Interval=	0.01 s
ExcelDateTime=	3.9777521231175859e+004	25/11/2008 12:30:34.373595
TimeFormat=	StartOfBlock
ChannelTitle=	Channel 1	Channel 2	Channel 3
Range=	20.000 mV	50.000 mV	1000.0 µV
0.0	-7.986	-0.456	1.3
0.01	-7.984	-4.138	12.9
0.02	-7.982	-7.677	49.4
0.03	-7.981	-10.489	69.7
0.04	-7.981	-12.481	78.2
0.05	-7.979	-13.472	81.1
0.06	-7.978	-13.380	69.1
0.07	-7.979	-12.609	42.6
0.08	-7.982	-11.584	14.3
0.09	-7.986	-10.358	-7.8
0.1	-7.991	-9.005	-24.2
0.11	-7.996	-8.308	-35.6
0.12	-8.002	-8.939	-33.9
0.13	-8.008	-10.531	-31.7
0.14	-8.010	-12.072	-43.8
0.15	-8.012	-12.905	-53.1
0.16	-8.014	-13.236	-50.6
0.17	-8.019	-13.338	-46.9
0.18	-8.026	-13.166	-41.3
0.19	-8.034	-12.819	-43.5
0.2	-8.044	-12.377	-52.7
0.21	-8.057	-11.709	-47.5
0.22	-8.071	-10.853	-37.5
0.23	-8.086	-9.908	-47.6
0.24	-8.101	-9.016	-52.0
0.25	-8.118	-8.530	-38.3
0.26	-8.134	-8.388	-36.9
0.27	-8.149	-8.070	-48.2
0.28	-8.164	-7.523	-47.7
0.29	-8.178	-7.333	-39.4
0.3	-8.191	-7.870	-39.1
0.31	-8.204	-8.917	-39.8
0.32	-8.217	-10.227	-42.0
0.33	-8.230	-11.830	-45.8
0.34	-8.242	-13.527	-41.4
0.35	-8.256	-14.678	-40.4
0.36	-8.269	-15.009	-43.8
0.37	-8.284	-14.897	-41.0
0.38	-8.301	-14.636	-39.8
0.39	-8.318	-14.253	-46.3
0.4	-8.335	-13.778	-43.2
0.41	-8.352	-13.208	-35.5
0.42	-8.368	-12.623	-37.4
0.43	-8.384	-12.217	-43.0
0.44	-8.399	-11.998	-45.3
0.45	-8.414	-11.809	-42.1
0.46	-8.429	-11.698	-38.9
0.47	-8.444	-11.806	-38.3
0.48	-8.459	-11.895	-33.2
0.49	-8.473	-11.680	-32.3
0.5	-8.486	-11.298	-37.8
0.51	-8.501	-10.950	-39.3
0.52	-8.515	-10.588	-35.7
0.53	-8.529	-10.156	-41.2
0.54	-8.544	-9.677	-35.0
0.55	-8.558	-9.166	-26.0
0.56	-8.573	-8.903	-39.3
0.57	-8.589	-9.328	-42.9
0.58	-8.605	-10.345	-32.4
0.59	-8.621	-11.495	-36.1
0.6	-8.639	-12.434	-39.9
0.61	-8.656	-12.756	-25.4
0.62	-8.676	-12.306	-6.8
0.63	-8.697	-11.486	4.4
0.64	-8.720	-10.891	4.9
0.65	-8.744	-10.747	-1.3
0.66	-8.768	-10.945	-16.8
0.67	-8.791	-11.472	-40.0
0.68	-8.813	-12.166	-45.9
0.69	-8.836	-12.636	-39.7
0.7	-8.859	-12.503	-34.9
0.71	-8.881	-11.664	-33.6
0.72	-8.903	-10.741	-30.8
0.73	-8.924	-10.352	-28.0
0.74	-8.946	-10.169	-32.0
0.75	-8.969	-9.811	-38.3
0.76	-8.996	-9.622	-42.9
0.77	-9.024	-9.881	-38.7
0.78	-9.049	-10.245	-9.6
0.79	-9.072	-10.550	106.0
0.8	-9.094	-11.103	275.3
0.81	-9.116	-11.850	316.1
0.82	-9.138	-12.413	175.4
0.83	-9.161	-12.563	2.5
0.84	-9.184	-12.406	-53.5
0.85	-9.204	-12.056	-38.3
0.86	-9.220	-11.525	-41.1
0.87	-9.230	-11.319	-46.7
0.88	-9.236	-11.527	-36.5
0.89	-9.241	-11.178	-29.9
0.9	-9.245	-9.792	-28.7
0.91	-9.250	-8.114	-22.8
0.92	-9.256	-7.078	-18.3
0.93	-9.261	-6.738	-17.4
0.94	-9.266	-6.005	-17.4
0.95	-9.273	-3.742	-19.4
0.96	-9.281	0.505	-14.4
0.97	-9.291	6.580	-10.8
0.98	-9.302	13.113	-13.3
0.99	-9.314	18.025	-11.5
1.0	-9.326	19.942	-1.7
1.01	-9.337	18.702	11.0
1.02	-9.348	15.009	19.2
1.03	-9.361	9.902	23.8
1.04	-9.374	4.612	30.9
1.05	-9.386	0.230	38.4
1.06	-9.399	-3.088	45.4
1.07	-9.412	-5.819	62.4
1.08	-9.424	-8.055	88.7
1.09	-9.436	-9.430	98.6
1.1	-9.449	-10.070	95.9
1.11	-9.461	-10.636	82.7
1.12	-9.476	-11.464	56.5
1.13	-9.494	-12.522	25.7
1.14	-9.511	-13.459	-3.5
1.15	-9.526	-13.639	-18.7
1.16	-9.540	-13.039	-22.0
1.17	-9.554	-12.447	-25.2
1.18	-9.568	-12.438	-33.1
1.19	-9.579	-13.028	-47.3
1.2	-9.589	-14.084	-52.9
1.21	-9.599	-15.233	-47.7
1.22	-9.607	-15.913	-48.3
1.23	-9.617	-16.022	-48.8
1.24	-9.627	-15.741	-35.9
1.25	-9.638	-14.827	-32.2
1.26	-9.648	-13.320	-45.7
1.27	-9.659	-11.967	-50.7
1.28	-9.669	-11.211	-41.8
1.29	-9.680	-10.695	-39.6
1.3	-9.691	-9.944	-43.3
1.31	-9.700	-9.045	-39.7
1.32	-9.708	-8.578	-36.6
1.33	-9.715	-9.022	-46.4
1.34	-9.721	-10.148	-51.2
1.35	-9.726	-11.230	-38.9
1.36	-9.732	-11.789	-36.4
1.37	-9.739	-11.817	-41.3
1.38	-9.748	-11.523	-34.4
1.39	-9.756	-11.144	-33.4
1.4	-9.763	-10.881	-42.7
1.41	-9.768	-10.969	-49.5
1.42	-9.772	-11.598	-45.1
1.43	-9.776	-12.567	-40.1
1.44	-9.779	-13.319	-35.6
1.45	-9.782	-13.622	-33.0
1.46	-9.786	-14.188	-35.6
1.47	-9.789	-15.253	-36.1
1.48	-9.791	-15.516	-30.4
1.49	-9.791	-14.547	-36.8
1.5	-9.791	-13.570	-46.8
1.51	-9.791	-13.211	-38.4
1.52	-9.789	-13.305	-33.3
1.53	-9.787	-13.678	-35.1
1.54	-9.785	-13.923	-30.4
1.55	-9.783	-13.755	-25.8
1.56	-9.782	-13.120	-26.9
1.57	-9.782	-12.145	-32.4
1.58	-9.783	-11.352	-30.4
1.59	-9.786	-11.125	-27.2
1.6	-9.791	-11.356	-23.2
1.61	-9.798	-11.602	-17.9
1.62	-9.807	-11.286	-6.6
1.63	-9.816	-10.559	15.7
1.64	-9.825	-10.541	24.0
1.65	-9.834	-11.698	10.3
1.66	-9.844	-13.031	-13.9
1.67	-9.855	-13.331	-39.2
1.68	-9.866	-12.534	-45.8
1.69	-9.878	-11.741	-41.3
1.7	-9.893	-11.678	-39.3
1.71	-9.908	-12.036	-35.5
1.72	-9.922	-12.570	-38.4
1.73	-9.935	-13.108	-43.8
1.74	-9.949	-13.148	-34.9
1.75	-9.966	-12.675	-27.4
1.76	-9.986	-12.170	-24.8
1.77	-10.006	-11.838	-37.6
1.78	-10.022	-11.633	-45.5
1.79	-10.034	-11.478	48.6
1.8	-10.041	-11.269	224.9
1.81	-10.046	-11.164	305.1
1.82	-10.049	-11.506	189.8
1.83	-10.053	-12.470	4.1
1.84	-10.056	-13.595	-68.4
1.85	-10.058	-13.889	-62.5
1.86	-10.053	-13.339	-45.2
1.87	-10.041	-12.942	-23.4
1.88	-10.019	-13.106	-26.3
1.89	-9.994	-13.439	-36.6
1.9	-9.969	-13.386	-28.5
1.91	-9.949	-12.550	-14.8
1.92	-9.934	-11.139	-16.0
1.93	-9.921	-9.695	-25.7
1.94	-9.908	-8.202	-18.1
1.95	-9.895	-6.188	-11.8
1.96	-9.881	-3.353	-13.2
1.97	-9.867	0.442	-8.0
1.98	-9.856	5.095	-0.5
1.99	-9.844	9.830	6.3
2.0	-9.833	13.475	10.9
2.01	-9.822	15.045	7.3
2.02	-9.811	14.128	8.5
2.03	-9.799	11.223	21.1
2.04	-9.787	7.189	36.2
2.05	-9.773	2.773	51.3
2.06	-9.758	-1.253	72.0
2.07	-9.742	-4.528	87.3
2.08	-9.725	-7.245	88.3
2.09	-9.708	-9.466	89.0
2.1	-9.694	-11.030	94.4
2.11	-9.688	-12.150	89.8
2.12	-9.692	-13.430	69.5
2.13	-9.701	-14.980	29.7
2.14	-9.703	-15.964	-7.2
2.15	-9.696	-15.645	-18.0
2.16	-9.687	-14.483	-26.1
2.17	-9.680	-13.725	-38.8
2.18	-9.671	-14.111	-52.0
2.19	-9.659	-15.294	-61.0
2.2	-9.646	-16.488	-60.0
2.21	-9.636	-17.378	-56.5
2.22	-9.627	-17.916	-53.0
2.23	-9.615	-17.714	-49.9
2.24	-9.601	-16.497	-40.4
2.25	-9.583	-14.567	-37.3
2.26	-9.564	-12.536	-43.4
2.27	-9.545	-10.920	-49.4
2.28	-9.526	-9.852	-45.9
2.29	-9.508	-9.052	-36.4
2.3	-9.488	-8.408	-32.8
2.31	-9.464	-8.220	-40.2
2.32	-9.438	-8.494	-38.1
2.33	-9.411	-8.989	-31.3
2.34	-9.383	-9.759	-45.4
2.35	-9.356	-10.544	-54.6
2.36	-9.330	-11.055	-43.5
2.37	-9.305	-11.723	-39.3
2.38	-9.281	-12.855	-43.4
2.39	-9.256	-14.053	-39.0
2.4	-9.232	-14.750	-36.6
2.41	-9.208	-14.953	-45.8
2.42	-9.183	-15.108	-49.6
2.43	-9.159	-15.164	-46.7
2.44	-9.134	-14.888	-43.2
2.45	-9.110	-14.628	-41.4
2.46	-9.088	-14.605	-41.8
2.47	-9.068	-14.486	-40.1
2.48	-9.048	-14.033	-38.5
2.49	-9.029	-13.158	-42.1
2.5	-9.011	-12.067	-45.2
2.51	-8.992	-11.392	-40.3
2.52	-8.974	-11.406	-32.1
2.53	-8.955	-11.781	-37.0
2.54	-8.938	-12.216	-44.6
2.55	-8.921	-12.447	-40.2
2.56	-8.906	-12.166	-31.7
2.57	-8.891	-11.442	-32.2
2.58	-8.876	-10.706	-37.3
2.59	-8.860	-10.377	-34.6
2.6	-8.846	-10.845	-24.4
2.61	-8.832	-12.102	-19.2
2.62	-8.818	-13.414	-15.6
2.63	-8.805	-14.100	-1.9
2.64	-8.793	-14.388	9.3
2.65	-8.779	-14.656	5.1
2.66	-8.766	-14.630	-3.2
2.67	-8.752	-14.092	-25.9
2.68	-8.739	-13.281	-47.8
2.69	-8.727	-12.586	-50.2
2.7	-8.715	-12.317	-41.3
2.71	-8.703	-12.564	-35.7
2.72	-8.692	-13.267	-41.7
2.73	-8.679	-14.028	-42.0
2.74	-8.667	-14.342	-38.6
2.75	-8.656	-14.189	-42.2
2.76	-8.649	-13.669	-47.2
2.77	-8.646	-12.889	-48.0
2.78	-8.643	-12.183	-45.9
2.79	-8.636	-11.778	-6.2
2.8	-8.625	-11.750	139.2
2.81	-8.611	-12.125	283.0
2.82	-8.596	-12.608	263.5
2.83	-8.582	-12.833	100.0
2.84	-8.572	-12.956	-39.4
2.85	-8.563	-13.150	-67.3
2.86	-8.553	-13.259	-47.9
2.87	-8.539	-13.470	-36.0
2.88	-8.524	-14.131	-34.2
2.89	-8.505	-14.873	-37.7
2.9	-8.486	-15.025	-46.5
2.91	-8.468	-14.477	-42.8
2.92	-8.451	-13.459	-28.0
2.93	-8.435	-12.178	-24.0
2.94	-8.419	-10.703	-21.5
2.95	-8.404	-8.738	-18.1
2.96	-8.390	-5.547	-19.2
2.97	-8.377	-0.509	-18.5
2.98	-8.366	6.075	-21.3
2.99	-8.356	12.514	-23.7
3.0	-8.346	16.530	-6.2
3.01	-8.337	16.959	4.5
3.02	-8.329	14.219	1.6
3.03	-8.321	9.691	9.0
3.04	-8.314	4.942	22.1
3.05	-8.308	0.916	27.4
3.06	-8.301	-2.205	33.4
3.07	-8.295	-4.750	54.0
3.08	-8.288	-7.220	72.3
3.09	-8.281	-9.852	74.2
3.1	-8.273	-12.217	81.9
3.11	-8.267	-13.459	85.4
3.12	-8.262	-13.525	67.2
3.13	-8.261	-13.505	40.5
3.14	-8.259	-14.177	15.6
3.15	-8.258	-14.784	-9.0
3.16	-8.255	-14.336	-31.3
3.17	-8.252	-13.156	-38.9
3.18	-8.251	-12.109	-36.3
3.19	-8.249	-12.105	-49.8
3.2	-8.245	-13.389	-62.7
3.21	-8.241	-14.661	-56.4
3.22	-8.238	-14.756	-46.0
3.23	-8.236	-14.047	-45.5
3.24	-8.234	-13.502	-49.6
3.25	-8.231	-13.553	-53.2
3.26	-8.228	-13.942	-53.3
3.27	-8.226	-14.233	-54.4
3.28	-8.223	-14.095	-48.9
3.29	-8.220	-13.256	-39.0
3.3	-8.217	-11.744	-46.2
3.31	-8.214	-9.611	-53.8
3.32	-8.210	-7.281	-39.6
3.33	-8.206	-6.127	-36.3
3.34	-8.201	-6.655	-46.5
3.35	-8.196	-8.033	-40.7
3.36	-8.191	-9.531	-40.6
3.37	-8.185	-10.653	-51.2
3.38	-8.179	-11.300	-47.1
3.39	-8.173	-11.972	-42.0
3.4	-8.168	-12.869	-44.6
3.41	-8.162	-13.536	-48.2
3.42	-8.158	-13.663	-50.3
3.43	-8.156	-13.450	-48.3
3.44	-8.159	-13.355	-38.3
3.45	-8.169	-13.478	-37.6
3.46	-8.182	-13.391	-42.7
3.47	-8.196	-12.938	-43.1
3.48	-8.211	-12.280	-41.2
3.49	-8.222	-11.156	-41.8
3.5	-8.229	-9.652	-43.8
3.51	-8.231	-8.725	-44.5
3.52	-8.228	-8.773	-38.4
3.53	-8.225	-8.942	-33.9
3.54	-8.222	-8.966	-40.4
3.55	-8.217	-9.494	-44.2
3.56	-8.212	-10.297	-41.6
3.57	-8.206	-10.748	-34.3
3.58	-8.199	-10.683	-28.0
3.59	-8.192	-10.153	-38.0
3.6	-8.186	-9.588	-37.5
3.61	-8.178	-9.622	-33.6
3.62	-8.171	-10.281	-46.4
3.63	-8.164	-11.066	-36.6
3.64	-8.157	-11.808	-26.6
3.65	-8.149	-12.536	-33.4
3.66	-8.142	-13.291	-22.1
3.67	-8.134	-13.927	-19.6
3.68	-8.128	-13.936	-22.6
3.69	-8.123	-13.136	-14.6
3.7	-8.117	-12.125	3.0
3.71	-8.114	-11.570	13.4
3.72	-8.109	-11.441	8.0
3.73	-8.105	-11.472	5.1
3.74	-8.100	-11.664	-11.4
3.75	-8.096	-11.823	-37.1
3.76	-8.093	-11.711	-49.8
3.77	-8.090	-11.561	-41.2
3.78	-8.087	-11.731	-29.5
3.79	-8.085	-12.178	-46.0
3.8	-8.083	-12.553	-50.3
3.81	-8.081	-12.591	-38.2
3.82	-8.079	-12.439	-36.5
3.83	-8.079	-12.469	-38.2
3.84	-8.082	-12.323	-39.0
3.85	-8.085	-11.498	-43.5
3.86	-8.086	-10.758	-2.3
3.87	-8.084	-11.013	148.6
3.88	-8.081	-11.844	290.9
3.89	-8.076	-12.316	273.4
3.9	-8.074	-12.361	117.8
3.91	-8.074	-12.620	-36.6
3.92	-8.078	-12.955	-70.1
3.93	-8.079	-12.708	-49.2
3.94	-8.078	-12.248	-44.6
3.95	-8.074	-12.219	-40.7
3.96	-8.070	-12.384	-31.9
3.97	-8.066	-12.370	-28.4
3.98	-8.062	-12.144	-34.7
3.99	-8.056	-11.588	-40.9
4.0	-8.050	-10.631	-35.2
4.01	-8.044	-9.164	-24.9
4.02	-8.039	-6.820	-27.0
4.03	-8.035	-3.202	-28.0
4.04	-8.031	2.247	-21.8
4.05	-8.029	8.975	-21.2
4.06	-8.028	14.833	-14.6
4.07	-8.027	18.016	-12.0
4.08	-8.026	18.150	-7.9
4.09	-8.027	15.666	1.8
4.1	-8.030	11.447	2.1
4.11	-8.034	6.834	-1.1
4.12	-8.037	2.516	8.7
4.13	-8.042	-1.531	25.7
4.14	-8.046	-4.620	34.2
4.15	-8.050	-6.719	44.4
4.16	-8.054	-9.044	65.6
4.17	-8.058	-11.363	81.9
4.18	-8.062	-12.503	83.4
4.19	-8.067	-12.677	66.1
4.2	-8.075	-12.572	42.6
4.21	-8.088	-12.363	27.0
4.22	-8.104	-12.063	5.5
4.23	-8.123	-11.531	-28.4
4.24	-8.145	-10.783	-38.8
4.25	-8.170	-10.311	-33.8
4.26	-8.197	-10.536	-37.6
4.27	-8.224	-11.389	-41.8
4.28	-8.249	-12.600	-45.5
4.29	-8.274	-13.744	-52.0
4.3	-8.301	-14.348	-47.1
4.31	-8.328	-14.305	-38.6
4.32	-8.355	-13.853	-42.7
4.33	-8.382	-13.270	-45.9
4.34	-8.408	-12.598	-46.6
4.35	-8.434	-11.755	-51.3
4.36	-8.459	-10.673	-53.2
4.37	-8.486	-9.422	-49.8
4.38	-8.512	-8.203	-43.9
4.39	-8.537	-7.183	-45.7
4.4	-8.563	-6.506	-49.0
4.41	-8.586	-6.248	-43.3
4.42	-8.609	-6.586	-36.3
4.43	-8.634	-7.898	-40.5
4.44	-8.659	-9.625	-39.7
4.45	-8.683	-10.570	-41.4
4.46	-8.708	-10.870	-45.2
4.47	-8.734	-11.394	-42.0
4.48	-8.759	-12.092	-40.6
4.49	-8.784	-12.431	-39.1
4.5	-8.808	-12.447	-40.8
4.51	-8.830	-12.628	-42.3
4.52	-8.853	-13.180	-41.0
4.53	-8.874	-13.695	-47.2
4.54	-8.896	-13.769	-38.5
4.55	-8.919	-13.483	-32.9
4.56	-8.941	-13.136	-39.5
4.57	-8.964	-12.767	-32.1
4.58	-8.985	-12.231	-28.1
4.59	-9.006	-11.586	-36.5
4.6	-9.026	-11.059	-45.2
4.61	-9.046	-10.952	-43.4
4.62	-9.064	-11.344	-38.6
4.63	-9.082	-11.775	-34.3
4.64	-9.101	-11.809	-25.7
4.65	-9.121	-11.709	-33.4
4.66	-9.140	-11.706	-29.6
4.67	-9.159	-11.547	-23.2
4.68	-9.178	-11.231	-32.5
4.69	-9.197	-11.177	-37.5
4.7	-9.216	-11.631	-39.6
4.71	-9.233	-12.294	-31.1
4.72	-9.251	-12.670	-17.6
4.73	-9.269	-12.448	-21.2
4.74	-9.287	-11.700	-21.4
4.75	-9.304	-11.086	-9.6
4.76	-9.321	-11.133	-8.6
4.77	-9.339	-11.566	-9.2
4.78	-9.357	-11.725	7.8
4.79	-9.375	-11.448	22.5
4.8	-9.392	-11.266	13.0
4.81	-9.407	-11.542	-18.6
4.82	-9.421	-11.852	-38.1
4.83	-9.434	-11.673	-40.4
4.84	-9.447	-11.147	-39.4
4.85	-9.461	-10.720	-36.6
4.86	-9.473	-10.541	-39.5
4.87	-9.486	-10.569	-42.4
4.88	-9.498	-10.916	-38.7
4.89	-9.510	-11.527	-34.3
4.9	-9.525	-12.102	-34.8
4.91	-9.542	-12.523	-37.8
4.92	-9.559	-12.759	-35.9
4.93	-9.571	-12.778	3.4
4.94	-9.582	-12.584	143.4
4.95	-9.591	-12.186	297.7
4.96	-9.598	-11.742	291.8
4.97	-9.603	-11.447	115.8
4.98	-9.609	-11.469	-36.4
4.99	-9.615	-12.084	-64.1
5.0	-9.618	-13.208	-45.0
5.01	-9.617	-14.030	-28.8
5.02	-9.613	-13.964	-28.8
5.03	-9.606	-13.497	-37.7
5.04	-9.599	-13.078	-33.8
5.05	-9.593	-12.425	-30.0
5.06	-9.589	-11.358	-36.3
5.07	-9.587	-10.177	-33.6
5.08	-9.586	-9.039	-17.3
5.09	-9.586	-7.322	-19.2
5.1	-9.587	-4.052	-25.9
5.11	-9.590	1.148	-9.3
5.12	-9.593	7.456	-2.7
5.13	-9.598	13.136	-7.4
5.14	-9.602	16.825	-5.4
5.15	-9.606	17.928	-6.2
5.16	-9.612	16.316	1.0
5.17	-9.618	12.816	12.1
5.18	-9.624	8.733	23.2
5.19	-9.631	4.898	32.4
5.2	-9.637	1.511	51.1
5.21	-9.643	-1.763	67.8
5.22	-9.648	-5.155	69.7
5.23	-9.654	-8.366	80.9
5.24	-9.661	-10.706	99.2
5.25	-9.668	-11.788	95.2
5.26	-9.677	-12.058	72.1
5.27	-9.688	-12.119	53.5
5.28	-9.702	-12.167	28.9
5.29	-9.715	-12.261	-7.9
5.3	-9.727	-12.325	-26.1
5.31	-9.738	-12.163	-25.8
5.32	-9.749	-11.814	-40.1
5.33	-9.758	-11.778	-59.8
5.34	-9.764	-12.681	-55.8
5.35	-9.770	-14.403	-47.9
5.36	-9.776	-15.938	-49.3
5.37	-9.783	-16.341	-57.3
5.38	-9.789	-15.600	-53.9
5.39	-9.794	-14.317	-41.4
5.4	-9.801	-12.989	-39.8
5.41	-9.808	-12.173	-48.3
5.42	-9.816	-12.166	-51.4
5.43	-9.824	-12.217	-42.9
5.44	-9.833	-11.348	-33.1
5.45	-9.843	-9.695	-41.1
5.46	-9.853	-8.255	-53.4
5.47	-9.860	-7.463	-48.3
5.48	-9.865	-7.048	-39.6
5.49	-9.870	-7.009	-39.8
5.5	-9.876	-7.564	-42.2
5.51	-9.884	-8.519	-42.7
5.52	-9.892	-9.481	-46.2
5.53	-9.899	-10.147	-50.2
5.54	-9.906	-10.344	-38.9
5.55	-9.914	-10.345	-36.2
5.56	-9.921	-10.784	-45.7
5.57	-9.927	-11.820	-46.8
5.58	-9.933	-12.736	-45.3
5.59	-9.939	-12.964	-39.9
5.6	-9.944	-12.923	-33.5
5.61	-9.949	-13.341	-37.9
5.62	-9.955	-13.922	-44.3
5.63	-9.962	-13.844	-44.4
5.64	-9.969	-13.466	-34.8
5.65	-9.975	-13.017	-35.1
5.66	-9.981	-12.214	-33.6
5.67	-9.987	-11.425	-31.9
5.68	-9.993	-10.625	-35.7
5.69	-10.000	-9.316	-37.8
5.7	-10.007	-7.680	-38.7
5.71	-10.014	-6.956	-34.6
5.72	-10.022	-7.559	-36.7
5.73	-10.029	-8.492	-28.2
5.74	-10.036	-9.455	-19.6
5.75	-10.043	-11.250	-33.6
5.76	-10.049	-13.772	-34.9
5.77	-10.055	-15.395	-25.8
5.78	-10.061	-15.328	-22.3
5.79	-10.066	-14.348	-14.1
5.8	-10.069	-13.072	7.5
5.81	-10.071	-11.520	14.3
5.82	-10.073	-10.147	3.5
5.83	-10.072	-9.611	-0.2
5.84	-10.069	-9.919	-11.0
5.85	-10.064	-10.675	-34.4
5.86	-10.057	-11.553	-44.4
5.87	-10.046	-12.309	-29.9
5.88	-10.031	-12.783	-14.3
5.89	-10.012	-12.836	-29.8
5.9	-9.988	-12.552	-46.7
5.91	-9.959	-12.256	-44.2
5.92	-9.927	-12.131	-36.9
5.93	-9.897	-12.194	-32.3
5.94	-9.873	-12.591	-31.6
5.95	-9.852	-13.281	-29.5
5.96	-9.829	-13.814	-29.9
5.97	-9.800	-13.934	0.1
5.98	-9.764	-13.756	132.8
5.99	-9.723	-13.494	274.7
6.0	-9.679	-13.181	262.0
6.01	-9.634	-12.683	91.3
6.02	-9.591	-12.166	-49.5
6.03	-9.547	-12.025	-68.7
6.04	-9.504	-12.434	-52.6
6.05	-9.461	-12.897	-34.4
6.06	-9.412	-12.711	-30.9
6.07	-9.361	-12.259	-34.3
6.08	-9.311	-12.172	-25.3
6.09	-9.263	-12.173	-18.3
6.1	-9.219	-11.838	-11.9
6.11	-9.178	-11.086	-13.1
6.12	-9.138	-10.120	-19.6
6.13	-9.099	-9.044	-23.5
6.14	-9.064	-7.375	-16.7
6.15	-9.031	-4.223	-7.0
6.16	-9.000	0.770	-3.4
6.17	-8.971	6.656	-3.3
6.18	-8.943	11.581	-7.3
6.19	-8.917	14.059	4.6
6.2	-8.893	13.886	21.1
6.21	-8.871	11.911	23.4
6.22	-8.851	8.945	31.4
6.23	-8.832	5.400	37.4
6.24	-8.813	1.695	56.8
6.25	-8.794	-1.858	79.0
6.26	-8.774	-5.102	82.0
6.27	-8.754	-7.927	87.0
6.28	-8.736	-10.355	95.8
6.29	-8.719	-12.373	98.0
6.3	-8.706	-13.953	81.3
6.31	-8.695	-15.052	41.5
6.32	-8.686	-15.347	16.2
6.33	-8.676	-14.573	-2.7
6.34	-8.664	-13.200	-27.0
6.35	-8.654	-12.028	-42.7
6.36	-8.644	-11.488	-52.9
6.37	-8.634	-11.859	-53.9
6.38	-8.622	-13.113	-54.7
6.39	-8.610	-14.613	-57.6
6.4	-8.600	-15.736	-53.3
6.41	-8.591	-16.144	-53.4
6.42	-8.584	-15.692	-52.9
6.43	-8.577	-14.517	-55.1
6.44	-8.571	-12.927	-51.4
6.45	-8.564	-11.259	-40.6
6.46	-8.558	-10.070	-40.7
6.47	-8.551	-9.813	-47.4
6.48	-8.543	-9.884	-43.6
6.49	-8.535	-9.569	-34.2
6.5	-8.526	-9.220	-38.6
6.51	-8.519	-9.075	-39.8
6.52	-8.511	-8.889	-38.3
6.53	-8.503	-8.772	-53.5
6.54	-8.495	-9.155	-48.8
6.55	-8.486	-10.153	-33.6
6.56	-8.478	-11.453	-33.3
6.57	-8.471	-12.641	-35.4
6.58	-8.464	-13.297	-42.8
6.59	-8.457	-13.458	-51.0
6.6	-8.451	-13.666	-49.8
6.61	-8.445	-13.977	-42.6
6.62	-8.439	-13.753	-44.5
6.63	-8.433	-12.872	-47.5
6.64	-8.427	-12.106	-34.4
6.65	-8.420	-11.728	-32.6
6.66	-8.412	-11.386	-34.3
6.67	-8.406	-11.294	-42.3
6.68	-8.401	-11.606	-49.8
6.69	-8.396	-11.853	-38.3
6.7	-8.390	-11.841	-33.3
6.71	-8.384	-11.861	-39.0
6.72	-8.379	-11.963	-37.3
6.73	-8.373	-12.016	-39.8
6.74	-8.368	-12.214	-41.1
6.75	-8.363	-12.569	-27.6
6.76	-8.359	-12.791	-22.9
6.77	-8.354	-12.745	-30.7
6.78	-8.349	-12.239	-36.8
6.79	-8.345	-11.464	-36.0
6.8	-8.340	-11.233	-32.3
6.81	-8.335	-11.648	-36.6
6.82	-8.331	-12.145	-32.4
6.83	-8.326	-12.602	-23.5
6.84	-8.321	-12.706	-18.6
6.85	-8.314	-12.113	-16.0
6.86	-8.309	-11.416	-15.8
6.87	-8.304	-11.225	-8.7
6.88	-8.301	-11.380	16.5
6.89	-8.298	-11.442	32.1
6.9	-8.295	-11.386	11.5
6.91	-8.291	-11.370	-23.7
6.92	-8.287	-11.391	-39.3
6.93	-8.282	-11.405	-48.5
6.94	-8.277	-10.998	-53.9
6.95	-8.273	-10.314	-42.8
6.96	-8.267	-10.013	-33.1
6.97	-8.262	-10.092	-32.1
6.98	-8.258	-10.456	-25.7
6.99	-8.253	-11.069	-25.5
7.0	-8.252	-11.567	-40.8
7.01	-8.252	-11.794	-51.8
7.02	-8.253	-11.909	-47.0
7.03	-8.251	-11.938	-3.8
7.04	-8.246	-11.967	132.1
7.05	-8.238	-12.200	281.0
7.06	-8.229	-12.467	287.2
7.07	-8.223	-12.384	142.4
7.08	-8.219	-11.914	-13.7
7.09	-8.219	-11.445	-67.8
7.1	-8.218	-11.325	-53.3
7.11	-8.215	-11.539	-38.1
7.12	-8.209	-12.044	-40.4
7.13	-8.201	-12.470	-41.9
7.14	-8.194	-12.189	-27.3
7.15	-8.186	-11.519	-26.8
7.16	-8.176	-11.184	-37.5
7.17	-8.166	-11.056	-33.5
7.18	-8.156	-10.572	-23.8
7.19	-8.148	-8.997	-19.9
7.2	-8.141	-5.450	-18.7
7.21	-8.135	0.306	-21.3
7.22	-8.129	7.316	-19.3
7.23	-8.123	13.620	-12.6
7.24	-8.118	17.558	-11.4
7.25	-8.114	18.773	-13.9
7.26	-8.112	17.323	-8.3
7.27	-8.110	13.509	8.7
7.28	-8.109	8.603	23.0
7.29	-8.108	3.614	22.1
7.3	-8.107	-1.122	24.1
7.31	-8.107	-5.034	42.7
7.32	-8.106	-7.775	60.4
7.33	-8.106	-9.625	64.5
7.34	-8.104	-10.872	72.5
7.35	-8.103	-11.548	79.3
7.36	-8.102	-11.658	75.6
7.37	-8.102	-11.406	59.2
7.38	-8.104	-11.030	31.9
7.39	-8.109	-10.488	-5.0
7.4	-8.112	-9.772	-27.9
7.41	-8.115	-9.223	-28.9
7.42	-8.118	-9.502	-34.3
7.43	-8.121	-10.655	-39.5
7.44	-8.124	-12.050	-36.6
7.45	-8.124	-13.547	-40.5
7.46	-8.124	-14.873	-42.1
7.47	-8.124	-15.081	-42.4
7.48	-8.126	-14.256	-51.8
7.49	-8.129	-13.377	-54.6
7.5	-8.131	-12.741	-44.0
7.51	-8.134	-12.113	-32.8
7.52	-8.138	-11.231	-38.0
7.53	-8.141	-10.270	-51.9
7.54	-8.145	-9.794	-50.7
7.55	-8.148	-9.956	-46.6
7.56	-8.151	-9.889	-45.1
7.57	-8.154	-8.691	-42.9
7.58	-8.156	-7.695	-43.8
7.59	-8.159	-8.466	-44.3
7.6	-8.161	-10.091	-40.9
7.61	-8.163	-11.072	-37.3
7.62	-8.166	-11.016	-34.4
7.63	-8.168	-10.347	-36.4
7.64	-8.170	-9.852	-40.0
7.65	-8.172	-10.106	-45.7
7.66	-8.176	-10.786	-43.8
7.67	-8.179	-11.163	-31.7
7.68	-8.182	-11.134	-29.2
7.69	-8.184	-11.322	-40.8
7.7	-8.188	-11.830	-46.6
7.71	-8.190	-12.220	-42.0
7.72	-8.193	-12.509	-33.5
7.73	-8.196	-12.488	-32.1
7.74	-8.200	-11.875	-36.5
7.75	-8.204	-11.042	-32.0
7.76	-8.207	-10.459	-30.8
7.77	-8.212	-10.423	-34.5
7.78	-8.216	-10.808	-31.5
7.79	-8.221	-11.166	-30.8
7.8	-8.227	-11.322	-31.2
7.81	-8.234	-11.398	-30.9
7.82	-8.242	-11.550	-29.4
7.83	-8.252	-11.661	-33.2
7.84	-8.265	-11.631	-32.0
7.85	-8.279	-11.538	-19.0
7.86	-8.297	-11.284	-19.6
7.87	-8.316	-10.784	-29.9
7.88	-8.339	-10.248	-26.1
7.89	-8.363	-10.120	-22.1
7.9	-8.390	-10.311	-25.0
7.91	-8.418	-10.494	-28.3
7.92	-8.447	-10.686	-25.0
7.93	-8.478	-10.944	-24.1
7.94	-8.506	-11.227	-20.1
7.95	-8.533	-11.305	-8.8
7.96	-8.560	-11.248	-5.5
7.97	-8.589	-11.286	-7.5
7.98	-8.618	-11.288	-4.5
7.99	-8.647	-11.175	12.1
8.0	-8.676	-11.058	22.8
8.01	-8.704	-11.097	20.3
8.02	-8.730	-11.336	10.1
8.03	-8.755	-11.634	-18.4
8.04	-8.779	-11.886	-31.1
8.05	-8.804	-11.958	-29.1
8.06	-8.828	-11.927	-31.6
8.07	-8.852	-12.077	-33.8
8.08	-8.875	-12.141	-42.0
8.09	-8.899	-11.545	-37.3
8.1	-8.921	-10.578	-18.8
8.11	-8.943	-9.973	-22.2
8.12	-8.966	-9.412	-33.1
8.13	-8.991	-8.773	-31.4
8.14	-9.016	-9.063	-29.3
8.15	-9.039	-10.169	4.1
8.16	-9.061	-11.192	148.2
8.17	-9.082	-11.980	308.4
8.18	-9.103	-12.427	304.4
8.19	-9.121	-12.377	142.7
8.2	-9.141	-11.947	-13.3
8.21	-9.162	-11.638	-57.2
8.22	-9.180	-11.761	-37.8
8.23	-9.194	-11.894	-28.5
8.24	-9.206	-11.780	-35.0
8.25	-9.214	-11.698	-39.0
8.26	-9.221	-11.561	-31.0
8.27	-9.229	-11.095	-22.3
8.28	-9.236	-10.661	-22.8
8.29	-9.242	-10.586	-22.9
8.3	-9.249	-10.436	-14.8
8.31	-9.257	-9.245	-15.1
8.32	-9.266	-6.006	-22.7
8.33	-9.277	-0.350	-18.0
8.34	-9.289	6.881	-10.6
8.35	-9.301	13.484	-5.8
8.36	-9.313	17.303	-1.3
8.37	-9.326	17.992	7.9
8.38	-9.339	16.531	15.4
8.39	-9.352	13.631	9.8
8.4	-9.364	9.498	14.7
8.41	-9.378	4.592	27.4
8.42	-9.393	-0.331	36.7
8.43	-9.408	-4.694	58.6
8.44	-9.422	-8.230	78.9
8.45	-9.435	-10.806	87.2
8.46	-9.447	-12.364	101.3
8.47	-9.459	-12.905	96.2
8.48	-9.472	-12.466	79.3
8.49	-9.487	-11.459	57.5
8.5	-9.504	-10.552	22.6
8.51	-9.524	-9.928	-2.7
8.52	-9.541	-9.323	-13.3
8.53	-9.558	-8.638	-19.0
8.54	-9.573	-8.372	-31.2
8.55	-9.589	-9.177	-48.4
8.56	-9.602	-10.959	-44.0
8.57	-9.613	-12.853	-28.6
8.58	-9.623	-14.267	-33.8
8.59	-9.633	-15.225	-45.2
8.6	-9.644	-15.536	-50.3
8.61	-9.655	-15.080	-49.9
8.62	-9.666	-14.244	-41.3
8.63	-9.679	-13.216	-40.7
8.64	-9.692	-11.795	-46.1
8.65	-9.704	-10.166	-44.0
8.66	-9.717	-8.948	-37.5
8.67	-9.729	-8.352	-39.3
8.68	-9.742	-8.169	-39.6
8.69	-9.752	-8.291	-37.4
8.7	-9.760	-8.780	-38.4
8.71	-9.768	-9.648	-42.0
8.72	-9.775	-10.684	-44.2
8.73	-9.783	-11.539	-38.8
8.74	-9.793	-12.286	-36.3
8.75	-9.803	-13.217	-40.8
8.76	-9.813	-13.583	-38.1
8.77	-9.822	-12.817	-35.6
8.78	-9.834	-12.228	-34.4
8.79	-9.845	-12.309	-35.3
8.8	-9.854	-11.828	-43.1
8.81	-9.863	-10.684	-38.5
8.82	-9.874	-9.922	-30.4
8.83	-9.886	-9.823	-31.9
8.84	-9.898	-10.380	-29.2
8.85	-9.908	-11.730	-29.6
8.86	-9.918	-12.930	-36.3
8.87	-9.927	-13.138	-47.8
8.88	-9.936	-12.941	-34.3
8.89	-9.945	-12.628	-16.9
8.9	-9.954	-12.141	-31.3
8.91	-9.963	-12.089	-34.1
8.92	-9.971	-12.573	-25.9
8.93	-9.979	-12.902	-24.6
8.94	-9.988	-12.603	-26.9
8.95	-9.996	-11.858	-35.1
8.96	-10.006	-11.389	-31.1
8.97	-10.016	-11.439	-18.2
8.98	-10.026	-11.492	-13.9
8.99	-10.034	-11.330	-27.3
9.0	-10.040	-11.216	-29.1
9.01	-10.045	-11.380	-17.4
9.02	-10.051	-11.705	-13.9
9.03	-10.056	-11.905	-12.3
9.04	-10.064	-12.008	-2.2
9.05	-10.073	-12.236	13.8
9.06	-10.080	-12.548	23.1
9.07	-10.088	-12.425	15.2
9.08	-10.095	-11.861	-2.3
9.09	-10.101	-11.505	-23.2
9.1	-10.106	-11.336	-38.8
9.11	-10.110	-11.148	-35.8
9.12	-10.115	-11.144	-25.5
9.13	-10.120	-11.319	-20.9
9.14	-10.125	-11.531	-32.4
9.15	-10.130	-11.750	-47.3
9.16	-10.134	-11.978	-30.4
9.17	-10.141	-12.153	-15.3
9.18	-10.151	-12.205	-27.6
9.19	-10.166	-12.041	-42.8
9.2	-10.184	-11.688	-34.6
9.21	-10.199	-11.708	-5.6
9.22	-10.209	-12.389	77.6
9.23	-10.213	-13.128	228.1
9.24	-10.215	-13.402	295.5
9.25	-10.217	-13.377	180.0
9.26	-10.219	-13.067	11.0
9.27	-10.223	-12.233	-56.4
9.28	-10.226	-11.522	-49.3
9.29	-10.226	-11.445	-39.2
9.3	-10.221	-11.300	-24.0
9.31	-10.208	-11.778	-18.0
9.32	-10.189	-12.917	-24.4
9.33	-10.172	-12.194	-21.7
9.34	-10.161	-10.750	-15.6
9.35	-10.153	-11.013	-24.7
9.36	-10.146	-11.767	-27.8
9.37	-10.139	-11.986	-7.2
9.38	-10.129	-11.416	1.4
9.39	-10.119	-9.473	-7.8
9.4	-10.109	-5.839	-4.1
9.41	-10.099	-0.458	3.6
9.42	-10.091	5.961	0.3
9.43	-10.082	11.313	-1.3
9.44	-10.073	14.397	4.9
9.45	-10.064	15.263	16.6
9.46	-10.056	13.891	31.6
9.47	-10.046	10.694	41.6
9.48	-10.034	6.242	57.6
9.49	-10.020	1.373	71.7
9.5	-10.003	-3.223	81.7
9.51	-9.982	-6.942	88.2
9.52	-9.961	-9.419	90.2
9.53	-9.938	-10.825	96.7
9.54	-9.918	-11.522	87.9
9.55	-9.904	-12.005	68.4
9.56	-9.897	-12.200	42.6
9.57	-9.888	-11.834	1.9
9.58	-9.870	-11.286	-23.4
9.59	-9.848	-11.155	-30.3
9.6	-9.825	-11.586	-39.8
9.61	-9.801	-12.284	-45.4
9.62	-9.773	-13.373	-48.8
9.63	-9.744	-14.881	-63.7
9.64	-9.715	-15.892	-67.2
9.65	-9.688	-15.934	-58.3
9.66	-9.661	-15.286	-57.3
9.67	-9.634	-14.336	-50.2
9.68	-9.607	-13.297	-31.7
9.69	-9.580	-12.003	-31.3
9.7	-9.552	-10.627	-40.3
9.71	-9.524	-9.323	-41.2
9.72	-9.498	-8.209	-39.5
9.73	-9.471	-7.730	-40.8
9.74	-9.443	-7.828	-40.9
9.75	-9.414	-8.009	-37.7
9.76	-9.383	-8.120	-39.7
9.77	-9.352	-8.606	-44.4
9.78	-9.322	-9.483	-43.6
9.79	-9.293	-10.138	-41.0
9.8	-9.266	-10.680	-36.0
9.81	-9.239	-11.575	-38.3
9.82	-9.213	-12.494	-47.5
9.83	-9.187	-12.973	-43.6
9.84	-9.162	-13.025	-39.2
9.85	-9.138	-12.747	-47.1
9.86	-9.115	-12.359	-48.1
9.87	-9.092	-12.098	-49.5
9.88	-9.069	-11.822	-44.7
9.89	-9.047	-11.450	-35.7
9.9	-9.027	-11.258	-38.7
9.91	-9.006	-11.336	-38.5
9.92	-8.987	-11.584	-33.6
9.93	-8.967	-11.856	-41.0
9.94	-8.949	-11.975	-55.0
9.95	-8.931	-12.059	-46.7
9.96	-8.915	-12.248	-33.9
9.97	-8.901	-12.419	-40.0
9.98	-8.886	-12.513	-41.7
9.99	-8.872	-12.442	-30.4
10.0	-8.858	-12.128	-27.1
10.01	-8.844	-11.716	-36.2
10.02	-8.831	-11.230	-37.5
10.03	-8.818	-10.652	-37.8
10.04	-8.804	-10.267	-38.2
10.05	-8.792	-10.316	-37.9
10.06	-8.779	-10.652	-37.1
10.07	-8.766	-10.969	-32.0
10.08	-8.753	-11.133	-25.7
10.09	-8.741	-11.311	-20.7
10.1	-8.728	-11.544	-14.5
10.11	-8.716	-11.661	-12.4
10.12	-8.705	-11.723	-6.0
10.13	-8.695	-11.852	5.1
10.14	-8.684	-12.041	-0.6
10.15	-8.674	-12.253	-7.8
10.16	-8.662	-12.289	-12.3
10.17	-8.650	-11.958	-27.8
10.18	-8.638	-11.423	-37.8
10.19	-8.627	-11.084	-36.6
10.2	-8.616	-11.208	-38.2
10.21	-8.606	-11.602	-40.6
10.22	-8.594	-11.916	-42.5
10.23	-8.581	-11.916	-46.3
10.24	-8.569	-11.778	-49.1
10.25	-8.557	-11.986	-47.1
10.26	-8.548	-12.267	-34.0
10.27	-8.543	-12.141	-24.7
10.28	-8.539	-11.967	-31.0
10.29	-8.533	-12.105	-34.2
10.3	-8.521	-12.309	56.8
10.31	-8.506	-12.325	223.9
10.32	-8.492	-12.317	290.5
10.33	-8.478	-12.572	184.7
10.34	-8.467	-12.908	20.7
10.35	-8.457	-12.853	-53.7
10.36	-8.448	-12.611	-54.6
10.37	-8.438	-12.716	-48.3
10.38	-8.424	-12.966	-43.1
10.39	-8.407	-13.152	-41.9
10.4	-8.389	-13.261	-36.7
10.41	-8.372	-12.984	-36.8
10.42	-8.353	-12.522	-35.8
10.43	-8.334	-12.266	-28.8
10.44	-8.316	-11.881	-23.9
10.45	-8.299	-10.878	-18.6
10.46	-8.283	-8.930	-18.1
10.47	-8.268	-5.375	-22.5
10.48	-8.254	0.306	-22.6
10.49	-8.241	6.952	-18.8
10.5	-8.229	12.355	-20.8
10.51	-8.217	15.366	-11.9
10.52	-8.206	15.703	3.5
10.53	-8.196	13.606	3.4
10.54	-8.186	10.048	3.9
10.55	-8.178	5.717	9.0
10.56	-8.169	1.102	28.7
10.57	-8.161	-3.023	46.3
10.58	-8.154	-6.164	49.8
10.59	-8.147	-8.534	67.1
10.6	-8.140	-10.531	86.0
10.61	-8.133	-12.038	88.5
10.62	-8.126	-12.917	77.7
10.63	-8.119	-13.236	50.4
10.64	-8.115	-13.003	22.7
10.65	-8.112	-12.241	1.3
10.66	-8.110	-11.181	-19.2
10.67	-8.108	-10.438	-31.4
10.68	-8.106	-10.359	-43.5
10.69	-8.104	-10.755	-46.3
10.7	-8.103	-11.722	-43.9
10.71	-8.101	-13.292	-59.2
10.72	-8.099	-14.964	-59.9
10.73	-8.099	-16.230	-44.4
10.74	-8.102	-16.739	-50.2
10.75	-8.107	-16.483	-56.8
10.76	-8.114	-15.872	-50.3
10.77	-8.120	-15.091	-57.5
10.78	-8.125	-13.986	-64.6
10.79	-8.127	-12.652	-51.9
10.8	-8.129	-11.483	-37.4
10.81	-8.132	-10.859	-34.3
10.82	-8.134	-10.663	-40.7
10.83	-8.136	-10.425	-44.5
10.84	-8.137	-10.223	-41.5
10.85	-8.137	-10.373	-41.6
10.86	-8.136	-10.723	-50.3
10.87	-8.136	-11.170	-60.8
10.88	-8.136	-11.714	-53.3
10.89	-8.136	-12.172	-33.9
10.9	-8.136	-12.483	-30.3
10.91	-8.136	-12.755	-43.8
10.92	-8.135	-13.167	-51.8
10.93	-8.135	-13.603	-51.6
10.94	-8.135	-13.897	-47.3
10.95	-8.135	-14.223	-45.2
10.96	-8.135	-14.263	-43.8
10.97	-8.135	-13.606	-35.4
10.98	-8.135	-12.594	-32.8
10.99	-8.136	-11.519	-42.5
11.0	-8.136	-10.552	-54.3
11.01	-8.137	-10.117	-54.3
11.02	-8.138	-10.316	-34.1
11.03	-8.140	-10.813	-21.7
11.04	-8.141	-11.441	-35.1
11.05	-8.143	-12.041	-44.7
11.06	-8.143	-12.198	-36.8
11.07	-8.143	-11.948	-34.6
11.08	-8.143	-11.838	-43.0
11.09	-8.143	-12.031	-40.9
11.1	-8.144	-12.280	-29.0
11.11	-8.143	-12.398	-29.0
11.12	-8.143	-12.458	-34.8
11.13	-8.143	-12.423	-31.1
11.14	-8.144	-12.100	-31.4
11.15	-8.144	-11.783	-34.2
11.16	-8.146	-11.897	-34.6
11.17	-8.148	-12.258	-34.9
11.18	-8.151	-12.448	-29.6
11.19	-8.152	-12.353	-25.1
11.2	-8.155	-11.808	-25.0
11.21	-8.157	-10.911	-32.9
11.22	-8.159	-10.463	-35.9
11.23	-8.160	-10.755	-27.2
11.24	-8.161	-11.233	-20.8
11.25	-8.162	-11.522	-28.6
11.26	-8.164	-11.622	-34.1
11.27	-8.166	-11.638	-23.4
11.28	-8.168	-11.517	-25.3
11.29	-8.169	-11.045	-30.9
11.3	-8.171	-10.536	-18.5
11.31	-8.173	-10.528	-8.9
11.32	-8.176	-10.927	-5.9
11.33	-8.179	-11.542	2.1
11.34	-8.182	-12.309	15.3
11.35	-8.185	-12.759	20.8
11.36	-8.188	-12.628	4.9
11.37	-8.191	-12.419	-15.2
11.38	-8.193	-12.519	-27.3
11.39	-8.195	-12.581	-41.6
11.4	-8.197	-12.417	-47.0
11.41	-8.200	-12.372	-38.1
11.42	-8.203	-12.577	-32.2
11.43	-8.206	-12.655	-34.0
11.44	-8.209	-12.306	-36.8
11.45	-8.213	-12.008	-36.0
11.46	-8.217	-12.145	-28.8
11.47	-8.226	-12.272	-35.3
11.48	-8.238	-12.153	-42.9
11.49	-8.251	-11.914	-32.2
11.5	-8.258	-11.700	-8.8
11.51	-8.260	-11.681	99.1
11.52	-8.259	-11.559	249.6
11.53	-8.256	-11.267	277.0
11.54	-8.254	-11.336	165.7
11.55	-8.255	-11.586	13.3
11.56	-8.261	-11.573	-52.9
11.57	-8.269	-11.409	-42.7
11.58	-8.272	-11.459	-33.7
11.59	-8.269	-11.959	-31.7
11.6	-8.264	-12.539	-35.9
11.61	-8.261	-12.878	-32.0
11.62	-8.258	-13.119	-29.5
11.63	-8.255	-13.164	-35.1
11.64	-8.253	-12.633	-30.8
11.65	-8.254	-11.041	-22.6
11.66	-8.258	-8.866	-19.7
11.67	-8.264	-5.753	-21.3
11.68	-8.274	-0.056	-24.3
11.69	-8.289	7.170	-23.7
11.7	-8.309	13.811	-16.5
11.71	-8.336	18.323	-14.3
11.72	-8.368	19.378	-19.9
11.73	-8.403	17.283	-12.1
11.74	-8.438	13.280	2.3
11.75	-8.473	8.534	4.1
11.76	-8.508	3.766	8.4
11.77	-8.542	-0.738	20.0
11.78	-8.573	-4.714	31.5
11.79	-8.603	-7.888	42.9
11.8	-8.630	-10.075	52.7
11.81	-8.657	-11.245	60.0
11.82	-8.683	-11.478	64.8
11.83	-8.707	-11.217	69.9
11.84	-8.731	-10.927	67.3
11.85	-8.754	-10.272	47.7
11.86	-8.779	-9.003	21.7
11.87	-8.804	-7.955	-7.3
11.88	-8.827	-7.813	-24.8
11.89	-8.849	-8.309	-31.9
11.9	-8.871	-9.239	-40.6
11.91	-8.893	-10.766	-49.2
11.92	-8.912	-12.838	-50.8
11.93	-8.931	-14.919	-40.9
11.94	-8.949	-16.128	-39.8
11.95	-8.965	-16.145	-40.3
11.96	-8.982	-15.661	-45.7
11.97	-8.999	-15.063	-50.9
11.98	-9.016	-14.181	-37.9
11.99	-9.035	-13.013	-40.4
12.0	-9.055	-11.678	-53.4
12.01	-9.076	-10.444	-51.0
12.02	-9.098	-9.563	-45.2
12.03	-9.117	-9.083	-42.8
12.04	-9.135	-9.011	-42.5
12.05	-9.152	-9.408	-44.1
12.06	-9.169	-10.142	-48.5
12.07	-9.184	-10.869	-45.8
12.08	-9.201	-11.350	-35.5
12.09	-9.216	-11.591	-34.8
12.1	-9.232	-11.784	-36.1
12.11	-9.246	-12.194	-38.1
12.12	-9.261	-12.775	-40.6
12.13	-9.276	-13.180	-42.1
12.14	-9.290	-13.334	-42.6
12.15	-9.304	-13.383	-41.3
12.16	-9.319	-13.272	-42.3
12.17	-9.332	-13.066	-40.7
12.18	-9.346	-12.823	-30.8
12.19	-9.359	-12.513	-21.1
12.2	-9.373	-12.427	-31.4
12.21	-9.386	-12.644	-50.4
12.22	-9.399	-12.697	-44.0
12.23	-9.411	-12.375	-34.0
12.24	-9.422	-12.078	-35.3
12.25	-9.434	-11.795	-30.7
12.26	-9.444	-11.094	-33.7
12.27	-9.456	-10.217	-34.4
12.28	-9.466	-9.931	-32.3
12.29	-9.476	-10.456	-30.2
12.3	-9.486	-11.050	-18.6
12.31	-9.495	-11.142	-29.5
12.32	-9.504	-11.078	-40.7
12.33	-9.513	-10.967	-32.8
12.34	-9.521	-10.658	-30.1
12.35	-9.529	-10.305	-26.2
12.36	-9.536	-10.139	-33.9
12.37	-9.544	-10.314	-34.9
12.38	-9.551	-10.425	-18.9
12.39	-9.558	-10.266	-19.8
12.4	-9.564	-10.342	-28.3
12.41	-9.571	-10.686	-24.9
12.42	-9.577	-10.663	-17.8
12.43	-9.583	-10.458	-24.9
12.44	-9.589	-10.839	-35.1
12.45	-9.595	-11.528	-29.2
12.46	-9.601	-11.803	-19.6
12.47	-9.606	-11.323	-14.8
12.48	-9.611	-10.400	-14.6
12.49	-9.616	-9.833	-5.6
12.5	-9.623	-9.884	14.5
12.51	-9.631	-10.256	23.7
12.52	-9.639	-10.594	19.3
12.53	-9.648	-10.863	1.5
12.54	-9.655	-11.336	-18.1
12.55	-9.661	-11.953	-31.1
12.56	-9.668	-12.311	-36.4
12.57	-9.674	-12.270	-34.6
12.58	-9.682	-11.811	-33.4
12.59	-9.689	-11.052	-30.4
12.6	-9.694	-10.625	-32.1
12.61	-9.699	-10.880	-28.9
12.62	-9.704	-11.213	-29.9
12.63	-9.710	-11.013	-38.9
12.64	-9.718	-10.623	-30.6
12.65	-9.731	-10.522	-32.3
12.66	-9.744	-10.478	-37.5
12.67	-9.754	-10.369	-11.1
12.68	-9.761	-10.492	78.6
12.69	-9.764	-10.683	233.9
12.7	-9.766	-10.613	311.9
12.71	-9.768	-10.634	193.6
12.72	-9.769	-10.669	8.8
12.73	-9.772	-10.266	-53.4
12.74	-9.776	-9.970	-38.6
12.75	-9.777	-10.300	-35.8
12.76	-9.773	-10.886	-36.3
12.77	-9.762	-11.344	-32.2
12.78	-9.748	-11.670	-25.6
12.79	-9.736	-11.955	-29.4
12.8	-9.729	-12.148	-33.8
12.81	-9.723	-12.080	-21.5
12.82	-9.718	-11.497	-14.1
12.83	-9.713	-10.248	-19.2
12.84	-9.708	-8.283	-21.6
12.85	-9.703	-5.155	-15.3
12.86	-9.701	-0.414	-6.2
12.87	-9.699	5.577	-1.7
12.88	-9.700	11.458	-2.2
12.89	-9.701	15.366	-2.7
12.9	-9.701	16.291	4.5
12.91	-9.702	14.648	17.1
12.92	-9.704	11.463	23.8
12.93	-9.705	7.283	23.2
12.94	-9.706	2.702	32.6
12.95	-9.705	0.456	51.7
12.96	-9.703	-0.163	73.3
12.97	-9.702	-3.170	96.1
12.98	-9.701	-7.947	104.2
12.99	-9.701	-11.656	89.1
13.0	-9.701	-13.230	79.3
13.01	-9.703	-13.200	80.8
13.02	-9.707	-12.811	53.7
13.03	-9.711	-12.498	10.6
13.04	-9.714	-11.806	-15.1
13.05	-9.714	-10.898	-29.3
13.06	-9.713	-10.227	-41.0
13.07	-9.712	-10.103	-48.7
13.08	-9.709	-10.780	-50.8
13.09	-9.703	-12.073	-46.0
13.1	-9.696	-13.627	-45.7
13.11	-9.690	-15.044	-56.4
13.12	-9.684	-15.752	-64.3
13.13	-9.677	-15.392	-65.7
13.14	-9.668	-14.125	-56.0
13.15	-9.657	-12.491	-45.2
13.16	-9.644	-11.014	-45.5
13.17	-9.632	-9.842	-35.8
13.18	-9.619	-8.994	-33.1
13.19	-9.606	-8.434	-45.4
13.2	-9.591	-7.877	-45.2
13.21	-9.571	-7.383	-42.4
13.22	-9.547	-7.269	-51.5
13.23	-9.521	-7.480	-49.4
13.24	-9.494	-7.970	-27.7
13.25	-9.469	-8.891	-28.2
13.26	-9.443	-10.128	-51.2
13.27	-9.419	-11.208	-53.1
13.28	-9.397	-11.955	-36.3
13.29	-9.375	-12.514	-37.9
13.3	-9.353	-12.708	-53.7
13.31	-9.331	-12.420	-53.0
13.32	-9.309	-12.167	-47.6
13.33	-9.286	-12.139	-43.1
13.34	-9.263	-11.978	-35.7
13.35	-9.239	-11.795	-39.4
13.36	-9.216	-11.711	-48.7
13.37	-9.193	-11.352	-44.8
13.38	-9.171	-10.880	-32.0
13.39	-9.149	-10.870	-35.9
13.4	-9.127	-11.227	-44.7
13.41	-9.106	-11.566	-40.1
13.42	-9.087	-11.816	-41.9
13.43	-9.067	-11.845	-42.9
13.44	-9.047	-11.548	-34.8
13.45	-9.029	-11.475	-36.9
13.46	-9.011	-11.841	-41.7
13.47	-8.994	-11.963	-32.0
13.48	-8.977	-11.678	-28.6
13.49	-8.961	-11.367	-38.7
13.5	-8.945	-11.145	-38.5
13.51	-8.931	-11.042	-32.9
13.52	-8.918	-11.052	-36.1
13.53	-8.904	-11.197	-34.4
13.54	-8.892	-11.398	-26.6
13.55	-8.880	-11.333	-29.8
13.56	-8.869	-10.980	-39.8
13.57	-8.858	-10.711	-36.1
13.58	-8.848	-10.738	-22.6
13.59	-8.838	-10.942	-22.1
13.6	-8.829	-11.198	-32.6
13.61	-8.818	-11.488	-34.5
13.62	-8.808	-11.838	-29.7
13.63	-8.796	-12.184	-26.5
13.64	-8.784	-12.505	-25.6
13.65	-8.772	-12.670	-21.3
13.66	-8.761	-12.350	-7.3
13.67	-8.751	-11.845	2.3
13.68	-8.740	-11.633	3.9
13.69	-8.730	-11.547	9.8
13.7	-8.720	-11.450	10.8
13.71	-8.709	-11.420	0.1
13.72	-8.697	-11.383	-26.2
13.73	-8.686	-11.478	-46.2
13.74	-8.674	-11.848	-36.6
13.75	-8.662	-12.123	-25.7
13.76	-8.652	-12.127	-31.8
13.77	-8.643	-11.972	-43.0
13.78	-8.631	-11.708	-44.6
13.79	-8.619	-11.561	-33.3
13.8	-8.607	-11.730	-31.3
13.81	-8.598	-12.044	-44.0
13.82	-8.591	-12.153	-44.4
13.83	-8.588	-11.945	-30.5
13.84	-8.585	-11.648	-34.6
13.85	-8.578	-11.411	-7.8
13.86	-8.566	-11.230	137.3
13.87	-8.553	-11.152	292.4
13.88	-8.539	-11.305	286.2
13.89	-8.527	-11.658	131.2
13.9	-8.516	-11.647	-23.3
13.91	-8.507	-11.216	-73.7
13.92	-8.499	-11.106	-53.3
13.93	-8.488	-11.520	-30.6
13.94	-8.475	-11.867	-34.1
13.95	-8.460	-11.839	-32.9
13.96	-8.444	-11.975	-22.3
13.97	-8.429	-12.266	-29.5
13.98	-8.414	-12.109	-40.1
13.99	-8.398	-11.780	-40.7
14.0	-8.383	-11.441	-36.4
14.01	-8.368	-10.384	-23.8
14.02	-8.356	-7.839	-9.5
14.03	-8.345	-3.403	-4.3
14.04	-8.335	2.513	-11.1
14.05	-8.326	8.811	-22.7
14.06	-8.318	13.973	-23.2
14.07	-8.311	16.520	-18.2
14.08	-8.304	16.153	-8.7
14.09	-8.297	13.397	8.7
14.1	-8.291	9.181	17.6
14.11	-8.286	4.844	21.3
14.12	-8.281	0.861	33.8
14.13	-8.276	-3.017	47.8
14.14	-8.273	-6.578	55.4
14.15	-8.268	-9.436	65.8
14.16	-8.264	-11.525	74.3
14.17	-8.261	-12.744	74.4
14.18	-8.257	-13.002	73.1
14.19	-8.254	-12.491	62.1
14.2	-8.254	-11.530	34.7
14.21	-8.255	-10.534	2.3
14.22	-8.256	-9.778	-19.2
14.23	-8.256	-9.430	-22.3
14.24	-8.256	-9.731	-31.4
14.25	-8.256	-10.711	-45.1
14.26	-8.254	-11.919	-55.3
14.27	-8.253	-13.050	-62.1
14.28	-8.251	-14.234	-52.7
14.29	-8.250	-15.123	-42.4
14.3	-8.250	-15.238	-46.9
14.31	-8.251	-14.864	-51.2
14.32	-8.253	-14.281	-53.7
14.33	-8.255	-13.139	-56.1
14.34	-8.256	-11.661	-46.4
14.35	-8.258	-10.955	-41.2
14.36	-8.259	-10.550	-42.9
14.37	-8.262	-9.616	-42.5
14.38	-8.264	-8.750	-40.3
14.39	-8.266	-8.270	-41.8
14.4	-8.268	-8.505	-49.0
14.41	-8.269	-9.323	-44.1
14.42	-8.270	-9.927	-36.1
14.43	-8.271	-10.442	-32.7
14.44	-8.271	-11.194	-42.3
14.45	-8.272	-11.870	-49.7
14.46	-8.272	-12.373	-40.0
14.47	-8.272	-12.698	-38.3
14.48	-8.273	-12.792	-41.2
14.49	-8.275	-12.983	-46.3
14.5	-8.277	-13.388	-50.6
14.51	-8.279	-13.528	-36.2
14.52	-8.281	-13.048	-24.2
14.53	-8.282	-12.300	-40.0
14.54	-8.283	-11.925	-55.5
14.55	-8.283	-12.116	-41.6
14.56	-8.284	-12.464	-29.7
14.57	-8.286	-12.617	-31.7
14.58	-8.287	-12.594	-38.7
14.59	-8.289	-12.358	-44.8
14.6	-8.291	-11.911	-38.6
14.61	-8.293	-11.525	-30.5
14.62	-8.295	-11.589	-37.7
14.63	-8.297	-12.009	-38.2
14.64	-8.300	-12.155	-20.8
14.65	-8.302	-12.056	-22.2
14.66	-8.304	-12.170	-38.9
14.67	-8.306	-12.367	-44.2
14.68	-8.308	-12.361	-38.5
14.69	-8.310	-12.128	-34.9
14.7	-8.313	-11.723	-35.1
14.71	-8.314	-11.430	-27.4
14.72	-8.317	-11.442	-17.3
14.73	-8.319	-11.670	-17.1
14.74	-8.320	-12.025	-26.7
14.75	-8.322	-12.108	-36.8
14.76	-8.324	-11.817	-37.9
14.77	-8.326	-11.778	-23.9
14.78	-8.328	-12.006	-19.4
14.79	-8.329	-12.028	-24.4
14.8	-8.331	-11.948	-27.1
14.81	-8.334	-11.900	-27.5
14.82	-8.337	-11.711	-23.7
14.83	-8.341	-11.603	-23.4
14.84	-8.344	-11.855	-31.7
14.85	-8.348	-12.042	-28.4
14.86	-8.352	-11.798	-14.6
14.87	-8.356	-11.567	-14.1
14.88	-8.361	-11.348	-28.5
14.89	-8.364	-11.213	-37.8
14.9	-8.368	-11.858	-21.8
14.91	-8.372	-12.688	-8.0
14.92	-8.376	-12.766	-15.3
14.93	-8.379	-12.453	-26.8
14.94	-8.383	-12.352	-16.2
14.95	-8.387	-12.478	-3.3
14.96	-8.391	-12.539	-14.0
14.97	-8.396	-12.420	-13.1
14.98	-8.402	-12.316	5.2
14.99	-8.409	-12.363	17.8
15.0	-8.416	-12.531	23.8
15.01	-8.423	-12.684	18.4
15.02	-8.428	-12.631	-8.3
15.03	-8.433	-12.316	-30.0
15.04	-8.437	-11.977	-34.4
15.05	-8.442	-11.866	-35.7
15.06	-8.447	-11.913	-43.8
15.07	-8.453	-11.941	-44.3
15.08	-8.458	-11.880	-25.3
15.09	-8.463	-11.848	-24.5
15.1	-8.467	-11.989	-41.3
15.11	-8.473	-12.158	-34.5
15.12	-8.484	-12.123	-22.3
15.13	-8.498	-11.892	-27.7
15.14	-8.514	-11.592	-42.0
15.15	-8.527	-11.423	-9.5
15.16	-8.537	-11.539	141.5
15.17	-8.547	-11.736	297.1
15.18	-8.559	-11.873	285.2
15.19	-8.572	-12.208	132.3
15.2	-8.591	-12.580	-14.9
15.21	-8.611	-12.480	-54.9
15.22	-8.632	-12.194	-38.7
15.23	-8.651	-12.342	-31.1
15.24	-8.668	-12.716	-35.8
15.25	-8.684	-12.844	-40.6
15.26	-8.703	-12.636	-38.9
15.27	-8.720	-12.211	-37.7
15.28	-8.738	-11.805	-26.8
15.29	-8.752	-11.616	-17.2
15.3	-8.767	-11.403	-21.0
15.31	-8.781	-10.333	-20.1
15.32	-8.796	-7.323	-25.4
15.33	-8.813	-1.902	-30.1
15.34	-8.831	5.048	-22.9
15.35	-8.849	11.930	-19.4
15.36	-8.869	17.136	-13.3
15.37	-8.890	19.353	-4.4
15.38	-8.911	18.283	2.3
15.39	-8.931	14.767	7.7
15.4	-8.951	10.219	11.3
15.41	-8.971	5.559	9.2
15.42	-8.991	0.933	7.7
15.43	-9.011	-3.359	23.2
15.44	-9.029	-6.833	39.6
15.45	-9.047	-9.497	62.7
15.46	-9.064	-11.341	76.9
15.47	-9.081	-12.017	77.4
15.48	-9.098	-11.806	83.8
15.49	-9.117	-11.406	67.1
15.5	-9.136	-10.989	34.1
15.51	-9.157	-10.523	10.8
15.52	-9.176	-10.134	-8.7
15.53	-9.196	-9.891	-20.4
15.54	-9.214	-9.725	-20.4
15.55	-9.234	-9.911	-27.0
15.56	-9.253	-10.825	-43.7
15.57	-9.270	-12.084	-45.3
15.58	-9.286	-13.113	-44.9
15.59	-9.300	-13.972	-54.1
15.6	-9.314	-14.758	-46.8
15.61	-9.329	-14.969	-29.7
15.62	-9.345	-13.884	-28.4
15.63	-9.362	-11.934	-41.9
15.64	-9.379	-10.717	-49.8
15.65	-9.396	-10.534	-45.8
15.66	-9.412	-10.080	-45.9
15.67	-9.429	-8.923	-54.8
15.68	-9.446	-8.055	-50.0
15.69	-9.461	-8.119	-32.1
15.7	-9.476	-8.738	-27.0
15.71	-9.489	-9.198	-38.2
15.72	-9.501	-9.106	-46.5
15.73	-9.511	-8.917	-40.1
15.74	-9.521	-9.470	-38.9
15.75	-9.532	-10.459	-37.2
15.76	-9.543	-11.363	-37.4
15.77	-9.554	-12.517	-39.3
15.78	-9.564	-12.927	-41.0
15.79	-9.576	-11.872	-46.7
15.8	-9.586	-10.872	-43.3
15.81	-9.598	-10.855	-37.1
15.82	-9.611	-11.417	-32.5
15.83	-9.624	-11.823	-31.3
15.84	-9.636	-11.473	-40.9
15.85	-9.648	-10.622	-42.2
15.86	-9.658	-10.119	-32.1
15.87	-9.668	-10.386	-32.7
15.88	-9.679	-11.000	-32.9
15.89	-9.688	-11.409	-34.5
15.9	-9.697	-11.595	-44.8
15.91	-9.706	-11.419	-40.3
15.92	-9.713	-10.859	-33.1
15.93	-9.721	-10.578	-30.3
15.94	-9.729	-10.864	-31.2
15.95	-9.738	-11.228	-25.1
15.96	-9.746	-11.572	-23.0
15.97	-9.752	-12.022	-38.2
15.98	-9.758	-12.116	-43.0
15.99	-9.763	-11.822	-36.5
16.0	-9.769	-11.589	-32.1
16.01	-9.776	-11.489	-20.1
16.02	-9.782	-11.577	-16.4
16.03	-9.787	-11.869	-23.8
16.04	-9.793	-11.930	-30.7
16.05	-9.798	-11.405	-29.0
16.06	-9.804	-10.738	-23.0
16.07	-9.809	-10.592	-30.2
16.08	-9.814	-10.986	-42.0
16.09	-9.818	-11.566	-33.9
16.1	-9.822	-12.048	-13.2
16.11	-9.826	-12.308	-16.0
16.12	-9.830	-12.244	-29.0
16.13	-9.835	-12.000	-25.3
16.14	-9.840	-11.931	-17.8
16.15	-9.846	-11.934	-27.0
16.16	-9.851	-11.714	-24.4
16.17	-9.856	-11.472	-13.9
16.18	-9.861	-11.519	-17.8
16.19	-9.864	-11.664	-16.9
16.2	-9.868	-11.703	-19.9
16.21	-9.872	-11.705	-11.8
16.22	-9.877	-11.727	-0.5
16.23	-9.883	-11.941	6.6
16.24	-9.888	-12.261	16.8
16.25	-9.893	-12.305	19.0
16.26	-9.897	-12.188	10.0
16.27	-9.901	-12.178	-14.1
16.28	-9.903	-12.083	-33.6
16.29	-9.906	-11.689	-23.5
16.3	-9.909	-11.384	-19.8
16.31	-9.912	-11.420	-40.5
16.32	-9.916	-11.330	-50.1
16.33	-9.921	-11.173	-43.1
16.34	-9.926	-11.211	-31.9
16.35	-9.931	-11.219	-25.9
16.36	-9.938	-11.252	-30.0
16.37	-9.947	-11.370	-32.0
16.38	-9.959	-11.481	-30.0
16.39	-9.969	-11.608	-24.1
16.4	-9.974	-11.677	37.1
16.41	-9.974	-11.750	185.2
16.42	-9.974	-11.794	299.8
16.43	-9.973	-11.608	237.1
16.44	-9.972	-11.345	57.7
16.45	-9.972	-11.306	-45.8
16.46	-9.972	-11.622	-45.9
16.47	-9.969	-11.956	-31.5
16.48	-9.959	-11.709	-35.6
16.49	-9.940	-11.139	-40.8
16.5	-9.917	-11.008	-34.4
16.51	-9.895	-11.250	-28.1
16.52	-9.879	-11.502	-27.8
16.53	-9.868	-11.886	-24.5
16.54	-9.860	-12.183	-18.5
16.55	-9.852	-11.978	-16.1
16.56	-9.843	-11.203	-16.6
16.57	-9.834	-9.281	-10.9
16.58	-9.828	-5.275	2.1
16.59	-9.824	0.834	-0.4
16.6	-9.821	7.753	-18.5
16.61	-9.817	13.580	-10.3
16.62	-9.813	16.844	8.8
16.63	-9.808	17.281	13.3
16.64	-9.804	15.452	16.5
16.65	-9.802	11.917	24.0
16.66	-9.799	7.280	36.0
16.67	-9.794	2.658	47.1
16.68	-9.786	-1.108	66.5
16.69	-9.777	-4.269	85.4
16.7	-9.769	-7.200	87.3
16.71	-9.761	-9.911	96.0
16.72	-9.752	-12.091	103.4
16.73	-9.746	-13.108	84.8
16.74	-9.744	-13.144	54.6
16.75	-9.746	-12.838	31.4
16.76	-9.743	-12.030	6.5
16.77	-9.731	-10.777	-12.7
16.78	-9.714	-9.845	-30.7
16.79	-9.700	-9.819	-47.3
16.8	-9.687	-10.669	-47.7
16.81	-9.672	-11.908	-49.6
16.82	-9.656	-13.245	-48.2
16.83	-9.642	-14.486	-46.8
16.84	-9.628	-15.273	-53.2
16.85	-9.614	-15.403	-57.4
16.86	-9.599	-14.845	-59.0
16.87	-9.584	-13.877	-48.7
16.88	-9.567	-12.592	-41.7
16.89	-9.550	-10.809	-41.9
16.9	-9.534	-8.966	-39.6
16.91	-9.519	-7.894	-33.4
16.92	-9.503	-7.763	-22.5
16.93	-9.486	-7.920	-23.5
16.94	-9.469	-8.009	-49.2
16.95	-9.449	-8.245	-58.9
16.96	-9.429	-8.813	-47.8
16.97	-9.406	-9.684	-39.9
16.98	-9.384	-10.494	-35.5
16.99	-9.361	-11.070	-37.9
17.0	-9.339	-11.620	-35.6
17.01	-9.318	-12.233	-28.2
17.02	-9.297	-12.769	-35.4
17.03	-9.277	-12.931	-53.2
17.04	-9.258	-12.722	-52.5
17.05	-9.238	-12.525	-40.4
17.06	-9.218	-12.508	-41.7
17.07	-9.199	-12.534	-35.1
17.08	-9.181	-12.295	-25.6
17.09	-9.163	-11.855	-35.0
17.1	-9.146	-11.752	-41.3
17.11	-9.131	-11.975	-38.1
17.12	-9.116	-12.088	-43.9
17.13	-9.101	-12.188	-43.7
17.14	-9.086	-12.420	-32.2
17.15	-9.070	-12.581	-25.4
17.16	-9.054	-12.614	-33.1
17.17	-9.038	-12.519	-40.2
17.18	-9.022	-12.228	-36.7
17.19	-9.005	-11.914	-31.7
17.2	-8.988	-11.694	-29.0
17.21	-8.971	-11.509	-34.2
17.22	-8.955	-11.378	-34.0
17.23	-8.939	-11.302	-17.5
17.24	-8.923	-11.202	-18.6
17.25	-8.909	-11.098	-32.8
17.26	-8.896	-11.047	-31.8
17.27	-8.884	-10.820	-30.8
17.28	-8.871	-10.544	-31.5
17.29	-8.859	-10.650	-31.1
17.3	-8.846	-11.039	-39.3
17.31	-8.832	-11.472	-25.9
17.32	-8.820	-11.798	-12.5
17.33	-8.808	-12.103	-26.5
17.34	-8.795	-12.452	-27.0
17.35	-8.784	-12.358	-26.6
17.36	-8.774	-11.897	-32.7
17.37	-8.765	-11.823	-27.5
17.38	-8.756	-12.028	-23.8
17.39	-8.748	-12.028	-11.4
17.4	-8.738	-11.947	-6.4
17.41	-8.729	-11.922	-8.7
17.42	-8.720	-11.894	-6.3
17.43	-8.713	-11.883	7.6
17.44	-8.706	-11.886	23.4
17.45	-8.701	-11.870	13.9
17.46	-8.695	-11.930	-7.2
17.47	-8.688	-12.153	-28.1
17.48	-8.679	-12.548	-45.6
17.49	-8.669	-13.045	-37.8
17.5	-8.661	-13.195	-29.8
17.51	-8.652	-12.784	-39.2
17.52	-8.644	-12.392	-40.4
17.53	-8.635	-12.227	-32.9
17.54	-8.627	-11.830	-30.9
17.55	-8.619	-11.302	-36.0
17.56	-8.614	-10.997	-38.9
17.57	-8.613	-10.638	-34.1
17.58	-8.610	-10.075	-38.0
17.59	-8.605	-9.870	-1.3
17.6	-8.598	-10.270	141.0
17.61	-8.588	-10.917	282.6
17.62	-8.578	-11.528	270.7
17.63	-8.568	-11.923	121.8
17.64	-8.559	-11.927	-19.2
17.65	-8.551	-11.723	-63.7
17.66	-8.543	-11.761	-53.2
17.67	-8.533	-11.931	-39.1
17.68	-8.520	-11.855	-33.2
17.69	-8.506	-11.875	-34.3
17.7	-8.491	-12.347	-38.2
17.71	-8.476	-12.791	-30.3
17.72	-8.461	-12.698	-25.0
17.73	-8.447	-12.111	-29.5
17.74	-8.432	-11.256	-32.3
17.75	-8.417	-10.130	-26.5
17.76	-8.404	-8.116	-14.4
17.77	-8.391	-4.156	-13.5
17.78	-8.381	1.886	-18.7
17.79	-8.371	8.617	-5.5
17.8	-8.363	14.378	-4.3
17.81	-8.354	18.066	-18.0
17.82	-8.346	18.936	-13.3
17.83	-8.339	16.830	4.4
17.84	-8.332	12.670	15.4
17.85	-8.326	7.863	27.4
17.86	-8.321	3.053	39.4
17.87	-8.316	-1.533	44.4
17.88	-8.309	-5.300	50.4
17.89	-8.303	-7.891	68.4
17.9	-8.297	-9.877	85.5
17.91	-8.291	-11.772	79.8
17.92	-8.286	-12.958	68.4
17.93	-8.282	-12.636	62.0
17.94	-8.279	-11.325	43.1
17.95	-8.277	-10.409	14.2
17.96	-8.276	-10.356	-7.2
17.97	-8.275	-10.461	-20.6
17.98	-8.274	-10.038	-36.2
17.99	-8.273	-9.377	-50.6
18.0	-8.271	-9.391	-56.2
18.01	-8.269	-10.488	-47.4
18.02	-8.265	-12.134	-41.8
18.03	-8.262	-13.373	-50.7
18.04	-8.260	-13.755	-58.1
18.05	-8.259	-13.406	-52.8
18.06	-8.259	-12.575	-48.4
18.07	-8.260	-11.605	-44.4
18.08	-8.260	-10.519	-41.5
18.09	-8.260	-9.164	-41.5
18.1	-8.260	-8.091	-42.8
18.11	-8.261	-7.742	-46.2
18.12	-8.262	-7.798	-48.8
18.13	-8.263	-8.089	-46.8
18.14	-8.263	-8.319	-43.1
18.15	-8.262	-8.111	-38.9
18.16	-8.261	-7.991	-36.8
18.17	-8.259	-8.583	-39.1
18.18	-8.258	-9.766	-39.8
18.19	-8.257	-11.094	-35.3
18.2	-8.255	-11.930	-34.8
18.21	-8.252	-12.031	-38.2
18.22	-8.251	-11.881	-41.4
18.23	-8.249	-12.039	-41.1
18.24	-8.249	-12.472	-38.7
18.25	-8.249	-12.625	-45.4
18.26	-8.249	-12.489	-46.5
18.27	-8.248	-12.527	-32.6
18.28	-8.248	-12.725	-30.4
18.29	-8.246	-12.750	-35.1
18.3	-8.246	-12.591	-34.6
18.31	-8.246	-12.478	-30.6
18.32	-8.247	-12.222	-33.2
18.33	-8.248	-11.603	-43.0
18.34	-8.248	-11.098	-41.2
18.35	-8.249	-11.059	-26.6
18.36	-8.249	-11.322	-27.5
18.37	-8.251	-12.003	-36.5
18.38	-8.252	-13.300	-36.3
18.39	-8.254	-13.959	-36.3
18.4	-8.256	-12.923	-29.2
18.41	-8.258	-12.175	-25.7
18.42	-8.259	-12.366	-36.6
18.43	-8.260	-12.333	-30.5
18.44	-8.262	-12.134	-17.5
18.45	-8.263	-11.498	-18.8
18.46	-8.265	-10.428	-33.3
18.47	-8.266	-9.816	-42.1
18.48	-8.268	-10.063	-33.8
18.49	-8.269	-10.478	-22.2
18.5	-8.271	-10.528	-14.8
18.51	-8.274	-10.609	-24.7
18.52	-8.276	-11.113	-34.6
18.53	-8.279	-11.592	-19.3
18.54	-8.282	-11.569	-19.1
18.55	-8.285	-11.423	-28.8
18.56	-8.288	-11.595	-32.0
18.57	-8.292	-11.906	-31.4
18.58	-8.296	-12.056	-15.7
18.59	-8.299	-12.195	-15.3
18.6	-8.303	-12.414	-21.0
18.61	-8.307	-12.267	-22.1
18.62	-8.311	-11.623	-31.4
18.63	-8.316	-10.866	-22.8
18.64	-8.320	-10.508	-14.3
18.65	-8.325	-10.392	-6.1
18.66	-8.330	-10.064	3.2
18.67	-8.337	-9.913	12.9
18.68	-8.346	-10.230	33.3
18.69	-8.354	-10.750	24.0
18.7	-8.363	-11.194	-3.2
18.71	-8.371	-11.133	-8.6
18.72	-8.379	-10.822	-26.0
18.73	-8.386	-11.053	-44.2
18.74	-8.394	-11.678	-35.8
18.75	-8.401	-12.183	-26.1
18.76	-8.409	-12.483	-35.2
18.77	-8.416	-12.556	-42.0
18.78	-8.422	-12.439	-37.6
18.79	-8.429	-12.253	-31.8
18.8	-8.438	-12.008	-24.9
18.81	-8.452	-11.691	-21.7
18.82	-8.467	-11.466	-31.1
18.83	-8.482	-11.477	-17.9
18.84	-8.496	-11.700	102.9
18.85	-8.508	-12.130	269.4
18.86	-8.520	-12.547	302.6
18.87	-8.533	-12.797	179.3
18.88	-8.551	-12.814	14.6
18.89	-8.574	-12.578	-53.3
18.9	-8.599	-12.475	-41.5
18.91	-8.624	-12.544	-35.3
18.92	-8.646	-12.502	-33.8
18.93	-8.665	-12.517	-31.2
18.94	-8.684	-12.772	-33.4
18.95	-8.702	-13.070	-30.7
18.96	-8.718	-12.933	-25.5
18.97	-8.733	-12.372	-27.1
18.98	-8.748	-11.902	-23.2
18.99	-8.761	-11.122	-27.0
19.0	-8.776	-8.833	-34.4
19.01	-8.791	-4.309	-22.4
19.02	-8.808	2.089	-12.7
19.03	-8.824	8.878	-9.7
19.04	-8.841	14.388	-13.9
19.05	-8.859	17.797	-19.2
19.06	-8.879	18.494	-9.4
19.07	-8.901	16.244	2.5
19.08	-8.923	12.222	3.3
19.09	-8.944	7.847	13.8
19.1	-8.966	3.606	36.5
19.11	-8.988	-0.438	52.2
19.12	-9.008	-3.905	46.3
19.13	-9.026	-6.303	43.0
19.14	-9.043	-7.780	57.5
19.15	-9.061	-8.866	72.1
19.16	-9.079	-9.677	84.3
19.17	-9.095	-9.872	86.3
19.18	-9.112	-9.287	57.3
19.19	-9.131	-8.253	14.0
19.2	-9.152	-7.238	-4.6
19.21	-9.174	-6.625	-7.3
19.22	-9.194	-6.677	-27.4
19.23	-9.214	-7.370	-41.0
19.24	-9.234	-8.672	-40.4
19.25	-9.252	-10.231	-46.2
19.26	-9.268	-11.513	-51.4
19.27	-9.283	-12.606	-53.1
19.28	-9.296	-13.720	-46.7
19.29	-9.311	-14.439	-32.4
19.3	-9.325	-14.045	-28.0
19.31	-9.339	-12.636	-43.0
19.32	-9.352	-11.156	-58.0
19.33	-9.366	-10.167	-42.3
19.34	-9.381	-9.467	-29.2
19.35	-9.396	-8.697	-40.8
19.36	-9.411	-7.953	-57.8
19.37	-9.425	-7.655	-57.1
19.38	-9.439	-7.844	-38.7
19.39	-9.451	-8.281	-28.3
19.4	-9.462	-8.778	-28.7
19.41	-9.472	-9.227	-36.2
19.42	-9.483	-9.798	-44.4
19.43	-9.494	-10.680	-42.1
19.44	-9.505	-11.686	-36.5
19.45	-9.517	-12.388	-39.2
19.46	-9.529	-12.423	-46.0
19.47	-9.543	-12.020	-39.8
19.48	-9.556	-11.675	-30.7
19.49	-9.569	-11.498	-31.0
19.5	-9.581	-11.442	-38.5
19.51	-9.592	-11.519	-44.5
19.52	-9.603	-11.581	-40.9
19.53	-9.615	-11.598	-31.9
19.54	-9.626	-11.811	-29.4
19.55	-9.635	-12.091	-37.4
19.56	-9.645	-12.052	-36.5
19.57	-9.656	-11.900	-27.4
19.58	-9.666	-11.944	-32.8
19.59	-9.676	-11.881	-36.9
19.6	-9.685	-11.636	-38.8
19.61	-9.694	-11.534	-37.7
19.62	-9.703	-11.513	-31.2
19.63	-9.711	-11.522	-23.9
19.64	-9.719	-11.756	-20.6
19.65	-9.726	-12.184	-29.4
19.66	-9.732	-12.548	-35.0
19.67	-9.739	-12.638	-31.3
19.68	-9.745	-12.473	-24.5
19.69	-9.751	-11.981	-18.0
19.7	-9.758	-11.250	-23.9
19.71	-9.764	-10.734	-27.8
19.72	-9.771	-10.666	-23.7
19.73	-9.777	-10.830	-14.3
19.74	-9.783	-10.916	-15.6
19.75	-9.789	-10.889	-27.6
19.76	-9.794	-11.006	-35.8
19.77	-9.799	-11.481	-31.5
19.78	-9.804	-11.966	-17.2
19.79	-9.808	-12.125	-11.5
19.8	-9.811	-12.258	-22.9
19.81	-9.814	-12.352	-27.6
19.82	-9.818	-12.092	-13.7
19.83	-9.822	-11.586	-8.1
19.84	-9.827	-11.052	-14.3
19.85	-9.832	-10.811	-5.8
19.86	-9.837	-11.066	10.5
19.87	-9.842	-11.589	18.1
19.88	-9.846	-11.970	20.4
19.89	-9.849	-12.131	13.5
19.9	-9.853	-12.228	-5.6
19.91	-9.854	-11.980	-27.8
19.92	-9.855	-11.431	-32.8
19.93	-9.857	-11.234	-22.3
19.94	-9.860	-11.456	-32.3
19.95	-9.863	-11.572	-41.5
19.96	-9.866	-11.484	-37.8
19.97	-9.870	-11.656	-33.3
19.98	-9.874	-11.986	-26.5
19.99	-9.878	-11.892	-17.8
20.0	-9.884	-11.458	-21.4
20.01	-9.894	-11.055	-40.1
20.02	-9.906	-10.825	-42.1
20.03	-9.915	-10.767	-22.8
20.04	-9.921	-10.688	57.9
20.05	-9.922	-10.630	221.7
20.06	-9.922	-10.748	319.5
20.07	-9.922	-11.036	221.7
20.08	-9.921	-11.316	33.4
20.09	-9.920	-11.323	-54.8
20.1	-9.920	-11.228	-50.4
20.11	-9.921	-11.119	-39.0
20.12	-9.918	-10.920	-36.0
20.13	-9.909	-11.003	-29.1
20.14	-9.893	-11.505	-28.8
20.15	-9.877	-12.059	-34.4
20.16	-9.866	-12.195	-28.2
20.17	-9.857	-12.048	-14.1
20.18	-9.849	-12.258	-12.6
20.19	-9.840	-12.467	-17.8
20.2	-9.829	-11.602	-11.6
20.21	-9.818	-9.136	-6.2
20.22	-9.807	-5.083	-10.6
20.23	-9.799	0.206	-7.9
20.24	-9.794	6.038	5.1
20.25	-9.788	11.281	8.7
20.26	-9.782	14.695	3.5
20.27	-9.776	15.469	11.3
20.28	-9.769	13.759	27.5
20.29	-9.761	10.661	40.5
20.3	-9.753	7.175	38.4
20.31	-9.744	3.572	48.5
20.32	-9.734	-0.223	77.1
20.33	-9.723	-3.902	94.1
20.34	-9.711	-6.855	104.9
20.35	-9.699	-8.859	113.2
20.36	-9.688	-10.063	112.2
20.37	-9.679	-10.466	88.6
20.38	-9.675	-9.966	49.4
20.39	-9.678	-9.019	17.1
20.4	-9.682	-8.238	-19.9
20.41	-9.678	-7.875	-35.1
20.42	-9.670	-7.930	-30.1
20.43	-9.663	-8.369	-38.8
20.44	-9.655	-9.416	-49.5
20.45	-9.642	-11.077	-56.3
20.46	-9.624	-12.814	-55.2
20.47	-9.606	-14.188	-52.0
20.48	-9.588	-14.886	-62.7
20.49	-9.570	-14.648	-63.9
20.5	-9.551	-13.709	-53.2
20.51	-9.533	-12.341	-38.5
20.52	-9.514	-10.709	-36.0
20.53	-9.496	-9.280	-49.7
20.54	-9.479	-8.325	-52.1
20.55	-9.462	-7.892	-44.5
20.56	-9.444	-7.861	-40.3
20.57	-9.427	-7.923	-36.1
20.58	-9.408	-8.063	-36.8
20.59	-9.386	-8.342	-38.7
20.6	-9.363	-8.708	-37.5
20.61	-9.338	-9.242	-33.6
20.62	-9.314	-10.022	-35.4
20.63	-9.290	-10.917	-45.5
20.64	-9.266	-11.684	-51.6
20.65	-9.243	-12.298	-45.9
20.66	-9.220	-12.828	-35.0
20.67	-9.197	-13.038	-36.3
20.68	-9.175	-12.886	-43.3
20.69	-9.151	-12.752	-38.3
20.7	-9.128	-12.739	-41.7
20.71	-9.105	-12.741	-50.1
20.72	-9.082	-12.705	-47.3
20.73	-9.061	-12.483	-41.1
20.74	-9.038	-12.067	-37.7
20.75	-9.016	-11.728	-37.0
20.76	-8.996	-11.583	-44.9
20.77	-8.976	-11.359	-42.4
20.78	-8.956	-11.013	-29.3
20.79	-8.938	-10.998	-35.0
20.8	-8.919	-11.408	-43.3
20.81	-8.902	-11.859	-35.4
20.82	-8.886	-12.145	-36.8
20.83	-8.869	-12.123	-41.9
20.84	-8.853	-11.995	-39.3
20.85	-8.836	-12.048	-33.1
20.86	-8.819	-11.900	-18.3
20.87	-8.804	-11.588	-12.9
20.88	-8.790	-11.567	-40.8
20.89	-8.776	-11.573	-51.6
20.9	-8.763	-11.364	-32.9
20.91	-8.751	-11.241	-29.8
20.92	-8.739	-11.303	-36.1
20.93	-8.726	-11.483	-35.4
20.94	-8.713	-11.620	-28.0
20.95	-8.700	-11.505	-21.2
20.96	-8.688	-11.442	-26.3
20.97	-8.676	-11.689	-30.4
20.98	-8.664	-11.927	-31.7
20.99	-8.652	-11.706	-27.8
21.0	-8.640	-11.142	-12.2
21.01	-8.629	-10.858	-12.9
21.02	-8.619	-10.988	-25.1
21.03	-8.610	-11.420	-19.6
21.04	-8.603	-11.736	-2.0
21.05	-8.595	-11.363	14.0
21.06	-8.589	-10.789	11.4
21.07	-8.582	-10.706	2.8
21.08	-8.574	-10.970	-9.8
21.09	-8.567	-11.248	-25.3
21.1	-8.558	-11.605	-29.4
21.11	-8.549	-12.127	-33.1
21.12	-8.541	-12.584	-48.1
21.13	-8.532	-12.656	-45.6
21.14	-8.523	-12.331	-34.3
21.15	-8.515	-11.994	-39.9
21.16	-8.508	-11.766	-41.6
21.17	-8.501	-11.292	-39.1
21.18	-8.497	-10.713	-38.4
21.19	-8.495	-10.583	-30.8
21.2	-8.495	-10.831	-31.3
21.21	-8.492	-11.116	-38.6
21.22	-8.487	-11.397	19.3
21.23	-8.478	-11.828	186.9
21.24	-8.467	-12.498	316.8
21.25	-8.457	-13.228	272.5
21.26	-8.447	-13.484	103.9
21.27	-8.438	-13.027	-36.6
21.28	-8.431	-12.348	-64.3
21.29	-8.424	-11.920	-41.6
21.3	-8.418	-11.759	-31.7
21.31	-8.408	-11.617	-31.8
21.32	-8.397	-11.309	-38.0
21.33	-8.384	-11.022	-42.3
21.34	-8.372	-11.111	-39.6
21.35	-8.360	-11.391	-28.6
21.36	-8.347	-11.316	-18.9
21.37	-8.334	-10.920	-25.8
21.38	-8.321	-9.903	-32.4
21.39	-8.309	-7.545	-29.2
21.4	-8.299	-3.664	-28.5
21.41	-8.291	1.997	-22.4
21.42	-8.283	7.930	-12.0
21.43	-8.276	12.386	-8.5
21.44	-8.271	15.241	-9.3
21.45	-8.266	15.381	2.2
21.46	-8.263	12.889	12.2
21.47	-8.260	9.445	11.0
21.48	-8.257	5.666	8.8
21.49	-8.254	1.859	19.0
21.5	-8.250	-1.473	45.6
21.51	-8.246	-4.213	68.9
21.52	-8.242	-6.428	80.8
21.53	-8.238	-8.313	87.5
21.54	-8.236	-9.613	90.2
21.55	-8.232	-9.825	75.8
21.56	-8.230	-9.303	44.3
21.57	-8.228	-8.650	22.7
21.58	-8.227	-7.908	8.5
21.59	-8.227	-7.234	-5.3
21.6	-8.227	-7.058	-28.8
21.61	-8.227	-7.489	-46.8
21.62	-8.228	-8.398	-47.3
21.63	-8.229	-9.688	-53.6
21.64	-8.229	-11.302	-61.5
21.65	-8.228	-13.013	-54.9
21.66	-8.226	-14.123	-46.1
21.67	-8.225	-14.206	-46.6
21.68	-8.224	-13.736	-47.8
21.69	-8.224	-13.064	-48.5
21.7	-8.225	-12.000	-50.9
21.71	-8.226	-10.569	-38.9
21.72	-8.228	-9.116	-45.8
21.73	-8.230	-8.194	-61.9
21.74	-8.232	-8.075	-53.3
21.75	-8.236	-8.203	-40.2
21.76	-8.237	-8.183	-37.0
21.77	-8.237	-8.456	-39.1
21.78	-8.236	-9.148	-42.6
21.79	-8.236	-9.839	-38.7
21.8	-8.236	-10.292	-34.8
21.81	-8.234	-10.728	-40.7
21.82	-8.233	-11.348	-41.9
21.83	-8.232	-11.838	-41.1
21.84	-8.233	-11.928	-40.6
21.85	-8.234	-11.828	-41.7
21.86	-8.234	-11.922	-47.3
21.87	-8.235	-12.233	-40.0
21.88	-8.234	-12.475	-40.7
21.89	-8.234	-12.616	-45.4
21.9	-8.232	-12.753	-39.8
21.91	-8.232	-12.795	-35.9
21.92	-8.232	-12.513	-33.0
21.93	-8.232	-11.827	-37.3
21.94	-8.232	-11.063	-42.7
21.95	-8.232	-10.708	-40.4
21.96	-8.231	-10.806	-37.5
21.97	-8.231	-10.950	-37.9
21.98	-8.231	-10.970	-42.9
21.99	-8.232	-11.133	-32.9
22.0	-8.233	-11.581	-22.0
22.01	-8.235	-11.948	-30.0
22.02	-8.236	-12.095	-40.7
22.03	-8.238	-12.288	-39.8
22.04	-8.240	-12.245	-35.7
22.05	-8.242	-11.928	-24.6
22.06	-8.244	-11.917	-20.4
22.07	-8.246	-12.094	-30.9
22.08	-8.249	-12.006	-35.5
22.09	-8.251	-11.669	-28.5
22.1	-8.253	-11.420	-22.9
22.11	-8.255	-11.570	-25.0
22.12	-8.256	-11.742	-36.1
22.13	-8.258	-11.670	-37.8
22.14	-8.259	-11.845	-26.0
22.15	-8.261	-12.244	-23.3
22.16	-8.264	-12.303	-24.6
22.17	-8.266	-12.142	-23.7
22.18	-8.268	-12.173	-29.9
22.19	-8.269	-12.269	-23.6
22.2	-8.271	-12.150	-19.3
22.21	-8.274	-12.002	-26.3
22.22	-8.276	-11.997	-21.7
22.23	-8.279	-11.889	-19.0
22.24	-8.282	-11.723	-25.0
22.25	-8.285	-11.742	-23.9
22.26	-8.288	-11.928	-19.1
22.27	-8.291	-12.355	-17.3
22.28	-8.295	-12.877	-22.5
22.29	-8.298	-12.898	-24.5
22.3	-8.301	-12.363	-27.7
22.31	-8.304	-11.881	-22.2
22.32	-8.308	-11.739	-7.9
22.33	-8.312	-11.839	0.9
22.34	-8.317	-12.138	5.2
22.35	-8.323	-12.547	14.1
22.36	-8.331	-12.756	25.3
22.37	-8.338	-12.458	20.8
22.38	-8.346	-11.809	1.7
22.39	-8.353	-11.414	-17.0
22.4	-8.359	-11.467	-26.2
22.41	-8.367	-11.497	-24.4
22.42	-8.376	-11.478	-32.7
22.43	-8.384	-11.873	-43.7
22.44	-8.393	-12.433	-36.4
22.45	-8.401	-12.592	-29.8
22.46	-8.409	-12.217	-38.3
22.47	-8.418	-11.544	-32.7
22.48	-8.428	-11.122	-17.5
22.49	-8.444	-11.172	-23.9
22.5	-8.463	-11.319	-31.0
22.51	-8.484	-11.391	-22.2
22.52	-8.502	-11.673	-4.2
22.53	-8.518	-12.183	114.6
22.54	-8.534	-12.225	280.0
22.55	-8.549	-11.628	305.6
22.56	-8.566	-11.356	177.2
22.57	-8.585	-11.764	9.5
22.58	-8.608	-12.228	-58.0
22.59	-8.634	-12.567	-34.6
22.6	-8.661	-12.845	-27.7
22.61	-8.685	-12.886	-28.7
22.62	-8.707	-12.755	-26.5
22.63	-8.727	-12.634	-36.8
22.64	-8.745	-12.594	-28.4
22.65	-8.763	-12.480	-15.1
22.66	-8.779	-12.039	-28.9
22.67	-8.794	-11.391	-35.0
22.68	-8.809	-10.431	-24.4
22.69	-8.824	-8.281	-16.9
22.7	-8.841	-4.086	-8.3
22.71	-8.860	1.969	-12.2
22.72	-8.879	8.423	-19.8
22.73	-8.900	13.384	-13.4
22.74	-8.921	15.961	-4.3
22.75	-8.944	16.141	1.1
22.76	-8.968	13.936	-1.7
22.77	-8.991	10.006	-0.7
22.78	-9.013	5.752	10.9
22.79	-9.035	1.933	30.9
22.8	-9.055	-1.572	40.3
22.81	-9.073	-4.792	43.4
22.82	-9.091	-7.305	70.9
22.83	-9.109	-8.717	90.4
22.84	-9.127	-9.214	83.0
22.85	-9.144	-9.208	87.6
22.86	-9.161	-8.798	75.7
22.87	-9.179	-7.992	48.8
22.88	-9.196	-7.100	29.8
22.89	-9.213	-6.528	13.2
22.9	-9.232	-6.294	-5.7
22.91	-9.252	-6.480	-29.3
22.92	-9.271	-7.420	-41.8
22.93	-9.288	-8.847	-46.3
22.94	-9.306	-10.380	-43.1
22.95	-9.321	-12.092	-31.1
22.96	-9.332	-13.639	-39.7
22.97	-9.344	-14.520	-42.2
22.98	-9.355	-14.711	-35.3
22.99	-9.367	-14.034	-46.4
23.0	-9.381	-12.695	-47.1
23.01	-9.394	-11.648	-40.0
23.02	-9.407	-11.019	-46.8
23.03	-9.422	-10.283	-47.8
23.04	-9.438	-9.611	-41.0
23.05	-9.454	-9.352	-40.2
23.06	-9.470	-9.272	-45.1
23.07	-9.484	-8.948	-43.4
23.08	-9.497	-8.622	-34.9
23.09	-9.508	-8.880	-33.1
23.1	-9.518	-9.672	-38.6
23.11	-9.526	-10.555	-35.9
23.12	-9.536	-11.141	-43.7
23.13	-9.547	-11.333	-48.5
23.14	-9.556	-11.413	-37.8
23.15	-9.567	-11.680	-41.3
23.16	-9.577	-12.000	-45.6
23.17	-9.588	-12.208	-35.8
23.18	-9.598	-12.441	-29.1
23.19	-9.609	-12.747	-37.1
23.2	-9.618	-12.991	-46.2
23.21	-9.627	-12.866	-35.8
23.22	-9.635	-12.391	-30.1
23.23	-9.643	-12.022	-35.1
23.24	-9.652	-11.853	-43.2
23.25	-9.661	-11.734	-36.4
23.26	-9.669	-11.567	-26.5
23.27	-9.678	-11.256	-32.0
23.28	-9.688	-10.873	-44.0
23.29	-9.696	-10.658	-44.3
23.3	-9.704	-10.963	-29.9
23.31	-9.711	-11.738	-24.6
23.32	-9.719	-12.284	-24.2
23.33	-9.728	-12.256	-22.1
23.34	-9.734	-12.095	-31.4
23.35	-9.740	-12.275	-38.8
23.36	-9.746	-12.656	-28.5
23.37	-9.751	-12.784	-18.8
23.38	-9.756	-12.473	-22.5
23.39	-9.761	-11.633	-32.5
23.4	-9.766	-10.680	-41.0
23.41	-9.771	-10.311	-29.4
23.42	-9.775	-10.511	-15.3
23.43	-9.780	-10.941	-19.3
23.44	-9.784	-11.409	-25.0
23.45	-9.787	-11.825	-21.1
23.46	-9.789	-12.050	-24.5
23.47	-9.791	-12.120	-29.2
23.48	-9.794	-12.283	-19.8
23.49	-9.797	-12.484	-17.0
23.5	-9.801	-12.581	-22.8
23.51	-9.804	-12.558	-16.7
23.52	-9.807	-12.345	-19.1
23.53	-9.810	-11.944	-23.2
23.54	-9.814	-11.289	-26.5
23.55	-9.818	-11.356	-32.3
23.56	-9.822	-12.314	-22.5
23.57	-9.827	-12.206	-9.1
23.58	-9.832	-11.772	-8.8
23.59	-9.837	-11.813	-9.0
23.6	-9.842	-11.891	-8.3
23.61	-9.848	-12.373	-6.2
23.62	-9.856	-12.569	1.7
23.63	-9.863	-12.517	5.3
23.64	-9.870	-12.270	11.7
23.65	-9.876	-11.731	21.4
23.66	-9.880	-11.616	9.1
23.67	-9.883	-11.697	-14.2
23.68	-9.886	-11.370	-23.1
23.69	-9.888	-10.977	-26.3
23.7	-9.892	-11.048	-35.4
23.71	-9.896	-11.533	-36.6
23.72	-9.898	-11.852	-30.0
23.73	-9.900	-11.698	-21.4
23.74	-9.902	-11.497	-23.0
23.75	-9.903	-11.711	-37.3
23.76	-9.906	-12.091	-34.9
23.77	-9.909	-11.991	-20.1
23.78	-9.914	-11.434	-25.3
23.79	-9.924	-11.069	-33.9
23.8	-9.936	-11.213	-32.4
23.81	-9.946	-11.602	-28.2
23.82	-9.950	-11.814	-4.6
23.83	-9.949	-11.845	104.8
23.84	-9.947	-12.045	265.7
23.85	-9.944	-12.309	313.7
23.86	-9.941	-12.233	176.4
23.87	-9.938	-12.036	4.4
23.88	-9.935	-12.158	-54.6
23.89	-9.931	-12.405	-46.7
23.9	-9.926	-12.348	-26.5
23.91	-9.914	-12.041	-16.6
23.92	-9.894	-11.913	-30.3
23.93	-9.869	-12.023	-31.0
23.94	-9.845	-11.905	-28.5
23.95	-9.824	-11.520	-26.8
23.96	-9.806	-11.378	-20.8
23.97	-9.787	-11.380	-15.3
23.98	-9.770	-11.039	-12.2
23.99	-9.753	-10.192	-13.8
24.0	-9.736	-8.334	-11.1
24.01	-9.718	-4.720	-10.1
24.02	-9.701	0.427	-6.4
24.03	-9.684	5.834	-3.2
24.04	-9.668	10.228	-7.9
24.05	-9.650	12.756	4.6
24.06	-9.633	12.964	18.4
24.07	-9.615	11.152	18.2
24.08	-9.598	8.211	27.0
24.09	-9.578	4.648	46.4
24.1	-9.558	0.658	57.4
24.11	-9.536	-2.997	73.9
24.12	-9.515	-5.694	89.5
24.13	-9.494	-7.569	97.8
24.14	-9.474	-8.892	100.8
24.15	-9.455	-9.808	91.8
24.16	-9.436	-10.398	74.9
24.17	-9.419	-10.742	51.9
24.18	-9.405	-10.702	21.4
24.19	-9.393	-10.298	-4.9
24.2	-9.380	-9.906	-19.2
24.21	-9.364	-9.598	-34.0
24.22	-9.349	-9.381	-56.3
24.23	-9.334	-9.738	-59.4
24.24	-9.318	-10.905	-52.8
24.25	-9.299	-12.494	-57.4
24.26	-9.280	-13.967	-68.2
24.27	-9.262	-14.908	-69.1
24.28	-9.244	-15.075	-53.0
24.29	-9.228	-14.478	-41.9
24.3	-9.213	-13.439	-52.3
24.31	-9.197	-12.370	-51.5
24.32	-9.181	-11.384	-43.9
24.33	-9.165	-10.413	-49.4
24.34	-9.148	-9.638	-50.3
24.35	-9.132	-9.200	-36.4
24.36	-9.116	-9.033	-29.4
24.37	-9.098	-9.036	-30.3
24.38	-9.079	-9.203	-28.9
24.39	-9.058	-9.570	-37.4
24.4	-9.036	-9.963	-50.0
24.41	-9.014	-10.350	-53.7
24.42	-8.993	-10.750	-42.5
24.43	-8.973	-11.109	-34.6
24.44	-8.953	-11.558	-41.3
24.45	-8.933	-12.239	-40.9
24.46	-8.913	-12.941	-34.5
24.47	-8.893	-13.100	-32.6
24.48	-8.873	-12.842	-47.1
24.49	-8.852	-12.780	-56.3
24.5	-8.831	-12.792	-42.8
24.51	-8.810	-12.544	-33.0
24.52	-8.789	-12.220	-25.1
24.53	-8.771	-11.931	-22.2
24.54	-8.753	-11.584	-41.6
24.55	-8.736	-11.336	-49.6
24.56	-8.720	-11.375	-36.1
24.57	-8.705	-11.647	-31.5
24.58	-8.691	-11.825	-40.0
24.59	-8.676	-11.791	-41.5
24.6	-8.662	-11.795	-40.9
24.61	-8.648	-11.905	-39.0
24.62	-8.635	-12.025	-45.9
24.63	-8.623	-12.102	-51.3
24.64	-8.613	-12.073	-39.9
24.65	-8.602	-12.095	-31.0
24.66	-8.591	-12.294	-28.2
24.67	-8.580	-12.400	-27.9
24.68	-8.569	-12.202	-35.5
24.69	-8.558	-11.813	-39.1
24.7	-8.547	-11.380	-37.8
24.71	-8.537	-11.113	-40.0
24.72	-8.527	-11.259	-40.5
24.73	-8.518	-11.744	-31.6
24.74	-8.509	-12.180	-20.9
24.75	-8.500	-12.361	-24.7
24.76	-8.492	-12.333	-33.7
24.77	-8.485	-12.153	-29.2
24.78	-8.477	-11.908	-27.8
24.79	-8.469	-11.703	-29.2
24.8	-8.462	-11.581	-33.2
24.81	-8.454	-11.473	-32.6
24.82	-8.447	-11.386	-25.4
24.83	-8.439	-11.458	-27.1
24.84	-8.431	-11.641	-25.8
24.85	-8.423	-11.680	-20.7
24.86	-8.416	-11.448	-22.4
24.87	-8.409	-11.333	-22.1
24.88	-8.402	-11.606	-29.9
24.89	-8.396	-11.908	-31.1
24.9	-8.388	-12.136	-18.3
24.91	-8.382	-12.369	-18.0
24.92	-8.376	-12.425	-27.8
24.93	-8.370	-12.328	-32.6
24.94	-8.364	-12.116	-23.8
24.95	-8.359	-11.759	-10.9
24.96	-8.353	-11.584	-9.0
24.97	-8.348	-11.756	-13.8
24.98	-8.342	-11.980	-18.0
24.99	-8.338	-12.030	5.4
25.0	-8.333	-12.036	26.6
25.01	-8.329	-12.025	16.7
25.02	-8.326	-11.842	8.3
25.03	-8.322	-11.794	2.8
25.04	-8.317	-12.078	-18.7
25.05	-8.311	-12.341	-35.9
25.06	-8.305	-12.422	-36.2
25.07	-8.299	-12.325	-26.4
25.08	-8.294	-12.134	-29.1
25.09	-8.290	-11.769	-41.5
25.1	-8.284	-11.066	-36.0
25.11	-8.279	-10.466	-27.4
25.12	-8.273	-10.436	-35.3
25.13	-8.268	-10.719	-41.8
25.14	-8.266	-10.966	-30.3
25.15	-8.267	-11.284	-20.6
25.16	-8.269	-11.586	-26.5
25.17	-8.269	-11.564	-33.9
25.18	-8.266	-11.258	10.4
25.19	-8.261	-11.177	158.4
25.2	-8.254	-11.655	294.3
25.21	-8.247	-12.150	279.6
25.22	-8.241	-12.116	124.1
25.23	-8.238	-12.011	-17.3
25.24	-8.236	-12.198	-50.1
25.25	-8.236	-12.313	-38.1
25.26	-8.234	-12.119	-29.1
25.27	-8.229	-11.583	-33.5
25.28	-8.221	-11.098	-35.1
25.29	-8.214	-11.416	-34.3
25.3	-8.207	-12.645	-42.5
25.31	-8.199	-12.219	-33.4
25.32	-8.191	-9.073	-20.7
25.33	-8.182	-7.623	-25.2
25.34	-8.173	-8.834	-26.5
25.35	-8.165	-8.317	-16.7
25.36	-8.158	-4.131	-19.7
25.37	-8.152	2.541	-28.1
25.38	-8.147	9.217	-26.4
25.39	-8.143	13.317	-16.2
25.4	-8.141	14.488	-6.7
25.41	-8.140	14.000	-1.4
25.42	-8.139	12.272	-5.1
25.43	-8.139	9.133	-6.9
25.44	-8.139	4.914	6.9
25.45	-8.139	0.453	17.6
25.46	-8.139	-3.481	28.4
25.47	-8.139	-6.659	50.1
25.48	-8.138	-9.175	55.6
25.49	-8.137	-11.077	65.0
25.5	-8.137	-12.163	80.3
25.51	-8.137	-12.272	79.2
25.52	-8.137	-11.789	70.1
25.53	-8.137	-11.036	45.9
25.54	-8.138	-10.127	12.0
25.55	-8.141	-9.341	-4.6
25.56	-8.145	-8.752	-17.6
25.57	-8.149	-8.536	-33.1
25.58	-8.153	-9.192	-40.3
25.59	-8.158	-10.716	-57.1
25.6	-8.163	-12.445	-61.9
25.61	-8.166	-13.925	-40.8
25.62	-8.168	-15.195	-41.9
25.63	-8.168	-16.045	-51.5
25.64	-8.169	-15.988	-47.7
25.65	-8.170	-15.228	-41.7
25.66	-8.172	-14.280	-34.3
25.67	-8.176	-13.336	-41.4
25.68	-8.179	-12.511	-53.4
25.69	-8.183	-11.898	-53.5
25.7	-8.188	-11.581	-56.6
25.71	-8.193	-11.458	-51.6
25.72	-8.199	-11.241	-45.7
25.73	-8.205	-10.998	-45.4
25.74	-8.209	-11.045	-46.4
25.75	-8.211	-11.339	-41.4
25.76	-8.213	-11.484	-32.4
25.77	-8.214	-11.353	-33.7
25.78	-8.216	-11.308	-43.7
25.79	-8.217	-11.717	-47.8
25.8	-8.219	-12.428	-39.5
25.81	-8.221	-13.089	-32.8
25.82	-8.223	-13.622	-41.7
25.83	-8.226	-14.427	-48.8
25.84	-8.228	-15.456	-39.4
25.85	-8.231	-15.255	-33.8
25.86	-8.235	-14.106	-45.8
25.87	-8.238	-13.597	-44.1
25.88	-8.241	-13.136	-33.6
25.89	-8.244	-12.409	-41.2
25.9	-8.246	-12.086	-44.0
25.91	-8.249	-11.978	-31.3
25.92	-8.252	-12.050	-33.7
25.93	-8.255	-12.364	-41.0
25.94	-8.258	-12.641	-33.7
25.95	-8.261	-12.877	-26.0
25.96	-8.264	-13.128	-32.8
25.97	-8.268	-13.450	-43.8
25.98	-8.271	-13.809	-38.6
25.99	-8.274	-13.970	-30.8
26.0	-8.277	-13.780	-50.6
26.01	-8.281	-13.458	-48.9
26.02	-8.285	-13.316	-14.6
26.03	-8.289	-13.323	-17.6
26.04	-8.293	-13.208	-36.2
26.05	-8.297	-13.019	-31.3
26.06	-8.302	-13.048	-27.2
26.07	-8.308	-13.019	-30.6
26.08	-8.314	-12.442	-34.8
26.09	-8.322	-11.598	-36.6
26.1	-8.333	-11.133	-35.8
26.11	-8.347	-11.200	-26.8
26.12	-8.364	-11.431	-26.1
26.13	-8.383	-11.513	-30.4
26.14	-8.402	-11.692	-21.2
26.15	-8.422	-12.145	-13.6
26.16	-8.441	-12.534	-20.0
26.17	-8.461	-12.575	-24.6
26.18	-8.482	-12.233	-34.0
26.19	-8.505	-11.978	-35.8
26.2	-8.528	-12.136	-28.1
26.21	-8.551	-12.141	-27.0
26.22	-8.572	-11.706	-19.7
26.23	-8.593	-11.433	-22.2
26.24	-8.613	-11.623	-33.6
26.25	-8.633	-11.908	-33.0
26.26	-8.651	-11.908	-28.2
26.27	-8.670	-11.759	-15.0
26.28	-8.688	-11.989	-16.2
26.29	-8.704	-12.486	-26.8
26.3	-8.720	-12.536	-25.3
26.31	-8.736	-12.139	-21.6
26.32	-8.752	-11.723	-19.0
26.33	-8.769	-11.317	-23.0
26.34	-8.785	-11.044	-24.3
26.35	-8.802	-11.194	-20.5
26.36	-8.819	-11.416	-13.1
26.37	-8.836	-11.117	-3.0
26.38	-8.854	-10.748	-6.5
26.39	-8.872	-10.708	-4.9
26.4	-8.891	-10.464	5.6
26.41	-8.911	-10.194	20.3
26.42	-8.931	-10.519	22.1
26.43	-8.949	-11.236	4.8
26.44	-8.967	-11.739	-17.4
26.45	-8.984	-11.789	-33.3
26.46	-9.000	-11.583	-38.4
26.47	-9.016	-11.452	-37.4
26.48	-9.033	-11.553	-28.9
26.49	-9.048	-11.594	-28.6
26.5	-9.063	-11.348	-38.6
26.51	-9.076	-11.228	-37.1
26.52	-9.089	-11.444	-33.9
26.53	-9.103	-11.509	-26.8
26.54	-9.120	-11.405	-24.4
26.55	-9.139	-11.522	-30.8
26.56	-9.158	-11.606	-44.3
26.57	-9.174	-11.623	-0.5
26.58	-9.188	-11.891	170.7
26.59	-9.200	-12.164	321.6
26.6	-9.213	-12.163	302.1
26.61	-9.226	-11.886	135.9
26.62	-9.238	-11.663	-13.0
26.63	-9.251	-11.842	-44.8
26.64	-9.265	-12.158	-42.5
26.65	-9.276	-12.002	-37.4
26.66	-9.283	-11.289	-40.3
26.67	-9.287	-10.747	-45.7
26.68	-9.291	-10.686	-43.8
26.69	-9.294	-10.911	-40.1
26.7	-9.297	-11.514	-31.0
26.71	-9.301	-12.197	-21.8
26.72	-9.304	-11.994	-17.5
26.73	-9.308	-10.281	-21.0
26.74	-9.313	-6.791	-31.0
26.75	-9.319	-1.403	-27.1
26.76	-9.326	4.428	-12.1
26.77	-9.334	9.275	-10.6
26.78	-9.343	13.342	-20.6
26.79	-9.353	16.228	-10.3
26.8	-9.363	16.434	4.8
26.81	-9.373	13.828	-1.5
26.82	-9.383	9.791	3.1
26.83	-9.393	5.139	17.6
26.84	-9.403	0.244	26.3
26.85	-9.412	-4.233	44.6
26.86	-9.421	-7.391	49.6
26.87	-9.429	-9.088	55.4
26.88	-9.439	-10.067	84.8
26.89	-9.447	-10.916	100.6
26.9	-9.457	-11.517	86.7
26.91	-9.467	-11.164	68.9
26.92	-9.477	-9.877	51.9
26.93	-9.488	-8.725	23.6
26.94	-9.501	-8.152	-5.3
26.95	-9.514	-7.650	-17.1
26.96	-9.525	-7.200	-27.7
26.97	-9.536	-7.427	-43.7
26.98	-9.547	-8.581	-52.2
26.99	-9.559	-10.253	-49.2
27.0	-9.569	-11.998	-53.7
27.01	-9.579	-13.720	-56.7
27.02	-9.586	-14.877	-44.4
27.03	-9.594	-15.011	-34.4
27.04	-9.601	-14.578	-38.4
27.05	-9.609	-13.895	-49.8
27.06	-9.617	-12.930	-49.3
27.07	-9.626	-11.920	-41.7
27.08	-9.636	-11.030	-47.8
27.09	-9.646	-10.230	-47.7
27.1	-9.657	-9.561	-40.9
27.11	-9.669	-9.097	-33.5
27.12	-9.682	-9.039	-35.7
27.13	-9.694	-9.327	-47.1
27.14	-9.704	-9.664	-42.7
27.15	-9.712	-10.142	-36.4
27.16	-9.719	-10.913	-41.4
27.17	-9.726	-11.633	-37.9
27.18	-9.733	-11.942	-29.3
27.19	-9.741	-12.039	-32.0
27.2	-9.748	-12.241	-36.9
27.21	-9.756	-12.692	-45.6
27.22	-9.766	-13.380	-51.8
27.23	-9.776	-13.848	-38.2
27.24	-9.786	-13.702	-40.8
27.25	-9.796	-13.239	-48.6
27.26	-9.806	-12.922	-33.1
27.27	-9.815	-12.703	-21.3
27.28	-9.823	-12.380	-25.1
27.29	-9.830	-12.169	-34.7
27.3	-9.836	-12.220	-46.5
27.31	-9.844	-12.411	-39.6
27.32	-9.853	-12.595	-26.4
27.33	-9.861	-12.603	-27.3
27.34	-9.869	-12.222	-33.5
27.35	-9.877	-11.602	-31.9
27.36	-9.885	-11.269	-31.6
27.37	-9.893	-11.213	-33.9
27.38	-9.900	-11.314	-35.3
27.39	-9.908	-11.692	-32.0
27.4	-9.916	-12.130	-19.6
27.41	-9.922	-12.353	-19.8
27.42	-9.927	-12.286	-31.2
27.43	-9.931	-11.947	-31.4
27.44	-9.935	-11.505	-28.2
27.45	-9.939	-11.225	-28.6
27.46	-9.942	-11.194	-28.8
27.47	-9.946	-11.263	-13.5
27.48	-9.950	-11.419	-8.6
27.49	-9.955	-11.667	-35.6
27.5	-9.959	-11.800	-48.3
27.51	-9.963	-11.711	-24.6
27.52	-9.967	-11.477	-8.3
27.53	-9.971	-11.466	-15.0
27.54	-9.974	-11.702	-24.6
27.55	-9.976	-11.798	-25.1
27.56	-9.978	-11.861	-19.6
27.57	-9.979	-11.966	-23.2
27.58	-9.981	-12.083	-33.2
27.59	-9.982	-12.361	-27.0
27.6	-9.983	-12.394	-13.9
27.61	-9.985	-11.816	-3.3
27.62	-9.988	-11.428	-8.9
27.63	-9.991	-11.764	-24.8
27.64	-9.994	-12.225	-11.3
27.65	-9.997	-12.445	11.8
27.66	-9.999	-12.514	16.8
27.67	-10.002	-12.417	21.9
27.68	-10.004	-12.164	23.2
27.69	-10.004	-12.050	2.5
27.7	-10.003	-12.252	-31.6
27.71	-10.000	-12.347	-32.4
27.72	-9.997	-11.941	-16.0
27.73	-9.994	-11.398	-29.2
27.74	-9.992	-11.286	-44.2
27.75	-9.989	-11.577	-34.0
27.76	-9.984	-11.894	-24.1
27.77	-9.977	-12.039	-23.3
27.78	-9.968	-12.173	-29.8
27.79	-9.963	-12.405	-38.3
27.8	-9.961	-12.398	-36.7
27.81	-9.960	-11.959	-23.8
27.82	-9.956	-11.442	-20.0
27.83	-9.943	-11.356	25.0
27.84	-9.921	-11.792	169.7
27.85	-9.895	-12.250	307.9
27.86	-9.865	-12.463	271.8
27.87	-9.833	-12.464	84.7
27.88	-9.799	-12.192	-52.5
27.89	-9.766	-11.667	-68.3
27.9	-9.734	-11.050	-40.8
27.91	-9.702	-10.725	-22.9
27.92	-9.664	-10.783	-27.3
27.93	-9.621	-10.772	-32.2
27.94	-9.577	-10.764	-24.6
27.95	-9.536	-11.259	-20.9
27.96	-9.499	-11.731	-22.0
27.97	-9.464	-11.731	-16.9
27.98	-9.432	-11.853	-14.7
27.99	-9.400	-11.941	-12.6
28.0	-9.372	-11.027	-16.1
28.01	-9.345	-8.591	-23.1
28.02	-9.321	-4.375	-11.4
28.03	-9.297	1.292	8.0
28.04	-9.274	6.888	8.0
28.05	-9.252	11.075	-0.5
28.06	-9.231	13.408	7.2
28.07	-9.211	13.456	24.8
28.08	-9.191	11.177	32.9
28.09	-9.171	7.361	40.4
28.1	-9.151	3.069	49.3
28.11	-9.132	-0.797	64.0
28.12	-9.113	-3.972	84.0
28.13	-9.094	-6.725	96.2
28.14	-9.074	-9.247	93.0
28.15	-9.056	-11.156	104.3
28.16	-9.038	-12.073	117.6
28.17	-9.023	-12.509	87.6
28.18	-9.009	-12.800	42.9
28.19	-8.999	-12.605	13.3
28.2	-8.989	-11.905	-6.6
28.21	-8.978	-11.155	-25.0
28.22	-8.965	-10.727	-46.1
28.23	-8.954	-10.545	-50.6
28.24	-8.943	-10.720	-41.9
28.25	-8.929	-11.591	-38.1
28.26	-8.915	-12.947	-56.4
28.27	-8.902	-14.277	-67.0
28.28	-8.890	-14.942	-54.3
28.29	-8.879	-14.500	-46.6
28.3	-8.869	-13.442	-45.4
28.31	-8.861	-12.477	-52.2
28.32	-8.852	-11.436	-57.5
28.33	-8.843	-10.119	-46.0
28.34	-8.834	-8.984	-33.4
28.35	-8.826	-8.347	-39.8
28.36	-8.818	-8.242	-50.5
28.37	-8.809	-8.598	-50.9
28.38	-8.800	-8.922	-47.1
28.39	-8.791	-9.153	-32.9
28.4	-8.781	-9.691	-35.1
28.41	-8.772	-10.375	-50.4
28.42	-8.763	-10.861	-64.3
28.43	-8.752	-11.294	-61.8
28.44	-8.744	-11.936	-42.4
28.45	-8.735	-12.589	-43.2
28.46	-8.726	-12.944	-53.6
28.47	-8.717	-13.005	-46.2
28.48	-8.709	-12.905	-42.2
28.49	-8.701	-12.719	-49.4
28.5	-8.694	-12.388	-48.9
28.51	-8.686	-12.011	-46.7
28.52	-8.677	-11.855	-51.7
28.53	-8.668	-11.823	-41.8
28.54	-8.659	-11.541	-31.9
28.55	-8.653	-11.130	-35.7
28.56	-8.647	-11.148	-35.7
28.57	-8.640	-11.561	-36.8
28.58	-8.634	-11.823	-35.6
28.59	-8.628	-11.759	-37.3
28.6	-8.623	-11.613	-40.3
28.61	-8.618	-11.639	-30.6
28.62	-8.613	-11.797	-28.8
28.63	-8.608	-11.903	-31.5
28.64	-8.603	-11.944	-28.3
28.65	-8.598	-11.828	-25.5
28.66	-8.592	-11.500	-27.5
28.67	-8.588	-11.194	-21.3
28.68	-8.582	-10.967	-17.4
28.69	-8.578	-10.763	-35.1
28.7	-8.574	-10.777	-44.7
28.71	-8.569	-11.033	-26.8
28.72	-8.564	-11.175	-18.7
28.73	-8.559	-11.178	-29.5
28.74	-8.555	-11.369	-27.7
28.75	-8.550	-11.483	-15.1
28.76	-8.544	-11.303	-18.2
28.77	-8.539	-11.230	-28.0
28.78	-8.534	-11.450	-34.3
28.79	-8.530	-11.672	-26.7
28.8	-8.525	-11.627	-14.0
28.81	-8.521	-11.614	-24.4
28.82	-8.516	-11.738	-44.3
28.83	-8.511	-11.709	-33.6
28.84	-8.506	-11.692	-13.3
28.85	-8.501	-11.636	-13.4
28.86	-8.496	-11.270	-25.7
28.87	-8.491	-10.998	-29.9
28.88	-8.486	-11.200	-24.1
28.89	-8.481	-11.609	-18.7
28.9	-8.474	-11.997	-13.9
28.91	-8.468	-12.334	-11.1
28.92	-8.463	-12.544	-6.2
28.93	-8.457	-12.609	7.5
28.94	-8.453	-12.475	24.7
28.95	-8.448	-12.202	24.3
28.96	-8.443	-12.016	3.7
28.97	-8.438	-11.819	-14.8
28.98	-8.433	-11.547	-31.3
28.99	-8.429	-11.417	-43.7
29.0	-8.426	-11.572	-40.5
29.01	-8.422	-11.961	-35.8
29.02	-8.419	-12.345	-48.2
29.03	-8.414	-12.650	-44.9
29.04	-8.409	-12.902	-29.4
29.05	-8.404	-12.916	-29.8
29.06	-8.401	-12.717	-32.4
29.07	-8.401	-12.534	-24.4
29.08	-8.402	-12.361	-35.3
29.09	-8.401	-12.248	-42.6
29.1	-8.396	-12.297	59.0
29.11	-8.389	-12.292	237.0
29.12	-8.383	-12.023	308.9
29.13	-8.376	-11.638	212.2
29.14	-8.371	-11.327	51.1
29.15	-8.367	-11.203	-36.8
29.16	-8.364	-11.281	-50.2
29.17	-8.359	-11.394	-47.6
29.18	-8.353	-11.445	-49.4
29.19	-8.344	-11.330	-45.1
29.2	-8.335	-11.133	-32.2
29.21	-8.326	-11.108	-28.6
29.22	-8.315	-11.177	-30.0
29.23	-8.304	-11.400	-36.8
29.24	-8.293	-11.594	-33.8
29.25	-8.281	-11.061	-24.1
29.26	-8.271	-9.259	-30.3
29.27	-8.263	-5.623	-24.1
29.28	-8.256	-0.028	-14.7
29.29	-8.248	6.516	-16.1
29.3	-8.242	12.422	-20.0
29.31	-8.236	16.272	-22.1
29.32	-8.231	17.300	-13.2
29.33	-8.228	15.825	-2.7
29.34	-8.224	12.663	-2.8
29.35	-8.222	8.336	4.4
29.36	-8.219	3.436	19.7
29.37	-8.217	-1.206	32.6
29.38	-8.214	-4.970	35.6
29.39	-8.212	-7.577	41.2
29.4	-8.209	-9.180	56.1
29.41	-8.206	-10.158	68.8
29.42	-8.204	-10.748	74.7
29.43	-8.202	-10.872	76.5
29.44	-8.201	-10.431	68.5
29.45	-8.200	-9.733	38.2
29.46	-8.201	-8.720	11.4
29.47	-8.202	-7.369	-2.1
29.48	-8.203	-6.523	-27.1
29.49	-8.205	-6.869	-50.6
29.5	-8.207	-7.920	-51.0
29.51	-8.211	-9.023	-44.6
29.52	-8.213	-10.567	-49.5
29.53	-8.213	-12.444	-52.9
29.54	-8.213	-13.338	-49.7
29.55	-8.213	-13.089	-36.7
29.56	-8.213	-12.664	-34.8
29.57	-8.214	-12.327	-59.4
29.58	-8.216	-11.723	-67.8
29.59	-8.217	-10.619	-49.1
29.6	-8.219	-9.455	-39.3
29.61	-8.221	-8.733	-38.1
29.62	-8.224	-8.484	-46.2
29.63	-8.229	-8.578	-48.7
29.64	-8.234	-8.631	-36.3
29.65	-8.238	-8.662	-41.5
29.66	-8.242	-9.200	-50.6
29.67	-8.245	-9.914	-46.1
29.68	-8.248	-10.063	-44.2
29.69	-8.251	-9.884	-40.8
29.7	-8.254	-10.034	-41.4
29.71	-8.258	-10.459	-33.4
29.72	-8.264	-10.705	-37.4
29.73	-8.272	-10.991	-51.9
29.74	-8.283	-11.714	-43.3
29.75	-8.297	-12.461	-34.3
29.76	-8.316	-12.766	-37.7
29.77	-8.338	-12.738	-38.2
29.78	-8.364	-12.614	-39.6
29.79	-8.391	-12.450	-40.8
29.8	-8.418	-12.233	-40.1
29.81	-8.446	-12.017	-36.3
29.82	-8.476	-11.798	-36.2
29.83	-8.506	-11.705	-41.8
29.84	-8.536	-11.877	-39.9
29.85	-8.567	-12.208	-33.3
29.86	-8.598	-12.430	-32.9
29.87	-8.628	-12.345	-34.0
29.88	-8.658	-12.188	-35.2
29.89	-8.688	-12.106	-34.7
29.9	-8.717	-11.942	-31.2
29.91	-8.744	-11.669	-31.4
29.92	-8.771	-11.430	-35.2
29.93	-8.796	-11.452	-35.5
29.94	-8.822	-12.014	-31.6
