Interval=	0.01 s
ExcelDateTime=	3.9777519260643647e+004	25/11/2008 12:27:44.119611
TimeFormat=	StartOfBlock
ChannelTitle=	Channel 1	Channel 2	Channel 3
Range=	20.000 mV	50.000 mV	1000.0 µV
0.0	-8.498	-7.781	-2.0
0.01	-8.499	-7.384	-26.3
0.02	-8.500	-7.320	-42.0
0.03	-8.499	-7.625	-38.6
0.04	-8.498	-8.300	-36.3
0.05	-8.497	-9.266	-32.0
0.06	-8.496	-10.477	-31.1
0.07	-8.495	-11.955	-41.3
0.08	-8.494	-13.575	-50.2
0.09	-8.492	-15.109	-43.1
0.1	-8.492	-16.416	-37.3
0.11	-8.491	-17.436	-44.7
0.12	-8.491	-18.191	-44.7
0.13	-8.489	-18.691	-33.7
0.14	-8.487	-18.877	-32.7
0.15	-8.484	-18.709	-36.5
0.16	-8.483	-18.241	-40.4
0.17	-8.482	-17.583	-40.6
0.18	-8.482	-16.848	-34.2
0.19	-8.481	-16.131	-33.7
0.2	-8.481	-15.502	-39.4
0.21	-8.481	-15.008	-38.0
0.22	-8.482	-14.672	-30.2
0.23	-8.484	-14.500	-34.2
0.24	-8.485	-14.497	-42.7
0.25	-8.486	-14.659	-33.4
0.26	-8.486	-14.953	-28.0
0.27	-8.486	-15.264	-34.8
0.28	-8.487	-15.539	-31.7
0.29	-8.488	-15.719	-27.6
0.3	-8.489	-15.717	-29.0
0.31	-8.489	-15.550	-26.3
0.32	-8.491	-15.236	-24.8
0.33	-8.492	-14.841	-28.6
0.34	-8.494	-14.503	-29.0
0.35	-8.495	-14.298	-23.6
0.36	-8.497	-14.234	-27.2
0.37	-8.499	-14.281	-34.0
0.38	-8.501	-14.417	-27.8
0.39	-8.503	-14.645	-25.0
0.4	-8.506	-14.914	-27.0
0.41	-8.508	-15.159	-22.2
0.42	-8.510	-15.372	-21.1
0.43	-8.512	-15.617	-20.5
0.44	-8.514	-16.031	-20.8
0.45	-8.517	-16.169	-24.1
0.46	-8.519	-15.927	-25.5
0.47	-8.523	-16.028	-23.2
0.48	-8.526	-16.163	-18.0
0.49	-8.529	-16.050	-18.9
0.5	-8.533	-16.005	-16.3
0.51	-8.537	-15.863	-15.3
0.52	-8.543	-15.730	-24.9
0.53	-8.549	-15.731	-22.9
0.54	-8.555	-15.683	-20.5
0.55	-8.561	-15.591	-26.8
0.56	-8.568	-15.547	-23.4
0.57	-8.575	-15.503	-15.7
0.58	-8.583	-15.438	-16.0
0.59	-8.592	-15.445	-19.3
0.6	-8.603	-15.500	-20.2
0.61	-8.615	-15.505	-13.3
0.62	-8.627	-15.491	-10.2
0.63	-8.640	-15.461	-14.8
0.64	-8.652	-15.403	-15.9
0.65	-8.666	-15.350	-13.1
0.66	-8.678	-15.283	-14.9
0.67	-8.690	-15.138	-19.8
0.68	-8.702	-14.923	-17.3
0.69	-8.714	-14.845	-16.7
0.7	-8.727	-14.763	-24.8
0.71	-8.741	-14.617	-20.5
0.72	-8.756	-14.705	-10.2
0.73	-8.771	-14.969	-7.1
0.74	-8.786	-15.369	-8.0
0.75	-8.803	-15.766	-6.4
0.76	-8.818	-15.788	0.8
0.77	-8.835	-15.525	9.3
0.78	-8.852	-15.333	25.4
0.79	-8.869	-15.280	31.4
0.8	-8.886	-15.330	29.6
0.81	-8.903	-15.498	22.2
0.82	-8.919	-15.684	0.8
0.83	-8.936	-15.728	-14.3
0.84	-8.952	-15.625	-21.5
0.85	-8.969	-15.397	-23.5
0.86	-8.985	-15.122	-20.3
0.87	-9.002	-14.914	-19.9
0.88	-9.019	-14.675	-27.3
0.89	-9.036	-14.478	-24.9
0.9	-9.052	-14.453	-23.1
0.91	-9.067	-14.552	-34.0
0.92	-9.081	-14.775	-28.6
0.93	-9.096	-14.986	-17.6
0.94	-9.113	-14.991	-20.1
0.95	-9.129	-14.781	-20.3
0.96	-9.144	-14.423	24.8
0.97	-9.156	-14.027	173.6
0.98	-9.168	-13.783	318.0
0.99	-9.182	-13.788	299.1
1.0	-9.197	-13.952	144.8
1.01	-9.213	-14.141	3.0
1.02	-9.229	-14.306	-37.8
1.03	-9.246	-14.464	-38.0
1.04	-9.262	-14.542	-36.2
1.05	-9.274	-14.602	-31.9
1.06	-9.283	-14.753	-26.6
1.07	-9.287	-14.836	-18.1
1.08	-9.291	-14.875	-24.5
1.09	-9.295	-15.027	-27.7
1.1	-9.299	-15.217	-21.9
1.11	-9.304	-15.302	-17.6
1.12	-9.309	-14.905	-14.6
1.13	-9.316	-13.086	-16.5
1.14	-9.324	-8.192	-19.0
1.15	-9.332	1.216	-16.3
1.16	-9.342	14.453	-9.7
1.17	-9.353	28.716	-3.4
1.18	-9.363	40.759	4.1
1.19	-9.373	48.109	4.9
1.2	-9.384	50.700	1.6
1.21	-9.395	50.464	5.8
1.22	-9.408	48.300	13.3
1.23	-9.421	43.863	21.5
1.24	-9.434	37.097	28.6
1.25	-9.447	28.942	32.9
1.26	-9.459	20.591	40.6
1.27	-9.471	12.619	59.3
1.28	-9.482	5.652	77.1
1.29	-9.492	0.055	83.3
1.3	-9.504	-4.245	82.7
1.31	-9.516	-7.108	92.4
1.32	-9.528	-8.408	97.8
1.33	-9.543	-8.361	71.9
1.34	-9.559	-7.334	39.6
1.35	-9.572	-5.867	16.1
1.36	-9.585	-4.611	0.0
1.37	-9.598	-4.044	-9.8
1.38	-9.611	-4.309	-22.4
1.39	-9.621	-5.683	-35.9
1.4	-9.631	-8.394	-39.3
1.41	-9.638	-11.678	-36.2
1.42	-9.646	-14.570	-39.4
1.43	-9.654	-16.528	-42.5
1.44	-9.664	-17.175	-40.8
1.45	-9.674	-16.675	-35.0
1.46	-9.685	-15.483	-31.2
1.47	-9.696	-13.853	-30.8
1.48	-9.707	-12.027	-27.1
1.49	-9.717	-10.261	-27.2
1.5	-9.728	-8.725	-32.7
1.51	-9.739	-7.577	-35.5
1.52	-9.749	-6.905	-37.4
1.53	-9.758	-6.698	-41.3
1.54	-9.764	-6.903	-38.1
1.55	-9.770	-7.466	-33.7
1.56	-9.776	-8.348	-35.2
1.57	-9.781	-9.581	-31.6
1.58	-9.787	-11.178	-28.8
1.59	-9.794	-12.984	-29.0
1.6	-9.801	-14.773	-30.2
1.61	-9.808	-16.314	-33.4
1.62	-9.816	-17.478	-39.6
1.63	-9.824	-18.269	-40.4
1.64	-9.832	-18.692	-31.4
1.65	-9.841	-18.756	-34.5
1.66	-9.849	-18.488	-39.3
1.67	-9.856	-18.003	-33.8
1.68	-9.862	-17.456	-27.1
1.69	-9.867	-16.864	-25.2
1.7	-9.872	-16.309	-30.0
1.71	-9.877	-15.928	-24.3
1.72	-9.883	-15.738	-26.0
1.73	-9.889	-15.667	-37.5
1.74	-9.896	-15.581	-36.5
1.75	-9.901	-15.434	-30.4
1.76	-9.908	-15.303	-30.1
1.77	-9.914	-15.252	-29.3
1.78	-9.919	-15.267	-23.8
1.79	-9.924	-15.259	-24.9
1.8	-9.929	-15.139	-25.9
1.81	-9.934	-14.902	-23.0
1.82	-9.939	-14.586	-23.8
1.83	-9.943	-14.280	-27.8
1.84	-9.948	-14.056	-26.8
1.85	-9.952	-13.930	-23.3
1.86	-9.954	-13.947	-23.0
1.87	-9.956	-14.119	-23.8
1.88	-9.957	-14.406	-23.1
1.89	-9.959	-14.788	-18.3
1.9	-9.961	-15.148	-21.3
1.91	-9.963	-15.405	-23.1
1.92	-9.963	-15.545	-22.4
1.93	-9.962	-15.555	-25.2
1.94	-9.960	-15.508	-21.1
1.95	-9.956	-15.480	-12.8
1.96	-9.950	-15.467	-16.2
1.97	-9.942	-15.509	-24.6
1.98	-9.931	-15.598	-16.6
1.99	-9.916	-15.655	-14.7
2.0	-9.899	-15.678	-24.6
2.01	-9.879	-15.728	-20.0
2.02	-9.857	-15.783	-14.4
2.03	-9.836	-15.755	-15.7
2.04	-9.813	-15.603	-13.6
2.05	-9.789	-15.423	-11.0
2.06	-9.766	-15.386	-11.6
2.07	-9.744	-15.527	-18.3
2.08	-9.722	-15.673	-19.4
2.09	-9.701	-15.697	-17.7
2.1	-9.681	-15.672	-18.4
2.11	-9.661	-15.670	-11.0
2.12	-9.641	-15.684	-8.3
2.13	-9.621	-15.686	-14.6
2.14	-9.601	-15.620	-16.4
2.15	-9.582	-15.436	-17.2
2.16	-9.563	-15.158	-18.7
2.17	-9.544	-14.889	-9.9
2.18	-9.527	-14.752	5.9
2.19	-9.509	-14.777	13.5
2.2	-9.492	-14.877	20.5
2.21	-9.476	-14.969	34.9
2.22	-9.459	-15.086	37.1
2.23	-9.444	-15.230	22.7
2.24	-9.428	-15.353	2.7
2.25	-9.411	-15.472	-21.4
2.26	-9.396	-15.517	-36.6
2.27	-9.380	-15.434	-31.6
2.28	-9.365	-15.288	-23.2
2.29	-9.351	-15.122	-19.4
2.3	-9.336	-14.933	-25.2
2.31	-9.321	-14.741	-35.3
2.32	-9.307	-14.578	-33.0
2.33	-9.293	-14.486	-28.9
2.34	-9.279	-14.523	-26.5
2.35	-9.266	-14.706	-29.4
2.36	-9.256	-14.947	-32.7
2.37	-9.248	-15.150	-23.1
2.38	-9.238	-15.288	-4.6
2.39	-9.225	-15.311	94.1
2.4	-9.209	-15.173	251.4
2.41	-9.192	-14.883	282.4
2.42	-9.176	-14.553	145.5
2.43	-9.162	-14.356	-4.6
2.44	-9.149	-14.355	-53.6
2.45	-9.136	-14.514	-42.4
2.46	-9.122	-14.789	-29.1
2.47	-9.108	-15.106	-29.8
2.48	-9.092	-15.428	-36.1
2.49	-9.072	-15.741	-29.7
2.5	-9.049	-15.992	-24.4
2.51	-9.026	-16.120	-25.2
2.52	-9.003	-16.111	-19.3
2.53	-8.982	-15.984	-15.7
2.54	-8.963	-15.739	-17.2
2.55	-8.944	-15.263	-14.2
2.56	-8.926	-14.106	-11.4
2.57	-8.909	-11.169	-12.4
2.58	-8.893	-4.992	-11.0
2.59	-8.877	5.031	-9.2
2.6	-8.864	17.550	-5.0
2.61	-8.851	29.753	-1.5
2.62	-8.839	39.080	1.8
2.63	-8.827	44.383	14.6
2.64	-8.816	45.884	26.1
2.65	-8.804	44.434	28.8
2.66	-8.794	40.845	33.9
2.67	-8.784	35.605	46.4
2.68	-8.774	29.034	57.3
2.69	-8.764	21.611	68.2
2.7	-8.753	13.939	82.6
2.71	-8.743	6.645	96.3
2.72	-8.735	0.248	103.5
2.73	-8.728	-4.961	100.0
2.74	-8.724	-8.848	89.2
2.75	-8.721	-11.317	71.2
2.76	-8.716	-12.442	44.7
2.77	-8.711	-12.558	11.8
2.78	-8.706	-12.083	-15.9
2.79	-8.701	-11.517	-34.2
2.8	-8.696	-11.386	-40.1
2.81	-8.690	-12.027	-45.3
2.82	-8.683	-13.456	-55.3
2.83	-8.678	-15.280	-58.4
2.84	-8.672	-16.792	-61.3
2.85	-8.668	-17.467	-61.0
2.86	-8.664	-17.120	-54.7
2.87	-8.662	-15.833	-50.0
2.88	-8.659	-13.944	-44.7
2.89	-8.658	-11.809	-37.5
2.9	-8.656	-9.700	-41.5
2.91	-8.655	-7.855	-48.3
2.92	-8.653	-6.413	-38.8
2.93	-8.651	-5.442	-34.4
2.94	-8.648	-4.991	-40.3
2.95	-8.644	-5.081	-41.2
2.96	-8.640	-5.661	-39.6
2.97	-8.636	-6.638	-40.3
2.98	-8.631	-7.928	-40.4
2.99	-8.627	-9.481	-45.1
3.0	-8.622	-11.244	-53.7
3.01	-8.617	-13.078	-51.4
3.02	-8.614	-14.820	-42.3
3.03	-8.609	-16.378	-39.2
3.04	-8.606	-17.670	-41.8
3.05	-8.603	-18.581	-44.1
3.06	-8.599	-19.031	-48.8
3.07	-8.596	-19.066	-48.4
3.08	-8.593	-18.800	-36.6
3.09	-8.589	-18.320	-33.1
3.1	-8.586	-17.697	-42.2
3.11	-8.582	-16.955	-48.8
3.12	-8.579	-16.186	-48.3
3.13	-8.575	-15.572	-44.4
3.14	-8.572	-15.225	-41.2
3.15	-8.568	-15.145	-34.0
3.16	-8.565	-15.198	-30.6
3.17	-8.562	-15.231	-35.3
3.18	-8.559	-15.242	-32.7
3.19	-8.557	-15.309	-31.9
3.2	-8.554	-15.419	-34.5
3.21	-8.551	-15.458	-37.1
3.22	-8.547	-15.389	-40.2
3.23	-8.544	-15.227	-38.0
3.24	-8.542	-15.013	-29.5
3.25	-8.539	-14.780	-28.4
3.26	-8.536	-14.508	-37.4
3.27	-8.534	-14.220	-31.8
3.28	-8.532	-13.964	-24.0
3.29	-8.531	-13.788	-25.8
3.3	-8.529	-13.792	-27.8
3.31	-8.527	-14.005	-30.7
3.32	-8.524	-14.344	-32.4
3.33	-8.523	-14.680	-33.6
3.34	-8.522	-14.872	-29.0
3.35	-8.521	-14.911	-25.2
3.36	-8.519	-14.892	-27.5
3.37	-8.518	-14.880	-25.2
3.38	-8.516	-14.898	-21.7
3.39	-8.514	-14.947	-25.9
3.4	-8.512	-15.033	-29.5
3.41	-8.509	-15.131	-24.4
3.42	-8.506	-15.234	-21.1
3.43	-8.502	-15.397	-25.8
3.44	-8.498	-15.592	-27.0
3.45	-8.494	-15.738	-25.5
3.46	-8.491	-15.800	-22.7
3.47	-8.489	-15.803	-20.5
3.48	-8.487	-15.800	-20.2
3.49	-8.484	-15.805	-18.3
3.5	-8.481	-15.772	-19.4
3.51	-8.479	-15.650	-23.1
3.52	-8.477	-15.486	-28.8
3.53	-8.476	-15.373	-26.1
3.54	-8.476	-15.345	-16.2
3.55	-8.477	-15.345	-16.7
3.56	-8.477	-15.314	-19.7
3.57	-8.477	-15.302	-20.5
3.58	-8.477	-15.339	-18.5
3.59	-8.476	-15.380	-12.8
3.6	-8.476	-15.406	-5.6
3.61	-8.476	-15.406	8.3
3.62	-8.476	-15.353	23.3
3.63	-8.476	-15.248	30.5
3.64	-8.477	-15.136	22.0
3.65	-8.477	-15.034	7.1
3.66	-8.477	-14.944	-2.3
3.67	-8.477	-14.889	-23.2
3.68	-8.478	-14.886	-37.4
3.69	-8.478	-14.925	-32.5
3.7	-8.478	-14.966	-30.7
3.71	-8.479	-14.980	-31.5
3.72	-8.480	-14.958	-36.6
3.73	-8.481	-14.888	-41.9
3.74	-8.481	-14.795	-32.9
3.75	-8.483	-14.698	-24.7
3.76	-8.486	-14.530	-32.1
3.77	-8.490	-14.314	-39.8
3.78	-8.494	-14.211	-39.5
3.79	-8.495	-14.253	-9.8
3.8	-8.493	-14.319	122.2
3.81	-8.490	-14.336	285.5
3.82	-8.488	-14.350	305.4
3.83	-8.487	-14.434	175.7
3.84	-8.488	-14.652	20.3
3.85	-8.489	-14.945	-49.1
3.86	-8.493	-15.191	-51.0
3.87	-8.496	-15.347	-46.2
3.88	-8.496	-15.422	-42.0
3.89	-8.493	-15.409	-43.3
3.9	-8.489	-15.350	-39.6
3.91	-8.485	-15.314	-31.7
3.92	-8.481	-15.297	-32.3
3.93	-8.476	-15.197	-33.8
3.94	-8.469	-14.888	-29.3
3.95	-8.462	-14.200	-27.1
3.96	-8.454	-12.538	-27.6
3.97	-8.446	-8.438	-25.8
3.98	-8.440	-0.289	-23.3
3.99	-8.435	11.892	-21.1
4.0	-8.430	25.934	-15.7
4.01	-8.426	38.667	-11.0
4.02	-8.423	47.091	-13.8
4.03	-8.421	50.473	-17.1
4.04	-8.421	50.978	-9.2
4.05	-8.421	49.845	-0.8
4.06	-8.422	46.181	0.5
4.07	-8.424	40.095	5.1
4.08	-8.426	32.786	22.9
4.09	-8.428	24.813	38.4
4.1	-8.429	16.766	43.9
4.11	-8.429	9.638	50.1
4.12	-8.429	3.800	58.0
4.13	-8.429	-0.878	70.8
4.14	-8.430	-4.181	78.6
4.15	-8.431	-5.866	78.0
4.16	-8.434	-6.175	67.0
4.17	-8.439	-5.509	37.3
4.18	-8.444	-4.331	11.0
4.19	-8.447	-3.256	-2.1
4.2	-8.452	-2.831	-13.2
4.21	-8.456	-3.414	-26.8
4.22	-8.461	-5.198	-36.1
4.23	-8.464	-8.091	-41.6
4.24	-8.466	-11.527	-44.0
4.25	-8.467	-14.619	-43.8
4.26	-8.470	-16.689	-47.2
4.27	-8.474	-17.511	-52.4
4.28	-8.478	-17.233	-50.8
4.29	-8.481	-16.172	-42.5
4.3	-8.485	-14.659	-41.9
4.31	-8.489	-12.964	-41.7
4.32	-8.495	-11.241	-36.8
4.33	-8.502	-9.661	-40.5
4.34	-8.509	-8.427	-44.6
4.35	-8.516	-7.613	-46.4
4.36	-8.522	-7.202	-43.4
4.37	-8.526	-7.194	-38.3
4.38	-8.530	-7.575	-39.4
4.39	-8.533	-8.336	-39.6
4.4	-8.535	-9.498	-40.9
4.41	-8.536	-10.983	-41.3
4.42	-8.537	-12.588	-38.6
4.43	-8.538	-14.177	-38.8
4.44	-8.539	-15.683	-41.8
4.45	-8.541	-16.933	-43.1
4.46	-8.542	-17.816	-39.5
4.47	-8.544	-18.378	-39.4
4.48	-8.545	-18.641	-37.3
4.49	-8.547	-18.636	-40.0
4.5	-8.551	-18.455	-40.8
4.51	-8.554	-18.144	-32.3
4.52	-8.558	-17.670	-38.0
4.53	-8.562	-17.063	-39.8
4.54	-8.566	-16.444	-31.0
4.55	-8.571	-15.897	-31.3
4.56	-8.577	-15.450	-31.7
4.57	-8.584	-15.103	-30.2
4.58	-8.592	-14.897	-31.3
4.59	-8.602	-14.872	-33.0
4.6	-8.611	-14.961	-35.7
4.61	-8.622	-15.098	-35.7
4.62	-8.633	-15.317	-30.9
4.63	-8.644	-15.563	-28.9
4.64	-8.656	-15.713	-24.8
4.65	-8.668	-15.763	-24.1
4.66	-8.681	-15.758	-30.1
4.67	-8.693	-15.691	-27.6
4.68	-8.705	-15.528	-23.3
4.69	-8.717	-15.338	-27.2
4.7	-8.729	-15.156	-27.2
4.71	-8.742	-14.898	-24.5
4.72	-8.756	-14.680	-29.3
4.73	-8.769	-14.691	-30.7
4.74	-8.783	-14.872	-19.5
4.75	-8.796	-15.058	-20.4
4.76	-8.810	-15.203	-28.6
4.77	-8.824	-15.383	-24.9
4.78	-8.839	-15.595	-17.8
4.79	-8.854	-15.781	-18.7
4.8	-8.868	-15.956	-25.7
4.81	-8.883	-16.078	-29.1
4.82	-8.899	-16.045	-28.0
4.83	-8.914	-15.905	-22.6
4.84	-8.929	-15.831	-19.8
4.85	-8.943	-15.863	-22.0
4.86	-8.958	-15.928	-19.9
4.87	-8.973	-16.047	-21.3
4.88	-8.988	-16.188	-22.3
4.89	-9.002	-16.247	-14.2
4.9	-9.016	-16.216	-11.3
4.91	-9.031	-16.125	-16.9
4.92	-9.046	-15.948	-21.3
4.93	-9.060	-15.709	-24.1
4.94	-9.075	-15.544	-19.1
4.95	-9.089	-15.511	-15.9
4.96	-9.104	-15.519	-16.6
4.97	-9.119	-15.516	-15.7
4.98	-9.133	-15.541	-19.6
4.99	-9.146	-15.575	-24.2
5.0	-9.159	-15.564	-20.9
5.01	-9.172	-15.503	-11.4
5.02	-9.184	-15.458	-4.6
5.03	-9.198	-15.367	-9.3
5.04	-9.211	-15.092	-8.6
5.05	-9.224	-14.791	-1.5
5.06	-9.236	-14.736	3.9
5.07	-9.249	-14.856	15.0
5.08	-9.262	-14.908	25.8
5.09	-9.275	-14.938	28.5
5.1	-9.288	-15.066	22.8
5.11	-9.300	-15.236	9.6
5.12	-9.311	-15.391	-12.6
5.13	-9.322	-15.498	-28.9
5.14	-9.334	-15.477	-27.4
5.15	-9.348	-15.284	-30.2
5.16	-9.361	-14.997	-33.3
5.17	-9.375	-14.734	-27.8
5.18	-9.388	-14.550	-26.9
5.19	-9.400	-14.453	-28.3
5.2	-9.411	-14.438	-26.0
5.21	-9.422	-14.447	-25.0
5.22	-9.436	-14.447	-24.7
5.23	-9.450	-14.473	-22.3
5.24	-9.464	-14.519	-20.3
5.25	-9.475	-14.531	34.2
5.26	-9.483	-14.513	193.5
5.27	-9.491	-14.489	314.1
5.28	-9.502	-14.547	263.0
5.29	-9.514	-14.752	101.7
5.3	-9.525	-15.039	-26.4
5.31	-9.536	-15.308	-52.6
5.32	-9.548	-15.475	-37.0
5.33	-9.559	-15.466	-28.8
5.34	-9.564	-15.316	-27.7
5.35	-9.563	-15.172	-28.2
5.36	-9.559	-15.044	-34.3
5.37	-9.555	-14.813	-33.8
5.38	-9.553	-14.484	-23.8
5.39	-9.551	-14.081	-22.2
5.4	-9.551	-13.680	-22.6
5.41	-9.552	-13.189	-24.8
5.42	-9.554	-11.666	-25.4
5.43	-9.558	-7.383	-18.9
5.44	-9.562	1.077	-18.4
5.45	-9.567	13.295	-16.3
5.46	-9.574	26.672	-7.8
5.47	-9.581	38.067	-1.5
5.48	-9.588	45.670	4.3
5.49	-9.594	49.392	4.7
5.5	-9.602	49.986	8.1
5.51	-9.609	48.136	14.8
5.52	-9.617	44.088	21.7
5.53	-9.625	37.991	32.9
5.54	-9.631	30.359	44.3
5.55	-9.638	22.052	52.5
5.56	-9.643	13.961	61.7
5.57	-9.649	6.775	76.2
5.58	-9.655	0.875	89.8
5.59	-9.661	-3.539	93.8
5.6	-9.669	-6.327	88.1
5.61	-9.679	-7.514	74.8
5.62	-9.693	-7.373	53.1
5.63	-9.706	-6.395	27.9
5.64	-9.717	-5.239	8.2
5.65	-9.729	-4.486	-16.3
5.66	-9.739	-4.527	-36.0
5.67	-9.749	-5.633	-43.2
5.68	-9.757	-7.848	-48.0
5.69	-9.764	-10.838	-50.4
5.7	-9.771	-13.928	-52.0
5.71	-9.779	-16.363	-50.4
5.72	-9.787	-17.608	-48.8
5.73	-9.796	-17.581	-54.5
5.74	-9.805	-16.538	-51.8
5.75	-9.813	-14.784	-47.3
5.76	-9.819	-12.658	-44.2
5.77	-9.826	-10.516	-37.0
5.78	-9.834	-8.667	-39.6
5.79	-9.843	-7.258	-40.8
5.8	-9.853	-6.289	-37.9
5.81	-9.861	-5.777	-44.2
5.82	-9.869	-5.752	-41.5
5.83	-9.874	-6.217	-38.1
5.84	-9.876	-7.188	-44.3
5.85	-9.880	-8.561	-47.1
5.86	-9.884	-10.155	-46.1
5.87	-9.888	-11.877	-41.3
5.88	-9.893	-13.636	-39.5
5.89	-9.898	-15.306	-40.4
5.9	-9.902	-16.777	-38.4
5.91	-9.908	-17.919	-37.9
5.92	-9.911	-18.616	-40.9
5.93	-9.914	-18.873	-49.2
5.94	-9.918	-18.766	-44.7
5.95	-9.921	-18.256	-35.3
5.96	-9.924	-17.317	-39.4
5.97	-9.929	-16.089	-43.1
5.98	-9.933	-14.964	-42.2
5.99	-9.936	-13.797	-39.0
6.0	-9.940	-11.866	-37.8
6.01	-9.944	-9.419	-41.6
6.02	-9.948	-7.794	-39.0
6.03	-9.954	-7.256	-39.0
6.04	-9.960	-7.209	-39.2
6.05	-9.966	-7.586	-36.3
6.06	-9.970	-8.402	-45.3
6.07	-9.974	-9.620	-45.8
6.08	-9.979	-10.755	-38.1
6.09	-9.982	-11.275	-46.7
6.1	-9.986	-11.253	-51.2
6.11	-9.989	-10.958	-51.7
6.12	-9.992	-10.711	-54.0
6.13	-9.995	-11.111	-57.6
6.14	-9.995	-12.708	-63.3
6.15	-9.994	-15.113	-62.4
6.16	-9.991	-17.611	-57.1
6.17	-9.986	-20.091	-52.7
6.18	-9.981	-21.989	-53.5
6.19	-9.974	-22.378	-58.5
6.2	-9.968	-21.666	-56.8
6.21	-9.961	-20.988	-52.7
6.22	-9.953	-20.791	-52.6
6.23	-9.941	-21.055	-49.5
6.24	-9.929	-21.563	-41.0
6.25	-9.914	-21.878	-30.9
6.26	-9.898	-21.759	-24.5
6.27	-9.882	-21.258	-21.5
6.28	-9.864	-20.491	-17.5
6.29	-9.846	-19.528	-15.3
6.3	-9.828	-18.450	-12.1
6.31	-9.808	-17.447	-12.4
6.32	-9.788	-16.650	-12.3
6.33	-9.769	-16.023	-10.3
6.34	-9.750	-15.495	-11.5
6.35	-9.731	-15.030	-11.0
6.36	-9.714	-14.678	-6.8
6.37	-9.696	-14.556	-3.5
6.38	-9.678	-14.708	-1.8
6.39	-9.660	-15.017	-7.2
6.4	-9.642	-15.284	-3.9
6.41	-9.624	-15.427	4.9
6.42	-9.607	-15.478	10.2
6.43	-9.591	-15.467	28.7
6.44	-9.575	-15.338	43.2
6.45	-9.559	-15.009	44.8
6.46	-9.544	-14.542	35.2
6.47	-9.527	-14.122	7.1
6.48	-9.511	-13.806	-13.6
6.49	-9.496	-13.564	-24.2
6.5	-9.481	-13.495	-31.0
6.51	-9.466	-13.675	-28.1
6.52	-9.452	-14.038	-23.1
6.53	-9.437	-14.505	-25.2
6.54	-9.422	-15.011	-28.9
6.55	-9.406	-15.428	-25.1
6.56	-9.390	-15.634	-15.3
6.57	-9.374	-15.595	-16.4
6.58	-9.358	-15.370	-23.3
6.59	-9.346	-15.044	-22.6
6.6	-9.337	-14.719	-21.9
6.61	-9.329	-14.508	-19.3
6.62	-9.318	-14.402	17.2
6.63	-9.303	-14.313	140.3
6.64	-9.284	-14.191	276.5
6.65	-9.266	-14.080	264.6
6.66	-9.250	-14.116	113.7
6.67	-9.234	-14.391	-14.6
6.68	-9.219	-14.780	-46.5
6.69	-9.203	-15.117	-36.6
6.7	-9.187	-15.378	-23.3
6.71	-9.171	-15.544	-22.6
6.72	-9.155	-15.619	-24.2
6.73	-9.134	-15.709	-22.4
6.74	-9.110	-15.817	-25.2
6.75	-9.086	-15.834	-27.1
6.76	-9.062	-15.778	-23.5
6.77	-9.039	-15.702	-19.2
6.78	-9.019	-15.556	-15.3
6.79	-8.999	-15.228	-10.0
6.8	-8.979	-14.233	-6.1
6.81	-8.960	-11.422	-9.4
6.82	-8.941	-5.473	-10.4
6.83	-8.924	3.892	-6.9
6.84	-8.908	15.228	-4.3
6.85	-8.893	26.106	5.9
6.86	-8.878	34.552	20.3
6.87	-8.864	39.828	20.9
6.88	-8.850	42.167	18.5
6.89	-8.836	42.009	26.1
6.9	-8.824	39.494	40.0
6.91	-8.811	34.750	56.9
6.92	-8.801	28.325	72.9
6.93	-8.789	21.038	87.1
6.94	-8.779	13.683	102.6
6.95	-8.767	6.831	112.1
6.96	-8.756	0.848	111.4
6.97	-8.746	-3.989	104.3
6.98	-8.740	-7.544	85.0
6.99	-8.734	-9.770	54.2
7.0	-8.729	-10.723	33.9
7.01	-8.721	-10.717	7.6
7.02	-8.714	-10.297	-24.0
7.03	-8.709	-10.069	-34.7
7.04	-8.703	-10.555	-41.2
7.05	-8.696	-11.967	-54.3
7.06	-8.688	-14.064	-60.5
7.07	-8.681	-16.300	-57.5
7.08	-8.674	-18.000	-51.4
7.09	-8.668	-18.603	-57.6
7.1	-8.664	-17.983	-64.0
7.11	-8.660	-16.448	-47.5
7.12	-8.657	-14.355	-32.6
7.13	-8.655	-12.131	-33.8
7.14	-8.653	-10.253	-37.3
7.15	-8.651	-8.677	-39.3
7.16	-8.649	-7.295	-38.8
7.17	-8.647	-6.359	-40.1
7.18	-8.644	-5.928	-40.4
7.19	-8.640	-5.913	-37.9
7.2	-8.635	-6.414	-35.0
7.21	-8.630	-7.470	-34.4
7.22	-8.626	-8.911	-38.2
7.23	-8.621	-10.614	-46.4
7.24	-8.617	-12.522	-40.8
7.25	-8.613	-14.500	-33.7
7.26	-8.609	-16.380	-38.8
7.27	-8.606	-17.948	-43.6
7.28	-8.603	-18.989	-43.1
7.29	-8.599	-19.475	-43.2
7.3	-8.595	-19.520	-44.5
7.31	-8.591	-19.209	-42.3
7.32	-8.587	-18.627	-38.8
7.33	-8.583	-17.883	-34.8
7.34	-8.579	-17.092	-37.7
7.35	-8.574	-16.370	-42.5
7.36	-8.571	-15.808	-36.8
7.37	-8.566	-15.439	-36.0
7.38	-8.561	-15.248	-35.2
7.39	-8.557	-15.192	-36.5
7.4	-8.553	-15.184	-45.5
7.41	-8.549	-15.211	-43.3
7.42	-8.544	-15.286	-34.8
7.43	-8.540	-15.375	-32.3
7.44	-8.536	-15.488	-34.1
7.45	-8.533	-15.627	-35.2
7.46	-8.529	-15.748	-32.2
7.47	-8.526	-15.827	-36.1
7.48	-8.523	-15.848	-33.0
7.49	-8.520	-15.783	-23.5
7.5	-8.517	-15.602	-24.4
7.51	-8.513	-15.333	-29.4
7.52	-8.511	-15.039	-30.5
7.53	-8.508	-14.758	-27.3
7.54	-8.506	-14.547	-26.0
7.55	-8.504	-14.458	-28.7
7.56	-8.502	-14.491	-28.4
7.57	-8.500	-14.658	-23.3
7.58	-8.498	-14.942	-21.9
7.59	-8.496	-15.264	-28.2
7.6	-8.494	-15.591	-29.8
7.61	-8.491	-15.909	-28.7
7.62	-8.488	-16.181	-29.3
7.63	-8.485	-16.383	-25.5
7.64	-8.482	-16.527	-17.2
7.65	-8.479	-16.628	-18.2
7.66	-8.477	-16.670	-26.8
7.67	-8.475	-16.598	-29.8
7.68	-8.473	-16.414	-25.0
7.69	-8.470	-16.169	-15.0
7.7	-8.468	-15.892	-11.8
7.71	-8.467	-15.670	-16.8
7.72	-8.465	-15.584	-21.6
7.73	-8.464	-15.606	-27.3
7.74	-8.463	-15.705	-28.7
7.75	-8.462	-15.886	-22.1
7.76	-8.461	-16.095	-13.8
7.77	-8.459	-16.225	-16.8
7.78	-8.457	-16.239	-18.7
7.79	-8.456	-16.169	-17.6
7.8	-8.454	-16.061	-21.1
7.81	-8.453	-15.927	-18.7
7.82	-8.451	-15.728	-18.9
7.83	-8.449	-15.489	-19.2
7.84	-8.447	-15.322	-10.6
7.85	-8.446	-15.280	-12.5
7.86	-8.446	-15.294	-21.8
7.87	-8.444	-15.291	-20.6
7.88	-8.443	-15.275	-15.2
7.89	-8.440	-15.278	-13.7
7.9	-8.437	-15.363	-8.8
7.91	-8.434	-15.536	-3.2
7.92	-8.433	-15.705	3.6
7.93	-8.433	-15.828	19.1
7.94	-8.432	-15.894	34.7
7.95	-8.431	-15.850	29.5
7.96	-8.429	-15.694	12.1
7.97	-8.427	-15.502	-3.5
7.98	-8.426	-15.342	-20.0
7.99	-8.425	-15.247	-32.9
8.0	-8.424	-15.236	-30.1
8.01	-8.424	-15.292	-26.8
8.02	-8.423	-15.392	-32.8
8.03	-8.422	-15.514	-28.0
8.04	-8.422	-15.619	-23.8
8.05	-8.421	-15.648	-33.4
8.06	-8.419	-15.566	-33.7
8.07	-8.418	-15.389	-29.4
8.08	-8.418	-15.216	-25.1
8.09	-8.419	-15.083	-21.0
8.1	-8.421	-14.947	-25.8
8.11	-8.423	-14.788	-26.3
8.12	-8.423	-14.683	12.6
8.13	-8.421	-14.697	146.0
8.14	-8.419	-14.789	288.8
8.15	-8.417	-14.933	279.1
8.16	-8.416	-15.175	143.3
8.17	-8.417	-15.455	8.9
8.18	-8.419	-15.661	-43.8
8.19	-8.422	-15.775	-39.2
8.2	-8.425	-15.802	-27.4
8.21	-8.424	-15.734	-27.5
8.22	-8.421	-15.622	-30.9
8.23	-8.417	-15.525	-33.8
8.24	-8.412	-15.450	-33.3
8.25	-8.409	-15.386	-28.8
8.26	-8.404	-15.272	-26.5
8.27	-8.399	-15.008	-23.9
8.28	-8.393	-14.292	-27.0
8.29	-8.386	-12.119	-25.7
8.3	-8.381	-6.930	-20.2
8.31	-8.376	2.198	-18.2
8.32	-8.371	14.356	-10.7
8.33	-8.367	26.928	-12.7
8.34	-8.364	37.214	-22.4
8.35	-8.362	44.067	-16.8
8.36	-8.361	47.727	-4.4
8.37	-8.361	48.398	-3.6
8.38	-8.361	45.914	0.3
8.39	-8.363	40.552	10.2
8.4	-8.364	33.220	16.6
8.41	-8.366	25.058	22.9
8.42	-8.367	17.081	33.1
8.43	-8.369	9.934	42.9
8.44	-8.370	4.005	55.9
8.45	-8.372	-0.486	66.7
8.46	-8.373	-3.556	70.7
8.47	-8.372	-5.278	79.1
8.48	-8.373	-5.738	78.1
8.49	-8.376	-5.225	58.1
8.5	-8.381	-4.095	45.0
8.51	-8.386	-2.750	24.9
8.52	-8.391	-1.828	-10.2
8.53	-8.397	-1.891	-28.2
8.54	-8.403	-3.130	-32.2
8.55	-8.409	-5.556	-39.1
8.56	-8.414	-8.975	-37.7
8.57	-8.417	-12.755	-36.9
8.58	-8.419	-16.036	-46.1
8.59	-8.422	-18.183	-48.9
8.6	-8.426	-19.002	-38.8
8.61	-8.430	-18.639	-35.3
8.62	-8.436	-17.373	-42.9
8.63	-8.441	-15.556	-43.7
8.64	-8.447	-13.572	-44.4
8.65	-8.456	-11.725	-49.6
8.66	-8.466	-10.211	-46.8
8.67	-8.477	-9.109	-42.6
8.68	-8.489	-8.480	-39.8
8.69	-8.501	-8.380	-43.4
8.7	-8.512	-8.742	-44.1
8.71	-8.524	-9.423	-38.3
8.72	-8.536	-10.317	-44.4
8.73	-8.547	-11.395	-42.6
8.74	-8.560	-12.605	-32.3
8.75	-8.573	-13.845	-33.0
8.76	-8.587	-15.083	-39.6
8.77	-8.601	-16.264	-40.7
8.78	-8.614	-17.269	-34.1
8.79	-8.627	-17.986	-39.5
8.8	-8.641	-18.403	-41.8
8.81	-8.655	-18.613	-33.7
8.82	-8.669	-18.644	-30.5
8.83	-8.683	-18.422	-39.5
8.84	-8.697	-17.984	-46.4
8.85	-8.711	-17.459	-39.7
8.86	-8.726	-16.903	-33.7
8.87	-8.740	-16.392	-36.4
8.88	-8.754	-16.033	-37.0
8.89	-8.769	-15.803	-34.2
8.9	-8.784	-15.686	-35.3
8.91	-8.800	-15.681	-33.8
8.92	-8.815	-15.683	-32.3
8.93	-8.830	-15.672	-32.3
8.94	-8.845	-15.694	-26.0
8.95	-8.861	-15.723	-27.3
8.96	-8.876	-15.742	-36.3
8.97	-8.891	-15.753	-36.7
8.98	-8.906	-15.780	-29.0
8.99	-8.921	-15.788	-27.4
9.0	-8.937	-15.745	-28.8
9.01	-8.953	-15.692	-27.2
9.02	-8.967	-15.614	-28.4
9.03	-8.982	-15.489	-31.8
9.04	-8.998	-15.416	-27.6
9.05	-9.014	-15.434	-22.8
9.06	-9.030	-15.478	-27.1
9.07	-9.046	-15.558	-29.9
9.08	-9.061	-15.722	-25.2
9.09	-9.076	-15.928	-22.9
9.1	-9.092	-16.103	-25.0
9.11	-9.107	-16.241	-25.9
9.12	-9.122	-16.372	-21.5
9.13	-9.137	-16.472	-24.5
9.14	-9.152	-16.483	-27.4
9.15	-9.168	-16.416	-23.9
9.16	-9.183	-16.328	-20.6
9.17	-9.198	-16.231	-16.3
9.18	-9.214	-16.111	-18.5
9.19	-9.229	-15.997	-25.1
9.2	-9.242	-15.934	-23.7
9.21	-9.256	-15.933	-20.6
9.22	-9.271	-15.967	-22.6
9.23	-9.284	-16.006	-28.2
9.24	-9.299	-16.047	-24.4
9.25	-9.313	-16.069	-14.8
9.26	-9.328	-16.063	-16.8
9.27	-9.343	-16.056	-24.7
9.28	-9.358	-16.073	-26.7
9.29	-9.374	-16.089	-21.8
9.3	-9.389	-16.059	-15.2
9.31	-9.403	-15.952	-12.5
9.32	-9.417	-15.833	-12.6
9.33	-9.431	-15.825	-17.5
9.34	-9.446	-15.856	-21.2
9.35	-9.460	-15.802	-22.6
9.36	-9.474	-15.695	-16.4
9.37	-9.489	-15.606	-15.1
9.38	-9.502	-15.553	-21.9
9.39	-9.516	-15.514	-23.1
9.4	-9.529	-15.466	-20.6
9.41	-9.543	-15.395	-21.0
9.42	-9.556	-15.331	-23.2
9.43	-9.570	-15.342	-15.7
9.44	-9.584	-15.444	-7.8
9.45	-9.597	-15.555	-11.7
9.46	-9.610	-15.611	-11.3
9.47	-9.622	-15.642	-5.0
9.48	-9.634	-15.652	6.9
9.49	-9.646	-15.645	16.0
9.5	-9.658	-15.653	22.8
9.51	-9.671	-15.616	29.6
9.52	-9.683	-15.525	22.2
9.53	-9.694	-15.423	1.7
9.54	-9.704	-15.284	-22.3
9.55	-9.714	-15.188	-35.8
9.56	-9.723	-15.181	-31.8
9.57	-9.732	-15.197	-26.2
9.58	-9.742	-15.184	-28.0
9.59	-9.752	-15.166	-36.4
9.6	-9.761	-15.148	-39.0
9.61	-9.769	-15.152	-31.9
9.62	-9.776	-15.208	-29.6
9.63	-9.784	-15.239	-31.9
9.64	-9.791	-15.142	-30.7
9.65	-9.801	-14.967	-24.3
9.66	-9.812	-14.841	-16.9
9.67	-9.825	-14.847	-23.0
9.68	-9.838	-14.919	-23.9
9.69	-9.846	-14.939	48.6
9.7	-9.852	-14.939	210.1
9.71	-9.857	-14.978	311.4
9.72	-9.863	-15.036	230.0
9.73	-9.869	-15.100	61.2
9.74	-9.875	-15.178	-30.3
9.75	-9.881	-15.252	-39.2
9.76	-9.887	-15.297	-37.0
9.77	-9.891	-15.298	-32.6
9.78	-9.890	-15.266	-27.5
9.79	-9.884	-15.208	-34.5
9.8	-9.874	-15.139	-43.4
9.81	-9.867	-15.097	-39.0
9.82	-9.863	-15.123	-22.7
9.83	-9.862	-15.191	-19.4
9.84	-9.863	-15.202	-24.2
9.85	-9.864	-14.891	-20.0
9.86	-9.866	-13.588	-17.5
9.87	-9.866	-10.050	-17.2
9.88	-9.866	-3.067	-17.5
9.89	-9.867	7.211	-14.0
9.9	-9.869	18.720	-9.8
9.91	-9.872	28.814	-10.8
9.92	-9.876	36.017	-4.2
9.93	-9.879	40.241	4.1
9.94	-9.882	41.583	8.6
9.95	-9.885	39.839	11.7
9.96	-9.889	35.231	20.1
9.97	-9.893	28.466	37.6
9.98	-9.896	20.464	51.1
9.99	-9.899	12.372	65.0
10.0	-9.902	4.892	78.1
10.01	-9.904	-1.478	81.0
10.02	-9.908	-6.280	93.8
10.03	-9.912	-9.531	105.1
10.04	-9.920	-11.345	96.0
10.05	-9.930	-11.888	70.3
10.06	-9.941	-11.378	46.9
10.07	-9.948	-10.122	23.3
10.08	-9.953	-8.692	-4.0
10.09	-9.957	-7.714	-22.8
10.1	-9.961	-7.627	-36.1
10.11	-9.963	-8.633	-44.4
10.12	-9.963	-10.627	-51.6
10.13	-9.961	-13.170	-58.4
10.14	-9.959	-15.600	-59.0
10.15	-9.956	-17.269	-65.4
10.16	-9.953	-17.834	-61.6
10.17	-9.947	-17.311	-48.6
10.18	-9.941	-15.945	-41.3
10.19	-9.932	-14.069	-37.6
10.2	-9.922	-12.039	-44.7
10.21	-9.909	-10.200	-45.1
10.22	-9.896	-8.761	-34.2
10.23	-9.881	-7.727	-35.3
10.24	-9.863	-7.064	-43.6
10.25	-9.841	-6.822	-40.6
10.26	-9.817	-7.014	-40.4
10.27	-9.791	-7.572	-51.2
10.28	-9.764	-8.420	-49.8
10.29	-9.739	-9.563	-46.6
10.3	-9.714	-11.030	-47.5
10.31	-9.689	-12.719	-41.3
10.32	-9.667	-14.434	-37.8
10.33	-9.644	-15.981	-39.0
10.34	-9.623	-17.209	-39.9
10.35	-9.603	-18.069	-47.3
10.36	-9.583	-18.527	-45.4
10.37	-9.564	-18.558	-38.3
10.38	-9.544	-18.194	-41.6
10.39	-9.526	-17.558	-47.4
10.4	-9.507	-16.827	-47.5
10.41	-9.488	-16.142	-42.4
10.42	-9.471	-15.605	-40.6
10.43	-9.453	-15.200	-44.1
10.44	-9.436	-14.859	-46.1
10.45	-9.419	-14.623	-40.7
10.46	-9.402	-14.566	-33.3
10.47	-9.386	-14.677	-32.4
10.48	-9.370	-14.848	-35.7
10.49	-9.354	-14.977	-39.4
10.5	-9.338	-15.047	-36.3
10.51	-9.322	-15.064	-33.6
10.52	-9.308	-15.064	-35.8
10.53	-9.293	-15.052	-39.2
10.54	-9.278	-14.973	-36.3
10.55	-9.265	-14.806	-35.9
10.56	-9.252	-14.594	-38.9
10.57	-9.240	-14.408	-37.4
10.58	-9.227	-14.256	-31.5
10.59	-9.214	-14.131	-30.5
10.6	-9.202	-14.067	-31.8
10.61	-9.191	-14.119	-28.8
10.62	-9.181	-14.292	-27.2
10.63	-9.170	-14.555	-28.4
10.64	-9.159	-14.894	-31.4
10.65	-9.147	-15.281	-33.9
10.66	-9.136	-15.650	-33.8
10.67	-9.125	-15.939	-29.8
10.68	-9.114	-16.083	-24.4
10.69	-9.103	-16.058	-28.8
10.7	-9.092	-15.931	-34.1
10.71	-9.081	-15.772	-32.9
10.72	-9.070	-15.611	-28.1
10.73	-9.059	-15.436	-28.7
10.74	-9.049	-15.281	-32.0
10.75	-9.039	-15.230	-28.4
10.76	-9.029	-15.288	-25.1
10.77	-9.019	-15.409	-24.6
10.78	-9.009	-15.564	-23.4
10.79	-8.999	-15.738	-23.8
10.8	-8.988	-15.909	-28.3
10.81	-8.978	-16.045	-30.2
10.82	-8.966	-16.091	-20.5
10.83	-8.955	-15.972	-11.3
10.84	-8.944	-15.663	-9.9
10.85	-8.933	-15.239	-4.3
10.86	-8.923	-14.894	3.3
10.87	-8.913	-14.717	12.1
10.88	-8.904	-14.627	16.8
10.89	-8.894	-14.605	6.7
10.9	-8.884	-14.695	-4.4
10.91	-8.873	-14.859	-20.3
10.92	-8.862	-15.031	-30.7
10.93	-8.850	-15.166	-33.4
10.94	-8.839	-15.255	-38.7
10.95	-8.828	-15.292	-37.9
10.96	-8.817	-15.286	-36.9
10.97	-8.806	-15.259	-39.8
10.98	-8.796	-15.222	-40.8
10.99	-8.784	-15.147	-36.6
11.0	-8.773	-15.030	-33.5
11.01	-8.760	-14.881	-31.8
11.02	-8.750	-14.697	-29.3
11.03	-8.742	-14.505	-41.4
11.04	-8.736	-14.366	-42.3
11.05	-8.729	-14.283	-29.4
11.06	-8.720	-14.244	33.7
11.07	-8.707	-14.264	198.6
11.08	-8.693	-14.361	318.2
11.09	-8.680	-14.530	252.6
11.1	-8.669	-14.800	85.1
11.11	-8.659	-15.156	-28.8
11.12	-8.650	-15.456	-51.2
11.13	-8.641	-15.656	-46.7
11.14	-8.634	-15.797	-38.0
11.15	-8.625	-15.845	-36.2
11.16	-8.613	-15.847	-37.9
11.17	-8.599	-15.828	-29.8
11.18	-8.584	-15.680	-29.0
11.19	-8.570	-15.370	-36.7
11.2	-8.556	-15.003	-34.9
11.21	-8.541	-14.644	-26.3
11.22	-8.526	-14.223	-21.3
11.23	-8.511	-13.375	-26.0
11.24	-8.498	-11.141	-27.0
11.25	-8.484	-6.197	-20.3
11.26	-8.473	1.980	-14.7
11.27	-8.463	12.114	-15.1
11.28	-8.453	21.820	-16.7
11.29	-8.444	29.356	-10.7
11.3	-8.436	34.200	-3.3
11.31	-8.429	36.163	-0.3
11.32	-8.422	35.067	6.2
11.33	-8.415	31.180	21.9
11.34	-8.409	25.272	32.9
11.35	-8.403	18.291	34.5
11.36	-8.397	11.070	50.5
11.37	-8.392	4.289	67.2
11.38	-8.386	-1.584	76.2
11.39	-8.379	-6.317	91.0
11.4	-8.373	-9.800	98.7
11.41	-8.368	-12.000	88.7
11.42	-8.366	-12.980	65.0
11.43	-8.365	-12.881	43.9
11.44	-8.365	-12.006	27.2
11.45	-8.365	-10.816	-1.1
11.46	-8.366	-9.816	-25.5
11.47	-8.367	-9.431	-37.4
11.48	-8.367	-9.941	-45.3
11.49	-8.366	-11.439	-53.3
11.5	-8.364	-13.663	-54.3
11.51	-8.363	-15.986	-51.1
11.52	-8.361	-17.750	-56.1
11.53	-8.361	-18.525	-59.6
11.54	-8.359	-18.197	-50.1
11.55	-8.358	-17.014	-48.0
11.56	-8.357	-15.338	-49.6
11.57	-8.355	-13.463	-41.7
11.58	-8.353	-11.680	-39.8
11.59	-8.351	-10.186	-43.3
11.6	-8.350	-9.052	-42.3
11.61	-8.349	-8.314	-39.6
11.62	-8.348	-8.025	-39.4
11.63	-8.347	-8.216	-40.6
11.64	-8.344	-8.733	-39.5
11.65	-8.341	-9.448	-38.0
11.66	-8.336	-10.489	-39.1
11.67	-8.332	-11.866	-43.8
11.68	-8.330	-13.181	-39.8
11.69	-8.328	-14.300	-35.3
11.7	-8.326	-15.420	-35.5
11.71	-8.324	-16.428	-32.9
11.72	-8.322	-17.177	-35.4
11.73	-8.320	-17.597	-39.8
11.74	-8.319	-17.683	-40.1
11.75	-8.318	-17.581	-41.7
11.76	-8.316	-17.367	-38.3
11.77	-8.314	-17.038	-32.5
11.78	-8.313	-16.639	-34.3
11.79	-8.313	-16.234	-37.8
11.8	-8.313	-15.855	-36.7
11.81	-8.313	-15.514	-36.0
11.82	-8.314	-15.192	-38.0
11.83	-8.314	-14.883	-40.0
11.84	-8.316	-14.586	-36.3
11.85	-8.318	-14.320	-28.3
11.86	-8.319	-14.142	-25.3
11.87	-8.320	-14.039	-29.5
11.88	-8.321	-14.003	-33.2
11.89	-8.322	-14.128	-35.3
11.9	-8.323	-14.395	-35.0
11.91	-8.322	-14.683	-31.8
11.92	-8.321	-14.928	-24.9
11.93	-8.320	-15.033	-16.6
11.94	-8.319	-14.905	-19.8
11.95	-8.317	-14.623	-33.2
11.96	-8.316	-14.313	-32.9
11.97	-8.316	-14.030	-27.8
11.98	-8.316	-13.848	-30.5
11.99	-8.316	-13.870	-29.6
12.0	-8.316	-14.122	-20.8
12.01	-8.317	-14.519	-16.8
12.02	-8.318	-14.955	-22.6
12.03	-8.318	-15.377	-26.3
12.04	-8.319	-15.683	-20.5
12.05	-8.319	-15.789	-18.4
12.06	-8.321	-15.798	-23.1
12.07	-8.322	-15.752	-26.4
12.08	-8.323	-15.569	-23.9
12.09	-8.324	-15.272	-21.8
12.1	-8.326	-14.986	-23.2
12.11	-8.326	-14.838	-22.3
12.12	-8.326	-14.895	-22.4
12.13	-8.327	-15.120	-29.6
12.14	-8.328	-15.416	-25.3
12.15	-8.329	-15.658	-12.0
12.16	-8.331	-15.802	-14.3
12.17	-8.332	-15.831	-18.4
12.18	-8.334	-15.684	-15.8
12.19	-8.336	-15.431	-19.3
12.2	-8.338	-15.200	-20.8
12.21	-8.339	-15.027	-21.0
12.22	-8.342	-14.925	-20.3
12.23	-8.344	-14.934	-19.6
12.24	-8.346	-14.938	-19.1
12.25	-8.349	-14.806	-16.9
12.26	-8.351	-14.833	-22.2
12.27	-8.353	-15.181	-26.9
12.28	-8.356	-15.392	-23.8
12.29	-8.357	-15.222	-19.8
12.3	-8.360	-14.948	-15.2
12.31	-8.363	-14.719	-12.3
12.32	-8.366	-14.516	-14.0
12.33	-8.370	-14.450	-17.9
12.34	-8.374	-14.519	-14.8
12.35	-8.376	-14.533	-18.3
12.36	-8.379	-14.495	-21.3
12.37	-8.381	-14.558	-13.6
12.38	-8.384	-14.713	-16.6
12.39	-8.387	-14.845	-23.7
12.4	-8.390	-14.866	-18.0
12.41	-8.393	-14.788	-13.2
12.42	-8.396	-14.670	-7.8
12.43	-8.400	-14.559	1.8
12.44	-8.404	-14.478	13.7
12.45	-8.408	-14.439	28.5
12.46	-8.413	-14.436	30.5
12.47	-8.418	-14.419	18.5
12.48	-8.422	-14.425	11.8
12.49	-8.428	-14.502	3.4
12.5	-8.432	-14.530	-21.2
12.51	-8.437	-14.422	-37.6
12.52	-8.443	-14.241	-30.7
12.53	-8.448	-14.088	-24.5
12.54	-8.454	-14.044	-32.2
12.55	-8.461	-14.103	-45.5
12.56	-8.466	-14.225	-43.3
12.57	-8.470	-14.342	-31.4
12.58	-8.474	-14.398	-27.1
12.59	-8.479	-14.402	-21.5
12.6	-8.487	-14.350	-18.8
12.61	-8.497	-14.183	-28.3
12.62	-8.506	-13.950	-27.8
12.63	-8.513	-13.795	29.8
12.64	-8.518	-13.745	184.3
12.65	-8.524	-13.764	305.5
12.66	-8.530	-13.894	267.3
12.67	-8.537	-14.127	116.6
12.68	-8.546	-14.420	-21.5
12.69	-8.558	-14.738	-50.7
12.7	-8.572	-14.975	-35.1
12.71	-8.584	-15.080	-36.1
12.72	-8.594	-15.033	-38.5
12.73	-8.601	-14.856	-35.4
12.74	-8.606	-14.664	-32.8
12.75	-8.609	-14.491	-38.3
12.76	-8.612	-14.306	-29.4
12.77	-8.613	-14.147	-20.6
12.78	-8.613	-13.961	-24.3
12.79	-8.613	-13.308	-25.8
12.8	-8.613	-11.063	-28.0
12.81	-8.615	-5.636	-26.5
12.82	-8.618	3.750	-21.7
12.83	-8.622	15.627	-18.5
12.84	-8.627	26.794	-15.2
12.85	-8.634	34.814	-10.3
12.86	-8.643	39.242	-5.8
12.87	-8.652	40.350	-7.3
12.88	-8.664	38.239	-9.6
12.89	-8.679	33.278	-7.8
12.9	-8.694	26.330	3.9
12.91	-8.710	18.433	15.2
12.92	-8.726	10.470	21.5
12.93	-8.740	3.181	31.3
12.94	-8.754	-2.902	40.8
12.95	-8.768	-7.578	52.9
12.96	-8.782	-10.822	66.8
12.97	-8.796	-12.673	76.2
12.98	-8.810	-13.292	82.3
12.99	-8.826	-12.881	84.1
13.0	-8.843	-11.656	72.5
13.01	-8.862	-9.914	44.3
13.02	-8.880	-8.138	17.3
13.03	-8.898	-6.870	-5.3
13.04	-8.915	-6.447	-22.0
13.05	-8.932	-7.064	-30.3
13.06	-8.949	-8.820	-32.5
13.07	-8.966	-11.377	-38.5
13.08	-8.982	-14.063	-39.9
13.09	-8.997	-16.247	-34.5
13.1	-9.012	-17.464	-36.6
13.11	-9.027	-17.569	-40.7
13.12	-9.043	-16.759	-39.5
13.13	-9.060	-15.373	-37.1
13.14	-9.077	-13.739	-38.8
13.15	-9.094	-12.131	-41.4
13.16	-9.113	-10.759	-37.3
13.17	-9.131	-9.736	-36.4
13.18	-9.149	-9.127	-41.3
13.19	-9.166	-8.912	-44.0
13.2	-9.183	-8.992	-41.7
13.21	-9.199	-9.348	-39.3
13.22	-9.216	-9.923	-37.8
13.23	-9.230	-10.575	-34.0
13.24	-9.244	-11.294	-36.1
13.25	-9.257	-12.183	-41.4
13.26	-9.270	-13.227	-38.6
13.27	-9.284	-14.267	-39.2
13.28	-9.297	-15.192	-42.4
13.29	-9.311	-15.944	-39.4
13.3	-9.325	-16.453	-35.3
13.31	-9.341	-16.753	-36.6
13.32	-9.356	-16.883	-35.0
13.33	-9.371	-16.783	-31.0
13.34	-9.386	-16.452	-36.4
13.35	-9.400	-15.992	-36.7
13.36	-9.413	-15.488	-25.3
13.37	-9.426	-14.939	-29.1
13.38	-9.439	-14.434	-34.3
13.39	-9.452	-14.095	-29.3
13.4	-9.465	-13.895	-32.2
13.41	-9.479	-13.798	-35.5
13.42	-9.492	-13.788	-32.5
13.43	-9.507	-13.820	-34.1
13.44	-9.520	-13.873	-34.1
13.45	-9.533	-13.991	-28.6
13.46	-9.546	-14.188	-28.6
13.47	-9.559	-14.363	-25.9
13.48	-9.572	-14.450	-16.8
13.49	-9.585	-14.458	-18.9
13.5	-9.598	-14.380	-26.0
13.51	-9.612	-14.209	-24.7
13.52	-9.625	-13.950	-22.3
13.53	-9.638	-13.648	-23.8
13.54	-9.651	-13.400	-20.5
13.55	-9.662	-13.294	-19.0
13.56	-9.676	-13.358	-23.0
13.57	-9.689	-13.564	-28.8
13.58	-9.701	-13.877	-25.4
13.59	-9.714	-14.214	-17.7
13.6	-9.726	-14.502	-21.0
13.61	-9.739	-14.719	-17.8
13.62	-9.751	-14.842	-11.0
13.63	-9.761	-14.833	-18.2
13.64	-9.773	-14.695	-20.3
13.65	-9.783	-14.528	-19.9
13.66	-9.792	-14.428	-23.5
13.67	-9.801	-14.417	-21.1
13.68	-9.811	-14.464	-16.4
13.69	-9.820	-14.495	-17.8
13.7	-9.829	-14.492	-21.7
13.71	-9.839	-14.506	-19.2
13.72	-9.849	-14.516	-18.3
13.73	-9.859	-14.472	-21.4
13.74	-9.869	-14.373	-15.4
13.75	-9.879	-14.253	-8.1
13.76	-9.889	-14.183	-12.7
13.77	-9.898	-14.208	-14.4
13.78	-9.907	-14.298	-12.7
13.79	-9.915	-14.353	-19.5
13.8	-9.924	-14.347	-18.4
13.81	-9.934	-14.339	-12.8
13.82	-9.943	-14.323	-15.5
13.83	-9.951	-14.298	-16.5
13.84	-9.958	-14.289	-11.6
13.85	-9.966	-14.255	-13.7
13.86	-9.974	-14.141	-14.4
13.87	-9.984	-13.973	-15.4
13.88	-9.994	-13.833	-14.9
13.89	-10.004	-13.778	-10.3
13.9	-10.014	-13.802	-3.0
13.91	-10.024	-13.898	20.5
13.92	-10.034	-14.078	35.1
13.93	-10.044	-14.267	33.8
13.94	-10.051	-14.366	27.8
13.95	-10.057	-14.363	5.4
13.96	-10.063	-14.273	-15.8
13.97	-10.067	-14.138	-20.4
13.98	-10.072	-13.988	-18.3
13.99	-10.078	-13.809	-23.5
14.0	-10.083	-13.641	-29.6
14.01	-10.088	-13.552	-35.6
14.02	-10.091	-13.578	-40.0
14.03	-10.091	-13.700	-32.8
14.04	-10.091	-13.870	-22.9
14.05	-10.090	-14.019	-24.3
14.06	-10.088	-14.081	-30.1
14.07	-10.088	-14.052	-28.7
14.08	-10.090	-13.969	-23.6
14.09	-10.091	-13.867	-17.8
14.1	-10.086	-13.741	-4.4
14.11	-10.076	-13.573	76.4
14.12	-10.064	-13.373	229.8
14.13	-10.050	-13.209	286.2
14.14	-10.036	-13.203	167.4
14.15	-10.021	-13.381	13.0
14.16	-10.001	-13.638	-44.7
14.17	-9.978	-13.864	-39.8
14.18	-9.953	-14.011	-30.7
14.19	-9.926	-14.030	-22.7
14.2	-9.895	-13.966	-24.5
14.21	-9.857	-13.922	-31.1
14.22	-9.818	-13.923	-29.1
14.23	-9.779	-13.931	-24.3
14.24	-9.744	-13.953	-22.8
14.25	-9.713	-14.045	-18.8
14.26	-9.684	-14.183	-9.8
14.27	-9.656	-14.150	-6.5
14.28	-9.628	-13.541	-7.1
14.29	-9.602	-11.489	-10.1
14.3	-9.576	-6.680	-10.5
14.31	-9.551	1.544	-5.0
14.32	-9.526	11.905	-3.6
14.33	-9.503	21.650	-2.3
14.34	-9.480	28.600	4.4
14.35	-9.457	32.200	13.3
14.36	-9.436	32.700	18.3
14.37	-9.415	30.363	24.4
14.38	-9.396	25.628	35.8
14.39	-9.376	19.320	45.1
14.4	-9.357	12.256	58.2
14.41	-9.339	5.080	75.1
14.42	-9.321	-1.564	89.1
14.43	-9.302	-7.203	101.5
14.44	-9.285	-11.636	109.5
14.45	-9.271	-14.753	105.5
14.46	-9.261	-16.552	91.6
14.47	-9.252	-17.161	74.8
14.48	-9.244	-16.762	56.1
14.49	-9.232	-15.605	26.0
14.5	-9.220	-14.109	-7.3
14.51	-9.208	-12.834	-32.3
14.52	-9.197	-12.205	-49.4
14.53	-9.185	-12.417	-56.8
14.54	-9.173	-13.450	-56.9
14.55	-9.161	-14.941	-58.0
14.56	-9.150	-16.267	-60.3
14.57	-9.139	-16.911	-58.2
14.58	-9.129	-16.680	-49.8
14.59	-9.120	-15.647	-51.3
14.6	-9.111	-14.089	-51.8
14.61	-9.103	-12.336	-41.6
14.62	-9.094	-10.591	-40.2
14.63	-9.087	-8.984	-38.9
14.64	-9.078	-7.684	-35.8
14.65	-9.069	-6.817	-40.6
14.66	-9.059	-6.414	-43.3
14.67	-9.049	-6.477	-43.3
14.68	-9.039	-6.964	-39.8
14.69	-9.028	-7.794	-37.9
14.7	-9.017	-8.953	-44.1
14.71	-9.006	-10.425	-48.9
14.72	-8.995	-12.042	-47.4
14.73	-8.984	-13.584	-45.9
14.74	-8.974	-14.922	-43.3
14.75	-8.964	-15.998	-37.7
14.76	-8.954	-16.727	-41.2
14.77	-8.944	-17.066	-48.3
14.78	-8.934	-17.094	-45.8
14.79	-8.924	-16.880	-44.3
14.8	-8.914	-16.514	-45.4
14.81	-8.904	-16.067	-46.0
14.82	-8.894	-15.555	-42.3
14.83	-8.884	-15.055	-42.3
14.84	-8.875	-14.617	-46.0
14.85	-8.866	-14.247	-44.3
14.86	-8.857	-13.998	-41.5
14.87	-8.848	-13.889	-41.5
14.88	-8.840	-13.917	-45.0
14.89	-8.832	-14.027	-43.4
14.9	-8.826	-14.083	-39.3
14.91	-8.818	-14.073	-40.8
14.92	-8.811	-14.056	-36.8
14.93	-8.803	-13.972	-32.6
14.94	-8.796	-13.778	-36.9
14.95	-8.789	-13.545	-39.5
14.96	-8.782	-13.305	-34.2
14.97	-8.775	-13.056	-38.3
14.98	-8.768	-12.881	-40.4
14.99	-8.761	-12.820	-28.4
15.0	-8.755	-12.839	-29.4
15.01	-8.748	-12.953	-41.3
15.02	-8.742	-13.172	-41.5
15.03	-8.736	-13.417	-34.4
15.04	-8.729	-13.623	-29.0
15.05	-8.724	-13.813	-27.3
15.06	-8.718	-13.961	-28.0
15.07	-8.713	-13.998	-32.1
15.08	-8.708	-14.003	-33.1
15.09	-8.703	-14.066	-34.1
15.1	-8.697	-14.142	-34.4
15.11	-8.691	-14.183	-32.2
15.12	-8.686	-14.202	-36.3
15.13	-8.681	-14.230	-28.7
15.14	-8.677	-14.238	-13.2
15.15	-8.672	-14.216	-18.8
15.16	-8.667	-14.184	-28.9
15.17	-8.662	-14.167	-30.3
15.18	-8.658	-14.192	-26.8
15.19	-8.652	-14.261	-29.3
15.2	-8.648	-14.363	-34.3
15.21	-8.644	-14.467	-23.7
15.22	-8.639	-14.516	-20.5
15.23	-8.636	-14.494	-35.8
15.24	-8.631	-14.450	-36.9
15.25	-8.626	-14.403	-24.4
15.26	-8.621	-14.363	-17.8
15.27	-8.616	-14.347	-21.3
15.28	-8.611	-14.333	-25.5
15.29	-8.607	-14.273	-19.6
15.3	-8.603	-14.169	-17.8
15.31	-8.599	-14.064	-19.5
15.32	-8.595	-13.955	-11.8
15.33	-8.591	-13.827	-4.6
15.34	-8.588	-13.691	-0.5
15.35	-8.583	-13.545	9.4
15.36	-8.580	-13.433	24.3
15.37	-8.577	-13.427	27.1
15.38	-8.574	-13.492	8.5
15.39	-8.571	-13.580	-14.8
15.4	-8.568	-13.756	-28.9
15.41	-8.564	-13.998	-36.9
15.42	-8.560	-14.153	-39.2
15.43	-8.557	-14.211	-41.1
15.44	-8.553	-14.219	-34.7
15.45	-8.549	-14.120	-32.5
15.46	-8.546	-13.927	-43.2
15.47	-8.542	-13.734	-44.0
15.48	-8.538	-13.575	-42.3
15.49	-8.536	-13.425	-37.6
15.5	-8.535	-13.347	-25.1
15.51	-8.535	-13.348	-23.8
15.52	-8.533	-13.352	-22.7
15.53	-8.527	-13.331	51.1
15.54	-8.521	-13.345	218.7
15.55	-8.514	-13.419	314.4
15.56	-8.509	-13.516	235.8
15.57	-8.505	-13.630	70.3
15.58	-8.503	-13.764	-35.8
15.59	-8.502	-13.902	-50.4
15.6	-8.502	-14.031	-46.8
15.61	-8.499	-14.123	-40.8
15.62	-8.494	-14.178	-36.3
15.63	-8.486	-14.236	-36.1
15.64	-8.478	-14.264	-36.4
15.65	-8.470	-14.219	-38.3
15.66	-8.462	-14.142	-33.6
15.67	-8.454	-14.105	-29.4
15.68	-8.444	-14.016	-31.4
15.69	-8.433	-13.436	-29.8
15.7	-8.424	-11.425	-23.0
15.71	-8.417	-6.558	-19.0
15.72	-8.411	2.070	-21.9
15.73	-8.405	13.202	-22.0
15.74	-8.399	23.664	-17.8
15.75	-8.393	30.917	-21.8
15.76	-8.389	34.520	-13.4
15.77	-8.386	34.927	0.0
15.78	-8.383	32.466	-3.3
15.79	-8.382	27.666	-1.7
15.8	-8.380	21.325	13.2
15.81	-8.378	14.280	22.0
15.82	-8.376	7.320	22.5
15.83	-8.374	1.083	26.5
15.84	-8.371	-4.127	42.7
15.85	-8.368	-8.223	62.9
15.86	-8.365	-11.184	73.2
15.87	-8.363	-13.120	81.1
15.88	-8.362	-14.122	89.6
15.89	-8.363	-14.161	76.8
15.9	-8.364	-13.295	46.9
15.91	-8.367	-11.806	27.5
15.92	-8.369	-10.177	8.0
15.93	-8.371	-8.905	-17.2
15.94	-8.374	-8.286	-31.0
15.95	-8.376	-8.489	-41.6
15.96	-8.379	-9.617	-46.1
15.97	-8.379	-11.502	-47.4
15.98	-8.381	-13.625	-49.3
15.99	-8.382	-15.373	-44.7
16.0	-8.384	-16.313	-43.2
16.01	-8.386	-16.288	-44.7
16.02	-8.389	-15.469	-47.4
16.03	-8.393	-14.167	-49.7
16.04	-8.396	-12.680	-43.0
16.05	-8.400	-11.258	-37.8
16.06	-8.405	-10.030	-37.4
16.07	-8.410	-9.084	-42.2
16.08	-8.414	-8.497	-46.7
16.09	-8.417	-8.272	-44.7
16.1	-8.419	-8.378	-39.4
16.11	-8.420	-8.723	-40.7
16.12	-8.421	-9.225	-45.6
16.13	-8.422	-9.925	-43.0
16.14	-8.424	-10.869	-41.1
16.15	-8.424	-11.963	-42.9
16.16	-8.425	-13.042	-41.9
16.17	-8.426	-14.023	-41.6
16.18	-8.426	-14.852	-41.4
16.19	-8.427	-15.464	-39.8
16.2	-8.428	-15.881	-39.0
16.21	-8.429	-16.127	-38.3
16.22	-8.431	-16.172	-39.0
16.23	-8.433	-16.031	-41.4
16.24	-8.435	-15.750	-42.9
16.25	-8.437	-15.422	-48.8
16.26	-8.439	-15.117	-46.0
16.27	-8.441	-14.784	-30.8
16.28	-8.442	-14.361	-29.3
16.29	-8.444	-13.906	-38.6
16.3	-8.446	-13.556	-37.8
16.31	-8.449	-13.333	-35.4
16.32	-8.451	-13.202	-41.0
16.33	-8.454	-13.198	-40.2
16.34	-8.457	-13.325	-29.4
16.35	-8.461	-13.538	-30.4
16.36	-8.463	-13.778	-32.0
16.37	-8.466	-13.925	-25.4
16.38	-8.468	-13.963	-30.3
16.39	-8.471	-14.008	-35.7
16.4	-8.474	-14.009	-34.1
16.41	-8.476	-13.853	-32.3
16.42	-8.479	-13.580	-24.8
16.43	-8.482	-13.253	-21.4
16.44	-8.486	-12.955	-29.1
16.45	-8.489	-12.828	-31.0
16.46	-8.492	-12.856	-26.3
16.47	-8.496	-12.920	-23.5
16.48	-8.499	-13.039	-21.9
16.49	-8.502	-13.305	-25.1
16.5	-8.506	-13.655	-25.0
16.51	-8.509	-13.977	-27.5
16.52	-8.512	-14.220	-31.4
16.53	-8.515	-14.361	-25.2
16.54	-8.519	-14.413	-22.1
16.55	-8.523	-14.394	-27.2
16.56	-8.526	-14.322	-21.3
16.57	-8.530	-14.214	-12.4
16.58	-8.534	-14.098	-20.3
16.59	-8.539	-14.009	-27.8
16.6	-8.543	-13.953	-28.8
16.61	-8.548	-13.969	-27.3
16.62	-8.553	-14.091	-15.9
16.63	-8.559	-14.231	-12.4
16.64	-8.565	-14.313	-16.9
16.65	-8.572	-14.344	-20.8
16.66	-8.581	-14.370	-20.6
16.67	-8.589	-14.402	-16.3
16.68	-8.599	-14.386	-18.2
16.69	-8.611	-14.325	-23.8
16.7	-8.623	-14.264	-17.1
16.71	-8.634	-14.172	-8.8
16.72	-8.646	-14.014	-19.4
16.73	-8.659	-13.853	-27.3
16.74	-8.671	-13.756	-20.6
16.75	-8.684	-13.698	-14.1
16.76	-8.697	-13.634	-14.3
16.77	-8.710	-13.613	-16.7
16.78	-8.723	-13.691	-13.7
16.79	-8.736	-13.828	-7.7
16.8	-8.750	-13.958	-8.7
16.81	-8.764	-14.064	-21.0
16.82	-8.778	-14.141	-25.5
16.83	-8.792	-14.180	-14.4
16.84	-8.806	-14.230	-7.7
16.85	-8.819	-14.288	-4.7
16.86	-8.834	-14.278	0.1
16.87	-8.848	-14.202	2.1
16.88	-8.863	-14.161	17.3
16.89	-8.878	-14.191	30.8
16.9	-8.894	-13.991	31.2
16.91	-8.909	-13.741	24.5
16.92	-8.925	-13.856	1.3
16.93	-8.940	-13.528	-24.9
16.94	-8.955	-12.983	-26.9
16.95	-8.969	-12.917	-16.5
16.96	-8.984	-13.369	-21.8
16.97	-8.999	-14.325	-33.0
16.98	-9.013	-14.811	-34.7
16.99	-9.027	-14.745	-28.7
17.0	-9.041	-14.583	-27.6
17.01	-9.054	-14.216	-34.8
17.02	-9.069	-13.792	-30.0
17.03	-9.085	-13.397	-22.2
17.04	-9.102	-12.906	-25.7
17.05	-9.117	-12.409	-16.3
17.06	-9.130	-12.081	87.2
17.07	-9.142	-12.058	260.4
17.08	-9.155	-12.383	321.7
17.09	-9.169	-12.919	222.8
17.1	-9.185	-13.408	60.8
17.11	-9.201	-13.702	-41.3
17.12	-9.217	-13.797	-43.9
17.13	-9.234	-13.763	-28.5
17.14	-9.246	-13.688	-36.2
17.15	-9.254	-13.597	-39.8
17.16	-9.260	-13.520	-33.0
17.17	-9.264	-13.505	-34.3
17.18	-9.268	-13.534	-32.2
17.19	-9.272	-13.594	-28.5
17.2	-9.277	-13.658	-27.5
17.21	-9.283	-13.581	-22.8
17.22	-9.290	-12.744	-19.9
17.23	-9.298	-9.794	-26.0
17.24	-9.308	-3.161	-27.7
17.25	-9.317	7.355	-19.3
17.26	-9.328	19.366	-12.4
17.27	-9.339	29.309	-5.9
17.28	-9.351	35.273	-5.6
17.29	-9.362	37.506	-7.1
17.3	-9.373	36.653	0.1
17.31	-9.384	33.111	4.5
17.32	-9.396	27.527	4.1
17.33	-9.408	20.713	12.6
17.34	-9.419	13.417	24.6
17.35	-9.429	6.392	36.4
17.36	-9.439	0.283	48.2
17.37	-9.449	-4.631	57.7
17.38	-9.458	-8.359	72.6
17.39	-9.467	-10.928	78.4
17.4	-9.476	-12.353	82.2
17.41	-9.487	-12.745	88.9
17.42	-9.499	-12.289	79.9
17.43	-9.512	-11.177	53.4
17.44	-9.525	-9.698	23.1
17.45	-9.537	-8.287	1.6
17.46	-9.550	-7.334	-12.1
17.47	-9.563	-7.077	-26.3
17.48	-9.574	-7.686	-40.8
17.49	-9.586	-9.147	-45.1
17.5	-9.596	-11.109	-45.5
17.51	-9.606	-13.088	-46.3
17.52	-9.615	-14.614	-44.1
17.53	-9.625	-15.302	-44.5
17.54	-9.635	-15.028	-40.4
17.55	-9.646	-13.984	-39.3
17.56	-9.656	-12.475	-45.0
17.57	-9.666	-10.834	-47.2
17.58	-9.676	-9.395	-42.3
17.59	-9.687	-8.280	-43.0
17.6	-9.697	-7.433	-44.5
17.61	-9.707	-6.919	-40.1
17.62	-9.717	-6.859	-38.8
17.63	-9.726	-7.192	-37.5
17.64	-9.734	-7.727	-45.5
17.65	-9.742	-8.398	-50.8
17.66	-9.749	-9.206	-42.6
17.67	-9.756	-10.111	-41.3
17.68	-9.762	-11.138	-40.5
17.69	-9.768	-12.273	-34.7
17.7	-9.774	-13.375	-36.5
17.71	-9.781	-14.359	-42.0
17.72	-9.789	-15.189	-44.6
17.73	-9.796	-15.772	-41.0
17.74	-9.802	-16.048	-38.0
17.75	-9.808	-15.967	-42.3
17.76	-9.813	-15.563	-42.8
17.77	-9.817	-14.966	-37.3
17.78	-9.821	-14.291	-34.5
17.79	-9.827	-13.636	-47.8
17.8	-9.832	-13.080	-46.9
17.81	-9.838	-12.720	-33.1
17.82	-9.843	-12.586	-32.1
17.83	-9.849	-12.627	-31.9
17.84	-9.856	-12.795	-31.7
17.85	-9.861	-12.998	-29.0
17.86	-9.866	-13.178	-33.9
17.87	-9.870	-13.330	-36.8
17.88	-9.875	-13.409	-28.8
17.89	-9.881	-13.344	-27.3
17.9	-9.888	-13.133	-33.3
17.91	-9.894	-12.923	-35.5
17.92	-9.899	-12.797	-25.6
17.93	-9.902	-12.633	-26.4
17.94	-9.907	-12.372	-41.1
17.95	-9.911	-12.164	-38.7
17.96	-9.916	-12.142	-19.9
17.97	-9.920	-12.298	-19.9
17.98	-9.925	-12.530	-32.8
17.99	-9.930	-12.708	-31.2
18.0	-9.934	-12.827	-20.8
18.01	-9.936	-12.963	-19.1
18.02	-9.937	-13.136	-28.6
18.03	-9.938	-13.314	-31.5
18.04	-9.937	-13.439	-21.5
18.05	-9.936	-13.469	-13.7
18.06	-9.934	-13.425	-18.5
18.07	-9.931	-13.358	-25.4
18.08	-9.926	-13.269	-27.3
18.09	-9.918	-13.194	-26.4
18.1	-9.909	-13.188	-20.5
18.11	-9.896	-13.192	-21.6
18.12	-9.880	-13.156	-22.5
18.13	-9.861	-13.108	-14.8
18.14	-9.841	-13.083	-19.3
18.15	-9.819	-13.166	-28.8
18.16	-9.796	-13.389	-23.0
18.17	-9.772	-13.661	-14.6
18.18	-9.749	-13.908	-14.2
18.19	-9.726	-14.042	-17.3
18.2	-9.703	-13.959	-19.4
18.21	-9.681	-13.752	-21.3
18.22	-9.661	-13.598	-24.6
18.23	-9.641	-13.513	-22.6
18.24	-9.621	-13.428	-15.9
18.25	-9.601	-13.319	-10.2
18.26	-9.582	-13.208	-7.3
18.27	-9.563	-13.152	-5.9
18.28	-9.544	-13.158	2.0
18.29	-9.526	-13.209	15.9
18.3	-9.510	-13.225	28.6
18.31	-9.494	-13.155	32.7
18.32	-9.478	-13.091	23.7
18.33	-9.461	-13.119	-0.3
18.34	-9.444	-13.263	-23.3
18.35	-9.426	-13.488	-31.1
18.36	-9.409	-13.700	-29.2
18.37	-9.393	-13.783	-29.3
18.38	-9.377	-13.691	-31.5
18.39	-9.361	-13.502	-30.6
18.4	-9.344	-13.353	-36.4
18.41	-9.328	-13.275	-39.8
18.42	-9.312	-13.177	-30.0
18.43	-9.296	-13.047	-23.7
18.44	-9.283	-13.000	-26.4
18.45	-9.271	-13.056	-31.7
18.46	-9.261	-13.139	-28.8
18.47	-9.250	-13.184	-0.1
18.48	-9.235	-13.153	102.3
18.49	-9.216	-13.059	247.6
18.5	-9.196	-12.967	279.4
18.51	-9.178	-12.978	144.3
18.52	-9.161	-13.169	-7.7
18.53	-9.143	-13.469	-58.4
18.54	-9.126	-13.709	-47.4
18.55	-9.110	-13.852	-28.5
18.56	-9.093	-13.967	-21.5
18.57	-9.074	-14.047	-24.7
18.58	-9.051	-14.022	-36.7
18.59	-9.027	-13.913	-38.5
18.6	-9.002	-13.802	-23.1
18.61	-8.979	-13.719	-25.0
18.62	-8.957	-13.691	-27.1
18.63	-8.937	-13.706	-16.6
18.64	-8.916	-13.520	-13.6
18.65	-8.898	-12.580	-16.4
18.66	-8.881	-9.964	-14.8
18.67	-8.863	-4.534	-10.7
18.68	-8.846	4.067	-14.3
18.69	-8.831	14.302	-15.0
18.7	-8.816	23.339	-5.7
18.71	-8.802	29.277	3.5
18.72	-8.787	32.069	8.8
18.73	-8.774	32.163	15.3
18.74	-8.760	29.745	26.5
18.75	-8.748	25.352	35.7
18.76	-8.737	19.742	43.8
18.77	-8.726	13.523	55.3
18.78	-8.714	7.191	71.1
18.79	-8.703	1.180	80.5
18.8	-8.691	-4.134	83.2
18.81	-8.681	-8.498	92.0
18.82	-8.672	-11.770	96.0
18.83	-8.666	-13.828	88.1
18.84	-8.661	-14.753	74.1
18.85	-8.654	-14.825	49.9
18.86	-8.647	-14.231	17.1
18.87	-8.639	-13.177	-15.1
18.88	-8.633	-12.080	-36.9
18.89	-8.626	-11.473	-44.0
18.9	-8.618	-11.689	-55.2
18.91	-8.611	-12.656	-63.8
18.92	-8.604	-13.925	-55.0
18.93	-8.599	-14.894	-49.8
18.94	-8.596	-15.192	-51.8
18.95	-8.593	-14.741	-51.7
18.96	-8.591	-13.638	-52.7
18.97	-8.588	-12.166	-53.6
18.98	-8.585	-10.591	-42.5
18.99	-8.582	-9.066	-38.5
19.0	-8.578	-7.733	-41.5
19.01	-8.574	-6.709	-40.3
19.02	-8.570	-6.048	-45.0
19.03	-8.565	-5.742	-43.1
19.04	-8.560	-5.731	-38.8
19.05	-8.555	-6.042	-39.2
19.06	-8.549	-6.733	-42.3
19.07	-8.543	-7.806	-45.4
19.08	-8.536	-9.223	-45.2
19.09	-8.531	-10.792	-45.3
19.1	-8.526	-12.269	-42.0
19.11	-8.520	-13.567	-42.5
19.12	-8.514	-14.653	-44.9
19.13	-8.510	-15.448	-45.0
19.14	-8.507	-15.936	-40.1
19.15	-8.503	-16.184	-42.0
19.16	-8.500	-16.213	-52.8
19.17	-8.496	-15.984	-50.1
19.18	-8.492	-15.534	-45.1
19.19	-8.488	-14.983	-49.8
19.2	-8.484	-14.406	-49.1
19.21	-8.479	-13.813	-37.5
19.22	-8.474	-13.259	-35.1
19.23	-8.471	-12.859	-38.5
19.24	-8.466	-12.669	-38.7
19.25	-8.462	-12.655	-42.5
19.26	-8.457	-12.739	-40.5
19.27	-8.453	-12.900	-36.0
19.28	-8.448	-13.127	-35.9
19.29	-8.444	-13.309	-40.2
19.3	-8.441	-13.378	-41.5
19.31	-8.438	-13.355	-39.8
19.32	-8.436	-13.198	-35.3
19.33	-8.434	-12.947	-30.9
19.34	-8.432	-12.752	-34.9
19.35	-8.430	-12.652	-35.5
19.36	-8.428	-12.608	-29.5
19.37	-8.424	-12.581	-27.3
19.38	-8.421	-12.589	-32.6
19.39	-8.419	-12.628	-33.2
19.4	-8.417	-12.655	-27.3
19.41	-8.416	-12.695	-29.1
19.42	-8.415	-12.752	-28.9
19.43	-8.416	-12.775	-29.0
19.44	-8.416	-12.789	-32.5
19.45	-8.415	-12.889	-28.7
19.46	-8.414	-13.097	-23.4
19.47	-8.412	-13.333	-20.9
19.48	-8.410	-13.569	-25.2
19.49	-8.409	-13.759	-30.4
19.5	-8.408	-13.842	-26.5
19.51	-8.406	-13.841	-23.0
19.52	-8.405	-13.798	-25.5
19.53	-8.404	-13.705	-27.3
19.54	-8.402	-13.533	-25.8
19.55	-8.401	-13.383	-22.8
19.56	-8.400	-13.373	-21.0
19.57	-8.400	-13.523	-22.1
19.58	-8.400	-13.763	-23.1
19.59	-8.399	-13.961	-22.7
19.6	-8.399	-14.033	-23.1
19.61	-8.399	-14.044	-22.1
19.62	-8.400	-14.078	-21.0
19.63	-8.400	-14.056	-22.8
19.64	-8.401	-13.891	-26.7
19.65	-8.402	-13.642	-25.8
19.66	-8.402	-13.397	-14.2
19.67	-8.402	-13.206	-15.2
19.68	-8.402	-13.114	-24.1
19.69	-8.402	-13.116	-13.8
19.7	-8.403	-13.170	-1.1
19.71	-8.403	-13.211	-7.5
19.72	-8.403	-13.241	-13.8
19.73	-8.404	-13.263	2.9
19.74	-8.405	-13.195	26.1
19.75	-8.406	-13.084	29.1
19.76	-8.408	-13.033	15.9
19.77	-8.411	-13.031	6.2
19.78	-8.412	-13.075	-10.4
19.79	-8.414	-13.191	-30.4
19.8	-8.415	-13.336	-31.3
19.81	-8.417	-13.456	-24.5
19.82	-8.418	-13.558	-23.7
19.83	-8.419	-13.634	-32.6
19.84	-8.421	-13.584	-44.7
19.85	-8.422	-13.372	-47.1
19.86	-8.423	-13.125	-39.7
19.87	-8.425	-12.942	-29.8
19.88	-8.428	-12.816	-27.0
19.89	-8.432	-12.725	-32.7
19.9	-8.435	-12.663	-36.1
19.91	-8.435	-12.644	25.5
19.92	-8.433	-12.680	192.9
19.93	-8.431	-12.811	311.2
19.94	-8.431	-13.034	257.2
19.95	-8.431	-13.270	101.3
19.96	-8.433	-13.480	-27.2
19.97	-8.438	-13.641	-53.3
19.98	-8.443	-13.759	-38.5
19.99	-8.446	-13.830	-37.9
20.0	-8.444	-13.783	-41.9
20.01	-8.439	-13.650	-41.1
20.02	-8.436	-13.522	-38.2
20.03	-8.433	-13.389	-38.8
20.04	-8.429	-13.317	-33.7
20.05	-8.425	-13.369	-25.9
20.06	-8.421	-13.322	-25.0
20.07	-8.416	-12.681	-24.4
20.08	-8.410	-10.531	-20.5
20.09	-8.406	-5.455	-17.5
20.1	-8.401	3.434	-16.2
20.11	-8.397	14.936	-24.0
20.12	-8.394	26.006	-29.3
20.13	-8.392	34.014	-19.8
20.14	-8.391	38.345	-10.6
20.15	-8.390	39.556	-9.1
20.16	-8.391	38.034	-8.0
20.17	-8.393	34.108	-0.8
20.18	-8.394	28.417	10.5
20.19	-8.396	21.692	18.7
20.2	-8.398	14.608	24.0
20.21	-8.400	7.842	27.4
20.22	-8.401	1.939	37.5
20.23	-8.402	-2.797	56.7
20.24	-8.403	-6.264	66.5
20.25	-8.404	-8.563	67.8
20.26	-8.404	-9.842	73.3
20.27	-8.407	-10.120	73.9
20.28	-8.412	-9.509	63.4
20.29	-8.417	-8.355	40.8
20.3	-8.421	-7.008	9.7
20.31	-8.426	-5.825	-14.8
20.32	-8.431	-5.273	-24.0
20.33	-8.436	-5.698	-24.4
20.34	-8.441	-7.100	-36.5
20.35	-8.445	-9.150	-46.6
20.36	-8.448	-11.308	-38.4
20.37	-8.452	-13.000	-38.6
20.38	-8.456	-13.888	-49.3
20.39	-8.461	-13.942	-46.9
20.4	-8.466	-13.334	-38.3
20.41	-8.470	-12.303	-47.2
20.42	-8.476	-11.066	-48.4
20.43	-8.482	-9.798	-35.6
20.44	-8.489	-8.639	-39.5
20.45	-8.496	-7.727	-42.8
20.46	-8.504	-7.136	-37.8
20.47	-8.511	-6.841	-39.9
20.48	-8.518	-6.872	-49.9
20.49	-8.522	-7.227	-48.6
20.5	-8.526	-7.730	-32.1
20.51	-8.528	-8.284	-34.2
20.52	-8.531	-9.034	-47.8
20.53	-8.532	-10.067	-45.0
20.54	-8.533	-11.266	-36.3
20.55	-8.534	-12.411	-39.4
20.56	-8.535	-13.389	-48.4
20.57	-8.535	-14.209	-48.1
20.58	-8.536	-14.834	-35.8
20.59	-8.537	-15.272	-33.6
20.6	-8.539	-15.534	-42.9
20.61	-8.541	-15.564	-40.5
20.62	-8.544	-15.367	-33.7
20.63	-8.547	-14.973	-38.6
20.64	-8.551	-14.436	-41.3
20.65	-8.554	-13.884	-36.9
20.66	-8.559	-13.419	-36.9
20.67	-8.566	-13.114	-38.3
20.68	-8.574	-12.958	-38.4
20.69	-8.584	-12.827	-37.7
20.7	-8.594	-12.742	-34.1
20.71	-8.606	-12.848	-32.4
20.72	-8.617	-13.119	-34.1
20.73	-8.628	-13.373	-34.8
20.74	-8.640	-13.503	-35.5
20.75	-8.652	-13.484	-31.7
20.76	-8.666	-13.370	-25.6
20.77	-8.679	-13.253	-25.2
20.78	-8.692	-13.159	-26.6
20.79	-8.704	-13.047	-31.4
20.8	-8.716	-12.892	-34.3
20.81	-8.728	-12.742	-29.1
20.82	-8.741	-12.675	-27.5
20.83	-8.753	-12.698	-32.2
20.84	-8.766	-12.778	-33.6
20.85	-8.779	-12.919	-22.5
20.86	-8.794	-13.092	-14.1
20.87	-8.808	-13.273	-20.3
20.88	-8.822	-13.469	-32.8
20.89	-8.837	-13.642	-34.8
20.9	-8.851	-13.769	-24.7
20.91	-8.866	-13.802	-22.4
20.92	-8.881	-13.756	-19.1
20.93	-8.896	-13.695	-17.6
20.94	-8.911	-13.569	-23.3
20.95	-8.926	-13.416	-22.0
20.96	-8.941	-13.359	-19.5
20.97	-8.956	-13.348	-21.7
20.98	-8.971	-13.344	-22.4
20.99	-8.987	-13.455	-21.1
21.0	-9.002	-13.669	-17.5
21.01	-9.018	-13.834	-16.5
21.02	-9.033	-13.894	-26.1
21.03	-9.047	-13.930	-28.6
21.04	-9.062	-14.055	-14.0
21.05	-9.076	-14.206	-7.7
21.06	-9.091	-14.214	-15.8
21.07	-9.107	-14.172	-20.2
21.08	-9.122	-14.228	-14.5
21.09	-9.138	-14.197	-13.2
21.1	-9.152	-13.919	-16.1
21.11	-9.168	-13.520	-17.5
21.12	-9.183	-13.223	-18.2
21.13	-9.198	-13.106	-18.1
21.14	-9.214	-13.069	-17.0
21.15	-9.229	-13.141	-11.6
21.16	-9.246	-13.400	-15.0
21.17	-9.261	-13.659	-16.6
21.18	-9.276	-13.675	-10.7
21.19	-9.291	-13.472	-9.2
21.2	-9.306	-13.211	-8.4
21.21	-9.321	-12.983	-11.8
21.22	-9.337	-12.847	-11.7
21.23	-9.353	-12.789	-4.9
21.24	-9.369	-12.786	9.4
21.25	-9.385	-12.909	24.0
21.26	-9.402	-13.183	37.4
21.27	-9.418	-13.477	41.0
21.28	-9.434	-13.638	26.3
21.29	-9.450	-13.628	7.6
21.3	-9.465	-13.483	-17.9
21.31	-9.480	-13.231	-35.9
21.32	-9.495	-12.934	-32.1
21.33	-9.510	-12.706	-24.8
21.34	-9.525	-12.584	-20.2
21.35	-9.541	-12.563	-19.9
21.36	-9.556	-12.648	-29.0
21.37	-9.571	-12.784	-32.7
21.38	-9.584	-12.917	-29.3
21.39	-9.599	-13.023	-28.1
21.4	-9.614	-13.069	-24.8
21.41	-9.631	-13.052	-18.7
21.42	-9.648	-13.052	-16.7
21.43	-9.663	-13.097	20.8
21.44	-9.676	-13.145	159.0
21.45	-9.689	-13.213	301.4
21.46	-9.704	-13.303	284.2
21.47	-9.719	-13.427	131.0
21.48	-9.734	-13.602	-4.1
21.49	-9.749	-13.744	-41.3
21.5	-9.763	-13.794	-33.6
21.51	-9.772	-13.722	-29.4
21.52	-9.776	-13.533	-31.1
21.53	-9.774	-13.328	-34.2
21.54	-9.771	-13.188	-27.8
21.55	-9.768	-13.139	-22.2
21.56	-9.768	-13.205	-26.1
21.57	-9.770	-13.341	-25.8
21.58	-9.774	-13.447	-18.6
21.59	-9.779	-13.273	-16.5
21.6	-9.785	-12.202	-19.6
21.61	-9.790	-8.978	-8.9
21.62	-9.796	-2.178	-1.1
21.63	-9.801	8.247	-5.5
21.64	-9.808	20.088	-10.3
21.65	-9.815	30.231	-9.9
21.66	-9.822	36.842	-5.1
21.67	-9.829	39.897	-0.8
21.68	-9.837	40.028	11.8
21.69	-9.846	37.622	22.8
21.7	-9.856	33.008	27.3
21.71	-9.864	26.783	33.4
21.72	-9.872	19.700	46.2
21.73	-9.878	12.572	61.6
21.74	-9.883	6.069	65.0
21.75	-9.888	0.486	74.5
21.76	-9.893	-4.036	94.7
21.77	-9.899	-7.356	101.9
21.78	-9.908	-9.488	97.5
21.79	-9.920	-10.550	85.6
21.8	-9.933	-10.680	65.5
21.81	-9.944	-10.050	40.6
21.82	-9.954	-8.948	17.0
21.83	-9.963	-7.867	-7.3
21.84	-9.971	-7.261	-27.6
21.85	-9.980	-7.413	-37.6
21.86	-9.988	-8.438	-48.6
21.87	-9.995	-10.111	-56.0
21.88	-10.002	-11.958	-46.9
21.89	-10.008	-13.441	-32.8
21.9	-10.014	-14.153	-39.3
21.91	-10.019	-14.031	-53.9
21.92	-10.024	-13.241	-56.2
21.93	-10.029	-11.955	-48.4
21.94	-10.033	-10.377	-36.8
21.95	-10.037	-8.822	-34.4
21.96	-10.041	-7.495	-35.2
21.97	-10.044	-6.431	-33.2
21.98	-10.048	-5.595	-37.9
21.99	-10.051	-4.947	-40.9
22.0	-10.050	-4.642	-40.8
22.01	-10.047	-4.922	-45.1
22.02	-10.043	-5.761	-45.7
22.03	-10.038	-6.963	-42.5
22.04	-10.031	-8.389	-42.9
22.05	-10.022	-9.931	-43.5
22.06	-10.011	-11.536	-41.8
22.07	-9.998	-13.195	-35.7
22.08	-9.980	-14.688	-31.2
22.09	-9.959	-15.705	-38.2
22.1	-9.934	-16.156	-42.6
22.11	-9.908	-16.200	-38.8
22.12	-9.879	-16.056	-42.3
22.13	-9.850	-15.745	-48.4
22.14	-9.821	-15.177	-43.7
22.15	-9.792	-14.403	-35.0
22.16	-9.764	-13.627	-33.9
22.17	-9.737	-13.041	-42.0
22.18	-9.711	-12.694	-40.8
22.19	-9.686	-12.534	-39.6
22.2	-9.661	-12.508	-47.7
22.21	-9.637	-12.544	-36.2
22.22	-9.613	-12.598	-23.9
22.23	-9.589	-12.670	-28.5
22.24	-9.567	-12.756	-34.5
22.25	-9.545	-12.833	-37.6
22.26	-9.524	-12.870	-31.8
22.27	-9.502	-12.856	-29.5
22.28	-9.482	-12.788	-36.6
22.29	-9.461	-12.713	-37.2
22.3	-9.442	-12.697	-30.3
22.31	-9.422	-12.725	-28.7
22.32	-9.404	-12.748	-31.8
22.33	-9.386	-12.734	-30.3
22.34	-9.369	-12.730	-23.7
22.35	-9.352	-12.766	-23.5
22.36	-9.335	-12.797	-34.8
22.37	-9.319	-12.819	-35.8
22.38	-9.304	-12.838	-23.7
22.39	-9.287	-12.870	-22.0
22.4	-9.272	-13.020	-28.6
22.41	-9.257	-13.300	-27.7
22.42	-9.242	-13.553	-25.8
22.43	-9.229	-13.716	-25.1
22.44	-9.215	-13.855	-24.7
22.45	-9.200	-13.991	-27.8
22.46	-9.184	-14.064	-27.3
22.47	-9.168	-14.058	-24.1
22.48	-9.153	-14.027	-20.1
22.49	-9.139	-13.997	-17.3
22.5	-9.124	-13.980	-23.5
22.51	-9.109	-14.048	-26.7
22.52	-9.095	-14.227	-20.8
22.53	-9.081	-14.336	-23.6
22.54	-9.067	-14.239	-27.9
22.55	-9.053	-14.066	-23.8
22.56	-9.040	-13.947	-19.7
22.57	-9.027	-13.833	-12.5
22.58	-9.015	-13.670	-8.7
22.59	-9.002	-13.458	-3.1
22.6	-8.991	-13.286	15.0
22.61	-8.979	-13.272	26.8
22.62	-8.967	-13.344	25.2
22.63	-8.956	-13.425	15.3
22.64	-8.944	-13.561	-2.1
22.65	-8.933	-13.744	-19.5
22.66	-8.922	-13.891	-32.3
22.67	-8.909	-13.959	-36.8
22.68	-8.898	-13.973	-35.3
22.69	-8.886	-13.991	-39.0
22.7	-8.874	-14.041	-41.5
22.71	-8.863	-14.050	-40.3
22.72	-8.851	-13.947	-35.5
22.73	-8.839	-13.800	-29.1
22.74	-8.829	-13.652	-29.6
22.75	-8.819	-13.486	-28.2
22.76	-8.813	-13.316	-30.9
22.77	-8.805	-13.180	-32.3
22.78	-8.797	-13.113	-5.8
22.79	-8.786	-13.080	111.9
22.8	-8.772	-13.067	276.5
22.81	-8.758	-13.148	299.5
22.82	-8.746	-13.253	149.5
22.83	-8.737	-13.292	-9.7
22.84	-8.728	-13.322	-56.9
22.85	-8.719	-13.373	-44.9
22.86	-8.710	-13.477	-37.7
22.87	-8.700	-13.677	-36.1
22.88	-8.689	-13.928	-36.6
22.89	-8.674	-14.228	-34.6
22.9	-8.659	-14.498	-32.3
22.91	-8.643	-14.588	-29.3
22.92	-8.628	-14.528	-30.3
22.93	-8.614	-14.470	-29.7
22.94	-8.601	-14.280	-26.1
22.95	-8.588	-13.469	-19.6
22.96	-8.576	-11.861	-9.1
22.97	-8.564	-8.578	-11.8
22.98	-8.553	-2.170	-14.2
22.99	-8.542	7.350	-12.1
23.0	-8.532	18.125	-11.2
23.01	-8.523	27.266	-4.9
23.02	-8.514	32.667	-9.8
23.03	-8.506	34.986	-9.8
23.04	-8.499	35.650	11.5
23.05	-8.494	34.383	26.0
23.06	-8.489	31.053	26.5
23.07	-8.484	26.200	31.5
23.08	-8.479	20.306	45.6
23.09	-8.473	14.056	64.9
23.1	-8.467	8.005	73.7
23.11	-8.460	2.322	81.7
23.12	-8.454	-2.730	95.9
23.13	-8.449	-6.761	92.2
23.14	-8.446	-9.636	78.7
23.15	-8.445	-11.394	63.0
23.16	-8.443	-12.116	37.8
23.17	-8.440	-12.025	11.4
23.18	-8.438	-11.398	-14.7
23.19	-8.435	-10.602	-33.8
23.2	-8.433	-10.169	-43.2
23.21	-8.429	-10.488	-47.6
23.22	-8.426	-11.547	-49.3
23.23	-8.424	-12.969	-56.4
23.24	-8.422	-14.244	-60.3
23.25	-8.421	-14.886	-55.3
23.26	-8.419	-14.697	-51.0
23.27	-8.418	-13.988	-46.6
23.28	-8.417	-12.931	-44.3
23.29	-8.416	-11.575	-43.7
23.3	-8.414	-10.216	-40.8
23.31	-8.414	-8.875	-39.1
23.32	-8.414	-7.653	-38.0
23.33	-8.414	-6.791	-46.0
23.34	-8.414	-6.213	-54.8
23.35	-8.414	-5.836	-48.2
23.36	-8.411	-5.778	-41.9
23.37	-8.408	-6.225	-39.0
23.38	-8.402	-7.236	-36.0
23.39	-8.398	-8.764	-38.5
23.4	-8.396	-10.517	-39.8
23.41	-8.394	-12.147	-43.3
23.42	-8.391	-13.550	-48.6
23.43	-8.389	-14.752	-42.8
23.44	-8.388	-15.672	-40.7
23.45	-8.386	-16.172	-51.2
23.46	-8.385	-16.306	-50.3
23.47	-8.384	-16.253	-40.6
23.48	-8.382	-16.056	-42.9
23.49	-8.381	-15.738	-43.7
23.5	-8.379	-15.402	-33.9
23.51	-8.378	-15.052	-32.9
23.52	-8.377	-14.584	-45.2
23.53	-8.376	-14.038	-48.6
23.54	-8.374	-13.567	-38.4
23.55	-8.372	-13.250	-34.3
23.56	-8.370	-13.102	-39.2
23.57	-8.369	-13.098	-42.5
23.58	-8.369	-13.163	-41.8
23.59	-8.369	-13.247	-35.5
23.6	-8.369	-13.347	-30.6
23.61	-8.369	-13.448	-35.6
23.62	-8.370	-13.514	-41.4
23.63	-8.370	-13.455	-34.2
23.64	-8.369	-13.369	-20.9
23.65	-8.369	-13.434	-21.9
23.66	-8.369	-13.605	-32.3
23.67	-8.369	-13.758	-35.2
23.68	-8.370	-13.763	-32.4
23.69	-8.371	-13.552	-29.9
23.7	-8.371	-13.298	-32.5
23.71	-8.373	-13.175	-33.4
23.72	-8.374	-13.152	-30.2
23.73	-8.375	-13.102	-23.3
23.74	-8.376	-12.983	-20.1
23.75	-8.377	-12.923	-23.6
23.76	-8.378	-13.067	-26.3
23.77	-8.379	-13.433	-33.9
23.78	-8.380	-13.880	-32.3
23.79	-8.381	-14.195	-21.7
23.8	-8.383	-14.353	-21.3
23.81	-8.384	-14.439	-20.0
23.82	-8.385	-14.470	-19.9
23.83	-8.386	-14.461	-23.6
23.84	-8.388	-14.439	-18.8
23.85	-8.389	-14.389	-21.4
23.86	-8.391	-14.300	-29.6
23.87	-8.392	-14.264	-25.4
23.88	-8.394	-14.327	-21.4
23.89	-8.395	-14.358	-18.9
23.9	-8.397	-14.214	-25.4
23.91	-8.398	-13.977	-36.3
23.92	-8.400	-13.817	-22.8
23.93	-8.402	-13.738	-7.9
23.94	-8.403	-13.739	-13.6
23.95	-8.404	-13.877	-25.1
23.96	-8.406	-14.064	-19.6
23.97	-8.408	-14.178	-10.2
23.98	-8.409	-14.198	-16.2
23.99	-8.411	-14.158	-18.8
24.0	-8.412	-14.059	-19.9
24.01	-8.414	-13.908	-19.8
24.02	-8.416	-13.767	-16.4
24.03	-8.417	-13.663	-14.8
24.04	-8.418	-13.611	-1.9
24.05	-8.419	-13.677	18.9
24.06	-8.421	-13.819	30.9
24.07	-8.423	-13.922	35.2
24.08	-8.426	-13.938	26.3
24.09	-8.428	-13.841	3.3
24.1	-8.431	-13.717	-21.8
24.11	-8.433	-13.705	-34.0
24.12	-8.435	-13.763	-33.0
24.13	-8.436	-13.806	-37.1
24.14	-8.438	-13.850	-33.2
24.15	-8.440	-13.892	-23.4
24.16	-8.442	-13.959	-34.0
24.17	-8.444	-14.030	-37.9
24.18	-8.446	-13.959	-25.4
24.19	-8.449	-13.734	-24.3
24.2	-8.453	-13.497	-37.6
24.21	-8.459	-13.317	-42.7
24.22	-8.463	-13.205	-24.5
24.23	-8.464	-13.217	38.8
24.24	-8.462	-13.364	189.3
24.25	-8.461	-13.505	309.4
24.26	-8.462	-13.561	258.3
24.27	-8.463	-13.666	105.0
24.28	-8.466	-13.892	-12.7
24.29	-8.472	-14.095	-47.4
24.3	-8.481	-14.161	-48.2
24.31	-8.488	-14.145	-46.2
24.32	-8.489	-14.127	-42.6
24.33	-8.485	-14.163	-34.3
24.34	-8.480	-14.297	-28.1
24.35	-8.476	-14.414	-29.8
24.36	-8.473	-14.367	-34.6
24.37	-8.469	-14.195	-29.4
24.38	-8.464	-13.955	-22.7
24.39	-8.461	-13.277	-28.2
24.4	-8.457	-11.102	-33.4
24.41	-8.454	-5.888	-29.2
24.42	-8.452	3.277	-22.4
24.43	-8.450	15.259	-20.2
24.44	-8.450	27.111	-16.7
24.45	-8.453	36.138	-14.8
24.46	-8.457	41.617	-10.0
24.47	-8.463	44.167	-2.8
24.48	-8.473	44.044	-3.1
24.49	-8.484	41.138	-0.5
24.5	-8.499	35.842	3.2
24.51	-8.516	29.019	10.3
24.52	-8.533	21.638	23.5
24.53	-8.548	14.541	37.4
24.54	-8.563	8.227	46.3
24.55	-8.576	2.902	49.8
24.56	-8.590	-1.280	66.8
24.57	-8.603	-4.183	80.2
24.58	-8.617	-5.845	74.9
24.59	-8.632	-6.470	73.5
24.6	-8.649	-6.208	61.8
24.61	-8.668	-5.248	31.1
24.62	-8.686	-4.094	2.7
24.63	-8.703	-3.295	-13.0
24.64	-8.721	-3.172	-18.1
24.65	-8.739	-3.969	-32.4
24.66	-8.757	-5.830	-45.0
24.67	-8.773	-8.536	-33.4
24.68	-8.788	-11.447	-31.8
24.69	-8.803	-13.803	-47.1
24.7	-8.817	-15.186	-48.3
24.71	-8.831	-15.527	-37.7
24.72	-8.847	-14.906	-41.6
24.73	-8.864	-13.611	-47.5
24.74	-8.881	-12.072	-46.6
24.75	-8.898	-10.508	-46.1
24.76	-8.917	-8.956	-36.6
24.77	-8.935	-7.627	-37.2
24.78	-8.953	-6.816	-45.4
24.79	-8.970	-6.584	-44.6
24.8	-8.986	-6.755	-41.9
24.81	-9.002	-7.116	-37.7
24.82	-9.016	-7.645	-35.9
24.83	-9.031	-8.416	-38.9
24.84	-9.046	-9.391	-43.2
24.85	-9.060	-10.555	-44.8
24.86	-9.074	-11.816	-45.2
24.87	-9.087	-12.975	-38.9
24.88	-9.101	-14.073	-34.3
24.89	-9.115	-15.152	-40.7
24.9	-9.130	-15.970	-41.4
24.91	-9.144	-16.448	-37.1
24.92	-9.158	-16.655	-33.1
24.93	-9.172	-16.563	-31.8
24.94	-9.186	-16.261	-35.6
24.95	-9.199	-15.925	-39.9
24.96	-9.213	-15.578	-42.5
24.97	-9.226	-15.141	-36.4
24.98	-9.240	-14.578	-36.6
24.99	-9.253	-14.045	-41.1
25.0	-9.266	-13.716	-34.1
25.01	-9.279	-13.577	-30.2
25.02	-9.291	-13.531	-34.0
25.03	-9.304	-13.564	-37.5
25.04	-9.318	-13.683	-27.8
25.05	-9.330	-13.819	-16.2
25.06	-9.343	-13.931	-25.7
25.07	-9.356	-14.039	-30.9
25.08	-9.370	-14.108	-24.2
25.09	-9.383	-14.022	-22.8
25.1	-9.396	-13.752	-29.3
25.11	-9.409	-13.488	-35.6
25.12	-9.422	-13.341	-25.6
25.13	-9.434	-13.256	-21.7
25.14	-9.447	-13.200	-32.5
25.15	-9.459	-13.175	-24.9
25.16	-9.471	-13.211	-14.1
25.17	-9.484	-13.327	-18.6
25.18	-9.496	-13.481	-24.7
25.19	-9.508	-13.667	-28.0
25.2	-9.519	-13.883	-25.0
25.21	-9.531	-14.064	-12.7
25.22	-9.543	-14.180	-14.2
25.23	-9.554	-14.300	-29.2
25.24	-9.565	-14.452	-27.3
25.25	-9.576	-14.559	-17.5
25.26	-9.587	-14.577	-20.2
25.27	-9.598	-14.544	-18.4
25.28	-9.609	-14.500	-15.2
25.29	-9.620	-14.442	-24.5
25.3	-9.630	-14.406	-27.7
25.31	-9.640	-14.425	-20.6
25.32	-9.650	-14.423	-15.8
25.33	-9.661	-14.353	-14.6
25.34	-9.671	-14.295	-19.6
25.35	-9.681	-14.309	-21.3
25.36	-9.691	-14.330	-13.0
25.37	-9.699	-14.331	-15.8
25.38	-9.708	-14.356	-22.0
25.39	-9.716	-14.375	-14.0
25.4	-9.724	-14.348	-9.4
25.41	-9.732	-14.353	-10.7
25.42	-9.739	-14.450	-12.1
25.43	-9.748	-14.519	-16.7
25.44	-9.754	-14.425	-16.7
25.45	-9.761	-14.247	-12.5
25.46	-9.768	-14.103	-15.6
25.47	-9.775	-13.970	-12.3
25.48	-9.783	-13.819	-7.5
25.49	-9.789	-13.686	-9.0
25.5	-9.796	-13.642	5.8
25.51	-9.802	-13.725	26.8
25.52	-9.808	-13.848	38.7
25.53	-9.813	-13.953	35.1
25.54	-9.817	-14.083	15.1
25.55	-9.821	-14.242	-8.7
25.56	-9.823	-14.369	-32.8
25.57	-9.825	-14.405	-39.4
25.58	-9.826	-14.330	-37.2
25.59	-9.828	-14.211	-46.7
25.6	-9.831	-14.111	-52.8
25.61	-9.834	-13.981	-36.9
25.62	-9.836	-13.814	-22.7
25.63	-9.836	-13.694	-32.5
25.64	-9.836	-13.655	-40.3
25.65	-9.835	-13.625	-33.6
25.66	-9.836	-13.544	-29.0
25.67	-9.838	-13.463	-26.6
25.68	-9.841	-13.448	-24.9
25.69	-9.842	-13.466	-29.9
25.7	-9.838	-13.448	2.3
25.71	-9.828	-13.452	144.7
25.72	-9.814	-13.502	292.4
25.73	-9.800	-13.584	266.1
25.74	-9.784	-13.739	100.9
25.75	-9.764	-14.000	-25.5
25.76	-9.739	-14.314	-47.0
25.77	-9.711	-14.570	-29.9
25.78	-9.681	-14.695	-28.4
25.79	-9.649	-14.669	-42.4
25.8	-9.613	-14.525	-51.7
25.81	-9.574	-14.380	-53.1
25.82	-9.536	-14.277	-42.7
25.83	-9.499	-14.181	-39.8
25.84	-9.467	-14.097	-50.8
25.85	-9.437	-14.066	-57.6
25.86	-9.409	-14.022	-52.4
25.87	-9.383	-13.645	-30.3
25.88	-9.359	-12.195	-10.7
25.89	-9.335	-8.361	-2.3
25.9	-9.313	-0.988	0.9
25.91	-9.292	9.498	6.4
25.92	-9.271	20.803	12.5
25.93	-9.251	30.303	18.0
25.94	-9.230	36.684	25.3
25.95	-9.210	39.994	31.9
25.96	-9.191	40.678	44.6
25.97	-9.172	38.902	60.9
25.98	-9.155	34.766	71.1
25.99	-9.138	28.783	76.9
26.0	-9.121	21.791	89.3
26.01	-9.104	14.534	105.0
26.02	-9.088	7.570	106.6
26.03	-9.071	1.339	107.2
26.04	-9.056	-3.845	112.1
26.05	-9.044	-7.775	106.5
26.06	-9.034	-10.325	89.4
26.07	-9.027	-11.564	64.3
26.08	-9.018	-11.708	34.7
26.09	-9.008	-11.042	6.8
26.1	-8.998	-10.030	-12.5
26.11	-8.988	-9.248	-26.9
26.12	-8.978	-9.214	-43.1
26.13	-8.966	-10.208	-51.5
26.14	-8.954	-12.052	-48.7
26.15	-8.943	-14.138	-47.0
26.16	-8.934	-15.769	-49.6
26.17	-8.926	-16.503	-53.3
26.18	-8.919	-16.206	-55.6
26.19	-8.914	-14.981	-51.9
26.2	-8.909	-13.153	-45.4
26.21	-8.904	-11.086	-45.9
26.22	-8.899	-9.072	-46.8
26.23	-8.894	-7.366	-36.9
26.24	-8.889	-6.105	-32.5
26.25	-8.883	-5.288	-36.5
26.26	-8.877	-4.906	-40.2
26.27	-8.869	-4.997	-46.7
26.28	-8.862	-5.589	-42.2
26.29	-8.854	-6.670	-29.1
26.3	-8.846	-8.166	-32.5
26.31	-8.839	-9.952	-42.0
26.32	-8.831	-11.856	-39.5
26.33	-8.824	-13.670	-37.4
26.34	-8.816	-15.184	-44.3
26.35	-8.809	-16.338	-49.3
26.36	-8.803	-17.161	-45.7
26.37	-8.796	-17.658	-42.0
26.38	-8.789	-17.838	-45.9
26.39	-8.783	-17.755	-43.7
26.4	-8.776	-17.434	-40.1
26.41	-8.770	-16.891	-43.9
26.42	-8.764	-16.228	-46.4
26.43	-8.758	-15.613	-44.1
26.44	-8.752	-15.075	-38.4
26.45	-8.747	-14.556	-33.3
26.46	-8.741	-14.100	-35.8
26.47	-8.737	-13.839	-40.6
26.48	-8.732	-13.848	-40.9
26.49	-8.729	-14.053	-37.1
26.5	-8.724	-14.327	-36.4
26.51	-8.719	-14.595	-38.1
26.52	-8.715	-14.825	-35.8
26.53	-8.711	-15.023	-32.8
26.54	-8.706	-15.133	-34.6
26.55	-8.702	-14.972	-35.5
26.56	-8.697	-14.552	-30.4
26.57	-8.694	-14.134	-32.7
26.58	-8.691	-13.873	-42.9
26.59	-8.687	-13.675	-37.0
26.6	-8.683	-13.414	-28.4
26.61	-8.679	-13.219	-34.1
26.62	-8.676	-13.320	-32.0
26.63	-8.674	-13.600	-18.9
26.64	-8.671	-13.823	-21.5
26.65	-8.668	-14.030	-32.7
26.66	-8.666	-14.297	-29.7
26.67	-8.662	-14.561	-27.6
26.68	-8.660	-14.797	-32.1
26.69	-8.658	-14.981	-25.8
26.7	-8.656	-15.013	-21.8
26.71	-8.654	-14.913	-29.8
26.72	-8.652	-14.845	-32.4
26.73	-8.650	-14.902	-24.7
26.74	-8.647	-14.994	-21.3
26.75	-8.644	-15.048	-20.8
26.76	-8.641	-15.106	-19.9
26.77	-8.638	-15.186	-22.3
26.78	-8.635	-15.248	-26.0
26.79	-8.633	-15.227	-28.3
26.8	-8.631	-15.150	-28.0
26.81	-8.629	-15.164	-21.1
26.82	-8.627	-15.281	-22.0
26.83	-8.626	-15.395	-21.3
26.84	-8.623	-15.475	-10.2
26.85	-8.621	-15.486	-11.8
26.86	-8.619	-15.347	-16.7
26.87	-8.616	-15.045	-19.5
26.88	-8.614	-14.670	-24.6
26.89	-8.612	-14.325	-22.3
26.9	-8.609	-14.102	-23.4
26.91	-8.607	-14.042	-25.6
26.92	-8.606	-14.114	-20.6
26.93	-8.604	-14.297	-18.3
26.94	-8.602	-14.533	-14.3
26.95	-8.600	-14.755	-9.9
26.96	-8.598	-14.941	-9.1
26.97	-8.596	-15.044	1.2
26.98	-8.594	-15.034	16.3
26.99	-8.593	-14.969	27.8
27.0	-8.592	-14.883	34.8
27.01	-8.592	-14.753	25.6
27.02	-8.592	-14.589	3.3
27.03	-8.591	-14.433	-12.0
27.04	-8.591	-14.305	-26.1
27.05	-8.591	-14.222	-38.4
27.06	-8.591	-14.198	-35.3
27.07	-8.591	-14.206	-29.0
27.08	-8.591	-14.258	-31.8
27.09	-8.590	-14.394	-33.0
27.1	-8.589	-14.566	-29.1
27.11	-8.588	-14.678	-29.2
27.12	-8.587	-14.627	-36.6
27.13	-8.588	-14.469	-37.7
27.14	-8.590	-14.392	-29.4
27.15	-8.596	-14.372	-19.0
27.16	-8.600	-14.263	-17.2
27.17	-8.601	-14.150	20.8
27.18	-8.600	-14.145	171.7
27.19	-8.599	-14.138	308.9
27.2	-8.600	-14.073	278.5
27.21	-8.603	-14.063	126.3
27.22	-8.611	-14.141	-14.4
27.23	-8.623	-14.275	-51.3
27.24	-8.640	-14.445	-40.6
27.25	-8.658	-14.625	-42.3
27.26	-8.672	-14.806	-46.7
27.27	-8.681	-14.952	-39.5
27.28	-8.689	-15.038	-24.4
27.29	-8.697	-15.120	-22.5
27.3	-8.706	-15.227	-31.8
27.31	-8.713	-15.277	-28.2
27.32	-8.719	-15.098	-21.7
27.33	-8.724	-14.400	-23.2
27.34	-8.729	-12.495	-24.3
27.35	-8.736	-8.053	-24.3
27.36	-8.745	0.184	-23.3
27.37	-8.754	11.869	-25.2
27.38	-8.765	24.567	-24.8
27.39	-8.777	35.247	-8.2
27.4	-8.791	42.202	-0.7
27.41	-8.806	45.588	-5.8
27.42	-8.822	46.223	-4.8
27.43	-8.838	44.400	-3.4
27.44	-8.855	40.148	3.2
27.45	-8.871	33.919	15.2
27.46	-8.888	26.559	25.3
27.47	-8.903	18.906	39.3
27.48	-8.918	11.575	50.5
27.49	-8.932	5.058	55.8
27.5	-8.947	-0.305	66.0
27.51	-8.962	-4.369	77.4
27.52	-8.977	-7.063	80.0
27.53	-8.994	-8.344	69.6
27.54	-9.012	-8.306	58.1
27.55	-9.031	-7.358	47.2
27.56	-9.050	-6.084	21.6
27.57	-9.069	-5.011	-6.6
27.58	-9.088	-4.633	-22.1
27.59	-9.107	-5.317	-29.8
27.6	-9.125	-7.081	-39.1
27.61	-9.141	-9.645	-45.3
27.62	-9.156	-12.505	-42.0
27.63	-9.171	-14.972	-37.9
27.64	-9.188	-16.455	-46.5
27.65	-9.205	-16.797	-50.2
27.66	-9.223	-16.214	-42.1
27.67	-9.239	-15.016	-39.3
27.68	-9.256	-13.511	-41.2
27.69	-9.273	-11.944	-39.0
27.7	-9.289	-10.431	-34.0
27.71	-9.305	-9.086	-33.6
27.72	-9.322	-8.050	-34.2
27.73	-9.338	-7.402	-37.4
27.74	-9.353	-7.125	-46.0
27.75	-9.366	-7.209	-44.5
27.76	-9.377	-7.653	-40.4
27.77	-9.389	-8.419	-39.9
27.78	-9.400	-9.495	-38.1
27.79	-9.412	-10.884	-36.9
27.8	-9.424	-12.447	-36.6
27.81	-9.436	-14.017	-39.7
27.82	-9.447	-15.491	-38.9
27.83	-9.460	-16.789	-31.9
27.84	-9.473	-17.794	-37.7
27.85	-9.484	-18.370	-44.3
27.86	-9.495	-18.536	-42.5
27.87	-9.506	-18.420	-39.8
27.88	-9.516	-18.066	-32.3
27.89	-9.524	-17.478	-28.5
27.9	-9.530	-16.766	-32.3
27.91	-9.536	-16.114	-32.2
27.92	-9.541	-15.670	-31.9
27.93	-9.546	-15.422	-33.1
27.94	-9.551	-15.270	-33.6
27.95	-9.555	-15.245	-31.7
27.96	-9.558	-15.400	-27.7
27.97	-9.558	-15.664	-32.0
27.98	-9.556	-15.880	-42.0
27.99	-9.552	-15.898	-40.2
28.0	-9.544	-15.717	-34.1
28.01	-9.531	-15.366	-33.0
28.02	-9.512	-14.919	-24.5
28.03	-9.491	-14.441	-14.9
28.04	-9.472	-13.845	-20.4
28.05	-9.456	-13.283	-29.7
28.06	-9.443	-12.920	-33.0
28.07	-9.433	-12.669	-27.6
28.08	-9.427	-12.577	-31.1
28.09	-9.428	-12.705	-37.4
28.1	-9.431	-12.931	-23.0
28.11	-9.431	-13.234	-13.0
28.12	-9.426	-13.642	-16.8
28.13	-9.419	-13.958	-22.2
28.14	-9.410	-13.825	-29.7
28.15	-9.402	-12.950	-18.8
28.16	-9.393	-11.373	-7.1
28.17	-9.382	-9.723	-24.6
28.18	-9.367	-8.647	-32.3
28.19	-9.349	-8.202	-25.4
28.2	-9.328	-8.136	-25.6
28.21	-9.306	-8.231	-15.1
28.22	-9.283	-8.388	-17.3
28.23	-9.260	-8.787	-27.3
28.24	-9.237	-9.703	-22.4
28.25	-9.213	-10.722	-20.6
28.26	-9.184	-10.839	-16.4
28.27	-9.151	-10.650	-15.7
28.28	-9.115	-11.917	-24.4
28.29	-9.081	-14.498	-22.1
28.3	-9.051	-16.881	-17.4
28.31	-9.028	-18.169	-18.1
28.32	-9.011	-18.494	-14.4
28.33	-8.996	-18.547	-10.3
28.34	-8.985	-18.725	-17.2
28.35	-8.974	-19.000	-30.0
28.36	-8.964	-19.377	-25.7
28.37	-8.953	-19.769	-14.0
28.38	-8.942	-19.964	-10.0
28.39	-8.932	-19.991	-3.3
28.4	-8.923	-19.895	7.4
28.41	-8.916	-19.606	29.8
28.42	-8.910	-19.142	39.4
28.43	-8.904	-18.642	23.2
28.44	-8.898	-18.186	2.9
28.45	-8.891	-17.791	-21.2
28.46	-8.886	-17.408	-42.5
28.47	-8.881	-17.012	-39.5
28.48	-8.874	-16.703	-35.8
28.49	-8.866	-16.381	-42.0
28.5	-8.858	-15.909	-45.5
28.51	-8.851	-15.480	-43.8
28.52	-8.844	-15.213	-40.7
28.53	-8.838	-15.038	-39.7
28.54	-8.831	-14.956	-24.0
28.55	-8.824	-14.923	-18.2
28.56	-8.818	-14.756	-37.9
28.57	-8.813	-14.353	-41.3
28.58	-8.811	-13.872	-21.6
28.59	-8.809	-13.531	47.3
28.6	-8.807	-13.339	213.2
28.61	-8.806	-13.214	330.3
28.62	-8.807	-13.089	230.6
28.63	-8.813	-12.889	36.5
28.64	-8.829	-12.536	-56.3
28.65	-8.854	-11.883	-54.9
28.66	-8.886	-10.973	-32.3
28.67	-8.918	-10.058	-11.8
28.68	-8.944	-9.323	-23.1
28.69	-8.966	-9.055	-38.5
28.7	-8.984	-9.286	-41.1
28.71	-9.002	-9.730	-47.9
28.72	-9.023	-10.108	-43.1
28.73	-9.045	-9.981	-29.7
28.74	-9.068	-9.159	-26.5
28.75	-9.092	-7.980	-17.3
28.76	-9.116	-6.675	-20.6
28.77	-9.143	-4.672	-17.9
28.78	-9.171	-0.447	7.4
28.79	-9.201	7.302	-1.3
28.8	-9.231	18.009	-26.6
28.81	-9.261	29.283	-35.9
28.82	-9.292	38.688	-22.4
28.83	-9.324	44.689	-1.1
28.84	-9.357	47.042	0.6
28.85	-9.394	46.350	10.3
28.86	-9.434	42.769	20.6
28.87	-9.475	36.539	18.1
28.88	-9.518	28.931	35.6
28.89	-9.560	21.436	58.8
28.9	-9.600	14.156	61.4
28.91	-9.638	6.972	68.5
28.92	-9.672	0.895	81.3
28.93	-9.707	-3.786	100.7
28.94	-9.744	-7.702	108.2
28.95	-9.784	-10.813	74.8
28.96	-9.826	-12.394	43.7
28.97	-9.866	-12.055	31.5
28.98	-9.907	-10.497	7.8
28.99	-9.948	-8.566	-7.5
29.0	-9.989	-6.750	-12.5
29.01	-10.029	-5.680	-30.1
29.02	-10.064	-5.528	-48.5
29.03	-10.099	-5.972	-44.6
29.04	-10.134	-6.048	-35.8
29.05	-10.170	-5.205	-40.9
29.06	-10.206	-3.744	-41.1
29.07	-10.245	-1.714	-41.3
29.08	-10.286	0.569	-40.6
29.09	-10.327	2.022	-35.7
29.1	-10.369	1.664	-27.4
29.11	-10.412	0.373	-14.1
29.12	-10.454	-0.720	-19.9
29.13	-10.498	-1.775	-34.8
29.14	-10.542	-2.800	-41.4
29.15	-10.587	-3.194	-43.3
29.16	-10.633	-2.283	-39.1
29.17	-10.677	-0.894	-27.6
29.18	-10.720	-0.647	-32.4
29.19	-10.765	-1.759	-38.8
29.2	-10.811	-3.795	-31.0
29.21	-10.859	-6.230	-21.7
29.22	-10.908	-8.638	-30.9
29.23	-10.954	-11.122	-51.0
29.24	-11.001	-13.145	-35.9
29.25	-11.045	-13.936	-17.2
29.26	-11.086	-14.569	-25.4
29.27	-11.124	-14.734	-36.6
29.28	-11.159	-12.581	-48.6
29.29	-11.192	-9.777	-45.8
29.3	-11.226	-7.700	-33.8
29.31	-11.260	-5.355	-36.6
29.32	-11.292	-3.095	-35.9
29.33	-11.318	-1.698	-36.1
29.34	-11.338	-1.066	-50.9
29.35	-11.350	-0.892	-47.8
29.36	-11.356	-0.995	-37.6
29.37	-11.357	-1.527	-44.3
29.38	-11.353	-1.948	-63.9
29.39	-11.344	-1.680	-64.3
29.4	-11.331	-1.477	-38.9
29.41	-11.311	-1.758	-39.4
29.42	-11.285	-2.506	-57.5
29.43	-11.251	-3.688	-48.7
29.44	-11.212	-5.556	-48.0
29.45	-11.169	-8.816	-46.2
29.46	-11.128	-12.642	-55.5
29.47	-11.086	-15.441	-91.7
29.48	-11.043	-16.656	-84.8
29.49	-10.999	-17.084	-84.2
29.5	-10.957	-18.038	-88.1
29.51	-10.918	-18.203	-38.3
29.52	-10.879	-16.280	-32.8
29.53	-10.840	-14.219	-68.4
29.54	-10.801	-13.677	-83.8
29.55	-10.765	-14.781	-93.0
29.56	-10.733	-16.675	-75.3
29.57	-10.705	-17.755	-49.4
29.58	-10.678	-17.653	-38.1
29.59	-10.649	-17.264	-27.2
29.6	-10.618	-17.427	-55.5
29.61	-10.588	-18.708	-82.0
29.62	-10.559	-21.359	-63.3
29.63	-10.534	-24.741	-36.0
29.64	-10.513	-26.897	-15.0
29.65	-10.495	-27.064	-25.9
29.66	-10.480	-26.136	-45.9
29.67	-10.467	-24.234	-23.9
29.68	-10.457	-21.225	-5.8
29.69	-10.445	-18.289	-22.3
29.7	-10.430	-17.178	-19.3
29.71	-10.413	-17.831	-17.9
29.72	-10.396	-18.845	-50.0
29.73	-10.378	-19.431	-77.9
29.74	-10.362	-19.444	-95.1
29.75	-10.344	-19.609	-71.8
29.76	-10.325	-19.972	-23.3
29.77	-10.303	-19.302	-15.4
29.78	-10.278	-18.116	-26.7
29.79	-10.250	-18.583	-19.8
29.8	-10.223	-20.994	-5.9
29.81	-10.198	-23.331	-25.2
29.82	-10.180	-24.980	-73.8
29.83	-10.169	-26.809	-67.4
29.84	-10.160	-28.656	-17.8
29.85	-10.153	-30.113	96.8
29.86	-10.139	-31.556	274.0
29.87	-10.121	-32.495	318.0
29.88	-10.100	-32.406	172.1
29.89	-10.081	-32.830	-2.5
29.9	-10.064	-33.983	-58.2
29.91	-10.049	-35.462	-56.9
29.92	-10.039	-37.077	-54.7
29.93	-10.030	-37.784	8.2
29.94	-10.020	-37.383	31.8
29.95	-10.003	-36.889	-34.7
29.96	-9.978	-36.270	-65.8
29.97	-9.951	-34.016	-50.2
29.98	-9.926	-30.658	-23.3
29.99	-9.904	-27.725	1.8
30.0	-9.884	-26.078	13.7
30.01	-9.864	-26.380	4.4
30.02	-9.844	-28.136	-22.8
30.03	-9.825	-28.739	-12.7
30.04	-9.806	-24.975	15.6
30.05	-9.788	-14.916	18.9
30.06	-9.774	0.241	7.8
30.07	-9.763	15.384	6.2
30.08	-9.752	24.853	25.3
30.09	-9.742	27.389	53.7
30.1	-9.734	25.798	43.0
30.11	-9.726	22.094	10.8
30.12	-9.717	16.566	31.0
30.13	-9.707	9.489	58.5
30.14	-9.694	1.220	59.8
30.15	-9.676	-7.263	63.7
30.16	-9.658	-13.361	87.7
30.17	-9.639	-15.136	107.3
30.18	-9.619	-13.383	88.2
30.19	-9.602	-10.666	78.3
30.2	-9.592	-8.956	91.7
30.21	-9.589	-7.983	75.1
30.22	-9.586	-6.888	13.4
30.23	-9.581	-4.713	-25.8
30.24	-9.572	-2.209	-32.8
30.25	-9.565	-2.047	-31.6
30.26	-9.558	-3.922	-51.3
30.27	-9.551	-7.613	-78.9
30.28	-9.544	-13.656	-78.2
30.29	-9.539	-18.620	-87.0
30.3	-9.536	-20.178	-100.3
30.31	-9.528	-19.222	-74.4
30.32	-9.512	-17.047	-48.8
30.33	-9.487	-15.189	-52.3
30.34	-9.454	-14.091	-57.5
30.35	-9.419	-12.236	-59.8
30.36	-9.381	0.433	-54.7
30.37	-9.346	27.183	-53.3
30.38	-9.311	46.847	-53.7
30.39	-9.277	51.022	-57.2
30.4	-9.247	51.116	-69.8
30.41	-9.218	51.105	-66.2
30.42	-9.190	49.192	-66.1
30.43	-9.161	34.370	-60.2
30.44	-9.133	-0.597	-46.3
30.45	-9.106	-35.042	-56.3
30.46	-9.081	-49.273	-68.0
30.47	-9.059	-51.111	-76.4
30.48	-9.039	-51.095	-76.1
30.49	-9.024	-49.655	-59.7
30.5	-9.013	-42.488	-72.8
30.51	-9.008	-30.342	-97.5
30.52	-9.007	-17.011	-69.5
30.53	-9.008	-6.058	-44.4
30.54	-9.008	-2.261	-56.3
30.55	-9.008	-4.123	-58.4
30.56	-9.008	-7.736	-59.7
30.57	-9.009	-11.547	-68.2
30.58	-9.012	-14.853	-77.8
30.59	-9.016	-16.119	-83.6
30.6	-9.018	-14.556	-76.5
30.61	-9.014	-12.639	-58.6
30.62	-9.007	-12.288	-52.2
30.63	-8.996	-13.470	-60.6
30.64	-8.983	-14.572	-70.9
30.65	-8.969	-13.669	-74.1
30.66	-8.956	-12.006	-60.8
30.67	-8.942	-12.091	-51.7
30.68	-8.928	-14.366	-66.3
30.69	-8.912	-18.242	-85.4
30.7	-8.897	-23.244	-73.3
30.71	-8.881	-27.527	-44.5
30.72	-8.864	-29.327	-31.1
30.73	-8.850	-29.058	-29.8
30.74	-8.836	-28.166	-42.3
30.75	-8.822	-27.733	-59.0
30.76	-8.809	-27.311	-64.7
30.77	-8.794	-25.241	-62.3
30.78	-8.780	-21.914	-61.3
30.79	-8.766	-19.775	-53.6
30.8	-8.752	-19.788	-55.3
30.81	-8.739	-20.928	-56.2
30.82	-8.727	-21.780	-29.0
30.83	-8.716	-21.828	-27.5
30.84	-8.704	-21.350	-44.3
30.85	-8.694	-20.723	-37.4
30.86	-8.684	-20.581	-36.8
30.87	-8.673	-21.803	-33.8
30.88	-8.663	-24.705	-17.2
30.89	-8.654	-28.770	-3.1
30.9	-8.649	-33.203	19.3
30.91	-8.648	-37.794	20.9
30.92	-8.650	-42.216	-5.1
30.93	-8.656	-44.198	-23.9
30.94	-8.664	-42.741	-47.9
30.95	-8.674	-40.647	-58.4
30.96	-8.686	-38.822	-54.9
30.97	-8.699	-35.603	-48.6
30.98	-8.713	-30.472	-54.2
30.99	-8.728	-25.181	-68.4
31.0	-8.742	-22.313	-53.9
31.01	-8.758	-22.314	-45.0
31.02	-8.777	-23.686	-59.7
31.03	-8.800	-24.483	-61.9
31.04	-8.824	-23.920	-54.4
31.05	-8.846	-22.259	-55.0
31.06	-8.857	-20.533	-26.2
31.07	-8.859	-19.886	128.8
31.08	-8.854	-20.505	294.1
31.09	-8.848	-21.444	271.5
31.1	-8.848	-21.367	83.6
31.11	-8.855	-20.888	-86.9
31.12	-8.870	-20.981	-122.2
31.13	-8.884	-20.261	-97.2
31.14	-8.891	-18.473	-91.3
31.15	-8.888	-17.419	-97.3
31.16	-8.874	-17.400	-98.2
31.17	-8.856	-17.136	-86.0
31.18	-8.840	-16.281	-70.3
31.19	-8.829	-15.100	-73.0
31.2	-8.819	-8.883	-67.1
31.21	-8.809	3.953	-41.9
31.22	-8.796	9.356	-29.3
31.23	-8.783	2.761	-25.3
31.24	-8.768	-2.048	-17.7
31.25	-8.754	2.197	-9.4
31.26	-8.745	11.348	-6.0
31.27	-8.740	19.766	-13.1
31.28	-8.738	26.320	-26.5
31.29	-8.734	29.067	-27.1
31.3	-8.725	23.127	-7.7
31.31	-8.707	11.603	6.7
31.32	-8.686	7.777	-1.0
31.33	-8.665	16.764	-2.6
31.34	-8.646	31.622	9.7
31.35	-8.629	44.189	27.5
31.36	-8.611	49.861	43.8
31.37	-8.593	48.122	46.5
31.38	-8.574	38.202	53.0
31.39	-8.554	23.239	59.8
31.4	-8.533	11.286	50.5
31.41	-8.514	7.245	54.9
31.42	-8.498	10.820	65.7
31.43	-8.483	17.047	62.4
31.44	-8.466	20.563	37.2
31.45	-8.449	19.275	5.4
31.46	-8.432	13.733	-20.3
31.47	-8.416	6.198	-53.9
31.48	-8.401	-1.034	-67.0
31.49	-8.386	-6.950	-58.0
31.5	-8.367	-12.177	-60.4
31.51	-8.346	-18.264	-59.2
31.52	-8.324	-24.375	-51.2
31.53	-8.301	-27.352	-53.2
31.54	-8.277	-25.873	-55.8
31.55	-8.254	-20.694	-55.3
31.56	-8.233	-13.377	-58.0
31.57	-8.214	-6.305	-55.9
31.58	-8.195	-1.334	-52.6
31.59	-8.176	0.817	-44.1
31.6	-8.157	0.153	-47.9
31.61	-8.136	-2.645	-65.4
31.62	-8.114	-6.667	-50.4
31.63	-8.091	-10.994	-28.2
31.64	-8.067	-14.527	-38.5
31.65	-8.045	-17.067	-54.9
31.66	-8.025	-19.245	-54.6
31.67	-8.006	-21.078	-45.1
31.68	-7.989	-22.361	-51.8
31.69	-7.976	-23.119	-55.6
31.7	-7.968	-23.302	-52.2
31.71	-7.964	-23.103	-61.6
31.72	-7.962	-23.117	-59.3
31.73	-7.963	-23.238	-59.6
31.74	-7.966	-22.756	-77.5
31.75	-7.970	-21.372	-85.2
31.76	-7.975	-19.336	-101.7
31.77	-7.979	-16.144	-104.9
31.78	-7.984	-12.878	-97.1
31.79	-7.987	-12.511	-106.7
31.8	-7.986	-12.022	-117.8
31.81	-7.982	-7.755	-123.3
31.82	-7.978	-3.461	-118.2
31.83	-7.973	-2.877	-108.9
31.84	-7.968	-3.725	-92.1
31.85	-7.959	-4.536	-72.8
31.86	-7.947	-6.597	-69.5
31.87	-7.932	-7.747	-67.0
31.88	-7.914	-5.844	-38.1
31.89	-7.895	-3.230	-19.4
31.9	-7.876	-3.492	-26.3
31.91	-7.858	-6.186	-26.6
31.92	-7.841	-7.313	-33.2
31.93	-7.824	-5.291	-33.7
31.94	-7.809	-2.477	-12.7
31.95	-7.796	-1.955	1.8
31.96	-7.784	-3.161	12.6
31.97	-7.771	-2.938	13.6
31.98	-7.757	-2.530	-7.0
31.99	-7.743	-3.641	-28.2
32.0	-7.727	-4.750	-49.8
32.01	-7.712	-4.675	-54.5
32.02	-7.698	-2.917	-45.9
32.03	-7.686	6.523	-55.6
32.04	-7.675	27.972	-67.9
32.05	-7.664	45.994	-60.1
32.06	-7.653	50.333	-41.1
32.07	-7.641	43.183	-37.3
32.08	-7.629	19.848	-50.4
32.09	-7.618	-12.280	-54.8
32.1	-7.606	-36.005	-39.5
32.11	-7.597	-46.736	-27.4
32.12	-7.589	-49.883	37.5
32.13	-7.580	-50.534	210.7
32.14	-7.570	-49.369	306.3
32.15	-7.558	-43.680	188.6
32.16	-7.543	-32.923	-11.0
32.17	-7.528	-19.648	-101.9
32.18	-7.514	-4.586	-79.1
32.19	-7.503	15.644	-47.1
32.2	-7.491	37.198	-43.8
32.21	-7.477	48.839	-52.8
32.22	-7.461	51.073	-51.1
32.23	-7.442	51.134	-30.2
32.24	-7.422	51.139	-15.7
32.25	-7.402	51.139	-36.5
32.26	-7.384	51.139	-50.6
32.27	-7.368	51.139	-47.9
32.28	-7.356	51.139	-48.8
32.29	-7.348	51.139	-38.7
32.3	-7.341	51.130	-43.1
32.31	-7.335	50.970	-49.7
32.32	-7.330	48.925	-31.1
32.33	-7.325	43.036	-6.3
32.34	-7.320	35.850	-2.9
32.35	-7.314	33.964	-9.0
32.36	-7.307	39.713	-11.6
32.37	-7.302	47.086	-18.2
32.38	-7.299	50.322	-15.1
32.39	-7.298	48.952	-0.3
32.4	-7.298	45.653	24.5
32.41	-7.301	45.258	39.3
32.42	-7.304	47.344	30.4
32.43	-7.308	44.525	39.4
32.44	-7.313	34.231	69.5
32.45	-7.317	19.102	86.8
32.46	-7.321	2.908	69.9
32.47	-7.327	-4.759	47.0
32.48	-7.334	-0.361	30.0
32.49	-7.343	6.128	11.9
32.5	-7.353	6.994	0.3
32.51	-7.363	3.159	-20.8
32.52	-7.375	-2.448	-39.8
32.53	-7.389	-7.481	-54.4
32.54	-7.405	-11.000	-65.3
