Interval=	0.01 s
ExcelDateTime=	3.9777517268537194e+004	25/11/2008 12:24:52.001614
TimeFormat=	StartOfBlock
ChannelTitle=	Channel 1	Channel 2	Channel 3
Range=	20.000 mV	50.000 mV	1000.0 µV
0.0	-9.042	23.514	-0.8
0.01	-9.056	17.317	13.5
0.02	-9.068	11.120	33.5
0.03	-9.081	5.455	47.6
0.04	-9.092	0.623	63.8
0.05	-9.105	-3.220	68.5
0.06	-9.117	-5.975	65.4
0.07	-9.130	-7.595	78.1
0.08	-9.143	-8.105	89.2
0.09	-9.156	-7.591	83.4
0.1	-9.171	-6.384	67.8
0.11	-9.186	-4.972	44.6
0.12	-9.202	-3.691	17.8
0.13	-9.217	-2.842	-5.5
0.14	-9.231	-2.786	-15.8
0.15	-9.245	-3.608	-24.4
0.16	-9.258	-5.228	-39.2
0.17	-9.270	-7.611	-47.7
0.18	-9.281	-10.473	-45.2
0.19	-9.290	-13.128	-35.1
0.2	-9.299	-14.903	-32.1
0.21	-9.309	-15.581	-38.2
0.22	-9.319	-15.273	-39.5
0.23	-9.330	-14.177	-39.3
0.24	-9.341	-12.553	-35.9
0.25	-9.352	-10.730	-35.6
0.26	-9.364	-9.067	-42.9
0.27	-9.376	-7.786	-43.8
0.28	-9.389	-6.953	-34.1
0.29	-9.400	-6.695	-28.2
0.3	-9.410	-6.997	-34.2
0.31	-9.420	-7.542	-40.6
0.32	-9.429	-8.081	-39.3
0.33	-9.436	-8.706	-40.1
0.34	-9.441	-9.594	-41.0
0.35	-9.446	-10.650	-41.1
0.36	-9.449	-11.641	-41.5
0.37	-9.455	-12.459	-39.3
0.38	-9.461	-13.166	-35.1
0.39	-9.467	-13.848	-33.5
0.4	-9.474	-14.397	-38.3
0.41	-9.481	-14.656	-36.6
0.42	-9.488	-14.672	-29.4
0.43	-9.494	-14.523	-33.3
0.44	-9.501	-14.220	-41.1
0.45	-9.508	-13.767	-44.0
0.46	-9.513	-13.278	-39.1
0.47	-9.519	-12.925	-35.1
0.48	-9.524	-12.700	-35.0
0.49	-9.530	-12.555	-32.4
0.5	-9.536	-12.520	-27.6
0.51	-9.544	-12.588	-26.6
0.52	-9.551	-12.666	-27.1
0.53	-9.560	-12.644	-31.9
0.54	-9.568	-12.500	-38.1
0.55	-9.575	-12.372	-33.4
0.56	-9.580	-12.373	-25.6
0.57	-9.586	-12.455	-26.8
0.58	-9.590	-12.566	-32.5
0.59	-9.594	-12.658	-25.3
0.6	-9.599	-12.605	-19.3
0.61	-9.604	-12.416	-27.3
0.62	-9.611	-12.286	-25.2
0.63	-9.617	-12.283	-21.1
0.64	-9.623	-12.308	-25.2
0.65	-9.627	-12.214	-22.8
0.66	-9.633	-12.056	-19.4
0.67	-9.640	-12.169	-23.0
0.68	-9.647	-12.531	-23.1
0.69	-9.653	-12.781	-23.6
0.7	-9.659	-12.863	-26.3
0.71	-9.664	-12.988	-19.8
0.72	-9.669	-13.255	-12.2
0.73	-9.673	-13.577	-15.5
0.74	-9.678	-13.797	-24.3
0.75	-9.683	-13.827	-23.8
0.76	-9.688	-13.717	-14.4
0.77	-9.693	-13.566	-14.1
0.78	-9.696	-13.445	-20.0
0.79	-9.700	-13.422	-21.0
0.8	-9.703	-13.441	-13.3
0.81	-9.707	-13.372	-11.2
0.82	-9.711	-13.256	-18.3
0.83	-9.716	-13.231	-19.3
0.84	-9.721	-13.273	-17.4
0.85	-9.726	-13.270	-17.1
0.86	-9.731	-13.172	-15.3
0.87	-9.735	-13.048	-17.6
0.88	-9.738	-13.045	-19.3
0.89	-9.741	-13.191	-13.0
0.9	-9.744	-13.392	-9.3
0.91	-9.745	-13.586	-12.7
0.92	-9.746	-13.702	-19.6
0.93	-9.746	-13.655	-22.0
0.94	-9.745	-13.488	-12.7
0.95	-9.742	-13.347	-8.3
0.96	-9.737	-13.283	-10.2
0.97	-9.729	-13.284	-6.9
0.98	-9.719	-13.313	-2.9
0.99	-9.708	-13.294	1.4
1.0	-9.696	-13.286	8.9
1.01	-9.683	-13.488	18.2
1.02	-9.670	-13.847	34.4
1.03	-9.656	-14.036	34.3
1.04	-9.641	-13.858	11.5
1.05	-9.624	-13.559	-12.9
1.06	-9.609	-13.527	-24.3
1.07	-9.593	-13.636	-22.4
1.08	-9.579	-13.547	-25.6
1.09	-9.565	-13.370	-37.6
1.1	-9.551	-13.452	-39.4
1.11	-9.536	-13.725	-31.0
1.12	-9.520	-13.834	-26.7
1.13	-9.505	-13.719	-28.9
1.14	-9.489	-13.648	-32.4
1.15	-9.474	-13.719	-28.0
1.16	-9.462	-13.745	-24.9
1.17	-9.454	-13.620	-28.6
1.18	-9.447	-13.522	-26.7
1.19	-9.438	-13.644	-14.7
1.2	-9.426	-13.828	63.0
1.21	-9.410	-13.817	217.4
1.22	-9.394	-13.752	297.3
1.23	-9.379	-13.927	192.7
1.24	-9.365	-14.184	24.6
1.25	-9.351	-14.181	-51.2
1.26	-9.334	-13.891	-53.1
1.27	-9.318	-13.600	-33.3
1.28	-9.302	-13.497	-26.3
1.29	-9.284	-13.495	-35.8
1.3	-9.261	-13.556	-30.3
1.31	-9.235	-13.752	-24.7
1.32	-9.209	-14.002	-28.1
1.33	-9.184	-14.147	-30.8
1.34	-9.162	-14.183	-27.9
1.35	-9.141	-14.172	-21.3
1.36	-9.121	-14.102	-20.0
1.37	-9.103	-13.541	-22.2
1.38	-9.084	-11.403	-14.5
1.39	-9.068	-6.664	-5.7
1.4	-9.052	0.584	-8.3
1.41	-9.037	9.016	-12.9
1.42	-9.023	17.067	-8.7
1.43	-9.009	23.661	3.8
1.44	-8.996	27.878	5.0
1.45	-8.984	28.981	2.2
1.46	-8.973	27.075	24.0
1.47	-8.962	23.119	41.8
1.48	-8.952	18.139	38.8
1.49	-8.941	12.684	48.1
1.5	-8.930	7.120	65.4
1.51	-8.919	1.928	80.4
1.52	-8.908	-2.450	101.2
1.53	-8.897	-5.883	106.7
1.54	-8.886	-8.402	100.7
1.55	-8.879	-9.975	97.3
1.56	-8.874	-10.602	79.8
1.57	-8.871	-10.345	46.8
1.58	-8.867	-9.453	15.6
1.59	-8.863	-8.459	-7.6
1.6	-8.857	-7.775	-31.0
1.61	-8.853	-7.636	-47.6
1.62	-8.849	-8.303	-47.3
1.63	-8.842	-9.878	-51.3
1.64	-8.836	-12.047	-54.7
1.65	-8.829	-14.080	-49.9
1.66	-8.824	-15.305	-50.0
1.67	-8.820	-15.495	-53.3
1.68	-8.818	-14.775	-53.6
1.69	-8.816	-13.483	-52.4
1.7	-8.815	-11.947	-53.7
1.71	-8.814	-10.405	-49.4
1.72	-8.813	-8.989	-38.5
1.73	-8.812	-7.694	-35.0
1.74	-8.811	-6.645	-33.6
1.75	-8.810	-6.141	-29.3
1.76	-8.808	-6.300	-33.1
1.77	-8.804	-6.958	-42.9
1.78	-8.801	-7.920	-47.3
1.79	-8.797	-9.105	-45.3
1.8	-8.794	-10.425	-40.9
1.81	-8.790	-11.745	-44.3
1.82	-8.786	-12.939	-49.1
1.83	-8.781	-13.953	-49.5
1.84	-8.777	-14.753	-37.6
1.85	-8.773	-15.266	-31.5
1.86	-8.769	-15.475	-45.3
1.87	-8.766	-15.495	-44.2
1.88	-8.762	-15.416	-36.6
1.89	-8.759	-15.148	-47.8
1.9	-8.756	-14.648	-51.2
1.91	-8.752	-14.063	-44.3
1.92	-8.749	-13.600	-46.1
1.93	-8.746	-13.344	-42.2
1.94	-8.744	-13.211	-32.8
1.95	-8.742	-13.102	-31.3
1.96	-8.740	-12.980	-39.5
1.97	-8.738	-12.925	-48.1
1.98	-8.736	-13.005	-40.6
1.99	-8.734	-13.152	-31.4
2.0	-8.732	-13.259	-36.3
2.01	-8.731	-13.306	-44.5
2.02	-8.729	-13.334	-34.2
2.03	-8.729	-13.373	-27.7
2.04	-8.729	-13.408	-35.7
2.05	-8.729	-13.397	-29.8
2.06	-8.729	-13.327	-30.9
2.07	-8.728	-13.219	-34.0
2.08	-8.728	-13.058	-30.8
2.09	-8.728	-12.888	-40.3
2.1	-8.728	-12.844	-34.8
2.11	-8.727	-12.931	-22.0
2.12	-8.727	-13.022	-23.5
2.13	-8.728	-13.134	-27.7
2.14	-8.728	-13.353	-28.2
2.15	-8.729	-13.567	-24.6
2.16	-8.730	-13.711	-26.3
2.17	-8.731	-13.839	-31.2
2.18	-8.731	-13.986	-31.0
2.19	-8.730	-14.100	-26.7
2.2	-8.730	-14.103	-20.6
2.21	-8.730	-14.064	-19.9
2.22	-8.730	-14.067	-20.2
2.23	-8.730	-14.069	-23.0
2.24	-8.729	-14.009	-27.1
2.25	-8.729	-13.819	-26.3
2.26	-8.729	-13.545	-23.9
2.27	-8.728	-13.364	-19.1
2.28	-8.728	-13.359	-16.3
2.29	-8.728	-13.477	-20.3
2.3	-8.727	-13.586	-24.0
2.31	-8.726	-13.639	-24.3
2.32	-8.726	-13.708	-21.0
2.33	-8.726	-13.864	-16.9
2.34	-8.725	-14.095	-16.9
2.35	-8.724	-14.280	-19.2
2.36	-8.724	-14.350	-16.8
2.37	-8.723	-14.339	-16.9
2.38	-8.723	-14.314	-19.8
2.39	-8.723	-14.289	-19.0
2.4	-8.721	-14.152	-16.0
2.41	-8.720	-13.886	-18.6
2.42	-8.719	-13.634	-25.3
2.43	-8.718	-13.469	-20.7
2.44	-8.717	-13.423	-14.3
2.45	-8.716	-13.455	-17.6
2.46	-8.716	-13.431	-16.4
2.47	-8.716	-13.348	-14.8
2.48	-8.715	-13.334	-13.0
2.49	-8.715	-13.423	-8.7
2.5	-8.714	-13.516	-10.8
2.51	-8.714	-13.547	-14.8
2.52	-8.713	-13.538	-15.2
2.53	-8.713	-13.538	-12.8
2.54	-8.711	-13.597	-0.0
2.55	-8.711	-13.716	15.9
2.56	-8.710	-13.833	23.1
2.57	-8.710	-13.900	27.7
2.58	-8.710	-13.969	29.7
2.59	-8.709	-14.056	24.5
2.6	-8.709	-14.078	0.3
2.61	-8.707	-13.998	-29.5
2.62	-8.706	-13.881	-31.2
2.63	-8.704	-13.792	-30.5
2.64	-8.704	-13.728	-32.2
2.65	-8.704	-13.669	-26.3
2.66	-8.703	-13.648	-30.6
2.67	-8.701	-13.686	-32.9
2.68	-8.699	-13.697	-34.3
2.69	-8.697	-13.588	-35.1
2.7	-8.696	-13.389	-25.0
2.71	-8.696	-13.220	-25.0
2.72	-8.699	-13.189	-32.1
2.73	-8.702	-13.259	-32.6
2.74	-8.702	-13.314	-15.0
2.75	-8.699	-13.345	84.8
2.76	-8.693	-13.439	252.2
2.77	-8.689	-13.608	319.1
2.78	-8.687	-13.766	214.0
2.79	-8.686	-13.825	49.6
2.8	-8.684	-13.766	-38.5
2.81	-8.684	-13.675	-45.7
2.82	-8.683	-13.641	-31.6
2.83	-8.680	-13.672	-25.4
2.84	-8.673	-13.755	-31.1
2.85	-8.663	-13.897	-39.8
2.86	-8.653	-14.066	-36.7
2.87	-8.643	-14.170	-29.5
2.88	-8.633	-14.170	-32.8
2.89	-8.623	-14.023	-32.3
2.9	-8.613	-13.597	-31.3
2.91	-8.604	-12.527	-24.6
2.92	-8.596	-9.848	-13.9
2.93	-8.589	-4.355	-18.5
2.94	-8.584	3.995	-21.3
2.95	-8.580	13.483	-19.1
2.96	-8.577	22.027	-13.3
2.97	-8.574	28.452	-9.4
2.98	-8.571	32.075	-10.3
2.99	-8.569	32.488	1.7
3.0	-8.568	29.998	14.5
3.01	-8.568	25.423	13.5
3.02	-8.566	19.658	15.0
3.03	-8.565	13.573	24.2
3.04	-8.563	7.833	37.6
3.05	-8.561	2.752	55.5
3.06	-8.558	-1.519	71.8
3.07	-8.555	-4.813	79.9
3.08	-8.553	-7.028	83.4
3.09	-8.551	-8.217	85.8
3.1	-8.551	-8.470	91.2
3.11	-8.551	-7.894	83.2
3.12	-8.554	-6.716	55.1
3.13	-8.558	-5.317	25.2
3.14	-8.561	-4.144	5.5
3.15	-8.564	-3.609	-7.3
3.16	-8.567	-3.997	-24.3
3.17	-8.570	-5.375	-36.8
3.18	-8.572	-7.536	-40.7
3.19	-8.573	-10.073	-45.7
3.2	-8.572	-12.534	-45.2
3.21	-8.572	-14.448	-38.6
3.22	-8.573	-15.456	-30.3
3.23	-8.576	-15.431	-32.7
3.24	-8.579	-14.525	-42.7
3.25	-8.584	-13.094	-45.2
3.26	-8.589	-11.444	-38.9
3.27	-8.594	-9.794	-38.0
3.28	-8.603	-8.713	-42.5
3.29	-8.612	-8.353	-40.3
3.3	-8.623	-7.981	-31.4
3.31	-8.633	-7.523	-25.1
3.32	-8.642	-7.597	-36.4
3.33	-8.649	-8.389	-44.7
3.34	-8.653	-9.497	-34.8
3.35	-8.657	-10.378	-34.5
3.36	-8.659	-11.102	-38.4
3.37	-8.662	-12.056	-31.9
3.38	-8.665	-13.133	-38.4
3.39	-8.669	-13.927	-45.4
3.4	-8.672	-14.372	-36.5
3.41	-8.676	-14.713	-34.9
3.42	-8.682	-14.975	-36.6
3.43	-8.688	-15.002	-43.6
3.44	-8.695	-14.853	-43.7
3.45	-8.702	-14.686	-30.2
3.46	-8.709	-14.481	-34.1
3.47	-8.717	-14.152	-47.3
3.48	-8.726	-13.769	-43.5
3.49	-8.735	-13.527	-33.3
3.5	-8.744	-13.447	-29.7
3.51	-8.755	-13.355	-35.6
3.52	-8.765	-13.164	-37.4
3.53	-8.776	-13.028	-36.4
3.54	-8.787	-13.123	-37.9
3.55	-8.799	-13.378	-28.1
3.56	-8.810	-13.561	-27.1
3.57	-8.821	-13.564	-35.0
3.58	-8.832	-13.506	-31.6
3.59	-8.843	-13.495	-25.4
3.6	-8.854	-13.523	-27.9
3.61	-8.864	-13.577	-34.1
3.62	-8.874	-13.548	-31.1
3.63	-8.884	-13.372	-27.2
3.64	-8.894	-13.177	-27.0
3.65	-8.904	-13.153	-30.7
3.66	-8.914	-13.355	-33.1
3.67	-8.924	-13.588	-30.0
3.68	-8.935	-13.648	-25.8
3.69	-8.945	-13.623	-21.8
3.7	-8.956	-13.717	-21.7
3.71	-8.966	-13.884	-20.8
3.72	-8.976	-13.980	-18.2
3.73	-8.986	-14.039	-19.8
3.74	-8.997	-14.113	-26.3
3.75	-9.006	-14.158	-31.8
3.76	-9.017	-14.170	-23.6
3.77	-9.027	-14.164	-17.9
3.78	-9.038	-14.128	-22.6
3.79	-9.047	-14.089	-22.6
3.8	-9.058	-14.067	-16.0
3.81	-9.068	-14.028	-15.3
3.82	-9.078	-13.945	-20.0
3.83	-9.088	-13.841	-18.6
3.84	-9.098	-13.811	-14.2
3.85	-9.107	-13.920	-17.1
3.86	-9.116	-14.081	-20.3
3.87	-9.125	-14.158	-16.7
3.88	-9.134	-14.142	-20.2
3.89	-9.142	-14.169	-25.1
3.9	-9.151	-14.269	-16.3
3.91	-9.159	-14.286	-5.8
3.92	-9.169	-14.122	-7.1
3.93	-9.177	-13.847	-11.0
3.94	-9.185	-13.620	-8.6
3.95	-9.194	-13.536	-16.1
3.96	-9.203	-13.520	-24.8
3.97	-9.211	-13.422	-17.5
3.98	-9.221	-13.273	-11.8
3.99	-9.231	-13.272	-14.9
4.0	-9.239	-13.419	-16.8
4.01	-9.248	-13.553	-15.6
4.02	-9.256	-13.631	-9.8
4.03	-9.263	-13.738	-5.3
4.04	-9.269	-13.933	-6.3
4.05	-9.276	-14.117	-3.9
4.06	-9.284	-14.139	0.7
4.07	-9.291	-13.997	-3.9
4.08	-9.297	-13.817	-12.2
4.09	-9.305	-13.703	-13.7
4.1	-9.312	-13.634	-6.7
4.11	-9.318	-13.586	-9.8
4.12	-9.324	-13.597	-20.9
4.13	-9.332	-13.659	-19.8
4.14	-9.339	-13.686	-11.3
4.15	-9.346	-13.656	-3.1
4.16	-9.352	-13.648	6.9
4.17	-9.357	-13.652	14.5
4.18	-9.364	-13.634	24.3
4.19	-9.371	-13.656	35.5
4.2	-9.378	-13.750	30.0
4.21	-9.384	-13.875	11.2
4.22	-9.391	-13.950	-4.8
4.23	-9.396	-13.914	-21.7
4.24	-9.402	-13.788	-32.3
4.25	-9.409	-13.663	-27.7
4.26	-9.416	-13.625	-21.4
4.27	-9.422	-13.627	-25.5
4.28	-9.428	-13.581	-31.9
4.29	-9.433	-13.569	-31.4
4.3	-9.437	-13.647	-22.8
4.31	-9.441	-13.667	-20.6
4.32	-9.446	-13.509	-31.8
4.33	-9.452	-13.289	-34.3
4.34	-9.461	-13.161	-27.0
4.35	-9.471	-13.120	-29.4
4.36	-9.479	-13.105	-17.5
4.37	-9.482	-13.159	77.1
4.38	-9.484	-13.316	240.7
4.39	-9.487	-13.494	316.9
4.4	-9.491	-13.586	217.9
4.41	-9.495	-13.577	42.5
4.42	-9.499	-13.486	-51.2
4.43	-9.502	-13.320	-48.0
4.44	-9.504	-13.197	-33.3
4.45	-9.501	-13.244	-31.8
4.46	-9.490	-13.428	-28.0
4.47	-9.472	-13.639	-23.0
4.48	-9.452	-13.797	-28.3
4.49	-9.436	-13.827	-30.7
4.5	-9.424	-13.731	-18.4
4.51	-9.416	-13.616	-20.5
4.52	-9.409	-13.506	-31.1
4.53	-9.402	-12.989	-26.5
4.54	-9.396	-11.019	-19.4
4.55	-9.392	-6.297	-16.6
4.56	-9.388	1.559	-15.8
4.57	-9.386	11.109	-17.1
4.58	-9.384	20.083	-9.0
4.59	-9.383	26.936	4.8
4.6	-9.383	30.894	7.6
4.61	-9.383	31.606	7.8
4.62	-9.384	29.313	9.6
4.63	-9.384	24.817	8.5
4.64	-9.386	19.039	19.4
4.65	-9.386	12.738	35.1
4.66	-9.384	6.584	46.5
4.67	-9.381	1.117	57.3
4.68	-9.377	-3.297	70.4
4.69	-9.372	-6.578	90.0
4.7	-9.366	-8.891	102.2
4.71	-9.359	-10.241	96.0
4.72	-9.353	-10.613	87.6
4.73	-9.351	-10.216	83.8
4.74	-9.352	-9.284	64.3
4.75	-9.352	-8.078	26.2
4.76	-9.348	-6.936	-1.9
4.77	-9.339	-6.208	-15.3
4.78	-9.331	-6.219	-23.3
4.79	-9.321	-7.158	-28.8
4.8	-9.309	-8.888	-37.8
4.81	-9.296	-11.056	-47.1
4.82	-9.282	-13.291	-49.9
4.83	-9.269	-15.044	-47.9
4.84	-9.258	-15.780	-49.0
4.85	-9.248	-15.403	-47.2
4.86	-9.239	-14.252	-36.3
4.87	-9.231	-12.733	-35.4
4.88	-9.223	-11.119	-44.4
4.89	-9.215	-9.669	-41.2
4.9	-9.209	-8.572	-32.6
4.91	-9.204	-7.811	-37.3
4.92	-9.199	-7.419	-39.3
4.93	-9.193	-7.564	-35.5
4.94	-9.184	-8.219	-34.5
4.95	-9.174	-9.139	-34.6
4.96	-9.162	-10.120	-38.1
4.97	-9.150	-11.188	-39.0
4.98	-9.139	-12.402	-36.5
4.99	-9.128	-13.563	-39.4
5.0	-9.117	-14.436	-42.0
5.01	-9.109	-14.930	-36.5
5.02	-9.101	-15.095	-37.0
5.03	-9.092	-15.134	-43.8
5.04	-9.084	-15.152	-39.8
5.05	-9.077	-15.028	-39.4
5.06	-9.069	-14.695	-49.1
5.07	-9.062	-14.252	-45.9
5.08	-9.054	-13.858	-32.8
5.09	-9.047	-13.644	-32.4
5.1	-9.039	-13.572	-40.0
5.11	-9.033	-13.538	-46.3
5.12	-9.026	-13.594	-44.6
5.13	-9.021	-13.773	-31.4
5.14	-9.016	-13.972	-32.1
5.15	-9.012	-14.077	-43.3
5.16	-9.008	-14.114	-31.5
5.17	-9.003	-14.111	-19.3
5.18	-8.999	-13.934	-26.5
5.19	-8.996	-13.527	-37.4
5.2	-8.992	-13.077	-38.6
5.21	-8.988	-12.769	-38.6
5.22	-8.985	-12.581	-36.5
5.23	-8.981	-12.467	-26.4
5.24	-8.978	-12.472	-24.4
5.25	-8.975	-12.608	-31.8
5.26	-8.973	-12.811	-34.3
5.27	-8.970	-13.011	-29.4
5.28	-8.968	-13.227	-24.8
5.29	-8.966	-13.494	-24.4
5.3	-8.963	-13.759	-25.9
5.31	-8.961	-13.995	-25.7
5.32	-8.959	-14.175	-24.5
5.33	-8.957	-14.233	-27.8
5.34	-8.954	-14.159	-23.8
5.35	-8.952	-14.053	-17.6
5.36	-8.949	-14.014	-21.6
5.37	-8.946	-13.984	-30.0
5.38	-8.944	-13.836	-24.7
5.39	-8.941	-13.663	-16.9
5.4	-8.939	-13.672	-21.5
5.41	-8.936	-13.859	-22.1
5.42	-8.934	-14.038	-22.7
5.43	-8.931	-14.094	-26.6
5.44	-8.928	-14.084	-23.1
5.45	-8.924	-14.073	-16.6
5.46	-8.921	-14.097	-13.0
5.47	-8.916	-14.134	-14.1
5.48	-8.912	-14.138	-16.5
5.49	-8.907	-14.145	-18.8
5.5	-8.902	-14.217	-24.4
5.51	-8.896	-14.320	-28.7
5.52	-8.890	-14.425	-19.9
5.53	-8.884	-14.489	-11.2
5.54	-8.879	-14.444	-15.9
5.55	-8.874	-14.327	-19.4
5.56	-8.867	-14.138	-18.7
5.57	-8.861	-13.791	-17.8
5.58	-8.854	-13.355	-12.6
5.59	-8.847	-13.030	-13.9
5.6	-8.840	-12.925	-21.0
5.61	-8.833	-12.978	-24.8
5.62	-8.826	-13.092	-19.7
5.63	-8.819	-13.169	-10.9
5.64	-8.812	-13.169	-10.7
5.65	-8.805	-13.572	-13.1
5.66	-8.798	-14.189	-15.3
5.67	-8.791	-13.991	-12.4
5.68	-8.784	-13.502	-4.2
5.69	-8.776	-13.705	-7.5
5.7	-8.769	-14.070	-7.3
5.71	-8.762	-13.913	3.6
5.72	-8.756	-13.494	24.7
5.73	-8.750	-13.372	47.6
5.74	-8.745	-13.534	38.2
5.75	-8.740	-13.670	8.1
5.76	-8.734	-13.692	-9.5
5.77	-8.728	-13.688	-24.8
5.78	-8.723	-13.725	-34.1
5.79	-8.717	-13.769	-30.3
5.8	-8.713	-13.763	-30.2
5.81	-8.707	-13.742	-38.2
5.82	-8.702	-13.775	-35.3
5.83	-8.695	-13.861	-22.6
5.84	-8.688	-13.898	-22.2
5.85	-8.682	-13.820	-26.8
5.86	-8.676	-13.675	-28.0
5.87	-8.672	-13.523	-25.9
5.88	-8.670	-13.388	-23.9
5.89	-8.668	-13.347	-27.3
5.9	-8.665	-13.477	-14.6
5.91	-8.658	-13.697	86.9
5.92	-8.649	-13.806	253.0
5.93	-8.641	-13.745	319.9
5.94	-8.634	-13.683	221.7
5.95	-8.627	-13.714	48.2
5.96	-8.621	-13.720	-43.5
5.97	-8.615	-13.580	-46.4
5.98	-8.609	-13.364	-36.4
5.99	-8.602	-13.275	-31.8
6.0	-8.592	-13.477	-33.6
6.01	-8.579	-13.877	-30.3
6.02	-8.565	-14.158	-31.3
6.03	-8.551	-14.142	-33.9
6.04	-8.537	-13.983	-32.9
6.05	-8.524	-13.848	-29.4
6.06	-8.511	-13.613	-22.8
6.07	-8.498	-12.744	-21.4
6.08	-8.486	-10.258	-21.3
6.09	-8.474	-5.103	-19.1
6.1	-8.463	2.758	-17.6
6.11	-8.453	11.850	-17.5
6.12	-8.444	20.236	-13.4
6.13	-8.436	26.513	-6.5
6.14	-8.429	29.786	0.9
6.15	-8.423	29.811	1.8
6.16	-8.418	27.119	-1.1
6.17	-8.413	22.486	6.3
6.18	-8.409	16.641	18.3
6.19	-8.405	10.348	26.9
6.2	-8.401	4.339	42.4
6.21	-8.397	-0.792	60.0
6.22	-8.393	-4.700	64.0
6.23	-8.387	-7.408	67.4
6.24	-8.383	-9.133	85.6
6.25	-8.379	-10.003	99.4
6.26	-8.376	-10.017	94.5
6.27	-8.373	-9.263	79.7
6.28	-8.372	-8.036	54.7
6.29	-8.372	-6.709	26.2
6.3	-8.371	-5.670	4.4
6.31	-8.371	-5.253	-16.8
6.32	-8.371	-5.606	-31.9
6.33	-8.371	-6.738	-36.7
6.34	-8.370	-8.594	-41.3
6.35	-8.369	-11.000	-46.1
6.36	-8.367	-13.473	-49.2
6.37	-8.366	-15.345	-46.4
6.38	-8.364	-16.191	-42.3
6.39	-8.364	-16.014	-46.1
6.4	-8.363	-15.052	-51.0
6.41	-8.362	-13.639	-47.8
6.42	-8.362	-12.114	-29.6
6.43	-8.363	-10.697	-27.5
6.44	-8.364	-9.483	-42.0
6.45	-8.366	-8.484	-45.7
6.46	-8.367	-7.778	-43.4
6.47	-8.369	-7.572	-40.0
6.48	-8.371	-7.995	-32.6
6.49	-8.370	-8.855	-28.7
6.5	-8.369	-9.780	-37.1
6.51	-8.366	-10.666	-42.6
6.52	-8.364	-11.656	-41.0
6.53	-8.363	-12.745	-41.3
6.54	-8.361	-13.702	-38.9
6.55	-8.358	-14.356	-44.7
6.56	-8.356	-14.789	-47.9
6.57	-8.354	-15.117	-42.9
6.58	-8.354	-15.266	-40.3
6.59	-8.353	-15.198	-35.3
6.6	-8.351	-14.984	-33.9
6.61	-8.350	-14.645	-33.5
6.62	-8.349	-14.242	-35.1
6.63	-8.348	-13.845	-43.3
6.64	-8.346	-13.455	-41.2
6.65	-8.345	-13.117	-37.1
6.66	-8.344	-12.934	-41.2
6.67	-8.342	-12.880	-45.3
6.68	-8.342	-12.842	-43.0
6.69	-8.342	-12.845	-38.8
6.7	-8.342	-12.989	-36.4
6.71	-8.342	-13.222	-34.8
6.72	-8.342	-13.391	-34.6
6.73	-8.342	-13.452	-32.8
6.74	-8.342	-13.542	-31.0
6.75	-8.342	-13.741	-28.2
6.76	-8.344	-13.900	-26.0
6.77	-8.344	-13.894	-36.2
6.78	-8.345	-13.730	-40.8
6.79	-8.346	-13.463	-34.1
6.8	-8.347	-13.202	-34.2
6.81	-8.348	-13.047	-33.3
6.82	-8.348	-12.958	-26.2
6.83	-8.349	-12.881	-24.1
6.84	-8.351	-12.877	-29.9
6.85	-8.352	-12.973	-34.5
6.86	-8.353	-13.069	-30.8
6.87	-8.354	-13.113	-26.2
6.88	-8.356	-13.170	-23.5
6.89	-8.356	-13.286	-24.5
6.9	-8.357	-13.492	-24.2
6.91	-8.358	-13.795	-21.9
6.92	-8.359	-14.097	-26.8
6.93	-8.361	-14.283	-25.9
6.94	-8.362	-14.342	-19.5
6.95	-8.363	-14.303	-27.3
6.96	-8.364	-14.181	-32.7
6.97	-8.366	-14.028	-23.7
6.98	-8.367	-13.859	-16.2
6.99	-8.367	-13.697	-21.2
7.0	-8.368	-13.625	-22.2
7.01	-8.369	-13.644	-19.6
7.02	-8.371	-13.678	-23.2
7.03	-8.373	-13.692	-19.6
7.04	-8.376	-13.638	-20.8
7.05	-8.377	-13.516	-26.9
7.06	-8.379	-13.406	-22.2
7.07	-8.381	-13.373	-17.4
7.08	-8.383	-13.397	-23.6
7.09	-8.384	-13.441	-27.6
7.1	-8.386	-13.502	-17.8
7.11	-8.387	-13.575	-16.0
7.12	-8.389	-13.666	-19.9
7.13	-8.390	-13.777	-18.9
7.14	-8.391	-13.838	-16.9
7.15	-8.394	-13.813	-15.8
7.16	-8.396	-13.822	-19.8
7.17	-8.398	-13.922	-21.1
7.18	-8.400	-13.983	-14.7
7.19	-8.402	-13.928	-15.1
7.2	-8.404	-13.808	-21.4
7.21	-8.406	-13.650	-22.3
7.22	-8.408	-13.448	-23.3
7.23	-8.411	-13.222	-19.9
7.24	-8.412	-13.069	-11.5
7.25	-8.415	-13.052	-15.0
7.26	-8.417	-13.167	-18.6
7.27	-8.419	-13.386	-12.4
7.28	-8.421	-13.630	-11.2
7.29	-8.423	-13.819	-15.2
7.3	-8.425	-13.917	-17.1
7.31	-8.427	-13.942	-12.3
7.32	-8.429	-13.944	3.5
7.33	-8.431	-13.977	19.1
7.34	-8.434	-14.053	33.0
7.35	-8.438	-14.053	35.9
7.36	-8.442	-13.908	20.8
7.37	-8.446	-13.758	4.8
7.38	-8.449	-13.691	-12.9
7.39	-8.453	-13.592	-28.9
7.4	-8.457	-13.417	-33.9
7.41	-8.461	-13.298	-31.9
7.42	-8.466	-13.355	-31.1
7.43	-8.470	-13.488	-35.8
7.44	-8.474	-13.517	-36.2
7.45	-8.476	-13.431	-35.1
7.46	-8.478	-13.366	-29.8
7.47	-8.479	-13.383	-26.0
7.48	-8.483	-13.416	-29.1
7.49	-8.491	-13.370	-31.6
7.5	-8.499	-13.248	-30.3
7.51	-8.506	-13.163	-21.6
7.52	-8.508	-13.192	56.9
7.53	-8.508	-13.277	230.5
7.54	-8.509	-13.263	318.9
7.55	-8.511	-13.109	228.0
7.56	-8.514	-12.998	67.0
7.57	-8.523	-13.078	-36.3
7.58	-8.535	-13.263	-47.4
7.59	-8.549	-13.359	-35.9
7.6	-8.560	-13.303	-35.6
7.61	-8.566	-13.231	-38.5
7.62	-8.569	-13.289	-36.5
7.63	-8.572	-13.450	-36.8
7.64	-8.576	-13.591	-29.9
7.65	-8.579	-13.639	-21.6
7.66	-8.581	-13.558	-31.9
7.67	-8.582	-13.178	-37.4
7.68	-8.582	-11.958	-25.3
7.69	-8.584	-8.856	-22.0
7.7	-8.587	-2.827	-22.8
7.71	-8.592	5.919	-15.2
7.72	-8.599	15.505	-13.2
7.73	-8.607	23.795	-12.2
7.74	-8.617	29.503	-4.0
7.75	-8.629	32.047	-3.0
7.76	-8.643	31.444	-6.3
7.77	-8.658	28.213	0.4
7.78	-8.674	22.994	8.8
7.79	-8.690	16.578	11.1
7.8	-8.705	9.969	12.7
7.81	-8.720	3.998	20.2
7.82	-8.734	-0.891	40.3
7.83	-8.749	-4.570	55.5
7.84	-8.762	-7.080	63.5
7.85	-8.775	-8.517	82.5
7.86	-8.789	-8.998	92.6
7.87	-8.802	-8.653	90.4
7.88	-8.816	-7.709	84.2
7.89	-8.831	-6.433	61.8
7.9	-8.847	-5.077	34.4
7.91	-8.863	-3.980	15.6
7.92	-8.879	-3.494	-3.8
7.93	-8.894	-3.805	-23.5
7.94	-8.909	-4.920	-27.1
7.95	-8.924	-6.797	-27.7
7.96	-8.939	-9.286	-30.8
7.97	-8.951	-11.922	-29.3
7.98	-8.963	-14.022	-32.3
7.99	-8.974	-15.105	-35.7
8.0	-8.986	-15.120	-35.7
8.01	-8.998	-14.341	-38.8
8.02	-9.011	-13.159	-42.3
8.03	-9.025	-11.841	-44.2
8.04	-9.039	-10.481	-32.8
8.05	-9.054	-9.248	-29.4
8.06	-9.069	-8.392	-36.4
8.07	-9.084	-7.975	-34.9
8.08	-9.099	-7.911	-33.0
8.09	-9.113	-8.172	-31.8
8.1	-9.126	-8.673	-42.3
8.11	-9.138	-9.270	-50.1
8.12	-9.148	-9.944	-40.5
8.13	-9.159	-10.716	-27.1
8.14	-9.169	-11.517	-25.0
8.15	-9.179	-12.213	-32.1
8.16	-9.189	-12.764	-33.7
8.17	-9.199	-13.253	-36.6
8.18	-9.209	-13.677	-39.9
8.19	-9.220	-13.977	-38.8
8.2	-9.231	-14.138	-41.4
8.21	-9.242	-14.159	-39.5
8.22	-9.254	-14.052	-29.2
8.23	-9.264	-13.839	-29.3
8.24	-9.276	-13.563	-37.1
8.25	-9.287	-13.253	-35.0
8.26	-9.298	-12.939	-29.1
8.27	-9.309	-12.681	-27.4
8.28	-9.319	-12.508	-30.8
8.29	-9.329	-12.456	-36.7
8.3	-9.339	-12.509	-35.2
8.31	-9.349	-12.520	-32.5
8.32	-9.359	-12.430	-29.0
8.33	-9.368	-12.419	-25.5
8.34	-9.377	-12.589	-27.3
8.35	-9.387	-12.780	-24.2
8.36	-9.396	-12.814	-21.2
8.37	-9.406	-12.745	-21.2
8.38	-9.416	-12.702	-24.3
8.39	-9.427	-12.708	-34.5
8.4	-9.436	-12.708	-26.9
8.41	-9.447	-12.650	-21.1
8.42	-9.459	-12.520	-31.1
8.43	-9.470	-12.369	-26.0
8.44	-9.481	-12.344	-18.6
8.45	-9.491	-12.464	-21.7
8.46	-9.501	-12.623	-15.3
8.47	-9.511	-12.791	-10.7
8.48	-9.521	-12.977	-16.8
8.49	-9.532	-13.184	-23.9
8.5	-9.542	-13.356	-23.7
8.51	-9.553	-13.433	-18.0
8.52	-9.563	-13.448	-20.8
8.53	-9.571	-13.469	-19.8
8.54	-9.581	-13.533	-12.3
8.55	-9.591	-13.580	-16.4
8.56	-9.601	-13.497	-20.5
8.57	-9.611	-13.253	-14.8
8.58	-9.619	-12.977	-13.8
8.59	-9.628	-12.834	-19.3
8.6	-9.636	-12.853	-18.0
8.61	-9.643	-12.927	-14.3
8.62	-9.651	-13.038	-18.4
8.63	-9.659	-13.228	-19.9
8.64	-9.667	-13.433	-16.7
8.65	-9.675	-13.525	-15.6
8.66	-9.684	-13.442	-14.0
8.67	-9.692	-13.252	-13.2
8.68	-9.699	-13.123	-10.4
8.69	-9.705	-13.145	-12.0
8.7	-9.711	-13.252	-16.8
8.71	-9.716	-13.319	-14.9
8.72	-9.723	-13.303	-13.8
8.73	-9.729	-13.211	-12.3
8.74	-9.734	-13.047	-8.9
8.75	-9.739	-12.919	-13.6
8.76	-9.745	-12.939	-16.7
8.77	-9.751	-13.028	-18.0
8.78	-9.758	-13.039	-18.6
8.79	-9.764	-13.000	-9.7
8.8	-9.769	-13.003	-3.9
8.81	-9.776	-13.041	-2.0
8.82	-9.781	-13.064	9.0
8.83	-9.787	-13.070	23.8
8.84	-9.792	-13.052	29.5
8.85	-9.796	-13.008	25.3
8.86	-9.801	-13.019	18.0
8.87	-9.803	-13.127	0.1
8.88	-9.806	-13.264	-23.9
8.89	-9.809	-13.361	-35.4
8.9	-9.814	-13.397	-29.0
8.91	-9.818	-13.350	-24.9
8.92	-9.821	-13.259	-28.7
8.93	-9.824	-13.198	-30.9
8.94	-9.826	-13.106	-28.8
8.95	-9.827	-13.013	-24.4
8.96	-9.828	-13.169	-31.1
8.97	-9.828	-13.303	-34.3
8.98	-9.829	-13.002	-24.4
8.99	-9.834	-12.788	-21.2
9.0	-9.841	-12.956	-20.9
9.01	-9.846	-12.931	-19.9
9.02	-9.846	-12.706	17.8
9.03	-9.841	-12.773	162.0
9.04	-9.836	-13.003	300.7
9.05	-9.832	-13.070	262.6
9.06	-9.828	-13.117	93.2
9.07	-9.820	-13.269	-30.4
9.08	-9.809	-13.339	-45.4
9.09	-9.796	-13.344	-32.3
9.1	-9.780	-13.463	-25.4
9.11	-9.758	-13.591	-25.3
9.12	-9.726	-13.614	-29.0
9.13	-9.688	-13.631	-27.9
9.14	-9.650	-13.672	-21.2
9.15	-9.615	-13.645	-12.7
9.16	-9.584	-13.561	-14.0
9.17	-9.556	-13.533	-16.5
9.18	-9.531	-13.502	-15.9
9.19	-9.508	-13.053	-19.6
9.2	-9.484	-11.488	-17.4
9.21	-9.463	-7.911	-6.8
9.22	-9.443	-1.689	-1.2
9.23	-9.422	6.555	3.1
9.24	-9.404	14.914	10.5
9.25	-9.386	21.553	8.4
9.26	-9.368	25.442	8.3
9.27	-9.351	26.273	15.7
9.28	-9.335	24.383	13.8
9.29	-9.319	20.406	19.8
9.3	-9.304	15.052	38.6
9.31	-9.289	9.158	51.8
9.32	-9.274	3.505	73.3
9.33	-9.258	-1.405	97.0
9.34	-9.242	-5.358	106.0
9.35	-9.227	-8.341	107.2
9.36	-9.212	-10.420	104.9
9.37	-9.199	-11.678	107.6
9.38	-9.189	-12.158	98.5
9.39	-9.183	-11.858	62.6
9.4	-9.176	-10.922	31.3
9.41	-9.168	-9.817	13.2
9.42	-9.159	-9.034	-3.7
9.43	-9.150	-8.755	-22.4
9.44	-9.141	-9.031	-38.6
9.45	-9.131	-9.970	-46.7
9.46	-9.120	-11.550	-48.2
9.47	-9.108	-13.363	-53.3
9.48	-9.098	-14.719	-58.5
9.49	-9.089	-15.166	-53.1
9.5	-9.082	-14.738	-53.7
9.51	-9.075	-13.728	-55.9
9.52	-9.069	-12.414	-40.3
9.53	-9.062	-11.013	-36.7
9.54	-9.055	-9.652	-35.2
9.55	-9.049	-8.348	-24.8
9.56	-9.043	-7.341	-32.1
9.57	-9.036	-6.989	-42.5
9.58	-9.029	-7.170	-41.0
9.59	-9.021	-7.405	-36.6
9.6	-9.013	-7.728	-35.4
9.61	-9.002	-8.645	-39.9
9.62	-8.992	-10.030	-35.6
9.63	-8.982	-11.333	-29.8
9.64	-8.973	-12.495	-38.9
9.65	-8.963	-13.584	-43.1
9.66	-8.954	-14.594	-41.3
9.67	-8.946	-15.606	-39.1
9.68	-8.937	-16.230	-38.0
9.69	-8.929	-16.113	-49.2
9.7	-8.920	-15.720	-50.0
9.71	-8.911	-15.363	-37.6
9.72	-8.902	-14.733	-33.3
9.73	-8.894	-13.844	-38.3
9.74	-8.886	-13.166	-40.5
9.75	-8.878	-12.880	-34.9
9.76	-8.871	-12.778	-34.8
9.77	-8.864	-12.717	-37.5
9.78	-8.857	-12.761	-35.2
9.79	-8.851	-12.964	-36.6
9.8	-8.845	-13.241	-41.1
9.81	-8.839	-13.441	-42.2
9.82	-8.833	-13.463	-33.7
9.83	-8.827	-13.366	-30.3
9.84	-8.821	-13.286	-31.2
9.85	-8.815	-13.219	-29.5
9.86	-8.809	-13.092	-31.9
9.87	-8.803	-12.953	-31.8
9.88	-8.797	-12.884	-36.3
9.89	-8.793	-12.864	-39.4
9.9	-8.788	-12.822	-34.2
9.91	-8.784	-12.761	-29.9
9.92	-8.779	-12.734	-22.1
9.93	-8.774	-12.800	-18.0
9.94	-8.769	-12.920	-24.9
9.95	-8.763	-13.002	-33.6
9.96	-8.758	-13.053	-33.1
9.97	-8.752	-13.116	-27.7
9.98	-8.746	-13.238	-29.6
9.99	-8.741	-13.477	-32.2
10.0	-8.735	-13.753	-29.3
10.01	-8.729	-13.905	-25.0
10.02	-8.724	-13.933	-16.3
10.03	-8.719	-14.030	-15.7
10.04	-8.714	-14.202	-22.9
10.05	-8.707	-14.200	-27.9
10.06	-8.701	-13.977	-29.0
10.07	-8.694	-13.780	-29.2
10.08	-8.688	-13.755	-30.6
10.09	-8.683	-13.775	-28.3
10.1	-8.676	-13.680	-21.8
10.11	-8.671	-13.564	-16.6
10.12	-8.666	-13.619	-16.8
10.13	-8.659	-13.777	-16.4
10.14	-8.654	-13.856	-17.1
10.15	-8.649	-13.856	-19.3
10.16	-8.643	-13.845	-20.2
10.17	-8.638	-13.806	-23.6
10.18	-8.633	-13.756	-27.5
10.19	-8.627	-13.788	-26.6
10.2	-8.623	-13.908	-21.5
10.21	-8.617	-14.002	-23.3
10.22	-8.611	-13.986	-22.4
10.23	-8.606	-13.895	-16.6
10.24	-8.600	-13.777	-18.6
10.25	-8.594	-13.661	-12.2
10.26	-8.589	-13.598	-9.4
10.27	-8.585	-13.583	-20.3
10.28	-8.581	-13.544	-21.6
10.29	-8.576	-13.469	-20.8
10.3	-8.571	-13.414	-15.2
10.31	-8.567	-13.397	1.0
10.32	-8.562	-13.411	10.2
10.33	-8.558	-13.492	13.2
10.34	-8.554	-13.631	22.9
10.35	-8.551	-13.748	30.6
10.36	-8.547	-13.822	21.7
10.37	-8.544	-13.880	-5.0
10.38	-8.540	-13.906	-31.3
10.39	-8.536	-13.855	-38.1
10.4	-8.532	-13.753	-35.8
10.41	-8.527	-13.698	-33.5
10.42	-8.524	-13.717	-33.0
10.43	-8.519	-13.767	-35.4
10.44	-8.515	-13.817	-35.7
10.45	-8.510	-13.842	-32.2
10.46	-8.505	-13.841	-30.2
10.47	-8.501	-13.800	-32.4
10.48	-8.499	-13.683	-29.2
10.49	-8.499	-13.525	-28.6
10.5	-8.501	-13.408	-30.3
10.51	-8.499	-13.350	-13.3
10.52	-8.495	-13.350	89.3
10.53	-8.489	-13.377	258.6
10.54	-8.483	-13.372	319.3
10.55	-8.479	-13.402	205.9
10.56	-8.476	-13.573	34.5
10.57	-8.474	-13.813	-52.8
10.58	-8.474	-13.986	-53.4
10.59	-8.473	-14.073	-43.7
10.6	-8.470	-14.100	-44.1
10.61	-8.464	-14.105	-43.2
10.62	-8.456	-14.144	-29.6
10.63	-8.447	-14.175	-21.7
10.64	-8.440	-14.073	-25.6
10.65	-8.433	-13.888	-33.7
10.66	-8.424	-13.761	-35.3
10.67	-8.416	-13.555	-28.1
10.68	-8.407	-12.731	-26.0
10.69	-8.399	-10.216	-27.3
10.7	-8.391	-4.800	-28.8
10.71	-8.384	3.397	-24.6
10.72	-8.379	12.458	-11.4
10.73	-8.374	20.308	-9.8
10.74	-8.369	25.827	-15.8
10.75	-8.365	28.364	-16.1
10.76	-8.362	27.705	-6.9
10.77	-8.361	24.444	3.0
10.78	-8.359	19.547	7.8
10.79	-8.357	13.806	20.6
10.8	-8.356	7.813	26.0
10.81	-8.354	2.145	31.3
10.82	-8.352	-2.625	50.0
10.83	-8.350	-6.188	58.1
10.84	-8.348	-8.591	63.6
10.85	-8.346	-10.034	75.3
10.86	-8.344	-10.680	85.6
10.87	-8.343	-10.583	89.7
10.88	-8.343	-9.797	78.9
10.89	-8.344	-8.555	53.1
10.9	-8.347	-7.220	25.6
10.91	-8.349	-6.145	2.4
10.92	-8.352	-5.616	-18.2
10.93	-8.354	-5.834	-38.2
10.94	-8.357	-6.966	-48.4
10.95	-8.359	-8.958	-46.3
10.96	-8.359	-11.411	-43.1
10.97	-8.360	-13.725	-43.4
10.98	-8.361	-15.361	-40.8
10.99	-8.362	-16.011	-35.8
11.0	-8.364	-15.688	-46.5
11.01	-8.366	-14.639	-54.2
11.02	-8.368	-13.188	-40.8
11.03	-8.371	-11.631	-39.3
11.04	-8.374	-10.200	-48.2
11.05	-8.379	-9.083	-44.1
11.06	-8.384	-8.363	-33.8
11.07	-8.390	-8.030	-36.0
11.08	-8.396	-8.119	-46.6
11.09	-8.400	-8.606	-44.4
11.1	-8.402	-9.342	-39.4
11.11	-8.403	-10.173	-45.0
11.12	-8.404	-11.042	-40.2
11.13	-8.404	-11.894	-36.6
11.14	-8.405	-12.648	-47.7
11.15	-8.406	-13.300	-45.8
11.16	-8.407	-13.864	-35.1
11.17	-8.408	-14.277	-37.7
11.18	-8.409	-14.480	-45.6
11.19	-8.409	-14.545	-45.7
11.2	-8.410	-14.567	-40.9
11.21	-8.412	-14.492	-37.7
11.22	-8.414	-14.223	-38.3
11.23	-8.416	-13.841	-44.6
11.24	-8.418	-13.594	-43.5
11.25	-8.419	-13.603	-38.4
11.26	-8.421	-13.678	-45.3
11.27	-8.422	-13.614	-51.3
11.28	-8.425	-13.473	-42.0
11.29	-8.428	-13.348	-38.1
11.3	-8.430	-13.206	-37.9
11.31	-8.433	-13.088	-31.6
11.32	-8.435	-13.077	-33.8
11.33	-8.438	-13.153	-36.8
11.34	-8.439	-13.192	-37.2
11.35	-8.442	-13.144	-40.0
11.36	-8.445	-13.103	-35.5
11.37	-8.448	-13.144	-32.2
11.38	-8.451	-13.195	-35.7
11.39	-8.454	-13.169	-39.2
11.4	-8.457	-13.119	-32.4
11.41	-8.461	-13.138	-21.2
11.42	-8.464	-13.197	-23.7
11.43	-8.467	-13.263	-33.5
11.44	-8.471	-13.305	-34.6
11.45	-8.476	-13.275	-34.0
11.46	-8.479	-13.200	-28.4
11.47	-8.483	-13.166	-23.1
11.48	-8.487	-13.209	-32.1
11.49	-8.491	-13.263	-34.7
11.5	-8.496	-13.323	-28.8
11.51	-8.499	-13.495	-19.1
11.52	-8.504	-13.717	-16.6
11.53	-8.508	-13.805	-26.6
11.54	-8.512	-13.741	-25.3
11.55	-8.518	-13.711	-26.3
11.56	-8.523	-13.795	-27.7
11.57	-8.527	-13.855	-20.8
11.58	-8.533	-13.795	-22.3
11.59	-8.537	-13.681	-23.7
11.6	-8.543	-13.658	-16.7
11.61	-8.547	-13.789	-14.8
11.62	-8.552	-13.895	-24.9
11.63	-8.556	-13.791	-26.8
11.64	-8.561	-13.606	-22.0
11.65	-8.567	-13.570	-20.4
11.66	-8.573	-13.650	-24.6
11.67	-8.579	-13.638	-31.3
11.68	-8.586	-13.494	-21.1
11.69	-8.594	-13.417	-14.3
11.7	-8.602	-13.511	-16.0
11.71	-8.610	-13.644	-16.3
11.72	-8.618	-13.659	-15.9
11.73	-8.627	-13.606	-16.2
11.74	-8.638	-13.603	-21.7
11.75	-8.648	-13.583	-22.8
11.76	-8.658	-13.423	-16.2
11.77	-8.669	-13.213	-13.3
11.78	-8.679	-13.114	-17.8
11.79	-8.689	-13.158	-20.8
11.8	-8.700	-13.247	-17.8
11.81	-8.711	-13.333	-12.3
11.82	-8.723	-13.450	-8.8
11.83	-8.734	-13.573	-15.9
11.84	-8.744	-13.620	-29.0
11.85	-8.756	-13.534	-34.5
11.86	-8.768	-13.380	-29.0
11.87	-8.780	-13.314	-16.7
11.88	-8.792	-13.419	-3.9
11.89	-8.803	-13.572	1.2
11.9	-8.815	-13.575	-5.4
11.91	-8.828	-13.450	-10.3
11.92	-8.842	-13.447	1.1
11.93	-8.856	-13.644	6.2
11.94	-8.869	-13.789	5.5
11.95	-8.882	-13.681	20.6
11.96	-8.896	-13.455	31.9
11.97	-8.911	-13.348	22.9
11.98	-8.925	-13.372	9.8
11.99	-8.940	-13.350	-9.9
12.0	-8.954	-13.178	-28.6
12.01	-8.968	-12.914	-27.1
12.02	-8.982	-12.739	-27.7
12.03	-8.997	-12.736	-32.1
12.04	-9.011	-12.806	-30.1
12.05	-9.026	-12.842	-35.4
12.06	-9.040	-12.834	-40.5
12.07	-9.054	-12.872	-34.8
12.08	-9.067	-12.994	-25.5
12.09	-9.081	-13.097	-23.8
12.1	-9.098	-13.063	-24.5
12.11	-9.114	-12.880	-22.3
12.12	-9.130	-12.669	-19.9
12.13	-9.144	-12.591	23.4
12.14	-9.156	-12.619	168.5
12.15	-9.168	-12.588	304.7
12.16	-9.181	-12.433	283.4
12.17	-9.194	-12.320	135.4
12.18	-9.209	-12.438	-1.2
12.19	-9.224	-12.731	-42.4
12.2	-9.239	-12.973	-37.1
12.21	-9.252	-12.984	-37.3
12.22	-9.259	-12.844	-41.2
12.23	-9.263	-12.827	-35.7
12.24	-9.263	-13.013	-22.5
12.25	-9.264	-13.170	-16.2
12.26	-9.266	-13.136	-25.1
12.27	-9.268	-13.002	-30.9
12.28	-9.271	-12.870	-25.8
12.29	-9.276	-12.444	-23.7
12.3	-9.282	-10.820	-21.2
12.31	-9.288	-6.692	-16.3
12.32	-9.294	0.659	-11.8
12.33	-9.302	10.078	-6.6
12.34	-9.310	19.066	-1.0
12.35	-9.318	25.811	1.3
12.36	-9.326	29.678	7.3
12.37	-9.334	30.450	4.5
12.38	-9.343	28.322	-1.9
12.39	-9.354	24.009	8.6
12.4	-9.365	18.327	20.5
12.41	-9.374	12.044	31.2
12.42	-9.384	5.948	42.9
12.43	-9.393	0.627	56.3
12.44	-9.402	-3.655	65.5
12.45	-9.411	-6.869	71.4
12.46	-9.419	-9.108	86.0
12.47	-9.426	-10.461	99.4
12.48	-9.435	-10.989	106.2
12.49	-9.446	-10.794	94.9
12.5	-9.460	-10.006	71.6
12.51	-9.474	-8.745	54.2
12.52	-9.488	-7.138	36.3
12.53	-9.500	-5.698	9.8
12.54	-9.511	-5.355	-16.1
12.55	-9.521	-6.122	-37.0
12.56	-9.531	-6.988	-41.5
12.57	-9.539	-8.050	-34.0
12.58	-9.547	-10.544	-37.3
12.59	-9.554	-13.778	-39.4
12.6	-9.561	-15.264	-36.7
12.61	-9.569	-14.753	-37.4
12.62	-9.579	-14.075	-32.9
12.63	-9.589	-13.367	-29.3
12.64	-9.599	-11.864	-32.8
12.65	-9.608	-10.363	-35.2
12.66	-9.618	-9.473	-36.0
12.67	-9.629	-8.500	-36.9
12.68	-9.641	-7.411	-33.8
12.69	-9.652	-7.222	-32.1
12.7	-9.662	-7.986	-27.7
12.71	-9.669	-8.703	-24.5
12.72	-9.676	-9.183	-35.0
12.73	-9.682	-10.073	-38.2
12.74	-9.687	-11.375	-30.1
12.75	-9.693	-12.442	-31.9
12.76	-9.698	-12.973	-37.4
12.77	-9.703	-13.241	-37.1
12.78	-9.709	-13.808	-34.8
12.79	-9.714	-14.570	-30.9
12.8	-9.722	-14.695	-27.9
12.81	-9.730	-14.266	-33.7
12.82	-9.738	-14.145	-32.5
12.83	-9.746	-14.163	-27.0
12.84	-9.754	-13.816	-34.3
12.85	-9.761	-13.556	-40.8
12.86	-9.767	-13.588	-40.0
12.87	-9.773	-13.525	-35.7
12.88	-9.780	-13.495	-29.9
12.89	-9.786	-13.516	-27.9
12.9	-9.793	-13.111	-24.0
12.91	-9.799	-12.597	-22.9
12.92	-9.806	-12.636	-27.7
12.93	-9.813	-12.814	-28.0
12.94	-9.819	-12.589	-24.1
12.95	-9.826	-12.319	-23.7
12.96	-9.832	-12.352	-29.0
12.97	-9.838	-12.428	-29.7
12.98	-9.842	-12.322	-24.2
12.99	-9.848	-12.177	-24.4
13.0	-9.852	-12.061	-29.3
13.01	-9.855	-12.009	-32.6
13.02	-9.859	-12.142	-25.4
13.03	-9.863	-12.353	-13.5
13.04	-9.867	-12.461	-16.8
13.05	-9.872	-12.495	-30.6
13.06	-9.875	-12.544	-27.9
13.07	-9.877	-12.577	-20.5
13.08	-9.879	-12.630	-28.0
13.09	-9.878	-12.869	-30.9
13.1	-9.877	-13.202	-26.0
13.11	-9.875	-13.253	-24.7
13.12	-9.872	-13.192	-21.6
13.13	-9.867	-13.514	-22.4
13.14	-9.859	-14.098	-27.1
13.15	-9.849	-14.469	-26.5
13.16	-9.836	-14.514	-26.7
13.17	-9.819	-14.438	-27.6
13.18	-9.800	-14.309	-28.6
13.19	-9.780	-14.052	-34.2
13.2	-9.759	-13.661	-29.2
13.21	-9.738	-13.269	-22.9
13.22	-9.716	-13.027	-33.0
13.23	-9.694	-13.058	-32.8
13.24	-9.672	-13.214	-24.6
13.25	-9.650	-13.247	-29.0
13.26	-9.628	-13.191	-29.8
13.27	-9.607	-13.213	-30.7
13.28	-9.585	-13.325	-28.4
13.29	-9.563	-13.377	-17.2
13.3	-9.541	-13.308	-24.8
13.31	-9.521	-13.241	-34.3
13.32	-9.500	-13.316	-28.4
13.33	-9.480	-13.481	-26.3
13.34	-9.461	-13.522	-16.8
13.35	-9.441	-13.356	-11.9
13.36	-9.422	-13.166	-14.4
13.37	-9.405	-13.158	1.4
13.38	-9.388	-13.227	22.0
13.39	-9.371	-13.127	26.9
13.4	-9.354	-12.898	16.1
13.41	-9.338	-12.939	5.4
13.42	-9.321	-13.489	-14.1
13.43	-9.303	-13.988	-42.7
13.44	-9.286	-13.773	-46.0
13.45	-9.269	-13.158	-32.3
13.46	-9.254	-12.850	-28.0
13.47	-9.238	-13.077	-35.7
13.48	-9.223	-13.580	-42.8
13.49	-9.207	-13.919	-44.0
13.5	-9.194	-13.731	-39.0
13.51	-9.180	-13.120	-35.7
13.52	-9.166	-12.781	-30.5
13.53	-9.154	-13.197	-26.7
13.54	-9.145	-13.677	-31.5
13.55	-9.138	-13.248	-31.5
13.56	-9.128	-12.342	-0.8
13.57	-9.116	-12.130	122.6
13.58	-9.100	-12.617	271.3
13.59	-9.086	-12.892	266.7
13.6	-9.073	-12.756	111.0
13.61	-9.061	-12.747	-21.8
13.62	-9.048	-12.988	-52.6
13.63	-9.036	-13.077	-45.4
13.64	-9.023	-12.955	-37.3
13.65	-9.008	-12.981	-31.6
13.66	-8.989	-13.220	-34.3
13.67	-8.967	-13.502	-34.9
13.68	-8.943	-13.800	-30.9
13.69	-8.920	-13.984	-32.8
13.7	-8.898	-13.930	-25.4
13.71	-8.879	-13.727	-19.1
13.72	-8.861	-13.491	-25.5
13.73	-8.844	-13.131	-26.1
13.74	-8.826	-12.066	-23.1
13.75	-8.809	-9.239	-15.3
13.76	-8.793	-3.494	-6.1
13.77	-8.777	4.908	-14.5
13.78	-8.763	13.669	-10.8
13.79	-8.748	20.606	5.5
13.8	-8.733	25.017	3.4
13.81	-8.720	26.761	1.6
13.82	-8.707	25.597	8.3
13.83	-8.696	21.689	15.3
13.84	-8.686	16.056	26.7
13.85	-8.677	10.152	43.5
13.86	-8.667	4.784	61.6
13.87	-8.658	-0.067	73.3
13.88	-8.647	-4.456	78.9
13.89	-8.636	-8.211	93.9
13.9	-8.626	-10.936	107.0
13.91	-8.617	-12.348	100.5
13.92	-8.612	-12.958	84.7
13.93	-8.609	-13.403	63.5
13.94	-8.605	-13.320	40.6
13.95	-8.600	-12.269	7.6
13.96	-8.594	-10.891	-15.9
13.97	-8.588	-9.958	-19.4
13.98	-8.581	-9.672	-37.0
13.99	-8.574	-10.386	-57.1
14.0	-8.568	-12.075	-59.3
14.01	-8.562	-13.650	-58.5
14.02	-8.556	-14.492	-57.7
14.03	-8.552	-15.008	-53.7
14.04	-8.548	-15.050	-53.9
14.05	-8.544	-14.038	-56.2
14.06	-8.541	-12.408	-50.3
14.07	-8.538	-11.002	-43.4
14.08	-8.534	-9.656	-43.8
14.09	-8.531	-8.069	-42.6
14.1	-8.526	-6.931	-36.8
14.11	-8.522	-6.673	-39.4
14.12	-8.518	-6.711	-47.6
14.13	-8.512	-6.908	-49.4
14.14	-8.507	-7.623	-46.5
14.15	-8.502	-8.650	-45.3
14.16	-8.497	-9.633	-43.9
14.17	-8.492	-10.608	-40.6
14.18	-8.488	-11.775	-41.2
14.19	-8.484	-12.975	-47.4
14.2	-8.479	-13.778	-48.4
14.21	-8.475	-14.245	-49.4
14.22	-8.471	-14.775	-63.3
14.23	-8.467	-15.355	-62.3
14.24	-8.464	-15.623	-46.2
14.25	-8.462	-15.361	-44.0
14.26	-8.459	-14.923	-50.8
14.27	-8.457	-14.814	-53.8
14.28	-8.454	-14.842	-40.5
14.29	-8.450	-14.672	-36.0
14.3	-8.447	-14.344	-46.6
14.31	-8.445	-13.945	-50.7
14.32	-8.443	-13.644	-50.6
14.33	-8.440	-13.561	-51.6
14.34	-8.438	-13.570	-47.6
14.35	-8.435	-13.573	-38.6
14.36	-8.433	-13.592	-42.2
14.37	-8.429	-13.598	-43.7
14.38	-8.427	-13.617	-29.1
14.39	-8.424	-13.645	-25.0
14.4	-8.422	-13.406	-39.6
14.41	-8.421	-12.816	-45.7
14.42	-8.419	-12.352	-34.4
14.43	-8.419	-12.384	-33.5
14.44	-8.418	-12.608	-36.9
14.45	-8.418	-12.667	-28.3
14.46	-8.417	-12.714	-30.4
14.47	-8.416	-12.897	-39.6
14.48	-8.415	-12.950	-39.1
14.49	-8.414	-12.752	-32.2
14.5	-8.413	-12.684	-25.0
14.51	-8.412	-12.906	-24.7
14.52	-8.411	-13.106	-31.5
14.53	-8.411	-13.222	-30.7
14.54	-8.412	-13.430	-27.4
14.55	-8.412	-13.672	-35.5
14.56	-8.412	-13.781	-32.3
14.57	-8.412	-13.772	-23.2
14.58	-8.412	-13.833	-24.9
14.59	-8.412	-13.958	-27.0
14.6	-8.411	-13.834	-27.6
14.61	-8.411	-13.545	-23.3
14.62	-8.411	-13.559	-23.8
14.63	-8.412	-13.816	-28.5
14.64	-8.412	-13.852	-27.8
14.65	-8.414	-13.694	-25.4
14.66	-8.414	-13.781	-17.9
14.67	-8.416	-14.119	-25.3
14.68	-8.417	-14.283	-37.4
14.69	-8.419	-14.152	-27.1
14.7	-8.422	-13.992	-9.1
14.71	-8.426	-13.967	-9.2
14.72	-8.429	-13.994	-20.4
14.73	-8.433	-13.922	-26.6
14.74	-8.438	-13.684	-28.7
14.75	-8.441	-13.458	-23.7
14.76	-8.446	-13.380	-19.5
14.77	-8.449	-13.297	-24.2
14.78	-8.453	-13.094	-25.2
14.79	-8.456	-12.908	-16.5
14.8	-8.459	-12.839	-2.0
14.81	-8.461	-12.834	9.8
14.82	-8.464	-12.858	20.0
14.83	-8.467	-12.889	26.3
14.84	-8.469	-13.016	14.7
14.85	-8.471	-13.311	1.1
14.86	-8.473	-13.620	-3.7
14.87	-8.472	-13.778	-19.6
14.88	-8.471	-13.764	-38.1
14.89	-8.471	-13.695	-39.3
14.9	-8.470	-13.723	-32.5
14.91	-8.470	-13.747	-34.7
14.92	-8.470	-13.589	-36.5
14.93	-8.471	-13.341	-38.0
14.94	-8.470	-13.253	-40.7
14.95	-8.469	-13.319	-33.3
14.96	-8.470	-13.281	-20.4
14.97	-8.473	-13.080	-22.3
14.98	-8.477	-12.831	-28.4
14.99	-8.478	-12.577	-23.9
15.0	-8.477	-12.448	33.0
15.01	-8.473	-12.648	197.3
15.02	-8.469	-12.906	325.2
15.03	-8.468	-12.845	270.2
15.04	-8.469	-12.847	104.3
15.05	-8.471	-13.273	-24.9
15.06	-8.475	-13.633	-54.5
15.07	-8.478	-13.583	-41.8
15.08	-8.478	-13.492	-34.5
15.09	-8.473	-13.547	-37.1
15.1	-8.467	-13.522	-38.6
15.11	-8.461	-13.392	-36.3
15.12	-8.456	-13.483	-37.8
15.13	-8.450	-13.880	-34.2
15.14	-8.444	-14.088	-25.2
15.15	-8.437	-13.666	-22.2
15.16	-8.431	-12.616	-19.4
15.17	-8.425	-10.441	-24.7
15.18	-8.421	-5.761	-26.9
15.19	-8.416	2.048	-18.0
15.2	-8.412	11.441	-16.7
15.21	-8.409	19.959	-16.8
15.22	-8.407	26.170	-15.7
15.23	-8.406	29.503	-10.3
15.24	-8.407	29.741	0.2
15.25	-8.408	27.278	-2.9
15.26	-8.409	22.870	-5.3
15.27	-8.410	17.208	8.6
15.28	-8.411	11.009	20.4
15.29	-8.412	5.020	30.3
15.3	-8.412	-0.223	41.7
15.31	-8.412	-4.339	50.6
15.32	-8.412	-7.267	62.3
15.33	-8.412	-9.238	72.3
15.34	-8.412	-10.364	83.7
15.35	-8.411	-10.656	86.9
15.36	-8.412	-10.258	76.9
15.37	-8.414	-9.361	60.5
15.38	-8.418	-8.170	35.3
15.39	-8.421	-7.053	11.6
15.4	-8.424	-6.322	-5.3
15.41	-8.428	-6.091	-18.5
15.42	-8.434	-6.566	-23.7
15.43	-8.438	-8.000	-33.6
15.44	-8.441	-10.177	-45.3
15.45	-8.443	-12.370	-44.0
15.46	-8.445	-13.941	-41.8
15.47	-8.448	-14.656	-44.3
15.48	-8.452	-14.589	-43.3
15.49	-8.457	-13.953	-41.4
15.5	-8.464	-12.986	-39.9
15.51	-8.471	-11.831	-36.1
15.52	-8.481	-10.622	-37.3
15.53	-8.491	-9.508	-36.9
15.54	-8.504	-8.563	-32.1
15.55	-8.516	-7.872	-37.4
15.56	-8.529	-7.758	-40.0
15.57	-8.543	-8.278	-40.4
15.58	-8.554	-8.859	-38.3
15.59	-8.565	-9.220	-33.7
15.6	-8.576	-9.778	-34.9
15.61	-8.586	-10.678	-36.2
15.62	-8.597	-11.542	-42.2
15.63	-8.607	-12.209	-47.0
15.64	-8.617	-12.806	-45.2
15.65	-8.628	-13.358	-41.0
15.66	-8.639	-13.775	-37.6
15.67	-8.651	-14.013	-35.1
15.68	-8.662	-14.175	-34.6
15.69	-8.675	-14.267	-40.4
15.7	-8.688	-14.064	-42.9
15.71	-8.701	-13.589	-40.3
15.72	-8.714	-13.203	-34.0
15.73	-8.728	-13.077	-39.9
15.74	-8.740	-12.991	-47.0
15.75	-8.752	-12.719	-34.7
15.76	-8.766	-12.345	-30.6
15.77	-8.779	-12.028	-33.7
15.78	-8.792	-11.797	-33.9
15.79	-8.806	-11.747	-39.7
15.8	-8.818	-11.967	-33.7
15.81	-8.831	-12.294	-25.1
15.82	-8.844	-12.459	-28.9
15.83	-8.856	-12.467	-30.8
15.84	-8.869	-12.528	-30.6
15.85	-8.882	-12.623	-32.7
15.86	-8.894	-12.550	-30.0
15.87	-8.907	-12.344	-23.0
15.88	-8.920	-12.231	-24.3
15.89	-8.933	-12.259	-24.9
15.9	-8.946	-12.334	-18.6
15.91	-8.959	-12.431	-21.7
15.92	-8.972	-12.450	-23.7
15.93	-8.984	-12.286	-22.0
15.94	-8.997	-12.075	-24.6
15.95	-9.009	-12.050	-23.4
15.96	-9.022	-12.294	-20.8
15.97	-9.035	-12.672	-22.8
15.98	-9.048	-12.920	-25.3
15.99	-9.061	-12.955	-22.7
16.0	-9.075	-12.978	-18.3
16.01	-9.089	-13.166	-20.9
16.02	-9.103	-13.347	-21.7
16.03	-9.117	-13.261	-17.7
16.04	-9.131	-13.023	-13.7
16.05	-9.144	-12.903	-15.8
16.06	-9.156	-12.925	-24.0
16.07	-9.169	-12.950	-27.8
16.08	-9.183	-12.902	-14.7
16.09	-9.196	-12.844	-3.1
16.1	-9.207	-12.825	-12.8
16.11	-9.219	-12.777	-22.6
16.12	-9.229	-12.658	-24.7
16.13	-9.241	-12.630	-20.3
16.14	-9.253	-12.867	-14.8
16.15	-9.264	-13.245	-18.3
16.16	-9.276	-13.469	-19.1
16.17	-9.287	-13.409	-15.8
16.18	-9.298	-13.231	-10.7
16.19	-9.308	-13.072	-13.3
16.2	-9.320	-12.825	-14.3
16.21	-9.333	-12.525	-9.0
16.22	-9.345	-12.447	-10.7
16.23	-9.356	-12.634	-19.4
16.24	-9.366	-12.747	-27.0
16.25	-9.375	-12.627	-18.8
16.26	-9.386	-12.566	-3.3
16.27	-9.396	-12.761	2.2
16.28	-9.408	-12.972	1.4
16.29	-9.418	-12.934	13.2
16.3	-9.430	-12.734	37.3
16.31	-9.442	-12.611	42.5
16.32	-9.454	-12.630	22.0
16.33	-9.466	-12.681	2.6
16.34	-9.477	-12.688	-13.2
16.35	-9.488	-12.631	-25.6
16.36	-9.498	-12.600	-28.9
16.37	-9.506	-12.752	-34.5
16.38	-9.516	-13.014	-30.6
16.39	-9.526	-13.138	-22.8
16.4	-9.536	-13.083	-27.9
16.41	-9.544	-13.028	-32.2
16.42	-9.552	-13.038	-29.5
16.43	-9.559	-12.991	-23.1
16.44	-9.569	-12.813	-19.8
16.45	-9.580	-12.573	-23.9
16.46	-9.592	-12.431	-23.0
16.47	-9.604	-12.461	-10.8
16.48	-9.613	-12.581	75.0
16.49	-9.619	-12.734	243.3
16.5	-9.626	-12.861	326.1
16.51	-9.633	-12.838	219.8
16.52	-9.639	-12.869	42.7
16.53	-9.645	-13.095	-44.2
16.54	-9.651	-13.089	-45.2
16.55	-9.656	-12.828	-28.0
16.56	-9.656	-12.677	-22.5
16.57	-9.651	-12.702	-29.3
16.58	-9.640	-12.838	-32.8
16.59	-9.627	-12.928	-36.0
16.6	-9.616	-12.956	-29.5
16.61	-9.609	-13.083	-21.6
16.62	-9.606	-13.275	-24.8
16.63	-9.603	-13.277	-24.7
16.64	-9.600	-12.702	-12.1
16.65	-9.598	-10.820	-7.7
16.66	-9.597	-6.528	-14.5
16.67	-9.598	0.763	-14.5
16.68	-9.599	9.886	-15.4
16.69	-9.603	18.459	-13.4
16.7	-9.605	24.808	-0.5
16.71	-9.608	28.383	10.0
16.72	-9.612	29.031	13.2
16.73	-9.615	26.969	13.3
16.74	-9.619	22.834	20.0
16.75	-9.622	17.494	26.8
16.76	-9.625	11.858	33.3
16.77	-9.627	6.530	46.3
16.78	-9.628	1.711	65.3
16.79	-9.628	-2.469	84.2
16.8	-9.627	-5.800	96.2
16.81	-9.627	-8.166	101.3
16.82	-9.629	-9.667	105.2
16.83	-9.632	-10.464	104.2
16.84	-9.638	-10.534	85.9
16.85	-9.643	-9.813	57.2
16.86	-9.646	-8.569	32.9
16.87	-9.648	-7.363	9.8
16.88	-9.649	-6.633	-13.1
16.89	-9.651	-6.625	-28.9
16.9	-9.652	-7.492	-40.8
16.91	-9.652	-9.217	-48.6
16.92	-9.652	-11.459	-54.2
16.93	-9.653	-13.550	-53.3
16.94	-9.656	-14.891	-45.6
16.95	-9.661	-15.244	-39.3
16.96	-9.666	-14.656	-37.6
16.97	-9.670	-13.352	-38.8
16.98	-9.674	-11.659	-37.9
16.99	-9.679	-9.891	-39.5
17.0	-9.683	-8.300	-44.6
17.01	-9.687	-7.100	-43.6
17.02	-9.691	-6.391	-37.8
17.03	-9.693	-6.144	-34.8
17.04	-9.693	-6.281	-33.3
17.05	-9.691	-6.733	-36.4
17.06	-9.687	-7.458	-36.3
17.07	-9.681	-8.431	-40.1
17.08	-9.674	-9.608	-47.7
17.09	-9.664	-10.842	-40.3
17.1	-9.651	-11.981	-39.9
17.11	-9.637	-13.017	-45.4
17.12	-9.621	-13.919	-42.6
17.13	-9.604	-14.563	-42.7
17.14	-9.586	-14.856	-34.3
17.15	-9.567	-14.814	-32.0
17.16	-9.547	-14.583	-40.6
17.17	-9.526	-14.308	-38.6
17.18	-9.504	-14.023	-39.8
17.19	-9.484	-13.684	-49.7
17.2	-9.464	-13.231	-47.0
17.21	-9.446	-12.784	-36.1
17.22	-9.429	-12.625	-40.4
17.23	-9.412	-12.833	-44.5
17.24	-9.396	-13.136	-29.4
17.25	-9.380	-13.259	-26.8
17.26	-9.365	-13.220	-32.8
17.27	-9.349	-13.123	-31.8
17.28	-9.334	-12.905	-36.3
17.29	-9.319	-12.559	-38.8
17.3	-9.304	-12.242	-32.2
17.31	-9.289	-12.073	-31.4
17.32	-9.276	-12.008	-36.4
17.33	-9.263	-11.970	-37.0
17.34	-9.249	-11.953	-39.1
17.35	-9.237	-11.878	-35.8
17.36	-9.224	-11.733	-20.5
17.37	-9.211	-11.700	-23.6
17.38	-9.200	-11.898	-31.8
17.39	-9.188	-12.202	-21.8
17.4	-9.177	-12.453	-19.7
17.41	-9.166	-12.678	-27.6
17.42	-9.155	-12.975	-30.3
17.43	-9.144	-13.286	-33.1
17.44	-9.133	-13.491	-36.0
17.45	-9.122	-13.558	-29.1
17.46	-9.111	-13.523	-20.8
17.47	-9.099	-13.509	-22.6
17.48	-9.088	-13.605	-24.6
17.49	-9.078	-13.703	-19.4
17.5	-9.068	-13.706	-22.0
17.51	-9.059	-13.731	-32.5
17.52	-9.049	-13.845	-29.2
17.53	-9.039	-13.889	-20.3
17.54	-9.029	-13.800	-19.1
17.55	-9.020	-13.723	-16.8
17.56	-9.011	-13.727	-20.3
17.57	-9.001	-13.711	-29.5
17.58	-8.991	-13.597	-28.3
17.59	-8.981	-13.445	-22.7
17.6	-8.971	-13.366	-23.9
17.61	-8.961	-13.369	-20.9
17.62	-8.951	-13.350	-11.5
17.63	-8.941	-13.247	-12.8
17.64	-8.931	-13.170	-14.9
17.65	-8.921	-13.202	-14.7
17.66	-8.911	-13.225	-17.4
17.67	-8.901	-13.114	-9.5
17.68	-8.891	-12.911	10.5
17.69	-8.882	-12.783	27.3
17.7	-8.873	-12.836	32.7
17.71	-8.864	-12.989	21.1
17.72	-8.855	-13.103	-2.2
17.73	-8.846	-13.166	-24.2
17.74	-8.836	-13.239	-34.3
17.75	-8.827	-13.352	-33.8
17.76	-8.818	-13.466	-31.8
17.77	-8.810	-13.509	-28.6
17.78	-8.802	-13.502	-30.7
17.79	-8.793	-13.567	-37.9
17.8	-8.784	-13.714	-36.0
17.81	-8.776	-13.781	-33.3
17.82	-8.767	-13.638	-35.9
17.83	-8.761	-13.323	-30.3
17.84	-8.756	-13.073	-28.5
17.85	-8.753	-13.025	-33.1
17.86	-8.749	-13.020	-22.5
17.87	-8.741	-12.956	50.7
17.88	-8.731	-12.980	215.9
17.89	-8.721	-13.142	315.0
17.9	-8.713	-13.297	227.6
17.91	-8.704	-13.380	63.5
17.92	-8.696	-13.453	-32.6
17.93	-8.688	-13.542	-50.4
17.94	-8.681	-13.606	-43.8
17.95	-8.672	-13.644	-34.1
17.96	-8.661	-13.745	-33.3
17.97	-8.645	-13.952	-38.8
17.98	-8.626	-14.159	-40.6
17.99	-8.607	-14.241	-32.9
18.0	-8.590	-14.161	-24.0
18.01	-8.573	-14.016	-25.3
18.02	-8.556	-13.880	-31.0
18.03	-8.541	-13.495	-28.8
18.04	-8.527	-12.056	-24.3
18.05	-8.514	-8.434	-21.3
18.06	-8.500	-2.042	-12.6
18.07	-8.488	6.320	-8.7
18.08	-8.477	14.803	-12.6
18.09	-8.466	21.805	-14.9
18.1	-8.457	26.427	-12.2
18.11	-8.448	28.114	-2.4
18.12	-8.440	26.822	10.1
18.13	-8.433	23.216	12.4
18.14	-8.426	18.248	15.8
18.15	-8.421	12.694	27.5
18.16	-8.416	7.078	39.6
18.17	-8.412	1.828	55.4
18.18	-8.407	-2.655	65.8
18.19	-8.401	-6.120	75.5
18.2	-8.395	-8.547	91.0
18.21	-8.389	-10.006	95.8
18.22	-8.386	-10.625	87.7
18.23	-8.384	-10.623	69.3
18.24	-8.385	-10.189	50.3
18.25	-8.386	-9.364	28.9
18.26	-8.386	-8.278	2.5
18.27	-8.386	-7.408	-14.1
18.28	-8.386	-7.298	-29.9
18.29	-8.385	-8.088	-42.5
18.3	-8.383	-9.602	-52.0
18.31	-8.381	-11.602	-55.7
18.32	-8.378	-13.591	-48.5
18.33	-8.376	-14.898	-49.5
18.34	-8.375	-15.152	-51.9
18.35	-8.374	-14.450	-48.7
18.36	-8.374	-13.213	-45.6
18.37	-8.375	-11.827	-46.1
18.38	-8.376	-10.478	-47.3
18.39	-8.377	-9.305	-44.8
18.4	-8.379	-8.431	-40.9
18.41	-8.380	-7.877	-42.8
18.42	-8.381	-7.600	-41.9
18.43	-8.381	-7.619	-37.9
18.44	-8.381	-7.977	-39.9
18.45	-8.379	-8.634	-39.7
18.46	-8.377	-9.517	-37.7
18.47	-8.375	-10.544	-44.7
18.48	-8.373	-11.584	-48.3
18.49	-8.370	-12.542	-38.5
18.5	-8.367	-13.375	-34.2
18.51	-8.366	-13.975	-41.2
18.52	-8.364	-14.323	-47.0
18.53	-8.362	-14.592	-49.6
18.54	-8.360	-14.892	-48.7
18.55	-8.359	-15.100	-47.8
18.56	-8.357	-15.038	-44.6
18.57	-8.356	-14.767	-39.0
18.58	-8.354	-14.536	-36.9
18.59	-8.352	-14.367	-36.4
18.6	-8.351	-14.067	-49.2
18.61	-8.349	-13.680	-51.0
18.62	-8.347	-13.405	-31.8
18.63	-8.345	-13.233	-33.3
18.64	-8.344	-13.020	-42.3
18.65	-8.344	-12.802	-39.3
18.66	-8.344	-12.694	-32.6
18.67	-8.344	-12.664	-32.6
18.68	-8.344	-12.672	-40.3
18.69	-8.343	-12.809	-38.9
18.7	-8.342	-13.150	-36.6
18.71	-8.341	-13.564	-41.1
18.72	-8.341	-13.702	-36.3
18.73	-8.341	-13.436	-30.8
18.74	-8.341	-13.178	-31.5
18.75	-8.341	-13.205	-30.2
18.76	-8.342	-13.267	-33.9
18.77	-8.342	-13.161	-35.8
18.78	-8.343	-13.028	-29.4
18.79	-8.344	-13.045	-27.3
18.8	-8.345	-13.195	-28.2
18.81	-8.346	-13.370	-27.7
18.82	-8.347	-13.417	-24.5
18.83	-8.348	-13.295	-22.6
18.84	-8.349	-13.186	-22.9
18.85	-8.350	-13.281	-24.8
18.86	-8.351	-13.580	-30.0
18.87	-8.352	-13.883	-28.2
18.88	-8.353	-14.000	-23.0
18.89	-8.353	-13.998	-25.7
18.9	-8.354	-14.114	-24.5
18.91	-8.356	-14.342	-20.9
18.92	-8.357	-14.422	-19.8
18.93	-8.359	-14.291	-23.0
18.94	-8.360	-14.123	-26.6
18.95	-8.362	-14.009	-20.9
18.96	-8.363	-13.947	-17.9
18.97	-8.365	-13.931	-25.9
18.98	-8.366	-13.891	-20.4
18.99	-8.368	-13.784	-9.0
19.0	-8.369	-13.702	-18.9
19.01	-8.371	-13.706	-24.2
19.02	-8.373	-13.742	-16.9
19.03	-8.375	-13.756	-20.1
19.04	-8.377	-13.742	-23.5
19.05	-8.379	-13.714	-19.9
19.06	-8.381	-13.713	-20.1
19.07	-8.384	-13.761	-18.3
19.08	-8.386	-13.817	-11.4
19.09	-8.387	-13.830	-11.2
19.1	-8.389	-13.828	-17.2
19.11	-8.391	-13.822	-19.0
19.12	-8.393	-13.802	-17.3
19.13	-8.395	-13.808	-21.4
19.14	-8.398	-13.838	-21.1
19.15	-8.399	-13.811	-15.0
19.16	-8.402	-13.745	-11.3
19.17	-8.404	-13.753	-8.5
19.18	-8.406	-13.848	-5.0
19.19	-8.408	-13.898	-6.3
19.2	-8.410	-13.791	-6.1
19.21	-8.412	-13.548	5.8
19.22	-8.415	-13.367	22.4
19.23	-8.419	-13.381	34.8
19.24	-8.422	-13.447	33.3
19.25	-8.425	-13.441	13.4
19.26	-8.428	-13.444	-2.5
19.27	-8.430	-13.530	-20.0
19.28	-8.432	-13.645	-35.8
19.29	-8.435	-13.684	-26.7
19.3	-8.439	-13.677	-19.4
19.31	-8.443	-13.738	-24.0
19.32	-8.446	-13.855	-27.8
19.33	-8.449	-13.900	-37.9
19.34	-8.453	-13.809	-36.9
19.35	-8.456	-13.653	-23.5
19.36	-8.459	-13.484	-18.2
19.37	-8.466	-13.259	-21.0
19.38	-8.476	-12.967	-24.9
19.39	-8.486	-12.744	-24.2
19.4	-8.494	-12.728	-13.2
19.41	-8.497	-12.847	89.2
19.42	-8.499	-12.927	260.7
19.43	-8.502	-12.955	308.6
19.44	-8.508	-13.083	199.7
19.45	-8.515	-13.347	39.2
19.46	-8.527	-13.573	-49.0
19.47	-8.541	-13.623	-46.3
19.48	-8.553	-13.547	-36.8
19.49	-8.562	-13.436	-36.7
19.5	-8.566	-13.386	-34.2
19.51	-8.568	-13.395	-30.8
19.52	-8.569	-13.353	-30.7
19.53	-8.571	-13.263	-30.8
19.54	-8.572	-13.166	-23.5
19.55	-8.574	-13.005	-24.3
19.56	-8.574	-12.559	-29.1
19.57	-8.576	-11.120	-23.0
19.58	-8.580	-7.280	-20.0
19.59	-8.586	0.036	-25.0
19.6	-8.594	9.848	-24.1
19.61	-8.603	19.484	-16.6
19.62	-8.613	26.870	-11.2
19.63	-8.624	31.411	-8.8
19.64	-8.638	33.025	-5.9
19.65	-8.652	31.688	-5.5
19.66	-8.668	27.817	-0.9
19.67	-8.684	22.263	8.6
19.68	-8.701	15.945	7.1
19.69	-8.717	9.697	12.0
19.7	-8.733	4.111	35.0
19.71	-8.748	-0.547	44.4
19.72	-8.761	-4.217	49.0
19.73	-8.775	-6.869	66.9
19.74	-8.788	-8.433	76.2
19.75	-8.802	-9.008	80.5
19.76	-8.817	-8.817	86.7
19.77	-8.834	-8.069	74.3
19.78	-8.852	-6.953	50.9
19.79	-8.871	-5.694	28.9
19.8	-8.888	-4.633	7.7
19.81	-8.905	-4.172	-10.9
19.82	-8.922	-4.536	-26.4
19.83	-8.939	-5.747	-30.7
19.84	-8.955	-7.636	-29.0
19.85	-8.970	-9.828	-27.3
19.86	-8.985	-11.836	-34.2
19.87	-8.999	-13.278	-42.4
19.88	-9.014	-13.988	-30.6
19.89	-9.029	-13.845	-27.7
19.9	-9.044	-12.922	-42.3
19.91	-9.061	-11.625	-40.9
19.92	-9.078	-10.375	-33.8
19.93	-9.096	-9.330	-45.7
19.94	-9.114	-8.447	-49.8
19.95	-9.131	-7.745	-37.4
19.96	-9.148	-7.345	-29.6
19.97	-9.165	-7.328	-34.9
19.98	-9.181	-7.678	-42.9
19.99	-9.196	-8.277	-38.1
20.0	-9.211	-9.009	-37.1
20.01	-9.225	-9.848	-35.5
20.02	-9.239	-10.756	-30.6
20.03	-9.253	-11.659	-42.8
20.04	-9.268	-12.431	-45.0
20.05	-9.282	-12.992	-36.3
20.06	-9.296	-13.433	-37.4
20.07	-9.310	-13.805	-42.2
20.08	-9.325	-14.005	-46.3
20.09	-9.339	-13.963	-39.2
20.1	-9.352	-13.766	-30.3
20.11	-9.366	-13.569	-38.3
20.12	-9.379	-13.452	-45.2
20.13	-9.393	-13.367	-31.0
20.14	-9.406	-13.211	-21.8
20.15	-9.420	-12.948	-32.8
20.16	-9.433	-12.697	-37.9
20.17	-9.447	-12.583	-33.8
20.18	-9.460	-12.498	-29.9
20.19	-9.473	-12.316	-35.0
20.2	-9.486	-12.169	-37.8
20.21	-9.499	-12.245	-27.9
20.22	-9.512	-12.534	-27.3
20.23	-9.525	-12.813	-32.6
20.24	-9.539	-12.931	-27.9
20.25	-9.553	-12.998	-22.7
20.26	-9.566	-13.117	-25.8
20.27	-9.579	-13.203	-28.0
20.28	-9.592	-13.097	-18.4
20.29	-9.604	-12.798	-18.6
20.3	-9.616	-12.489	-29.3
20.31	-9.627	-12.303	-28.6
20.32	-9.639	-12.219	-27.1
20.33	-9.649	-12.195	-30.6
20.34	-9.659	-12.248	-25.6
20.35	-9.669	-12.356	-17.6
20.36	-9.679	-12.472	-15.3
20.37	-9.689	-12.623	-13.2
20.38	-9.699	-12.845	-18.8
20.39	-9.709	-13.081	-25.8
20.4	-9.719	-13.259	-13.4
20.41	-9.730	-13.375	-16.3
20.42	-9.739	-13.470	-29.4
20.43	-9.750	-13.563	-21.3
20.44	-9.761	-13.578	-20.8
20.45	-9.771	-13.434	-20.6
20.46	-9.779	-13.222	-11.8
20.47	-9.787	-13.066	-14.3
20.48	-9.796	-12.938	-18.5
20.49	-9.804	-12.803	-18.1
20.5	-9.813	-12.773	-17.3
20.51	-9.821	-12.928	-15.5
20.52	-9.829	-13.108	-13.3
20.53	-9.838	-13.141	-17.1
20.54	-9.847	-13.144	-17.2
20.55	-9.854	-13.280	-11.9
20.56	-9.861	-13.439	-16.6
20.57	-9.868	-13.463	-16.1
20.58	-9.876	-13.373	-8.8
20.59	-9.883	-13.264	-16.4
20.6	-9.891	-13.213	-16.2
20.61	-9.897	-13.241	-7.1
20.62	-9.902	-13.267	-10.5
20.63	-9.906	-13.211	-7.3
20.64	-9.911	-13.183	1.3
20.65	-9.917	-13.339	13.0
20.66	-9.924	-13.559	33.8
20.67	-9.929	-13.544	36.5
20.68	-9.934	-13.270	21.3
20.69	-9.938	-13.063	5.8
20.7	-9.943	-13.114	-15.8
20.71	-9.946	-13.236	-27.6
20.72	-9.949	-13.248	-24.7
20.73	-9.951	-13.238	-22.4
20.74	-9.953	-13.283	-23.6
20.75	-9.956	-13.306	-29.4
20.76	-9.959	-13.189	-27.7
20.77	-9.961	-13.008	-26.8
20.78	-9.961	-12.988	-27.0
20.79	-9.962	-13.100	-22.2
20.8	-9.964	-13.164	-23.2
20.81	-9.969	-13.163	-23.8
20.82	-9.974	-13.113	-21.3
20.83	-9.978	-13.059	-18.2
20.84	-9.976	-13.048	43.5
20.85	-9.971	-13.038	191.5
20.86	-9.965	-13.025	289.5
20.87	-9.958	-13.073	217.9
20.88	-9.950	-13.178	48.2
20.89	-9.937	-13.270	-47.8
20.9	-9.918	-13.294	-37.6
20.91	-9.895	-13.211	-18.3
20.92	-9.868	-13.078	-22.3
20.93	-9.834	-13.014	-30.7
20.94	-9.791	-13.080	-25.9
20.95	-9.743	-13.228	-19.4
20.96	-9.696	-13.370	-25.6
20.97	-9.654	-13.497	-25.3
20.98	-9.616	-13.622	-11.7
20.99	-9.581	-13.670	-7.5
21.0	-9.548	-13.513	-12.9
21.01	-9.516	-12.911	-15.3
21.02	-9.485	-11.103	-13.4
21.03	-9.454	-6.841	-6.6
21.04	-9.426	0.363	-2.5
21.05	-9.400	9.134	-0.2
21.06	-9.375	17.209	6.7
21.07	-9.351	23.250	10.0
21.08	-9.327	26.963	9.2
21.09	-9.304	28.078	10.7
21.1	-9.283	26.414	23.0
21.11	-9.263	22.514	36.7
21.12	-9.242	17.370	45.2
21.13	-9.224	11.809	63.8
21.14	-9.205	6.341	80.3
21.15	-9.187	1.270	85.9
21.16	-9.170	-3.195	100.3
21.17	-9.154	-6.867	113.1
21.18	-9.139	-9.602	109.8
21.19	-9.129	-11.394	99.4
21.2	-9.123	-12.328	81.4
21.21	-9.116	-12.477	56.3
21.22	-9.107	-11.973	32.0
21.23	-9.096	-11.058	3.7
21.24	-9.087	-10.097	-20.9
21.25	-9.078	-9.572	-35.9
21.26	-9.068	-9.906	-45.6
21.27	-9.056	-11.119	-52.9
21.28	-9.046	-12.709	-50.7
21.29	-9.037	-14.038	-50.2
21.3	-9.029	-14.650	-61.4
21.31	-9.024	-14.408	-63.0
21.32	-9.019	-13.445	-54.7
21.33	-9.013	-12.025	-48.8
21.34	-9.007	-10.422	-43.2
21.35	-9.000	-8.870	-36.0
21.36	-8.993	-7.563	-33.6
21.37	-8.987	-6.666	-40.3
21.38	-8.980	-6.239	-41.0
21.39	-8.972	-6.220	-38.4
21.4	-8.963	-6.534	-39.1
21.41	-8.953	-7.145	-38.8
21.42	-8.943	-8.070	-41.7
21.43	-8.933	-9.323	-43.2
21.44	-8.921	-10.758	-46.1
21.45	-8.911	-12.108	-47.8
21.46	-8.901	-13.256	-41.2
21.47	-8.891	-14.227	-37.9
21.48	-8.880	-14.955	-40.1
21.49	-8.870	-15.327	-43.3
21.5	-8.861	-15.309	-43.8
21.51	-8.851	-15.019	-44.1
21.52	-8.841	-14.617	-48.3
21.53	-8.831	-14.181	-51.9
21.54	-8.821	-13.781	-46.4
21.55	-8.811	-13.525	-38.9
21.56	-8.801	-13.444	-36.1
21.57	-8.792	-13.459	-37.6
21.58	-8.783	-13.438	-48.3
21.59	-8.774	-13.355	-53.2
21.6	-8.764	-13.358	-43.8
21.61	-8.756	-13.509	-35.0
21.62	-8.748	-13.664	-42.3
21.63	-8.739	-13.716	-47.9
21.64	-8.731	-13.680	-32.8
21.65	-8.723	-13.600	-29.1
21.66	-8.715	-13.486	-34.2
21.67	-8.707	-13.305	-29.0
21.68	-8.700	-13.025	-28.1
21.69	-8.693	-12.706	-33.2
21.7	-8.686	-12.477	-37.9
21.71	-8.679	-12.381	-38.6
21.72	-8.672	-12.391	-35.5
21.73	-8.666	-12.486	-33.8
21.74	-8.660	-12.706	-36.8
21.75	-8.654	-13.048	-37.5
21.76	-8.647	-13.336	-27.9
21.77	-8.640	-13.469	-21.8
21.78	-8.633	-13.567	-21.9
21.79	-8.626	-13.719	-20.3
21.8	-8.620	-13.806	-27.8
21.81	-8.614	-13.714	-32.9
21.82	-8.609	-13.483	-26.1
21.83	-8.603	-13.191	-26.6
21.84	-8.598	-12.933	-30.6
21.85	-8.593	-12.866	-25.0
21.86	-8.588	-13.048	-19.1
21.87	-8.582	-13.370	-23.6
21.88	-8.578	-13.664	-26.0
21.89	-8.573	-13.855	-24.6
21.9	-8.569	-14.030	-26.6
21.91	-8.565	-14.194	-25.8
21.92	-8.561	-14.189	-22.3
21.93	-8.556	-13.975	-20.0
21.94	-8.551	-13.731	-20.1
21.95	-8.545	-13.681	-21.0
21.96	-8.540	-13.861	-22.2
21.97	-8.536	-14.084	-17.8
21.98	-8.531	-14.153	-13.9
21.99	-8.526	-14.044	-16.6
22.0	-8.521	-13.900	-17.7
22.01	-8.516	-13.888	-12.2
22.02	-8.511	-13.983	-0.8
22.03	-8.506	-14.038	6.5
22.04	-8.502	-14.036	20.3
22.05	-8.497	-14.042	27.8
22.06	-8.492	-14.031	15.6
22.07	-8.487	-14.006	-3.4
22.08	-8.481	-13.963	-19.0
22.09	-8.477	-13.894	-25.5
22.1	-8.472	-13.838	-29.3
22.11	-8.467	-13.823	-29.3
22.12	-8.463	-13.891	-33.8
22.13	-8.457	-13.983	-44.5
22.14	-8.453	-13.975	-42.6
22.15	-8.448	-13.784	-34.1
22.16	-8.444	-13.345	-26.6
22.17	-8.441	-13.103	-26.5
22.18	-8.439	-13.409	-31.2
22.19	-8.438	-13.706	-29.2
22.2	-8.438	-13.538	-35.3
22.21	-8.435	-13.252	-21.1
22.22	-8.429	-13.320	98.4
22.23	-8.419	-13.570	270.1
22.24	-8.411	-13.603	309.3
22.25	-8.406	-13.503	186.9
22.26	-8.402	-13.617	29.6
22.27	-8.400	-13.934	-52.4
22.28	-8.399	-14.120	-53.6
22.29	-8.396	-14.064	-34.5
22.3	-8.393	-14.020	-29.3
22.31	-8.385	-14.153	-36.3
22.32	-8.376	-14.303	-37.4
22.33	-8.367	-14.333	-32.5
22.34	-8.357	-14.338	-30.4
22.35	-8.347	-14.408	-29.6
22.36	-8.336	-14.427	-29.8
22.37	-8.324	-14.103	-31.5
22.38	-8.314	-12.900	-28.1
22.39	-8.304	-9.886	-24.1
22.4	-8.294	-4.155	-21.5
22.41	-8.286	4.097	-17.1
22.42	-8.279	13.222	-14.3
22.43	-8.272	21.323	-12.3
22.44	-8.266	27.211	-8.9
22.45	-8.262	30.189	-8.3
22.46	-8.258	30.081	-3.6
22.47	-8.254	27.417	2.4
22.48	-8.252	22.995	3.6
22.49	-8.249	17.498	10.6
22.5	-8.248	11.642	24.0
22.51	-8.246	6.098	39.1
22.52	-8.244	1.280	56.1
22.53	-8.241	-2.538	66.7
22.54	-8.238	-5.330	67.2
22.55	-8.235	-7.370	73.8
22.56	-8.232	-8.763	85.4
22.57	-8.231	-9.295	77.3
22.58	-8.231	-8.888	64.6
22.59	-8.231	-7.866	52.4
22.6	-8.232	-6.714	22.6
22.61	-8.234	-5.844	-5.3
22.62	-8.234	-5.489	-17.4
22.63	-8.236	-5.777	-34.8
22.64	-8.237	-6.909	-47.1
22.65	-8.238	-8.958	-39.8
22.66	-8.238	-11.483	-40.3
22.67	-8.239	-13.652	-47.7
22.68	-8.239	-14.847	-47.0
22.69	-8.241	-14.966	-47.8
22.7	-8.242	-14.278	-49.3
22.71	-8.244	-13.172	-43.7
22.72	-8.247	-11.864	-41.4
22.73	-8.249	-10.453	-45.3
22.74	-8.252	-9.161	-43.3
22.75	-8.257	-8.234	-40.4
22.76	-8.261	-7.719	-50.0
22.77	-8.264	-7.580	-57.7
22.78	-8.267	-7.797	-46.4
22.79	-8.268	-8.273	-34.7
22.8	-8.269	-8.923	-32.9
22.81	-8.268	-9.720	-40.0
22.82	-8.268	-10.641	-47.6
22.83	-8.268	-11.645	-46.1
22.84	-8.269	-12.658	-41.4
22.85	-8.269	-13.552	-36.8
22.86	-8.270	-14.253	-40.5
22.87	-8.271	-14.738	-46.0
22.88	-8.272	-15.050	-47.2
22.89	-8.273	-15.241	-49.1
22.9	-8.274	-15.234	-42.1
22.91	-8.275	-15.045	-31.7
22.92	-8.276	-14.800	-31.5
22.93	-8.277	-14.527	-42.7
22.94	-8.279	-14.227	-48.7
22.95	-8.280	-13.881	-43.9
22.96	-8.281	-13.459	-41.7
22.97	-8.283	-13.061	-39.5
22.98	-8.285	-12.823	-40.8
22.99	-8.286	-12.778	-46.2
23.0	-8.288	-12.847	-41.7
23.01	-8.290	-12.913	-35.0
23.02	-8.292	-12.920	-36.1
23.03	-8.293	-12.942	-35.9
23.04	-8.295	-13.069	-30.1
23.05	-8.297	-13.311	-26.9
23.06	-8.300	-13.564	-26.4
23.07	-8.302	-13.675	-33.9
23.08	-8.304	-13.666	-41.4
23.09	-8.306	-13.683	-35.5
23.1	-8.309	-13.683	-27.5
23.11	-8.311	-13.491	-25.9
23.12	-8.313	-13.116	-26.2
23.13	-8.316	-13.097	-28.3
23.14	-8.318	-13.498	-31.5
23.15	-8.321	-13.561	-31.9
23.16	-8.324	-13.352	-27.5
23.17	-8.326	-13.225	-27.2
23.18	-8.329	-13.145	-29.3
23.19	-8.331	-13.209	-25.1
23.2	-8.334	-13.341	-25.8
23.21	-8.337	-13.497	-32.3
23.22	-8.339	-13.700	-31.1
23.23	-8.342	-13.873	-23.4
23.24	-8.345	-14.036	-22.4
23.25	-8.347	-14.247	-23.3
23.26	-8.349	-14.463	-21.0
23.27	-8.352	-14.556	-21.4
23.28	-8.355	-14.433	-24.3
23.29	-8.358	-14.209	-27.1
23.3	-8.361	-14.059	-24.9
23.31	-8.364	-14.013	-17.9
23.32	-8.367	-14.027	-16.0
23.33	-8.370	-14.008	-23.1
23.34	-8.373	-13.903	-26.4
23.35	-8.377	-13.778	-25.8
23.36	-8.380	-13.692	-18.1
23.37	-8.384	-13.595	-15.2
23.38	-8.387	-13.464	-20.7
23.39	-8.392	-13.373	-18.8
23.4	-8.396	-13.372	-23.0
23.41	-8.401	-13.414	-20.7
23.42	-8.406	-13.488	-11.4
23.43	-8.411	-13.586	-19.6
23.44	-8.417	-13.673	-23.8
23.45	-8.422	-13.742	-17.0
23.46	-8.429	-13.817	-17.7
23.47	-8.436	-13.877	-22.7
23.48	-8.444	-13.878	-14.8
23.49	-8.453	-13.823	-5.1
23.5	-8.463	-13.731	-7.5
23.51	-8.474	-13.620	-7.6
23.52	-8.488	-13.548	4.5
23.53	-8.502	-13.538	25.9
23.54	-8.517	-13.520	37.1
23.55	-8.532	-13.481	24.7
23.56	-8.547	-13.458	10.4
23.57	-8.563	-13.416	-8.4
23.58	-8.577	-13.313	-33.5
23.59	-8.591	-13.203	-31.1
23.6	-8.606	-13.130	-14.2
23.61	-8.619	-13.072	-25.2
23.62	-8.634	-13.055	-40.2
23.63	-8.646	-13.139	-36.3
23.64	-8.659	-13.313	-31.2
23.65	-8.671	-13.456	-34.3
23.66	-8.683	-13.450	-35.2
23.67	-8.696	-13.284	-23.3
23.68	-8.711	-13.092	-21.0
23.69	-8.727	-13.005	-25.6
23.7	-8.742	-13.000	-19.8
23.71	-8.754	-12.995	45.9
23.72	-8.765	-12.978	216.7
23.73	-8.776	-13.030	329.5
23.74	-8.788	-13.231	252.2
23.75	-8.802	-13.505	84.4
23.76	-8.816	-13.677	-26.4
23.77	-8.832	-13.645	-46.7
23.78	-8.848	-13.388	-42.0
23.79	-8.861	-13.006	-37.3
23.8	-8.871	-12.758	-32.4
23.81	-8.877	-12.738	-27.6
23.82	-8.883	-12.764	-27.3
23.83	-8.888	-12.703	-32.9
23.84	-8.893	-12.623	-31.1
23.85	-8.896	-12.598	-26.0
23.86	-8.901	-12.514	-27.2
23.87	-8.906	-11.800	-35.4
23.88	-8.912	-9.255	-32.8
23.89	-8.919	-3.684	-11.0
23.9	-8.927	4.756	-2.2
23.91	-8.936	14.163	-8.6
23.92	-8.946	22.448	-5.9
23.93	-8.956	28.625	-3.2
23.94	-8.967	32.180	-4.5
23.95	-8.979	32.652	-2.0
23.96	-8.992	30.231	2.1
23.97	-9.007	25.702	9.2
23.98	-9.021	19.947	21.3
23.99	-9.036	13.858	28.9
24.0	-9.049	8.155	36.8
24.01	-9.063	3.197	47.4
24.02	-9.076	-0.870	51.9
24.03	-9.089	-3.958	63.1
24.04	-9.103	-6.011	75.4
24.05	-9.116	-7.081	81.5
24.06	-9.129	-7.336	91.6
24.07	-9.144	-6.909	90.2
24.08	-9.161	-5.947	65.8
24.09	-9.180	-4.806	33.0
24.1	-9.198	-3.950	10.7
24.11	-9.216	-3.670	-5.9
24.12	-9.231	-4.067	-21.5
24.13	-9.246	-5.216	-30.8
24.14	-9.260	-7.141	-34.9
24.15	-9.273	-9.572	-39.0
24.16	-9.285	-11.978	-36.8
24.17	-9.297	-13.827	-30.9
24.18	-9.310	-14.727	-38.5
24.19	-9.324	-14.594	-46.8
24.2	-9.338	-13.636	-38.9
24.21	-9.352	-12.241	-27.5
24.22	-9.365	-10.803	-27.8
24.23	-9.380	-9.502	-37.2
24.24	-9.395	-8.431	-44.2
24.25	-9.410	-7.698	-47.9
24.26	-9.425	-7.314	-45.3
24.27	-9.439	-7.273	-33.1
24.28	-9.453	-7.784	-30.8
24.29	-9.465	-8.628	-43.8
24.3	-9.477	-9.322	-44.2
24.31	-9.488	-10.044	-35.2
24.32	-9.498	-10.880	-39.0
24.33	-9.506	-11.647	-42.8
24.34	-9.514	-12.408	-33.5
24.35	-9.523	-13.180	-33.2
24.36	-9.533	-13.848	-42.0
24.37	-9.543	-14.325	-39.0
24.38	-9.553	-14.613	-37.3
24.39	-9.563	-14.730	-43.0
24.4	-9.571	-14.623	-43.8
24.41	-9.580	-14.298	-36.3
24.42	-9.589	-13.931	-32.7
24.43	-9.598	-13.630	-41.1
24.44	-9.607	-13.341	-44.6
24.45	-9.618	-13.080	-41.9
24.46	-9.629	-12.933	-44.4
24.47	-9.641	-12.931	-47.9
24.48	-9.651	-13.038	-47.4
24.49	-9.662	-13.225	-43.7
24.5	-9.671	-13.377	-32.2
24.51	-9.679	-13.344	-11.0
24.52	-9.688	-13.169	-0.4
24.53	-9.695	-13.020	-11.6
24.54	-9.704	-12.944	-23.5
24.55	-9.712	-12.834	-23.4
24.56	-9.720	-12.658	-19.5
24.57	-9.728	-12.572	-21.8
24.58	-9.736	-12.663	-24.3
24.59	-9.744	-12.766	-27.7
24.6	-9.752	-12.734	-35.8
24.61	-9.760	-12.634	-35.9
24.62	-9.768	-12.608	-36.1
24.63	-9.777	-12.752	-34.6
24.64	-9.788	-13.000	-30.7
24.65	-9.799	-13.186	-33.3
24.66	-9.809	-13.320	-32.6
24.67	-9.818	-13.519	-30.7
24.68	-9.826	-13.750	-26.3
24.69	-9.836	-13.917	-23.1
24.7	-9.845	-13.989	-22.0
24.71	-9.853	-14.017	-17.3
24.72	-9.861	-14.003	-19.7
24.73	-9.869	-13.906	-19.3
24.74	-9.876	-13.769	-13.5
24.75	-9.882	-13.677	-16.4
24.76	-9.888	-13.698	-24.2
24.77	-9.893	-13.816	-21.7
24.78	-9.897	-13.922	-19.6
24.79	-9.902	-13.931	-27.9
24.8	-9.907	-13.817	-23.5
24.81	-9.912	-13.659	-19.2
24.82	-9.916	-13.598	-19.2
24.83	-9.920	-13.633	-15.7
24.84	-9.922	-13.673	-15.1
24.85	-9.924	-13.728	-15.5
24.86	-9.924	-13.756	-19.0
24.87	-9.924	-13.742	-21.9
24.88	-9.925	-13.822	-19.1
24.89	-9.924	-14.008	-12.5
24.9	-9.921	-14.164	-18.3
24.91	-9.916	-14.233	-25.1
24.92	-9.908	-14.186	-19.1
24.93	-9.900	-14.038	-11.3
24.94	-9.891	-13.864	-6.8
24.95	-9.879	-13.755	-3.3
24.96	-9.866	-13.792	5.9
24.97	-9.852	-13.923	12.3
24.98	-9.836	-14.031	18.5
24.99	-9.817	-14.059	21.1
25.0	-9.795	-14.002	12.0
25.01	-9.771	-13.914	-7.2
25.02	-9.746	-13.878	-23.1
25.03	-9.721	-13.905	-22.2
25.04	-9.697	-13.950	-22.3
25.05	-9.676	-13.958	-27.4
25.06	-9.654	-13.966	-29.3
25.07	-9.632	-14.039	-38.7
25.08	-9.609	-14.111	-39.0
25.09	-9.586	-14.086	-30.2
25.1	-9.563	-14.048	-28.8
25.11	-9.541	-14.189	-21.3
25.12	-9.519	-14.525	-17.8
25.13	-9.501	-14.825	-24.8
25.14	-9.487	-14.989	-29.1
25.15	-9.472	-15.194	-26.5
25.16	-9.453	-15.395	13.8
25.17	-9.429	-14.467	136.3
25.18	-9.402	-9.037	271.6
25.19	-9.377	-2.613	258.6
25.2	-9.353	-2.400	98.3
25.21	-9.329	-5.027	-35.3
25.22	-9.305	-6.645	-53.6
25.23	-9.281	-7.628	-30.0
25.24	-9.258	-8.555	-30.3
25.25	-9.232	-10.114	-32.3
25.26	-9.203	-9.245	-35.4
25.27	-9.171	-4.163	-40.2
25.28	-9.139	1.166	-34.4
25.29	-9.107	3.070	-35.2
25.3	-9.078	-0.548	-38.4
25.31	-9.049	-7.759	-40.9
25.32	-9.021	-10.777	-28.6
25.33	-8.993	-11.397	-16.7
25.34	-8.967	-14.898	-21.6
25.35	-8.943	-9.369	-15.3
25.36	-8.921	11.175	-17.8
25.37	-8.900	30.248	-37.8
25.38	-8.879	39.200	-22.5
25.39	-8.859	44.759	4.6
25.4	-8.840	49.288	6.0
25.41	-8.821	51.014	6.1
25.42	-8.802	51.131	1.8
25.43	-8.784	51.133	2.9
25.44	-8.768	50.684	26.1
25.45	-8.751	47.322	51.7
25.46	-8.736	38.847	63.9
25.47	-8.719	27.420	66.8
25.48	-8.704	16.206	73.9
25.49	-8.688	6.423	98.0
25.5	-8.674	-1.323	125.3
25.51	-8.662	-6.702	102.9
25.52	-8.652	-9.563	61.2
25.53	-8.645	-10.250	67.2
25.54	-8.637	-8.542	56.1
25.55	-8.628	-3.150	9.3
25.56	-8.620	6.123	-14.1
25.57	-8.613	16.356	-29.9
25.58	-8.604	23.134	-42.8
25.59	-8.595	24.383	-35.5
25.6	-8.586	20.109	-35.6
25.61	-8.578	12.006	-70.2
25.62	-8.570	3.333	-97.9
25.63	-8.563	-3.497	-56.0
25.64	-8.556	-7.625	-21.9
25.65	-8.549	-9.513	-43.0
25.66	-8.544	-9.800	-51.0
25.67	-8.539	-8.834	-45.3
25.68	-8.533	-7.002	-40.6
25.69	-8.527	-4.580	-32.4
25.7	-8.522	-1.292	-19.6
25.71	-8.517	3.209	-28.1
25.72	-8.511	7.603	-41.3
25.73	-8.505	9.753	-29.7
25.74	-8.498	8.808	-38.3
25.75	-8.491	5.863	-33.1
25.76	-8.484	2.292	-19.7
25.77	-8.478	-1.502	-42.1
25.78	-8.471	-4.942	-47.2
25.79	-8.463	-7.588	-41.2
25.8	-8.456	-9.419	-41.3
25.81	-8.449	-9.239	-40.9
25.82	-8.443	-5.141	-42.7
25.83	-8.437	2.253	-47.1
25.84	-8.430	9.922	-51.3
25.85	-8.422	15.281	-38.3
25.86	-8.416	16.948	-29.3
25.87	-8.409	14.847	-29.9
25.88	-8.402	10.163	-24.3
25.89	-8.394	5.316	-37.7
25.9	-8.387	3.014	-65.4
25.91	-8.380	3.172	-75.9
25.92	-8.374	3.064	-63.4
25.93	-8.367	1.242	-52.6
25.94	-8.361	-1.734	-33.0
25.95	-8.355	-4.789	-18.9
25.96	-8.350	-6.875	-39.0
25.97	-8.345	-7.030	-54.4
25.98	-8.340	-4.714	-49.4
25.99	-8.335	-0.911	-25.7
26.0	-8.331	2.952	-18.0
26.01	-8.326	6.138	-34.4
26.02	-8.322	8.344	-36.6
26.03	-8.318	10.703	-52.1
26.04	-8.314	14.159	-55.6
26.05	-8.309	17.167	-23.3
26.06	-8.305	17.913	-7.5
26.07	-8.300	16.064	-24.4
26.08	-8.295	12.934	-40.9
26.09	-8.289	10.606	-32.1
26.1	-8.283	10.011	-20.3
26.11	-8.277	9.994	-17.7
26.12	-8.273	9.106	-14.7
26.13	-8.268	7.820	-9.4
26.14	-8.264	6.675	-13.7
26.15	-8.261	4.348	-30.8
26.16	-8.259	-0.300	-30.5
26.17	-8.259	-5.386	1.6
26.18	-8.258	-7.344	11.2
26.19	-8.256	-4.803	-4.2
26.2	-8.253	0.172	-0.3
26.21	-8.251	5.114	1.1
26.22	-8.248	10.980	-2.2
26.23	-8.247	17.731	9.6
26.24	-8.246	21.933	19.9
26.25	-8.246	22.191	6.5
26.26	-8.245	18.891	-10.8
26.27	-8.244	12.489	-0.5
26.28	-8.243	4.931	18.8
26.29	-8.241	-0.914	26.1
26.3	-8.239	-4.155	13.5
26.31	-8.237	-5.509	-4.4
26.32	-8.236	-3.955	5.1
26.33	-8.234	1.673	19.0
26.34	-8.234	9.386	10.5
26.35	-8.232	15.003	6.9
26.36	-8.231	15.084	18.0
26.37	-8.231	8.770	26.2
26.38	-8.229	-2.194	39.4
26.39	-8.229	-14.242	42.5
26.4	-8.229	-24.958	39.9
26.41	-8.229	-34.513	43.8
26.42	-8.229	-42.975	35.2
26.43	-8.229	-48.686	19.7
26.44	-8.229	-50.805	5.8
26.45	-8.229	-51.070	-5.4
26.46	-8.229	-50.919	-17.7
26.47	-8.228	-48.748	-26.6
26.48	-8.228	-41.305	-20.8
26.49	-8.228	-29.242	-6.3
26.5	-8.228	-17.334	-1.4
26.51	-8.228	-9.481	-14.1
26.52	-8.228	-8.031	-22.1
26.53	-8.228	-12.084	-18.7
26.54	-8.230	-16.094	-20.6
26.55	-8.232	-16.761	-29.3
26.56	-8.232	-14.473	-16.9
26.57	-8.231	-9.441	91.3
26.58	-8.228	-2.417	265.0
26.59	-8.226	4.953	325.3
26.6	-8.226	10.273	207.3
26.61	-8.226	11.363	30.1
26.62	-8.226	7.048	-47.1
26.63	-8.226	-2.655	-42.5
26.64	-8.227	-12.666	-44.6
26.65	-8.227	-17.492	-44.9
26.66	-8.224	-18.270	-34.3
26.67	-8.221	-18.731	-25.8
26.68	-8.218	-19.964	-35.8
26.69	-8.215	-20.194	-47.5
26.7	-8.212	-19.448	-35.5
26.71	-8.208	-18.609	-29.4
26.72	-8.203	-17.350	-38.8
26.73	-8.198	-15.927	-37.9
26.74	-8.194	-15.888	-26.2
26.75	-8.190	-16.652	-23.3
26.76	-8.188	-14.055	-28.2
26.77	-8.186	-6.873	-23.7
26.78	-8.185	0.722	-28.0
26.79	-8.185	4.742	-31.8
26.8	-8.186	5.334	-24.7
26.81	-8.189	6.561	-15.7
26.82	-8.193	11.713	-8.5
26.83	-8.197	17.877	-9.4
26.84	-8.205	20.247	5.6
26.85	-8.214	17.762	23.9
26.86	-8.226	12.042	27.4
26.87	-8.239	5.081	24.6
26.88	-8.254	-1.631	23.9
26.89	-8.270	-5.889	41.4
26.9	-8.286	-5.864	57.5
26.91	-8.302	-2.420	63.4
26.92	-8.319	1.105	63.1
26.93	-8.338	2.292	60.2
26.94	-8.358	1.602	42.2
26.95	-8.380	-0.245	5.5
26.96	-8.401	-2.600	-15.3
26.97	-8.421	-3.875	-30.6
26.98	-8.442	-3.667	-47.6
26.99	-8.461	-3.488	-49.6
27.0	-8.480	-4.777	-50.3
27.01	-8.498	-8.175	-51.1
27.02	-8.516	-12.823	-47.8
27.03	-8.534	-16.452	-47.4
27.04	-8.552	-18.069	-56.6
27.05	-8.571	-19.219	-57.8
27.06	-8.589	-20.583	-53.3
27.07	-8.608	-20.780	-54.4
27.08	-8.628	-19.888	-36.9
27.09	-8.649	-19.614	-41.9
27.1	-8.671	-20.825	-71.8
27.11	-8.693	-23.297	-61.6
27.12	-8.714	-26.555	-50.8
27.13	-8.735	-29.933	-64.9
27.14	-8.754	-33.345	-51.1
27.15	-8.771	-38.108	-37.0
27.16	-8.788	-44.423	-49.7
27.17	-8.804	-49.309	-48.2
27.18	-8.821	-50.983	-33.8
27.19	-8.836	-51.134	-41.9
27.2	-8.851	-51.125	-63.2
27.21	-8.867	-51.023	-68.0
27.22	-8.884	-50.870	-52.8
27.23	-8.901	-50.780	-40.8
27.24	-8.918	-50.780	-48.3
27.25	-8.936	-50.913	-54.7
27.26	-8.954	-51.078	-48.5
27.27	-8.972	-51.134	-47.4
27.28	-8.991	-51.109	-55.4
27.29	-9.008	-50.639	-58.3
27.3	-9.024	-47.600	-61.3
27.31	-9.041	-39.069	-61.3
27.32	-9.059	-26.483	-57.9
27.33	-9.078	-14.916	-54.4
27.34	-9.096	-8.300	-50.5
27.35	-9.114	-7.252	-64.7
27.36	-9.131	-8.103	-79.8
27.37	-9.148	-8.141	-76.4
27.38	-9.166	-8.644	-68.2
27.39	-9.184	-11.145	-65.6
27.4	-9.203	-14.863	-58.8
27.41	-9.221	-18.222	-57.5
27.42	-9.240	-20.506	-73.5
27.43	-9.259	-21.450	-80.2
27.44	-9.277	-21.659	-74.3
27.45	-9.295	-21.673	-72.0
27.46	-9.312	-21.800	-66.1
27.47	-9.328	-22.295	-60.8
27.48	-9.345	-22.873	-73.5
27.49	-9.362	-24.616	-81.6
27.5	-9.378	-28.536	-80.5
27.51	-9.393	-32.983	-78.0
27.52	-9.409	-36.484	-66.0
27.53	-9.424	-38.992	-65.1
27.54	-9.439	-41.095	-74.4
27.55	-9.453	-43.497	-66.6
27.56	-9.467	-45.820	-58.1
27.57	-9.480	-47.092	-65.7
27.58	-9.494	-46.769	-67.9
27.59	-9.508	-44.583	-62.9
27.6	-9.522	-40.784	-64.0
27.61	-9.536	-36.559	-55.2
27.62	-9.551	-33.158	-27.5
27.63	-9.565	-30.814	-27.8
27.64	-9.578	-29.183	-51.4
27.65	-9.589	-27.977	-49.7
27.66	-9.600	-26.930	-41.8
27.67	-9.610	-25.669	-53.4
27.68	-9.620	-23.817	-56.4
27.69	-9.629	-21.625	-60.4
27.7	-9.639	-19.734	-74.0
27.71	-9.648	-18.288	-101.7
27.72	-9.658	-17.016	-105.3
27.73	-9.669	-15.708	-30.9
27.74	-9.681	-14.253	39.0
27.75	-9.696	-12.675	42.1
27.76	-9.712	-11.355	28.8
27.77	-9.729	-10.389	22.3
27.78	-9.746	-9.561	-1.0
27.79	-9.761	-8.978	-33.8
27.8	-9.772	-8.403	-58.6
27.81	-9.782	-7.442	-57.3
27.82	-9.793	-6.238	-47.4
27.83	-9.804	-5.288	-50.6
27.84	-9.815	-5.047	-54.3
27.85	-9.826	-5.408	-53.6
27.86	-9.834	-6.013	-43.8
27.87	-9.841	-6.653	-34.7
27.88	-9.846	-7.433	-46.9
27.89	-9.854	-8.695	-57.9
27.9	-9.865	-10.591	-49.2
27.91	-9.879	-12.442	-32.2
27.92	-9.892	-13.527	-15.2
27.93	-9.902	-13.906	38.8
27.94	-9.909	-14.244	176.8
27.95	-9.914	-15.341	284.3
27.96	-9.920	-16.569	233.9
27.97	-9.925	-17.005	79.0
27.98	-9.929	-17.069	-35.8
27.99	-9.934	-17.106	-51.3
28.0	-9.938	-16.867	-29.9
28.01	-9.939	-16.364	-19.7
28.02	-9.936	-15.756	-26.7
28.03	-9.927	-15.219	-31.2
28.04	-9.912	-14.955	-25.3
28.05	-9.897	-15.045	-23.4
28.06	-9.885	-15.155	-25.0
28.07	-9.877	-15.080	-29.4
28.08	-9.872	-14.883	-28.2
28.09	-9.867	-13.942	-25.7
28.1	-9.863	-12.014	-19.1
28.11	-9.858	-9.464	2.2
28.12	-9.854	-5.622	13.3
28.13	-9.851	0.456	12.6
28.14	-9.849	8.073	24.5
28.15	-9.848	15.378	25.3
28.16	-9.845	20.389	-2.5
28.17	-9.843	22.788	-9.5
28.18	-9.841	23.694	13.3
28.19	-9.840	23.273	29.4
28.2	-9.839	21.217	42.7
28.21	-9.837	18.373	45.1
28.22	-9.834	14.213	50.1
28.23	-9.831	7.217	74.1
28.24	-9.824	-0.358	93.8
28.25	-9.816	-5.594	113.2
28.26	-9.806	-8.381	131.7
28.27	-9.797	-9.233	124.2
28.28	-9.791	-8.380	94.9
28.29	-9.789	-6.611	70.3
28.3	-9.785	-4.880	65.7
28.31	-9.773	-3.925	54.4
28.32	-9.755	-4.298	17.6
28.33	-9.736	-5.405	-14.2
28.34	-9.716	-6.623	-23.9
28.35	-9.694	-8.359	-33.1
28.36	-9.669	-10.983	-33.6
28.37	-9.643	-14.264	-21.2
28.38	-9.616	-17.358	-32.9
28.39	-9.591	-19.316	-52.0
28.4	-9.568	-19.725	-47.0
28.41	-9.545	-18.683	-33.3
28.42	-9.523	-16.408	-30.1
28.43	-9.501	-13.072	-27.8
28.44	-9.479	-9.072	-27.7
28.45	-9.460	-5.341	-28.3
28.46	-9.441	-2.709	-24.1
28.47	-9.422	-1.280	-25.1
28.48	-9.404	-0.920	-26.1
28.49	-9.384	-1.706	-24.2
28.5	-9.363	-3.591	-30.6
28.51	-9.342	-6.044	-33.3
28.52	-9.320	-8.427	-34.2
28.53	-9.299	-10.611	-41.6
28.54	-9.279	-12.634	-40.8
28.55	-9.259	-14.355	-36.1
28.56	-9.241	-15.666	-28.3
28.57	-9.223	-16.559	-30.3
28.58	-9.206	-16.908	-36.5
28.59	-9.188	-16.564	-35.4
28.6	-9.169	-15.672	-41.2
28.61	-9.152	-14.464	-42.7
28.62	-9.134	-13.088	-40.0
28.63	-9.118	-11.716	-33.2
28.64	-9.103	-10.678	-31.6
28.65	-9.088	-10.161	-42.4
28.66	-9.073	-10.091	-39.5
28.67	-9.060	-10.375	-35.0
28.68	-9.047	-10.855	-35.3
28.69	-9.036	-11.436	-34.3
28.7	-9.023	-12.150	-39.1
28.71	-9.011	-12.908	-37.9
28.72	-8.999	-13.641	-38.2
28.73	-8.988	-14.348	-40.5
28.74	-8.978	-14.956	-31.6
28.75	-8.967	-15.331	-26.4
28.76	-8.957	-15.334	-33.1
28.77	-8.947	-14.991	-41.7
28.78	-8.938	-14.423	-37.6
28.79	-8.928	-13.767	-26.7
28.8	-8.918	-13.183	-29.1
28.81	-8.908	-12.695	-36.9
28.82	-8.898	-12.308	-30.2
28.83	-8.888	-12.183	-20.8
28.84	-8.877	-12.313	-24.5
28.85	-8.867	-12.552	-24.3
28.86	-8.857	-12.875	-23.5
28.87	-8.846	-13.283	-29.2
28.88	-8.836	-13.744	-30.0
28.89	-8.826	-14.247	-32.9
28.9	-8.816	-14.919	-37.7
28.91	-8.805	-15.670	-34.5
28.92	-8.794	-16.205	-27.7
28.93	-8.784	-16.350	-26.4
28.94	-8.773	-16.102	-27.2
28.95	-8.763	-15.672	-17.6
28.96	-8.752	-15.150	-4.2
28.97	-8.742	-14.461	-2.3
28.98	-8.732	-13.673	-6.3
28.99	-8.723	-12.948	4.4
29.0	-8.714	-12.400	20.4
29.01	-8.706	-12.117	17.3
29.02	-8.699	-12.228	12.5
29.03	-8.693	-12.878	5.3
29.04	-8.686	-14.003	-2.7
29.05	-8.678	-15.017	-16.8
29.06	-8.671	-15.523	-36.6
29.07	-8.664	-15.738	-38.9
29.08	-8.658	-15.481	-32.3
29.09	-8.651	-14.686	-30.1
29.1	-8.645	-13.436	-41.4
29.11	-8.638	-11.331	-45.0
29.12	-8.630	-8.642	-25.1
29.13	-8.623	-6.341	-10.2
29.14	-8.617	-5.241	-17.7
29.15	-8.614	-5.539	-35.3
29.16	-8.611	-6.591	-30.7
29.17	-8.606	-7.756	-9.1
29.18	-8.599	-8.884	56.5
29.19	-8.588	-10.111	199.8
29.2	-8.576	-11.497	292.5
29.21	-8.564	-13.003	228.4
29.22	-8.553	-14.408	65.0
29.23	-8.543	-15.177	-36.1
29.24	-8.534	-14.989	-38.8
29.25	-8.525	-14.488	-40.1
29.26	-8.515	-14.484	-39.4
29.27	-8.504	-15.014	-36.2
29.28	-8.490	-15.866	-44.6
29.29	-8.474	-16.773	-37.1
29.3	-8.458	-17.530	-23.9
29.31	-8.441	-17.895	-21.5
29.32	-8.424	-17.733	-30.8
29.33	-8.407	-17.181	-47.1
29.34	-8.390	-16.289	-43.9
29.35	-8.374	-14.733	-26.4
29.36	-8.356	-11.469	-17.3
29.37	-8.339	-5.344	-19.9
29.38	-8.324	3.305	-25.6
29.39	-8.308	12.352	-16.8
29.4	-8.294	19.544	-10.2
29.41	-8.281	24.063	-21.6
29.42	-8.269	26.417	-29.7
29.43	-8.258	26.919	-21.4
29.44	-8.250	25.166	-14.8
29.45	-8.244	21.425	-11.2
29.46	-8.238	16.702	9.4
29.47	-8.232	11.788	32.4
29.48	-8.228	7.386	44.9
29.49	-8.222	4.244	59.3
29.5	-8.217	2.677	74.0
29.51	-8.210	2.284	86.0
29.52	-8.203	2.317	96.1
29.53	-8.197	2.167	95.5
29.54	-8.194	1.522	78.7
29.55	-8.193	0.333	48.8
29.56	-8.193	-1.238	21.8
29.57	-8.193	-2.822	0.4
29.58	-8.194	-4.237	-22.3
29.59	-8.194	-5.842	-42.4
29.6	-8.194	-7.706	-47.6
29.61	-8.193	-9.148	-46.2
29.62	-8.192	-9.384	-52.1
29.63	-8.191	-8.003	-52.3
29.64	-8.191	-5.406	-40.0
29.65	-8.190	-2.633	-34.8
29.66	-8.191	-0.464	-47.4
29.67	-8.191	0.775	-58.5
29.68	-8.193	1.098	-45.7
29.69	-8.194	1.011	-30.2
29.7	-8.197	1.597	-44.1
29.71	-8.201	3.523	-60.3
29.72	-8.204	6.209	-50.2
29.73	-8.207	8.713	-41.3
29.74	-8.208	10.152	-43.4
29.75	-8.209	9.488	-41.7
29.76	-8.209	6.445	-38.4
29.77	-8.211	1.998	-32.8
29.78	-8.211	-2.508	-34.1
29.79	-8.212	-6.088	-45.2
29.8	-8.213	-8.019	-53.7
29.81	-8.213	-7.838	-55.7
29.82	-8.213	-5.911	-44.3
29.83	-8.214	-3.094	-32.5
29.84	-8.214	0.419	-36.1
29.85	-8.213	4.748	-38.2
29.86	-8.212	9.125	-42.7
29.87	-8.212	12.919	-49.3
29.88	-8.213	16.786	-45.3
29.89	-8.214	20.514	-42.3
29.9	-8.215	22.194	-29.8
29.91	-8.216	20.620	-22.4
29.92	-8.216	16.775	-32.5
29.93	-8.217	12.858	-37.2
29.94	-8.219	10.741	-35.8
29.95	-8.221	11.400	-35.7
29.96	-8.224	15.394	-45.9
29.97	-8.226	22.538	-47.5
29.98	-8.229	30.905	-21.7
29.99	-8.231	37.692	-5.7
30.0	-8.232	40.038	-32.6
30.01	-8.234	36.631	-56.2
30.02	-8.235	28.536	-45.3
30.03	-8.236	18.439	-27.0
30.04	-8.238	10.656	-23.1
30.05	-8.239	8.123	-38.0
30.06	-8.241	11.728	-39.6
30.07	-8.241	20.294	-28.6
30.08	-8.243	28.266	-25.5
30.09	-8.244	29.906	-15.1
30.1	-8.246	25.884	3.9
30.11	-8.247	22.672	-0.3
30.12	-8.248	23.994	-23.8
30.13	-8.248	26.748	-33.3
30.14	-8.249	26.495	-26.3
30.15	-8.250	22.942	-5.9
30.16	-8.251	19.164	-12.1
30.17	-8.251	17.569	-31.3
30.18	-8.252	18.245	-7.8
30.19	-8.253	20.161	13.8
30.2	-8.254	22.277	10.3
30.21	-8.256	23.764	6.3
30.22	-8.258	24.988	16.6
30.23	-8.261	26.811	15.5
30.24	-8.266	27.370	-1.8
30.25	-8.269	23.500	-3.1
30.26	-8.274	16.858	-1.4
30.27	-8.280	12.744	1.3
30.28	-8.287	13.486	11.8
30.29	-8.294	17.598	26.8
30.3	-8.302	22.127	23.5
30.31	-8.311	23.664	14.1
30.32	-8.321	20.111	25.8
30.33	-8.332	12.047	21.8
30.34	-8.344	2.097	9.4
30.35	-8.357	-6.216	13.8
30.36	-8.371	-11.759	42.2
30.37	-8.386	-16.344	79.2
30.38	-8.400	-20.028	77.3
30.39	-8.415	-21.213	60.4
30.4	-8.429	-20.444	43.1
30.41	-8.444	-20.419	9.8
30.42	-8.459	-22.105	-3.2
30.43	-8.474	-23.248	-2.5
30.44	-8.489	-21.761	-3.4
30.45	-8.505	-17.592	-0.9
30.46	-8.521	-12.733	-3.0
30.47	-8.537	-9.394	5.1
30.48	-8.553	-7.066	18.9
30.49	-8.569	-5.430	14.2
30.5	-8.584	-6.069	-6.2
30.51	-8.601	-8.995	-21.6
30.52	-8.619	-12.480	-10.4
30.53	-8.637	-14.747	7.1
30.54	-8.652	-14.372	51.3
30.55	-8.668	-11.222	188.1
30.56	-8.683	-6.533	319.2
30.57	-8.698	0.825	301.8
30.58	-8.714	6.203	167.5
30.59	-8.731	0.217	26.7
30.6	-8.749	-12.103	-28.7
30.61	-8.769	-20.603	-21.5
30.62	-8.789	-23.748	-34.1
30.63	-8.806	-23.738	-34.8
30.64	-8.821	-25.094	-5.1
30.65	-8.832	-28.309	-0.3
30.66	-8.842	-27.255	-5.0
30.67	-8.852	-19.891	-7.4
30.68	-8.860	-7.181	-6.8
30.69	-8.868	11.009	13.7
30.7	-8.876	29.478	8.4
30.71	-8.884	40.742	-26.9
30.72	-8.894	43.323	-36.2
30.73	-8.904	42.403	-13.7
30.74	-8.916	43.223	4.7
30.75	-8.928	45.709	2.2
30.76	-8.941	45.906	3.7
30.77	-8.954	42.431	23.3
30.78	-8.969	39.347	28.8
30.79	-8.984	38.572	-4.3
30.8	-9.000	35.073	-10.7
30.81	-9.016	24.597	29.7
30.82	-9.031	10.373	52.4
30.83	-9.047	-2.859	57.3
30.84	-9.063	-13.742	63.9
30.85	-9.076	-21.934	74.7
30.86	-9.090	-27.386	81.5
30.87	-9.104	-30.408	94.1
30.88	-9.118	-31.325	113.7
30.89	-9.134	-30.869	109.5
30.9	-9.152	-29.553	84.9
30.91	-9.172	-27.833	59.6
30.92	-9.193	-26.816	53.5
30.93	-9.213	-27.088	36.8
30.94	-9.234	-29.023	1.3
30.95	-9.254	-33.306	-15.0
30.96	-9.274	-39.334	-23.7
30.97	-9.294	-45.113	-25.5
30.98	-9.311	-49.016	-14.9
30.99	-9.326	-50.745	-8.9
31.0	-9.341	-51.123	-16.1
31.01	-9.357	-51.139	-36.3
31.02	-9.374	-51.141	-41.3
31.03	-9.391	-51.141	-25.5
31.04	-9.408	-51.141	-25.3
31.05	-9.426	-51.141	-28.0
31.06	-9.444	-51.141	-24.6
31.07	-9.461	-51.141	-29.3
31.08	-9.477	-51.141	-29.5
31.09	-9.493	-51.141	-41.8
31.1	-9.509	-51.141	-51.6
31.11	-9.524	-51.141	-35.4
31.12	-9.539	-51.141	-23.3
31.13	-9.551	-51.141	-32.3
31.14	-9.563	-51.141	-40.4
31.15	-9.574	-51.141	-34.2
31.16	-9.586	-51.141	-34.5
31.17	-9.598	-51.141	-38.5
31.18	-9.609	-51.141	-39.1
31.19	-9.621	-51.141	-47.9
31.2	-9.633	-51.141	-56.2
31.21	-9.646	-51.122	-46.7
31.22	-9.660	-50.661	-32.9
31.23	-9.674	-48.850	-39.8
31.24	-9.690	-47.980	-44.5
31.25	-9.706	-49.677	-43.9
31.26	-9.721	-51.006	-56.6
31.27	-9.735	-51.123	-55.5
31.28	-9.749	-50.972	-42.5
31.29	-9.764	-48.150	-44.2
31.3	-9.779	-38.569	-52.7
31.31	-9.794	-25.750	-43.4
31.32	-9.809	-17.578	-36.4
31.33	-9.825	-14.889	-51.4
31.34	-9.842	-14.333	-47.1
31.35	-9.858	-14.111	-35.8
31.36	-9.874	-13.961	-38.2
31.37	-9.889	-13.497	-40.0
31.38	-9.902	-12.523	-40.6
31.39	-9.915	-11.813	-34.8
31.4	-9.928	-12.144	-34.6
31.41	-9.943	-13.691	-45.4
31.42	-9.958	-15.883	-54.5
31.43	-9.974	-17.697	-50.5
31.44	-9.991	-18.823	-38.8
31.45	-10.008	-19.323	-32.8
31.46	-10.024	-19.088	-25.0
31.47	-10.039	-18.350	-24.5
31.48	-10.054	-17.302	-37.1
31.49	-10.068	-16.031	-38.6
31.5	-10.082	-14.848	-25.8
31.51	-10.096	-14.106	-28.5
31.52	-10.111	-13.875	-38.8
31.53	-10.127	-13.789	-39.8
31.54	-10.144	-13.531	-34.5
31.55	-10.159	-13.142	-21.2
31.56	-10.172	-12.866	-23.3
31.57	-10.183	-12.914	-27.0
31.58	-10.193	-13.378	-17.4
31.59	-10.202	-14.191	-17.7
31.6	-10.211	-15.106	-18.8
31.61	-10.222	-15.836	-18.9
