Interval=	0.01 s
ExcelDateTime=	3.9777522304023136e+004	25/11/2008 12:32:07.067599
TimeFormat=	StartOfBlock
ChannelTitle=	Channel 1	Channel 2	Channel 3
Range=	20.000 mV	50.000 mV	1000.0 µV
0.0	-8.935	-12.691	-8.5
0.01	-8.959	-12.555	-18.9
0.02	-8.984	-12.741	-33.9
0.03	-9.011	-13.113	-41.1
0.04	-9.036	-13.288	-34.3
0.05	-9.059	-13.228	-35.9
0.06	-9.078	-13.286	-46.9
0.07	-9.095	-13.508	-43.0
0.08	-9.111	-13.495	-25.0
0.09	-9.125	-13.102	-20.4
0.1	-9.138	-12.700	-29.3
0.11	-9.152	-12.495	-39.3
0.12	-9.166	-11.934	-41.4
0.13	-9.180	-9.998	-28.9
0.14	-9.195	-5.814	-12.6
0.15	-9.211	0.306	-13.5
0.16	-9.228	7.042	-21.4
0.17	-9.245	13.269	-17.7
0.18	-9.263	18.064	-13.5
0.19	-9.281	20.652	-12.6
0.2	-9.298	20.864	-2.4
0.21	-9.316	18.881	8.7
0.22	-9.336	15.233	16.3
0.23	-9.357	10.909	18.6
0.24	-9.375	6.406	27.8
0.25	-9.393	1.847	45.8
0.26	-9.411	-2.155	47.7
0.27	-9.429	-4.930	48.9
0.28	-9.447	-6.655	73.5
0.29	-9.463	-7.928	92.2
0.3	-9.478	-8.697	89.8
0.31	-9.492	-8.677	83.1
0.32	-9.506	-8.175	55.5
0.33	-9.522	-7.534	16.7
0.34	-9.538	-6.723	-10.2
0.35	-9.555	-5.781	-29.2
0.36	-9.571	-5.156	-25.5
0.37	-9.588	-5.589	-28.7
0.38	-9.605	-7.261	-43.4
0.39	-9.620	-9.470	-39.4
0.4	-9.633	-11.298	-32.8
0.41	-9.646	-12.364	-51.5
0.42	-9.661	-12.978	-57.7
0.43	-9.678	-13.303	-32.4
0.44	-9.694	-13.241	-23.6
0.45	-9.710	-12.803	-34.7
0.46	-9.724	-11.708	-40.1
0.47	-9.739	-10.066	-47.9
0.48	-9.754	-8.867	-60.4
0.49	-9.768	-8.531	-51.2
0.5	-9.781	-8.352	-33.8
0.51	-9.796	-7.900	-35.8
0.52	-9.809	-7.689	-41.6
0.53	-9.821	-8.162	-49.4
0.54	-9.832	-9.064	-51.5
0.55	-9.841	-9.864	-47.3
0.56	-9.849	-10.438	-49.7
0.57	-9.857	-11.105	-58.1
0.58	-9.865	-11.941	-61.3
0.59	-9.873	-12.605	-53.1
0.6	-9.881	-12.875	-42.1
0.61	-9.889	-12.947	-33.1
0.62	-9.898	-13.072	-38.4
0.63	-9.908	-13.167	-58.6
0.64	-9.919	-13.238	-56.6
0.65	-9.929	-13.308	-42.2
0.66	-9.939	-13.152	-34.2
0.67	-9.949	-12.856	-25.5
0.68	-9.958	-12.792	-30.2
0.69	-9.967	-13.005	-41.5
0.7	-9.976	-13.327	-39.9
0.71	-9.986	-13.664	-39.9
0.72	-9.994	-14.023	-48.0
0.73	-10.003	-14.358	-47.6
0.74	-10.012	-14.536	-39.7
0.75	-10.020	-14.455	-33.0
0.76	-10.027	-13.836	-21.8
0.77	-10.033	-12.770	-14.9
0.78	-10.039	-12.073	-17.0
0.79	-10.044	-11.969	-29.8
0.8	-10.049	-11.911	-38.0
0.81	-10.053	-11.691	-33.3
0.82	-10.056	-11.606	-35.9
0.83	-10.059	-11.880	-36.0
0.84	-10.062	-12.288	-24.0
0.85	-10.065	-12.542	-15.6
0.86	-10.068	-12.745	-29.1
0.87	-10.072	-13.034	-39.6
0.88	-10.077	-13.306	-34.5
0.89	-10.083	-13.508	-33.1
0.9	-10.088	-13.541	-30.6
0.91	-10.094	-13.358	-28.2
0.92	-10.099	-13.345	-24.3
0.93	-10.104	-13.678	-20.1
0.94	-10.108	-13.722	-15.4
0.95	-10.111	-13.167	-20.1
0.96	-10.114	-12.773	-32.9
0.97	-10.118	-12.895	-36.8
0.98	-10.121	-12.958	-30.6
0.99	-10.123	-12.822	-20.9
1.0	-10.125	-12.869	-19.5
1.01	-10.126	-13.178	-24.6
1.02	-10.126	-13.720	-13.6
1.03	-10.126	-14.245	-1.6
1.04	-10.126	-14.256	-5.5
1.05	-10.126	-14.291	-0.9
1.06	-10.128	-14.975	8.2
1.07	-10.128	-15.820	16.4
1.08	-10.127	-16.295	22.5
1.09	-10.124	-16.522	3.6
1.1	-10.119	-16.975	-20.3
1.11	-10.116	-16.998	-27.8
1.12	-10.111	-15.742	-26.5
1.13	-10.108	-14.169	-34.2
1.14	-10.105	-13.398	-43.3
1.15	-10.103	-13.277	-35.9
1.16	-10.101	-13.242	-31.3
1.17	-10.098	-13.172	-38.8
1.18	-10.094	-13.320	-40.2
1.19	-10.092	-13.667	-32.7
1.2	-10.093	-13.986	-32.3
1.21	-10.095	-14.275	-34.4
1.22	-10.096	-14.589	-23.0
1.23	-10.094	-14.902	33.2
1.24	-10.086	-15.150	175.4
1.25	-10.074	-15.228	303.6
1.26	-10.059	-14.961	246.3
1.27	-10.044	-13.998	40.6
1.28	-10.026	-12.439	-81.2
1.29	-10.003	-11.322	-70.7
1.3	-9.979	-11.147	-38.7
1.31	-9.957	-11.413	-28.7
1.32	-9.936	-11.839	-30.5
1.33	-9.913	-12.433	-29.6
1.34	-9.884	-13.047	-30.6
1.35	-9.852	-13.564	-26.4
1.36	-9.821	-13.988	-26.1
1.37	-9.793	-13.820	-32.9
1.38	-9.767	-12.850	-23.8
1.39	-9.742	-12.141	-12.7
1.4	-9.719	-11.930	-17.6
1.41	-9.696	-11.417	-14.4
1.42	-9.674	-9.961	-5.1
1.43	-9.653	-6.816	-11.2
1.44	-9.632	-2.125	-3.1
1.45	-9.611	3.280	13.1
1.46	-9.591	8.453	4.7
1.47	-9.570	12.248	-0.9
1.48	-9.550	14.123	24.9
1.49	-9.529	14.358	44.8
1.5	-9.509	13.544	48.5
1.51	-9.488	11.711	66.0
1.52	-9.467	8.477	82.4
1.53	-9.447	4.286	87.3
1.54	-9.428	0.122	102.7
1.55	-9.409	-3.508	116.9
1.56	-9.390	-6.636	108.0
1.57	-9.373	-9.316	93.8
1.58	-9.358	-11.308	75.1
1.59	-9.348	-12.458	48.6
1.6	-9.338	-13.052	24.0
1.61	-9.326	-13.413	-6.0
1.62	-9.313	-13.538	-32.2
1.63	-9.300	-13.203	-47.1
1.64	-9.287	-12.577	-51.8
1.65	-9.273	-12.172	-56.5
1.66	-9.256	-12.319	-57.8
1.67	-9.239	-13.203	-52.5
1.68	-9.224	-14.458	-56.2
1.69	-9.209	-14.998	-65.1
1.7	-9.194	-14.533	-64.0
1.71	-9.181	-13.855	-56.9
1.72	-9.168	-13.072	-50.6
1.73	-9.156	-11.781	-42.1
1.74	-9.143	-10.141	-35.3
1.75	-9.131	-8.559	-37.0
1.76	-9.117	-7.425	-40.1
1.77	-9.103	-6.919	-40.9
1.78	-9.088	-6.841	-45.6
1.79	-9.072	-7.095	-41.0
1.8	-9.055	-7.741	-38.3
1.81	-9.038	-8.606	-46.1
1.82	-9.019	-9.577	-41.3
1.83	-9.001	-10.645	-35.7
1.84	-8.982	-11.820	-40.1
1.85	-8.964	-13.038	-45.7
1.86	-8.946	-13.870	-48.8
1.87	-8.928	-14.125	-46.4
1.88	-8.911	-14.164	-46.3
1.89	-8.893	-14.050	-49.0
1.9	-8.874	-13.500	-47.2
1.91	-8.856	-12.816	-42.7
1.92	-8.838	-12.636	-41.2
1.93	-8.820	-12.925	-42.4
1.94	-8.802	-13.227	-41.0
1.95	-8.785	-13.339	-45.5
1.96	-8.769	-13.273	-48.3
1.97	-8.752	-13.297	-47.2
1.98	-8.736	-13.477	-46.6
1.99	-8.720	-13.455	-37.3
2.0	-8.705	-13.220	-33.4
2.01	-8.691	-13.119	-36.4
2.02	-8.676	-13.130	-32.1
2.03	-8.664	-13.059	-35.3
2.04	-8.652	-13.064	-48.3
2.05	-8.641	-13.109	-48.5
2.06	-8.629	-12.913	-38.0
2.07	-8.618	-12.742	-40.8
2.08	-8.606	-12.817	-45.8
2.09	-8.595	-12.641	-30.6
2.1	-8.583	-11.991	-19.8
2.11	-8.572	-11.555	-21.0
2.12	-8.562	-11.784	-28.9
2.13	-8.553	-12.236	-40.8
2.14	-8.543	-12.536	-36.1
2.15	-8.534	-12.811	-35.6
2.16	-8.524	-13.069	-40.3
2.17	-8.515	-13.286	-33.1
2.18	-8.505	-13.630	-30.0
2.19	-8.495	-13.914	-27.1
2.2	-8.486	-13.641	-21.8
2.21	-8.477	-12.744	-19.3
2.22	-8.468	-11.903	-26.6
2.23	-8.460	-11.664	-40.0
2.24	-8.453	-11.906	-34.9
2.25	-8.445	-12.159	-17.5
2.26	-8.438	-11.948	-19.0
2.27	-8.431	-11.408	-29.3
2.28	-8.424	-11.159	-17.7
2.29	-8.418	-11.531	-8.8
2.3	-8.411	-12.103	-1.7
2.31	-8.405	-12.139	21.7
2.32	-8.399	-11.836	29.3
2.33	-8.394	-11.984	10.2
2.34	-8.389	-12.514	-10.6
2.35	-8.385	-12.880	-18.6
2.36	-8.380	-12.884	-28.7
2.37	-8.374	-12.423	-37.0
2.38	-8.368	-11.803	-32.7
2.39	-8.363	-11.700	-34.4
2.4	-8.359	-12.195	-38.3
2.41	-8.353	-12.386	-27.9
2.42	-8.348	-11.450	-32.0
2.43	-8.342	-10.117	-52.1
2.44	-8.339	-9.589	-46.8
2.45	-8.336	-9.927	-30.0
2.46	-8.336	-10.495	-27.6
2.47	-8.336	-10.905	-33.0
2.48	-8.334	-11.430	1.5
2.49	-8.329	-12.459	150.2
2.5	-8.322	-13.597	299.8
2.51	-8.314	-13.931	280.7
2.52	-8.308	-13.325	124.9
2.53	-8.303	-12.873	-22.1
2.54	-8.298	-13.097	-63.4
2.55	-8.295	-13.298	-47.2
2.56	-8.293	-13.081	-41.6
2.57	-8.291	-12.513	-50.0
2.58	-8.286	-11.772	-37.8
2.59	-8.281	-11.383	-21.0
2.6	-8.275	-11.817	-34.3
2.61	-8.269	-12.778	-44.2
2.62	-8.262	-13.220	-39.7
2.63	-8.254	-12.589	-40.7
2.64	-8.243	-11.417	-48.6
2.65	-8.232	-10.067	-41.4
2.66	-8.224	-7.847	-19.0
2.67	-8.216	-3.738	-15.1
2.68	-8.208	2.302	-19.3
2.69	-8.202	8.989	-20.1
2.7	-8.196	14.631	-26.2
2.71	-8.193	18.117	-29.6
2.72	-8.189	19.056	-18.3
2.73	-8.188	17.500	-2.1
2.74	-8.186	14.148	6.2
2.75	-8.184	9.977	10.3
2.76	-8.184	5.722	14.4
2.77	-8.184	1.920	22.2
2.78	-8.184	-1.492	37.7
2.79	-8.183	-4.713	57.1
2.8	-8.180	-7.452	60.6
2.81	-8.178	-9.370	60.3
2.82	-8.174	-10.336	72.1
2.83	-8.171	-10.488	74.1
2.84	-8.168	-10.177	54.7
2.85	-8.165	-9.753	31.3
2.86	-8.166	-9.188	14.6
2.87	-8.168	-8.261	-7.9
2.88	-8.169	-7.480	-34.0
2.89	-8.171	-7.706	-42.7
2.9	-8.172	-8.834	-46.4
2.91	-8.174	-10.308	-49.0
2.92	-8.176	-12.030	-39.2
2.93	-8.175	-13.780	-34.4
2.94	-8.174	-15.133	-39.7
2.95	-8.175	-15.709	-46.5
2.96	-8.176	-15.375	-44.7
2.97	-8.178	-14.536	-35.1
2.98	-8.179	-13.502	-41.6
2.99	-8.182	-12.223	-50.4
3.0	-8.185	-10.788	-40.1
3.01	-8.189	-9.550	-34.5
3.02	-8.195	-8.880	-31.5
3.03	-8.201	-8.847	-31.3
3.04	-8.207	-9.302	-36.7
3.05	-8.212	-9.961	-39.6
3.06	-8.216	-10.478	-36.7
3.07	-8.217	-10.966	-33.1
3.08	-8.219	-11.747	-37.3
3.09	-8.220	-12.641	-39.6
3.1	-8.222	-13.338	-35.0
3.11	-8.224	-13.745	-25.8
3.12	-8.225	-13.883	-27.0
3.13	-8.227	-14.102	-38.8
3.14	-8.229	-14.686	-42.1
3.15	-8.231	-15.256	-30.8
3.16	-8.233	-15.359	-28.8
3.17	-8.235	-15.086	-46.8
3.18	-8.238	-14.589	-53.1
3.19	-8.239	-13.981	-34.3
3.2	-8.241	-13.384	-23.4
3.21	-8.242	-12.883	-29.5
3.22	-8.243	-12.648	-21.9
3.23	-8.245	-12.511	-17.8
3.24	-8.247	-12.291	-43.2
3.25	-8.249	-12.356	-54.0
3.26	-8.251	-12.775	-33.1
3.27	-8.254	-13.080	-29.5
3.28	-8.257	-13.316	-41.9
3.29	-8.259	-13.698	-27.3
3.3	-8.262	-13.566	-19.5
3.31	-8.265	-12.653	-35.1
3.32	-8.268	-11.916	-39.1
3.33	-8.271	-12.083	-30.3
3.34	-8.274	-12.714	-12.0
3.35	-8.276	-12.881	-13.9
3.36	-8.279	-12.566	-46.3
3.37	-8.282	-12.586	-41.9
3.38	-8.284	-13.203	-11.1
3.39	-8.287	-13.859	-14.4
3.4	-8.289	-14.072	-28.9
3.41	-8.292	-14.088	-35.0
3.42	-8.294	-14.441	-33.8
3.43	-8.297	-15.038	-17.3
3.44	-8.301	-15.486	-7.3
3.45	-8.304	-15.458	-18.8
3.46	-8.308	-14.642	-25.3
3.47	-8.313	-13.541	-23.3
3.48	-8.318	-12.998	-20.0
3.49	-8.322	-13.070	-10.9
3.5	-8.328	-13.164	-13.8
3.51	-8.332	-12.858	-16.9
3.52	-8.338	-12.459	-15.3
3.53	-8.342	-12.436	-18.3
3.54	-8.348	-12.898	-23.5
3.55	-8.355	-13.488	-25.3
3.56	-8.363	-13.616	-15.4
3.57	-8.372	-13.195	-12.6
3.58	-8.383	-12.731	-18.6
3.59	-8.394	-12.741	-13.8
3.6	-8.408	-12.977	-6.6
3.61	-8.421	-12.933	-6.0
3.62	-8.436	-12.758	-12.7
3.63	-8.450	-12.739	-26.3
3.64	-8.466	-12.692	-28.9
3.65	-8.482	-12.459	-14.6
3.66	-8.501	-12.295	-3.1
3.67	-8.521	-12.339	-0.9
3.68	-8.541	-12.655	-1.5
3.69	-8.561	-13.206	-5.1
3.7	-8.582	-13.509	-9.3
3.71	-8.604	-13.339	1.4
3.72	-8.628	-13.253	14.7
3.73	-8.653	-13.606	30.3
3.74	-8.679	-13.925	45.8
3.75	-8.704	-13.670	37.5
3.76	-8.729	-12.948	17.5
3.77	-8.753	-12.495	-4.9
3.78	-8.776	-12.667	-29.4
3.79	-8.799	-13.034	-40.2
3.8	-8.822	-13.047	-28.6
3.81	-8.846	-12.625	-15.7
3.82	-8.870	-12.353	-20.7
3.83	-8.893	-12.592	-22.6
3.84	-8.914	-12.906	-24.4
3.85	-8.934	-12.941	-21.3
3.86	-8.954	-12.903	-14.8
3.87	-8.974	-13.075	-20.3
3.88	-8.997	-13.198	-26.7
3.89	-9.019	-12.839	-18.9
3.9	-9.037	-12.428	89.8
3.91	-9.056	-12.659	277.7
3.92	-9.073	-12.998	356.9
3.93	-9.091	-12.738	259.3
3.94	-9.107	-12.438	75.0
3.95	-9.124	-12.702	-38.0
3.96	-9.142	-13.209	-43.0
3.97	-9.159	-13.445	-29.8
3.98	-9.173	-13.400	-34.3
3.99	-9.183	-13.288	-40.5
4.0	-9.190	-13.197	-36.9
4.01	-9.196	-13.231	-26.3
4.02	-9.202	-13.280	-28.1
4.03	-9.207	-12.992	-32.5
4.04	-9.212	-12.289	-21.4
4.05	-9.217	-11.530	-16.6
4.06	-9.224	-10.595	-22.4
4.07	-9.232	-8.256	-20.0
4.08	-9.242	-3.408	-10.8
4.09	-9.252	3.444	-4.0
4.1	-9.263	10.450	-9.8
4.11	-9.274	15.767	-15.7
4.12	-9.288	18.588	-10.8
4.13	-9.302	19.067	-8.9
4.14	-9.316	17.536	-2.0
4.15	-9.329	14.323	20.2
4.16	-9.342	9.911	28.9
4.17	-9.354	4.919	25.5
4.18	-9.367	0.164	37.9
4.19	-9.379	-3.595	50.3
4.2	-9.389	-6.277	51.5
4.21	-9.399	-8.197	60.5
4.22	-9.411	-9.561	72.9
4.23	-9.422	-10.470	87.9
4.24	-9.433	-10.752	101.2
4.25	-9.444	-10.238	84.3
4.26	-9.456	-9.144	46.5
4.27	-9.471	-8.044	25.9
4.28	-9.486	-7.264	15.2
4.29	-9.499	-6.664	-8.3
4.3	-9.510	-6.378	-32.1
4.31	-9.521	-6.800	-40.8
4.32	-9.531	-8.170	-35.4
4.33	-9.540	-10.350	-30.2
4.34	-9.547	-12.608	-38.9
4.35	-9.552	-14.186	-46.8
4.36	-9.557	-15.002	-43.3
4.37	-9.563	-15.327	-34.1
4.38	-9.569	-15.145	-33.3
4.39	-9.576	-14.200	-37.7
4.4	-9.583	-12.628	-43.2
4.41	-9.591	-11.077	-40.3
4.42	-9.599	-9.870	-24.9
4.43	-9.607	-8.964	-23.8
4.44	-9.616	-8.416	-39.0
4.45	-9.623	-8.325	-42.9
4.46	-9.628	-8.691	-41.1
4.47	-9.633	-9.364	-44.8
4.48	-9.636	-10.145	-45.4
4.49	-9.638	-10.928	-42.7
4.5	-9.640	-11.739	-34.8
4.51	-9.641	-12.438	-31.8
4.52	-9.641	-12.709	-45.3
4.53	-9.643	-12.655	-43.6
4.54	-9.646	-12.794	-36.3
4.55	-9.649	-13.289	-39.1
4.56	-9.653	-13.648	-32.0
4.57	-9.658	-13.575	-25.8
4.58	-9.661	-13.428	-33.0
4.59	-9.664	-13.548	-41.4
4.6	-9.667	-13.780	-46.9
4.61	-9.669	-13.800	-53.8
4.62	-9.672	-13.633	-49.1
4.63	-9.676	-13.553	-36.7
4.64	-9.679	-13.459	-34.6
4.65	-9.683	-13.077	-36.7
4.66	-9.686	-12.586	-36.2
4.67	-9.690	-12.297	-35.9
4.68	-9.695	-12.219	-37.0
4.69	-9.699	-12.188	-28.0
4.7	-9.704	-12.152	-30.2
4.71	-9.708	-12.128	-40.4
4.72	-9.713	-12.009	-42.8
4.73	-9.717	-11.695	-37.9
4.74	-9.721	-11.369	-34.9
4.75	-9.724	-11.273	-29.2
4.76	-9.726	-11.173	-16.6
4.77	-9.728	-11.158	-24.0
4.78	-9.730	-11.528	-34.7
4.79	-9.733	-12.200	-36.5
4.8	-9.736	-13.286	-35.8
4.81	-9.738	-13.538	-35.1
4.82	-9.739	-12.934	-32.8
4.83	-9.742	-13.011	-22.3
4.84	-9.745	-13.259	-22.6
4.85	-9.748	-13.411	-35.9
4.86	-9.750	-13.697	-35.4
4.87	-9.753	-13.577	-19.4
4.88	-9.756	-13.011	-22.0
4.89	-9.759	-12.695	-33.6
4.9	-9.762	-12.741	-29.0
4.91	-9.764	-12.911	-16.4
4.92	-9.765	-13.277	-12.0
4.93	-9.766	-13.603	-22.9
4.94	-9.767	-13.453	-34.3
4.95	-9.769	-13.000	-26.8
4.96	-9.770	-12.544	-23.9
4.97	-9.771	-12.169	-20.3
4.98	-9.771	-12.078	-6.2
4.99	-9.770	-12.273	-9.0
5.0	-9.769	-12.450	-10.9
5.01	-9.768	-12.456	16.3
5.02	-9.766	-12.480	33.3
5.03	-9.765	-12.722	17.3
5.04	-9.763	-12.992	-1.9
5.05	-9.759	-13.006	-8.3
5.06	-9.756	-12.806	-12.1
5.07	-9.753	-12.672	-24.8
5.08	-9.752	-12.706	-37.4
5.09	-9.751	-12.769	-33.0
5.1	-9.751	-12.713	-26.6
5.11	-9.750	-12.489	-30.8
5.12	-9.749	-12.247	-36.1
5.13	-9.746	-12.216	-35.2
5.14	-9.744	-12.419	-34.4
5.15	-9.742	-12.642	-33.8
5.16	-9.742	-12.642	-38.0
5.17	-9.746	-12.469	-41.1
5.18	-9.751	-12.313	-28.9
5.19	-9.752	-12.198	-7.9
5.2	-9.748	-12.133	82.4
5.21	-9.740	-12.034	248.9
5.22	-9.728	-11.919	320.3
5.23	-9.713	-12.019	198.3
5.24	-9.694	-12.370	13.3
5.25	-9.672	-12.705	-62.8
5.26	-9.646	-12.592	-52.9
5.27	-9.620	-12.102	-38.2
5.28	-9.594	-11.978	-34.0
5.29	-9.566	-12.392	-40.0
5.3	-9.532	-12.586	-34.0
5.31	-9.495	-12.058	-24.7
5.32	-9.459	-11.358	-32.8
5.33	-9.428	-11.230	-34.7
5.34	-9.398	-11.650	-28.0
5.35	-9.369	-12.306	-16.6
5.36	-9.339	-12.872	-12.0
5.37	-9.311	-12.634	-22.6
5.38	-9.283	-10.620	-28.1
5.39	-9.257	-6.480	-17.6
5.4	-9.232	-1.014	-1.8
5.41	-9.206	4.681	-0.1
5.42	-9.182	10.013	-0.7
5.43	-9.159	14.308	0.7
5.44	-9.136	16.378	6.0
5.45	-9.113	15.514	21.4
5.46	-9.090	12.339	34.9
5.47	-9.068	8.022	45.0
5.48	-9.045	3.630	51.2
5.49	-9.024	-0.227	63.4
5.5	-9.002	-3.681	79.0
5.51	-8.981	-6.886	93.3
5.52	-8.961	-9.608	104.6
5.53	-8.940	-11.613	108.7
5.54	-8.921	-12.764	96.2
5.55	-8.905	-12.802	65.3
5.56	-8.891	-11.670	37.2
5.57	-8.877	-10.222	20.6
5.58	-8.863	-9.436	-6.6
5.59	-8.847	-9.275	-30.8
5.6	-8.831	-9.306	-39.6
5.61	-8.817	-9.736	-47.4
5.62	-8.802	-10.800	-45.5
5.63	-8.786	-12.145	-37.5
5.64	-8.770	-13.595	-42.6
5.65	-8.755	-15.025	-61.3
5.66	-8.741	-15.634	-71.6
5.67	-8.729	-14.752	-58.7
5.68	-8.718	-13.006	-42.3
5.69	-8.708	-11.463	-34.6
5.7	-8.700	-10.269	-28.2
5.71	-8.693	-9.158	-26.7
5.72	-8.685	-8.158	-33.4
5.73	-8.678	-7.444	-35.5
5.74	-8.671	-7.267	-39.8
5.75	-8.663	-7.648	-36.0
5.76	-8.655	-8.292	-37.1
5.77	-8.646	-9.041	-44.2
5.78	-8.637	-9.805	-32.1
5.79	-8.627	-10.431	-22.2
5.8	-8.617	-10.967	-32.0
5.81	-8.607	-11.605	-41.0
5.82	-8.598	-12.234	-38.7
5.83	-8.589	-12.706	-32.9
5.84	-8.581	-13.008	-41.6
5.85	-8.572	-13.231	-43.0
5.86	-8.563	-13.505	-24.2
5.87	-8.556	-13.573	-27.5
5.88	-8.548	-13.200	-45.4
5.89	-8.540	-12.792	-40.1
5.9	-8.533	-12.833	-30.3
5.91	-8.526	-13.053	-31.4
5.92	-8.518	-12.911	-39.7
5.93	-8.510	-12.548	-48.3
5.94	-8.502	-12.367	-31.0
5.95	-8.496	-12.263	-18.4
5.96	-8.489	-12.219	-30.6
5.97	-8.484	-12.538	-29.3
5.98	-8.478	-12.938	-30.4
5.99	-8.471	-12.773	-35.4
6.0	-8.464	-12.114	-36.1
6.01	-8.458	-11.705	-29.0
6.02	-8.453	-11.781	-20.4
6.03	-8.447	-11.731	-28.2
6.04	-8.442	-11.270	-32.1
6.05	-8.437	-11.083	-22.5
6.06	-8.431	-11.545	-29.4
6.07	-8.427	-11.836	-32.8
6.08	-8.422	-11.383	-21.3
6.09	-8.419	-10.872	-27.4
6.1	-8.416	-11.053	-32.3
6.11	-8.412	-11.739	-24.0
6.12	-8.410	-12.167	-15.6
6.13	-8.407	-12.009	-19.4
6.14	-8.404	-11.850	-34.4
6.15	-8.402	-12.145	-34.2
6.16	-8.398	-12.473	-24.9
6.17	-8.395	-12.473	-14.9
6.18	-8.393	-12.253	-9.2
6.19	-8.389	-12.156	-9.5
6.2	-8.387	-12.555	-15.0
6.21	-8.384	-13.058	-23.0
6.22	-8.381	-12.967	-29.8
6.23	-8.379	-12.470	-27.0
6.24	-8.376	-12.092	-18.9
6.25	-8.374	-11.991	-15.4
6.26	-8.371	-12.048	-19.8
6.27	-8.370	-12.095	-22.8
6.28	-8.369	-12.188	-7.3
6.29	-8.368	-12.430	1.4
6.3	-8.368	-12.838	-13.7
6.31	-8.367	-13.181	-24.9
6.32	-8.365	-13.241	-21.6
6.33	-8.364	-13.147	3.2
6.34	-8.363	-12.863	27.9
6.35	-8.364	-12.442	41.1
6.36	-8.366	-12.330	34.9
6.37	-8.366	-12.541	12.4
6.38	-8.366	-12.550	4.2
6.39	-8.366	-12.202	-16.3
6.4	-8.366	-12.033	-44.7
6.41	-8.365	-12.344	-38.7
6.42	-8.364	-12.667	-28.1
6.43	-8.365	-12.453	-23.7
6.44	-8.365	-11.903	-27.8
6.45	-8.365	-11.756	-38.8
6.46	-8.364	-12.022	-35.3
6.47	-8.363	-12.033	-20.4
6.48	-8.365	-11.891	-17.5
6.49	-8.369	-12.020	-29.5
6.5	-8.373	-12.256	-38.0
6.51	-8.375	-12.459	-2.5
6.52	-8.374	-12.606	143.0
6.53	-8.372	-12.667	299.6
6.54	-8.368	-12.617	303.9
6.55	-8.364	-12.452	159.9
6.56	-8.363	-12.353	5.0
6.57	-8.363	-12.395	-43.6
6.58	-8.364	-12.491	-41.7
6.59	-8.366	-12.613	-38.0
6.6	-8.366	-12.716	-37.3
6.61	-8.363	-12.720	-47.3
6.62	-8.360	-12.728	-44.5
6.63	-8.356	-12.842	-32.1
6.64	-8.351	-12.809	-30.8
6.65	-8.346	-12.573	-29.3
6.66	-8.341	-12.469	-23.4
6.67	-8.334	-12.342	-21.3
6.68	-8.329	-11.384	-28.9
6.69	-8.326	-8.667	-29.4
6.7	-8.328	-3.694	-23.2
6.71	-8.336	2.778	-25.3
6.72	-8.349	8.948	-20.1
6.73	-8.364	13.522	-12.3
6.74	-8.377	15.956	-12.6
6.75	-8.387	15.961	-4.8
6.76	-8.396	13.933	-7.3
6.77	-8.404	10.650	-10.7
6.78	-8.409	6.680	10.8
6.79	-8.413	2.394	20.9
6.8	-8.413	-1.734	24.2
6.81	-8.411	-5.147	39.7
6.82	-8.404	-7.770	43.1
6.83	-8.397	-9.619	55.2
6.84	-8.389	-10.452	77.8
6.85	-8.383	-10.370	79.9
6.86	-8.376	-9.767	61.2
6.87	-8.368	-8.814	47.6
6.88	-8.363	-7.777	33.8
6.89	-8.362	-7.061	10.0
6.9	-8.361	-6.755	-12.5
6.91	-8.361	-6.791	-24.4
6.92	-8.362	-7.336	-25.7
6.93	-8.364	-8.611	-36.8
6.94	-8.366	-10.464	-42.3
6.95	-8.367	-12.461	-32.9
6.96	-8.367	-14.038	-39.6
6.97	-8.367	-14.683	-51.0
6.98	-8.367	-14.488	-47.4
6.99	-8.369	-13.919	-33.3
7.0	-8.371	-13.022	-27.6
7.01	-8.374	-11.828	-25.1
7.02	-8.376	-10.786	-35.0
7.03	-8.379	-10.038	-46.9
7.04	-8.381	-9.367	-43.9
7.05	-8.386	-8.825	-47.5
7.06	-8.390	-8.659	-50.5
7.07	-8.394	-8.989	-42.6
7.08	-8.398	-9.573	-32.7
7.09	-8.400	-10.000	-24.0
7.1	-8.402	-10.302	-29.8
7.11	-8.402	-10.703	-37.6
7.12	-8.402	-11.036	-36.0
7.13	-8.404	-11.298	-38.9
7.14	-8.404	-11.784	-48.9
7.15	-8.406	-12.477	-41.2
7.16	-8.406	-13.066	-30.5
7.17	-8.408	-13.373	-34.6
7.18	-8.410	-13.591	-38.4
7.19	-8.414	-13.797	-38.5
7.2	-8.419	-13.667	-24.4
7.21	-8.426	-13.202	-21.8
7.22	-8.434	-12.891	-46.6
7.23	-8.444	-12.920	-44.5
7.24	-8.455	-12.925	-28.8
7.25	-8.468	-12.797	-40.1
7.26	-8.482	-12.744	-51.0
7.27	-8.498	-12.623	-34.9
7.28	-8.514	-12.328	-21.1
7.29	-8.532	-12.131	-27.0
7.3	-8.550	-12.113	-31.4
7.31	-8.568	-12.177	-26.3
7.32	-8.585	-12.333	-28.9
7.33	-8.603	-12.497	-42.1
7.34	-8.620	-12.595	-47.2
7.35	-8.638	-12.639	-31.7
7.36	-8.656	-12.464	-20.7
7.37	-8.674	-12.094	-29.6
7.38	-8.693	-11.933	-25.1
7.39	-8.713	-12.148	-16.0
7.4	-8.734	-12.433	-28.9
7.41	-8.755	-12.498	-26.2
7.42	-8.777	-12.488	-22.1
7.43	-8.799	-12.520	-32.5
7.44	-8.822	-12.409	-34.1
7.45	-8.846	-12.163	-29.3
7.46	-8.869	-12.036	-22.1
7.47	-8.893	-12.055	-14.6
7.48	-8.916	-12.063	-11.3
7.49	-8.939	-12.147	-19.4
7.5	-8.962	-12.441	-26.3
7.51	-8.985	-12.780	-22.3
7.52	-9.008	-13.109	-34.1
7.53	-9.029	-13.369	-31.7
7.54	-9.051	-13.291	-15.7
7.55	-9.072	-13.022	-12.1
7.56	-9.092	-12.911	-15.0
7.57	-9.112	-12.953	-20.6
7.58	-9.131	-12.975	-24.3
7.59	-9.151	-12.855	-30.7
7.6	-9.170	-12.691	-28.5
7.61	-9.189	-12.645	-19.6
7.62	-9.208	-12.525	-22.5
7.63	-9.228	-12.247	-20.1
7.64	-9.246	-12.197	-16.6
7.65	-9.265	-12.417	-17.7
7.66	-9.284	-12.525	-14.9
7.67	-9.302	-12.583	-13.7
7.68	-9.320	-12.750	-25.6
7.69	-9.338	-12.728	-30.8
7.7	-9.355	-12.369	-16.9
7.71	-9.371	-11.995	-16.7
7.72	-9.388	-11.955	-28.3
7.73	-9.403	-12.194	-14.0
7.74	-9.418	-12.514	-0.6
7.75	-9.433	-12.798	-5.3
7.76	-9.448	-12.947	-3.8
7.77	-9.463	-12.944	0.8
7.78	-9.478	-12.692	16.4
7.79	-9.493	-12.277	28.2
7.8	-9.508	-12.017	14.2
7.81	-9.522	-11.984	2.3
7.82	-9.535	-12.109	-2.8
7.83	-9.548	-12.250	-17.3
7.84	-9.561	-12.128	-39.5
7.85	-9.574	-11.856	-44.3
7.86	-9.588	-11.944	-42.2
7.87	-9.600	-12.359	-38.2
7.88	-9.611	-12.611	-28.3
7.89	-9.623	-12.636	-28.5
7.9	-9.633	-12.677	-32.2
7.91	-9.645	-12.733	-26.6
7.92	-9.658	-12.675	-32.9
7.93	-9.674	-12.348	-32.1
7.94	-9.691	-11.869	-24.3
7.95	-9.706	-11.778	-4.9
7.96	-9.719	-12.114	121.7
7.97	-9.730	-12.436	296.5
7.98	-9.740	-12.639	328.8
7.99	-9.748	-12.647	170.2
8.0	-9.755	-12.217	-17.6
8.01	-9.764	-11.545	-72.7
8.02	-9.774	-11.261	-52.6
8.03	-9.783	-11.470	-28.6
8.04	-9.789	-11.702	-23.1
8.05	-9.793	-11.833	-31.7
8.06	-9.792	-12.153	-39.7
8.07	-9.791	-12.719	-48.0
8.08	-9.791	-13.038	-47.2
8.09	-9.793	-12.806	-35.4
8.1	-9.795	-12.345	-19.2
8.11	-9.797	-11.805	-12.7
8.12	-9.799	-10.891	-29.4
8.13	-9.803	-8.939	-40.8
8.14	-9.807	-5.108	-9.5
8.15	-9.812	0.553	10.3
8.16	-9.818	6.880	-22.2
8.17	-9.823	12.308	-32.5
8.18	-9.828	15.453	-1.9
8.19	-9.834	15.870	10.1
8.2	-9.841	14.155	5.2
8.21	-9.848	11.198	11.7
8.22	-9.856	7.336	22.6
8.23	-9.862	2.750	36.1
8.24	-9.868	-1.739	39.0
8.25	-9.874	-5.347	58.4
8.26	-9.880	-8.002	91.8
8.27	-9.886	-9.898	94.0
8.28	-9.892	-11.066	84.2
8.29	-9.899	-11.420	81.6
8.3	-9.906	-11.011	80.3
8.31	-9.916	-10.231	64.7
8.32	-9.929	-9.517	39.9
8.33	-9.942	-8.875	20.2
8.34	-9.952	-8.209	-12.2
8.35	-9.961	-7.808	-31.6
8.36	-9.969	-8.105	-36.7
8.37	-9.978	-9.147	-52.7
8.38	-9.982	-10.542	-62.7
8.39	-9.983	-12.020	-50.1
8.4	-9.982	-13.391	-40.8
8.41	-9.982	-14.184	-51.9
8.42	-9.981	-14.283	-60.0
8.43	-9.979	-13.916	-48.1
8.44	-9.977	-13.058	-36.9
8.45	-9.974	-11.758	-43.5
8.46	-9.971	-10.320	-50.9
8.47	-9.968	-9.147	-41.4
8.48	-9.964	-8.434	-35.6
8.49	-9.960	-8.175	-37.1
8.5	-9.954	-8.353	-36.1
8.51	-9.944	-8.794	-35.3
8.52	-9.931	-9.403	-42.8
8.53	-9.914	-10.009	-48.8
8.54	-9.894	-10.308	-43.9
8.55	-9.874	-10.605	-41.7
8.56	-9.854	-11.211	-37.2
8.57	-9.834	-11.791	-30.1
8.58	-9.814	-12.217	-39.4
8.59	-9.795	-12.730	-48.6
8.6	-9.776	-13.245	-43.1
8.61	-9.759	-13.461	-41.1
8.62	-9.741	-13.253	-43.2
8.63	-9.724	-12.858	-40.8
8.64	-9.707	-12.606	-47.0
8.65	-9.691	-12.419	-43.3
8.66	-9.674	-12.127	-37.1
8.67	-9.656	-11.809	-41.2
8.68	-9.639	-11.727	-39.0
8.69	-9.623	-11.848	-22.7
8.7	-9.607	-11.828	-24.9
8.71	-9.593	-11.828	-46.6
8.72	-9.579	-12.098	-48.9
8.73	-9.564	-12.300	-40.1
8.74	-9.551	-12.241	-34.7
8.75	-9.537	-12.173	-33.0
8.76	-9.523	-12.141	-35.5
8.77	-9.510	-12.066	-31.0
8.78	-9.498	-12.008	-29.3
8.79	-9.486	-11.917	-30.2
8.8	-9.474	-11.777	-32.8
8.81	-9.462	-11.770	-36.2
8.82	-9.450	-11.877	-30.4
8.83	-9.438	-12.017	-22.7
8.84	-9.428	-12.225	-25.9
8.85	-9.419	-12.406	-30.6
8.86	-9.411	-12.514	-36.6
8.87	-9.401	-12.575	-40.0
8.88	-9.390	-12.491	-29.7
8.89	-9.379	-12.173	-19.3
8.9	-9.368	-11.914	-22.3
8.91	-9.357	-11.998	-14.3
8.92	-9.347	-12.339	-15.9
8.93	-9.336	-12.698	-36.9
8.94	-9.326	-12.895	-25.0
8.95	-9.316	-12.934	-16.7
8.96	-9.306	-12.802	-31.9
8.97	-9.296	-12.550	-31.3
8.98	-9.285	-12.288	-18.5
8.99	-9.274	-11.977	-10.0
9.0	-9.264	-11.709	-16.6
9.01	-9.252	-11.731	-25.7
9.02	-9.242	-12.039	-30.6
9.03	-9.230	-12.302	-21.8
9.04	-9.219	-12.330	-19.9
9.05	-9.206	-12.228	-19.8
9.06	-9.194	-12.030	-13.5
9.07	-9.181	-11.741	-12.6
9.08	-9.168	-11.441	-2.5
9.09	-9.155	-11.263	-4.0
9.1	-9.142	-11.320	-8.3
9.11	-9.128	-11.527	9.2
9.12	-9.114	-11.784	20.6
9.13	-9.099	-11.992	26.0
9.14	-9.084	-11.995	19.2
9.15	-9.068	-11.892	-4.3
9.16	-9.050	-11.805	-21.2
9.17	-9.032	-11.734	-23.9
9.18	-9.014	-11.702	-35.4
9.19	-8.996	-11.680	-46.7
9.2	-8.978	-11.722	-35.1
9.21	-8.959	-11.842	-24.1
9.22	-8.941	-11.834	-32.3
9.23	-8.922	-11.748	-30.7
9.24	-8.902	-11.864	-18.8
9.25	-8.883	-11.963	-21.8
9.26	-8.864	-11.772	-34.8
9.27	-8.850	-11.516	-30.9
9.28	-8.838	-11.305	-23.9
9.29	-8.828	-11.091	-31.4
9.3	-8.814	-11.030	-6.8
9.31	-8.795	-11.367	136.3
9.32	-8.774	-11.975	308.6
9.33	-8.752	-12.220	311.1
9.34	-8.732	-12.047	153.4
9.35	-8.713	-12.088	-0.0
9.36	-8.695	-12.239	-54.3
9.37	-8.679	-11.920	-45.0
9.38	-8.664	-11.386	-36.2
9.39	-8.650	-11.366	-34.9
9.4	-8.633	-11.886	-29.9
9.41	-8.614	-12.325	-26.6
9.42	-8.595	-12.317	-23.0
9.43	-8.576	-12.022	-26.2
9.44	-8.556	-11.877	-37.5
9.45	-8.538	-12.177	-25.1
9.46	-8.521	-12.648	-15.4
9.47	-8.504	-12.509	-24.8
9.48	-8.488	-10.647	-19.2
9.49	-8.473	-6.561	-15.1
9.5	-8.458	-0.969	-20.7
9.51	-8.445	4.945	-13.4
9.52	-8.433	9.955	3.0
9.53	-8.422	13.198	12.4
9.54	-8.414	14.502	-2.8
9.55	-8.407	14.005	-9.7
9.56	-8.401	11.725	7.7
9.57	-8.396	7.845	30.7
9.58	-8.391	3.194	40.8
9.59	-8.386	-1.242	43.4
9.6	-8.381	-4.994	60.2
9.61	-8.377	-7.856	72.3
9.62	-8.372	-9.645	69.6
9.63	-8.367	-10.661	81.2
9.64	-8.363	-11.388	96.7
9.65	-8.358	-11.797	93.1
9.66	-8.354	-11.422	69.7
9.67	-8.351	-10.342	33.8
9.68	-8.350	-9.438	-0.4
9.69	-8.349	-9.131	-13.6
9.7	-8.349	-9.138	-14.6
9.71	-8.349	-9.233	-22.1
9.72	-8.349	-9.680	-37.8
9.73	-8.347	-10.689	-45.5
9.74	-8.344	-12.034	-42.2
9.75	-8.341	-13.377	-39.2
9.76	-8.338	-14.278	-41.7
9.77	-8.335	-14.577	-48.5
9.78	-8.334	-14.303	-44.1
9.79	-8.334	-13.342	-28.0
9.8	-8.334	-11.827	-41.7
9.81	-8.334	-10.258	-52.4
9.82	-8.335	-9.103	-37.7
9.83	-8.336	-8.516	-24.8
9.84	-8.338	-8.331	-21.4
9.85	-8.338	-8.398	-28.4
9.86	-8.339	-8.656	-43.4
9.87	-8.341	-8.948	-44.8
9.88	-8.341	-9.373	-34.8
9.89	-8.341	-10.194	-31.8
9.9	-8.339	-11.147	-33.4
9.91	-8.339	-11.873	-29.0
9.92	-8.338	-12.414	-31.0
9.93	-8.336	-12.739	-45.3
9.94	-8.334	-12.831	-51.5
9.95	-8.333	-12.817	-36.8
9.96	-8.332	-12.811	-13.3
9.97	-8.332	-12.886	-16.7
9.98	-8.332	-12.897	-34.1
9.99	-8.334	-12.805	-35.3
10.0	-8.334	-12.813	-35.5
10.01	-8.333	-12.831	-46.0
10.02	-8.332	-12.652	-55.7
10.03	-8.331	-12.361	-38.6
10.04	-8.331	-12.225	-26.5
10.05	-8.331	-12.216	-32.5
10.06	-8.332	-12.119	-25.8
10.07	-8.333	-12.380	-23.8
10.08	-8.334	-12.867	-33.4
10.09	-8.335	-12.978	-38.3
10.1	-8.336	-13.017	-44.9
10.11	-8.338	-12.933	-38.1
10.12	-8.339	-12.553	-19.1
10.13	-8.340	-12.294	-15.2
10.14	-8.341	-12.108	-23.2
10.15	-8.342	-11.822	-28.7
10.16	-8.342	-11.814	-36.6
10.17	-8.342	-12.077	-35.8
10.18	-8.343	-12.192	-32.2
10.19	-8.344	-11.964	-29.9
10.2	-8.345	-11.617	-29.8
10.21	-8.346	-11.586	-28.8
10.22	-8.346	-11.884	-27.5
10.23	-8.348	-12.108	-30.6
10.24	-8.348	-12.092	-21.4
10.25	-8.349	-12.167	-16.3
10.26	-8.351	-12.464	-32.5
10.27	-8.352	-12.623	-36.0
10.28	-8.354	-12.541	-23.8
10.29	-8.355	-12.508	-25.2
10.3	-8.356	-12.573	-36.9
10.31	-8.357	-12.564	-29.9
10.32	-8.358	-12.502	-15.3
10.33	-8.359	-12.595	-20.3
10.34	-8.361	-12.827	-26.4
10.35	-8.362	-12.898	-25.1
10.36	-8.363	-12.708	-26.7
10.37	-8.364	-12.478	-17.7
10.38	-8.366	-12.347	-22.0
10.39	-8.367	-12.336	-30.9
10.4	-8.368	-12.486	-18.7
10.41	-8.370	-12.711	-13.3
10.42	-8.373	-12.884	-22.5
10.43	-8.374	-13.011	-28.2
10.44	-8.376	-13.095	-26.1
10.45	-8.377	-12.992	-18.0
10.46	-8.378	-12.625	-23.3
10.47	-8.379	-12.334	-33.1
10.48	-8.381	-12.416	-23.1
10.49	-8.383	-12.550	-13.2
10.5	-8.384	-12.375	-14.8
10.51	-8.385	-12.098	-19.1
10.52	-8.386	-12.159	-30.3
10.53	-8.387	-12.459	-27.6
10.54	-8.388	-12.581	-11.9
10.55	-8.389	-12.488	-7.4
10.56	-8.389	-12.442	-17.9
10.57	-8.391	-12.572	-26.9
10.58	-8.391	-12.772	-23.0
10.59	-8.393	-12.842	-4.4
10.6	-8.394	-12.747	18.1
10.61	-8.397	-12.663	30.3
10.62	-8.400	-12.658	20.7
10.63	-8.402	-12.664	10.5
10.64	-8.405	-12.689	9.3
10.65	-8.407	-12.678	-5.1
10.66	-8.409	-12.517	-28.9
10.67	-8.410	-12.395	-36.0
10.68	-8.412	-12.392	-30.8
10.69	-8.414	-12.225	-25.7
10.7	-8.415	-11.995	-24.5
10.71	-8.416	-12.134	-28.8
10.72	-8.416	-12.488	-35.9
10.73	-8.416	-12.647	-45.2
10.74	-8.418	-12.544	-43.9
10.75	-8.421	-12.345	-28.0
10.76	-8.427	-12.297	-25.7
10.77	-8.435	-12.419	-35.3
10.78	-8.442	-12.428	-21.3
10.79	-8.445	-12.258	85.4
10.8	-8.446	-12.230	257.0
10.81	-8.447	-12.464	318.1
10.82	-8.446	-12.703	214.0
10.83	-8.446	-12.805	45.9
10.84	-8.450	-12.895	-60.2
10.85	-8.457	-12.953	-55.7
10.86	-8.465	-12.789	-27.9
10.87	-8.469	-12.466	-25.2
10.88	-8.467	-12.275	-35.1
10.89	-8.463	-12.311	-50.5
10.9	-8.459	-12.311	-47.2
10.91	-8.456	-12.258	-31.3
10.92	-8.453	-12.402	-35.7
10.93	-8.448	-12.619	-41.0
10.94	-8.443	-12.420	-31.8
10.95	-8.439	-11.223	-26.1
10.96	-8.436	-8.466	-25.8
10.97	-8.434	-3.583	-24.2
10.98	-8.434	3.323	-28.3
10.99	-8.436	10.434	-26.7
11.0	-8.441	15.505	-20.9
11.01	-8.451	17.667	-20.7
11.02	-8.466	17.022	-13.5
11.03	-8.484	14.169	-3.1
11.04	-8.506	9.913	-16.6
11.05	-8.529	4.972	-17.0
11.06	-8.555	0.102	8.1
11.07	-8.581	-4.147	21.8
11.08	-8.608	-7.544	20.3
11.09	-8.636	-9.878	24.3
11.1	-8.666	-11.008	45.4
11.11	-8.696	-11.470	69.0
11.12	-8.726	-11.786	74.9
11.13	-8.756	-11.616	58.8
11.14	-8.783	-10.892	52.2
11.15	-8.809	-10.127	52.8
11.16	-8.836	-9.392	23.8
11.17	-8.863	-8.623	-1.2
11.18	-8.888	-8.241	-15.5
11.19	-8.913	-8.469	-30.9
11.2	-8.938	-9.175	-29.9
11.21	-8.960	-10.316	-26.9
11.22	-8.981	-11.823	-38.2
11.23	-8.999	-13.359	-42.9
11.24	-9.016	-14.430	-40.4
11.25	-9.033	-14.803	-29.5
11.26	-9.048	-14.563	-31.1
11.27	-9.063	-13.900	-46.4
11.28	-9.078	-13.006	-39.6
11.29	-9.093	-12.108	-32.4
11.3	-9.109	-11.322	-41.9
11.31	-9.125	-10.522	-44.4
11.32	-9.142	-9.761	-44.0
11.33	-9.160	-9.361	-37.7
11.34	-9.178	-9.283	-31.2
11.35	-9.196	-9.313	-36.8
11.36	-9.212	-9.528	-45.4
11.37	-9.226	-10.047	-43.3
11.38	-9.239	-10.714	-32.7
11.39	-9.252	-11.264	-31.3
11.4	-9.266	-11.694	-43.7
11.41	-9.280	-12.256	-48.4
11.42	-9.294	-12.892	-37.8
11.43	-9.307	-13.109	-27.7
11.44	-9.319	-12.994	-38.8
11.45	-9.333	-13.103	-45.8
11.46	-9.348	-13.356	-37.6
11.47	-9.363	-13.338	-33.6
11.48	-9.378	-13.013	-33.5
11.49	-9.393	-12.706	-36.0
11.5	-9.406	-12.619	-35.4
11.51	-9.419	-12.533	-32.7
11.52	-9.433	-12.311	-39.8
11.53	-9.446	-11.998	-47.5
11.54	-9.460	-11.697	-37.2
11.55	-9.474	-11.711	-24.9
11.56	-9.487	-12.236	-35.4
11.57	-9.500	-12.873	-42.4
11.58	-9.513	-12.942	-33.3
11.59	-9.523	-12.425	-33.4
11.6	-9.534	-11.756	-31.0
11.61	-9.545	-11.339	-16.8
11.62	-9.557	-11.553	-29.5
11.63	-9.569	-12.120	-42.0
11.64	-9.579	-12.328	-34.1
11.65	-9.590	-12.081	-27.3
11.66	-9.601	-11.758	-28.4
11.67	-9.613	-11.608	-30.7
11.68	-9.623	-11.636	-29.0
11.69	-9.632	-11.772	-32.8
11.7	-9.642	-11.838	-31.3
11.71	-9.652	-11.647	-20.5
11.72	-9.664	-11.442	-26.8
11.73	-9.674	-11.570	-40.0
11.74	-9.683	-11.994	-25.5
11.75	-9.691	-12.459	-10.8
11.76	-9.700	-12.736	-28.4
11.77	-9.708	-12.827	-37.1
11.78	-9.717	-12.838	-32.6
11.79	-9.725	-12.589	-23.0
11.8	-9.734	-11.933	-19.3
11.81	-9.742	-11.366	-29.3
11.82	-9.750	-11.425	-28.1
11.83	-9.758	-11.814	-16.9
11.84	-9.766	-11.959	-18.0
11.85	-9.774	-11.930	-23.3
11.86	-9.781	-11.994	-39.1
11.87	-9.787	-12.102	-34.1
11.88	-9.795	-12.252	-8.9
11.89	-9.802	-12.430	-15.1
11.9	-9.809	-12.383	-28.3
11.91	-9.816	-12.144	-16.8
11.92	-9.822	-12.147	-9.5
11.93	-9.827	-12.394	-34.4
11.94	-9.832	-12.431	-47.8
11.95	-9.837	-12.186	-19.8
11.96	-9.842	-12.044	-1.9
11.97	-9.847	-12.131	-9.4
11.98	-9.852	-12.077	-19.8
11.99	-9.856	-11.781	-14.8
12.0	-9.861	-11.797	-7.4
12.01	-9.867	-12.272	-23.8
12.02	-9.874	-12.531	-31.8
12.03	-9.881	-12.186	-1.0
12.04	-9.887	-11.661	33.0
12.05	-9.894	-11.525	44.2
12.06	-9.902	-11.853	29.5
12.07	-9.909	-12.214	3.6
12.08	-9.916	-12.216	-10.5
12.09	-9.922	-12.023	-31.0
12.1	-9.928	-11.797	-48.0
12.11	-9.934	-11.422	-34.4
12.12	-9.940	-11.184	-25.1
12.13	-9.946	-11.428	-29.2
12.14	-9.950	-11.920	-33.0
12.15	-9.954	-12.284	-25.9
12.16	-9.957	-12.298	-23.5
12.17	-9.960	-12.038	-36.3
12.18	-9.964	-11.795	-42.5
12.19	-9.972	-11.559	-34.0
12.2	-9.984	-11.311	-24.3
12.21	-9.996	-11.334	-23.0
12.22	-10.004	-11.709	-7.4
12.23	-10.008	-12.031	111.9
12.24	-10.009	-12.083	279.1
12.25	-10.009	-12.067	306.2
12.26	-10.009	-12.014	166.9
12.27	-10.008	-11.931	2.3
12.28	-10.006	-12.006	-62.2
12.29	-10.004	-12.114	-50.7
12.3	-10.001	-12.095	-36.4
12.31	-9.994	-12.203	-28.0
12.32	-9.978	-12.434	-35.6
12.33	-9.956	-12.544	-39.2
12.34	-9.933	-12.403	-22.3
12.35	-9.914	-12.094	-26.4
12.36	-9.899	-11.933	-32.4
12.37	-9.885	-11.936	-20.2
12.38	-9.871	-11.880	-20.4
12.39	-9.856	-11.489	-15.0
12.4	-9.841	-10.125	-11.6
12.41	-9.827	-7.164	-20.5
12.42	-9.813	-2.416	-19.8
12.43	-9.801	3.589	-16.5
12.44	-9.787	9.495	-12.3
12.45	-9.774	13.853	3.8
12.46	-9.759	15.859	9.2
12.47	-9.746	15.386	4.7
12.48	-9.732	12.664	18.0
12.49	-9.717	8.422	38.5
12.5	-9.701	3.700	37.7
12.51	-9.685	-0.786	36.5
12.52	-9.668	-4.495	57.7
12.53	-9.651	-7.225	82.8
12.54	-9.634	-9.313	93.6
12.55	-9.617	-10.966	102.1
12.56	-9.602	-12.019	107.3
12.57	-9.588	-12.334	100.3
12.58	-9.576	-12.202	70.4
12.59	-9.568	-11.963	26.8
12.6	-9.559	-11.614	5.8
12.61	-9.547	-11.073	0.1
12.62	-9.534	-10.255	-17.9
12.63	-9.521	-9.484	-37.4
12.64	-9.509	-9.580	-46.2
12.65	-9.494	-10.711	-45.9
12.66	-9.478	-12.319	-49.8
12.67	-9.461	-13.797	-56.8
12.68	-9.443	-14.625	-59.2
12.69	-9.425	-14.642	-53.9
12.7	-9.408	-14.031	-49.3
12.71	-9.389	-13.130	-49.6
12.72	-9.371	-12.222	-44.2
12.73	-9.351	-11.153	-37.4
12.74	-9.331	-9.858	-38.6
12.75	-9.311	-8.772	-33.8
12.76	-9.291	-8.192	-34.1
12.77	-9.270	-8.094	-49.3
12.78	-9.248	-8.275	-49.4
12.79	-9.225	-8.670	-32.4
12.8	-9.201	-9.411	-32.1
12.81	-9.176	-10.434	-38.7
12.82	-9.151	-11.602	-40.9
12.83	-9.125	-12.817	-40.8
12.84	-9.100	-13.869	-45.4
12.85	-9.074	-14.419	-50.1
12.86	-9.048	-14.153	-39.2
12.87	-9.023	-13.419	-37.5
12.88	-9.000	-13.017	-48.1
12.89	-8.978	-13.098	-45.1
12.9	-8.956	-13.284	-43.3
12.91	-8.937	-13.275	-41.8
12.92	-8.918	-13.111	-41.1
12.93	-8.899	-13.136	-39.6
12.94	-8.882	-13.353	-35.7
12.95	-8.865	-13.373	-37.9
12.96	-8.849	-13.189	-42.5
12.97	-8.833	-13.095	-41.0
12.98	-8.819	-13.020	-43.2
12.99	-8.805	-12.583	-45.3
13.0	-8.791	-11.913	-39.3
13.01	-8.777	-11.508	-33.4
13.02	-8.763	-11.436	-32.7
13.03	-8.749	-11.523	-35.4
13.04	-8.736	-11.653	-33.9
13.05	-8.723	-11.777	-27.7
13.06	-8.709	-11.841	-32.5
13.07	-8.697	-11.736	-34.7
13.08	-8.686	-11.514	-29.0
13.09	-8.675	-11.313	-36.0
13.1	-8.664	-11.225	-31.2
13.11	-8.655	-11.306	-17.8
13.12	-8.646	-11.523	-36.9
13.13	-8.636	-11.764	-47.5
13.14	-8.627	-11.906	-28.5
13.15	-8.618	-12.014	-14.3
13.16	-8.611	-12.181	-20.2
13.17	-8.603	-12.472	-28.1
13.18	-8.596	-12.688	-25.4
13.19	-8.588	-12.483	-25.1
13.2	-8.580	-12.019	-27.6
13.21	-8.574	-11.673	-29.8
13.22	-8.567	-11.638	-31.8
13.23	-8.561	-11.886	-19.8
13.24	-8.554	-12.244	-17.3
13.25	-8.547	-12.603	-21.3
13.26	-8.543	-12.714	-10.2
13.27	-8.537	-12.428	-9.5
13.28	-8.532	-12.122	-21.0
13.29	-8.526	-11.898	-26.9
13.3	-8.520	-11.606	-28.9
13.31	-8.514	-11.544	-24.5
13.32	-8.509	-11.839	-18.8
13.33	-8.506	-12.225	-7.1
13.34	-8.502	-12.417	-6.8
13.35	-8.497	-12.266	-22.4
13.36	-8.492	-11.969	-17.0
13.37	-8.489	-11.842	-10.5
13.38	-8.484	-11.800	-26.3
13.39	-8.480	-11.734	-28.7
13.4	-8.477	-11.888	-3.1
13.41	-8.474	-12.044	21.0
13.42	-8.472	-11.619	16.7
13.43	-8.470	-10.998	17.4
13.44	-8.468	-11.142	32.2
13.45	-8.466	-11.919	28.9
13.46	-8.464	-12.316	1.8
13.47	-8.461	-12.108	-31.7
13.48	-8.458	-11.961	-36.3
13.49	-8.455	-11.983	-19.3
13.5	-8.453	-11.792	-22.9
13.51	-8.451	-11.633	-31.7
13.52	-8.449	-11.744	-30.4
13.53	-8.447	-11.791	-25.3
13.54	-8.445	-11.673	-30.2
13.55	-8.442	-11.792	-31.4
13.56	-8.439	-12.063	-26.8
13.57	-8.439	-11.767	-35.6
13.58	-8.441	-10.967	-45.9
13.59	-8.444	-10.545	-37.8
13.6	-8.444	-10.822	-6.3
13.61	-8.442	-11.533	111.5
13.62	-8.438	-12.259	275.0
13.63	-8.433	-12.542	319.3
13.64	-8.428	-12.214	193.2
13.65	-8.424	-11.619	13.4
13.66	-8.424	-11.398	-52.1
13.67	-8.424	-11.756	-36.4
13.68	-8.424	-12.270	-28.5
13.69	-8.422	-12.519	-29.1
13.7	-8.417	-12.525	-45.4
13.71	-8.411	-12.447	-49.8
13.72	-8.404	-12.219	-38.3
13.73	-8.399	-12.009	-27.6
13.74	-8.393	-12.164	-23.3
13.75	-8.386	-12.363	-23.6
13.76	-8.379	-11.991	-25.8
13.77	-8.371	-10.728	-25.5
13.78	-8.365	-8.063	-17.2
13.79	-8.359	-3.564	-23.0
13.8	-8.354	2.416	-35.3
13.81	-8.351	8.811	-27.4
13.82	-8.348	14.145	-15.1
13.83	-8.345	17.089	-8.8
13.84	-8.344	17.267	-6.3
13.85	-8.342	15.203	-4.2
13.86	-8.342	11.683	-5.0
13.87	-8.344	7.439	2.3
13.88	-8.346	2.931	14.1
13.89	-8.348	-1.356	25.8
13.9	-8.348	-4.913	33.7
13.91	-8.348	-7.544	45.8
13.92	-8.348	-9.306	59.4
13.93	-8.348	-10.488	62.9
13.94	-8.347	-11.198	68.9
13.95	-8.346	-11.283	74.5
13.96	-8.346	-10.748	68.9
13.97	-8.347	-9.809	53.1
13.98	-8.349	-8.795	28.0
13.99	-8.353	-8.089	1.3
14.0	-8.356	-7.873	-21.5
14.01	-8.359	-8.073	-28.9
14.02	-8.364	-8.703	-30.6
14.03	-8.369	-9.920	-35.9
14.04	-8.373	-11.645	-36.6
14.05	-8.376	-13.333	-37.6
14.06	-8.377	-14.330	-39.7
14.07	-8.379	-14.497	-43.3
14.08	-8.383	-14.125	-49.2
14.09	-8.386	-13.367	-42.7
14.1	-8.389	-12.356	-33.5
14.11	-8.393	-11.366	-30.2
14.12	-8.396	-10.356	-36.9
14.13	-8.401	-9.342	-39.3
14.14	-8.408	-8.772	-35.6
14.15	-8.414	-8.784	-36.6
14.16	-8.421	-8.970	-29.2
14.17	-8.428	-9.158	-35.7
14.18	-8.433	-9.545	-55.3
14.19	-8.437	-10.011	-45.9
14.2	-8.441	-10.339	-32.0
14.21	-8.443	-10.556	-29.5
14.22	-8.446	-10.923	-28.4
14.23	-8.447	-11.675	-35.2
14.24	-8.448	-12.373	-44.0
14.25	-8.449	-12.678	-38.9
14.26	-8.450	-12.978	-37.0
14.27	-8.451	-13.427	-42.9
14.28	-8.453	-13.734	-44.7
14.29	-8.456	-13.758	-38.9
14.3	-8.458	-13.525	-22.1
14.31	-8.461	-13.228	-22.4
14.32	-8.464	-13.028	-42.5
14.33	-8.466	-12.730	-48.1
14.34	-8.470	-12.314	-42.6
14.35	-8.474	-12.131	-37.8
14.36	-8.478	-12.148	-33.0
14.37	-8.483	-12.148	-32.7
14.38	-8.489	-12.266	-33.1
14.39	-8.495	-12.405	-30.3
14.4	-8.501	-12.153	-37.3
14.41	-8.508	-11.847	-38.7
14.42	-8.514	-12.059	-37.1
14.43	-8.520	-12.436	-42.2
14.44	-8.526	-12.377	-31.3
14.45	-8.533	-11.828	-15.5
14.46	-8.539	-11.309	-24.0
14.47	-8.546	-11.266	-36.4
14.48	-8.553	-11.605	-41.6
14.49	-8.561	-11.903	-31.8
14.5	-8.569	-11.822	-19.0
14.51	-8.580	-11.517	-30.9
14.52	-8.592	-11.230	-38.5
14.53	-8.605	-11.172	-26.5
14.54	-8.619	-11.552	-22.2
14.55	-8.634	-12.086	-28.8
14.56	-8.650	-12.317	-33.4
14.57	-8.666	-12.302	-25.8
14.58	-8.683	-12.309	-22.8
14.59	-8.700	-12.252	-29.0
14.6	-8.719	-12.147	-31.5
14.61	-8.738	-12.245	-24.0
14.62	-8.759	-12.423	-18.0
14.63	-8.781	-12.556	-24.3
14.64	-8.803	-12.692	-27.2
14.65	-8.826	-12.673	-20.3
14.66	-8.849	-12.463	-16.9
14.67	-8.872	-12.203	-26.0
14.68	-8.895	-12.036	-28.6
14.69	-8.919	-12.016	-17.5
14.7	-8.944	-11.998	-20.7
14.71	-8.968	-12.020	-30.4
14.72	-8.992	-12.105	-21.6
14.73	-9.016	-12.080	-2.9
14.74	-9.040	-12.014	-10.4
14.75	-9.064	-12.013	-31.0
14.76	-9.088	-12.030	-31.5
14.77	-9.111	-12.081	-18.8
14.78	-9.133	-12.119	-26.4
14.79	-9.156	-12.070	-27.9
14.8	-9.179	-12.034	-6.6
14.81	-9.201	-12.036	-1.3
14.82	-9.223	-12.022	-8.4
14.83	-9.246	-12.002	-3.0
14.84	-9.269	-12.028	0.6
14.85	-9.292	-12.036	0.9
14.86	-9.314	-11.859	22.1
14.87	-9.337	-11.623	33.4
14.88	-9.359	-11.511	8.4
14.89	-9.379	-11.586	-6.0
14.9	-9.398	-11.919	-13.0
14.91	-9.417	-12.358	-35.5
14.92	-9.436	-12.430	-41.6
14.93	-9.455	-11.970	-29.7
14.94	-9.473	-11.631	-36.7
14.95	-9.488	-11.814	-42.4
14.96	-9.502	-11.950	-29.9
14.97	-9.518	-11.502	-19.2
14.98	-9.532	-11.020	-26.2
14.99	-9.547	-11.230	-36.7
15.0	-9.565	-11.761	-31.1
15.01	-9.582	-11.848	-32.5
15.02	-9.597	-11.538	29.0
15.03	-9.609	-11.584	207.9
15.04	-9.623	-12.116	348.3
15.05	-9.635	-12.528	302.7
15.06	-9.646	-12.467	105.2
15.07	-9.658	-11.867	-41.9
15.08	-9.670	-11.245	-69.8
15.09	-9.682	-11.236	-55.2
15.1	-9.692	-11.583	-41.1
15.11	-9.698	-11.880	-44.3
15.12	-9.699	-12.103	-44.7
15.13	-9.698	-12.161	-37.8
15.14	-9.696	-12.045	-35.4
15.15	-9.696	-11.928	-32.5
15.16	-9.696	-11.919	-35.3
15.17	-9.696	-11.919	-36.9
15.18	-9.697	-11.503	-22.5
15.19	-9.699	-10.003	-25.2
15.2	-9.701	-6.645	-33.7
15.21	-9.703	-0.933	-17.1
15.22	-9.706	6.209	-13.8
15.23	-9.709	12.586	-18.4
15.24	-9.713	16.728	-8.9
15.25	-9.717	18.445	-4.9
15.26	-9.723	17.778	-3.2
15.27	-9.729	14.930	0.6
15.28	-9.734	10.684	-0.8
15.29	-9.738	5.920	16.1
15.3	-9.742	1.334	46.4
15.31	-9.748	-2.538	59.8
15.32	-9.752	-5.527	59.6
15.33	-9.756	-7.695	63.7
15.34	-9.759	-9.294	72.4
15.35	-9.762	-10.430	92.4
15.36	-9.766	-10.894	102.2
15.37	-9.771	-10.748	82.9
15.38	-9.777	-10.280	54.0
15.39	-9.785	-9.514	29.4
15.4	-9.793	-8.433	11.4
15.41	-9.798	-7.448	-13.7
15.42	-9.803	-7.178	-37.9
15.43	-9.809	-7.836	-46.2
15.44	-9.816	-8.930	-50.4
15.45	-9.819	-9.958	-44.6
15.46	-9.822	-11.161	-38.6
15.47	-9.824	-12.677	-49.5
15.48	-9.826	-13.905	-62.0
15.49	-9.828	-14.130	-55.3
15.5	-9.830	-13.353	-44.0
15.51	-9.833	-12.164	-44.2
15.52	-9.836	-10.911	-47.5
15.53	-9.839	-9.650	-47.4
15.54	-9.844	-8.545	-36.9
15.55	-9.851	-7.795	-30.0
15.56	-9.859	-7.345	-37.2
15.57	-9.867	-7.158	-42.5
15.58	-9.873	-7.453	-47.7
15.59	-9.875	-8.052	-41.5
15.6	-9.877	-8.588	-46.3
15.61	-9.877	-9.180	-55.9
15.62	-9.877	-9.983	-43.2
15.63	-9.877	-10.866	-33.8
15.64	-9.877	-11.648	-33.4
15.65	-9.879	-12.338	-38.8
15.66	-9.881	-12.919	-47.2
15.67	-9.883	-13.150	-51.7
15.68	-9.883	-12.914	-52.4
15.69	-9.884	-12.634	-40.6
15.7	-9.884	-12.627	-35.2
15.71	-9.884	-12.661	-41.0
15.72	-9.884	-12.438	-34.3
15.73	-9.885	-12.008	-34.6
15.74	-9.886	-11.708	-55.3
15.75	-9.886	-11.636	-50.6
15.76	-9.886	-11.655	-32.5
15.77	-9.886	-11.697	-28.5
15.78	-9.886	-11.831	-27.3
15.79	-9.885	-12.063	-39.5
15.8	-9.884	-12.141	-44.2
15.81	-9.884	-12.014	-37.6
15.82	-9.883	-11.881	-45.3
15.83	-9.881	-11.697	-40.4
15.84	-9.879	-11.494	-26.1
15.85	-9.877	-11.572	-25.2
15.86	-9.874	-11.755	-29.4
15.87	-9.871	-11.600	-27.2
15.88	-9.867	-11.341	-35.2
15.89	-9.863	-11.383	-40.7
15.9	-9.857	-11.455	-36.3
15.91	-9.851	-11.252	-33.1
15.92	-9.844	-11.123	-23.9
15.93	-9.836	-11.419	-31.2
15.94	-9.828	-11.822	-36.2
15.95	-9.818	-11.970	-16.5
15.96	-9.809	-12.094	-18.3
15.97	-9.801	-12.370	-38.8
15.98	-9.793	-12.333	-35.0
15.99	-9.786	-11.895	-26.6
16.0	-9.777	-11.795	-35.6
16.01	-9.769	-12.267	-29.5
16.02	-9.761	-12.580	-13.6
16.03	-9.752	-12.311	-7.1
16.04	-9.744	-12.048	-19.5
16.05	-9.736	-12.273	-37.7
16.06	-9.728	-12.684	-30.9
16.07	-9.719	-12.919	-15.1
16.08	-9.710	-12.930	-24.2
16.09	-9.700	-12.805	-28.1
16.1	-9.689	-12.652	-19.2
16.11	-9.678	-12.469	-18.7
16.12	-9.666	-12.252	-7.9
16.13	-9.654	-12.153	2.2
16.14	-9.643	-12.233	4.2
16.15	-9.634	-12.373	18.5
16.16	-9.624	-12.556	25.4
16.17	-9.612	-12.673	18.1
16.18	-9.598	-12.508	5.3
16.19	-9.583	-12.159	-19.6
16.2	-9.569	-11.827	-39.2
16.21	-9.554	-11.563	-32.1
16.22	-9.541	-11.555	-26.1
16.23	-9.527	-11.844	-36.9
16.24	-9.512	-12.073	-45.3
16.25	-9.496	-12.172	-35.5
16.26	-9.479	-12.333	-28.8
16.27	-9.463	-12.353	-32.5
16.28	-9.447	-12.041	-31.6
16.29	-9.436	-11.742	-30.5
16.3	-9.429	-11.694	-29.0
16.31	-9.421	-11.723	-26.9
16.32	-9.412	-11.738	6.1
16.33	-9.399	-11.778	141.7
16.34	-9.381	-11.894	300.5
16.35	-9.362	-12.069	290.7
16.36	-9.341	-12.202	111.9
16.37	-9.319	-12.175	-29.9
16.38	-9.296	-12.070	-57.1
16.39	-9.274	-12.073	-57.7
16.4	-9.253	-12.203	-53.8
16.41	-9.230	-12.409	-34.9
16.42	-9.203	-12.495	-31.1
16.43	-9.172	-12.378	-38.1
16.44	-9.141	-12.395	-33.3
16.45	-9.111	-12.733	-29.0
16.46	-9.083	-13.036	-27.6
16.47	-9.056	-12.988	-17.5
16.48	-9.028	-12.619	-14.0
16.49	-9.002	-11.906	-19.3
16.5	-8.978	-10.375	-22.7
16.51	-8.955	-7.133	-20.7
16.52	-8.933	-1.933	-4.3
16.53	-8.911	4.261	0.5
16.54	-8.891	10.016	-17.3
16.55	-8.871	14.203	-15.9
16.56	-8.853	16.136	6.3
16.57	-8.835	15.566	26.4
16.58	-8.818	12.970	28.4
16.59	-8.801	9.192	33.4
16.6	-8.785	4.920	45.8
16.61	-8.769	0.741	53.3
16.62	-8.754	-3.017	65.4
16.63	-8.738	-6.194	77.8
16.64	-8.723	-8.597	86.0
16.65	-8.707	-10.264	93.2
16.66	-8.693	-11.278	94.7
16.67	-8.680	-11.567	90.5
16.68	-8.670	-11.314	67.7
16.69	-8.662	-10.813	29.5
16.7	-8.653	-10.238	7.2
16.71	-8.643	-9.728	-13.3
16.72	-8.634	-9.419	-37.3
16.73	-8.625	-9.591	-42.6
16.74	-8.616	-10.334	-50.5
16.75	-8.604	-11.273	-60.9
16.76	-8.592	-12.284	-56.8
16.77	-8.582	-13.408	-56.9
16.78	-8.572	-14.119	-56.4
16.79	-8.564	-13.995	-45.1
16.8	-8.556	-13.230	-37.6
16.81	-8.548	-12.141	-41.0
16.82	-8.541	-11.023	-51.3
16.83	-8.534	-9.977	-46.5
16.84	-8.527	-8.856	-40.3
16.85	-8.522	-7.989	-40.6
16.86	-8.516	-7.745	-32.7
16.87	-8.510	-7.898	-35.8
16.88	-8.503	-8.192	-44.2
16.89	-8.496	-8.606	-36.7
16.9	-8.489	-9.244	-31.6
16.91	-8.481	-9.997	-35.2
16.92	-8.474	-10.602	-39.4
16.93	-8.466	-11.197	-41.1
16.94	-8.458	-11.981	-41.6
16.95	-8.451	-12.763	-43.9
16.96	-8.445	-13.344	-49.3
16.97	-8.440	-13.727	-50.4
16.98	-8.434	-13.836	-44.9
16.99	-8.428	-13.664	-35.2
17.0	-8.424	-13.500	-32.2
17.01	-8.419	-13.405	-39.0
17.02	-8.414	-13.186	-48.0
17.03	-8.409	-13.006	-42.3
17.04	-8.403	-13.047	-35.1
17.05	-8.398	-13.013	-47.0
17.06	-8.393	-12.611	-51.3
17.07	-8.389	-12.069	-35.6
17.08	-8.385	-11.869	-26.3
17.09	-8.381	-12.017	-26.7
17.1	-8.377	-11.995	-37.8
17.11	-8.373	-11.791	-46.8
17.12	-8.368	-11.950	-35.5
17.13	-8.364	-12.352	-29.3
17.14	-8.360	-12.406	-45.6
17.15	-8.356	-12.120	-49.7
17.16	-8.353	-11.983	-25.3
17.17	-8.349	-12.225	-18.8
17.18	-8.346	-12.431	-35.1
17.19	-8.343	-12.172	-40.6
17.2	-8.341	-11.698	-36.5
17.21	-8.339	-11.500	-30.0
17.22	-8.336	-11.844	-25.1
17.23	-8.334	-12.469	-18.6
17.24	-8.332	-12.784	-20.7
17.25	-8.331	-12.695	-44.3
17.26	-8.329	-12.520	-55.4
17.27	-8.327	-12.364	-29.5
17.28	-8.326	-12.395	-5.6
17.29	-8.323	-12.847	-15.4
17.3	-8.321	-13.120	-46.2
17.31	-8.319	-12.456	-46.5
17.32	-8.318	-11.469	-14.1
17.33	-8.317	-11.417	-11.0
17.34	-8.316	-12.214	-28.5
17.35	-8.314	-12.591	-23.1
17.36	-8.314	-12.277	-21.5
17.37	-8.313	-12.147	-32.3
17.38	-8.311	-12.536	-33.4
17.39	-8.311	-12.978	-25.8
17.4	-8.309	-13.016	-21.8
17.41	-8.308	-12.781	-29.6
17.42	-8.308	-12.631	-28.7
17.43	-8.307	-12.541	-18.1
17.44	-8.307	-12.384	-12.1
17.45	-8.306	-12.261	-6.8
17.46	-8.304	-12.347	-14.3
17.47	-8.303	-12.564	-29.0
17.48	-8.301	-12.630	-24.8
17.49	-8.301	-12.508	-7.8
17.5	-8.301	-12.389	3.5
17.51	-8.301	-12.456	14.8
17.52	-8.303	-12.592	32.6
17.53	-8.303	-12.480	31.9
17.54	-8.304	-12.239	-1.7
17.55	-8.304	-12.153	-26.6
17.56	-8.304	-12.269	-26.7
17.57	-8.304	-12.528	-29.0
17.58	-8.304	-12.638	-41.7
17.59	-8.304	-12.483	-40.6
17.6	-8.303	-12.425	-25.3
17.61	-8.303	-12.525	-24.3
17.62	-8.301	-12.384	-38.2
17.63	-8.300	-12.122	-41.8
17.64	-8.300	-12.194	-31.8
17.65	-8.302	-12.298	-25.8
17.66	-8.306	-12.075	-30.1
17.67	-8.310	-11.844	-34.3
17.68	-8.311	-11.767	16.8
17.69	-8.309	-11.766	186.4
17.7	-8.306	-12.075	329.4
17.71	-8.301	-12.616	272.6
17.72	-8.299	-12.767	97.8
17.73	-8.298	-12.453	-20.9
17.74	-8.300	-12.259	-46.1
17.75	-8.303	-12.353	-43.3
17.76	-8.305	-12.369	-45.5
17.77	-8.304	-12.405	-40.1
17.78	-8.302	-12.742	-32.8
17.79	-8.299	-13.044	-34.3
17.8	-8.296	-13.034	-37.7
17.81	-8.291	-12.850	-47.3
17.82	-8.286	-12.630	-39.8
17.83	-8.280	-12.261	-26.7
17.84	-8.274	-11.322	-30.5
17.85	-8.268	-9.230	-29.6
17.86	-8.262	-5.261	-24.1
17.87	-8.258	0.728	-9.6
17.88	-8.252	7.570	-11.4
17.89	-8.249	13.522	-31.4
17.9	-8.248	17.347	-35.8
17.91	-8.247	18.633	-25.0
17.92	-8.247	17.450	-6.3
17.93	-8.248	14.281	-1.1
17.94	-8.250	9.869	-3.6
17.95	-8.251	4.947	11.6
17.96	-8.252	0.422	19.4
17.97	-8.254	-3.148	12.1
17.98	-8.255	-6.022	25.1
17.99	-8.256	-8.308	49.8
18.0	-8.256	-9.572	61.0
18.01	-8.257	-9.761	68.8
18.02	-8.257	-9.466	68.8
18.03	-8.257	-9.148	66.5
18.04	-8.258	-8.642	65.2
18.05	-8.261	-7.800	45.4
18.06	-8.265	-6.931	13.7
18.07	-8.270	-6.519	-14.9
18.08	-8.275	-6.702	-25.6
18.09	-8.281	-7.270	-25.0
18.1	-8.289	-8.328	-42.1
18.11	-8.296	-10.031	-43.9
18.12	-8.300	-11.983	-31.5
18.13	-8.303	-13.455	-32.5
18.14	-8.306	-14.088	-23.2
18.15	-8.310	-14.056	-26.7
18.16	-8.316	-13.552	-49.8
18.17	-8.324	-12.684	-51.4
18.18	-8.332	-11.769	-30.0
18.19	-8.341	-10.981	-24.8
18.2	-8.352	-10.173	-40.2
18.21	-8.366	-9.486	-34.5
18.22	-8.381	-9.105	-21.3
18.23	-8.398	-8.841	-36.0
18.24	-8.416	-8.781	-54.8
18.25	-8.434	-9.197	-46.5
18.26	-8.453	-9.941	-31.2
18.27	-8.471	-10.652	-28.3
18.28	-8.491	-11.203	-27.3
18.29	-8.509	-11.789	-22.9
18.3	-8.527	-12.492	-35.9
18.31	-8.546	-13.116	-43.8
18.32	-8.564	-13.542	-33.5
18.33	-8.582	-13.978	-40.5
18.34	-8.601	-14.591	-47.3
18.35	-8.621	-14.938	-31.8
18.36	-8.641	-14.403	-20.8
18.37	-8.661	-13.392	-23.8
18.38	-8.679	-12.923	-28.4
18.39	-8.699	-13.013	-31.6
18.4	-8.718	-13.084	-36.5
18.41	-8.738	-13.098	-36.9
18.42	-8.758	-13.222	-34.4
18.43	-8.778	-13.409	-36.9
18.44	-8.800	-13.563	-31.1
18.45	-8.822	-13.517	-24.2
18.46	-8.844	-13.188	-30.6
18.47	-8.866	-12.820	-32.8
18.48	-8.886	-12.556	-32.9
18.49	-8.907	-12.297	-35.0
18.5	-8.927	-12.167	-24.1
18.51	-8.946	-12.325	-19.4
18.52	-8.965	-12.567	-28.7
18.53	-8.984	-12.569	-28.2
18.54	-9.001	-12.413	-24.6
18.55	-9.018	-12.325	-28.2
18.56	-9.034	-12.156	-32.3
18.57	-9.051	-11.900	-36.5
18.58	-9.067	-11.886	-29.6
18.59	-9.083	-12.042	-14.8
18.6	-9.099	-11.969	-13.5
18.61	-9.115	-11.681	-17.9
18.62	-9.131	-11.703	-21.7
18.63	-9.147	-12.202	-29.2
18.64	-9.163	-12.550	-30.6
18.65	-9.180	-12.370	-21.3
18.66	-9.196	-12.208	-19.2
18.67	-9.211	-12.636	-25.1
18.68	-9.225	-13.061	-24.8
18.69	-9.239	-12.564	-11.6
18.7	-9.254	-11.756	-5.9
18.71	-9.268	-11.764	-22.6
18.72	-9.282	-12.445	-27.8
18.73	-9.296	-12.884	-9.3
18.74	-9.310	-12.589	-5.2
18.75	-9.324	-11.995	-24.6
18.76	-9.337	-11.819	-29.9
18.77	-9.350	-12.214	-27.6
18.78	-9.363	-12.791	-22.2
18.79	-9.376	-12.855	-4.3
18.8	-9.390	-12.178	-8.1
18.81	-9.403	-11.606	-17.3
18.82	-9.416	-11.863	-20.5
18.83	-9.429	-12.570	-16.7
18.84	-9.443	-12.873	-1.0
18.85	-9.456	-12.416	-7.1
18.86	-9.469	-11.792	-23.0
18.87	-9.482	-11.747	-27.1
18.88	-9.494	-12.088	-14.0
18.89	-9.506	-12.086	-2.4
18.9	-9.518	-11.625	-3.9
18.91	-9.529	-11.239	7.4
18.92	-9.541	-11.194	18.5
18.93	-9.553	-11.458	26.0
18.94	-9.564	-11.884	23.6
18.95	-9.574	-12.108	3.4
18.96	-9.584	-11.970	-5.5
18.97	-9.594	-11.634	-10.4
18.98	-9.604	-11.520	-30.9
18.99	-9.613	-11.852	-39.2
19.0	-9.623	-12.228	-28.8
19.01	-9.632	-12.156	-27.7
19.02	-9.641	-11.878	-38.3
19.03	-9.649	-11.838	-37.0
19.04	-9.658	-11.761	-23.3
19.05	-9.666	-11.467	-16.8
19.06	-9.675	-11.383	-21.3
19.07	-9.686	-11.663	-30.5
19.08	-9.700	-12.011	-34.0
19.09	-9.713	-12.184	-26.3
19.1	-9.723	-12.188	47.4
19.11	-9.730	-12.125	206.7
19.12	-9.736	-12.102	321.5
19.13	-9.741	-12.258	272.0
19.14	-9.746	-12.397	95.8
19.15	-9.750	-12.175	-34.3
19.16	-9.754	-11.934	-52.3
19.17	-9.758	-12.055	-45.7
19.18	-9.759	-12.214	-46.6
19.19	-9.756	-12.259	-34.8
19.2	-9.749	-12.403	-24.2
19.21	-9.742	-12.544	-36.5
19.22	-9.736	-12.550	-44.8
19.23	-9.732	-12.497	-27.7
19.24	-9.729	-12.488	-14.2
19.25	-9.726	-12.380	-16.2
19.26	-9.723	-11.634	-19.2
19.27	-9.722	-9.667	-22.5
19.28	-9.722	-6.119	-23.7
19.29	-9.724	-1.031	-15.4
19.3	-9.726	5.055	-10.5
19.31	-9.729	11.098	-14.9
19.32	-9.732	15.750	-17.6
19.33	-9.736	17.895	-6.7
19.34	-9.739	17.355	10.6
19.35	-9.744	14.852	22.9
19.36	-9.748	11.103	26.0
19.37	-9.754	6.661	23.9
19.38	-9.759	2.148	28.5
19.39	-9.764	-1.927	47.8
19.4	-9.768	-5.202	70.2
19.41	-9.771	-7.545	89.7
19.42	-9.775	-9.069	100.7
19.43	-9.777	-9.894	89.5
19.44	-9.781	-10.069	88.3
19.45	-9.787	-9.830	81.6
19.46	-9.796	-9.441	58.1
19.47	-9.806	-8.897	46.9
19.48	-9.815	-8.392	15.9
19.49	-9.823	-8.244	-28.1
19.5	-9.829	-8.286	-42.3
19.51	-9.834	-8.328	-43.2
19.52	-9.837	-8.784	-45.5
19.53	-9.839	-10.077	-44.5
19.54	-9.839	-11.825	-50.7
19.55	-9.841	-13.197	-47.0
19.56	-9.842	-13.922	-40.7
19.57	-9.843	-14.213	-48.3
19.58	-9.843	-13.952	-47.0
19.59	-9.843	-12.916	-43.4
19.6	-9.843	-11.331	-46.7
19.61	-9.843	-9.705	-46.6
19.62	-9.844	-8.494	-43.1
19.63	-9.844	-7.805	-33.7
19.64	-9.845	-7.397	-31.2
19.65	-9.843	-7.339	-41.9
19.66	-9.839	-7.794	-41.8
19.67	-9.831	-8.436	-34.7
19.68	-9.819	-9.036	-37.6
19.69	-9.805	-9.719	-48.7
19.7	-9.789	-10.452	-44.2
19.71	-9.773	-11.166	-35.6
19.72	-9.754	-11.942	-44.8
19.73	-9.736	-12.634	-49.0
19.74	-9.716	-13.064	-39.9
19.75	-9.697	-13.303	-34.6
19.76	-9.679	-13.422	-31.2
19.77	-9.660	-13.341	-35.0
19.78	-9.641	-13.044	-44.3
19.79	-9.623	-12.739	-49.4
19.8	-9.604	-12.563	-52.0
19.81	-9.585	-12.397	-47.2
19.82	-9.568	-12.153	-33.3
19.83	-9.551	-12.036	-19.9
19.84	-9.534	-12.125	-32.3
19.85	-9.517	-12.172	-48.3
19.86	-9.499	-12.134	-43.3
19.87	-9.481	-12.206	-40.7
19.88	-9.463	-12.414	-43.1
19.89	-9.444	-12.527	-43.7
19.9	-9.424	-12.408	-32.4
19.91	-9.404	-12.194	-21.6
19.92	-9.383	-11.944	-28.8
19.93	-9.361	-11.634	-34.6
19.94	-9.339	-11.322	-32.5
19.95	-9.317	-11.223	-30.7
19.96	-9.294	-11.472	-40.4
19.97	-9.273	-11.795	-47.3
19.98	-9.250	-11.938	-31.6
19.99	-9.228	-11.927	-19.4
20.0	-9.206	-11.792	-20.9
20.01	-9.184	-11.563	-29.0
20.02	-9.162	-11.391	-30.5
20.03	-9.141	-11.461	-21.7
20.04	-9.121	-11.866	-28.1
20.05	-9.101	-12.255	-32.4
20.06	-9.082	-12.278	-34.1
20.07	-9.063	-12.244	-35.2
20.08	-9.044	-12.400	-24.5
20.09	-9.025	-12.595	-20.0
20.1	-9.006	-12.745	-18.8
20.11	-8.988	-12.591	-24.6
20.12	-8.969	-12.214	-21.2
20.13	-8.951	-12.188	-16.9
20.14	-8.933	-12.439	-26.9
20.15	-8.914	-12.497	-21.6
20.16	-8.895	-12.383	-24.1
20.17	-8.877	-12.438	-40.3
20.18	-8.858	-12.581	-25.6
20.19	-8.840	-12.542	-5.1
20.2	-8.822	-12.406	-7.0
20.21	-8.804	-12.317	-9.0
20.22	-8.787	-12.361	-0.6
20.23	-8.772	-12.488	18.9
20.24	-8.756	-12.611	29.6
20.25	-8.741	-12.669	14.8
20.26	-8.726	-12.648	-1.6
20.27	-8.711	-12.617	-11.2
20.28	-8.696	-12.403	-30.3
20.29	-8.680	-12.033	-48.9
20.3	-8.666	-11.864	-36.8
20.31	-8.652	-11.942	-17.5
20.32	-8.639	-12.034	-20.8
20.33	-8.626	-12.066	-28.1
20.34	-8.612	-12.111	-32.7
20.35	-8.599	-12.189	-35.7
20.36	-8.586	-12.247	-33.7
20.37	-8.574	-12.209	-40.9
20.38	-8.563	-12.091	-48.6
20.39	-8.556	-12.006	-24.5
20.4	-8.550	-11.995	-5.3
20.41	-8.541	-12.048	1.3
20.42	-8.529	-12.159	90.3
20.43	-8.514	-12.302	246.8
20.44	-8.500	-13.103	307.5
20.45	-8.487	-13.641	182.7
20.46	-8.474	-12.281	8.8
20.47	-8.463	-11.420	-52.7
20.48	-8.454	-12.117	-43.9
20.49	-8.446	-12.430	-28.7
20.5	-8.437	-12.653	-23.0
20.51	-8.426	-12.909	-39.5
20.52	-8.413	-12.880	-43.6
20.53	-8.399	-13.005	-33.2
20.54	-8.386	-13.058	-32.5
20.55	-8.372	-12.933	-27.7
20.56	-8.359	-12.713	-17.4
20.57	-8.346	-12.297	-22.4
20.58	-8.333	-11.573	-26.0
20.59	-8.321	-9.822	-26.9
20.6	-8.310	-6.206	-29.8
20.61	-8.301	-0.627	-18.5
20.62	-8.293	5.920	-9.0
20.63	-8.285	11.723	-18.3
20.64	-8.279	15.578	-23.0
20.65	-8.273	17.077	-4.2
20.66	-8.269	16.127	13.5
20.67	-8.266	13.006	10.7
20.68	-8.264	8.566	10.4
20.69	-8.264	3.816	15.3
20.7	-8.263	-0.700	21.0
20.71	-8.262	-4.683	37.6
20.72	-8.262	-7.577	58.2
20.73	-8.261	-9.233	69.4
20.74	-8.261	-10.225	77.8
20.75	-8.261	-10.905	85.0
20.76	-8.260	-11.164	79.6
20.77	-8.260	-10.789	72.5
20.78	-8.262	-9.902	46.0
20.79	-8.267	-8.969	3.9
20.8	-8.270	-8.373	-13.3
20.81	-8.273	-8.245	-21.7
20.82	-8.277	-8.608	-32.3
20.83	-8.281	-9.409	-35.6
20.84	-8.284	-10.495	-37.2
20.85	-8.286	-11.798	-41.8
20.86	-8.287	-13.106	-44.5
20.87	-8.288	-14.053	-40.8
20.88	-8.290	-14.370	-41.9
20.89	-8.291	-13.991	-55.5
20.9	-8.294	-13.292	-52.4
20.91	-8.296	-12.422	-41.5
20.92	-8.297	-11.034	-35.1
20.93	-8.299	-9.509	-26.3
20.94	-8.301	-8.680	-34.9
20.95	-8.304	-8.486	-42.4
20.96	-8.307	-8.458	-33.7
20.97	-8.309	-8.458	-32.4
20.98	-8.310	-8.591	-41.3
20.99	-8.310	-9.030	-40.6
21.0	-8.310	-9.752	-31.6
21.01	-8.310	-10.519	-31.6
21.02	-8.310	-11.033	-35.1
21.03	-8.310	-11.269	-36.0
21.04	-8.309	-11.642	-31.9
21.05	-8.309	-12.288	-34.0
21.06	-8.310	-12.827	-34.6
21.07	-8.311	-13.086	-26.3
21.08	-8.313	-13.267	-46.6
21.09	-8.314	-13.436	-60.5
21.1	-8.316	-13.572	-37.5
21.11	-8.316	-13.652	-26.0
21.12	-8.317	-13.492	-27.3
21.13	-8.318	-13.061	-31.7
21.14	-8.318	-12.656	-38.5
21.15	-8.319	-12.542	-35.9
21.16	-8.321	-12.513	-27.1
21.17	-8.321	-12.302	-35.3
21.18	-8.322	-12.136	-53.6
21.19	-8.324	-12.281	-48.0
21.2	-8.324	-12.519	-27.9
21.21	-8.325	-12.444	-19.0
21.22	-8.326	-12.228	-24.8
21.23	-8.328	-12.261	-27.8
21.24	-8.328	-12.336	-33.2
21.25	-8.329	-12.245	-36.6
21.26	-8.330	-12.231	-28.6
21.27	-8.331	-12.380	-35.8
21.28	-8.331	-12.463	-35.3
21.29	-8.332	-12.328	-25.4
21.3	-8.332	-12.163	-26.2
21.31	-8.334	-12.258	-28.7
21.32	-8.335	-12.488	-30.1
21.33	-8.336	-12.545	-27.3
21.34	-8.336	-12.466	-23.1
21.35	-8.336	-12.461	-21.4
21.36	-8.337	-12.564	-20.9
21.37	-8.338	-12.678	-25.5
21.38	-8.339	-12.756	-20.2
21.39	-8.340	-12.817	-21.8
21.4	-8.341	-12.967	-28.8
21.41	-8.343	-13.178	-21.5
21.42	-8.346	-13.231	-26.7
21.43	-8.349	-13.020	-29.3
21.44	-8.352	-12.697	-12.9
21.45	-8.355	-12.523	-11.0
21.46	-8.358	-12.564	-23.2
21.47	-8.361	-12.598	-24.3
21.48	-8.364	-12.569	-18.5
21.49	-8.366	-12.691	-19.8
21.5	-8.368	-13.011	-20.3
21.51	-8.370	-13.267	-18.8
21.52	-8.371	-13.303	-22.5
21.53	-8.373	-13.341	-22.1
21.54	-8.375	-13.441	-14.3
21.55	-8.377	-13.356	-11.2
21.56	-8.379	-13.244	-20.5
21.57	-8.381	-13.370	-20.3
21.58	-8.383	-13.344	-7.5
21.59	-8.384	-12.850	-20.7
21.6	-8.386	-12.369	-28.1
21.61	-8.387	-12.309	-4.6
21.62	-8.389	-12.542	2.7
21.63	-8.390	-12.748	-5.8
21.64	-8.392	-12.748	5.0
21.65	-8.393	-12.619	11.8
21.66	-8.396	-12.431	10.2
21.67	-8.399	-12.219	24.8
21.68	-8.402	-12.105	30.1
21.69	-8.406	-12.186	11.9
21.7	-8.409	-12.456	-12.4
21.71	-8.412	-12.681	-34.4
21.72	-8.416	-12.705	-33.6
21.73	-8.421	-12.777	-27.4
21.74	-8.425	-12.931	-26.3
21.75	-8.431	-12.955	-25.8
21.76	-8.436	-12.802	-31.6
21.77	-8.441	-12.547	-34.6
21.78	-8.446	-12.273	-32.5
21.79	-8.453	-12.120	-32.8
21.8	-8.461	-12.270	-33.2
21.81	-8.475	-12.509	-28.1
21.82	-8.491	-12.547	-22.7
21.83	-8.506	-12.583	0.4
21.84	-8.517	-12.791	118.8
21.85	-8.525	-13.066	275.2
21.86	-8.531	-13.295	304.9
21.87	-8.537	-13.414	174.0
21.88	-8.546	-13.422	5.9
21.89	-8.561	-13.319	-52.0
21.9	-8.579	-13.186	-35.3
21.91	-8.598	-13.172	-33.5
21.92	-8.614	-13.219	-31.9
21.93	-8.629	-13.155	-27.4
21.94	-8.642	-13.122	-39.6
21.95	-8.655	-13.277	-50.0
21.96	-8.668	-13.488	-46.2
21.97	-8.679	-13.595	-27.2
21.98	-8.690	-13.292	-13.9
21.99	-8.700	-12.216	-30.7
22.0	-8.712	-10.069	-32.0
22.01	-8.724	-6.309	-21.5
22.02	-8.738	-0.672	-24.5
22.03	-8.754	6.117	-17.7
22.04	-8.771	12.552	-10.8
22.05	-8.789	17.139	-20.1
22.06	-8.808	19.217	-14.2
22.07	-8.826	18.833	-5.4
22.08	-8.847	16.369	-12.1
22.09	-8.868	12.464	-11.7
22.1	-8.891	7.786	-1.2
22.11	-8.912	2.998	11.2
22.12	-8.934	-1.305	22.7
22.13	-8.954	-4.659	35.3
22.14	-8.973	-6.897	42.5
22.15	-8.991	-8.303	51.0
22.16	-9.009	-9.250	65.7
22.17	-9.027	-9.795	68.4
22.18	-9.045	-9.805	72.8
22.19	-9.064	-9.303	66.3
22.2	-9.082	-8.459	34.1
22.21	-9.103	-7.425	12.2
22.22	-9.123	-6.594	8.6
22.23	-9.144	-6.367	-7.3
22.24	-9.164	-6.698	-30.1
22.25	-9.183	-7.552	-31.4
22.26	-9.201	-9.055	-30.4
22.27	-9.217	-11.017	-49.3
22.28	-9.231	-12.580	-45.0
22.29	-9.246	-13.056	-26.1
22.3	-9.262	-13.213	-31.1
22.31	-9.278	-13.792	-41.0
22.32	-9.295	-14.039	-43.1
22.33	-9.312	-12.978	-35.3
22.34	-9.329	-11.028	-33.3
22.35	-9.348	-9.514	-46.3
22.36	-9.365	-9.039	-42.1
22.37	-9.384	-9.272	-33.2
22.38	-9.401	-9.355	-32.3
22.39	-9.418	-8.811	-47.5
22.4	-9.434	-8.255	-67.4
22.41	-9.449	-8.320	-41.5
22.42	-9.463	-8.877	-13.1
22.43	-9.477	-9.688	-27.1
22.44	-9.491	-10.775	-39.6
22.45	-9.503	-11.756	-36.9
22.46	-9.515	-12.088	-41.5
22.47	-9.527	-11.969	-54.6
22.48	-9.538	-12.013	-51.0
22.49	-9.550	-12.453	-27.4
22.5	-9.563	-13.081	-19.0
22.51	-9.576	-13.502	-37.1
22.52	-9.589	-13.416	-44.4
22.53	-9.601	-12.997	-52.5
22.54	-9.613	-12.645	-47.5
22.55	-9.623	-12.389	-17.7
22.56	-9.634	-12.144	-22.7
22.57	-9.645	-12.056	-47.2
22.58	-9.656	-12.092	-47.2
22.59	-9.668	-12.038	-41.3
22.6	-9.681	-11.989	-34.2
22.61	-9.694	-12.038	-29.0
22.62	-9.706	-12.020	-35.8
22.63	-9.719	-11.923	-39.1
22.64	-9.731	-11.975	-31.6
22.65	-9.743	-12.202	-37.9
22.66	-9.755	-12.309	-46.4
22.67	-9.766	-12.150	-29.8
22.68	-9.777	-11.891	-18.5
22.69	-9.787	-11.691	-25.2
22.7	-9.798	-11.573	-32.1
22.71	-9.809	-11.516	-40.3
22.72	-9.820	-11.606	-34.9
22.73	-9.831	-11.756	-30.9
22.74	-9.844	-11.688	-33.3
22.75	-9.856	-11.555	-28.4
22.76	-9.867	-11.700	-23.8
22.77	-9.877	-12.013	-24.3
22.78	-9.888	-12.283	-26.8
22.79	-9.899	-12.433	-26.4
22.8	-9.909	-12.486	-31.6
22.81	-9.919	-12.536	-43.2
22.82	-9.929	-12.417	-26.3
22.83	-9.939	-12.214	-18.6
22.84	-9.948	-12.297	-30.5
22.85	-9.957	-12.580	-22.9
22.86	-9.966	-12.783	-16.7
22.87	-9.974	-12.728	-20.8
22.88	-9.982	-12.477	-28.6
22.89	-9.991	-12.297	-32.7
22.9	-10.000	-12.184	-29.3
22.91	-10.010	-12.106	-24.8
22.92	-10.019	-12.273	-19.2
22.93	-10.028	-12.655	-11.9
22.94	-10.036	-12.978	-13.5
22.95	-10.044	-13.038	-17.4
22.96	-10.052	-12.753	-6.0
22.97	-10.061	-12.319	2.6
22.98	-10.071	-12.042	9.3
22.99	-10.081	-12.011	16.6
23.0	-10.089	-12.158	12.3
23.01	-10.097	-12.395	4.7
23.02	-10.102	-12.555	-6.0
23.03	-10.107	-12.563	-35.2
23.04	-10.112	-12.570	-45.9
23.05	-10.118	-12.511	-34.9
23.06	-10.124	-12.238	-27.7
23.07	-10.131	-11.923	-26.8
23.08	-10.138	-11.830	-40.0
23.09	-10.144	-12.034	-41.8
23.1	-10.149	-12.259	-22.1
23.11	-10.154	-12.214	-25.2
23.12	-10.158	-12.017	-39.8
23.13	-10.165	-11.880	-37.0
23.14	-10.173	-11.777	-31.9
23.15	-10.181	-11.692	-25.4
23.16	-10.184	-11.739	29.4
23.17	-10.185	-11.945	170.7
23.18	-10.183	-12.269	296.7
23.19	-10.179	-12.652	254.0
23.2	-10.174	-12.923	87.5
23.21	-10.169	-12.906	-47.3
23.22	-10.162	-12.566	-75.6
23.23	-10.155	-12.122	-44.3
23.24	-10.146	-11.923	-29.4
23.25	-10.131	-12.056	-31.9
23.26	-10.107	-12.338	-33.8
23.27	-10.076	-12.553	-35.6
23.28	-10.044	-12.683	-26.4
23.29	-10.018	-12.794	-15.2
23.3	-9.994	-12.850	-16.3
23.31	-9.974	-12.828	-29.3
23.32	-9.953	-12.728	-32.1
23.33	-9.931	-12.138	-20.5
23.34	-9.910	-10.342	-16.0
23.35	-9.889	-6.936	-8.1
23.36	-9.869	-1.884	3.7
23.37	-9.849	4.170	4.1
23.38	-9.828	9.856	-2.4
23.39	-9.806	13.897	-6.8
23.4	-9.784	15.805	5.5
23.41	-9.763	15.688	15.4
23.42	-9.740	13.609	21.2
23.43	-9.718	9.866	31.4
23.44	-9.697	5.409	48.6
23.45	-9.675	1.134	75.0
23.46	-9.652	-2.633	87.9
23.47	-9.628	-5.703	83.2
23.48	-9.603	-7.950	87.0
23.49	-9.578	-9.605	97.7
23.5	-9.554	-10.872	107.9
23.51	-9.534	-11.558	95.7
23.52	-9.518	-11.594	55.4
23.53	-9.501	-11.325	19.1
23.54	-9.482	-10.995	3.8
23.55	-9.461	-10.503	-16.0
23.56	-9.443	-9.973	-45.3
23.57	-9.426	-10.013	-54.2
23.58	-9.406	-10.980	-50.6
23.59	-9.386	-12.386	-47.4
23.6	-9.365	-13.519	-47.4
23.61	-9.345	-14.255	-62.5
23.62	-9.326	-14.580	-64.2
23.63	-9.307	-14.297	-51.2
23.64	-9.287	-13.367	-45.8
23.65	-9.268	-12.097	-43.8
23.66	-9.249	-10.898	-45.6
23.67	-9.229	-9.841	-50.2
23.68	-9.209	-8.777	-44.8
23.69	-9.190	-7.817	-38.6
23.7	-9.170	-7.344	-32.5
23.71	-9.151	-7.558	-34.5
23.72	-9.131	-8.070	-32.5
23.73	-9.111	-8.441	-29.9
23.74	-9.089	-9.003	-48.3
23.75	-9.067	-10.144	-60.9
23.76	-9.044	-11.452	-51.2
23.77	-9.023	-12.359	-40.8
23.78	-9.002	-12.780	-48.2
23.79	-8.981	-13.048	-54.0
23.8	-8.961	-13.386	-33.8
23.81	-8.941	-13.675	-22.0
23.82	-8.921	-13.780	-40.6
23.83	-8.901	-13.769	-58.0
23.84	-8.883	-13.752	-52.9
23.85	-8.864	-13.580	-45.8
23.86	-8.844	-13.234	-44.3
23.87	-8.825	-13.009	-45.4
23.88	-8.806	-13.094	-45.6
23.89	-8.788	-13.252	-41.0
23.9	-8.771	-13.178	-33.5
23.91	-8.755	-13.028	-39.7
23.92	-8.740	-12.983	-49.4
23.93	-8.726	-13.006	-45.7
23.94	-8.711	-13.017	-36.7
23.95	-8.698	-12.831	-27.9
23.96	-8.686	-12.381	-26.4
23.97	-8.673	-11.967	-32.6
23.98	-8.661	-11.853	-33.3
23.99	-8.649	-11.880	-34.3
24.0	-8.638	-11.873	-27.7
24.01	-8.626	-11.936	-18.1
24.02	-8.616	-12.056	-28.2
24.03	-8.606	-11.948	-42.2
24.04	-8.596	-11.686	-31.1
24.05	-8.585	-11.716	-19.3
24.06	-8.575	-12.081	-27.8
24.07	-8.564	-12.486	-36.1
24.08	-8.556	-12.852	-31.6
24.09	-8.546	-13.098	-30.0
24.1	-8.536	-12.959	-32.8
24.11	-8.527	-12.531	-35.1
24.12	-8.519	-12.434	-35.2
24.13	-8.511	-13.236	-30.8
24.14	-8.504	-13.841	-28.7
24.15	-8.498	-12.714	-28.9
24.16	-8.491	-11.447	-24.6
24.17	-8.485	-11.919	-16.7
24.18	-8.479	-12.947	-10.8
24.19	-8.473	-13.102	-16.0
24.2	-8.466	-12.822	-24.8
24.21	-8.459	-12.908	-35.2
24.22	-8.453	-13.138	-33.3
24.23	-8.446	-12.945	-15.6
24.24	-8.440	-12.531	-2.4
24.25	-8.434	-12.480	-3.6
24.26	-8.428	-12.705	-5.7
24.27	-8.423	-12.748	0.8
24.28	-8.418	-12.492	7.7
24.29	-8.412	-12.192	12.3
24.3	-8.406	-12.164	18.6
24.31	-8.401	-12.470	11.8
24.32	-8.394	-12.873	-8.9
24.33	-8.390	-12.950	-37.3
24.34	-8.386	-12.698	-48.4
24.35	-8.382	-12.530	-30.8
24.36	-8.377	-12.378	-21.8
24.37	-8.374	-12.050	-32.4
24.38	-8.371	-11.930	-32.9
24.39	-8.368	-12.286	-28.7
24.4	-8.366	-12.672	-31.7
24.41	-8.364	-12.495	-34.9
24.42	-8.363	-11.853	-42.3
24.43	-8.364	-11.559	-37.7
24.44	-8.366	-11.855	-18.8
24.45	-8.366	-11.991	-10.7
24.46	-8.361	-11.814	85.3
24.47	-8.355	-12.097	258.8
24.48	-8.348	-12.870	319.1
24.49	-8.339	-13.173	210.1
24.5	-8.333	-12.716	29.2
24.51	-8.329	-12.170	-64.3
24.52	-8.327	-11.970	-53.4
24.53	-8.326	-12.134	-37.0
24.54	-8.325	-12.573	-33.7
24.55	-8.321	-12.948	-42.9
24.56	-8.316	-13.030	-45.3
24.57	-8.311	-12.825	-35.2
24.58	-8.306	-12.411	-24.4
24.59	-8.299	-12.242	-21.4
24.6	-8.293	-12.630	-33.2
24.61	-8.285	-13.002	-44.5
24.62	-8.276	-12.152	-35.0
24.63	-8.268	-9.034	-23.1
24.64	-8.261	-3.755	-26.2
24.65	-8.254	2.700	-22.4
24.66	-8.248	9.128	-15.0
24.67	-8.242	14.302	-15.3
24.68	-8.238	17.530	-14.5
24.69	-8.233	18.641	-20.3
24.7	-8.230	17.564	-13.3
24.71	-8.228	14.494	4.9
24.72	-8.227	10.073	8.8
24.73	-8.227	5.059	14.6
24.74	-8.226	0.289	27.5
24.75	-8.226	-3.364	22.7
24.76	-8.225	-5.745	21.9
24.77	-8.225	-7.386	40.4
24.78	-8.224	-8.653	63.3
24.79	-8.223	-9.491	70.8
24.8	-8.221	-9.858	67.8
24.81	-8.219	-9.930	63.3
24.82	-8.219	-9.523	41.6
24.83	-8.220	-8.430	15.3
24.84	-8.222	-7.419	-0.7
24.85	-8.224	-7.273	-20.1
24.86	-8.227	-7.691	-29.7
24.87	-8.229	-8.348	-29.9
24.88	-8.232	-9.542	-39.3
24.89	-8.234	-11.200	-51.5
24.9	-8.235	-12.703	-48.7
24.91	-8.236	-13.688	-44.1
24.92	-8.236	-14.138	-46.4
24.93	-8.238	-14.028	-38.1
24.94	-8.240	-13.430	-32.4
24.95	-8.242	-12.658	-39.1
24.96	-8.245	-11.764	-41.1
24.97	-8.248	-10.539	-48.2
24.98	-8.253	-9.389	-50.6
24.99	-8.258	-8.897	-46.3
25.0	-8.264	-8.967	-45.1
25.01	-8.270	-9.242	-33.5
25.02	-8.275	-9.533	-18.8
25.03	-8.279	-9.759	-36.3
25.04	-8.282	-9.995	-50.4
25.05	-8.284	-10.425	-37.7
25.06	-8.286	-10.997	-34.8
25.07	-8.288	-11.528	-42.0
25.08	-8.289	-12.128	-40.0
25.09	-8.291	-12.913	-32.5
25.1	-8.291	-13.513	-32.8
25.11	-8.293	-13.475	-43.2
25.12	-8.294	-13.230	-43.7
25.13	-8.295	-13.436	-30.3
25.14	-8.297	-13.820	-25.7
25.15	-8.299	-13.859	-38.3
25.16	-8.302	-13.709	-43.5
25.17	-8.304	-13.759	-37.4
25.18	-8.306	-13.834	-35.0
25.19	-8.308	-13.584	-31.8
25.2	-8.309	-13.080	-32.1
25.21	-8.312	-12.684	-45.0
25.22	-8.314	-12.677	-38.9
25.23	-8.318	-12.925	-24.6
25.24	-8.320	-13.064	-26.1
25.25	-8.322	-12.961	-24.9
25.26	-8.325	-12.934	-31.5
25.27	-8.326	-13.131	-43.3
25.28	-8.328	-13.183	-36.1
25.29	-8.329	-12.881	-33.3
25.3	-8.331	-12.544	-28.6
25.31	-8.332	-12.541	-18.1
25.32	-8.334	-12.691	-29.0
25.33	-8.336	-12.714	-41.2
25.34	-8.338	-12.766	-27.3
25.35	-8.341	-12.994	-22.3
25.36	-8.344	-13.255	-27.5
25.37	-8.348	-13.402	-24.8
25.38	-8.353	-13.392	-34.0
25.39	-8.357	-13.202	-34.3
25.4	-8.362	-12.945	-15.3
25.41	-8.367	-12.844	-20.3
25.42	-8.373	-12.870	-33.5
25.43	-8.379	-12.819	-29.0
25.44	-8.386	-12.764	-20.1
25.45	-8.393	-12.845	-25.6
25.46	-8.401	-13.022	-34.7
25.47	-8.409	-13.194	-20.1
25.48	-8.419	-13.250	-8.1
25.49	-8.429	-13.186	-16.6
25.5	-8.439	-13.070	-27.9
25.51	-8.451	-12.859	-38.9
25.52	-8.463	-12.344	-29.5
25.53	-8.475	-11.784	-14.8
25.54	-8.488	-11.747	-16.8
25.55	-8.501	-12.178	-29.5
25.56	-8.513	-12.488	-20.0
25.57	-8.527	-12.361	1.7
25.58	-8.540	-11.986	-17.1
25.59	-8.554	-11.800	-40.3
25.6	-8.569	-12.253	-28.3
25.61	-8.586	-12.952	-11.4
25.62	-8.602	-13.184	-10.3
25.63	-8.618	-12.978	-22.9
25.64	-8.634	-12.664	-24.5
25.65	-8.650	-12.561	-12.6
25.66	-8.666	-12.694	-5.6
25.67	-8.683	-12.784	-10.5
25.68	-8.699	-12.792	-10.1
25.69	-8.716	-12.688	3.0
25.7	-8.732	-12.550	17.3
25.71	-8.749	-12.622	28.1
25.72	-8.768	-12.753	21.9
25.73	-8.784	-12.694	6.9
25.74	-8.801	-12.480	-10.8
25.75	-8.819	-12.231	-28.6
25.76	-8.837	-12.059	-22.4
25.77	-8.856	-12.197	-21.6
25.78	-8.874	-12.622	-31.2
25.79	-8.893	-12.798	-26.2
25.8	-8.912	-12.597	-25.0
25.81	-8.931	-12.417	-35.6
25.82	-8.949	-12.320	-36.2
25.83	-8.966	-12.088	-27.9
25.84	-8.983	-11.745	-26.2
25.85	-9.002	-11.681	-28.2
25.86	-9.022	-12.098	-30.3
25.87	-9.041	-12.444	-21.0
25.88	-9.059	-12.175	92.1
25.89	-9.076	-11.761	277.7
25.9	-9.092	-11.898	345.3
25.91	-9.108	-12.378	226.0
25.92	-9.124	-12.605	41.1
25.93	-9.143	-12.434	-54.8
25.94	-9.161	-12.323	-54.4
25.95	-9.177	-12.803	-39.3
25.96	-9.190	-13.538	-28.6
25.97	-9.201	-13.564	-28.7
25.98	-9.209	-12.763	-44.8
25.99	-9.218	-12.094	-57.9
26.0	-9.227	-12.167	-46.9
26.01	-9.235	-12.705	-15.6
26.02	-9.242	-12.920	-4.4
26.03	-9.250	-12.298	-29.2
26.04	-9.259	-10.697	-44.4
26.05	-9.269	-7.428	-28.2
26.06	-9.280	-1.984	-14.3
26.07	-9.291	4.942	-12.9
26.08	-9.304	11.900	-16.1
26.09	-9.316	17.286	-33.3
26.1	-9.330	20.041	-23.7
26.11	-9.344	20.066	2.1
26.12	-9.358	17.877	-0.2
26.13	-9.373	14.219	4.1
26.14	-9.387	9.803	15.4
26.15	-9.400	5.145	19.2
26.16	-9.412	0.709	27.9
26.17	-9.425	-3.092	31.6
26.18	-9.438	-5.986	46.8
26.19	-9.451	-8.019	66.1
26.2	-9.463	-9.464	81.6
26.21	-9.474	-10.308	93.6
26.22	-9.486	-10.516	88.3
26.23	-9.499	-10.184	71.3
26.24	-9.514	-9.364	44.7
26.25	-9.528	-8.303	15.8
26.26	-9.543	-7.386	-7.0
26.27	-9.558	-6.814	-18.3
26.28	-9.572	-6.631	-20.8
26.29	-9.585	-7.175	-31.9
26.3	-9.596	-8.673	-33.9
26.31	-9.606	-10.647	-35.8
26.32	-9.614	-12.459	-48.9
26.33	-9.622	-13.789	-48.9
26.34	-9.629	-14.472	-46.5
26.35	-9.638	-14.341	-44.9
26.36	-9.646	-13.570	-29.0
26.37	-9.655	-12.564	-25.5
26.38	-9.664	-11.413	-39.8
26.39	-9.673	-10.266	-46.4
26.4	-9.683	-9.481	-35.9
26.41	-9.694	-9.037	-34.7
26.42	-9.706	-8.606	-45.9
26.43	-9.716	-8.234	-48.3
26.44	-9.725	-8.295	-48.1
26.45	-9.732	-8.808	-40.6
26.46	-9.738	-9.488	-26.5
26.47	-9.744	-10.094	-23.8
26.48	-9.751	-10.664	-30.5
26.49	-9.756	-11.372	-47.3
26.5	-9.763	-12.064	-45.1
26.51	-9.769	-12.645	-38.0
26.52	-9.776	-13.206	-44.2
26.53	-9.784	-13.667	-46.4
26.54	-9.793	-13.852	-45.9
26.55	-9.801	-13.558	-30.5
26.56	-9.811	-13.023	-19.6
26.57	-9.819	-12.863	-37.8
26.58	-9.828	-13.077	-47.3
26.59	-9.836	-13.067	-44.9
26.6	-9.845	-12.639	-40.6
26.61	-9.854	-12.142	-35.8
26.62	-9.863	-12.034	-33.1
26.63	-9.871	-12.473	-30.9
26.64	-9.881	-12.938	-31.2
26.65	-9.890	-12.856	-36.3
26.66	-9.901	-12.417	-45.8
26.67	-9.912	-11.988	-45.3
26.68	-9.924	-11.639	-30.6
26.69	-9.934	-11.616	-24.0
26.7	-9.943	-12.005	-35.1
26.71	-9.953	-12.267	-34.0
26.72	-9.961	-12.119	-22.8
26.73	-9.970	-11.834	-26.0
26.74	-9.978	-11.489	-32.9
26.75	-9.986	-11.113	-39.3
26.76	-9.992	-11.073	-36.9
26.77	-9.998	-11.386	-24.4
26.78	-10.003	-11.491	-14.2
26.79	-10.009	-11.278	-22.3
26.8	-10.016	-11.247	-30.6
26.81	-10.023	-11.613	-28.3
26.82	-10.029	-12.070	-36.7
26.83	-10.033	-12.400	-48.6
26.84	-10.036	-12.666	-28.9
26.85	-10.038	-12.688	-8.3
26.86	-10.041	-12.456	-16.7
26.87	-10.046	-12.427	-26.7
26.88	-10.049	-12.534	-27.9
26.89	-10.053	-12.403	-20.8
26.9	-10.056	-12.169	-16.9
26.91	-10.059	-12.106	-22.4
26.92	-10.061	-12.223	-28.2
26.93	-10.064	-12.427	-30.0
26.94	-10.068	-12.525	-30.1
26.95	-10.072	-12.388	-26.5
26.96	-10.074	-12.322	-9.2
26.97	-10.074	-12.545	-12.8
26.98	-10.074	-12.747	-21.3
26.99	-10.072	-12.792	-11.0
27.0	-10.069	-12.903	-6.3
27.01	-10.067	-13.058	-0.3
27.02	-10.065	-12.961	14.0
27.03	-10.062	-12.597	22.3
27.04	-10.057	-12.336	19.8
27.05	-10.050	-12.317	1.6
27.06	-10.042	-12.309	-22.9
27.07	-10.034	-12.328	-32.7
27.08	-10.024	-12.492	-29.8
27.09	-10.014	-12.644	-35.1
27.1	-10.000	-12.708	-38.0
27.11	-9.984	-12.653	-32.3
27.12	-9.965	-12.328	-32.6
27.13	-9.943	-11.884	-34.5
27.14	-9.918	-11.778	-39.2
27.15	-9.894	-11.945	-38.4
27.16	-9.874	-11.867	-21.8
27.17	-9.859	-11.684	-20.5
27.18	-9.844	-11.800	-31.3
27.19	-9.824	-11.997	-13.0
27.2	-9.799	-11.967	97.8
27.21	-9.768	-11.847	256.0
27.22	-9.734	-11.913	287.3
27.23	-9.700	-12.138	131.2
27.24	-9.665	-12.217	-31.9
27.25	-9.630	-12.028	-70.3
27.26	-9.594	-11.809	-50.7
27.27	-9.560	-11.714	-34.8
27.28	-9.525	-11.592	-32.3
27.29	-9.487	-11.372	-41.5
27.3	-9.445	-11.353	-46.2
27.31	-9.403	-11.742	-32.8
27.32	-9.363	-12.284	-21.1
27.33	-9.324	-12.644	-17.9
27.34	-9.287	-12.739	-18.7
27.35	-9.250	-12.658	-21.7
27.36	-9.213	-12.363	-23.7
27.37	-9.177	-11.466	-19.9
27.38	-9.142	-9.142	-16.6
27.39	-9.108	-4.820	-21.5
27.4	-9.076	1.003	-12.6
27.41	-9.044	7.181	5.5
27.42	-9.015	12.488	6.8
27.43	-8.986	15.795	2.9
27.44	-8.959	16.639	21.0
27.45	-8.933	15.216	31.3
27.46	-8.908	12.142	28.6
27.47	-8.883	8.273	39.1
27.48	-8.860	4.064	50.3
27.49	-8.838	-0.180	63.7
27.5	-8.816	-3.892	84.6
27.51	-8.794	-6.750	100.8
27.52	-8.773	-8.734	113.6
27.53	-8.754	-10.053	110.0
27.54	-8.738	-11.131	89.4
27.55	-8.724	-11.945	63.5
27.56	-8.713	-12.095	37.3
27.57	-8.701	-11.578	3.5
27.58	-8.688	-10.983	-25.5
27.59	-8.674	-10.925	-35.5
27.6	-8.662	-11.241	-36.0
27.61	-8.650	-11.563	-39.8
27.62	-8.636	-12.263	-47.0
27.63	-8.622	-13.556	-53.6
27.64	-8.609	-14.789	-51.8
27.65	-8.596	-15.148	-49.5
27.66	-8.586	-14.498	-64.7
27.67	-8.576	-13.391	-66.6
27.68	-8.566	-12.272	-44.1
27.69	-8.558	-11.128	-36.2
27.7	-8.551	-9.847	-40.9
27.71	-8.543	-8.753	-40.6
27.72	-8.534	-8.264	-32.3
27.73	-8.527	-8.139	-33.9
27.74	-8.520	-7.992	-39.4
27.75	-8.512	-7.923	-40.4
27.76	-8.504	-8.314	-48.4
27.77	-8.497	-9.266	-43.3
27.78	-8.489	-10.373	-25.6
27.79	-8.479	-11.230	-32.6
27.8	-8.471	-11.761	-55.1
27.81	-8.462	-12.159	-47.6
27.82	-8.453	-12.728	-24.5
27.83	-8.444	-13.434	-31.4
27.84	-8.438	-13.958	-44.6
27.85	-8.431	-14.039	-48.1
27.86	-8.425	-13.742	-47.3
27.87	-8.419	-13.680	-52.8
27.88	-8.413	-14.027	-51.3
27.89	-8.407	-14.013	-34.1
27.9	-8.399	-13.539	-29.7
27.91	-8.393	-13.461	-37.2
27.92	-8.387	-13.772	-38.6
27.93	-8.384	-13.683	-28.4
27.94	-8.381	-13.253	-28.9
27.95	-8.377	-12.989	-45.2
27.96	-8.373	-12.802	-38.3
27.97	-8.369	-12.452	-25.0
27.98	-8.364	-12.234	-29.9
27.99	-8.361	-12.583	-40.1
28.0	-8.357	-13.195	-35.8
28.01	-8.354	-13.266	-28.9
28.02	-8.351	-12.706	-43.3
28.03	-8.348	-12.284	-37.8
28.04	-8.345	-12.447	-16.3
28.05	-8.342	-12.745	-20.4
28.06	-8.341	-12.591	-31.9
28.07	-8.340	-12.158	-40.1
28.08	-8.338	-11.972	-35.4
28.09	-8.337	-12.117	-29.3
28.1	-8.336	-12.442	-27.0
28.11	-8.335	-12.731	-28.9
28.12	-8.334	-12.789	-41.8
28.13	-8.334	-12.669	-37.2
28.14	-8.332	-12.566	-20.4
28.15	-8.331	-12.627	-18.3
28.16	-8.330	-12.773	-28.9
28.17	-8.329	-12.755	-41.3
28.18	-8.327	-12.661	-39.1
28.19	-8.324	-12.845	-21.3
28.2	-8.321	-13.067	-16.4
28.21	-8.319	-12.917	-34.3
28.22	-8.318	-12.752	-37.2
28.23	-8.316	-12.936	-25.9
28.24	-8.314	-13.083	-18.4
28.25	-8.311	-12.928	-12.8
28.26	-8.308	-12.852	-30.8
28.27	-8.306	-13.038	-45.7
28.28	-8.304	-13.148	-22.2
28.29	-8.301	-12.944	-13.7
28.3	-8.299	-12.664	-28.6
28.31	-8.296	-12.580	-32.4
28.32	-8.294	-12.634	-21.7
28.33	-8.293	-12.636	-18.6
28.34	-8.292	-12.623	-19.4
28.35	-8.292	-12.909	-1.9
28.36	-8.293	-13.295	16.5
28.37	-8.294	-13.191	7.0
28.38	-8.295	-12.675	-5.6
28.39	-8.296	-12.394	-4.6
28.4	-8.297	-12.605	-12.5
28.41	-8.298	-12.897	-32.3
28.42	-8.299	-12.845	-41.8
28.43	-8.300	-12.613	-36.3
28.44	-8.302	-12.663	-34.0
28.45	-8.304	-13.073	-35.7
28.46	-8.307	-13.442	-34.2
28.47	-8.308	-13.420	-40.0
28.48	-8.309	-13.102	-37.5
28.49	-8.311	-12.847	-22.0
28.5	-8.316	-12.706	-17.0
28.51	-8.321	-12.488	-22.3
28.52	-8.327	-12.333	-27.7
28.53	-8.329	-12.431	32.0
28.54	-8.328	-12.608	199.3
28.55	-8.325	-12.722	313.3
28.56	-8.321	-12.950	252.6
28.57	-8.318	-13.300	88.2
28.58	-8.316	-13.336	-36.6
28.59	-8.318	-12.980	-61.4
28.6	-8.320	-12.763	-40.0
28.61	-8.321	-12.777	-24.4
28.62	-8.319	-12.666	-35.3
28.63	-8.314	-12.520	-40.4
28.64	-8.310	-12.569	-30.4
28.65	-8.305	-12.677	-35.3
28.66	-8.299	-12.756	-40.7
28.67	-8.292	-12.883	-33.9
28.68	-8.283	-12.830	-21.1
28.69	-8.274	-11.830	-17.0
28.7	-8.266	-9.089	-33.6
28.71	-8.259	-4.283	-37.7
28.72	-8.254	2.384	-17.3
28.73	-8.251	9.914	-2.2
28.74	-8.248	16.567	-1.5
28.75	-8.246	20.642	-18.5
28.76	-8.245	21.559	-29.0
28.77	-8.246	19.909	-12.6
28.78	-8.248	16.581	5.2
28.79	-8.250	12.352	-1.5
28.8	-8.252	7.669	-10.3
28.81	-8.255	2.792	10.3
28.82	-8.257	-1.619	42.9
28.83	-8.259	-4.827	55.9
28.84	-8.259	-6.969	52.7
28.85	-8.261	-8.723	48.8
28.86	-8.261	-10.267	56.0
28.87	-8.261	-10.866	66.8
28.88	-8.261	-10.092	62.0
28.89	-8.263	-8.870	45.7
28.9	-8.267	-8.108	29.6
28.91	-8.271	-7.758	11.6
28.92	-8.276	-7.520	2.5
28.93	-8.281	-7.263	-14.3
28.94	-8.287	-7.161	-44.3
28.95	-8.294	-7.719	-53.9
28.96	-8.299	-9.234	-44.9
28.97	-8.303	-11.272	-38.7
28.98	-8.305	-13.025	-36.2
28.99	-8.307	-13.988	-39.3
29.0	-8.310	-13.980	-47.8
29.01	-8.314	-13.184	-46.6
29.02	-8.319	-12.081	-30.3
29.03	-8.324	-11.241	-30.0
29.04	-8.329	-10.842	-44.0
29.05	-8.336	-10.277	-48.9
29.06	-8.344	-9.273	-48.1
29.07	-8.353	-8.497	-47.7
29.08	-8.362	-8.420	-50.4
29.09	-8.371	-8.814	-44.7
29.1	-8.379	-9.208	-30.8
29.11	-8.386	-9.497	-30.6
29.12	-8.392	-10.097	-30.5
29.13	-8.397	-11.075	-26.1
29.14	-8.401	-11.766	-37.1
29.15	-8.405	-11.863	-56.5
29.16	-8.409	-11.870	-59.8
29.17	-8.412	-12.295	-49.5
29.18	-8.415	-13.008	-28.2
29.19	-8.419	-13.523	-17.6
29.2	-8.424	-13.709	-36.6
29.21	-8.432	-13.747	-49.1
29.22	-8.441	-13.772	-38.3
29.23	-8.451	-13.780	-28.7
29.24	-8.463	-13.536	-35.0
29.25	-8.475	-12.998	-44.0
29.26	-8.488	-12.666	-52.2
29.27	-8.500	-12.872	-59.6
29.28	-8.513	-13.153	-35.6
29.29	-8.526	-12.984	-11.7
29.3	-8.540	-12.638	-25.5
29.31	-8.555	-12.572	-46.0
29.32	-8.571	-12.719	-39.3
29.33	-8.587	-12.759	-28.4
29.34	-8.603	-12.650	-46.1
29.35	-8.618	-12.528	-59.6
29.36	-8.634	-12.413	-32.6
29.37	-8.651	-12.211	-17.1
29.38	-8.669	-12.092	-43.6
29.39	-8.689	-12.352	-42.2
29.4	-8.709	-12.658	-18.7
29.41	-8.731	-12.503	-24.2
29.42	-8.752	-12.213	-35.3
29.43	-8.773	-12.336	-36.3
29.44	-8.795	-12.617	-37.0
29.45	-8.817	-12.595	-36.5
29.46	-8.840	-12.448	-21.3
29.47	-8.863	-12.577	-21.6
29.48	-8.886	-12.913	-37.7
29.49	-8.908	-13.064	-30.7
29.5	-8.931	-12.980	-18.3
29.51	-8.953	-13.033	-20.2
29.52	-8.974	-13.272	-31.0
29.53	-8.996	-13.263	-38.6
29.54	-9.016	-12.952	-29.0
29.55	-9.037	-12.759	-20.5
29.56	-9.059	-12.780	-22.4
29.57	-9.081	-12.755	-20.2
29.58	-9.102	-12.719	-20.8
29.59	-9.123	-12.766	-28.9
29.6	-9.143	-12.694	-30.6
29.61	-9.164	-12.547	-26.2
29.62	-9.185	-12.636	-17.1
29.63	-9.207	-12.852	-16.2
29.64	-9.228	-12.813	-26.2
29.65	-9.249	-12.673	-23.4
29.66	-9.270	-12.920	-13.8
29.67	-9.289	-13.370	-17.5
29.68	-9.309	-13.358	-28.0
29.69	-9.329	-12.911	-27.4
