Interval=	0.01 s
ExcelDateTime=	3.9777525568317265e+004	25/11/2008 12:36:49.102612
TimeFormat=	StartOfBlock
ChannelTitle=	Channel 1	Channel 2	Channel 3
Range=	20.000 mV	50.000 mV	1000.0 µV
0.0	-8.283	-14.022	9.4
0.01	-8.283	-15.055	13.8
0.02	-8.283	-15.972	-20.0
0.03	-8.284	-15.203	-56.8
0.04	-8.286	-13.070	-57.8
0.05	-8.287	-10.664	-48.1
0.06	-8.289	-9.320	-49.9
0.07	-8.290	-9.830	-44.2
0.08	-8.291	-11.642	-26.8
0.09	-8.292	-13.491	-16.7
0.1	-8.293	-14.563	-31.3
0.11	-8.295	-14.808	-45.2
0.12	-8.296	-14.498	-49.2
0.13	-8.297	-14.166	-48.4
0.14	-8.298	-14.563	-36.6
0.15	-8.299	-15.517	-28.6
0.16	-8.301	-16.083	-34.2
0.17	-8.303	-16.083	-38.7
0.18	-8.305	-15.817	-42.3
0.19	-8.307	-15.272	-35.3
0.2	-8.309	-14.708	-29.5
0.21	-8.310	-14.591	-27.7
0.22	-8.311	-14.628	-26.4
0.23	-8.312	-14.414	-39.9
0.24	-8.313	-14.142	-44.3
0.25	-8.314	-13.942	-32.1
0.26	-8.316	-13.809	-32.8
0.27	-8.318	-13.938	-35.0
0.28	-8.321	-14.423	-30.1
0.29	-8.323	-15.036	-18.8
0.3	-8.326	-15.464	-15.3
0.31	-8.328	-15.591	-25.8
0.32	-8.330	-15.470	-34.4
0.33	-8.332	-15.742	-37.4
0.34	-8.334	-16.680	-33.2
0.35	-8.337	-17.197	-18.6
0.36	-8.340	-16.559	-21.3
0.37	-8.343	-14.977	-24.6
0.38	-8.346	-13.006	-25.8
0.39	-8.349	-11.778	-29.8
0.4	-8.352	-12.156	-16.5
0.41	-8.355	-13.636	-19.2
0.42	-8.357	-15.000	-34.9
0.43	-8.361	-15.642	-28.8
0.44	-8.364	-15.806	-19.1
0.45	-8.369	-15.738	-17.1
0.46	-8.374	-15.552	-26.9
0.47	-8.379	-15.561	-36.7
0.48	-8.384	-15.777	-29.2
0.49	-8.391	-15.761	-9.4
0.5	-8.398	-15.197	-0.3
0.51	-8.405	-14.416	-16.1
0.52	-8.413	-13.914	-36.7
0.53	-8.422	-13.475	-31.9
0.54	-8.432	-12.823	-17.1
0.55	-8.441	-12.350	-17.1
0.56	-8.451	-12.403	-17.3
0.57	-8.461	-12.884	-11.9
0.58	-8.472	-13.438	-17.1
0.59	-8.484	-13.869	-8.8
0.6	-8.497	-14.422	2.3
0.61	-8.511	-15.267	13.4
0.62	-8.527	-15.970	38.8
0.63	-8.544	-15.892	33.5
0.64	-8.561	-14.938	-4.0
0.65	-8.579	-13.681	-19.4
0.66	-8.596	-13.131	-18.9
0.67	-8.615	-13.711	-34.9
0.68	-8.635	-14.452	-43.1
0.69	-8.656	-14.289	-21.9
0.7	-8.675	-13.355	-30.9
0.71	-8.694	-12.295	-58.3
0.72	-8.711	-11.595	-48.8
0.73	-8.728	-11.605	-26.3
0.74	-8.743	-12.102	-24.8
0.75	-8.758	-12.606	-40.3
0.76	-8.776	-13.208	-55.2
0.77	-8.794	-13.884	-40.3
0.78	-8.813	-14.003	-23.6
0.79	-8.828	-13.348	33.0
0.8	-8.842	-12.517	193.8
0.81	-8.856	-12.288	303.0
0.82	-8.871	-12.964	248.0
0.83	-8.887	-14.042	100.8
0.84	-8.904	-14.694	-27.3
0.85	-8.921	-14.631	-50.3
0.86	-8.938	-14.161	-30.0
0.87	-8.955	-13.595	-35.4
0.88	-8.971	-13.136	-40.8
0.89	-8.982	-12.939	-36.1
0.9	-8.991	-12.922	-41.7
0.91	-8.998	-12.981	-39.3
0.92	-9.004	-13.020	-35.0
0.93	-9.011	-12.920	-36.7
0.94	-9.016	-12.844	-25.1
0.95	-9.021	-12.672	-18.8
0.96	-9.026	-11.470	-28.5
0.97	-9.033	-8.030	-26.9
0.98	-9.040	-1.448	-16.2
0.99	-9.048	7.816	-14.6
1.0	-9.056	17.672	-24.3
1.01	-9.066	26.019	-27.4
1.02	-9.078	31.489	-16.0
1.03	-9.089	33.178	5.9
1.04	-9.102	31.439	7.9
1.05	-9.115	27.530	1.1
1.06	-9.128	21.981	7.6
1.07	-9.141	14.859	13.6
1.08	-9.154	7.256	21.1
1.09	-9.167	0.916	42.7
1.1	-9.179	-3.606	60.0
1.11	-9.190	-6.689	64.7
1.12	-9.201	-8.539	73.7
1.13	-9.212	-9.694	92.8
1.14	-9.223	-10.764	88.2
1.15	-9.235	-11.422	53.1
1.16	-9.249	-10.994	28.4
1.17	-9.266	-9.452	12.6
1.18	-9.283	-7.558	-9.2
1.19	-9.298	-6.217	-17.4
1.2	-9.313	-5.686	-32.6
1.21	-9.328	-5.870	-50.0
1.22	-9.342	-7.147	-41.0
1.23	-9.355	-9.702	-34.0
1.24	-9.366	-12.748	-39.7
1.25	-9.376	-15.156	-42.5
1.26	-9.386	-16.050	-43.5
1.27	-9.398	-15.314	-42.8
1.28	-9.410	-13.744	-48.0
1.29	-9.422	-12.116	-46.5
1.3	-9.435	-10.734	-35.9
1.31	-9.448	-9.808	-31.4
1.32	-9.461	-9.433	-44.8
1.33	-9.475	-9.542	-49.6
1.34	-9.489	-10.067	-38.3
1.35	-9.502	-10.798	-38.8
1.36	-9.516	-11.256	-49.1
1.37	-9.527	-11.134	-51.5
1.38	-9.536	-10.772	-40.8
1.39	-9.544	-10.544	-30.1
1.4	-9.551	-10.450	-40.2
1.41	-9.558	-10.694	-43.6
1.42	-9.564	-11.488	-38.9
1.43	-9.571	-12.625	-43.7
1.44	-9.578	-13.773	-44.9
1.45	-9.584	-14.658	-40.2
1.46	-9.591	-15.180	-40.3
1.47	-9.598	-15.339	-32.7
1.48	-9.605	-15.281	-23.8
1.49	-9.613	-15.280	-35.7
1.5	-9.621	-15.306	-47.9
1.51	-9.629	-15.338	-42.8
1.52	-9.637	-15.348	-37.5
1.53	-9.644	-14.978	-35.2
1.54	-9.650	-14.319	-33.8
1.55	-9.656	-13.916	-29.9
1.56	-9.661	-13.845	-37.4
1.57	-9.667	-13.819	-39.4
1.58	-9.672	-13.723	-25.4
1.59	-9.679	-13.517	-30.7
1.6	-9.686	-12.986	-41.6
1.61	-9.692	-12.405	-31.2
1.62	-9.698	-12.509	-34.2
1.63	-9.704	-13.256	-40.6
1.64	-9.711	-14.005	-32.6
1.65	-9.717	-14.445	-27.2
1.66	-9.723	-14.505	-27.3
1.67	-9.729	-14.144	-28.8
1.68	-9.736	-13.497	-29.6
1.69	-9.743	-13.028	-23.6
1.7	-9.751	-12.880	-20.8
1.71	-9.759	-12.764	-30.3
1.72	-9.766	-12.833	-41.9
1.73	-9.772	-13.292	-31.7
1.74	-9.777	-13.942	-15.1
1.75	-9.781	-14.608	-26.6
1.76	-9.785	-15.095	-32.8
1.77	-9.789	-15.217	-17.6
1.78	-9.793	-14.986	-28.0
1.79	-9.797	-14.398	-39.0
1.8	-9.801	-13.556	-27.3
1.81	-9.804	-12.742	-14.9
1.82	-9.806	-12.211	-21.4
1.83	-9.808	-12.569	-28.6
1.84	-9.808	-14.136	-24.8
1.85	-9.808	-15.798	-22.0
1.86	-9.806	-16.239	-25.0
1.87	-9.803	-15.506	-24.2
1.88	-9.799	-14.047	-22.2
1.89	-9.793	-12.433	-13.6
1.9	-9.784	-11.650	-16.9
1.91	-9.773	-12.083	-33.6
1.92	-9.759	-13.166	-18.8
1.93	-9.741	-14.008	-12.7
1.94	-9.722	-14.225	-25.4
1.95	-9.701	-13.905	-16.2
1.96	-9.679	-13.295	-16.8
1.97	-9.657	-12.989	-26.5
1.98	-9.634	-13.306	-22.7
1.99	-9.613	-13.839	-11.0
2.0	-9.591	-13.953	-10.8
2.01	-9.570	-13.547	-26.3
2.02	-9.549	-13.159	-33.5
2.03	-9.530	-13.023	-12.6
2.04	-9.511	-12.813	3.8
2.05	-9.494	-12.438	7.7
2.06	-9.478	-12.286	15.1
2.07	-9.462	-12.645	23.0
2.08	-9.446	-13.094	21.8
2.09	-9.431	-13.013	11.3
2.1	-9.416	-12.475	-4.6
2.11	-9.399	-11.928	-23.7
2.12	-9.384	-11.767	-24.9
2.13	-9.368	-12.070	-17.7
2.14	-9.354	-12.630	-34.3
2.15	-9.339	-13.395	-45.4
2.16	-9.324	-14.048	-48.9
2.17	-9.309	-14.284	-40.1
2.18	-9.294	-14.380	-17.8
2.19	-9.279	-14.459	-21.4
2.2	-9.265	-14.336	-32.8
2.21	-9.252	-13.934	-25.3
2.22	-9.242	-13.438	-28.5
2.23	-9.234	-13.002	-37.9
2.24	-9.226	-12.555	-29.5
2.25	-9.214	-12.016	50.2
2.26	-9.197	-11.445	206.8
2.27	-9.179	-11.138	293.8
2.28	-9.163	-11.453	208.5
2.29	-9.150	-12.325	50.5
2.3	-9.137	-13.216	-38.5
2.31	-9.123	-13.866	-54.9
2.32	-9.108	-14.222	-43.8
2.33	-9.094	-14.019	-34.7
2.34	-9.080	-13.475	-31.9
2.35	-9.063	-13.066	-26.9
2.36	-9.043	-12.694	-36.7
2.37	-9.021	-12.309	-36.9
2.38	-8.999	-12.309	-25.5
2.39	-8.978	-12.803	-19.3
2.4	-8.957	-13.189	-25.8
2.41	-8.939	-13.077	-31.5
2.42	-8.921	-12.628	-23.4
2.43	-8.902	-11.428	-16.4
2.44	-8.884	-8.573	-11.2
2.45	-8.866	-3.475	-3.0
2.46	-8.848	3.897	-10.7
2.47	-8.832	12.530	-13.8
2.48	-8.818	20.336	-1.7
2.49	-8.804	25.269	-1.2
2.5	-8.791	26.702	-4.3
2.51	-8.778	25.203	13.6
2.52	-8.766	21.503	28.0
2.53	-8.754	16.117	36.5
2.54	-8.742	9.591	53.7
2.55	-8.731	2.931	68.1
2.56	-8.719	-2.795	77.5
2.57	-8.706	-7.022	92.3
2.58	-8.693	-10.080	97.3
2.59	-8.680	-12.928	84.6
2.6	-8.668	-15.523	72.9
2.61	-8.659	-16.978	56.2
2.62	-8.652	-16.967	20.0
2.63	-8.644	-15.583	-1.0
2.64	-8.636	-13.327	-3.2
2.65	-8.627	-11.130	-23.8
2.66	-8.621	-9.713	-58.8
2.67	-8.613	-9.481	-64.6
2.68	-8.606	-10.280	-42.7
2.69	-8.598	-11.452	-46.3
2.7	-8.590	-12.650	-67.7
2.71	-8.583	-13.348	-68.0
2.72	-8.576	-13.186	-59.8
2.73	-8.571	-12.803	-33.0
2.74	-8.566	-12.336	-35.4
2.75	-8.563	-11.444	-68.4
2.76	-8.559	-10.442	-66.1
2.77	-8.558	-9.475	-41.9
2.78	-8.555	-8.470	-20.5
2.79	-8.552	-8.147	-16.7
2.8	-8.549	-9.098	-42.7
2.81	-8.546	-9.759	-58.9
2.82	-8.541	-9.817	-62.7
2.83	-8.537	-10.000	-58.2
2.84	-8.533	-9.566	-26.1
2.85	-8.529	-9.084	-14.5
2.86	-8.524	-9.361	-40.8
2.87	-8.521	-10.348	-54.1
2.88	-8.517	-11.639	-59.0
2.89	-8.512	-12.741	-40.3
2.9	-8.508	-13.802	-25.9
2.91	-8.503	-14.850	-52.4
2.92	-8.498	-15.500	-61.6
2.93	-8.493	-15.767	-46.1
2.94	-8.488	-15.975	-43.5
2.95	-8.484	-16.059	-41.5
2.96	-8.480	-15.888	-34.8
2.97	-8.477	-15.469	-34.2
2.98	-8.474	-14.720	-45.1
2.99	-8.471	-13.667	-53.1
3.0	-8.469	-12.508	-45.6
3.01	-8.466	-11.486	-45.4
3.02	-8.464	-10.867	-53.5
3.03	-8.463	-10.823	-41.3
3.04	-8.461	-11.078	-32.3
3.05	-8.460	-11.384	-37.2
3.06	-8.459	-11.981	-36.5
3.07	-8.459	-12.702	-32.7
3.08	-8.459	-13.145	-39.1
3.09	-8.458	-13.553	-39.3
3.1	-8.456	-13.956	-33.0
3.11	-8.455	-13.861	-32.1
3.12	-8.455	-13.402	-32.1
3.13	-8.454	-13.050	-34.4
3.14	-8.453	-12.595	-42.1
3.15	-8.453	-11.872	-36.3
3.16	-8.453	-11.211	-25.5
3.17	-8.453	-11.014	-25.2
3.18	-8.453	-11.461	-32.3
3.19	-8.454	-12.094	-30.9
3.2	-8.454	-12.467	-24.7
3.21	-8.455	-12.511	-33.1
3.22	-8.456	-12.364	-38.8
3.23	-8.457	-12.725	-28.6
3.24	-8.459	-13.839	-19.6
3.25	-8.459	-14.798	-26.0
3.26	-8.461	-15.027	-38.3
3.27	-8.461	-14.684	-23.8
3.28	-8.463	-14.019	-13.7
3.29	-8.464	-13.577	-29.2
3.3	-8.465	-13.716	-39.4
3.31	-8.467	-14.044	-36.1
3.32	-8.468	-13.867	-25.8
3.33	-8.470	-12.963	-13.9
3.34	-8.471	-11.780	-19.5
3.35	-8.473	-10.720	-28.8
3.36	-8.475	-10.222	-18.8
3.37	-8.477	-10.886	-19.1
3.38	-8.479	-12.395	-39.8
3.39	-8.481	-13.648	-36.3
3.4	-8.483	-14.153	-16.2
3.41	-8.486	-13.939	-8.6
3.42	-8.488	-13.292	-17.8
3.43	-8.490	-12.905	-22.8
3.44	-8.492	-13.027	-16.9
3.45	-8.494	-13.214	-14.8
3.46	-8.496	-13.120	-21.8
3.47	-8.498	-12.767	-27.7
3.48	-8.500	-12.252	-20.8
3.49	-8.502	-11.638	1.1
3.5	-8.504	-11.244	16.9
3.51	-8.507	-11.405	31.7
3.52	-8.509	-11.767	29.5
3.53	-8.512	-11.969	13.7
3.54	-8.514	-12.138	8.1
3.55	-8.516	-12.348	-20.5
3.56	-8.519	-12.613	-40.5
3.57	-8.521	-12.897	-25.3
3.58	-8.523	-13.086	-25.1
3.59	-8.526	-13.045	-32.5
3.6	-8.528	-12.719	-33.8
3.61	-8.530	-12.350	-36.7
3.62	-8.532	-12.141	-38.8
3.63	-8.534	-11.909	-28.6
3.64	-8.535	-11.617	-22.6
3.65	-8.538	-11.494	-36.7
3.66	-8.543	-11.523	-45.6
3.67	-8.547	-11.623	-27.1
3.68	-8.549	-11.925	-13.3
3.69	-8.548	-12.356	76.9
3.7	-8.546	-12.677	248.5
3.71	-8.545	-12.917	287.6
3.72	-8.545	-13.173	174.3
3.73	-8.546	-13.275	42.4
3.74	-8.548	-12.984	-43.8
3.75	-8.552	-12.452	-55.4
3.76	-8.557	-12.006	-32.2
3.77	-8.561	-11.677	-29.1
3.78	-8.561	-11.541	-34.1
3.79	-8.557	-11.811	-22.4
3.8	-8.553	-12.148	-35.4
3.81	-8.550	-12.103	-60.2
3.82	-8.547	-11.992	-38.6
3.83	-8.544	-12.313	-12.3
3.84	-8.539	-12.759	-28.7
3.85	-8.534	-12.553	-34.1
3.86	-8.529	-10.723	-13.4
3.87	-8.524	-6.345	-3.9
3.88	-8.519	0.478	-17.4
3.89	-8.514	8.908	-32.7
3.9	-8.509	17.700	-24.3
3.91	-8.504	24.955	-9.2
3.92	-8.499	29.075	-8.6
3.93	-8.496	29.328	-0.8
3.94	-8.496	25.539	-2.0
3.95	-8.498	18.642	-3.7
3.96	-8.500	10.881	7.7
3.97	-8.502	4.122	26.1
3.98	-8.504	-1.097	34.6
3.99	-8.506	-4.847	34.3
4.0	-8.507	-7.609	50.3
4.01	-8.508	-10.098	65.1
4.02	-8.510	-12.478	68.2
4.03	-8.511	-13.941	75.7
4.04	-8.512	-13.738	70.7
4.05	-8.514	-12.230	50.3
4.06	-8.518	-10.334	33.7
4.07	-8.523	-8.845	15.6
4.08	-8.526	-8.108	-10.5
4.09	-8.530	-8.053	-23.5
4.1	-8.534	-8.648	-26.4
4.11	-8.541	-9.814	-32.9
4.12	-8.546	-11.233	-40.5
4.13	-8.551	-12.497	-45.1
4.14	-8.554	-13.291	-46.5
4.15	-8.556	-13.622	-35.5
4.16	-8.559	-13.539	-30.0
4.17	-8.564	-12.930	-40.9
4.18	-8.568	-11.908	-45.2
4.19	-8.574	-10.764	-36.7
4.2	-8.579	-9.752	-33.6
4.21	-8.584	-9.127	-32.8
4.22	-8.591	-8.958	-35.4
4.23	-8.599	-9.238	-41.3
4.24	-8.606	-9.714	-46.3
4.25	-8.614	-9.983	-38.9
4.26	-8.621	-10.103	-26.3
4.27	-8.627	-10.238	-35.8
4.28	-8.633	-10.391	-45.3
4.29	-8.638	-10.570	-27.7
4.3	-8.642	-10.705	-22.7
4.31	-8.646	-10.858	-41.4
4.32	-8.649	-11.155	-37.6
4.33	-8.653	-11.672	-24.2
4.34	-8.658	-12.377	-41.2
4.35	-8.662	-13.234	-47.7
4.36	-8.668	-14.259	-37.1
4.37	-8.673	-15.158	-40.6
4.38	-8.680	-15.711	-41.2
4.39	-8.687	-16.017	-24.9
4.4	-8.695	-15.902	-22.4
4.41	-8.704	-15.133	-39.2
4.42	-8.714	-14.075	-45.6
4.43	-8.724	-13.220	-32.8
4.44	-8.734	-12.544	-27.1
4.45	-8.745	-11.820	-23.0
4.46	-8.758	-11.117	-22.8
4.47	-8.771	-10.758	-40.5
4.48	-8.784	-10.689	-44.6
4.49	-8.799	-10.763	-25.1
4.5	-8.814	-11.172	-25.1
4.51	-8.828	-11.927	-34.9
4.52	-8.842	-12.681	-34.5
4.53	-8.855	-13.222	-30.8
4.54	-8.869	-13.736	-22.7
4.55	-8.883	-14.234	-24.6
4.56	-8.896	-14.269	-32.9
4.57	-8.910	-13.725	-28.0
4.58	-8.924	-12.833	-27.9
4.59	-8.938	-12.164	-33.7
4.6	-8.952	-12.275	-32.9
4.61	-8.966	-12.633	-23.9
4.62	-8.979	-12.591	-20.2
4.63	-8.992	-12.241	-21.3
4.64	-9.005	-11.919	-24.2
4.65	-9.018	-12.050	-30.7
4.66	-9.029	-12.520	-33.7
4.67	-9.042	-12.861	-28.8
4.68	-9.056	-13.172	-26.5
4.69	-9.069	-13.519	-19.8
4.7	-9.082	-13.714	-12.2
4.71	-9.096	-13.764	-15.2
4.72	-9.109	-13.641	-19.5
4.73	-9.121	-13.327	-19.1
4.74	-9.133	-12.920	-23.0
4.75	-9.146	-12.611	-29.5
4.76	-9.158	-12.563	-31.3
4.77	-9.170	-12.534	-17.2
4.78	-9.182	-12.441	-3.7
4.79	-9.193	-12.589	-11.4
4.8	-9.204	-12.988	-22.2
4.81	-9.217	-13.513	-21.0
4.82	-9.230	-14.145	-17.5
4.83	-9.242	-14.664	-19.2
4.84	-9.253	-14.719	-24.9
4.85	-9.264	-14.255	-18.9
4.86	-9.274	-13.544	-16.3
4.87	-9.284	-12.833	-17.3
4.88	-9.295	-12.314	-8.4
4.89	-9.305	-12.006	-14.0
4.9	-9.315	-11.822	-26.5
4.91	-9.326	-11.820	-17.7
4.92	-9.336	-11.941	-16.0
4.93	-9.345	-12.030	-16.3
4.94	-9.354	-12.208	-13.3
4.95	-9.364	-12.486	-20.5
4.96	-9.373	-12.627	-19.6
4.97	-9.383	-12.720	-6.3
4.98	-9.391	-12.845	-4.7
4.99	-9.399	-12.867	-3.4
5.0	-9.408	-12.873	2.0
5.01	-9.418	-12.856	5.6
5.02	-9.427	-12.567	19.9
5.03	-9.438	-12.216	34.3
5.04	-9.448	-12.192	25.5
5.05	-9.459	-12.342	13.3
5.06	-9.469	-12.556	-7.7
5.07	-9.479	-12.845	-32.5
5.08	-9.489	-12.995	-35.6
5.09	-9.499	-13.177	-31.4
5.1	-9.511	-13.628	-30.8
5.11	-9.523	-14.009	-29.7
5.12	-9.536	-14.095	-25.8
5.13	-9.547	-13.983	-20.0
5.14	-9.558	-13.758	-28.5
5.15	-9.568	-13.539	-37.8
5.16	-9.578	-13.295	-34.9
5.17	-9.589	-13.069	-25.3
5.18	-9.599	-12.956	-25.8
5.19	-9.608	-12.702	5.3
5.2	-9.614	-12.359	145.7
5.21	-9.619	-12.292	294.5
5.22	-9.625	-12.466	287.2
5.23	-9.632	-12.888	139.6
5.24	-9.639	-13.488	-12.8
5.25	-9.646	-13.797	-57.2
5.26	-9.652	-13.534	-40.4
5.27	-9.659	-12.992	-35.2
5.28	-9.663	-12.416	-33.2
5.29	-9.663	-11.742	-22.7
5.3	-9.658	-11.270	-20.9
5.31	-9.649	-11.347	-31.5
5.32	-9.642	-11.730	-33.5
5.33	-9.637	-12.061	-18.3
5.34	-9.634	-12.198	-18.7
5.35	-9.633	-12.103	-29.6
5.36	-9.632	-11.719	-19.7
5.37	-9.631	-10.359	-12.3
5.38	-9.631	-6.855	-20.3
5.39	-9.632	-0.534	-19.0
5.4	-9.633	8.066	-7.6
5.41	-9.636	16.959	0.1
5.42	-9.639	23.841	-1.9
5.43	-9.643	27.623	2.8
5.44	-9.646	28.258	14.7
5.45	-9.651	26.061	13.8
5.46	-9.654	21.716	12.1
5.47	-9.658	16.022	39.4
5.48	-9.661	9.675	54.0
5.49	-9.664	3.284	54.6
5.5	-9.667	-2.623	71.9
5.51	-9.669	-7.569	80.3
5.52	-9.671	-11.295	79.7
5.53	-9.672	-13.925	89.9
5.54	-9.674	-15.747	95.6
5.55	-9.679	-16.594	74.2
5.56	-9.686	-16.150	37.6
5.57	-9.693	-14.486	28.6
5.58	-9.697	-12.031	18.0
5.59	-9.701	-9.878	-20.5
5.6	-9.704	-8.636	-53.3
5.61	-9.709	-7.991	-59.8
5.62	-9.712	-7.936	-37.7
5.63	-9.714	-8.664	-31.0
5.64	-9.715	-10.052	-57.1
5.65	-9.715	-11.544	-61.6
5.66	-9.716	-12.541	-39.8
5.67	-9.719	-13.034	-33.9
5.68	-9.721	-13.077	-56.3
5.69	-9.721	-12.600	-63.7
5.7	-9.721	-11.817	-43.6
5.71	-9.719	-10.953	-24.8
5.72	-9.718	-10.055	-32.4
5.73	-9.716	-9.295	-44.3
5.74	-9.713	-8.822	-39.2
5.75	-9.706	-8.513	-33.9
5.76	-9.694	-8.113	-37.4
5.77	-9.678	-7.639	-40.5
5.78	-9.658	-7.392	-45.2
5.79	-9.634	-7.505	-48.1
5.8	-9.611	-8.220	-44.3
5.81	-9.588	-9.588	-42.7
5.82	-9.564	-11.198	-39.2
5.83	-9.541	-12.886	-23.5
5.84	-9.519	-14.431	-32.3
5.85	-9.499	-15.459	-41.0
5.86	-9.480	-15.958	-40.7
5.87	-9.461	-15.942	-60.3
5.88	-9.443	-15.447	-49.3
5.89	-9.425	-14.691	-24.3
5.9	-9.408	-13.802	-35.8
5.91	-9.392	-12.848	-41.7
5.92	-9.376	-11.984	-35.3
5.93	-9.361	-11.333	-42.4
5.94	-9.348	-10.970	-39.1
5.95	-9.335	-10.792	-27.8
5.96	-9.322	-10.678	-41.8
5.97	-9.310	-10.691	-43.0
5.98	-9.297	-10.805	-31.5
5.99	-9.285	-10.983	-35.7
6.0	-9.274	-11.208	-35.2
6.01	-9.263	-11.438	-23.3
6.02	-9.251	-11.744	-23.3
6.03	-9.241	-12.089	-41.9
6.04	-9.231	-12.316	-37.8
6.05	-9.221	-12.241	-20.7
6.06	-9.211	-11.772	-35.1
6.07	-9.202	-11.247	-39.1
6.08	-9.193	-10.936	-24.4
6.09	-9.183	-10.698	-26.5
6.1	-9.174	-10.653	-33.9
6.11	-9.167	-10.902	-26.9
6.12	-9.159	-11.173	-25.5
6.13	-9.152	-11.416	-30.0
6.14	-9.146	-11.728	-26.5
6.15	-9.139	-12.131	-27.7
6.16	-9.133	-12.616	-34.2
6.17	-9.127	-13.020	-23.1
6.18	-9.121	-13.244	-14.9
6.19	-9.114	-13.288	-23.9
6.2	-9.107	-13.078	-32.4
6.21	-9.101	-12.698	-31.4
6.22	-9.095	-12.313	-25.1
6.23	-9.089	-11.942	-18.6
6.24	-9.082	-11.606	-26.1
6.25	-9.076	-11.373	-31.7
6.26	-9.069	-11.261	-14.2
6.27	-9.062	-11.313	-6.9
6.28	-9.054	-11.541	-30.2
6.29	-9.047	-11.802	-28.5
6.3	-9.039	-12.053	-15.6
6.31	-9.033	-12.325	-33.5
6.32	-9.026	-12.527	-31.6
6.33	-9.020	-12.777	-5.5
6.34	-9.014	-13.308	-8.8
6.35	-9.008	-13.823	-20.0
6.36	-9.001	-13.830	-4.9
6.37	-8.995	-13.258	18.6
6.38	-8.989	-12.331	23.5
6.39	-8.984	-11.480	22.0
6.4	-8.978	-10.936	17.4
6.41	-8.972	-10.669	13.3
6.42	-8.965	-10.753	-6.3
6.43	-8.958	-11.114	-42.1
6.44	-8.951	-11.464	-58.5
6.45	-8.944	-11.544	-32.9
6.46	-8.936	-11.430	-8.1
6.47	-8.929	-11.453	-31.5
6.48	-8.921	-11.659	-54.0
6.49	-8.914	-12.047	-37.8
6.5	-8.907	-12.447	-15.9
6.51	-8.900	-12.555	-27.4
6.52	-8.894	-12.364	-45.7
6.53	-8.890	-11.906	-34.1
6.54	-8.886	-11.244	-31.1
6.55	-8.881	-10.594	-13.9
6.56	-8.873	-10.205	110.3
6.57	-8.863	-10.272	279.4
6.58	-8.852	-10.831	293.6
6.59	-8.843	-11.511	143.0
6.6	-8.837	-11.997	-1.3
6.61	-8.831	-12.197	-56.8
6.62	-8.824	-12.128	-53.1
6.63	-8.819	-12.108	-31.2
6.64	-8.814	-12.391	-32.8
6.65	-8.808	-12.716	-39.7
6.66	-8.799	-12.811	-41.8
6.67	-8.788	-12.744	-44.9
6.68	-8.776	-12.528	-31.8
6.69	-8.764	-12.198	-18.8
6.7	-8.752	-11.698	-25.8
6.71	-8.739	-11.159	-28.2
6.72	-8.727	-10.823	-23.5
6.73	-8.714	-10.309	-22.3
6.74	-8.703	-8.748	-21.2
6.75	-8.691	-4.906	-19.0
6.76	-8.681	1.816	-17.4
6.77	-8.671	10.155	-9.5
6.78	-8.664	17.972	0.6
6.79	-8.658	23.514	-2.9
6.8	-8.654	25.766	-11.6
6.81	-8.649	24.852	0.2
6.82	-8.644	21.669	21.1
6.83	-8.640	17.000	29.2
6.84	-8.636	11.508	31.5
6.85	-8.633	5.800	50.2
6.86	-8.630	0.288	58.9
6.87	-8.627	-4.641	62.1
6.88	-8.623	-8.700	74.8
6.89	-8.619	-11.788	87.7
6.9	-8.615	-13.902	90.1
6.91	-8.612	-15.066	70.1
6.92	-8.611	-15.170	39.7
6.93	-8.612	-14.273	14.0
6.94	-8.612	-12.688	-10.3
6.95	-8.611	-10.764	-21.1
6.96	-8.611	-9.045	-26.4
6.97	-8.611	-8.177	-42.2
6.98	-8.611	-8.430	-40.9
6.99	-8.610	-9.634	-39.5
7.0	-8.608	-11.400	-50.4
7.01	-8.606	-13.025	-53.3
7.02	-8.604	-13.811	-62.1
7.03	-8.603	-13.614	-54.0
7.04	-8.603	-12.673	-35.8
7.05	-8.603	-11.261	-37.2
7.06	-8.604	-9.809	-45.7
7.07	-8.604	-8.659	-34.6
7.08	-8.606	-7.755	-33.3
7.09	-8.607	-7.080	-42.2
7.1	-8.609	-6.723	-37.0
7.11	-8.610	-6.586	-39.3
7.12	-8.610	-6.702	-40.5
7.13	-8.609	-7.208	-33.9
7.14	-8.609	-8.017	-41.0
7.15	-8.607	-8.975	-33.3
7.16	-8.605	-9.916	-22.1
7.17	-8.603	-10.750	-48.5
7.18	-8.601	-11.428	-61.5
7.19	-8.598	-12.034	-30.6
7.2	-8.596	-12.800	-21.0
7.21	-8.594	-13.581	-42.1
7.22	-8.594	-14.242	-44.6
7.23	-8.593	-14.803	-29.3
7.24	-8.592	-14.923	-40.4
7.25	-8.591	-14.558	-55.3
7.26	-8.590	-13.897	-39.6
7.27	-8.589	-12.992	-26.9
7.28	-8.590	-12.236	-36.4
7.29	-8.589	-11.845	-42.9
7.3	-8.588	-11.630	-27.9
7.31	-8.586	-11.473	-22.4
7.32	-8.585	-11.305	-47.1
7.33	-8.584	-11.053	-49.4
7.34	-8.584	-10.819	-28.0
7.35	-8.584	-10.795	-19.4
7.36	-8.585	-11.048	-34.6
7.37	-8.585	-11.525	-48.5
7.38	-8.585	-11.948	-35.1
7.39	-8.586	-12.130	-17.2
7.4	-8.587	-12.189	-34.2
7.41	-8.588	-12.066	-38.3
7.42	-8.588	-11.744	-20.2
7.43	-8.588	-11.477	-25.1
7.44	-8.589	-11.381	-40.3
7.45	-8.589	-11.444	-31.5
7.46	-8.590	-11.648	-15.2
7.47	-8.591	-11.905	-28.3
7.48	-8.592	-11.847	-42.4
7.49	-8.594	-11.375	-17.9
7.5	-8.596	-10.883	-13.6
7.51	-8.596	-10.689	-36.0
7.52	-8.598	-11.052	-28.9
7.53	-8.598	-11.939	-16.6
7.54	-8.599	-12.784	-26.2
7.55	-8.600	-13.252	-33.6
7.56	-8.601	-13.494	-14.2
7.57	-8.603	-13.498	-8.3
7.58	-8.604	-13.130	-34.8
7.59	-8.605	-12.563	-35.3
7.6	-8.606	-11.944	-18.6
7.61	-8.607	-11.438	-17.1
7.62	-8.609	-11.325	-21.5
7.63	-8.610	-11.444	-20.3
7.64	-8.611	-11.569	-15.8
7.65	-8.613	-11.705	-22.1
7.66	-8.613	-11.794	-29.1
7.67	-8.614	-11.889	-17.0
7.68	-8.614	-12.069	-13.6
7.69	-8.616	-12.414	-27.3
7.7	-8.617	-12.864	-29.6
7.71	-8.619	-13.022	-15.4
7.72	-8.620	-12.761	-13.8
7.73	-8.621	-12.378	-20.9
7.74	-8.622	-11.903	-18.2
7.75	-8.623	-11.344	-12.5
7.76	-8.624	-11.069	-21.0
7.77	-8.624	-11.145	-22.2
7.78	-8.625	-11.305	-3.6
7.79	-8.626	-11.536	-4.0
7.8	-8.626	-11.775	-9.0
7.81	-8.627	-11.805	26.9
7.82	-8.629	-11.688	41.8
7.83	-8.630	-11.603	15.7
7.84	-8.631	-11.617	9.3
7.85	-8.633	-11.770	2.4
7.86	-8.634	-12.017	-29.8
7.87	-8.635	-12.236	-37.8
7.88	-8.636	-12.200	-28.6
7.89	-8.638	-11.845	-26.7
7.9	-8.639	-11.466	-25.2
7.91	-8.641	-11.244	-37.5
7.92	-8.643	-11.172	-49.3
7.93	-8.644	-11.264	-25.2
7.94	-8.646	-11.463	-16.7
7.95	-8.648	-11.611	-46.7
7.96	-8.652	-11.598	-37.3
7.97	-8.656	-11.494	-3.1
7.98	-8.658	-11.408	-12.6
7.99	-8.657	-11.303	48.8
8.0	-8.654	-11.309	225.2
8.01	-8.651	-11.589	302.7
8.02	-8.651	-12.002	189.8
8.03	-8.651	-12.380	34.0
8.04	-8.652	-12.455	-38.2
8.05	-8.655	-12.081	-43.2
8.06	-8.659	-11.605	-35.9
8.07	-8.663	-11.417	-34.6
8.08	-8.664	-11.453	-40.6
8.09	-8.659	-11.617	-32.8
8.1	-8.654	-11.919	-29.3
8.11	-8.649	-12.072	-37.6
8.12	-8.645	-12.017	-36.5
8.13	-8.641	-11.908	-25.7
8.14	-8.636	-11.652	-18.8
8.15	-8.630	-11.142	-27.4
8.16	-8.624	-9.872	-30.4
8.17	-8.618	-6.659	-19.0
8.18	-8.613	-0.486	-19.0
8.19	-8.607	8.292	-14.5
8.2	-8.603	17.547	-10.2
8.21	-8.599	24.838	-17.2
8.22	-8.597	28.763	-10.5
8.23	-8.596	28.989	-1.0
8.24	-8.596	26.233	-3.5
8.25	-8.597	21.669	2.8
8.26	-8.598	16.158	9.6
8.27	-8.600	10.317	17.7
8.28	-8.602	4.814	32.4
8.29	-8.604	0.036	40.8
8.3	-8.606	-4.000	46.9
8.31	-8.608	-7.198	64.2
8.32	-8.609	-9.459	77.6
8.33	-8.610	-10.683	72.4
8.34	-8.611	-10.784	65.3
8.35	-8.614	-10.031	57.9
8.36	-8.621	-8.772	31.0
8.37	-8.628	-7.247	2.4
8.38	-8.636	-5.838	-10.0
8.39	-8.644	-4.902	-20.2
8.4	-8.654	-4.672	-33.4
8.41	-8.666	-5.361	-32.3
8.42	-8.677	-6.880	-38.4
8.43	-8.688	-8.800	-47.6
8.44	-8.697	-10.636	-35.3
8.45	-8.707	-11.939	-29.3
8.46	-8.717	-12.364	-38.9
8.47	-8.729	-11.911	-41.9
8.48	-8.741	-10.983	-42.3
8.49	-8.753	-9.991	-38.4
8.5	-8.766	-9.095	-39.2
8.51	-8.779	-8.380	-39.7
8.52	-8.793	-7.881	-35.7
8.53	-8.806	-7.514	-34.5
8.54	-8.821	-7.277	-34.2
8.55	-8.834	-7.211	-39.3
8.56	-8.848	-7.202	-43.3
8.57	-8.861	-7.298	-40.4
8.58	-8.872	-7.628	-31.8
8.59	-8.883	-8.147	-25.8
8.6	-8.893	-8.863	-37.8
8.61	-8.904	-9.761	-44.6
8.62	-8.913	-10.680	-34.7
8.63	-8.922	-11.600	-30.0
8.64	-8.932	-12.536	-38.7
8.65	-8.941	-13.230	-38.1
8.66	-8.950	-13.573	-36.5
8.67	-8.960	-13.716	-37.3
8.68	-8.970	-13.664	-34.4
8.69	-8.980	-13.380	-39.4
8.7	-8.990	-12.844	-44.1
8.71	-9.001	-12.083	-33.6
8.72	-9.011	-11.297	-23.8
8.73	-9.021	-10.728	-26.8
8.74	-9.031	-10.384	-35.0
8.75	-9.041	-10.127	-39.6
8.76	-9.053	-10.008	-38.5
8.77	-9.064	-10.114	-35.2
8.78	-9.076	-10.363	-32.8
8.79	-9.088	-10.822	-31.6
8.8	-9.100	-11.472	-29.3
8.81	-9.111	-12.038	-22.1
8.82	-9.123	-12.475	-23.7
8.83	-9.133	-12.784	-29.0
8.84	-9.144	-12.819	-34.7
8.85	-9.155	-12.527	-39.4
8.86	-9.166	-12.022	-29.7
8.87	-9.176	-11.470	-18.9
8.88	-9.188	-10.902	-26.2
8.89	-9.198	-10.402	-30.3
8.9	-9.208	-10.131	-25.9
8.91	-9.219	-10.153	-26.8
8.92	-9.230	-10.425	-31.0
8.93	-9.239	-10.781	-26.9
8.94	-9.249	-11.148	-20.8
8.95	-9.259	-11.658	-30.7
8.96	-9.268	-12.233	-39.3
8.97	-9.277	-12.720	-18.8
8.98	-9.289	-13.106	-9.4
8.99	-9.299	-13.352	-17.0
9.0	-9.309	-13.342	-19.3
9.01	-9.319	-13.089	-25.6
9.02	-9.329	-12.878	-25.8
9.03	-9.339	-12.683	-21.3
9.04	-9.348	-12.306	-21.0
9.05	-9.357	-11.903	-19.5
9.06	-9.367	-11.536	-15.8
9.07	-9.376	-11.292	-20.6
9.08	-9.386	-11.322	-29.6
9.09	-9.395	-11.561	-20.4
9.1	-9.404	-12.025	-14.0
9.11	-9.412	-12.639	-18.2
9.12	-9.422	-13.163	-28.5
9.13	-9.432	-13.475	-28.5
9.14	-9.442	-13.497	-17.4
9.15	-9.452	-13.206	-15.3
9.16	-9.463	-12.747	-18.3
9.17	-9.474	-12.205	-15.6
9.18	-9.486	-11.673	-14.1
9.19	-9.498	-11.316	-15.0
9.2	-9.509	-11.117	-15.0
9.21	-9.520	-11.150	-17.2
9.22	-9.530	-11.570	-25.5
9.23	-9.541	-12.002	-32.9
9.24	-9.551	-12.180	-13.1
9.25	-9.561	-12.330	5.0
9.26	-9.570	-12.478	-14.2
9.27	-9.579	-12.680	-20.9
9.28	-9.589	-12.936	-16.0
9.29	-9.598	-12.994	-17.5
9.3	-9.606	-12.797	-18.4
9.31	-9.613	-12.439	-16.0
9.32	-9.619	-12.000	-13.0
9.33	-9.626	-11.675	-15.7
9.34	-9.633	-11.509	-12.4
9.35	-9.639	-11.364	-8.8
9.36	-9.645	-11.280	-10.8
9.37	-9.651	-11.284	-11.7
9.38	-9.657	-11.438	-4.6
9.39	-9.662	-11.858	14.9
9.4	-9.669	-12.320	29.5
9.41	-9.676	-12.564	39.3
9.42	-9.684	-12.659	32.6
9.43	-9.691	-12.669	2.6
9.44	-9.697	-12.563	-24.4
9.45	-9.703	-12.436	-32.6
9.46	-9.711	-12.409	-34.7
9.47	-9.718	-12.395	-33.9
9.48	-9.725	-12.333	-28.5
9.49	-9.732	-12.355	-29.4
9.5	-9.739	-12.450	-36.7
9.51	-9.744	-12.595	-27.3
9.52	-9.749	-12.736	-20.4
9.53	-9.753	-12.667	-35.7
9.54	-9.758	-12.336	-33.1
9.55	-9.764	-11.805	-22.3
9.56	-9.774	-11.300	-31.5
9.57	-9.785	-11.022	-32.7
9.58	-9.795	-10.792	-0.4
9.59	-9.801	-10.614	121.8
9.6	-9.807	-10.714	277.8
9.61	-9.814	-11.034	285.9
9.62	-9.820	-11.444	123.1
9.63	-9.826	-11.845	-12.0
9.64	-9.831	-12.120	-37.8
9.65	-9.834	-12.169	-41.7
9.66	-9.836	-12.023	-38.3
9.67	-9.839	-11.919	-31.3
9.68	-9.839	-11.869	-34.2
9.69	-9.832	-11.831	-33.1
9.7	-9.821	-11.956	-33.5
9.71	-9.807	-12.164	-31.1
9.72	-9.794	-12.319	-19.8
9.73	-9.783	-12.388	-13.2
9.74	-9.771	-12.259	-22.2
9.75	-9.757	-11.863	-29.7
9.76	-9.741	-10.795	-27.9
9.77	-9.723	-8.016	-15.0
9.78	-9.704	-2.659	-5.6
9.79	-9.685	5.088	-14.4
9.8	-9.665	13.763	-17.5
9.81	-9.644	21.319	-9.0
9.82	-9.623	26.308	-2.7
9.83	-9.601	28.273	9.5
9.84	-9.578	27.367	18.6
9.85	-9.555	24.289	28.7
9.86	-9.533	19.584	39.2
9.87	-9.512	13.842	52.6
9.88	-9.491	8.459	61.0
9.89	-9.470	3.009	63.3
9.9	-9.449	-2.373	84.5
9.91	-9.429	-6.295	98.3
9.92	-9.408	-9.275	93.3
9.93	-9.389	-11.294	92.4
9.94	-9.372	-11.895	83.3
9.95	-9.359	-11.452	53.6
9.96	-9.348	-10.177	13.1
9.97	-9.335	-8.195	-11.8
9.98	-9.321	-6.131	-16.0
9.99	-9.308	-4.594	-26.3
10.0	-9.296	-4.025	-44.2
10.01	-9.285	-4.652	-55.7
10.02	-9.272	-6.345	-64.5
10.03	-9.258	-8.759	-56.3
10.04	-9.242	-10.873	-41.7
10.05	-9.229	-11.847	-43.6
10.06	-9.217	-11.750	-56.9
10.07	-9.206	-10.888	-56.7
10.08	-9.196	-9.719	-42.8
10.09	-9.187	-8.564	-35.1
10.1	-9.179	-7.403	-41.1
10.11	-9.171	-6.442	-46.4
10.12	-9.163	-5.877	-44.6
10.13	-9.155	-5.603	-38.4
10.14	-9.147	-5.581	-27.3
10.15	-9.138	-5.756	-28.9
10.16	-9.127	-6.097	-45.7
10.17	-9.116	-6.719	-47.9
10.18	-9.105	-7.634	-45.4
10.19	-9.094	-8.798	-45.2
10.2	-9.082	-10.111	-31.6
10.21	-9.071	-11.452	-29.7
10.22	-9.059	-12.727	-48.7
10.23	-9.047	-13.742	-42.8
10.24	-9.036	-14.336	-29.0
10.25	-9.026	-14.622	-48.2
10.26	-9.016	-14.733	-52.7
10.27	-9.007	-14.452	-28.1
10.28	-8.998	-13.778	-32.5
10.29	-8.988	-13.019	-44.6
10.3	-8.979	-12.259	-37.1
10.31	-8.970	-11.525	-43.7
10.32	-8.961	-10.875	-49.4
10.33	-8.953	-10.372	-23.6
10.34	-8.945	-10.048	-14.6
10.35	-8.938	-9.884	-48.2
10.36	-8.931	-9.984	-57.1
10.37	-8.924	-10.419	-30.9
10.38	-8.918	-11.091	-31.7
10.39	-8.912	-11.783	-48.8
10.4	-8.906	-12.266	-39.0
10.41	-8.900	-12.556	-18.3
10.42	-8.894	-12.645	-27.4
10.43	-8.889	-12.366	-35.4
10.44	-8.884	-11.730	-22.6
10.45	-8.878	-10.986	-15.9
10.46	-8.873	-10.408	-43.5
10.47	-8.868	-10.047	-61.5
10.48	-8.863	-9.823	-26.2
10.49	-8.858	-9.772	-7.3
10.5	-8.853	-9.955	-25.8
10.51	-8.848	-10.469	-28.1
10.52	-8.843	-11.320	-24.3
10.53	-8.839	-12.225	-40.5
10.54	-8.834	-12.958	-42.8
10.55	-8.830	-13.467	-19.3
10.56	-8.825	-13.636	-22.4
10.57	-8.820	-13.444	-39.3
10.58	-8.816	-12.997	-26.7
10.59	-8.811	-12.417	-6.1
10.6	-8.805	-11.873	-20.6
10.61	-8.800	-11.406	-42.4
10.62	-8.795	-10.958	-29.6
10.63	-8.789	-10.616	-21.8
10.64	-8.784	-10.436	-32.3
10.65	-8.779	-10.502	-20.8
10.66	-8.774	-10.969	-9.2
10.67	-8.769	-11.759	-16.3
10.68	-8.764	-12.614	-26.7
10.69	-8.759	-13.239	-20.5
10.7	-8.754	-13.478	-15.1
10.71	-8.749	-13.484	-29.1
10.72	-8.744	-13.402	-31.4
10.73	-8.741	-13.133	-16.5
10.74	-8.736	-12.541	-4.6
10.75	-8.732	-11.736	-13.6
10.76	-8.728	-11.081	-33.4
10.77	-8.725	-10.827	-34.6
10.78	-8.721	-10.886	-10.2
10.79	-8.718	-10.911	0.2
10.8	-8.715	-10.813	-21.0
10.81	-8.712	-10.853	-35.9
10.82	-8.709	-11.125	-22.9
10.83	-8.706	-11.563	-5.9
10.84	-8.703	-12.131	-16.1
10.85	-8.700	-12.656	-21.2
10.86	-8.697	-13.009	-9.4
10.87	-8.696	-13.153	-0.3
10.88	-8.694	-12.958	-25.3
10.89	-8.691	-12.530	-42.0
10.9	-8.689	-12.047	-7.9
10.91	-8.686	-11.517	17.6
10.92	-8.684	-10.977	11.7
10.93	-8.682	-10.580	18.3
10.94	-8.681	-10.578	37.3
10.95	-8.679	-10.848	32.2
10.96	-8.678	-11.508	1.1
10.97	-8.677	-12.044	-26.7
10.98	-8.675	-12.044	-37.1
10.99	-8.672	-12.644	-33.3
11.0	-8.670	-13.066	-27.8
11.01	-8.668	-12.894	-28.3
11.02	-8.666	-13.003	-31.7
11.03	-8.666	-12.958	-34.2
11.04	-8.664	-12.705	-33.6
11.05	-8.662	-12.348	-28.8
11.06	-8.660	-11.831	-31.9
11.07	-8.659	-11.275	-35.1
11.08	-8.661	-10.802	-38.5
11.09	-8.662	-10.577	-40.9
11.1	-8.664	-10.645	-13.0
11.11	-8.662	-10.888	90.5
11.12	-8.658	-11.358	232.8
11.13	-8.654	-12.030	299.4
11.14	-8.652	-12.589	219.0
11.15	-8.651	-12.836	42.7
11.16	-8.651	-12.841	-56.9
11.17	-8.651	-12.717	-58.5
11.18	-8.651	-12.491	-47.0
11.19	-8.652	-12.178	-35.8
11.2	-8.651	-11.892	-41.1
11.21	-8.647	-11.648	-41.8
11.22	-8.641	-11.305	-32.1
11.23	-8.634	-10.928	-26.8
11.24	-8.629	-10.803	-26.3
11.25	-8.623	-11.022	-34.6
11.26	-8.616	-11.441	-33.9
11.27	-8.608	-11.664	-27.8
11.28	-8.601	-10.781	-34.9
11.29	-8.594	-7.702	-30.1
11.3	-8.588	-1.761	-17.9
11.31	-8.581	6.748	-19.6
11.32	-8.575	16.137	-12.7
11.33	-8.569	24.144	-6.8
11.34	-8.564	29.286	-17.1
11.35	-8.561	30.975	-6.0
11.36	-8.558	29.548	2.6
11.37	-8.556	26.144	-5.3
11.38	-8.555	21.581	2.5
11.39	-8.554	16.223	25.6
11.4	-8.554	10.528	37.2
11.41	-8.553	4.928	38.2
11.42	-8.553	-0.064	58.1
11.43	-8.553	-3.953	71.1
11.44	-8.551	-6.633	71.1
11.45	-8.551	-8.144	85.0
11.46	-8.550	-8.537	76.8
11.47	-8.550	-8.008	49.2
11.48	-8.552	-6.780	27.3
11.49	-8.554	-5.086	3.2
11.5	-8.557	-3.345	-9.6
11.51	-8.560	-2.111	-10.6
11.52	-8.564	-1.775	-25.9
11.53	-8.568	-2.500	-46.3
11.54	-8.571	-4.292	-52.0
11.55	-8.572	-6.894	-41.9
11.56	-8.573	-9.591	-38.0
11.57	-8.574	-11.547	-46.4
11.58	-8.575	-12.389	-40.8
11.59	-8.577	-12.073	-34.0
11.6	-8.579	-10.931	-50.2
11.61	-8.581	-9.477	-52.3
11.62	-8.583	-7.913	-30.0
11.63	-8.587	-6.483	-29.6
11.64	-8.591	-5.433	-45.3
11.65	-8.597	-4.720	-40.5
11.66	-8.603	-4.400	-27.4
11.67	-8.609	-4.617	-29.0
11.68	-8.615	-5.239	-40.2
11.69	-8.619	-5.988	-39.2
11.7	-8.621	-6.770	-32.9
11.71	-8.622	-7.567	-34.1
11.72	-8.622	-8.333	-36.7
11.73	-8.621	-9.227	-31.8
11.74	-8.621	-10.364	-33.6
11.75	-8.619	-11.444	-44.8
11.76	-8.618	-12.200	-41.2
11.77	-8.617	-12.711	-30.3
11.78	-8.617	-13.055	-35.6
11.79	-8.617	-13.233	-40.6
11.8	-8.618	-13.219	-35.1
11.81	-8.619	-12.942	-30.8
11.82	-8.619	-12.406	-32.3
11.83	-8.621	-11.711	-30.2
11.84	-8.621	-11.027	-23.5
11.85	-8.622	-10.556	-32.3
11.86	-8.623	-10.352	-39.5
11.87	-8.623	-10.366	-26.9
11.88	-8.624	-10.600	-32.4
11.89	-8.626	-10.869	-44.5
11.9	-8.628	-11.019	-32.9
11.91	-8.631	-11.100	-16.4
11.92	-8.633	-11.131	-23.0
11.93	-8.635	-11.186	-37.4
11.94	-8.638	-11.353	-29.8
11.95	-8.639	-11.647	-17.7
11.96	-8.642	-11.952	-30.6
11.97	-8.645	-12.063	-34.1
11.98	-8.648	-11.955	-20.1
11.99	-8.651	-11.700	-25.0
12.0	-8.653	-11.447	-22.0
12.01	-8.656	-11.481	-18.1
12.02	-8.658	-11.742	-33.8
12.03	-8.661	-11.925	-28.2
12.04	-8.663	-11.983	-8.8
12.05	-8.666	-11.938	-12.9
12.06	-8.668	-11.861	-27.4
12.07	-8.671	-11.853	-21.3
12.08	-8.674	-12.006	-15.2
12.09	-8.677	-12.319	-24.7
12.1	-8.680	-12.605	-23.3
12.11	-8.683	-12.866	-16.9
12.12	-8.686	-13.063	-17.0
12.13	-8.689	-12.989	-7.0
12.14	-8.692	-12.792	-1.9
12.15	-8.695	-12.655	-14.0
12.16	-8.698	-12.514	-25.5
12.17	-8.701	-12.433	-20.4
12.18	-8.704	-12.472	-16.9
12.19	-8.708	-12.569	-24.5
12.2	-8.712	-12.764	-19.7
12.21	-8.716	-13.045	-4.8
12.22	-8.719	-13.272	-8.0
12.23	-8.723	-13.377	-18.8
12.24	-8.727	-13.305	-16.1
12.25	-8.732	-13.100	-17.1
12.26	-8.737	-12.911	-15.6
12.27	-8.742	-12.773	-4.0
12.28	-8.748	-12.692	-10.4
12.29	-8.755	-12.539	-15.8
12.3	-8.761	-12.263	-12.4
12.31	-8.768	-12.013	-14.7
12.32	-8.774	-11.858	-15.3
12.33	-8.780	-11.866	-18.4
12.34	-8.786	-12.050	-20.9
12.35	-8.793	-12.253	-15.6
12.36	-8.800	-12.452	-15.0
12.37	-8.807	-12.734	-14.2
12.38	-8.814	-13.089	-7.1
12.39	-8.822	-13.384	-7.7
12.4	-8.830	-13.408	-11.3
12.41	-8.838	-13.181	-8.1
12.42	-8.846	-12.931	-14.3
12.43	-8.855	-12.709	-19.5
12.44	-8.864	-12.484	-18.5
12.45	-8.873	-12.322	-18.1
12.46	-8.882	-12.205	-12.9
12.47	-8.891	-12.123	-7.3
12.48	-8.901	-12.073	-5.7
12.49	-8.909	-12.048	-14.3
12.5	-8.919	-12.078	-19.4
12.51	-8.928	-12.141	4.9
12.52	-8.938	-12.366	17.2
12.53	-8.947	-12.808	8.3
12.54	-8.958	-13.317	24.6
12.55	-8.970	-13.744	32.9
12.56	-8.981	-13.873	21.8
12.57	-8.993	-13.736	20.4
12.58	-9.004	-13.530	-8.4
12.59	-9.014	-13.231	-33.3
12.6	-9.023	-12.928	-27.2
12.61	-9.033	-12.716	-32.2
12.62	-9.043	-12.478	-32.7
12.63	-9.054	-12.302	-14.9
12.64	-9.064	-12.220	-23.9
12.65	-9.072	-12.142	-38.3
12.66	-9.081	-12.094	-26.8
12.67	-9.089	-12.047	-22.9
12.68	-9.099	-12.073	-24.2
12.69	-9.110	-12.294	-20.2
12.7	-9.122	-12.620	-24.4
12.71	-9.134	-12.786	-26.2
12.72	-9.143	-12.634	32.2
12.73	-9.150	-12.502	173.5
12.74	-9.156	-12.530	290.9
12.75	-9.164	-12.509	274.5
12.76	-9.172	-12.516	129.5
12.77	-9.179	-12.519	-18.5
12.78	-9.188	-12.442	-57.5
12.79	-9.197	-12.378	-29.3
12.8	-9.207	-12.325	-25.7
12.81	-9.214	-12.361	-46.5
12.82	-9.219	-12.547	-41.9
12.83	-9.220	-12.848	-26.4
12.84	-9.219	-13.320	-24.7
12.85	-9.218	-13.783	-21.9
12.86	-9.217	-13.939	-21.9
12.87	-9.214	-13.780	-26.4
12.88	-9.212	-13.155	-29.2
12.89	-9.210	-11.713	-26.3
12.9	-9.209	-8.809	-18.9
12.91	-9.209	-3.220	-17.8
12.92	-9.211	5.280	-18.1
12.93	-9.213	14.923	-6.9
12.94	-9.216	23.505	2.8
12.95	-9.220	29.417	-3.2
12.96	-9.225	31.800	-9.7
12.97	-9.230	30.869	2.7
12.98	-9.236	27.634	11.4
12.99	-9.242	22.988	9.6
13.0	-9.249	17.503	26.7
13.01	-9.257	11.819	43.8
13.02	-9.264	6.466	35.1
13.03	-9.270	1.572	49.3
13.04	-9.276	-2.594	74.3
13.05	-9.283	-5.678	76.1
13.06	-9.288	-7.661	89.9
13.07	-9.294	-8.516	94.1
13.08	-9.300	-8.411	69.4
13.09	-9.308	-7.705	50.6
13.1	-9.318	-6.558	25.8
13.11	-9.328	-5.128	-3.1
13.12	-9.336	-3.731	-25.8
13.13	-9.344	-2.823	-34.3
13.14	-9.353	-2.767	-30.8
13.15	-9.361	-3.752	-38.0
13.16	-9.368	-5.798	-43.0
13.17	-9.374	-8.411	-47.4
13.18	-9.380	-10.933	-49.5
13.19	-9.386	-12.881	-32.0
13.2	-9.391	-13.673	-35.3
13.21	-9.398	-13.211	-45.6
13.22	-9.404	-12.027	-33.5
13.23	-9.411	-10.552	-40.0
13.24	-9.418	-9.063	-52.5
13.25	-9.426	-7.856	-45.7
13.26	-9.434	-7.109	-37.3
13.27	-9.443	-6.783	-33.7
13.28	-9.451	-6.730	-34.6
13.29	-9.457	-6.827	-41.4
13.3	-9.463	-6.958	-44.8
13.31	-9.466	-7.150	-33.7
13.32	-9.469	-7.525	-31.1
13.33	-9.471	-8.150	-43.0
13.34	-9.472	-9.116	-45.2
13.35	-9.473	-10.328	-37.7
13.36	-9.474	-11.519	-36.6
13.37	-9.475	-12.648	-38.3
13.38	-9.475	-13.780	-35.2
13.39	-9.475	-14.736	-37.1
13.4	-9.476	-15.300	-39.4
13.41	-9.478	-15.481	-47.0
13.42	-9.481	-15.391	-60.0
13.43	-9.483	-14.959	-42.9
13.44	-9.486	-14.094	-18.6
13.45	-9.489	-12.994	-24.1
13.46	-9.492	-11.956	-43.3
13.47	-9.496	-11.259	-49.5
13.48	-9.500	-10.994	-41.1
13.49	-9.504	-11.011	-36.5
13.5	-9.509	-11.258	-42.9
13.51	-9.514	-11.659	-36.7
13.52	-9.518	-12.100	-24.3
13.53	-9.521	-12.614	-32.5
13.54	-9.526	-13.111	-38.3
13.55	-9.531	-13.494	-24.7
13.56	-9.535	-13.711	-29.1
13.57	-9.538	-13.717	-43.5
13.58	-9.541	-13.567	-36.4
13.59	-9.543	-13.222	-28.6
13.6	-9.546	-12.680	-27.6
13.61	-9.549	-12.125	-30.2
13.62	-9.552	-11.770	-34.9
13.63	-9.555	-11.695	-31.2
13.64	-9.557	-11.845	-24.4
13.65	-9.558	-12.116	-24.6
13.66	-9.558	-12.419	-34.1
13.67	-9.557	-12.816	-38.1
13.68	-9.554	-13.344	-31.7
13.69	-9.550	-13.803	-25.7
13.7	-9.544	-14.047	-27.7
13.71	-9.537	-14.097	-31.7
13.72	-9.529	-13.886	-24.6
13.73	-9.517	-13.488	-21.1
13.74	-9.503	-13.156	-30.1
13.75	-9.488	-12.869	-31.2
13.76	-9.473	-12.611	-27.5
13.77	-9.457	-12.630	-20.8
13.78	-9.443	-12.836	-21.0
13.79	-9.428	-13.022	-29.6
13.8	-9.413	-13.252	-23.3
13.81	-9.399	-13.492	-19.0
13.82	-9.386	-13.602	-27.3
13.83	-9.373	-13.564	-31.8
13.84	-9.361	-13.486	-26.9
13.85	-9.349	-13.425	-21.4
13.86	-9.338	-13.305	-24.8
13.87	-9.327	-13.225	-20.8
13.88	-9.316	-13.188	-15.2
13.89	-9.306	-13.041	-23.5
13.9	-9.295	-12.875	-25.0
13.91	-9.284	-12.730	-24.8
13.92	-9.273	-12.697	-30.4
13.93	-9.263	-12.877	-25.4
13.94	-9.253	-13.017	-15.5
13.95	-9.243	-13.091	-16.4
13.96	-9.234	-13.306	-26.8
13.97	-9.225	-13.553	-22.7
13.98	-9.216	-13.583	-20.9
13.99	-9.207	-13.369	-26.7
14.0	-9.199	-13.008	-19.8
14.01	-9.190	-12.716	-13.8
14.02	-9.181	-12.723	-24.4
14.03	-9.173	-12.998	-23.8
14.04	-9.166	-13.427	-14.8
14.05	-9.158	-13.813	-20.5
14.06	-9.151	-13.939	-17.1
14.07	-9.144	-13.827	-7.8
14.08	-9.137	-13.509	-9.4
14.09	-9.131	-13.175	-2.4
14.1	-9.124	-13.061	16.0
14.11	-9.119	-12.989	29.1
14.12	-9.114	-12.873	32.8
14.13	-9.108	-12.841	16.9
14.14	-9.101	-12.789	-12.3
14.15	-9.095	-12.739	-25.0
14.16	-9.089	-12.800	-32.5
14.17	-9.082	-12.941	-34.9
14.18	-9.076	-13.222	-27.1
14.19	-9.069	-13.583	-31.5
14.2	-9.064	-13.734	-41.1
14.21	-9.058	-13.570	-38.7
14.22	-9.051	-13.272	-33.2
14.23	-9.045	-13.031	-35.1
14.24	-9.038	-12.833	-30.8
14.25	-9.033	-12.583	-25.4
14.26	-9.029	-12.347	-28.3
14.27	-9.027	-12.145	-32.0
14.28	-9.025	-11.944	-30.5
14.29	-9.020	-11.764	34.2
14.3	-9.012	-11.659	188.3
14.31	-9.002	-11.772	298.8
14.32	-8.994	-12.170	252.9
14.33	-8.988	-12.759	91.7
14.34	-8.982	-13.297	-32.8
14.35	-8.976	-13.594	-55.8
14.36	-8.969	-13.539	-48.1
14.37	-8.964	-13.200	-34.3
14.38	-8.958	-12.903	-27.9
14.39	-8.951	-12.786	-33.7
14.4	-8.941	-12.866	-32.3
14.41	-8.929	-13.128	-30.4
14.42	-8.916	-13.373	-34.1
14.43	-8.904	-13.497	-30.4
14.44	-8.892	-13.502	-33.9
14.45	-8.880	-13.370	-34.3
14.46	-8.868	-12.919	-24.0
14.47	-8.857	-11.683	-21.2
14.48	-8.845	-8.720	-18.9
14.49	-8.834	-2.980	-10.0
14.5	-8.824	5.322	-8.4
14.51	-8.815	14.470	-16.0
14.52	-8.807	22.308	-10.0
14.53	-8.800	27.269	-0.3
14.54	-8.794	28.838	-5.5
14.55	-8.787	27.295	6.1
14.56	-8.782	23.509	31.3
14.57	-8.777	18.461	34.1
14.58	-8.773	12.770	31.6
14.59	-8.770	6.933	42.8
14.6	-8.766	1.423	57.1
14.61	-8.762	-3.466	75.8
14.62	-8.757	-7.502	90.3
14.63	-8.752	-10.488	91.4
14.64	-8.747	-12.245	89.6
14.65	-8.744	-12.769	76.6
14.66	-8.743	-12.264	36.6
14.67	-8.743	-10.875	-2.7
14.68	-8.742	-8.914	-21.8
14.69	-8.741	-6.973	-31.3
14.7	-8.741	-5.727	-39.2
14.71	-8.741	-5.680	-43.2
14.72	-8.740	-6.788	-39.8
14.73	-8.738	-8.756	-35.2
14.74	-8.736	-11.067	-44.6
14.75	-8.733	-12.863	-62.6
14.76	-8.731	-13.673	-61.8
14.77	-8.728	-13.517	-56.1
14.78	-8.727	-12.531	-53.5
14.79	-8.727	-11.091	-42.7
14.8	-8.728	-9.623	-39.2
14.81	-8.729	-8.323	-36.0
14.82	-8.732	-7.339	-31.3
14.83	-8.735	-6.808	-42.1
14.84	-8.738	-6.650	-44.4
14.85	-8.740	-6.864	-35.9
14.86	-8.741	-7.475	-47.8
14.87	-8.740	-8.194	-46.5
14.88	-8.739	-8.830	-31.8
14.89	-8.738	-9.353	-36.5
14.9	-8.736	-9.745	-34.3
14.91	-8.734	-10.217	-37.3
14.92	-8.731	-10.809	-55.7
14.93	-8.729	-11.544	-43.0
14.94	-8.726	-12.680	-28.7
14.95	-8.724	-14.000	-49.9
14.96	-8.721	-15.033	-57.8
14.97	-8.719	-15.655	-29.2
14.98	-8.718	-15.833	-25.3
14.99	-8.716	-15.578	-50.6
15.0	-8.715	-15.058	-49.2
15.01	-8.714	-14.452	-35.4
15.02	-8.713	-13.791	-41.3
15.03	-8.711	-13.028	-45.3
15.04	-8.710	-12.227	-35.9
15.05	-8.709	-11.522	-38.4
15.06	-8.709	-11.155	-43.9
15.07	-8.708	-11.239	-37.5
15.08	-8.707	-11.566	-30.3
15.09	-8.707	-12.030	-33.9
15.1	-8.707	-12.586	-45.1
15.11	-8.707	-13.195	-41.3
15.12	-8.708	-13.805	-32.4
15.13	-8.708	-14.117	-34.3
15.14	-8.708	-13.983	-29.1
15.15	-8.708	-13.553	-26.2
15.16	-8.709	-13.038	-38.0
15.17	-8.709	-12.477	-40.2
15.18	-8.709	-11.950	-28.5
15.19	-8.709	-11.719	-24.4
15.2	-8.709	-11.741	-33.5
15.21	-8.710	-11.800	-35.8
15.22	-8.710	-11.959	-33.6
15.23	-8.710	-12.389	-33.2
15.24	-8.710	-13.075	-32.5
15.25	-8.711	-13.697	-30.6
15.26	-8.711	-14.036	-23.2
15.27	-8.712	-14.236	-19.5
15.28	-8.713	-14.367	-24.4
15.29	-8.713	-14.338	-29.8
15.3	-8.714	-14.114	-35.2
15.31	-8.715	-13.672	-29.2
15.32	-8.716	-13.128	-17.0
15.33	-8.717	-12.727	-20.1
15.34	-8.717	-12.502	-28.9
15.35	-8.717	-12.452	-23.5
15.36	-8.717	-12.528	-26.7
15.37	-8.717	-12.602	-33.6
15.38	-8.717	-12.778	-19.5
15.39	-8.717	-13.167	-18.5
15.4	-8.717	-13.655	-28.1
15.41	-8.717	-14.113	-19.1
15.42	-8.717	-14.447	-16.4
15.43	-8.717	-14.531	-24.4
15.44	-8.717	-14.303	-23.6
15.45	-8.717	-13.784	-20.7
15.46	-8.717	-13.097	-22.2
15.47	-8.717	-12.473	-22.6
15.48	-8.717	-12.061	-25.5
15.49	-8.717	-11.913	-21.9
15.5	-8.717	-12.078	-6.1
15.51	-8.717	-12.425	-14.6
15.52	-8.717	-12.809	-28.8
15.53	-8.717	-13.295	-19.7
15.54	-8.717	-13.714	-27.6
15.55	-8.716	-13.839	-31.9
15.56	-8.716	-13.822	-14.5
15.57	-8.716	-13.734	-11.1
15.58	-8.716	-13.525	-16.8
15.59	-8.716	-13.311	-10.8
15.6	-8.715	-13.030	-13.3
15.61	-8.715	-12.589	-28.3
15.62	-8.714	-12.214	-18.3
15.63	-8.715	-11.925	-6.7
15.64	-8.715	-11.711	-20.5
15.65	-8.715	-11.794	-23.5
15.66	-8.714	-12.130	-12.1
15.67	-8.714	-12.619	-6.4
15.68	-8.714	-13.117	-5.3
15.69	-8.714	-13.491	3.1
15.7	-8.715	-13.794	17.1
15.71	-8.716	-13.989	31.1
15.72	-8.717	-13.934	40.4
15.73	-8.718	-13.623	27.8
15.74	-8.719	-13.186	-11.3
15.75	-8.721	-12.739	-29.5
15.76	-8.721	-12.419	-13.9
15.77	-8.722	-12.236	-29.7
15.78	-8.723	-12.153	-53.2
15.79	-8.723	-12.327	-33.4
15.8	-8.723	-12.694	-19.8
15.81	-8.723	-12.928	-32.0
15.82	-8.723	-13.005	-33.7
15.83	-8.723	-12.991	-22.2
15.84	-8.724	-12.784	-25.1
15.85	-8.726	-12.492	-25.4
15.86	-8.729	-12.277	-22.3
15.87	-8.733	-12.188	-33.7
15.88	-8.735	-12.205	-23.4
15.89	-8.733	-12.244	76.3
15.9	-8.729	-12.297	235.3
15.91	-8.726	-12.445	301.5
15.92	-8.724	-12.670	211.9
15.93	-8.724	-12.913	41.3
15.94	-8.725	-13.036	-51.1
15.95	-8.727	-13.038	-37.0
15.96	-8.729	-13.088	-32.3
15.97	-8.731	-13.111	-45.3
15.98	-8.730	-12.983	-33.8
15.99	-8.726	-12.770	-16.0
16.0	-8.721	-12.508	-33.0
16.01	-8.716	-12.219	-47.4
16.02	-8.712	-11.994	-25.5
16.03	-8.707	-11.892	-21.4
16.04	-8.701	-11.780	-38.0
16.05	-8.695	-11.373	-29.6
16.06	-8.688	-10.198	-7.1
16.07	-8.682	-7.280	-13.3
16.08	-8.676	-1.558	-29.2
16.09	-8.670	6.833	-19.1
16.1	-8.665	16.114	-9.3
16.11	-8.660	23.977	-15.4
16.12	-8.656	28.784	-18.2
16.13	-8.654	30.036	1.8
16.14	-8.652	28.355	11.1
16.15	-8.651	24.638	-5.7
16.16	-8.651	19.525	4.3
16.17	-8.651	13.772	25.1
16.18	-8.651	7.994	20.2
16.19	-8.652	2.422	33.8
16.2	-8.653	-2.627	62.8
16.21	-8.654	-6.706	63.8
16.22	-8.653	-9.625	66.8
16.23	-8.652	-11.336	90.2
16.24	-8.652	-11.727	86.6
16.25	-8.652	-11.017	53.2
16.26	-8.655	-9.691	30.5
16.27	-8.659	-7.948	15.2
16.28	-8.661	-6.120	-5.6
16.29	-8.664	-4.720	-18.8
16.3	-8.668	-4.061	-23.7
16.31	-8.673	-4.456	-26.9
16.32	-8.678	-6.006	-33.3
16.33	-8.681	-8.381	-41.2
16.34	-8.684	-10.998	-47.3
16.35	-8.686	-13.091	-47.1
16.36	-8.688	-14.050	-45.3
16.37	-8.691	-13.766	-45.1
16.38	-8.694	-12.613	-45.4
16.39	-8.698	-11.133	-36.1
16.4	-8.703	-9.664	-24.7
16.41	-8.707	-8.394	-28.1
16.42	-8.713	-7.519	-30.0
16.43	-8.720	-7.113	-35.0
16.44	-8.728	-7.006	-41.2
16.45	-8.735	-7.091	-41.6
16.46	-8.741	-7.316	-44.9
16.47	-8.746	-7.639	-37.3
16.48	-8.749	-8.173	-25.7
16.49	-8.751	-8.977	-33.5
16.5	-8.752	-9.898	-31.9
16.51	-8.752	-10.777	-25.0
16.52	-8.752	-11.588	-36.7
16.53	-8.751	-12.434	-41.3
16.54	-8.749	-13.403	-47.3
16.55	-8.748	-14.322	-46.7
16.56	-8.746	-14.958	-32.8
16.57	-8.744	-15.402	-24.4
16.58	-8.743	-15.681	-25.2
16.59	-8.742	-15.672	-38.5
16.6	-8.741	-15.383	-40.2
16.61	-8.740	-14.789	-34.5
16.62	-8.740	-13.923	-46.5
16.63	-8.740	-12.916	-48.0
16.64	-8.740	-11.942	-39.8
16.65	-8.740	-11.311	-33.6
16.66	-8.741	-11.180	-21.6
16.67	-8.741	-11.513	-26.5
16.68	-8.742	-12.106	-41.7
16.69	-8.744	-12.673	-27.6
16.7	-8.747	-13.056	-22.1
16.71	-8.750	-13.192	-44.5
16.72	-8.752	-13.150	-42.9
16.73	-8.755	-13.147	-25.9
16.74	-8.758	-13.341	-30.4
16.75	-8.760	-13.584	-38.4
16.76	-8.762	-13.591	-26.6
16.77	-8.764	-13.323	-18.4
16.78	-8.766	-12.905	-29.0
16.79	-8.768	-12.423	-33.3
16.8	-8.770	-12.108	-24.4
16.81	-8.772	-12.128	-21.3
16.82	-8.774	-12.380	-28.1
16.83	-8.776	-12.738	-27.6
16.84	-8.779	-13.036	-29.8
16.85	-8.781	-13.205	-35.6
16.86	-8.783	-13.398	-24.7
16.87	-8.786	-13.594	-16.7
16.88	-8.787	-13.708	-25.4
16.89	-8.790	-13.778	-26.7
16.9	-8.793	-13.669	-25.3
16.91	-8.795	-13.423	-27.1
16.92	-8.797	-13.198	-16.6
16.93	-8.799	-12.897	-14.7
16.94	-8.801	-12.625	-22.8
16.95	-8.803	-12.573	-28.2
16.96	-8.804	-12.744	-30.7
16.97	-8.806	-13.103	-17.5
16.98	-8.807	-13.445	-18.9
16.99	-8.809	-13.617	-35.3
17.0	-8.811	-13.783	-16.1
17.01	-8.813	-13.928	2.2
17.02	-8.814	-13.981	-21.2
17.03	-8.816	-14.098	-36.1
17.04	-8.817	-14.158	-27.5
17.05	-8.819	-13.889	-22.6
17.06	-8.821	-13.316	-15.1
17.07	-8.822	-12.681	-8.4
17.08	-8.824	-12.213	-19.3
17.09	-8.826	-11.959	-24.8
17.1	-8.827	-11.947	-16.5
17.11	-8.828	-12.119	-21.0
17.12	-8.829	-12.325	-30.2
17.13	-8.831	-12.544	-20.3
17.14	-8.832	-12.844	-9.1
17.15	-8.834	-13.209	-13.3
17.16	-8.835	-13.536	-18.2
17.17	-8.837	-13.777	-15.6
17.18	-8.839	-13.875	-17.0
17.19	-8.840	-13.878	-16.0
17.2	-8.841	-13.850	-15.1
17.21	-8.843	-13.641	-20.2
17.22	-8.844	-13.159	-21.7
17.23	-8.846	-12.511	-19.9
17.24	-8.848	-11.967	-14.1
17.25	-8.849	-11.783	-4.9
17.26	-8.850	-11.916	9.2
17.27	-8.851	-12.255	20.8
17.28	-8.854	-12.720	31.6
17.29	-8.857	-13.202	30.2
17.3	-8.859	-13.502	4.5
17.31	-8.862	-13.452	-13.1
17.32	-8.865	-13.184	-20.0
17.33	-8.867	-12.847	-28.0
17.34	-8.870	-12.520	-30.0
17.35	-8.873	-12.445	-25.5
17.36	-8.876	-12.681	-25.6
17.37	-8.879	-12.889	-36.8
17.38	-8.881	-12.945	-35.5
17.39	-8.884	-12.959	-28.4
17.4	-8.886	-12.786	-41.4
17.41	-8.889	-12.561	-42.1
17.42	-8.894	-12.541	-21.3
17.43	-8.901	-12.542	-16.1
17.44	-8.908	-12.567	-27.3
17.45	-8.911	-12.689	14.5
17.46	-8.911	-12.652	157.6
17.47	-8.909	-12.439	284.4
17.48	-8.909	-12.225	260.7
17.49	-8.912	-12.105	106.5
17.5	-8.917	-12.169	-32.7
17.51	-8.922	-12.419	-52.2
17.52	-8.929	-12.778	-29.5
17.53	-8.938	-13.025	-32.5
17.54	-8.945	-13.052	-33.0
17.55	-8.949	-13.069	-25.5
17.56	-8.949	-13.125	-31.9
17.57	-8.948	-13.175	-41.4
17.58	-8.947	-13.314	-32.2
17.59	-8.946	-13.442	-22.4
17.6	-8.944	-13.316	-33.0
17.61	-8.939	-12.795	-34.7
17.62	-8.933	-11.722	-21.2
17.63	-8.926	-9.477	-21.1
17.64	-8.921	-4.997	-19.6
17.65	-8.918	2.248	-3.1
17.66	-8.917	11.348	-5.3
17.67	-8.918	20.113	-23.3
17.68	-8.921	26.523	-24.3
17.69	-8.927	29.747	-10.2
17.7	-8.935	29.733	5.2
17.71	-8.944	27.095	12.6
17.72	-8.954	22.716	13.7
17.73	-8.963	17.244	19.8
17.74	-8.972	11.263	28.9
17.75	-8.981	5.255	35.0
17.76	-8.989	-0.230	40.3
17.77	-8.997	-4.661	49.4
17.78	-9.004	-7.944	62.1
17.79	-9.011	-10.141	77.7
17.8	-9.018	-11.394	83.3
17.81	-9.025	-11.922	70.5
17.82	-9.034	-11.750	55.1
17.83	-9.045	-10.914	40.5
17.84	-9.055	-9.486	11.7
17.85	-9.064	-7.692	-10.8
17.86	-9.073	-6.069	-28.1
17.87	-9.083	-5.156	-48.9
17.88	-9.093	-5.352	-38.1
17.89	-9.103	-6.672	-24.2
17.9	-9.110	-8.580	-41.9
17.91	-9.117	-10.452	-46.0
17.92	-9.124	-11.806	-38.4
17.93	-9.132	-12.334	-44.2
17.94	-9.139	-12.055	-42.4
17.95	-9.148	-11.286	-36.8
17.96	-9.157	-10.327	-34.8
17.97	-9.166	-9.458	-29.3
17.98	-9.176	-8.856	-35.0
17.99	-9.186	-8.356	-49.4
18.0	-9.196	-7.831	-40.7
18.01	-9.207	-7.303	-26.6
18.02	-9.217	-6.836	-34.6
18.03	-9.226	-6.580	-40.0
18.04	-9.234	-6.619	-33.6
18.05	-9.242	-7.036	-31.3
18.06	-9.249	-7.847	-34.8
18.07	-9.256	-8.953	-37.9
18.08	-9.262	-10.291	-46.8
18.09	-9.267	-11.741	-39.8
18.1	-9.272	-13.088	-18.6
18.11	-9.277	-14.178	-29.0
18.12	-9.282	-14.991	-49.1
18.13	-9.287	-15.397	-41.0
18.14	-9.293	-15.364	-37.4
18.15	-9.300	-15.050	-40.0
18.16	-9.306	-14.386	-31.2
18.17	-9.313	-13.447	-27.2
18.18	-9.318	-12.486	-33.2
18.19	-9.324	-11.619	-35.3
18.2	-9.330	-10.972	-26.9
18.21	-9.336	-10.681	-29.2
18.22	-9.341	-10.789	-41.8
18.23	-9.347	-11.284	-41.8
18.24	-9.353	-12.027	-36.0
18.25	-9.359	-12.742	-31.1
18.26	-9.364	-13.256	-24.5
18.27	-9.371	-13.398	-25.8
18.28	-9.377	-13.164	-33.3
18.29	-9.383	-12.814	-25.3
18.3	-9.389	-12.380	-22.9
18.31	-9.394	-11.834	-33.2
18.32	-9.399	-11.383	-34.9
18.33	-9.404	-11.139	-32.6
18.34	-9.408	-11.086	-27.3
18.35	-9.412	-11.194	-22.3
18.36	-9.418	-11.452	-17.0
18.37	-9.422	-11.919	-22.2
18.38	-9.428	-12.542	-36.3
18.39	-9.434	-13.213	-33.3
18.4	-9.439	-13.886	-21.7
18.41	-9.444	-14.359	-16.6
18.42	-9.449	-14.517	-20.8
18.43	-9.455	-14.320	-26.9
18.44	-9.460	-13.678	-23.0
18.45	-9.465	-12.861	-19.3
18.46	-9.470	-12.197	-20.3
18.47	-9.474	-11.766	-20.3
18.48	-9.479	-11.638	-24.2
18.49	-9.484	-11.777	-25.2
18.5	-9.488	-12.072	-20.5
18.51	-9.492	-12.450	-21.8
18.52	-9.496	-12.848	-26.5
18.53	-9.499	-13.163	-20.2
18.54	-9.502	-13.375	-14.5
18.55	-9.506	-13.625	-19.8
18.56	-9.509	-13.786	-21.7
18.57	-9.513	-13.702	-15.4
18.58	-9.517	-13.466	-21.3
18.59	-9.521	-13.027	-32.6
18.6	-9.525	-12.356	-19.1
18.61	-9.529	-11.766	-11.3
18.62	-9.533	-11.458	-20.1
18.63	-9.536	-11.416	-13.3
18.64	-9.540	-11.638	-12.0
18.65	-9.544	-12.023	-24.3
18.66	-9.549	-12.388	-26.3
18.67	-9.553	-12.681	-25.2
18.68	-9.558	-12.942	-27.0
18.69	-9.564	-13.014	-15.8
18.7	-9.570	-12.895	-7.8
18.71	-9.576	-12.852	-12.1
18.72	-9.583	-12.802	-18.3
18.73	-9.590	-12.655	-10.9
18.74	-9.597	-12.459	-9.1
18.75	-9.603	-12.198	-22.7
18.76	-9.611	-12.008	-4.4
18.77	-9.619	-11.886	17.2
18.78	-9.627	-11.763	18.8
18.79	-9.636	-11.827	22.2
18.8	-9.645	-12.053	13.4
18.81	-9.652	-12.234	1.3
18.82	-9.659	-12.444	-13.7
18.83	-9.665	-12.694	-24.2
18.84	-9.671	-12.897	-25.1
18.85	-9.678	-13.034	-42.3
18.86	-9.684	-12.984	-41.0
18.87	-9.690	-12.716	-24.2
18.88	-9.695	-12.339	-35.8
18.89	-9.697	-12.056	-35.8
18.9	-9.701	-11.977	-25.8
18.91	-9.704	-12.016	-36.2
18.92	-9.707	-12.173	-34.4
18.93	-9.711	-12.441	-16.3
18.94	-9.710	-12.691	-25.3
18.95	-9.706	-12.686	2.9
18.96	-9.696	-12.322	149.3
18.97	-9.686	-11.894	277.3
18.98	-9.675	-11.511	245.1
18.99	-9.665	-11.011	90.2
19.0	-9.654	-10.509	-37.3
19.01	-9.637	-10.305	-55.9
19.02	-9.616	-10.542	-37.0
19.03	-9.592	-11.105	-31.0
19.04	-9.569	-11.731	-37.7
19.05	-9.544	-12.131	-40.9
19.06	-9.514	-12.317	-33.8
19.07	-9.482	-12.522	-23.4
19.08	-9.449	-12.597	-21.8
19.09	-9.419	-12.469	-28.0
19.1	-9.392	-12.339	-24.2
19.11	-9.366	-12.269	-15.8
19.12	-9.342	-12.139	-19.4
19.13	-9.319	-11.420	-22.7
19.14	-9.297	-9.331	-14.2
19.15	-9.276	-5.070	-5.3
19.16	-9.256	1.950	-4.2
19.17	-9.236	10.770	-14.5
19.18	-9.219	19.163	-15.6
19.19	-9.203	25.369	2.5
19.2	-9.188	28.398	19.1
19.21	-9.174	28.220	29.9
19.22	-9.161	25.659	35.3
19.23	-9.148	21.427	36.4
19.24	-9.137	16.084	44.2
19.25	-9.126	10.198	65.4
19.26	-9.116	4.286	74.6
19.27	-9.104	-1.094	78.7
19.28	-9.093	-5.555	105.2
19.29	-9.082	-8.852	118.6
19.3	-9.072	-10.858	96.3
19.31	-9.065	-11.789	74.7
19.32	-9.060	-11.894	54.9
19.33	-9.055	-11.238	22.5
19.34	-9.048	-10.025	-4.9
19.35	-9.041	-8.683	-24.7
19.36	-9.036	-7.634	-41.1
19.37	-9.030	-7.161	-52.2
19.38	-9.024	-7.505	-48.6
19.39	-9.017	-8.722	-55.6
19.4	-9.010	-10.380	-69.4
19.41	-9.002	-11.870	-43.9
19.42	-8.996	-12.639	-33.0
19.43	-8.991	-12.383	-60.8
19.44	-8.986	-11.319	-60.0
19.45	-8.982	-9.836	-35.8
19.46	-8.979	-8.238	-45.2
19.47	-8.978	-6.763	-58.2
19.48	-8.976	-5.547	-41.2
19.49	-8.974	-4.692	-27.1
19.5	-8.972	-4.330	-33.4
19.51	-8.969	-4.450	-44.8
19.52	-8.966	-4.931	-36.4
19.53	-8.962	-5.694	-31.1
19.54	-8.958	-6.631	-41.4
19.55	-8.954	-7.642	-48.0
19.56	-8.948	-8.739	-52.4
19.57	-8.943	-9.916	-46.2
19.58	-8.936	-11.048	-37.5
19.59	-8.931	-12.133	-41.3
19.6	-8.925	-13.255	-45.7
19.61	-8.920	-14.248	-38.6
19.62	-8.915	-14.859	-32.4
19.63	-8.910	-14.994	-43.7
19.64	-8.906	-14.583	-60.4
19.65	-8.901	-13.814	-53.2
19.66	-8.896	-12.994	-31.8
19.67	-8.891	-12.166	-30.8
19.68	-8.886	-11.492	-48.7
19.69	-8.882	-11.114	-56.6
19.7	-8.877	-10.941	-48.4
19.71	-8.873	-10.906	-29.4
19.72	-8.868	-10.980	-25.1
19.73	-8.864	-10.873	-47.8
19.74	-8.861	-10.684	-47.2
19.75	-8.858	-10.947	-22.2
19.76	-8.856	-11.539	-23.8
19.77	-8.852	-11.913	-44.1
19.78	-8.849	-11.838	-57.2
19.79	-8.846	-11.536	-51.9
19.8	-8.843	-11.259	-33.4
19.81	-8.841	-11.080	-20.9
19.82	-8.839	-11.027	-31.6
19.83	-8.837	-11.106	-38.8
19.84	-8.835	-11.422	-22.3
19.85	-8.832	-11.845	-25.5
19.86	-8.830	-11.913	-45.1
19.87	-8.827	-12.163	-49.8
19.88	-8.825	-12.528	-40.3
19.89	-8.822	-12.639	-12.7
19.9	-8.821	-13.177	-10.6
19.91	-8.818	-13.213	-39.9
19.92	-8.816	-12.609	-48.8
19.93	-8.814	-12.178	-27.0
19.94	-8.811	-11.872	-13.6
19.95	-8.809	-11.748	-31.3
19.96	-8.806	-11.638	-37.4
19.97	-8.804	-11.784	-26.4
19.98	-8.803	-12.247	-21.3
19.99	-8.801	-12.748	-23.7
20.0	-8.798	-13.070	-24.4
20.01	-8.796	-13.127	-23.3
20.02	-8.794	-13.075	-38.1
20.03	-8.792	-13.066	-37.4
20.04	-8.790	-13.102	-12.3
20.05	-8.788	-13.209	-8.2
20.06	-8.786	-13.361	-30.0
20.07	-8.784	-13.359	-32.4
20.08	-8.783	-13.234	-13.6
20.09	-8.781	-13.030	-20.0
20.1	-8.779	-12.711	-35.3
20.11	-8.777	-12.248	-22.8
20.12	-8.776	-11.961	-14.2
20.13	-8.774	-12.017	-21.0
20.14	-8.774	-12.123	-22.8
20.15	-8.773	-12.248	-18.6
20.16	-8.772	-12.334	-19.8
20.17	-8.770	-12.273	-32.9
20.18	-8.769	-12.098	-42.5
20.19	-8.768	-11.994	-26.9
20.2	-8.767	-12.158	-13.0
20.21	-8.766	-12.513	-16.9
20.22	-8.766	-12.914	-11.3
20.23	-8.765	-13.286	-1.6
20.24	-8.764	-13.452	-3.2
20.25	-8.764	-13.245	5.8
20.26	-8.763	-12.744	20.9
20.27	-8.763	-12.186	21.1
20.28	-8.763	-11.786	17.8
20.29	-8.763	-11.678	5.2
20.3	-8.763	-11.830	-21.5
20.31	-8.763	-12.114	-29.1
20.32	-8.762	-12.586	-18.6
20.33	-8.762	-13.095	-30.8
20.34	-8.761	-13.325	-43.5
20.35	-8.761	-13.403	-35.0
20.36	-8.760	-13.402	-41.1
20.37	-8.759	-13.233	-40.3
20.38	-8.759	-13.014	-25.0
20.39	-8.759	-12.691	-20.2
20.4	-8.761	-12.252	-28.6
20.41	-8.763	-11.819	-34.4
20.42	-8.765	-11.286	-31.8
20.43	-8.764	-10.811	10.7
20.44	-8.761	-10.736	149.7
20.45	-8.756	-11.134	286.8
20.46	-8.753	-11.938	265.6
20.47	-8.752	-12.808	107.4
20.48	-8.753	-13.450	-19.7
20.49	-8.754	-13.842	-43.0
20.5	-8.756	-13.789	-46.4
20.51	-8.756	-13.333	-49.7
20.52	-8.756	-12.903	-32.9
20.53	-8.752	-12.695	-36.1
20.54	-8.748	-12.572	-49.4
20.55	-8.742	-12.403	-28.4
20.56	-8.736	-12.242	-15.8
20.57	-8.731	-12.070	-36.7
20.58	-8.726	-11.877	-41.0
20.59	-8.719	-11.636	-22.7
20.6	-8.713	-11.028	-22.8
20.61	-8.705	-9.422	-36.4
20.62	-8.697	-5.577	-22.4
20.63	-8.690	1.544	-0.6
20.64	-8.684	11.047	-12.2
20.65	-8.679	20.583	-33.9
20.66	-8.676	27.998	-24.2
20.67	-8.674	31.970	6.0
20.68	-8.671	32.384	6.5
20.69	-8.669	30.073	-11.8
20.7	-8.668	25.856	3.2
20.71	-8.668	20.358	30.3
20.72	-8.669	14.289	24.3
20.73	-8.669	8.184	28.9
20.74	-8.668	2.458	63.5
20.75	-8.668	-2.470	64.0
20.76	-8.668	-6.406	49.6
20.77	-8.666	-9.017	68.8
20.78	-8.665	-10.211	81.7
20.79	-8.664	-10.322	66.4
20.8	-8.666	-9.444	51.8
20.81	-8.669	-7.956	34.8
20.82	-8.671	-6.194	5.5
20.83	-8.672	-4.127	-12.2
20.84	-8.675	-2.691	-23.5
20.85	-8.679	-2.873	-43.2
20.86	-8.683	-4.227	-51.2
20.87	-8.686	-6.219	-45.3
20.88	-8.688	-8.742	-41.3
20.89	-8.689	-11.138	-38.8
20.9	-8.689	-12.581	-40.3
20.91	-8.692	-12.850	-40.4
20.92	-8.694	-12.128	-34.3
20.93	-8.698	-10.831	-37.3
20.94	-8.702	-9.433	-50.3
20.95	-8.707	-8.183	-55.8
20.96	-8.713	-7.256	-41.5
20.97	-8.720	-6.666	-24.3
20.98	-8.728	-6.339	-31.1
20.99	-8.736	-6.348	-38.3
21.0	-8.743	-6.694	-34.5
21.01	-8.749	-7.297	-30.5
21.02	-8.753	-8.030	-25.2
21.03	-8.756	-8.759	-36.6
21.04	-8.758	-9.403	-53.2
21.05	-8.759	-9.855	-42.3
21.06	-8.759	-10.248	-25.8
21.07	-8.758	-10.903	-33.0
21.08	-8.756	-11.917	-43.5
21.09	-8.754	-13.117	-37.7
21.1	-8.752	-14.194	-36.3
21.11	-8.751	-14.884	-35.2
21.12	-8.749	-15.144	-28.3
21.13	-8.748	-15.045	-40.7
21.14	-8.748	-14.631	-49.3
21.15	-8.747	-14.016	-39.6
21.16	-8.746	-13.353	-34.6
21.17	-8.746	-12.734	-33.0
21.18	-8.746	-12.225	-36.6
21.19	-8.745	-11.886	-36.0
21.2	-8.746	-11.655	-29.6
21.21	-8.746	-11.481	-31.5
21.22	-8.748	-11.420	-40.8
21.23	-8.749	-11.522	-43.0
21.24	-8.751	-11.852	-32.4
21.25	-8.753	-12.336	-22.8
21.26	-8.755	-12.781	-29.0
21.27	-8.758	-13.025	-37.7
21.28	-8.760	-13.088	-33.5
21.29	-8.763	-13.095	-31.8
21.3	-8.765	-12.900	-37.6
21.31	-8.768	-12.506	-24.1
21.32	-8.770	-12.188	-11.0
21.33	-8.772	-12.083	-26.1
21.34	-8.774	-12.241	-34.2
21.35	-8.776	-12.530	-26.4
21.36	-8.779	-12.720	-25.8
21.37	-8.781	-12.745	-28.1
21.38	-8.783	-12.769	-26.7
21.39	-8.786	-12.877	-27.3
21.4	-8.787	-12.981	-29.0
21.41	-8.790	-13.094	-24.8
21.42	-8.792	-13.308	-23.3
21.43	-8.794	-13.616	-16.8
21.44	-8.796	-13.813	-11.2
21.45	-8.799	-13.692	-26.3
21.46	-8.801	-13.306	-29.3
21.47	-8.803	-12.878	-16.7
21.48	-8.804	-12.556	-26.2
21.49	-8.806	-12.427	-32.3
21.5	-8.808	-12.444	-12.3
21.51	-8.809	-12.605	-8.4
21.52	-8.811	-13.008	-29.2
21.53	-8.813	-13.456	-32.3
21.54	-8.814	-13.773	-16.1
21.55	-8.816	-13.925	-14.7
21.56	-8.818	-13.942	-19.6
21.57	-8.820	-13.914	-13.5
21.58	-8.822	-13.709	-12.8
21.59	-8.824	-13.255	-21.7
21.6	-8.826	-12.706	-22.1
21.61	-8.828	-12.230	-16.4
21.62	-8.830	-11.980	-23.5
21.63	-8.832	-11.953	-21.9
21.64	-8.833	-12.073	-11.9
21.65	-8.835	-12.277	-8.8
21.66	-8.836	-12.559	-8.5
21.67	-8.838	-13.008	-14.3
21.68	-8.839	-13.411	-24.3
21.69	-8.841	-13.713	-29.6
21.7	-8.842	-14.136	-22.0
21.71	-8.844	-13.750	-6.4
21.72	-8.845	-13.017	-3.8
21.73	-8.846	-12.788	-14.1
21.74	-8.848	-12.358	-18.5
21.75	-8.849	-12.173	-7.6
21.76	-8.850	-12.331	-1.6
21.77	-8.852	-12.398	-15.7
21.78	-8.854	-12.494	-10.0
21.79	-8.856	-12.695	27.2
21.8	-8.860	-12.966	42.4
21.81	-8.864	-13.163	34.5
21.82	-8.867	-13.189	28.6
21.83	-8.872	-13.189	1.0
21.84	-8.876	-13.317	-34.8
21.85	-8.880	-13.453	-29.2
21.86	-8.884	-13.466	-13.6
21.87	-8.889	-13.375	-29.8
21.88	-8.894	-13.214	-36.2
21.89	-8.899	-13.063	-20.3
21.9	-8.904	-12.972	-20.7
21.91	-8.909	-12.908	-40.0
21.92	-8.914	-12.864	-35.1
21.93	-8.920	-12.889	-20.5
21.94	-8.928	-12.911	-29.5
21.95	-8.937	-12.708	-27.9
21.96	-8.946	-12.320	-19.8
21.97	-8.951	-12.034	42.9
21.98	-8.954	-12.069	207.5
21.99	-8.956	-12.505	303.6
22.0	-8.961	-13.134	233.7
22.01	-8.966	-13.588	80.0
22.02	-8.973	-13.638	-36.7
22.03	-8.981	-13.342	-42.3
22.04	-8.990	-12.923	-27.6
22.05	-8.999	-12.564	-39.3
22.06	-9.006	-12.347	-37.1
22.07	-9.010	-12.250	-27.3
22.08	-9.011	-12.333	-28.2
22.09	-9.012	-12.684	-42.4
22.1	-9.013	-13.192	-45.5
22.11	-9.013	-13.603	-24.8
22.12	-9.012	-13.667	-15.5
22.13	-9.011	-13.297	-22.5
22.14	-9.008	-12.241	-25.7
22.15	-9.007	-9.394	-22.8
22.16	-9.008	-3.539	-16.9
22.17	-9.009	5.228	-13.3
22.18	-9.012	15.363	-21.7
22.19	-9.016	24.545	-27.7
22.2	-9.022	30.744	-8.2
22.21	-9.029	33.200	1.9
22.22	-9.037	32.378	-8.7
22.23	-9.047	29.231	3.2
22.24	-9.056	24.628	21.7
22.25	-9.067	19.095	20.9
22.26	-9.077	13.044	25.6
22.27	-9.087	7.109	47.4
22.28	-9.096	1.756	63.1
22.29	-9.104	-2.894	59.5
22.3	-9.111	-6.592	58.5
22.31	-9.117	-9.077	68.4
22.32	-9.123	-10.352	77.3
22.33	-9.131	-10.588	72.2
22.34	-9.140	-9.838	46.7
22.35	-9.151	-8.139	31.8
22.36	-9.160	-6.005	16.0
22.37	-9.169	-4.239	-20.1
22.38	-9.178	-3.269	-38.5
22.39	-9.187	-3.317	-33.4
22.4	-9.196	-4.514	-29.9
22.41	-9.203	-6.680	-37.0
22.42	-9.208	-9.325	-36.7
22.43	-9.214	-11.597	-39.5
22.44	-9.221	-12.894	-46.1
22.45	-9.229	-13.203	-47.6
22.46	-9.237	-12.678	-50.4
22.47	-9.245	-11.594	-43.0
22.48	-9.253	-10.333	-36.2
22.49	-9.262	-9.097	-33.8
22.5	-9.271	-7.933	-32.4
22.51	-9.281	-6.989	-36.2
22.52	-9.291	-6.381	-38.9
22.53	-9.301	-6.130	-40.1
22.54	-9.311	-6.245	-41.8
22.55	-9.319	-6.597	-45.4
22.56	-9.326	-7.036	-35.3
22.57	-9.332	-7.609	-29.7
22.58	-9.338	-8.384	-44.2
22.59	-9.343	-9.348	-41.2
22.6	-9.349	-10.533	-31.5
22.61	-9.354	-11.827	-34.2
22.62	-9.360	-12.941	-42.0
22.63	-9.366	-13.838	-46.3
22.64	-9.372	-14.559	-45.1
22.65	-9.378	-14.989	-40.6
22.66	-9.384	-15.127	-32.4
22.67	-9.391	-15.031	-34.1
22.68	-9.397	-14.750	-42.7
22.69	-9.403	-14.280	-35.8
22.7	-9.409	-13.533	-28.3
22.71	-9.414	-12.617	-35.8
22.72	-9.419	-11.809	-47.5
22.73	-9.424	-11.292	-47.4
22.74	-9.429	-11.153	-32.6
22.75	-9.434	-11.389	-25.3
22.76	-9.440	-11.755	-37.2
22.77	-9.446	-12.042	-46.2
22.78	-9.453	-12.361	-34.5
22.79	-9.458	-12.877	-27.0
22.8	-9.464	-13.459	-31.8
22.81	-9.469	-13.711	-32.9
22.82	-9.473	-13.455	-28.1
22.83	-9.478	-12.934	-32.2
22.84	-9.483	-12.411	-36.6
22.85	-9.488	-11.939	-20.5
22.86	-9.492	-11.591	-20.7
22.87	-9.496	-11.552	-38.6
22.88	-9.501	-11.884	-37.0
22.89	-9.506	-12.369	-31.9
22.9	-9.513	-12.795	-33.8
22.91	-9.518	-13.311	-29.8
22.92	-9.524	-13.955	-21.0
22.93	-9.530	-14.472	-19.9
22.94	-9.536	-14.738	-28.9
22.95	-9.541	-14.764	-29.8
22.96	-9.547	-14.589	-27.2
22.97	-9.553	-14.334	-32.4
22.98	-9.559	-14.017	-25.5
22.99	-9.565	-13.433	-22.7
23.0	-9.570	-12.580	-26.2
23.01	-9.574	-11.730	-3.3
23.02	-9.579	-11.170	-7.5
23.03	-9.584	-11.153	-37.4
23.04	-9.588	-11.742	-33.0
23.05	-9.593	-12.711	-26.4
23.06	-9.598	-13.739	-35.4
23.07	-9.601	-14.602	-26.8
23.08	-9.605	-15.172	-4.3
23.09	-9.609	-15.341	-1.9
23.1	-9.613	-15.039	-23.2
23.11	-9.615	-14.403	-36.7
23.12	-9.618	-13.702	-25.5
23.13	-9.621	-13.073	-23.1
23.14	-9.623	-12.506	-29.7
23.15	-9.626	-11.922	-20.3
23.16	-9.629	-11.353	-11.7
23.17	-9.631	-11.028	-10.6
23.18	-9.633	-11.123	-16.5
23.19	-9.635	-11.675	-23.4
23.2	-9.636	-12.634	-28.9
23.21	-9.638	-13.705	-27.0
23.22	-9.638	-14.389	-12.7
23.23	-9.638	-14.531	-5.3
23.24	-9.638	-14.263	-5.2
23.25	-9.637	-13.677	0.1
23.26	-9.636	-13.092	14.4
23.27	-9.634	-12.613	28.7
23.28	-9.631	-12.109	29.0
23.29	-9.627	-11.716	13.5
23.3	-9.622	-11.500	-11.3
23.31	-9.614	-11.470	-29.3
23.32	-9.604	-11.639	-38.5
23.33	-9.594	-12.014	-40.6
23.34	-9.582	-12.667	-34.2
23.35	-9.569	-13.469	-29.0
23.36	-9.555	-14.133	-26.7
23.37	-9.539	-14.480	-29.9
23.38	-9.521	-14.423	-34.1
23.39	-9.502	-13.917	-36.4
23.4	-9.486	-13.063	-39.3
23.41	-9.471	-12.102	-31.8
23.42	-9.459	-11.300	-25.1
23.43	-9.448	-10.816	-30.3
23.44	-9.435	-10.706	9.3
23.45	-9.419	-10.966	153.9
23.46	-9.400	-11.484	282.8
23.47	-9.381	-12.048	249.4
23.48	-9.364	-12.447	92.9
23.49	-9.349	-12.702	-32.3
23.5	-9.332	-12.916	-53.3
23.51	-9.316	-13.017	-41.3
23.52	-9.301	-13.016	-40.7
23.53	-9.286	-13.070	-38.5
23.54	-9.270	-13.191	-29.1
23.55	-9.252	-13.208	-25.9
23.56	-9.232	-12.927	-30.4
23.57	-9.211	-12.497	-21.6
23.58	-9.191	-12.291	-16.8
23.59	-9.172	-12.320	-30.7
23.6	-9.155	-12.444	-25.6
23.61	-9.138	-12.520	-22.5
23.62	-9.122	-12.055	-34.3
23.63	-9.106	-10.088	-23.2
23.64	-9.091	-5.489	2.5
23.65	-9.076	2.055	15.0
23.66	-9.063	11.300	-0.8
23.67	-9.050	20.095	-16.7
23.68	-9.038	26.617	-0.8
23.69	-9.027	30.067	3.8
23.7	-9.017	30.475	1.4
23.71	-9.007	28.377	33.0
23.72	-8.996	24.553	56.3
23.73	-8.986	19.547	55.0
23.74	-8.978	13.738	62.6
23.75	-8.969	7.659	83.1
23.76	-8.959	1.889	88.2
23.77	-8.950	-3.138	78.9
23.78	-8.941	-7.164	81.8
23.79	-8.933	-9.983	98.7
23.8	-8.925	-11.488	94.6
23.81	-8.921	-11.953	49.5
23.82	-8.917	-11.550	10.5
23.83	-8.912	-10.345	2.9
23.84	-8.908	-8.830	4.5
23.85	-8.902	-7.528	-37.2
23.86	-8.898	-6.817	-77.7
23.87	-8.891	-6.975	-67.0
23.88	-8.885	-7.945	-50.4
23.89	-8.878	-9.378	-32.0
23.9	-8.873	-10.886	-33.9
23.91	-8.867	-12.016	-58.7
23.92	-8.863	-12.402	-61.1
23.93	-8.859	-12.042	-41.1
23.94	-8.856	-11.192	-45.3
23.95	-8.854	-9.913	-63.6
23.96	-8.853	-8.653	-50.6
23.97	-8.852	-7.409	-35.9
23.98	-8.850	-5.869	-31.4
23.99	-8.848	-5.180	-33.2
24.0	-8.846	-5.175	-41.5
24.01	-8.842	-5.236	-32.3
24.02	-8.839	-5.667	-33.7
24.03	-8.835	-6.223	-44.6
24.04	-8.829	-6.925	-47.5
24.05	-8.823	-7.938	-51.4
24.06	-8.817	-9.484	-45.3
24.07	-8.810	-11.477	-38.2
24.08	-8.804	-13.445	-35.2
24.09	-8.798	-15.128	-37.3
24.1	-8.793	-16.409	-40.8
24.11	-8.787	-17.144	-37.5
24.12	-8.781	-17.300	-43.8
24.13	-8.776	-16.925	-52.1
24.14	-8.772	-16.194	-44.8
24.15	-8.767	-15.253	-44.8
24.16	-8.762	-14.186	-46.9
24.17	-8.757	-13.169	-27.7
24.18	-8.752	-12.386	-23.8
24.19	-8.747	-11.964	-51.3
24.2	-8.742	-12.017	-50.6
24.21	-8.737	-12.581	-30.5
24.22	-8.732	-13.466	-35.5
24.23	-8.728	-14.338	-45.2
24.24	-8.725	-15.008	-38.4
24.25	-8.721	-15.242	-28.3
24.26	-8.718	-15.003	-25.2
24.27	-8.715	-14.644	-26.3
24.28	-8.712	-14.384	-39.6
24.29	-8.709	-14.397	-49.8
24.3	-8.706	-14.667	-39.0
24.31	-8.703	-15.091	-23.3
24.32	-8.701	-15.739	-23.0
24.33	-8.698	-16.689	-30.5
24.34	-8.696	-17.923	-30.7
24.35	-8.694	-19.114	-29.7
24.36	-8.692	-19.905	-27.1
24.37	-8.691	-19.988	-24.2
24.38	-8.690	-19.369	-30.1
24.39	-8.689	-18.452	-26.1
24.4	-8.686	-17.386	-18.3
24.41	-8.684	-16.294	-26.7
24.42	-8.682	-15.405	-29.6
24.43	-8.679	-14.794	-18.0
24.44	-8.676	-14.391	-11.1
24.45	-8.674	-14.150	-27.0
24.46	-8.672	-14.141	-36.9
24.47	-8.670	-14.406	-26.5
24.48	-8.668	-14.630	-23.2
24.49	-8.664	-14.992	-25.6
24.5	-8.661	-15.769	-27.4
24.51	-8.658	-16.313	-25.5
24.52	-8.655	-16.534	-22.6
24.53	-8.652	-16.611	-25.0
24.54	-8.650	-15.841	-26.4
24.55	-8.648	-14.202	-26.0
24.56	-8.646	-12.534	-25.7
24.57	-8.643	-11.144	-24.6
24.58	-8.639	-10.291	-16.2
24.59	-8.635	-10.164	-14.1
24.6	-8.632	-10.758	-26.7
24.61	-8.630	-11.816	-33.1
24.62	-8.629	-12.084	-30.0
24.63	-8.627	-11.856	-17.6
24.64	-8.624	-12.602	-17.9
24.65	-8.622	-13.823	-28.5
24.66	-8.619	-14.314	-16.1
24.67	-8.617	-14.141	-11.5
24.68	-8.614	-13.822	-18.3
24.69	-8.611	-13.450	-18.8
24.7	-8.609	-13.114	-17.5
24.71	-8.606	-12.781	-2.1
24.72	-8.605	-12.425	14.5
24.73	-8.604	-12.152	30.8
24.74	-8.604	-12.205	29.3
24.75	-8.603	-12.756	6.4
24.76	-8.602	-13.481	-10.2
24.77	-8.601	-13.766	-15.3
24.78	-8.599	-13.627	-11.1
24.79	-8.599	-13.513	-31.3
24.8	-8.599	-13.470	-48.6
24.81	-8.599	-13.263	-28.2
24.82	-8.598	-12.800	-29.8
24.83	-8.598	-12.255	-50.4
24.84	-8.596	-11.725	-42.2
24.85	-8.594	-11.261	-30.2
24.86	-8.594	-11.092	-29.2
24.87	-8.595	-11.342	-31.4
24.88	-8.596	-11.897	-33.1
24.89	-8.597	-12.525	-26.9
24.9	-8.595	-12.953	40.3
24.91	-8.591	-13.220	205.4
24.92	-8.586	-13.345	304.3
24.93	-8.584	-13.264	220.0
24.94	-8.583	-13.272	58.5
24.95	-8.581	-13.336	-36.9
24.96	-8.580	-13.086	-49.0
24.97	-8.579	-12.752	-47.6
24.98	-8.578	-12.616	-42.6
24.99	-8.575	-12.539	-41.1
25.0	-8.571	-12.489	-54.2
25.01	-8.566	-12.552	-63.0
25.02	-8.561	-12.477	-57.5
25.03	-8.556	-12.120	-53.2
25.04	-8.549	-12.263	-54.5
25.05	-8.543	-12.800	-48.1
25.06	-8.535	-11.989	-35.8
25.07	-8.526	-9.980	-27.8
25.08	-8.518	-6.953	-30.3
25.09	-8.511	-1.131	-33.7
25.1	-8.502	7.617	-24.8
25.11	-8.494	17.555	-14.4
25.12	-8.488	26.516	-0.5
25.13	-8.483	32.586	15.5
25.14	-8.479	34.900	15.7
25.15	-8.477	34.034	4.6
25.16	-8.476	30.992	10.3
25.17	-8.476	26.156	28.6
25.18	-8.477	20.244	32.4
25.19	-8.478	14.261	31.3
25.2	-8.479	8.642	36.7
25.21	-8.480	3.733	51.6
25.22	-8.481	-0.098	68.0
25.23	-8.482	-2.844	77.0
25.24	-8.482	-4.800	82.9
25.25	-8.483	-6.030	84.6
25.26	-8.484	-6.489	77.4
25.27	-8.487	-6.352	43.1
25.28	-8.491	-5.742	6.1
25.29	-8.494	-4.942	1.2
25.3	-8.499	-4.242	-4.8
25.31	-8.504	-3.589	-23.9
25.32	-8.510	-3.777	-30.4
25.33	-8.517	-5.134	-34.9
25.34	-8.523	-7.052	-40.0
25.35	-8.529	-10.469	-41.7
25.36	-8.535	-12.792	-49.1
25.37	-8.541	-8.920	-48.4
25.38	-8.549	-1.575	-36.0
25.39	-8.556	5.464	-35.5
25.4	-8.564	16.995	-37.3
25.41	-8.572	33.569	-37.1
25.42	-8.582	46.027	-44.7
25.43	-8.592	50.477	-41.5
25.44	-8.605	50.895	-43.0
25.45	-8.617	50.625	-50.9
25.46	-8.631	50.300	-54.7
25.47	-8.644	48.338	-50.3
25.48	-8.656	44.098	-32.5
25.49	-8.666	38.208	-19.7
25.5	-8.676	31.947	-16.5
25.51	-8.686	25.956	-32.6
25.52	-8.697	19.728	-48.3
25.53	-8.707	16.130	-49.6
25.54	-8.718	18.131	-46.8
25.55	-8.729	22.611	-29.2
25.56	-8.740	24.084	-14.9
25.57	-8.751	21.631	-27.2
25.58	-8.763	17.998	-34.9
25.59	-8.774	15.364	-30.1
25.6	-8.786	13.888	-34.9
25.61	-8.797	13.378	-34.0
25.62	-8.809	14.158	-31.5
25.63	-8.821	14.836	-33.7
25.64	-8.834	13.792	-22.4
25.65	-8.848	11.817	-11.4
25.66	-8.861	10.641	-25.4
25.67	-8.875	10.072	-40.6
25.68	-8.889	9.089	-27.8
25.69	-8.904	9.673	-16.8
25.7	-8.918	14.452	-25.2
25.71	-8.933	21.833	-37.8
25.72	-8.949	28.005	-37.3
25.73	-8.963	30.638	-22.8
25.74	-8.978	29.261	-8.9
25.75	-8.992	25.658	-13.3
25.76	-9.007	22.106	-34.7
25.77	-9.021	19.775	-30.3
25.78	-9.036	16.475	-18.0
25.79	-9.051	11.438	-19.4
25.8	-9.065	9.959	-21.5
25.81	-9.080	13.964	-24.9
25.82	-9.094	19.131	-28.2
25.83	-9.109	21.139	-34.9
25.84	-9.124	18.444	-27.9
25.85	-9.138	11.655	-20.3
25.86	-9.151	2.583	-20.4
25.87	-9.163	-6.758	-18.3
25.88	-9.175	-15.531	-23.2
25.89	-9.188	-23.416	-31.0
25.9	-9.200	-29.127	-24.6
25.91	-9.212	-31.409	-14.7
25.92	-9.224	-31.205	-16.6
25.93	-9.238	-30.622	-26.1
25.94	-9.251	-29.472	-27.3
25.95	-9.264	-26.717	-12.5
25.96	-9.278	-23.783	-16.8
25.97	-9.293	-22.083	-31.6
25.98	-9.308	-20.863	-20.3
25.99	-9.321	-19.352	-14.7
26.0	-9.334	-17.931	-22.5
26.01	-9.346	-16.972	-18.2
26.02	-9.359	-16.142	-15.4
26.03	-9.373	-14.703	-15.8
26.04	-9.388	-12.192	-17.4
26.05	-9.401	-7.659	-18.2
26.06	-9.415	-0.348	-16.4
26.07	-9.428	7.950	-17.9
26.08	-9.441	15.267	-19.8
26.09	-9.454	18.762	-21.0
26.1	-9.467	16.505	-19.7
26.11	-9.482	10.797	-23.2
26.12	-9.496	3.995	-22.6
26.13	-9.510	-2.813	-19.3
26.14	-9.526	-8.527	-9.1
26.15	-9.543	-12.641	4.4
26.16	-9.559	-15.469	11.3
26.17	-9.575	-17.356	20.3
26.18	-9.591	-18.925	27.2
26.19	-9.607	-20.550	11.5
26.2	-9.623	-22.098	-7.6
26.21	-9.639	-23.559	-15.2
26.22	-9.654	-24.658	-29.0
26.23	-9.670	-24.763	-27.8
26.24	-9.686	-23.988	-25.4
26.25	-9.702	-23.361	-37.9
26.26	-9.716	-23.359	-30.6
26.27	-9.729	-23.539	-22.8
26.28	-9.741	-23.550	-35.5
26.29	-9.754	-23.113	-34.7
26.3	-9.767	-22.141	-18.8
26.31	-9.783	-21.402	-15.6
26.32	-9.798	-21.645	-32.4
26.33	-9.813	-22.620	-11.4
26.34	-9.824	-23.591	124.4
26.35	-9.834	-24.444	286.1
26.36	-9.844	-25.580	302.1
26.37	-9.856	-26.903	158.2
26.38	-9.866	-28.078	4.2
26.39	-9.875	-29.283	-44.4
26.4	-9.883	-30.795	-45.9
26.41	-9.891	-32.048	-50.2
26.42	-9.898	-32.355	-39.8
26.43	-9.902	-32.502	-20.3
26.44	-9.902	-33.564	-13.8
26.45	-9.899	-35.317	-34.3
26.46	-9.897	-36.942	-37.4
26.47	-9.895	-37.570	-28.7
26.48	-9.894	-36.969	-26.3
26.49	-9.896	-35.766	-13.5
26.5	-9.898	-34.141	-6.9
26.51	-9.900	-31.023	-9.5
26.52	-9.902	-25.808	-11.0
26.53	-9.906	-18.678	-13.7
26.54	-9.911	-8.495	-22.7
26.55	-9.914	5.267	-20.8
26.56	-9.919	19.772	4.6
26.57	-9.923	30.600	20.8
26.58	-9.928	36.055	18.8
26.59	-9.933	37.567	15.7
26.6	-9.940	36.336	19.7
26.61	-9.947	32.545	34.6
26.62	-9.954	26.638	46.6
26.63	-9.963	19.325	55.4
26.64	-9.971	11.234	70.2
26.65	-9.978	4.003	82.8
26.66	-9.984	-1.113	97.9
26.67	-9.989	-4.622	106.3
26.68	-9.994	-7.783	96.5
26.69	-10.001	-11.103	70.0
26.7	-10.009	-13.622	50.7
26.71	-10.020	-14.330	38.9
26.72	-10.029	-13.238	7.4
26.73	-10.036	-10.922	-18.6
26.74	-10.044	-8.216	-25.1
26.75	-10.053	-6.761	-31.1
26.76	-10.062	-8.041	-49.6
26.77	-10.070	-11.297	-63.3
26.78	-10.078	-14.500	-50.6
26.79	-10.088	-17.131	-45.7
26.8	-10.096	-19.414	-51.1
26.81	-10.104	-20.502	-53.8
26.82	-10.113	-19.941	-44.1
26.83	-10.123	-18.639	-41.2
26.84	-10.132	-17.219	-54.6
26.85	-10.141	-15.133	-43.4
26.86	-10.149	-11.800	-34.5
26.87	-10.158	-7.859	-37.5
26.88	-10.167	-5.203	-38.3
26.89	-10.178	-4.923	-39.9
26.9	-10.186	-6.553	-48.3
26.91	-10.194	-9.291	-55.1
26.92	-10.201	-12.361	-51.2
26.93	-10.206	-14.689	-44.4
26.94	-10.213	-15.491	-37.8
26.95	-10.219	-15.080	-44.6
26.96	-10.226	-14.775	-43.1
26.97	-10.234	-16.133	-41.5
26.98	-10.243	-18.002	-48.0
26.99	-10.249	-17.572	-43.7
27.0	-10.254	-15.430	-45.7
27.01	-10.261	-14.170	-53.1
27.02	-10.268	-13.570	-45.4
27.03	-10.273	-12.136	-47.8
27.04	-10.278	-10.336	-59.6
27.05	-10.281	-9.769	-57.1
27.06	-10.283	-11.677	-45.8
27.07	-10.283	-15.984	-36.7
27.08	-10.280	-20.570	-46.0
27.09	-10.274	-22.034	-53.8
27.1	-10.263	-19.627	-52.6
27.11	-10.248	-16.616	-47.1
27.12	-10.226	-17.977	-43.1
27.13	-10.198	-29.069	-46.9
27.14	-10.166	-41.564	-39.6
27.15	-10.130	-44.427	-36.3
27.16	-10.094	-41.372	-48.0
27.17	-10.056	-35.775	-54.3
27.18	-10.019	-29.716	-47.7
27.19	-9.984	-25.053	-42.2
27.2	-9.949	-23.734	-34.3
27.21	-9.915	-30.042	-31.5
27.22	-9.882	-36.888	-31.7
27.23	-9.849	-36.105	-30.8
27.24	-9.818	-31.895	-43.1
27.25	-9.789	-29.559	-48.5
27.26	-9.760	-28.981	-33.3
27.27	-9.732	-28.714	-11.9
27.28	-9.704	-28.964	-12.9
27.29	-9.677	-29.078	-33.5
27.3	-9.652	-28.263	-32.2
27.31	-9.629	-26.525	-30.0
27.32	-9.605	-24.139	-33.4
27.33	-9.581	-21.489	-20.1
27.34	-9.556	-18.886	-26.5
27.35	-9.533	-16.425	-27.8
27.36	-9.510	-14.075	-17.8
27.37	-9.489	-11.438	-24.7
27.38	-9.469	-8.927	-18.8
27.39	-9.449	-10.436	-8.3
27.4	-9.430	-14.044	-16.1
27.41	-9.412	-13.992	-20.5
27.42	-9.394	-11.908	7.6
27.43	-9.376	-9.466	18.0
27.44	-9.359	-9.767	7.9
27.45	-9.342	-15.425	22.7
27.46	-9.326	-20.817	28.6
27.47	-9.311	-22.205	3.8
27.48	-9.296	-21.920	-24.5
27.49	-9.280	-22.070	-26.7
27.5	-9.264	-22.998	-22.8
27.51	-9.249	-24.881	-25.0
27.52	-9.234	-27.273	-21.4
27.53	-9.219	-28.058	-24.8
27.54	-9.203	-25.194	-28.1
27.55	-9.186	-19.367	-25.0
27.56	-9.169	-13.447	-23.7
27.57	-9.153	-9.920	-34.8
27.58	-9.139	-9.125	-39.8
27.59	-9.127	-15.031	-27.7
27.6	-9.114	-31.247	-24.5
27.61	-9.100	-46.203	38.6
27.62	-9.082	-50.884	206.0
27.63	-9.062	-51.117	297.2
27.64	-9.042	-50.572	209.3
27.65	-9.025	-46.956	44.4
27.66	-9.010	-39.686	-55.4
27.67	-8.995	-32.966	-58.8
27.68	-8.981	-28.658	-43.2
27.69	-8.966	-25.291	-38.6
27.7	-8.954	-22.347	-26.1
27.71	-8.941	-18.659	-17.2
27.72	-8.926	-13.431	-16.3
27.73	-8.907	-7.883	-12.3
27.74	-8.886	-2.834	-32.5
27.75	-8.866	0.402	-48.2
27.76	-8.846	0.708	-28.1
27.77	-8.828	-0.239	-20.8
27.78	-8.810	-1.200	-15.3
27.79	-8.793	-2.608	0.1
27.8	-8.774	-2.147	-3.0
27.81	-8.757	3.194	-5.6
27.82	-8.739	12.234	-4.3
27.83	-8.721	22.633	-11.9
27.84	-8.704	32.716	-11.3
27.85	-8.688	39.836	7.8
27.86	-8.672	38.042	21.9
27.87	-8.658	25.986	21.5
27.88	-8.646	14.509	22.1
27.89	-8.634	10.170	31.1
27.9	-8.623	9.341	39.6
27.91	-8.612	8.106	52.0
27.92	-8.599	3.592	84.9
27.93	-8.588	-3.267	97.1
27.94	-8.574	-9.417	83.6
27.95	-8.561	-14.080	86.7
27.96	-8.547	-16.681	81.8
27.97	-8.535	-17.248	58.7
27.98	-8.524	-18.222	44.3
27.99	-8.511	-21.192	23.5
28.0	-8.496	-25.628	-17.5
28.01	-8.481	-30.970	-30.0
28.02	-8.466	-36.139	-24.0
28.03	-8.450	-41.269	-27.6
28.04	-8.435	-46.872	-33.8
28.05	-8.422	-50.055	-64.8
28.06	-8.412	-47.586	-77.8
28.07	-8.405	-38.172	-71.1
28.08	-8.400	-25.406	-65.5
28.09	-8.397	-15.703	-53.7
28.1	-8.394	-10.914	-39.8
28.11	-8.392	-9.334	-38.6
28.12	-8.388	-8.897	-45.0
28.13	-8.385	-8.061	-35.2
28.14	-8.383	-6.569	-32.8
28.15	-8.383	-5.256	-32.2
28.16	-8.382	-4.992	-24.1
28.17	-8.380	-6.142	-25.0
28.18	-8.377	-6.752	-30.1
28.19	-8.374	-5.191	-33.8
28.2	-8.369	-3.441	-19.5
28.21	-8.363	-3.086	-5.8
28.22	-8.356	-3.858	-11.4
28.23	-8.349	-5.005	-29.9
28.24	-8.343	-6.559	-56.3
28.25	-8.338	-9.023	-50.1
28.26	-8.333	-11.828	-32.6
28.27	-8.328	-13.988	-29.8
28.28	-8.321	-14.948	-18.1
28.29	-8.314	-15.338	-16.7
28.3	-8.309	-15.830	-22.3
28.31	-8.305	-16.564	-22.8
28.32	-8.302	-16.970	-34.8
28.33	-8.299	-16.372	-45.3
28.34	-8.299	-15.530	-36.8
28.35	-8.297	-15.242	-34.1
28.36	-8.295	-15.269	-35.0
28.37	-8.292	-15.067	-29.1
28.38	-8.289	-14.552	-24.5
28.39	-8.286	-14.350	-22.9
28.4	-8.283	-14.670	-23.2
28.41	-8.279	-15.006	-27.6
28.42	-8.274	-15.089	-36.7
28.43	-8.270	-15.164	-36.8
28.44	-8.266	-15.897	-35.8
28.45	-8.262	-17.330	-29.8
28.46	-8.258	-18.600	-8.8
28.47	-8.254	-17.650	-17.3
28.48	-8.249	-11.167	-41.8
28.49	-8.244	-3.341	-30.1
28.5	-8.239	0.980	-13.3
28.51	-8.236	4.239	-24.2
28.52	-8.232	6.770	-37.0
28.53	-8.229	8.603	-27.1
28.54	-8.227	10.448	-25.1
28.55	-8.225	11.188	-37.3
28.56	-8.223	10.000	-33.4
28.57	-8.222	7.073	-19.0
28.58	-8.221	3.408	-7.7
28.59	-8.221	0.238	-34.3
28.6	-8.221	-2.538	-56.8
28.61	-8.222	-5.109	-32.3
28.62	-8.222	-6.745	-26.1
28.63	-8.222	-8.748	-41.0
28.64	-8.220	-11.614	-29.8
28.65	-8.217	-15.253	-24.4
28.66	-8.214	-18.855	-34.6
28.67	-8.212	-19.981	-30.2
28.68	-8.210	-19.434	-25.0
28.69	-8.208	-18.703	-23.6
28.7	-8.206	-17.877	-20.0
28.71	-8.202	-16.020	-23.8
28.72	-8.197	-9.823	-31.5
28.73	-8.195	-1.169	-20.8
28.74	-8.194	2.172	-5.8
28.75	-8.192	3.011	-0.8
28.76	-8.193	3.834	9.7
28.77	-8.199	0.048	16.8
28.78	-8.208	-5.441	19.3
28.79	-8.212	-9.684	3.8
28.8	-8.213	-13.533	-38.5
28.81	-8.216	-16.953	-55.8
28.82	-8.221	-19.769	-41.5
28.83	-8.228	-22.308	-45.6
28.84	-8.234	-24.566	-60.7
28.85	-8.239	-25.119	-53.9
28.86	-8.245	-20.805	-41.8
28.87	-8.251	-12.511	-41.2
28.88	-8.258	-6.894	-34.0
28.89	-8.264	-4.114	-32.4
28.9	-8.273	-0.939	-44.8
28.91	-8.281	-0.272	-53.2
28.92	-8.288	-2.358	-2.2
28.93	-8.293	-3.881	147.3
28.94	-8.294	-4.959	281.4
28.95	-8.294	-6.723	272.9
28.96	-8.294	-7.847	137.6
28.97	-8.295	-7.313	-5.0
28.98	-8.294	-7.061	-57.2
28.99	-8.289	-7.394	-49.7
29.0	-8.281	-5.509	-32.9
29.01	-8.270	-2.789	-32.8
29.02	-8.256	-2.583	-50.4
29.03	-8.240	-4.136	-52.8
29.04	-8.224	-6.139	-41.7
29.05	-8.204	-8.434	-36.1
29.06	-8.176	-10.227	-26.5
29.07	-8.141	-10.602	-21.5
29.08	-8.103	-9.313	-25.4
29.09	-8.064	-6.597	-37.8
29.1	-8.028	-2.492	-38.2
29.11	-7.996	3.878	-21.0
29.12	-7.966	13.248	-17.4
29.13	-7.933	24.767	-22.8
29.14	-7.896	35.864	-19.1
29.15	-7.857	43.945	-15.9
29.16	-7.818	48.502	-19.5
29.17	-7.778	50.145	-19.0
29.18	-7.738	48.781	-10.0
29.19	-7.701	44.266	-0.7
29.2	-7.664	37.111	-0.5
29.21	-7.627	28.091	12.3
29.22	-7.588	18.488	37.3
29.23	-7.547	9.702	31.4
29.24	-7.504	2.903	28.9
29.25	-7.459	-1.700	52.6
29.26	-7.413	-4.952	63.0
29.27	-7.367	-7.430	69.4
29.28	-7.323	-8.391	72.6
29.29	-7.281	-6.528	58.3
29.3	-7.242	-2.436	35.8
29.31	-7.207	1.552	6.6
29.32	-7.174	4.028	-3.6
29.33	-7.143	4.200	3.0
29.34	-7.113	2.161	-10.6
29.35	-7.084	-0.903	-30.6
29.36	-7.058	-4.811	-38.1
29.37	-7.034	-8.692	-42.6
29.38	-7.013	-10.641	-46.9
29.39	-6.991	-10.633	-48.8
29.4	-6.967	-9.838	-46.6
29.41	-6.944	-8.356	-45.9
29.42	-6.924	-6.231	-49.5
29.43	-6.909	-4.008	-51.5
29.44	-6.896	-1.823	-64.0
29.45	-6.886	-0.105	-78.0
29.46	-6.881	0.700	-76.9
29.47	-6.879	0.703	-74.2
29.48	-6.879	-0.438	-71.1
29.49	-6.881	-3.097	-64.9
29.5	-6.884	-6.217	-61.1
29.51	-6.888	-8.356	-39.8
29.52	-6.891	-9.802	-15.8
29.53	-6.896	-11.145	-24.6
29.54	-6.901	-11.858	-11.8
29.55	-6.906	-11.789	-2.3
29.56	-6.913	-11.533	-18.3
29.57	-6.919	-11.205	-12.6
29.58	-6.926	-10.741	-12.7
29.59	-6.936	-12.048	-15.1
29.6	-6.947	-14.889	-10.6
29.61	-6.962	-15.634	-16.1
29.62	-6.978	-14.941	-30.5
29.63	-6.994	-14.788	-37.1
29.64	-7.011	-14.314	-20.6
29.65	-7.028	-13.219	-22.8
29.66	-7.046	-12.713	-28.4
29.67	-7.064	-12.569	-22.6
29.68	-7.084	-10.644	-27.4
29.69	-7.104	-7.625	-36.0
29.7	-7.125	-5.772	-33.2
29.71	-7.148	-5.820	-31.4
29.72	-7.171	-7.747	-40.9
29.73	-7.196	-10.720	-35.8
29.74	-7.221	-13.164	-41.3
29.75	-7.248	-14.038	-36.5
29.76	-7.275	-13.833	-16.1
29.77	-7.302	-14.295	-35.7
29.78	-7.328	-15.411	-50.5
29.79	-7.354	-16.613	-37.3
29.8	-7.380	-17.569	-31.2
29.81	-7.404	-16.270	-38.7
29.82	-7.428	-14.367	-30.9
29.83	-7.453	-14.808	-6.6
29.84	-7.478	-16.533	-8.8
29.85	-7.503	-16.966	-13.1
29.86	-7.531	-16.345	10.5
29.87	-7.559	-16.855	8.4
29.88	-7.586	-18.506	-12.3
29.89	-7.613	-20.472	-18.3
29.9	-7.639	-22.155	-28.3
29.91	-7.664	-22.991	-37.0
29.92	-7.689	-23.081	-54.1
29.93	-7.711	-23.041	-62.5
29.94	-7.731	-23.005	-37.4
29.95	-7.748	-23.216	-23.1
29.96	-7.763	-23.427	-37.2
29.97	-7.777	-22.852	-47.0
29.98	-7.792	-21.606	-33.6
29.99	-7.806	-20.413	-32.9
30.0	-7.821	-19.580	-40.3
30.01	-7.835	-18.884	-16.1
30.02	-7.847	-18.347	104.4
30.03	-7.857	-18.306	278.4
30.04	-7.868	-18.794	309.1
30.05	-7.881	-19.567	168.4
30.06	-7.895	-20.277	24.6
30.07	-7.912	-20.131	-45.5
30.08	-7.931	-18.850	-65.5
30.09	-7.950	-18.234	-50.8
30.1	-7.971	-18.970	-51.5
30.11	-7.993	-17.988	-49.9
30.12	-8.015	-14.495	-28.3
30.13	-8.037	-12.178	-28.6
30.14	-8.061	-12.741	-40.6
30.15	-8.086	-13.831	-36.8
30.16	-8.109	-13.022	-35.0
30.17	-8.129	-10.631	-43.8
30.18	-8.149	-9.145	-27.8
30.19	-8.168	-9.294	-21.2
30.2	-8.188	-7.977	-31.0
30.21	-8.210	-2.942	-4.5
30.22	-8.233	4.827	6.9
30.23	-8.257	13.211	-14.6
30.24	-8.281	20.181	-3.0
30.25	-8.306	25.236	-2.1
30.26	-8.331	28.561	-6.8
30.27	-8.357	29.441	12.8
30.28	-8.385	28.545	14.4
30.29	-8.416	26.611	19.8
30.3	-8.449	22.405	33.3
30.31	-8.484	16.289	55.7
30.32	-8.521	10.153	80.5
30.33	-8.558	5.813	85.1
30.34	-8.594	3.872	92.7
30.35	-8.629	1.720	95.4
30.36	-8.662	-1.736	79.3
30.37	-8.695	-5.000	61.1
30.38	-8.729	-7.369	42.2
30.39	-8.764	-8.389	8.7
30.4	-8.801	-7.902	-27.0
30.41	-8.836	-6.613	-37.2
30.42	-8.871	-6.253	-38.8
30.43	-8.906	-7.963	-45.2
30.44	-8.941	-11.288	-37.1
30.45	-8.975	-15.100	-45.1
30.46	-9.008	-18.503	-63.1
30.47	-9.040	-20.794	-63.1
30.48	-9.073	-21.405	-51.3
30.49	-9.109	-20.667	-47.6
30.5	-9.145	-19.303	-49.9
30.51	-9.180	-17.142	-36.4
30.52	-9.216	-14.056	-34.2
30.53	-9.252	-11.066	-43.6
30.54	-9.289	-9.061	-49.3
30.55	-9.325	-7.702	-51.3
30.56	-9.361	-6.836	-47.8
30.57	-9.394	-6.684	-50.4
30.58	-9.428	-6.789	-39.8
30.59	-9.466	-6.469	-32.2
30.6	-9.505	-5.920	-46.2
30.61	-9.541	-6.175	-49.1
30.62	-9.574	-7.378	-39.9
30.63	-9.607	-8.800	-30.1
30.64	-9.641	-10.094	-31.8
