Interval=	0.01 s
ExcelDateTime=	3.9777526797055514e+004	25/11/2008 12:38:35.265597
TimeFormat=	StartOfBlock
ChannelTitle=	Channel 1	Channel 2	Channel 3
Range=	20.000 mV	50.000 mV	500.0 µV
0.0	-8.878	-17.895	8.2
0.01	-8.897	-18.177	4.7
0.02	-8.916	-18.503	-12.7
0.03	-8.934	-18.717	-20.0
0.04	-8.951	-18.863	-37.0
0.05	-8.968	-19.075	-32.6
0.06	-8.986	-19.397	-12.7
0.07	-9.003	-19.698	-15.2
0.08	-9.019	-19.919	-22.0
0.09	-9.035	-20.058	-15.9
0.1	-9.052	-20.092	-17.0
0.11	-9.069	-20.141	-14.9
0.12	-9.087	-20.280	-12.8
0.13	-9.104	-20.438	-19.1
0.14	-9.123	-20.502	-20.6
0.15	-9.141	-20.423	-15.3
0.16	-9.158	-20.231	-21.4
0.17	-9.174	-19.936	-27.0
0.18	-9.189	-19.694	-19.7
0.19	-9.206	-19.577	-5.4
0.2	-9.222	-19.439	-2.7
0.21	-9.238	-19.247	-9.7
0.22	-9.254	-19.023	-13.8
0.23	-9.269	-18.720	-20.2
0.24	-9.286	-18.395	-22.2
0.25	-9.303	-18.253	-11.0
0.26	-9.318	-18.272	-11.9
0.27	-9.334	-18.191	-24.5
0.28	-9.351	-18.042	-14.4
0.29	-9.367	-18.016	1.2
0.3	-9.384	-17.958	-12.3
0.31	-9.402	-17.777	-20.5
0.32	-9.419	-17.789	-17.9
0.33	-9.436	-18.019	-18.8
0.34	-9.453	-18.208	-15.4
0.35	-9.468	-18.419	-12.2
0.36	-9.484	-18.620	-19.6
0.37	-9.499	-18.397	-12.3
0.38	-9.513	-17.752	7.4
0.39	-9.527	-17.381	5.3
0.4	-9.542	-17.553	5.9
0.41	-9.557	-17.861	24.1
0.42	-9.572	-17.973	32.8
0.43	-9.588	-17.861	25.9
0.44	-9.603	-17.709	7.9
0.45	-9.618	-17.642	-8.7
0.46	-9.633	-17.683	-16.4
0.47	-9.647	-17.919	-11.6
0.48	-9.662	-18.114	-12.8
0.49	-9.678	-17.892	-30.3
0.5	-9.694	-17.563	-40.2
0.51	-9.708	-17.575	-28.6
0.52	-9.722	-17.767	-22.5
0.53	-9.735	-17.778	-34.2
0.54	-9.748	-17.484	-39.6
0.55	-9.763	-17.106	-25.2
0.56	-9.779	-16.833	-10.1
0.57	-9.797	-16.666	-9.2
0.58	-9.814	-16.498	-16.5
0.59	-9.831	-16.245	32.6
0.6	-9.844	-16.150	176.7
0.61	-9.854	-16.370	298.6
0.62	-9.866	-16.717	247.7
0.63	-9.879	-17.056	81.4
0.64	-9.890	-17.331	-22.3
0.65	-9.901	-17.320	-38.4
0.66	-9.911	-17.005	-39.7
0.67	-9.920	-16.758	-28.9
0.68	-9.928	-16.794	-34.0
0.69	-9.931	-17.144	-49.0
0.7	-9.929	-17.808	-30.1
0.71	-9.926	-18.536	-17.0
0.72	-9.922	-18.814	-31.6
0.73	-9.922	-18.455	-32.8
0.74	-9.922	-18.019	-29.0
0.75	-9.924	-17.645	-18.3
0.76	-9.925	-15.950	-5.7
0.77	-9.926	-10.706	-17.4
0.78	-9.928	0.300	-27.8
0.79	-9.929	17.766	-16.2
0.8	-9.932	36.672	-8.6
0.81	-9.936	48.092	-5.6
0.82	-9.939	50.991	5.2
0.83	-9.943	51.131	7.8
0.84	-9.945	51.139	5.4
0.85	-9.948	51.139	9.9
0.86	-9.952	51.138	10.0
0.87	-9.956	51.131	20.0
0.88	-9.959	50.578	33.6
0.89	-9.962	46.556	46.9
0.9	-9.963	36.789	61.8
0.91	-9.964	24.305	75.9
0.92	-9.966	13.148	91.4
0.93	-9.967	4.398	100.6
0.94	-9.971	-2.027	93.6
0.95	-9.976	-5.927	72.4
0.96	-9.986	-7.209	49.1
0.97	-9.995	-6.716	33.4
0.98	-10.003	-5.406	8.3
0.99	-10.011	-3.905	-20.0
1.0	-10.017	-3.117	-28.5
1.01	-10.021	-4.078	-31.6
1.02	-10.024	-7.194	-46.4
1.03	-10.024	-11.773	-48.8
1.04	-10.023	-16.530	-37.8
1.05	-10.022	-20.431	-39.9
1.06	-10.021	-22.573	-55.7
1.07	-10.019	-22.383	-53.8
1.08	-10.016	-20.222	-37.4
1.09	-10.010	-17.003	-37.0
1.1	-10.002	-13.189	-43.7
1.11	-9.991	-8.845	-36.8
1.12	-9.977	-4.833	-38.7
1.13	-9.960	-2.239	-36.8
1.14	-9.940	-0.956	-28.9
1.15	-9.916	-0.475	-31.5
1.16	-9.889	-0.828	-29.1
1.17	-9.858	-2.211	-32.0
1.18	-9.827	-4.419	-51.8
1.19	-9.796	-7.184	-54.5
1.2	-9.766	-10.592	-33.4
1.21	-9.738	-14.292	-17.7
1.22	-9.710	-17.625	-36.3
1.23	-9.683	-20.450	-50.6
1.24	-9.658	-22.716	-35.1
1.25	-9.633	-24.314	-24.7
1.26	-9.610	-25.364	-23.6
1.27	-9.588	-25.764	-36.5
1.28	-9.566	-25.072	-54.0
1.29	-9.544	-24.103	-35.2
1.3	-9.523	-23.802	-25.8
1.31	-9.503	-23.258	-43.9
1.32	-9.483	-22.134	-41.8
1.33	-9.464	-21.178	-23.3
1.34	-9.447	-20.522	-25.8
1.35	-9.431	-19.928	-39.5
1.36	-9.414	-19.409	-37.9
1.37	-9.398	-19.134	-28.5
1.38	-9.382	-18.958	-26.7
1.39	-9.367	-18.658	-30.0
1.4	-9.352	-18.292	-34.0
1.41	-9.337	-17.978	-29.5
1.42	-9.322	-17.584	-30.5
1.43	-9.308	-17.120	-33.9
1.44	-9.294	-16.800	-25.5
1.45	-9.281	-16.663	-30.8
1.46	-9.268	-16.630	-32.3
1.47	-9.255	-16.716	-19.6
1.48	-9.241	-16.898	-27.6
1.49	-9.229	-17.089	-27.4
1.5	-9.216	-17.384	-22.5
1.51	-9.204	-17.781	-33.3
1.52	-9.192	-18.044	-32.7
1.53	-9.181	-18.200	-11.8
1.54	-9.170	-18.544	-15.2
1.55	-9.160	-18.978	-38.9
1.56	-9.149	-18.928	-30.0
1.57	-9.139	-18.550	-15.6
1.58	-9.129	-18.644	-26.5
1.59	-9.120	-19.283	-35.2
1.6	-9.111	-19.934	-23.2
1.61	-9.101	-20.095	3.4
1.62	-9.091	-19.780	-10.1
1.63	-9.081	-19.528	-36.9
1.64	-9.072	-19.703	-33.3
1.65	-9.061	-20.139	-20.9
1.66	-9.051	-20.209	-13.1
1.67	-9.041	-19.770	-24.4
1.68	-9.031	-19.377	-33.2
1.69	-9.021	-19.145	-18.0
1.7	-9.010	-19.120	-12.5
1.71	-9.000	-19.461	-8.9
1.72	-8.991	-19.748	-7.5
1.73	-8.981	-19.592	-13.7
1.74	-8.972	-19.111	-19.0
1.75	-8.963	-18.678	-25.3
1.76	-8.955	-18.541	-21.3
1.77	-8.947	-18.430	-11.1
1.78	-8.941	-18.009	5.6
1.79	-8.934	-17.538	23.6
1.8	-8.928	-17.347	23.3
1.81	-8.923	-17.384	28.6
1.82	-8.918	-17.567	37.8
1.83	-8.913	-17.914	24.3
1.84	-8.908	-18.194	-14.3
1.85	-8.902	-17.947	-38.1
1.86	-8.896	-17.387	-36.9
1.87	-8.889	-17.300	-34.4
1.88	-8.881	-17.698	-32.0
1.89	-8.874	-17.892	-22.9
1.9	-8.866	-17.755	-22.3
1.91	-8.857	-17.730	-27.9
1.92	-8.848	-17.734	-31.7
1.93	-8.837	-17.381	-33.4
1.94	-8.827	-16.791	-25.0
1.95	-8.818	-16.372	-20.5
1.96	-8.809	-16.272	-27.2
1.97	-8.801	-16.339	-28.4
1.98	-8.791	-16.444	11.1
1.99	-8.778	-16.620	149.8
2.0	-8.763	-16.887	291.4
2.01	-8.748	-17.280	289.1
2.02	-8.734	-17.664	150.8
2.03	-8.723	-17.813	-4.0
2.04	-8.713	-17.841	-66.5
2.05	-8.703	-17.966	-42.1
2.06	-8.694	-18.137	-23.6
2.07	-8.685	-18.223	-37.5
2.08	-8.674	-18.398	-31.1
2.09	-8.661	-18.627	-22.1
2.1	-8.645	-18.556	-39.4
2.11	-8.627	-18.363	-43.7
2.12	-8.611	-18.206	-32.0
2.13	-8.595	-17.895	-24.2
2.14	-8.580	-17.422	-24.0
2.15	-8.564	-16.384	-20.8
2.16	-8.549	-13.256	-18.9
2.17	-8.533	-5.753	-20.1
2.18	-8.518	7.900	-19.8
2.19	-8.504	26.477	-8.3
2.2	-8.491	42.688	-6.4
2.21	-8.479	49.964	-21.2
2.22	-8.469	51.113	-8.3
2.23	-8.460	51.136	9.3
2.24	-8.453	51.139	-1.8
2.25	-8.446	51.139	4.6
2.26	-8.440	51.134	24.2
2.27	-8.435	51.045	26.9
2.28	-8.431	49.238	31.4
2.29	-8.426	42.175	72.2
2.3	-8.421	30.208	84.1
2.31	-8.415	18.281	48.0
2.32	-8.409	9.158	49.7
2.33	-8.402	2.428	88.8
2.34	-8.398	-2.416	97.9
2.35	-8.396	-5.144	58.1
2.36	-8.395	-5.570	32.8
2.37	-8.394	-4.183	20.2
2.38	-8.392	-2.419	-22.0
2.39	-8.391	-1.733	-49.9
2.4	-8.391	-2.677	-51.6
2.41	-8.391	-5.527	-38.3
2.42	-8.389	-10.434	-25.9
2.43	-8.386	-16.508	-46.1
2.44	-8.383	-21.967	-60.7
2.45	-8.381	-25.373	-38.9
2.46	-8.381	-26.086	-43.4
2.47	-8.381	-24.288	-66.1
2.48	-8.381	-20.959	-60.1
2.49	-8.381	-17.203	-44.0
2.5	-8.382	-13.403	-39.3
2.51	-8.384	-9.605	-36.1
2.52	-8.386	-6.341	-30.8
2.53	-8.389	-4.136	-34.6
2.54	-8.393	-2.941	-46.1
2.55	-8.396	-2.692	-40.0
2.56	-8.398	-3.628	-28.4
2.57	-8.398	-5.575	-38.6
2.58	-8.398	-8.002	-47.1
2.59	-8.397	-10.741	-37.0
2.6	-8.395	-13.919	-37.5
2.61	-8.393	-17.408	-44.3
2.62	-8.389	-20.492	-35.8
2.63	-8.389	-22.648	-23.1
2.64	-8.389	-24.275	-25.6
2.65	-8.390	-25.673	-46.9
2.66	-8.391	-26.484	-58.6
2.67	-8.391	-26.577	-36.6
2.68	-8.391	-26.248	-29.7
2.69	-8.391	-25.556	-44.4
2.7	-8.391	-24.302	-42.5
2.71	-8.391	-22.750	-32.7
2.72	-8.390	-21.520	-31.1
2.73	-8.390	-20.727	-24.3
2.74	-8.391	-20.166	-27.3
2.75	-8.392	-19.591	-33.9
2.76	-8.393	-19.022	-36.6
2.77	-8.393	-18.802	-39.9
2.78	-8.393	-18.845	-39.5
2.79	-8.394	-18.927	-31.7
2.8	-8.394	-18.973	-20.4
2.81	-8.396	-18.892	-27.5
2.82	-8.398	-18.777	-27.7
2.83	-8.399	-18.823	-15.9
2.84	-8.401	-18.828	-29.4
2.85	-8.402	-18.525	-36.0
2.86	-8.403	-18.264	-29.2
2.87	-8.406	-18.327	-27.1
2.88	-8.408	-18.408	-33.8
2.89	-8.410	-18.398	-32.2
2.9	-8.412	-18.566	-13.9
2.91	-8.414	-18.759	-15.3
2.92	-8.416	-18.603	-23.8
2.93	-8.417	-18.359	-18.8
2.94	-8.419	-18.464	-28.0
2.95	-8.421	-18.842	-38.1
2.96	-8.423	-19.220	-29.8
2.97	-8.425	-19.552	-15.5
2.98	-8.428	-19.867	-23.0
2.99	-8.429	-20.023	-26.8
3.0	-8.432	-19.966	-1.2
3.01	-8.434	-19.891	-7.2
3.02	-8.436	-19.845	-39.6
3.03	-8.438	-19.842	-33.8
3.04	-8.441	-19.953	-15.5
3.05	-8.444	-20.078	-17.0
3.06	-8.446	-20.184	-20.7
3.07	-8.449	-20.239	-10.0
3.08	-8.452	-20.113	-11.5
3.09	-8.455	-19.766	-28.0
3.1	-8.458	-19.359	-34.9
3.11	-8.462	-19.167	-18.4
3.12	-8.466	-19.144	-2.3
3.13	-8.470	-19.045	-10.4
3.14	-8.474	-18.980	-17.3
3.15	-8.478	-18.908	-18.8
3.16	-8.483	-18.494	-31.1
3.17	-8.489	-18.050	-24.9
3.18	-8.496	-18.080	-13.7
3.19	-8.502	-18.364	-16.3
3.2	-8.510	-18.512	-6.0
3.21	-8.518	-18.444	-4.9
3.22	-8.527	-18.327	-30.4
3.23	-8.536	-18.258	-27.6
3.24	-8.545	-18.139	-11.5
3.25	-8.554	-18.081	-19.7
3.26	-8.564	-18.206	-17.4
3.27	-8.574	-18.253	0.6
3.28	-8.584	-18.103	-11.4
3.29	-8.596	-17.959	-22.1
3.3	-8.606	-17.900	-10.1
3.31	-8.617	-17.859	-12.5
3.32	-8.627	-17.748	-15.8
3.33	-8.638	-17.580	4.0
3.34	-8.650	-17.628	16.8
3.35	-8.662	-17.939	24.8
3.36	-8.676	-18.247	39.6
3.37	-8.690	-18.427	30.9
3.38	-8.704	-18.512	7.1
3.39	-8.718	-18.558	-11.6
3.4	-8.732	-18.220	-23.7
3.41	-8.745	-17.628	-23.7
3.42	-8.758	-17.597	-25.5
3.43	-8.772	-18.045	-24.7
3.44	-8.786	-18.338	-28.0
3.45	-8.802	-18.398	-32.1
3.46	-8.818	-18.355	-26.3
3.47	-8.832	-18.161	-33.4
3.48	-8.848	-17.864	-35.9
3.49	-8.862	-17.625	-20.4
3.5	-8.877	-17.262	-25.5
3.51	-8.895	-16.731	-27.4
3.52	-8.912	-16.323	-16.3
3.53	-8.927	-16.092	46.8
3.54	-8.939	-16.139	205.0
3.55	-8.950	-16.525	327.9
3.56	-8.963	-16.950	274.0
3.57	-8.978	-17.158	92.9
3.58	-8.992	-17.277	-34.9
3.59	-9.009	-17.558	-51.5
3.6	-9.025	-17.761	-46.4
3.61	-9.041	-17.734	-41.8
3.62	-9.056	-17.816	-26.5
3.63	-9.066	-17.978	-26.3
3.64	-9.074	-18.055	-38.1
3.65	-9.080	-18.159	-36.2
3.66	-9.085	-18.222	-45.5
3.67	-9.089	-18.119	-43.6
3.68	-9.094	-17.794	-16.8
3.69	-9.098	-16.652	-18.6
3.7	-9.104	-12.738	-35.2
3.71	-9.112	-3.263	-20.6
3.72	-9.120	13.386	-10.2
3.73	-9.129	33.381	-19.1
3.74	-9.139	46.914	-21.4
3.75	-9.151	50.872	-11.0
3.76	-9.163	51.127	-8.9
3.77	-9.175	51.139	-16.8
3.78	-9.188	51.139	-7.0
3.79	-9.201	51.139	10.6
3.8	-9.215	51.136	5.8
3.81	-9.230	51.111	7.4
3.82	-9.245	50.184	24.0
3.83	-9.258	45.005	38.7
3.84	-9.271	34.278	43.9
3.85	-9.284	22.064	51.4
3.86	-9.297	11.922	71.7
3.87	-9.311	4.709	100.6
3.88	-9.325	0.441	100.1
3.89	-9.340	-1.242	67.8
3.9	-9.357	-0.759	43.0
3.91	-9.375	1.139	23.4
3.92	-9.394	3.459	7.7
3.93	-9.411	5.186	-8.1
3.94	-9.427	5.331	-28.1
3.95	-9.442	3.197	-26.3
3.96	-9.455	-1.453	-24.4
3.97	-9.467	-7.977	-42.3
3.98	-9.479	-14.784	-49.1
3.99	-9.492	-20.094	-38.7
4.0	-9.503	-22.764	-39.4
4.01	-9.514	-22.966	-44.8
4.02	-9.525	-21.619	-46.1
4.03	-9.536	-19.202	-40.6
4.04	-9.548	-15.684	-33.5
4.05	-9.561	-11.508	-31.9
4.06	-9.572	-7.736	-38.2
4.07	-9.586	-5.022	-45.4
4.08	-9.598	-3.416	-45.0
4.09	-9.609	-2.886	-40.5
4.1	-9.619	-3.469	-39.6
4.11	-9.629	-5.025	-43.1
4.12	-9.639	-7.153	-46.0
4.13	-9.648	-9.792	-37.9
4.14	-9.658	-13.008	-27.6
4.15	-9.666	-16.291	-33.7
4.16	-9.676	-19.286	-40.6
4.17	-9.685	-22.081	-32.7
4.18	-9.694	-24.536	-46.4
4.19	-9.704	-26.495	-57.5
4.2	-9.713	-27.773	-42.9
4.21	-9.721	-28.205	-32.0
4.22	-9.729	-27.847	-34.3
4.23	-9.738	-26.838	-39.4
4.24	-9.746	-25.456	-40.5
4.25	-9.754	-24.066	-44.4
4.26	-9.761	-23.080	-41.7
4.27	-9.769	-22.480	-18.3
4.28	-9.776	-21.816	-22.6
4.29	-9.782	-21.138	-47.5
4.3	-9.789	-20.692	-38.5
4.31	-9.796	-20.239	-33.3
4.32	-9.804	-19.523	-47.8
4.33	-9.811	-18.972	-36.9
4.34	-9.818	-19.025	-26.3
4.35	-9.824	-19.345	-28.4
4.36	-9.831	-19.344	-23.7
4.37	-9.838	-18.973	-26.5
4.38	-9.844	-18.569	-37.9
4.39	-9.851	-18.391	-29.2
4.4	-9.856	-18.330	-20.3
4.41	-9.863	-18.055	-38.2
4.42	-9.868	-17.708	-37.5
4.43	-9.874	-17.731	-20.1
4.44	-9.881	-18.122	-32.7
4.45	-9.888	-18.531	-33.2
4.46	-9.894	-18.884	-18.0
4.47	-9.902	-19.341	-24.6
4.48	-9.911	-19.792	-36.3
4.49	-9.918	-20.075	-30.2
4.5	-9.922	-20.067	-16.1
4.51	-9.927	-19.794	-18.7
4.52	-9.931	-19.709	-26.6
4.53	-9.934	-20.106	-26.8
4.54	-9.936	-20.542	-29.5
4.55	-9.939	-20.517	-17.4
4.56	-9.941	-20.350	-21.1
4.57	-9.943	-20.403	-39.9
4.58	-9.943	-20.355	-27.9
4.59	-9.939	-20.022	-10.1
4.6	-9.934	-19.695	-8.1
4.61	-9.928	-19.703	-16.0
4.62	-9.918	-20.131	-34.8
4.63	-9.906	-20.602	-29.9
4.64	-9.891	-20.469	-12.1
4.65	-9.873	-19.827	-19.0
4.66	-9.852	-19.481	-31.5
4.67	-9.829	-19.514	-15.5
4.68	-9.805	-19.458	-7.9
4.69	-9.781	-19.106	-21.7
4.7	-9.758	-18.702	-25.7
4.71	-9.735	-18.694	-23.1
4.72	-9.713	-18.869	-19.8
4.73	-9.691	-18.741	-18.8
4.74	-9.670	-18.505	-10.5
4.75	-9.649	-18.544	-13.3
4.76	-9.627	-18.603	-34.5
4.77	-9.607	-18.381	-24.7
4.78	-9.586	-18.230	-13.1
4.79	-9.566	-18.395	-19.3
4.8	-9.547	-18.652	-12.3
4.81	-9.527	-18.887	6.9
4.82	-9.509	-19.022	13.9
4.83	-9.491	-19.005	8.9
4.84	-9.473	-18.875	26.2
4.85	-9.456	-18.648	39.6
4.86	-9.439	-18.370	7.3
4.87	-9.422	-18.202	-20.8
4.88	-9.406	-18.272	-23.1
4.89	-9.390	-18.548	-29.5
4.9	-9.374	-18.891	-38.1
4.91	-9.357	-19.159	-35.6
4.92	-9.342	-19.381	-30.5
4.93	-9.327	-19.622	-26.9
4.94	-9.312	-19.811	-30.7
4.95	-9.297	-19.881	-30.7
4.96	-9.283	-19.733	-30.7
4.97	-9.268	-19.261	-32.3
4.98	-9.254	-18.678	-36.8
4.99	-9.242	-18.413	-44.7
5.0	-9.232	-18.292	-35.5
5.01	-9.223	-17.811	-21.3
5.02	-9.212	-17.394	2.1
5.03	-9.198	-17.617	129.9
5.04	-9.181	-18.052	280.5
5.05	-9.164	-18.283	270.4
5.06	-9.149	-18.472	122.3
5.07	-9.137	-18.802	-15.6
5.08	-9.125	-19.248	-60.1
5.09	-9.113	-19.681	-49.8
5.1	-9.101	-20.036	-37.0
5.11	-9.090	-20.267	-32.1
5.12	-9.078	-20.420	-37.0
5.13	-9.063	-20.758	-37.5
5.14	-9.044	-21.195	-30.5
5.15	-9.024	-21.223	-26.3
5.16	-9.003	-20.677	-26.4
5.17	-8.984	-20.142	-20.2
5.18	-8.966	-19.942	-17.9
5.19	-8.949	-19.452	-22.5
5.2	-8.932	-17.667	-17.0
5.21	-8.916	-12.986	-14.2
5.22	-8.899	-3.170	-29.3
5.23	-8.884	12.881	-22.6
5.24	-8.869	32.009	-1.0
5.25	-8.855	45.880	-4.7
5.26	-8.842	50.655	-7.2
5.27	-8.831	51.125	12.6
5.28	-8.821	51.139	17.1
5.29	-8.811	51.139	17.5
5.3	-8.801	51.138	30.5
5.31	-8.791	51.130	35.1
5.32	-8.781	50.550	38.4
5.33	-8.771	46.306	58.9
5.34	-8.761	35.992	75.9
5.35	-8.751	22.703	79.6
5.36	-8.742	10.573	90.0
5.37	-8.734	1.008	101.4
5.38	-8.726	-5.852	83.0
5.39	-8.722	-10.327	57.8
5.4	-8.717	-12.597	40.9
5.41	-8.713	-12.958	4.0
5.42	-8.706	-12.148	-26.8
5.43	-8.701	-11.216	-33.2
5.44	-8.697	-11.350	-42.6
5.45	-8.692	-13.295	-47.8
5.46	-8.685	-17.061	-57.6
5.47	-8.679	-21.819	-66.7
5.48	-8.673	-26.044	-56.7
5.49	-8.669	-28.239	-37.0
5.5	-8.664	-27.456	-36.5
5.51	-8.661	-24.183	-59.1
5.52	-8.658	-19.928	-70.7
5.53	-8.654	-15.641	-52.7
5.54	-8.652	-11.623	-32.7
5.55	-8.650	-8.220	-31.4
5.56	-8.648	-5.638	-48.0
5.57	-8.645	-3.836	-52.1
5.58	-8.641	-3.105	-42.5
5.59	-8.638	-3.692	-28.5
5.6	-8.633	-5.300	-21.9
5.61	-8.628	-7.353	-41.8
5.62	-8.623	-9.348	-50.2
5.63	-8.617	-11.594	-38.4
5.64	-8.611	-14.703	-43.0
5.65	-8.604	-18.356	-49.8
5.66	-8.599	-21.678	-41.5
5.67	-8.593	-24.159	-29.6
5.68	-8.588	-26.002	-33.2
5.69	-8.583	-27.488	-55.0
5.7	-8.579	-28.380	-56.3
5.71	-8.574	-28.473	-28.0
5.72	-8.569	-28.036	-28.0
5.73	-8.565	-27.114	-48.0
5.74	-8.561	-25.488	-50.0
5.75	-8.556	-23.730	-41.3
5.76	-8.552	-22.650	-33.1
5.77	-8.548	-22.103	-29.0
5.78	-8.544	-21.477	-31.9
5.79	-8.541	-20.767	-45.7
5.8	-8.537	-20.380	-47.5
5.81	-8.534	-20.214	-26.3
5.82	-8.531	-20.092	-29.6
5.83	-8.529	-20.033	-44.2
5.84	-8.526	-19.742	-46.0
5.85	-8.523	-19.217	-41.7
5.86	-8.520	-18.998	-25.3
5.87	-8.517	-19.203	-11.7
5.88	-8.514	-19.319	-27.1
5.89	-8.511	-18.963	-42.9
5.9	-8.507	-18.595	-37.3
5.91	-8.504	-18.811	-24.4
5.92	-8.501	-19.183	-32.5
5.93	-8.498	-19.233	-47.5
5.94	-8.496	-19.338	-32.1
5.95	-8.495	-19.636	-14.2
5.96	-8.493	-19.509	-22.8
5.97	-8.491	-18.886	-29.6
5.98	-8.489	-18.514	-22.1
5.99	-8.489	-18.728	-27.6
6.0	-8.488	-19.228	-39.8
6.01	-8.486	-19.808	-28.3
6.02	-8.485	-20.745	-18.9
6.03	-8.484	-21.547	-23.3
6.04	-8.482	-21.548	-39.3
6.05	-8.482	-21.727	-35.6
6.06	-8.481	-22.655	-5.5
6.07	-8.481	-23.611	-5.1
6.08	-8.481	-23.077	-35.0
6.09	-8.480	-21.856	-38.3
6.1	-8.479	-22.264	-18.6
6.11	-8.479	-22.530	-17.1
6.12	-8.479	-21.364	-23.3
6.13	-8.479	-20.336	-9.8
6.14	-8.479	-20.078	-7.1
6.15	-8.479	-20.442	-22.5
6.16	-8.479	-20.845	-21.8
6.17	-8.479	-20.859	-3.8
6.18	-8.478	-20.797	-4.1
6.19	-8.478	-20.828	-31.2
6.2	-8.478	-20.688	-31.8
6.21	-8.478	-20.322	-9.2
6.22	-8.478	-20.055	-17.2
6.23	-8.478	-19.878	-21.1
6.24	-8.479	-19.363	2.9
6.25	-8.479	-18.698	3.3
6.26	-8.480	-18.497	-26.7
6.27	-8.480	-18.686	-30.3
6.28	-8.479	-18.931	-7.8
6.29	-8.479	-19.114	-6.0
6.3	-8.479	-19.159	-11.8
6.31	-8.480	-19.195	6.4
6.32	-8.481	-19.373	9.2
6.33	-8.481	-19.489	8.8
6.34	-8.482	-19.039	30.8
6.35	-8.483	-18.105	29.9
6.36	-8.484	-17.539	0.1
6.37	-8.486	-17.727	-19.0
6.38	-8.487	-18.230	-22.7
6.39	-8.489	-18.575	-27.3
6.4	-8.491	-18.748	-32.0
6.41	-8.493	-18.919	-26.3
6.42	-8.496	-19.186	-25.5
6.43	-8.498	-19.492	-40.2
6.44	-8.500	-19.527	-49.7
6.45	-8.502	-18.981	-46.1
6.46	-8.503	-17.947	-35.8
6.47	-8.505	-17.150	-18.4
6.48	-8.509	-16.980	-17.8
6.49	-8.513	-16.930	-22.4
6.5	-8.516	-16.772	-10.6
6.51	-8.516	-16.969	56.4
6.52	-8.513	-17.675	208.0
6.53	-8.511	-18.356	303.6
6.54	-8.511	-18.641	230.3
6.55	-8.511	-18.758	67.9
6.56	-8.512	-18.880	-40.8
6.57	-8.515	-18.997	-48.7
6.58	-8.519	-18.762	-27.9
6.59	-8.523	-17.953	-24.0
6.6	-8.523	-17.413	-47.7
6.61	-8.520	-17.605	-58.2
6.62	-8.515	-18.039	-40.9
6.63	-8.511	-18.475	-16.2
6.64	-8.508	-18.813	-20.6
6.65	-8.504	-18.673	-43.9
6.66	-8.499	-17.766	-36.9
6.67	-8.496	-16.137	-25.3
6.68	-8.492	-12.786	-31.8
6.69	-8.488	-4.691	-26.8
6.7	-8.485	10.850	-9.8
6.71	-8.482	30.972	-16.8
6.72	-8.480	45.767	-41.4
6.73	-8.480	50.684	-32.4
6.74	-8.481	51.122	-1.4
6.75	-8.483	51.139	2.2
6.76	-8.487	51.139	-11.8
6.77	-8.493	51.139	-9.9
6.78	-8.502	51.136	7.3
6.79	-8.514	51.088	21.3
6.8	-8.527	49.772	12.7
6.81	-8.542	43.534	7.8
6.82	-8.557	31.772	21.5
6.83	-8.572	19.184	47.2
6.84	-8.588	9.069	67.5
6.85	-8.602	1.919	74.1
6.86	-8.616	-2.652	70.5
6.87	-8.630	-5.213	63.5
6.88	-8.647	-5.669	53.6
6.89	-8.666	-4.028	38.8
6.9	-8.685	-1.463	13.9
6.91	-8.703	0.481	-23.9
6.92	-8.721	0.898	-40.2
6.93	-8.740	-0.748	-25.9
6.94	-8.758	-4.559	-33.0
6.95	-8.774	-10.197	-56.6
6.96	-8.789	-16.872	-41.7
6.97	-8.804	-22.988	-21.5
6.98	-8.820	-26.820	-41.1
6.99	-8.836	-27.652	-54.6
7.0	-8.854	-26.073	-54.6
7.01	-8.872	-23.103	-51.9
7.02	-8.890	-19.441	-42.8
7.03	-8.908	-15.419	-27.2
7.04	-8.926	-11.355	-22.8
7.05	-8.944	-8.125	-51.8
7.06	-8.963	-6.247	-65.0
7.07	-8.981	-5.273	-53.8
7.08	-8.998	-5.027	-29.2
7.09	-9.014	-5.913	-14.2
7.1	-9.029	-7.980	-46.1
7.11	-9.044	-10.563	-65.3
7.12	-9.058	-12.970	-43.7
7.13	-9.070	-15.353	-17.1
7.14	-9.083	-18.225	-32.7
7.15	-9.096	-21.311	-60.0
7.16	-9.109	-23.938	-45.0
7.17	-9.122	-26.002	-28.3
7.18	-9.136	-27.567	-40.0
7.19	-9.151	-28.294	-45.7
7.2	-9.164	-27.978	-36.7
7.21	-9.179	-27.047	-19.3
7.22	-9.193	-26.069	-21.2
7.23	-9.207	-25.097	-39.1
7.24	-9.223	-23.731	-41.9
7.25	-9.237	-21.972	-36.9
7.26	-9.251	-20.478	-38.8
7.27	-9.266	-19.692	-38.8
7.28	-9.281	-19.534	-27.5
7.29	-9.297	-19.634	-21.7
7.3	-9.313	-19.598	-30.7
7.31	-9.328	-19.489	-32.8
7.32	-9.342	-19.552	-29.7
7.33	-9.356	-19.697	-29.8
7.34	-9.370	-19.716	-28.5
7.35	-9.384	-19.608	-31.5
7.36	-9.398	-19.578	-35.9
7.37	-9.411	-19.805	-21.3
7.38	-9.424	-20.052	-17.8
7.39	-9.438	-19.931	-27.7
7.4	-9.450	-19.644	-28.4
7.41	-9.462	-19.550	-36.1
7.42	-9.474	-19.531	-32.9
7.43	-9.486	-19.477	-6.6
7.44	-9.498	-19.467	0.2
7.45	-9.509	-19.556	-13.9
7.46	-9.521	-19.753	-32.3
7.47	-9.533	-19.891	-41.6
7.48	-9.546	-19.944	-29.1
7.49	-9.559	-20.058	-12.7
7.5	-9.571	-20.259	-20.1
7.51	-9.583	-20.534	-31.5
7.52	-9.594	-20.813	-22.5
7.53	-9.606	-21.108	-8.0
7.54	-9.618	-21.409	-5.3
7.55	-9.629	-21.673	-12.1
7.56	-9.640	-21.845	-28.2
7.57	-9.650	-21.731	-36.5
7.58	-9.660	-21.328	-22.5
7.59	-9.669	-20.967	-15.3
7.6	-9.678	-20.811	-18.3
7.61	-9.687	-20.775	-10.6
7.62	-9.696	-20.792	-12.1
7.63	-9.704	-20.719	-15.0
7.64	-9.714	-20.570	-10.5
7.65	-9.724	-20.398	-12.3
7.66	-9.734	-20.103	-24.2
7.67	-9.742	-19.886	-29.7
7.68	-9.751	-19.906	-22.5
7.69	-9.758	-19.913	-16.0
7.7	-9.766	-19.711	-14.0
7.71	-9.773	-19.469	-8.7
7.72	-9.781	-19.220	-8.2
7.73	-9.790	-18.902	-19.8
7.74	-9.799	-18.695	-17.6
7.75	-9.809	-18.711	-8.5
7.76	-9.818	-18.806	-12.6
7.77	-9.828	-18.792	-16.3
7.78	-9.837	-18.769	-25.9
7.79	-9.845	-18.878	-17.5
7.8	-9.854	-18.903	-4.5
7.81	-9.863	-18.642	0.0
7.82	-9.872	-18.336	14.1
7.83	-9.880	-18.348	19.3
7.84	-9.886	-18.570	31.4
7.85	-9.890	-18.691	38.9
7.86	-9.892	-18.525	13.2
7.87	-9.893	-18.123	-13.1
7.88	-9.895	-17.953	-29.7
7.89	-9.898	-18.116	-33.5
7.9	-9.901	-18.192	-26.7
7.91	-9.904	-18.161	-21.4
7.92	-9.908	-18.159	-27.6
7.93	-9.911	-18.153	-36.8
7.94	-9.914	-18.238	-31.2
7.95	-9.918	-18.458	-28.2
7.96	-9.922	-18.419	-33.1
7.97	-9.928	-17.856	-25.5
7.98	-9.936	-17.220	-25.7
7.99	-9.946	-16.938	-33.4
8.0	-9.957	-16.963	-26.9
8.01	-9.967	-17.092	-4.2
8.02	-9.973	-17.258	75.6
8.03	-9.976	-17.283	221.2
8.04	-9.979	-17.008	283.7
8.05	-9.982	-16.919	177.3
8.06	-9.986	-17.377	22.7
8.07	-9.989	-17.895	-47.3
8.08	-9.991	-18.006	-42.5
8.09	-9.991	-17.886	-35.8
8.1	-9.992	-17.836	-39.6
8.11	-9.990	-17.953	-30.6
8.12	-9.981	-18.231	-22.8
8.13	-9.964	-18.723	-28.8
8.14	-9.943	-19.345	-28.0
8.15	-9.923	-19.670	-12.0
8.16	-9.905	-19.541	-18.7
8.17	-9.887	-19.245	-35.7
8.18	-9.867	-18.792	-29.8
8.19	-9.845	-17.367	-18.8
8.2	-9.821	-13.141	-15.7
8.21	-9.794	-3.559	-15.5
8.22	-9.766	13.217	-9.0
8.23	-9.739	33.400	4.0
8.24	-9.711	46.959	-3.3
8.25	-9.683	50.878	-15.5
8.26	-9.654	51.127	4.9
8.27	-9.624	51.139	37.1
8.28	-9.596	51.139	26.1
8.29	-9.569	51.138	5.8
8.3	-9.544	51.130	30.3
8.31	-9.520	50.652	55.0
8.32	-9.497	46.783	60.8
8.33	-9.474	36.702	78.9
8.34	-9.451	23.195	85.6
8.35	-9.427	10.734	86.4
8.36	-9.405	0.650	101.8
8.37	-9.388	-7.041	107.8
8.38	-9.375	-12.245	74.9
8.39	-9.364	-14.975	33.0
8.4	-9.350	-15.641	14.8
8.41	-9.334	-15.033	-8.3
8.42	-9.318	-14.105	-31.6
8.43	-9.304	-13.611	-41.0
8.44	-9.290	-14.002	-53.1
8.45	-9.275	-15.847	-49.6
8.46	-9.260	-19.313	-35.3
8.47	-9.246	-23.138	-40.3
8.48	-9.232	-25.441	-63.2
8.49	-9.220	-25.327	-65.1
8.5	-9.208	-23.158	-40.6
8.51	-9.197	-19.608	-45.0
8.52	-9.187	-15.097	-62.3
8.53	-9.176	-10.225	-38.4
8.54	-9.165	-5.850	-28.1
8.55	-9.154	-2.631	-50.9
8.56	-9.143	-0.561	-45.8
8.57	-9.132	0.558	-23.2
8.58	-9.121	0.492	-31.7
8.59	-9.108	-0.853	-52.4
8.6	-9.096	-3.006	-49.9
8.61	-9.082	-5.561	-32.2
8.62	-9.069	-8.756	-32.6
8.63	-9.055	-12.619	-44.5
8.64	-9.041	-16.417	-47.7
8.65	-9.027	-19.716	-41.6
8.66	-9.015	-22.636	-36.5
8.67	-9.004	-25.184	-37.7
8.68	-8.992	-26.952	-44.1
8.69	-8.981	-27.733	-45.0
8.7	-8.969	-27.922	-40.3
8.71	-8.958	-27.727	-40.5
8.72	-8.947	-27.053	-41.8
8.73	-8.936	-26.078	-39.6
8.74	-8.925	-25.030	-42.0
8.75	-8.914	-23.855	-45.6
8.76	-8.903	-22.623	-43.5
8.77	-8.893	-21.639	-34.3
8.78	-8.883	-20.922	-30.1
8.79	-8.874	-20.328	-35.4
8.8	-8.865	-19.841	-34.5
8.81	-8.856	-19.452	-28.5
8.82	-8.846	-19.188	-36.0
8.83	-8.837	-18.955	-42.2
8.84	-8.828	-18.597	-38.3
8.85	-8.819	-18.225	-31.6
8.86	-8.809	-17.930	-33.9
8.87	-8.799	-17.608	-32.2
8.88	-8.791	-17.344	-17.5
8.89	-8.782	-17.453	-24.2
8.9	-8.774	-17.838	-42.1
8.91	-8.765	-17.847	-37.6
8.92	-8.757	-17.439	-19.2
8.93	-8.749	-17.328	-17.1
8.94	-8.741	-17.644	-39.2
8.95	-8.733	-17.977	-41.7
8.96	-8.726	-17.958	-14.1
8.97	-8.719	-17.527	-9.5
8.98	-8.712	-17.377	-38.6
8.99	-8.705	-18.005	-41.1
9.0	-8.697	-18.916	-20.6
9.01	-8.691	-19.419	-19.9
9.02	-8.686	-19.317	-33.9
9.03	-8.679	-19.152	-37.5
9.04	-8.674	-19.475	-22.5
9.05	-8.668	-19.961	-13.0
9.06	-8.662	-20.069	-16.0
9.07	-8.656	-20.019	-17.0
9.08	-8.649	-20.266	-26.4
9.09	-8.643	-20.498	-32.2
9.1	-8.637	-20.317	-22.7
9.11	-8.630	-20.159	-17.8
9.12	-8.623	-20.447	-31.8
9.13	-8.617	-20.688	-37.9
9.14	-8.611	-20.191	-14.3
9.15	-8.606	-19.256	0.3
9.16	-8.601	-18.878	-17.8
9.17	-8.595	-19.189	-26.1
9.18	-8.590	-19.392	-20.8
9.19	-8.585	-19.200	-12.9
9.2	-8.580	-19.023	-17.7
9.21	-8.574	-18.866	-22.6
9.22	-8.568	-18.431	-23.5
9.23	-8.563	-18.005	-22.9
9.24	-8.558	-18.034	-4.5
9.25	-8.553	-18.342	2.4
9.26	-8.547	-18.463	3.7
9.27	-8.543	-18.288	24.8
9.28	-8.537	-18.048	35.8
9.29	-8.533	-17.958	18.1
9.3	-8.527	-17.973	-0.7
9.31	-8.522	-17.966	-12.9
9.32	-8.518	-18.031	-31.0
9.33	-8.514	-18.319	-43.9
9.34	-8.511	-18.622	-45.8
9.35	-8.508	-18.700	-40.1
9.36	-8.504	-18.644	-33.4
9.37	-8.501	-18.630	-26.6
9.38	-8.497	-18.570	-25.1
9.39	-8.493	-18.172	-33.1
9.4	-8.490	-17.622	-32.9
9.41	-8.489	-17.383	-27.8
9.42	-8.488	-17.434	-36.5
9.43	-8.488	-17.372	-33.6
9.44	-8.486	-17.073	-7.8
9.45	-8.482	-16.867	103.2
9.46	-8.476	-16.995	265.5
9.47	-8.470	-17.380	302.6
9.48	-8.466	-17.669	182.0
9.49	-8.464	-17.694	17.9
9.5	-8.463	-17.686	-59.1
9.51	-8.463	-17.830	-55.9
9.52	-8.463	-18.094	-53.2
9.53	-8.463	-18.395	-43.3
9.54	-8.460	-18.786	-26.9
9.55	-8.455	-19.145	-26.3
9.56	-8.449	-19.169	-43.4
9.57	-8.443	-19.017	-47.9
9.58	-8.436	-19.114	-34.0
9.59	-8.428	-19.292	-30.5
9.6	-8.420	-19.009	-23.4
9.61	-8.411	-17.552	-15.3
9.62	-8.403	-12.858	-30.4
9.63	-8.395	-1.755	-40.9
9.64	-8.388	16.825	-29.2
9.65	-8.382	36.777	-13.9
9.66	-8.377	48.309	-16.3
9.67	-8.373	51.016	-14.0
9.68	-8.369	51.133	-0.2
9.69	-8.367	51.139	-7.5
9.7	-8.366	51.139	-19.3
9.71	-8.366	51.139	-5.9
9.72	-8.366	51.130	5.7
9.73	-8.367	50.944	10.9
9.74	-8.367	48.363	24.3
9.75	-8.368	39.778	35.5
9.76	-8.369	26.770	43.0
9.77	-8.369	14.445	57.5
9.78	-8.369	4.805	68.8
9.79	-8.369	-2.206	73.5
9.8	-8.370	-6.695	69.1
9.81	-8.373	-8.764	48.0
9.82	-8.376	-8.664	38.0
9.83	-8.380	-7.083	27.2
9.84	-8.383	-5.084	1.2
9.85	-8.387	-3.638	-13.1
9.86	-8.391	-3.516	-29.2
9.87	-8.395	-5.241	-43.1
9.88	-8.398	-9.009	-43.2
9.89	-8.399	-14.398	-40.8
9.9	-8.402	-20.052	-45.9
9.91	-8.404	-24.242	-45.6
9.92	-8.407	-25.864	-39.3
9.93	-8.410	-24.908	-47.5
9.94	-8.414	-22.139	-54.1
9.95	-8.418	-18.473	-41.3
9.96	-8.422	-14.581	-31.0
9.97	-8.428	-10.763	-42.3
9.98	-8.434	-7.278	-50.6
9.99	-8.440	-4.844	-39.4
10.0	-8.446	-3.841	-40.8
10.01	-8.451	-3.800	-52.6
10.02	-8.455	-4.552	-40.8
10.03	-8.457	-6.284	-20.4
10.04	-8.459	-8.750	-36.0
10.05	-8.459	-11.492	-49.3
10.06	-8.459	-14.258	-35.5
10.07	-8.459	-17.069	-34.6
10.08	-8.459	-19.852	-50.6
10.09	-8.460	-22.261	-49.1
10.1	-8.461	-24.145	-36.1
10.11	-8.463	-25.534	-39.4
10.12	-8.463	-26.402	-35.9
10.13	-8.464	-26.738	-20.0
10.14	-8.466	-26.498	-31.8
10.15	-8.467	-25.880	-54.7
10.16	-8.469	-25.283	-45.4
10.17	-8.471	-24.680	-31.0
10.18	-8.473	-23.689	-39.5
10.19	-8.476	-22.414	-42.0
10.2	-8.478	-21.423	-29.7
10.21	-8.480	-20.892	-24.0
10.22	-8.483	-20.503	-33.1
10.23	-8.486	-20.080	-40.7
10.24	-8.489	-19.880	-34.3
10.25	-8.491	-19.917	-13.8
10.26	-8.494	-19.778	-22.2
10.27	-8.497	-19.427	-46.1
10.28	-8.499	-19.036	-39.1
10.29	-8.502	-18.509	-29.8
10.3	-8.506	-18.039	-24.9
10.31	-8.509	-18.073	-18.0
10.32	-8.512	-18.463	-29.9
10.33	-8.515	-18.661	-41.6
10.34	-8.518	-18.547	-36.7
10.35	-8.521	-18.402	-13.4
10.36	-8.524	-18.208	-2.6
10.37	-8.526	-17.842	-28.3
10.38	-8.529	-17.730	-35.0
10.39	-8.532	-18.097	-20.4
10.4	-8.535	-18.572	-25.8
10.41	-8.538	-18.939	-33.9
10.42	-8.542	-19.270	-28.6
10.43	-8.545	-19.625	-19.1
10.44	-8.549	-19.947	-22.4
10.45	-8.553	-19.959	-31.0
10.46	-8.556	-19.539	-18.5
10.47	-8.559	-19.228	-5.1
10.48	-8.563	-19.477	-18.6
10.49	-8.566	-19.875	-34.9
10.5	-8.569	-20.069	-29.1
10.51	-8.573	-20.303	-8.4
10.52	-8.577	-20.527	-14.5
10.53	-8.581	-20.328	-35.9
10.54	-8.586	-20.033	-31.9
10.55	-8.591	-20.113	-20.2
10.56	-8.597	-20.363	-16.7
10.57	-8.603	-20.572	-8.4
10.58	-8.608	-20.475	-15.2
10.59	-8.615	-19.798	-25.0
10.6	-8.622	-18.883	-21.8
10.61	-8.629	-18.350	-17.0
10.62	-8.638	-18.328	-12.2
10.63	-8.646	-18.508	-16.9
10.64	-8.654	-18.663	-23.8
10.65	-8.663	-18.730	-20.4
10.66	-8.672	-18.669	-20.3
10.67	-8.681	-18.463	-21.3
10.68	-8.691	-18.203	-14.5
10.69	-8.702	-18.092	-18.1
10.7	-8.714	-18.169	-22.4
10.71	-8.727	-18.291	-3.9
10.72	-8.739	-18.305	1.4
10.73	-8.753	-18.244	-13.2
10.74	-8.767	-18.311	-15.3
10.75	-8.781	-18.486	0.8
10.76	-8.795	-18.617	23.9
10.77	-8.809	-18.725	43.2
10.78	-8.824	-18.813	33.8
10.79	-8.839	-18.808	-3.2
10.8	-8.853	-18.738	-27.8
10.81	-8.866	-18.736	-32.0
10.82	-8.879	-18.756	-28.2
10.83	-8.893	-18.713	-21.2
10.84	-8.906	-18.775	-24.4
10.85	-8.920	-18.958	-38.1
10.86	-8.933	-18.977	-41.3
10.87	-8.946	-18.833	-19.9
10.88	-8.958	-18.692	-19.9
10.89	-8.971	-18.498	-48.0
10.9	-8.985	-18.120	-39.6
10.91	-9.000	-17.659	-7.9
10.92	-9.016	-17.367	-12.8
10.93	-9.029	-17.113	8.4
10.94	-9.039	-16.761	154.3
10.95	-9.047	-16.664	293.9
10.96	-9.058	-16.995	263.3
10.97	-9.071	-17.398	107.1
10.98	-9.086	-17.458	-14.8
10.99	-9.101	-17.236	-33.1
11.0	-9.117	-17.191	-46.1
11.01	-9.133	-17.641	-61.5
11.02	-9.147	-18.286	-35.2
11.03	-9.158	-18.669	-12.1
11.04	-9.164	-18.934	-31.8
11.05	-9.169	-19.366	-43.5
11.06	-9.174	-19.856	-23.0
11.07	-9.180	-20.097	-18.7
11.08	-9.184	-19.895	-30.1
11.09	-9.189	-18.981	-27.2
11.1	-9.194	-16.158	-21.8
11.11	-9.199	-8.959	-24.8
11.12	-9.207	5.344	-26.8
11.13	-9.215	25.780	-19.2
11.14	-9.224	43.163	-5.8
11.15	-9.234	50.227	-0.1
11.16	-9.246	51.120	-1.6
11.17	-9.259	51.138	-1.1
11.18	-9.272	51.139	-1.2
11.19	-9.285	51.139	-5.2
11.2	-9.298	51.138	3.6
11.21	-9.311	51.130	17.2
11.22	-9.324	50.566	26.9
11.23	-9.338	46.352	46.1
11.24	-9.351	36.045	49.8
11.25	-9.364	22.959	52.0
11.26	-9.376	11.352	71.8
11.27	-9.388	2.452	85.5
11.28	-9.400	-3.472	92.2
11.29	-9.414	-6.361	85.9
11.3	-9.430	-6.658	55.9
11.31	-9.447	-5.255	32.6
11.32	-9.463	-3.070	15.1
11.33	-9.478	-1.117	-7.4
11.34	-9.492	-0.356	-11.4
11.35	-9.508	-1.450	-17.3
11.36	-9.521	-4.741	-40.9
11.37	-9.533	-10.028	-47.5
11.38	-9.544	-16.358	-35.4
11.39	-9.555	-21.923	-27.9
11.4	-9.568	-25.095	-36.2
11.41	-9.580	-25.488	-42.9
11.42	-9.592	-23.709	-47.7
11.43	-9.607	-20.609	-46.8
11.44	-9.621	-16.744	-32.8
11.45	-9.636	-12.403	-32.7
11.46	-9.650	-8.250	-42.5
11.47	-9.664	-5.303	-35.7
11.48	-9.678	-3.788	-29.6
11.49	-9.690	-3.181	-40.1
11.5	-9.702	-3.498	-46.6
11.51	-9.713	-5.048	-38.3
11.52	-9.723	-7.602	-36.1
11.53	-9.731	-10.645	-35.9
11.54	-9.739	-13.775	-27.2
11.55	-9.749	-16.886	-32.9
11.56	-9.759	-19.983	-36.5
11.57	-9.768	-22.628	-26.1
11.58	-9.777	-24.367	-28.1
11.59	-9.786	-25.542	-37.9
11.6	-9.794	-26.489	-42.3
11.61	-9.803	-27.016	-38.4
11.62	-9.812	-27.053	-33.3
11.63	-9.821	-26.522	-35.6
11.64	-9.829	-25.414	-41.6
11.65	-9.837	-24.038	-31.1
11.66	-9.844	-22.742	-28.3
11.67	-9.851	-21.892	-36.5
11.68	-9.857	-21.498	-25.0
11.69	-9.864	-21.034	-21.6
11.7	-9.871	-20.413	-34.9
11.71	-9.877	-20.116	-45.4
11.72	-9.885	-20.084	-47.5
11.73	-9.893	-19.923	-27.4
11.74	-9.901	-19.567	-13.7
11.75	-9.910	-19.091	-27.1
11.76	-9.920	-18.478	-34.5
11.77	-9.931	-17.791	-19.4
11.78	-9.941	-17.316	-14.5
11.79	-9.953	-17.191	-23.2
11.8	-9.963	-17.228	-23.7
11.81	-9.972	-17.200	-28.8
11.82	-9.979	-17.050	-40.0
11.83	-9.986	-16.822	-36.6
11.84	-9.992	-16.706	-28.4
11.85	-9.998	-16.958	-23.7
11.86	-10.004	-17.511	-17.8
11.87	-10.008	-18.130	-9.3
11.88	-10.011	-18.525	-11.6
11.89	-10.014	-18.459	-34.7
11.9	-10.017	-18.311	-38.7
11.91	-10.019	-18.605	-25.0
11.92	-10.021	-19.023	-21.7
11.93	-10.023	-19.161	-11.9
11.94	-10.024	-19.256	-15.9
11.95	-10.026	-19.456	-31.4
11.96	-10.027	-19.516	-25.3
11.97	-10.028	-19.445	-14.4
11.98	-10.029	-19.559	-10.1
11.99	-10.029	-19.881	-15.3
12.0	-10.030	-20.111	-24.7
12.01	-10.030	-20.184	-17.6
12.02	-10.030	-20.306	-12.7
12.03	-10.029	-20.336	-24.0
12.04	-10.029	-19.931	-30.0
12.05	-10.028	-19.361	-22.0
12.06	-10.027	-19.127	-9.1
12.07	-10.026	-19.130	-5.9
12.08	-10.025	-19.108	-14.0
12.09	-10.023	-18.972	-20.3
12.1	-10.020	-18.616	-18.0
12.11	-10.017	-18.244	-12.9
12.12	-10.013	-18.148	-10.6
12.13	-10.008	-18.044	-2.4
12.14	-10.002	-17.778	5.7
12.15	-9.996	-17.666	15.8
12.16	-9.989	-17.786	27.3
12.17	-9.982	-18.042	27.6
12.18	-9.974	-18.322	18.4
12.19	-9.964	-18.344	1.0
12.2	-9.953	-17.991	-19.6
12.21	-9.941	-17.622	-32.9
12.22	-9.929	-17.509	-32.8
12.23	-9.918	-17.572	-18.8
12.24	-9.906	-17.741	-25.6
12.25	-9.893	-17.875	-38.5
12.26	-9.879	-17.752	-36.1
12.27	-9.863	-17.631	-33.2
12.28	-9.846	-17.811	-31.5
12.29	-9.830	-17.933	-27.9
12.3	-9.817	-17.619	-20.7
12.31	-9.808	-16.917	-26.5
12.32	-9.796	-16.295	-36.1
12.33	-9.781	-16.369	2.3
12.34	-9.762	-16.980	138.9
12.35	-9.741	-17.459	269.4
12.36	-9.719	-17.756	233.5
12.37	-9.697	-18.081	70.7
12.38	-9.678	-18.223	-36.6
12.39	-9.655	-18.225	-48.6
12.4	-9.631	-18.375	-55.5
12.41	-9.606	-18.492	-49.9
12.42	-9.584	-18.425	-23.2
12.43	-9.563	-18.500	-8.6
12.44	-9.538	-18.933	-27.8
12.45	-9.511	-19.577	-39.1
12.46	-9.480	-20.150	-27.5
12.47	-9.451	-20.280	-20.3
12.48	-9.422	-19.986	-20.2
12.49	-9.397	-19.761	-31.0
12.5	-9.372	-19.455	-24.9
12.51	-9.348	-18.216	-11.2
12.52	-9.324	-14.756	-10.0
12.53	-9.302	-6.847	-5.2
12.54	-9.280	7.513	-3.1
12.55	-9.259	26.761	0.7
12.56	-9.240	43.081	0.8
12.57	-9.221	50.105	-4.1
12.58	-9.204	51.122	9.0
12.59	-9.188	51.136	21.3
12.6	-9.173	51.139	19.8
12.61	-9.159	51.139	37.7
12.62	-9.145	51.130	62.0
12.63	-9.131	50.675	66.7
12.64	-9.118	46.922	70.6
12.65	-9.104	37.084	93.4
12.66	-9.092	23.984	113.8
12.67	-9.079	11.884	102.1
12.68	-9.071	1.617	85.6
12.69	-9.066	-6.750	76.6
12.7	-9.063	-12.617	55.1
12.71	-9.057	-15.970	37.4
12.72	-9.050	-17.516	15.5
12.73	-9.043	-18.081	-21.2
12.74	-9.038	-18.428	-44.3
12.75	-9.032	-19.156	-49.9
12.76	-9.024	-20.891	-50.1
12.77	-9.016	-23.684	-59.2
12.78	-9.008	-26.636	-65.0
12.79	-9.000	-28.478	-54.0
12.8	-8.994	-28.150	-49.9
12.81	-8.988	-25.434	-42.4
12.82	-8.982	-20.920	-37.5
12.83	-8.978	-15.458	-50.9
12.84	-8.974	-10.013	-59.1
12.85	-8.969	-5.408	-50.8
12.86	-8.965	-1.823	-32.8
12.87	-8.961	1.063	-29.0
12.88	-8.954	2.964	-42.2
12.89	-8.949	3.138	-41.5
12.9	-8.941	1.572	-36.1
12.91	-8.934	-1.130	-34.1
12.92	-8.926	-4.406	-30.8
12.93	-8.919	-8.136	-50.1
12.94	-8.910	-12.288	-59.7
12.95	-8.901	-16.169	-47.5
12.96	-8.892	-19.128	-44.2
12.97	-8.883	-21.667	-38.1
12.98	-8.874	-24.259	-37.4
12.99	-8.866	-26.313	-36.9
13.0	-8.859	-27.236	-35.6
13.01	-8.851	-27.292	-48.5
13.02	-8.842	-26.920	-45.7
13.03	-8.835	-26.172	-29.9
13.04	-8.827	-25.055	-42.9
13.05	-8.819	-23.719	-55.5
13.06	-8.812	-22.523	-42.4
13.07	-8.804	-21.695	-37.4
13.08	-8.797	-20.997	-44.7
13.09	-8.790	-20.236	-35.4
13.1	-8.783	-19.675	-22.2
13.11	-8.777	-19.539	-32.6
13.12	-8.771	-19.506	-46.8
13.13	-8.766	-19.119	-42.1
13.14	-8.762	-18.366	-33.8
13.15	-8.758	-17.769	-36.9
13.16	-8.754	-17.614	-36.9
13.17	-8.751	-17.644	-41.0
13.18	-8.746	-17.744	-41.4
13.19	-8.742	-17.930	-18.0
13.2	-8.739	-18.039	-18.8
13.21	-8.736	-17.894	-39.4
13.22	-8.732	-17.514	-34.5
13.23	-8.729	-17.059	-23.4
13.24	-8.726	-16.602	-20.7
13.25	-8.723	-16.397	-24.6
13.26	-8.719	-16.653	-34.1
13.27	-8.715	-17.083	-26.8
13.28	-8.712	-17.539	-11.7
13.29	-8.708	-18.170	-20.9
13.3	-8.704	-18.861	-44.4
13.31	-8.699	-19.281	-47.0
13.32	-8.694	-19.156	-18.4
13.33	-8.690	-18.822	-4.6
13.34	-8.685	-18.850	-21.2
13.35	-8.679	-19.113	-35.1
13.36	-8.674	-19.355	-30.5
13.37	-8.669	-19.539	-12.5
13.38	-8.664	-19.698	-7.8
13.39	-8.659	-19.864	-10.7
13.4	-8.654	-19.845	-22.5
13.41	-8.649	-19.641	-36.1
13.42	-8.644	-19.548	-25.1
13.43	-8.639	-19.542	-8.2
13.44	-8.634	-19.392	-16.9
13.45	-8.629	-19.155	-34.8
13.46	-8.624	-18.925	-23.5
13.47	-8.619	-18.605	-10.3
13.48	-8.615	-18.322	-20.7
13.49	-8.610	-18.416	-15.7
13.5	-8.605	-18.637	-3.4
13.51	-8.601	-18.438	-1.1
13.52	-8.596	-18.058	-1.0
13.53	-8.591	-18.100	-5.3
13.54	-8.587	-18.387	2.1
13.55	-8.582	-18.264	20.3
13.56	-8.579	-17.753	30.5
13.57	-8.574	-17.422	20.1
13.58	-8.569	-17.439	-6.8
13.59	-8.564	-17.645	-23.5
13.6	-8.558	-17.967	-20.4
13.61	-8.553	-18.297	-26.3
13.62	-8.547	-18.378	-41.0
13.63	-8.543	-18.027	-36.3
13.64	-8.539	-17.214	-32.4
13.65	-8.535	-16.308	-39.4
13.66	-8.531	-16.009	-34.2
13.67	-8.526	-16.414	-13.5
13.68	-8.523	-16.959	-8.4
13.69	-8.521	-17.242	-32.0
13.7	-8.520	-17.209	-42.3
13.71	-8.519	-16.873	-34.8
13.72	-8.516	-16.394	17.7
13.73	-8.509	-16.194	178.1
13.74	-8.500	-16.547	324.8
13.75	-8.492	-17.316	292.8
13.76	-8.486	-18.117	115.2
13.77	-8.481	-18.488	-28.5
13.78	-8.479	-18.292	-75.9
13.79	-8.478	-17.969	-80.1
13.8	-8.476	-17.917	-51.4
13.81	-8.473	-18.184	-18.4
13.82	-8.467	-18.686	-10.0
13.83	-8.461	-19.209	-28.8
13.84	-8.452	-19.420	-46.7
13.85	-8.444	-19.194	-33.1
13.86	-8.435	-18.855	-29.1
13.87	-8.426	-18.639	-46.8
13.88	-8.416	-17.955	-37.7
13.89	-8.405	-15.117	-16.9
13.9	-8.394	-7.761	-11.8
13.91	-8.385	6.341	-26.7
13.92	-8.378	26.194	-32.4
13.93	-8.371	43.169	-11.5
13.94	-8.366	50.197	-3.3
13.95	-8.361	51.122	-11.3
13.96	-8.358	51.138	-13.8
13.97	-8.356	51.139	-12.4
13.98	-8.354	51.139	-9.1
13.99	-8.354	51.136	1.4
14.0	-8.354	51.113	19.3
14.01	-8.355	50.200	26.2
14.02	-8.356	44.989	28.6
14.03	-8.357	34.013	42.6
14.04	-8.357	21.297	52.7
14.05	-8.356	10.372	59.2
14.06	-8.356	1.992	68.0
14.07	-8.356	-3.291	75.6
14.08	-8.357	-5.619	73.8
14.09	-8.361	-6.136	51.0
14.1	-8.365	-5.470	21.2
14.11	-8.369	-3.680	-2.5
14.12	-8.373	-1.775	-8.0
14.13	-8.376	-1.519	-8.8
14.14	-8.381	-3.752	-39.3
14.15	-8.383	-8.122	-56.2
14.16	-8.385	-13.664	-39.5
14.17	-8.386	-19.092	-35.1
14.18	-8.389	-23.456	-45.9
14.19	-8.391	-26.091	-50.5
14.2	-8.394	-26.322	-46.3
14.21	-8.398	-24.273	-42.2
14.22	-8.401	-20.845	-50.3
14.23	-8.404	-16.891	-58.3
14.24	-8.409	-12.931	-52.6
14.25	-8.414	-9.295	-43.2
14.26	-8.421	-6.400	-34.5
14.27	-8.427	-4.691	-26.9
14.28	-8.433	-4.297	-29.5
14.29	-8.438	-4.997	-40.3
14.3	-8.442	-6.400	-43.5
14.31	-8.444	-8.373	-42.8
14.32	-8.446	-11.055	-42.6
14.33	-8.446	-14.109	-39.0
14.34	-8.447	-17.075	-42.4
14.35	-8.448	-19.997	-41.3
14.36	-8.449	-22.833	-36.4
14.37	-8.450	-25.105	-43.0
14.38	-8.451	-26.505	-34.9
14.39	-8.453	-27.233	-22.6
14.4	-8.454	-27.520	-37.6
14.41	-8.456	-27.530	-51.6
14.42	-8.458	-27.352	-39.3
14.43	-8.460	-26.861	-30.8
14.44	-8.463	-26.019	-42.9
14.45	-8.465	-24.969	-43.2
14.46	-8.467	-24.011	-29.7
14.47	-8.469	-23.336	-31.1
14.48	-8.472	-22.644	-35.3
14.49	-8.474	-21.684	-20.8
14.5	-8.478	-20.913	-18.0
14.51	-8.481	-20.614	-48.2
14.52	-8.484	-20.481	-54.6
14.53	-8.487	-20.447	-13.9
14.54	-8.490	-20.622	-8.9
14.55	-8.493	-20.834	-49.1
14.56	-8.497	-20.772	-50.8
14.57	-8.501	-20.552	-20.2
14.58	-8.504	-20.527	0.6
14.59	-8.506	-20.542	-21.9
14.6	-8.509	-20.014	-52.9
14.61	-8.511	-19.158	-43.9
14.62	-8.514	-18.950	-27.9
14.63	-8.517	-19.380	-18.1
14.64	-8.521	-19.791	-13.7
14.65	-8.524	-20.208	-22.8
14.66	-8.528	-20.697	-37.3
14.67	-8.532	-20.784	-32.7
14.68	-8.536	-20.631	-0.6
14.69	-8.539	-20.997	10.1
14.7	-8.543	-21.639	-27.3
14.71	-8.546	-21.614	-44.2
14.72	-8.547	-20.914	-26.6
14.73	-8.550	-20.478	-26.7
14.74	-8.553	-20.775	-37.8
14.75	-8.557	-21.434	-29.0
14.76	-8.561	-21.978	5.8
14.77	-8.564	-22.213	12.3
14.78	-8.568	-22.277	-26.1
14.79	-8.571	-22.139	-45.6
14.8	-8.576	-21.780	-40.3
14.81	-8.580	-21.683	-20.6
14.82	-8.584	-21.934	-3.3
14.83	-8.589	-22.017	-9.9
14.84	-8.593	-21.630	-27.3
14.85	-8.598	-21.028	-38.7
14.86	-8.603	-20.353	-30.8
14.87	-8.607	-19.644	-17.3
14.88	-8.613	-19.392	-1.8
14.89	-8.618	-19.681	6.5
14.9	-8.624	-20.134	-13.1
14.91	-8.632	-20.505	-30.0
14.92	-8.640	-20.505	-26.3
14.93	-8.648	-20.222	-15.7
14.94	-8.657	-19.939	-15.9
14.95	-8.666	-19.666	-31.1
14.96	-8.675	-19.539	-25.2
14.97	-8.684	-19.780	-5.8
14.98	-8.694	-20.188	0.7
14.99	-8.704	-20.350	-9.2
15.0	-8.715	-20.378	-19.7
15.01	-8.726	-20.581	-12.0
15.02	-8.736	-20.716	-18.4
15.03	-8.746	-20.434	-22.3
15.04	-8.756	-19.756	-6.2
15.05	-8.766	-19.067	-2.8
15.06	-8.777	-18.858	-4.7
15.07	-8.787	-19.083	10.0
15.08	-8.799	-19.359	43.4
15.09	-8.812	-19.673	54.6
15.1	-8.825	-20.067	17.1
15.11	-8.838	-20.158	-29.1
15.12	-8.851	-19.889	-45.6
15.13	-8.865	-19.806	-41.3
15.14	-8.879	-20.019	-35.1
15.15	-8.894	-20.158	-25.6
15.16	-8.908	-20.152	-24.2
15.17	-8.922	-20.125	-25.1
15.18	-8.938	-20.123	-23.8
15.19	-8.951	-20.206	-32.5
15.2	-8.965	-20.248	-33.4
15.21	-8.979	-19.848	-37.3
15.22	-8.996	-19.059	-36.4
15.23	-9.013	-18.534	-26.6
15.24	-9.031	-18.464	-21.7
15.25	-9.046	-18.441	65.6
15.26	-9.058	-18.459	237.0
15.27	-9.068	-18.828	319.4
15.28	-9.081	-19.242	237.7
15.29	-9.096	-19.250	71.6
15.3	-9.111	-19.008	-41.6
15.31	-9.127	-18.897	-63.3
15.32	-9.144	-19.102	-49.3
15.33	-9.160	-19.505	-31.0
15.34	-9.173	-19.834	-26.8
15.35	-9.182	-19.877	-30.8
15.36	-9.187	-19.767	-46.0
15.37	-9.191	-19.789	-49.2
15.38	-9.195	-19.892	-28.6
15.39	-9.199	-19.923	-16.1
15.4	-9.202	-19.678	-19.0
15.41	-9.204	-18.491	-36.5
15.42	-9.208	-14.264	-36.8
15.43	-9.213	-3.800	-16.8
15.44	-9.220	14.245	-8.5
15.45	-9.228	34.680	-12.5
15.46	-9.238	47.525	-22.6
15.47	-9.249	50.952	-18.1
15.48	-9.261	51.130	-3.4
15.49	-9.274	51.139	3.7
15.5	-9.287	51.139	-3.4
15.51	-9.301	51.138	-5.5
15.52	-9.315	51.123	14.4
15.53	-9.329	50.364	26.5
15.54	-9.343	45.447	28.9
15.55	-9.357	34.363	30.8
15.56	-9.371	21.144	40.6
15.57	-9.384	9.963	53.7
15.58	-9.397	1.466	66.5
15.59	-9.409	-4.423	88.8
15.6	-9.422	-7.648	91.8
15.61	-9.438	-8.444	74.3
15.62	-9.455	-7.431	59.2
15.63	-9.473	-5.356	37.3
15.64	-9.489	-3.083	11.3
15.65	-9.504	-1.503	-9.8
15.66	-9.519	-1.542	-33.6
15.67	-9.534	-3.816	-49.4
15.68	-9.546	-8.138	-44.7
15.69	-9.558	-13.970	-32.6
15.7	-9.568	-20.175	-31.2
15.71	-9.580	-24.781	-41.3
15.72	-9.592	-26.472	-40.5
15.73	-9.606	-25.783	-37.0
15.74	-9.621	-23.764	-41.7
15.75	-9.636	-20.463	-45.6
15.76	-9.651	-15.880	-45.4
15.77	-9.667	-11.156	-41.1
15.78	-9.683	-7.605	-45.3
15.79	-9.698	-5.405	-45.6
15.8	-9.712	-4.177	-33.6
15.81	-9.724	-3.925	-25.3
15.82	-9.735	-4.716	-40.6
15.83	-9.745	-6.341	-48.7
15.84	-9.754	-8.625	-36.9
15.85	-9.763	-11.341	-46.3
15.86	-9.771	-14.295	-57.1
15.87	-9.781	-17.461	-42.1
15.88	-9.789	-20.600	-26.5
15.89	-9.798	-23.173	-41.5
15.9	-9.807	-24.856	-50.7
15.91	-9.815	-25.805	-31.6
15.92	-9.824	-26.213	-22.1
15.93	-9.832	-26.283	-39.7
15.94	-9.840	-26.091	-52.9
15.95	-9.847	-25.498	-34.4
15.96	-9.854	-24.634	-15.9
15.97	-9.859	-23.798	-39.2
15.98	-9.865	-23.034	-58.8
15.99	-9.871	-22.111	-38.4
16.0	-9.877	-21.220	-28.3
16.01	-9.883	-20.755	-38.5
16.02	-9.888	-20.520	-33.0
16.03	-9.893	-20.263	-22.3
16.04	-9.897	-20.114	-35.7
16.05	-9.901	-20.036	-43.4
16.06	-9.904	-19.781	-22.1
16.07	-9.908	-19.347	-19.6
16.08	-9.912	-18.956	-42.0
16.09	-9.916	-18.791	-41.8
16.1	-9.921	-18.717	-17.7
16.11	-9.928	-18.550	-19.9
16.12	-9.933	-18.469	-40.7
16.13	-9.938	-18.558	-38.6
16.14	-9.943	-18.606	-24.3
16.15	-9.946	-18.820	-19.1
16.16	-9.951	-19.259	-33.7
16.17	-9.956	-19.503	-33.9
16.18	-9.961	-19.736	-10.0
16.19	-9.966	-19.822	-21.7
16.2	-9.971	-19.791	-50.3
16.21	-9.977	-19.991	-39.1
16.22	-9.982	-20.098	-10.8
16.23	-9.988	-20.216	-17.8
16.24	-9.995	-20.431	-43.6
16.25	-10.001	-20.422	-35.5
16.26	-10.008	-20.277	-4.1
16.27	-10.013	-20.208	-13.5
16.28	-10.018	-20.175	-48.3
16.29	-10.021	-20.186	-42.5
16.3	-10.025	-20.242	-10.8
16.31	-10.029	-20.447	-2.1
16.32	-10.033	-20.797	-23.9
16.33	-10.038	-20.930	-38.1
16.34	-10.041	-20.675	-20.9
16.35	-10.045	-20.420	-6.0
16.36	-10.049	-20.458	-24.5
16.37	-10.054	-20.525	-41.8
16.38	-10.058	-20.338	-20.5
16.39	-10.062	-20.064	-5.5
16.4	-10.066	-19.950	-24.9
16.41	-10.070	-19.764	-34.7
16.42	-10.074	-19.269	-11.4
16.43	-10.078	-18.823	6.5
16.44	-10.081	-18.648	-20.7
16.45	-10.083	-18.525	-37.6
16.46	-10.084	-18.466	-21.8
16.47	-10.084	-18.463	-8.6
16.48	-10.083	-18.284	4.0
16.49	-10.081	-18.097	-0.7
16.5	-10.078	-18.295	-10.4
16.51	-10.074	-18.759	10.3
16.52	-10.068	-18.969	38.7
16.53	-10.061	-18.716	33.1
16.54	-10.052	-18.072	-0.5
16.55	-10.041	-17.372	-22.5
16.56	-10.030	-17.302	-24.3
16.57	-10.019	-18.022	-24.1
16.58	-10.007	-18.880	-22.0
16.59	-9.994	-19.322	-20.9
16.6	-9.981	-19.402	-35.4
16.61	-9.967	-19.177	-54.9
16.62	-9.951	-18.577	-51.7
16.63	-9.936	-17.983	-36.9
16.64	-9.919	-17.855	-24.0
16.65	-9.904	-17.992	-16.9
16.66	-9.891	-17.970	-13.3
16.67	-9.883	-17.803	-23.7
16.68	-9.876	-17.592	-50.6
16.69	-9.864	-17.209	-31.6
16.7	-9.848	-16.873	77.0
16.71	-9.829	-16.938	218.8
16.72	-9.809	-17.323	267.0
16.73	-9.791	-17.863	165.7
16.74	-9.774	-18.333	11.9
16.75	-9.757	-18.458	-63.9
16.76	-9.737	-18.347	-52.1
16.77	-9.716	-18.298	-31.5
16.78	-9.697	-18.327	-41.7
16.79	-9.678	-18.384	-41.0
16.8	-9.657	-18.514	-20.3
16.81	-9.631	-18.883	-30.8
16.82	-9.602	-19.561	-44.6
16.83	-9.572	-20.277	-30.8
16.84	-9.546	-20.698	-19.0
16.85	-9.520	-20.595	-29.4
16.86	-9.496	-20.097	-30.7
16.87	-9.473	-19.253	-9.3
16.88	-9.450	-17.078	-15.8
16.89	-9.428	-11.388	-30.1
16.9	-9.406	0.083	-16.1
16.91	-9.386	17.220	-6.6
16.92	-9.367	35.373	-11.1
16.93	-9.348	47.141	-9.5
16.94	-9.330	50.806	8.7
16.95	-9.313	51.128	27.4
16.96	-9.296	51.139	27.8
16.97	-9.279	51.134	15.8
16.98	-9.263	51.038	27.8
16.99	-9.248	49.216	52.4
17.0	-9.232	42.397	58.7
17.01	-9.217	31.011	73.5
17.02	-9.202	18.880	96.5
17.03	-9.187	7.925	103.8
17.04	-9.174	-1.523	105.4
17.05	-9.164	-9.255	93.4
17.06	-9.158	-14.838	61.8
17.07	-9.151	-18.033	29.0
17.08	-9.143	-19.273	-3.4
17.09	-9.133	-19.072	-29.2
17.1	-9.124	-18.119	-34.9
17.11	-9.116	-17.713	-29.3
17.12	-9.107	-18.762	-27.2
17.13	-9.097	-21.258	-42.8
17.14	-9.087	-24.456	-65.1
17.15	-9.077	-26.939	-68.6
17.16	-9.068	-27.527	-71.7
17.17	-9.061	-25.989	-73.1
17.18	-9.053	-22.533	-53.3
17.19	-9.047	-17.692	-44.4
17.2	-9.042	-12.563	-42.1
17.21	-9.036	-8.047	-37.2
17.22	-9.030	-4.408	-37.3
17.23	-9.024	-1.692	-30.1
17.24	-9.017	-0.113	-35.3
17.25	-9.009	0.189	-53.5
17.26	-9.001	-0.508	-50.1
17.27	-8.992	-2.013	-33.5
17.28	-8.983	-4.378	-35.2
17.29	-8.975	-7.369	-40.4
17.3	-8.967	-10.703	-42.3
17.31	-8.957	-14.239	-53.6
17.32	-8.949	-17.628	-53.4
17.33	-8.940	-20.503	-35.1
17.34	-8.933	-22.920	-33.4
17.35	-8.925	-25.003	-43.9
17.36	-8.919	-26.305	-36.2
17.37	-8.912	-26.456	-31.7
17.38	-8.904	-25.863	-46.4
17.39	-8.898	-25.083	-63.3
17.4	-8.889	-24.323	-54.1
17.41	-8.882	-23.381	-33.0
17.42	-8.874	-22.097	-40.1
17.43	-8.866	-20.720	-53.3
17.44	-8.859	-19.555	-41.0
17.45	-8.852	-18.834	-25.9
17.46	-8.846	-18.670	-19.7
17.47	-8.840	-18.834	-22.0
17.48	-8.834	-18.928	-46.5
17.49	-8.828	-18.772	-53.7
17.5	-8.822	-18.400	-35.0
17.51	-8.816	-17.955	-35.8
17.52	-8.810	-17.775	-38.3
17.53	-8.804	-17.923	-35.6
17.54	-8.799	-17.769	-28.6
17.55	-8.794	-17.039	-17.2
17.56	-8.788	-16.367	-22.7
17.57	-8.783	-16.288	-31.8
17.58	-8.777	-16.584	-35.0
17.59	-8.771	-16.811	-36.5
17.6	-8.766	-16.873	-20.8
17.61	-8.761	-16.909	-20.7
17.62	-8.756	-17.019	-51.4
17.63	-8.751	-17.192	-51.3
17.64	-8.746	-17.394	-29.9
17.65	-8.741	-17.713	-10.9
17.66	-8.737	-18.256	3.7
17.67	-8.732	-18.842	-22.2
17.68	-8.726	-19.166	-45.5
17.69	-8.721	-19.255	-38.8
17.7	-8.716	-19.120	-29.7
17.71	-8.711	-18.825	-25.3
17.72	-8.705	-18.823	-18.7
17.73	-8.700	-19.411	-21.6
17.74	-8.694	-20.064	-36.7
17.75	-8.689	-19.992	-25.2
17.76	-8.684	-19.566	-9.4
17.77	-8.680	-19.600	-20.5
17.78	-8.675	-20.038	-31.8
17.79	-8.669	-20.308	-16.9
17.8	-8.664	-19.775	-0.2
17.81	-8.659	-18.756	-28.0
17.82	-8.653	-18.359	-50.7
17.83	-8.648	-18.620	-33.4
17.84	-8.643	-18.920	-5.8
17.85	-8.639	-19.252	10.9
17.86	-8.636	-19.606	-2.6
17.87	-8.632	-19.272	-36.3
17.88	-8.627	-18.131	-34.4
17.89	-8.623	-17.398	14.2
17.9	-8.619	-17.436	28.9
17.91	-8.614	-17.508	19.3
17.92	-8.611	-17.366	38.0
17.93	-8.606	-17.258	40.9
17.94	-8.602	-17.292	6.5
17.95	-8.597	-17.223	-46.6
17.96	-8.591	-17.075	-69.1
17.97	-8.586	-17.216	-41.4
17.98	-8.581	-17.577	-18.2
17.99	-8.576	-17.844	-28.3
18.0	-8.571	-17.983	-41.3
18.01	-8.567	-18.045	-32.6
18.02	-8.563	-17.967	-24.7
18.03	-8.559	-17.539	-31.8
18.04	-8.556	-16.830	-32.4
18.05	-8.554	-16.345	-32.6
18.06	-8.553	-16.214	-38.4
18.07	-8.551	-16.205	-34.0
18.08	-8.547	-16.377	24.7
18.09	-8.542	-16.741	168.3
18.1	-8.534	-16.863	283.3
18.11	-8.527	-16.736	265.3
18.12	-8.521	-16.989	130.4
18.13	-8.517	-17.584	-19.3
18.14	-8.514	-17.991	-57.7
18.15	-8.512	-18.262	-32.5
18.16	-8.509	-18.602	-43.7
18.17	-8.505	-18.741	-55.7
18.18	-8.499	-18.491	-44.1
18.19	-8.491	-18.284	-36.9
18.2	-8.482	-18.450	-33.0
18.21	-8.474	-18.722	-34.9
18.22	-8.466	-18.895	-27.3
18.23	-8.456	-18.692	-13.7
18.24	-8.445	-17.558	-23.5
18.25	-8.434	-15.313	-32.4
18.26	-8.422	-10.716	-31.3
18.27	-8.412	-0.686	-33.1
18.28	-8.403	16.195	-17.4
18.29	-8.395	35.153	-10.7
18.3	-8.388	47.339	-16.2
18.31	-8.383	50.873	-6.9
18.32	-8.378	51.128	-14.0
18.33	-8.375	51.139	-21.8
18.34	-8.373	51.138	1.3
18.35	-8.372	51.131	22.5
18.36	-8.373	50.645	14.2
18.37	-8.373	46.920	4.6
18.38	-8.374	37.538	24.6
18.39	-8.373	25.192	48.2
18.4	-8.373	13.903	51.2
18.41	-8.373	4.970	52.9
18.42	-8.371	-1.764	71.9
18.43	-8.370	-6.611	83.8
18.44	-8.370	-9.406	74.3
18.45	-8.373	-9.970	50.6
18.46	-8.376	-8.586	36.8
18.47	-8.379	-6.200	16.2
18.48	-8.383	-4.216	-19.0
18.49	-8.386	-3.495	-34.8
18.5	-8.390	-4.272	-34.1
18.51	-8.394	-6.805	-22.6
18.52	-8.396	-10.970	-32.4
18.53	-8.397	-15.614	-62.3
18.54	-8.399	-19.558	-65.7
18.55	-8.401	-22.109	-50.9
18.56	-8.404	-22.623	-41.7
18.57	-8.406	-21.023	-25.0
18.58	-8.408	-17.933	-19.6
18.59	-8.410	-14.309	-57.2
18.6	-8.412	-11.075	-72.2
18.61	-8.416	-8.577	-37.4
18.62	-8.421	-6.561	-18.5
18.63	-8.426	-4.856	-36.3
18.64	-8.429	-3.778	-49.5
18.65	-8.433	-3.814	-42.0
18.66	-8.435	-5.113	-38.5
18.67	-8.437	-7.317	-30.2
18.68	-8.438	-9.952	-15.6
18.69	-8.438	-12.702	-30.8
18.7	-8.439	-15.088	-55.5
18.71	-8.439	-16.681	-56.1
18.72	-8.440	-18.036	-26.1
18.73	-8.441	-19.808	-21.6
18.74	-8.443	-21.639	-45.2
18.75	-8.444	-23.042	-25.0
18.76	-8.445	-24.050	-17.1
18.77	-8.446	-24.509	-50.5
18.78	-8.448	-23.969	-58.3
18.79	-8.450	-22.911	-34.2
18.8	-8.452	-22.253	-15.9
18.81	-8.454	-22.011	-31.9
18.82	-8.456	-21.708	-35.7
18.83	-8.457	-21.111	-16.4
18.84	-8.459	-20.303	-21.7
18.85	-8.462	-19.386	-50.7
18.86	-8.464	-18.580	-52.8
18.87	-8.467	-18.119	-34.5
18.88	-8.471	-17.969	-28.6
18.89	-8.474	-18.294	-10.3
18.9	-8.478	-19.150	-9.0
18.91	-8.481	-19.416	-32.3
18.92	-8.484	-18.723	-39.0
18.93	-8.488	-18.044	-35.6
18.94	-8.491	-17.873	-34.9
18.95	-8.494	-18.239	-28.7
18.96	-8.497	-18.672	-17.3
18.97	-8.500	-18.920	-11.9
18.98	-8.502	-19.084	-20.1
18.99	-8.506	-18.864	-34.5
19.0	-8.509	-18.281	-30.2
19.01	-8.512	-17.997	-15.0
19.02	-8.516	-18.150	-17.9
19.03	-8.520	-18.214	-26.3
19.04	-8.524	-18.200	-23.0
19.05	-8.529	-18.603	-23.5
19.06	-8.535	-19.269	-24.4
19.07	-8.541	-19.478	-28.7
19.08	-8.547	-19.405	-29.3
19.09	-8.554	-19.686	-11.1
19.1	-8.562	-20.138	-10.3
19.11	-8.569	-20.288	-30.1
19.12	-8.578	-20.089	-25.9
19.13	-8.587	-20.013	-8.9
19.14	-8.597	-20.136	-16.6
19.15	-8.607	-19.936	-34.4
19.16	-8.619	-19.575	-26.2
19.17	-8.631	-19.673	-12.1
19.18	-8.643	-19.903	-6.9
19.19	-8.657	-19.747	-18.4
19.2	-8.671	-19.652	-28.8
19.21	-8.686	-19.997	-25.8
19.22	-8.701	-20.284	-16.2
19.23	-8.716	-20.008	-10.7
19.24	-8.731	-19.433	-23.1
19.25	-8.747	-18.980	-32.1
19.26	-8.763	-18.717	-22.8
19.27	-8.779	-18.767	-11.1
19.28	-8.795	-19.017	-13.8
19.29	-8.812	-19.036	-20.9
19.3	-8.828	-18.705	-20.3
19.31	-8.844	-18.427	-13.1
19.32	-8.860	-18.531	-14.7
19.33	-8.876	-18.830	-19.1
19.34	-8.893	-19.050	-4.3
19.35	-8.909	-19.189	3.2
19.36	-8.925	-19.284	-12.0
19.37	-8.942	-19.167	-5.1
19.38	-8.959	-18.742	26.1
19.39	-8.976	-18.241	40.5
19.4	-8.993	-17.986	29.6
19.41	-9.009	-18.125	9.7
19.42	-9.026	-18.377	-3.2
19.43	-9.042	-18.345	-23.1
19.44	-9.058	-18.200	-38.4
19.45	-9.075	-18.227	-32.3
19.46	-9.091	-18.106	-29.6
19.47	-9.107	-17.762	-28.8
19.48	-9.124	-17.742	-24.0
19.49	-9.140	-18.050	-32.1
19.5	-9.156	-18.153	-27.2
19.51	-9.171	-18.044	-22.4
19.52	-9.188	-17.911	-34.0
19.53	-9.206	-17.438	-29.8
19.54	-9.224	-16.703	-18.7
19.55	-9.240	-16.417	2.4
19.56	-9.252	-16.655	111.2
19.57	-9.263	-17.016	275.9
19.58	-9.274	-17.459	325.1
19.59	-9.289	-17.986	189.8
19.6	-9.305	-18.284	9.9
19.61	-9.322	-18.120	-53.5
19.62	-9.340	-17.750	-50.9
19.63	-9.357	-17.669	-53.4
19.64	-9.374	-17.928	-31.3
19.65	-9.386	-18.147	-9.8
19.66	-9.395	-18.186	-27.1
19.67	-9.401	-18.286	-46.5
19.68	-9.407	-18.648	-39.0
19.69	-9.413	-19.100	-26.0
19.7	-9.420	-19.066	-27.8
19.71	-9.427	-18.266	-37.0
19.72	-9.435	-16.506	-29.2
19.73	-9.443	-12.208	-21.3
19.74	-9.452	-2.502	-13.3
19.75	-9.462	13.672	-6.4
19.76	-9.473	32.366	-9.8
19.77	-9.482	45.744	-8.3
19.78	-9.494	50.569	-13.7
19.79	-9.507	51.128	-16.0
19.8	-9.520	51.139	-4.5
19.81	-9.534	51.138	4.1
19.82	-9.548	51.131	15.6
19.83	-9.563	50.656	26.6
19.84	-9.578	47.073	21.2
19.85	-9.591	38.175	21.4
19.86	-9.606	26.473	39.8
19.87	-9.618	15.370	69.4
19.88	-9.630	6.045	76.6
19.89	-9.641	-1.006	64.1
19.9	-9.652	-5.658	76.3
19.91	-9.665	-8.219	87.2
19.92	-9.681	-9.113	68.3
19.93	-9.699	-8.392	44.7
19.94	-9.715	-6.425	24.5
19.95	-9.729	-4.273	0.2
19.96	-9.743	-2.956	-18.0
19.97	-9.758	-3.213	-40.1
19.98	-9.771	-5.273	-49.4
19.99	-9.783	-8.984	-47.7
20.0	-9.793	-13.927	-42.9
20.01	-9.803	-18.555	-35.0
20.02	-9.814	-21.122	-38.3
20.03	-9.826	-21.492	-47.9
20.04	-9.839	-20.397	-51.5
20.05	-9.851	-18.183	-38.7
20.06	-9.863	-15.155	-34.9
20.07	-9.874	-11.834	-50.4
20.08	-9.885	-8.617	-46.5
20.09	-9.898	-5.911	-40.8
20.1	-9.911	-4.133	-44.8
20.11	-9.924	-3.322	-38.9
20.12	-9.935	-3.453	-36.0
20.13	-9.946	-4.575	-46.9
20.14	-9.955	-6.567	-52.6
20.15	-9.965	-9.089	-47.3
20.16	-9.974	-11.592	-30.0
20.17	-9.983	-13.927	-20.9
20.18	-9.992	-16.483	-39.6
20.19	-10.000	-19.286	-50.5
20.2	-10.008	-21.564	-44.3
20.21	-10.014	-22.730	-37.2
20.22	-10.021	-23.294	-42.8
20.23	-10.028	-23.731	-40.6
20.24	-10.035	-23.727	-29.1
20.25	-10.042	-23.208	-40.0
20.26	-10.050	-22.506	-44.9
20.27	-10.058	-21.684	-32.4
20.28	-10.066	-20.744	-29.0
20.29	-10.074	-19.859	-43.3
20.3	-10.082	-19.231	-51.7
20.31	-10.089	-19.006	-34.3
20.32	-10.096	-18.863	-17.9
20.33	-10.103	-18.309	-26.6
20.34	-10.111	-17.559	-44.6
20.35	-10.119	-17.083	-43.5
20.36	-10.128	-17.219	-27.9
20.37	-10.136	-17.978	-34.4
20.38	-10.144	-18.658	-28.9
20.39	-10.151	-18.489	-25.2
20.4	-10.158	-17.353	-38.3
20.41	-10.164	-16.105	-33.4
20.42	-10.171	-15.717	-35.6
20.43	-10.176	-16.072	-34.5
20.44	-10.182	-16.392	-7.9
20.45	-10.188	-16.120	-9.3
20.46	-10.193	-15.481	-41.3
20.47	-10.199	-15.345	-45.0
20.48	-10.204	-15.939	-27.8
20.49	-10.209	-16.641	-24.4
20.5	-10.213	-17.245	-19.5
20.51	-10.216	-17.895	-15.3
20.52	-10.219	-18.358	-29.9
20.53	-10.221	-18.503	-40.8
20.54	-10.222	-18.387	-39.1
20.55	-10.223	-18.155	-24.2
20.56	-10.223	-18.178	-7.4
20.57	-10.222	-18.384	-18.9
20.58	-10.216	-18.550	-31.7
20.59	-10.208	-18.719	-4.1
20.6	-10.196	-18.684	-2.2
20.61	-10.179	-18.488	-44.3
20.62	-10.159	-18.659	-38.4
20.63	-10.136	-19.075	-10.3
20.64	-10.110	-19.089	-21.0
20.65	-10.082	-18.583	-33.4
20.66	-10.052	-18.005	-7.5
20.67	-10.023	-17.800	9.3
20.68	-9.994	-17.756	-8.2
20.69	-9.967	-17.567	-6.7
20.7	-9.941	-17.425	40.3
20.71	-9.915	-17.539	46.3
20.72	-9.891	-17.761	-11.0
20.73	-9.868	-17.534	-28.6
20.74	-9.844	-16.894	1.6
20.75	-9.821	-16.534	7.6
20.76	-9.799	-16.563	-39.3
20.77	-9.778	-16.769	-60.6
20.78	-9.757	-17.161	-19.5
20.79	-9.736	-17.627	-2.6
20.8	-9.715	-17.920	-48.7
20.81	-9.694	-17.986	-74.8
20.82	-9.674	-17.887	-42.8
20.83	-9.653	-17.713	-22.9
20.84	-9.634	-17.595	-30.1
20.85	-9.618	-17.317	-27.5
20.86	-9.606	-16.819	-19.7
20.87	-9.593	-16.789	-19.7
20.88	-9.578	-17.297	13.5
20.89	-9.559	-17.402	120.1
20.9	-9.537	-17.092	231.5
20.91	-9.512	-17.252	224.8
20.92	-9.490	-17.883	95.7
20.93	-9.470	-18.245	-21.1
20.94	-9.449	-18.227	-51.8
20.95	-9.428	-18.472	-40.9
20.96	-9.406	-19.155	-29.0
20.97	-9.386	-19.434	-35.8
20.98	-9.367	-18.772	-38.1
20.99	-9.348	-18.019	-30.7
21.0	-9.324	-18.045	-28.3
21.01	-9.298	-18.339	-33.0
21.02	-9.271	-18.222	-25.2
21.03	-9.246	-17.966	-10.1
21.04	-9.221	-17.756	-21.5
21.05	-9.197	-17.352	-29.8
21.06	-9.174	-16.750	-19.2
21.07	-9.151	-15.169	-4.7
21.08	-9.128	-10.267	-1.1
21.09	-9.106	-0.105	-14.0
21.1	-9.087	14.600	-16.6
21.11	-9.068	30.816	-14.8
21.12	-9.051	43.798	-3.0
21.13	-9.033	49.905	18.2
21.14	-9.018	51.095	23.2
21.15	-9.003	51.134	22.1
21.16	-8.990	51.111	37.9
21.17	-8.977	50.347	58.1
21.18	-8.963	46.331	57.3
21.19	-8.949	37.830	57.3
21.2	-8.936	27.147	89.8
21.21	-8.922	16.566	115.4
21.22	-8.909	7.003	103.9
21.23	-8.899	-1.066	84.3
21.24	-8.892	-7.386	85.3
21.25	-8.887	-11.784	73.3
21.26	-8.881	-14.539	13.9
21.27	-8.873	-15.845	-25.5
21.28	-8.864	-15.836	-11.1
21.29	-8.857	-15.714	-20.8
21.3	-8.848	-16.641	-64.1
21.31	-8.838	-18.358	-74.3
21.32	-8.826	-20.467	-47.8
21.33	-8.816	-22.927	-34.9
21.34	-8.806	-24.831	-63.3
21.35	-8.797	-24.756	-76.5
21.36	-8.787	-22.363	-57.8
21.37	-8.779	-18.719	-40.3
21.38	-8.771	-14.728	-32.0
21.39	-8.764	-10.402	-54.2
21.4	-8.757	-5.972	-61.1
21.41	-8.751	-2.345	-34.7
21.42	-8.743	-0.200	-38.3
21.43	-8.735	0.502	-52.7
21.44	-8.727	0.256	-35.7
21.45	-8.718	-0.570	-32.9
21.46	-8.709	-2.330	-47.9
21.47	-8.699	-5.169	-43.8
21.48	-8.690	-8.102	-36.3
21.49	-8.681	-10.506	-46.2
21.5	-8.671	-13.239	-53.5
21.51	-8.662	-16.719	-45.0
21.52	-8.653	-19.853	-41.3
21.53	-8.644	-21.783	-44.6
21.54	-8.636	-23.014	-49.5
21.55	-8.628	-24.088	-53.8
21.56	-8.621	-24.552	-45.7
21.57	-8.614	-23.923	-32.2
21.58	-8.607	-22.719	-39.1
21.59	-8.601	-21.838	-52.9
21.6	-8.594	-21.216	-46.2
21.61	-8.588	-20.348	-40.2
21.62	-8.581	-19.347	-45.1
21.63	-8.574	-18.648	-49.3
21.64	-8.568	-18.300	-40.1
21.65	-8.562	-18.052	-35.0
21.66	-8.555	-17.866	-36.5
21.67	-8.549	-17.731	-37.3
21.68	-8.543	-17.342	-35.2
21.69	-8.537	-16.762	-33.3
21.7	-8.531	-16.700	-50.4
21.71	-8.526	-17.145	-48.0
21.72	-8.520	-17.234	-22.1
21.73	-8.515	-16.803	-33.7
21.74	-8.511	-16.286	-49.0
21.75	-8.507	-15.869	-28.5
21.76	-8.502	-15.647	-22.1
21.77	-8.499	-15.766	-34.3
21.78	-8.496	-15.959	-34.6
21.79	-8.492	-15.856	-26.9
21.8	-8.489	-15.733	-31.3
21.81	-8.485	-15.992	-44.7
21.82	-8.482	-16.431	-37.9
21.83	-8.479	-16.747	-18.7
21.84	-8.477	-17.145	-13.2
21.85	-8.475	-17.339	-26.8
21.86	-8.474	-17.231	-46.3
21.87	-8.473	-17.398	-46.0
21.88	-8.471	-17.613	-20.3
21.89	-8.470	-17.870	-8.0
21.9	-8.469	-18.261	-12.1
21.91	-8.469	-18.453	-18.9
21.92	-8.468	-18.653	-25.2
21.93	-8.467	-19.061	-26.7
21.94	-8.467	-19.333	-33.5
21.95	-8.466	-19.117	-47.1
21.96	-8.465	-18.566	-37.8
21.97	-8.464	-18.242	-11.4
21.98	-8.464	-18.275	-6.4
21.99	-8.463	-18.192	-17.3
22.0	-8.463	-18.022	-7.8
22.01	-8.462	-18.041	14.7
22.02	-8.461	-18.053	8.8
22.03	-8.461	-17.975	0.4
22.04	-8.461	-17.930	13.1
22.05	-8.462	-17.788	16.6
22.06	-8.463	-17.480	-6.5
22.07	-8.463	-17.313	-32.4
22.08	-8.463	-17.475	-37.2
22.09	-8.463	-17.591	-33.5
22.1	-8.462	-17.303	-33.0
22.11	-8.461	-17.005	-44.7
22.12	-8.461	-17.109	-53.1
22.13	-8.459	-17.289	-39.5
22.14	-8.456	-17.078	-23.2
22.15	-8.454	-16.637	-23.8
22.16	-8.454	-16.502	-40.7
22.17	-8.457	-16.666	-49.4
22.18	-8.459	-16.875	-36.9
22.19	-8.461	-17.102	-3.1
22.2	-8.459	-17.205	111.2
22.21	-8.456	-16.825	258.1
22.22	-8.453	-16.206	270.9
22.23	-8.452	-16.097	148.3
22.24	-8.451	-16.348	12.5
22.25	-8.453	-16.539	-36.6
22.26	-8.455	-16.648	-28.4
22.27	-8.458	-16.555	-43.7
22.28	-8.460	-16.342	-61.2
22.29	-8.459	-16.339	-52.6
22.3	-8.456	-16.708	-41.1
22.31	-8.452	-17.306	-39.3
22.32	-8.447	-17.655	-26.3
22.33	-8.444	-17.539	-24.4
22.34	-8.440	-17.311	-35.2
22.35	-8.434	-16.955	-40.1
22.36	-8.426	-15.406	-37.4
22.37	-8.418	-10.827	-29.1
22.38	-8.410	-1.195	-30.8
22.39	-8.402	14.177	-18.7
22.4	-8.396	32.102	8.5
22.41	-8.393	45.408	-7.9
22.42	-8.390	50.483	-40.2
22.43	-8.387	51.128	-28.4
22.44	-8.386	51.138	0.6
22.45	-8.385	51.139	-0.9
22.46	-8.386	51.131	-15.9
22.47	-8.387	50.791	-0.2
22.48	-8.389	48.091	26.2
22.49	-8.392	40.548	29.4
22.5	-8.394	28.816	29.6
22.51	-8.397	17.095	44.0
22.52	-8.399	8.589	49.1
22.53	-8.401	2.692	53.0
22.54	-8.401	-1.395	76.4
22.55	-8.402	-3.555	73.1
22.56	-8.406	-4.053	47.6
22.57	-8.411	-3.005	41.8
22.58	-8.417	-1.000	28.1
22.59	-8.422	0.661	-2.7
22.6	-8.427	1.047	-36.1
22.61	-8.433	-0.283	-39.5
22.62	-8.440	-3.511	-18.4
22.63	-8.444	-8.314	-42.0
22.64	-8.447	-13.675	-64.2
22.65	-8.450	-17.909	-52.8
22.66	-8.453	-20.259	-50.7
22.67	-8.456	-21.125	-51.4
22.68	-8.461	-20.488	-47.0
22.69	-8.466	-18.170	-28.9
22.7	-8.471	-14.831	-22.7
22.71	-8.478	-11.536	-59.1
22.72	-8.486	-8.742	-75.1
22.73	-8.495	-6.478	-47.8
22.74	-8.504	-4.972	-18.0
22.75	-8.514	-4.064	-33.5
22.76	-8.524	-3.489	-67.2
22.77	-8.532	-3.986	-59.2
22.78	-8.539	-6.034	-29.9
22.79	-8.545	-8.677	-20.7
22.8	-8.551	-11.106	-36.0
22.81	-8.556	-13.627	-47.6
22.82	-8.562	-16.244	-51.3
22.83	-8.568	-18.452	-54.9
22.84	-8.573	-20.153	-41.9
22.85	-8.579	-21.261	-26.9
22.86	-8.585	-21.856	-39.0
22.87	-8.592	-22.248	-38.5
22.88	-8.600	-22.452	-26.4
22.89	-8.609	-22.327	-37.6
22.9	-8.620	-21.652	-32.9
22.91	-8.631	-20.422	-31.9
22.92	-8.643	-19.131	-54.0
22.93	-8.656	-18.389	-47.1
22.94	-8.668	-18.211	-27.5
22.95	-8.682	-18.133	-25.4
22.96	-8.697	-17.995	-34.2
22.97	-8.713	-18.058	-37.8
22.98	-8.729	-18.314	-38.9
22.99	-8.745	-18.145	-42.7
23.0	-8.762	-17.286	-28.0
23.01	-8.779	-16.642	-21.0
23.02	-8.796	-16.903	-36.6
23.03	-8.813	-17.567	-32.8
23.04	-8.832	-17.817	-12.7
23.05	-8.851	-17.519	-13.9
23.06	-8.870	-17.320	-35.6
23.07	-8.888	-17.403	-56.9
23.08	-8.906	-17.241	-42.5
23.09	-8.924	-16.806	-7.7
23.1	-8.941	-16.614	-6.2
23.11	-8.958	-16.784	-30.4
23.12	-8.976	-16.900	-37.8
23.13	-8.994	-16.375	-16.5
23.14	-9.012	-15.450	-15.2
23.15	-9.029	-15.342	-38.7
23.16	-9.047	-16.227	-35.1
23.17	-9.066	-17.166	-13.3
23.18	-9.083	-17.722	-0.6
23.19	-9.101	-18.017	-27.0
23.2	-9.117	-18.192	-38.9
23.21	-9.135	-18.258	-11.2
23.22	-9.152	-18.331	-15.0
23.23	-9.169	-18.517	-25.0
23.24	-9.188	-18.833	-11.3
23.25	-9.206	-19.125	-14.4
23.26	-9.224	-18.889	-23.5
23.27	-9.241	-18.044	-19.3
23.28	-9.258	-17.225	-19.8
23.29	-9.275	-16.800	-19.0
23.3	-9.291	-16.714	-14.3
23.31	-9.308	-16.919	-10.3
23.32	-9.324	-17.291	-3.4
23.33	-9.341	-17.488	-9.2
23.34	-9.359	-17.386	-23.7
23.35	-9.377	-17.345	-31.1
23.36	-9.394	-17.481	-27.0
23.37	-9.412	-17.591	-10.3
23.38	-9.429	-17.619	1.2
23.39	-9.447	-17.417	-3.8
23.4	-9.465	-16.811	2.9
23.41	-9.482	-16.253	22.2
23.42	-9.499	-16.220	31.9
23.43	-9.516	-16.508	25.6
23.44	-9.533	-16.887	11.4
23.45	-9.549	-17.061	10.7
23.46	-9.564	-16.738	-8.0
23.47	-9.580	-16.283	-46.9
23.48	-9.596	-16.247	-46.0
23.49	-9.611	-16.681	-21.3
23.5	-9.626	-16.908	-11.8
23.51	-9.642	-16.642	-25.3
23.52	-9.656	-16.519	-41.6
23.53	-9.669	-16.805	-32.8
23.54	-9.681	-17.217	-28.4
23.55	-9.694	-17.177	-30.1
23.56	-9.709	-16.294	-23.0
23.57	-9.726	-15.413	-25.8
23.58	-9.742	-15.359	-41.3
23.59	-9.756	-15.738	10.2
23.6	-9.767	-16.128	193.3
23.61	-9.777	-16.534	336.9
23.62	-9.789	-16.722	276.8
23.63	-9.803	-16.400	83.4
23.64	-9.816	-16.052	-48.4
23.65	-9.829	-16.233	-57.1
23.66	-9.842	-16.688	-36.8
23.67	-9.854	-16.853	-13.5
23.68	-9.864	-16.430	-14.7
23.69	-9.870	-15.739	-45.3
23.7	-9.871	-15.614	-49.6
23.71	-9.868	-16.391	-31.6
23.72	-9.866	-17.288	-23.4
23.73	-9.865	-17.556	-21.8
23.74	-9.866	-17.222	-24.8
23.75	-9.868	-16.363	-31.1
23.76	-9.870	-14.480	-33.6
23.77	-9.873	-10.044	-23.5
23.78	-9.875	-1.008	3.5
23.79	-9.877	13.444	5.9
23.8	-9.881	30.923	-28.5
23.81	-9.886	44.706	-35.1
23.82	-9.892	50.342	-0.5
23.83	-9.898	51.127	9.1
23.84	-9.904	51.138	-6.3
23.85	-9.911	51.139	7.8
23.86	-9.917	51.133	24.9
23.87	-9.924	50.989	19.3
23.88	-9.930	48.898	33.2
23.89	-9.936	41.692	61.2
23.9	-9.943	30.272	68.5
23.91	-9.950	18.608	81.8
23.92	-9.957	8.647	103.9
23.93	-9.965	1.420	89.2
23.94	-9.973	-2.534	60.7
23.95	-9.982	-4.184	59.9
23.96	-9.993	-4.612	57.1
23.97	-10.004	-4.052	40.4
23.98	-10.012	-2.964	25.2
23.99	-10.019	-2.233	-8.0
24.0	-10.028	-2.588	-40.3
24.01	-10.035	-4.623	-50.5
24.02	-10.040	-8.442	-51.6
24.03	-10.043	-13.200	-50.3
24.04	-10.044	-17.633	-43.9
24.05	-10.046	-20.933	-38.9
24.06	-10.046	-22.311	-37.4
24.07	-10.047	-21.164	-39.2
24.08	-10.046	-18.177	-36.9
24.09	-10.046	-14.444	-33.1
24.1	-10.044	-10.467	-45.8
24.11	-10.042	-6.697	-57.1
24.12	-10.039	-3.686	-46.1
24.13	-10.036	-1.577	-34.5
24.14	-10.030	-0.333	-34.4
24.15	-10.019	-0.153	-43.7
24.16	-10.004	-1.095	-44.0
24.17	-9.984	-3.009	-26.2
24.18	-9.961	-5.586	-26.3
24.19	-9.935	-8.525	-46.0
24.2	-9.909	-11.750	-45.6
24.21	-9.883	-15.066	-35.9
24.22	-9.857	-18.131	-43.3
24.23	-9.831	-20.653	-48.9
24.24	-9.807	-22.336	-37.6
24.25	-9.784	-23.230	-29.7
24.26	-9.761	-23.689	-35.6
24.27	-9.739	-23.652	-41.5
24.28	-9.717	-22.880	-37.7
24.29	-9.696	-21.736	-34.0
24.3	-9.674	-20.902	-39.4
24.31	-9.654	-20.363	-42.8
24.32	-9.634	-19.714	-33.2
24.33	-9.614	-19.147	-28.1
24.34	-9.595	-18.941	-31.9
24.35	-9.577	-18.864	-32.9
24.36	-9.559	-18.645	-28.1
24.37	-9.543	-18.269	-26.9
24.38	-9.526	-17.834	-39.6
24.39	-9.511	-17.420	-41.4
24.4	-9.496	-17.063	-18.3
24.41	-9.482	-16.819	-3.8
24.42	-9.467	-16.561	-22.0
24.43	-9.452	-16.142	-37.9
24.44	-9.438	-15.956	-36.4
24.45	-9.423	-16.278	-30.0
24.46	-9.409	-16.581	-25.0
24.47	-9.396	-16.498	-31.8
24.48	-9.383	-16.389	-20.3
24.49	-9.371	-16.542	-29.3
24.5	-9.357	-16.784	-60.0
24.51	-9.346	-17.000	-46.2
24.52	-9.335	-17.303	-14.6
24.53	-9.324	-17.728	-18.8
24.54	-9.314	-18.158	-49.8
24.55	-9.303	-18.514	-48.8
24.56	-9.292	-18.759	-19.0
24.57	-9.281	-18.664	-3.2
24.58	-9.270	-18.320	-25.6
24.59	-9.259	-18.270	-44.3
24.6	-9.248	-18.494	-35.6
24.61	-9.238	-18.486	-23.5
24.62	-9.228	-18.378	-21.2
24.63	-9.218	-18.570	-33.8
24.64	-9.208	-18.777	-40.5
24.65	-9.197	-18.561	-23.7
24.66	-9.187	-18.012	1.0
24.67	-9.177	-17.783	-15.0
24.68	-9.168	-18.183	-40.4
24.69	-9.158	-18.694	-33.5
24.7	-9.148	-18.814	15.5
24.71	-9.139	-18.464	40.1
24.72	-9.129	-17.864	4.2
24.73	-9.121	-17.436	-12.2
24.74	-9.113	-17.409	-2.1
24.75	-9.104	-17.617	13.5
24.76	-9.094	-17.858	4.0
24.77	-9.085	-17.869	-41.9
24.78	-9.076	-17.553	-61.3
24.79	-9.066	-17.195	-42.1
24.8	-9.057	-16.852	-33.1
24.81	-9.047	-16.613	-32.5
24.82	-9.039	-16.620	-26.5
24.83	-9.029	-16.767	-31.3
24.84	-9.019	-16.980	-36.4
24.85	-9.009	-17.091	-38.5
24.86	-8.999	-17.064	-30.4
24.87	-8.991	-17.020	-31.9
24.88	-8.986	-16.586	-42.8
24.89	-8.980	-15.811	-31.5
24.9	-8.973	-15.589	-17.6
24.91	-8.963	-16.075	54.8
24.92	-8.949	-16.627	220.5
24.93	-8.934	-16.922	317.1
24.94	-8.921	-17.020	223.6
24.95	-8.911	-17.059	42.4
24.96	-8.902	-17.156	-57.9
24.97	-8.893	-17.130	-57.4
24.98	-8.883	-16.986	-24.8
24.99	-8.874	-17.252	-19.6
25.0	-8.866	-17.895	-46.4
25.01	-8.856	-18.342	-50.6
25.02	-8.842	-18.489	-37.7
25.03	-8.826	-18.434	-30.2
25.04	-8.809	-18.023	-23.5
25.05	-8.793	-17.400	-31.3
25.06	-8.774	-16.961	-37.3
25.07	-8.757	-16.664	-19.3
25.08	-8.740	-15.706	-13.4
25.09	-8.724	-12.553	-23.6
25.1	-8.709	-5.331	-16.5
25.11	-8.695	7.186	-8.7
25.12	-8.681	23.816	-13.0
25.13	-8.668	39.639	-23.2
25.14	-8.657	48.694	-18.4
25.15	-8.646	51.013	6.8
25.16	-8.635	51.133	18.7
25.17	-8.626	51.139	7.5
25.18	-8.619	51.133	6.7
25.19	-8.612	51.030	35.3
25.2	-8.606	49.264	50.2
25.21	-8.599	42.977	52.2
25.22	-8.592	32.750	71.9
25.23	-8.586	21.763	79.3
25.24	-8.578	11.502	76.4
25.25	-8.571	3.002	80.8
25.26	-8.564	-2.677	84.7
25.27	-8.561	-5.750	61.4
25.28	-8.558	-7.153	24.9
25.29	-8.556	-7.378	14.8
25.3	-8.552	-6.873	4.6
25.31	-8.549	-6.173	-27.3
25.32	-8.546	-6.041	-48.3
25.33	-8.543	-7.897	-43.9
25.34	-8.537	-12.406	-46.5
25.35	-8.530	-18.217	-62.7
25.36	-8.524	-22.913	-56.7
25.37	-8.520	-24.931	-42.1
25.38	-8.517	-24.447	-32.6
25.39	-8.514	-22.322	-49.0
25.4	-8.510	-19.113	-74.7
25.41	-8.508	-15.283	-47.3
25.42	-8.506	-11.436	-20.9
25.43	-8.504	-7.909	-35.7
25.44	-8.502	-4.944	-57.4
25.45	-8.502	-2.952	-60.0
25.46	-8.501	-2.164	-41.8
25.47	-8.499	-2.622	-31.8
25.48	-8.497	-4.077	-33.8
25.49	-8.494	-6.072	-37.2
25.5	-8.489	-8.355	-42.8
25.51	-8.486	-11.055	-56.5
25.52	-8.481	-14.211	-59.2
25.53	-8.476	-17.392	-44.4
25.54	-8.471	-20.181	-32.3
25.55	-8.467	-22.313	-26.3
25.56	-8.464	-23.698	-30.1
25.57	-8.463	-24.605	-45.0
25.58	-8.460	-25.091	-44.8
25.59	-8.457	-24.781	-37.5
25.6	-8.455	-23.744	-44.8
25.61	-8.453	-22.697	-49.3
25.62	-8.451	-21.981	-43.8
25.63	-8.450	-21.398	-36.7
25.64	-8.449	-20.806	-31.9
25.65	-8.447	-20.189	-33.5
25.66	-8.447	-19.495	-31.1
25.67	-8.446	-18.841	-37.0
25.68	-8.446	-18.547	-47.9
25.69	-8.445	-18.480	-45.0
25.7	-8.445	-18.173	-35.0
25.71	-8.445	-17.802	-11.0
25.72	-8.445	-17.889	-21.3
25.73	-8.446	-18.342	-56.8
25.74	-8.446	-18.538	-53.7
25.75	-8.446	-18.091	-30.5
25.76	-8.446	-17.611	-11.3
25.77	-8.446	-17.700	-22.8
25.78	-8.447	-17.756	-50.5
25.79	-8.447	-17.294	-33.5
25.8	-8.447	-16.909	-7.2
25.81	-8.448	-17.164	-24.3
25.82	-8.449	-17.803	-35.5
25.83	-8.448	-18.313	-23.0
25.84	-8.447	-18.339	-27.3
25.85	-8.448	-17.998	-41.0
25.86	-8.449	-18.044	-35.6
25.87	-8.451	-18.745	-6.2
25.88	-8.453	-19.258	-4.5
25.89	-8.453	-18.991	-35.7
25.9	-8.454	-18.517	-45.7
25.91	-8.456	-18.602	-34.0
25.92	-8.457	-19.119	-21.5
25.93	-8.458	-19.563	-10.6
25.94	-8.459	-19.905	-14.2
25.95	-8.460	-20.217	-37.5
25.96	-8.461	-20.122	-37.5
25.97	-8.463	-19.523	-16.0
25.98	-8.464	-19.125	-4.0
25.99	-8.466	-19.448	-9.3
26.0	-8.467	-20.092	-27.2
26.01	-8.468	-20.200	-36.2
26.02	-8.469	-19.319	-27.4
26.03	-8.470	-17.973	-15.5
26.04	-8.471	-17.152	-19.0
26.05	-8.471	-17.131	-28.0
26.06	-8.473	-17.502	-25.3
26.07	-8.473	-17.931	-9.3
26.08	-8.474	-18.238	0.4
26.09	-8.476	-18.422	-23.0
26.1	-8.477	-18.392	-36.9
26.11	-8.478	-17.892	-32.3
26.12	-8.478	-17.248	-31.5
26.13	-8.479	-16.955	-13.1
26.14	-8.480	-17.020	1.6
26.15	-8.482	-17.266	5.4
26.16	-8.484	-17.473	19.1
26.17	-8.486	-17.536	28.3
26.18	-8.488	-17.609	22.2
26.19	-8.491	-17.777	6.5
26.2	-8.492	-17.866	-9.6
26.21	-8.494	-17.733	-21.6
26.22	-8.496	-17.413	-25.0
26.23	-8.498	-17.184	-30.4
26.24	-8.499	-17.200	-34.9
26.25	-8.501	-17.303	-33.9
26.26	-8.501	-17.423	-33.2
26.27	-8.502	-17.645	-29.0
26.28	-8.503	-17.833	-38.2
26.29	-8.504	-17.544	-47.8
26.3	-8.505	-16.822	-33.5
26.31	-8.508	-16.280	-22.4
26.32	-8.513	-16.047	-34.3
26.33	-8.521	-15.720	-36.5
26.34	-8.526	-15.434	-12.5
26.35	-8.528	-15.719	63.5
26.36	-8.527	-16.395	207.9
26.37	-8.525	-16.947	288.2
26.38	-8.526	-17.339	226.5
26.39	-8.526	-17.609	76.8
26.4	-8.527	-17.748	-44.0
26.41	-8.531	-17.900	-62.2
26.42	-8.537	-18.095	-37.5
26.43	-8.542	-18.177	-33.1
26.44	-8.543	-18.142	-43.3
26.45	-8.538	-18.236	-40.2
26.46	-8.533	-18.483	-43.4
26.47	-8.529	-18.594	-41.8
26.48	-8.526	-18.338	-23.3
26.49	-8.523	-17.867	-30.6
26.5	-8.519	-17.384	-39.7
26.51	-8.514	-16.283	-34.1
26.52	-8.509	-12.617	-33.4
26.53	-8.504	-3.206	-17.1
26.54	-8.500	13.564	-16.3
26.55	-8.497	33.211	-33.6
26.56	-8.496	46.552	-28.4
26.57	-8.495	50.763	-5.1
26.58	-8.496	51.127	13.0
26.59	-8.499	51.139	-12.2
26.6	-8.503	51.139	-39.0
26.61	-8.511	51.138	-23.8
26.62	-8.521	51.130	3.2
26.63	-8.533	50.597	16.6
26.64	-8.546	46.609	19.9
26.65	-8.559	36.884	31.3
26.66	-8.572	24.716	51.2
26.67	-8.585	14.152	59.8
26.68	-8.598	5.997	50.6
26.69	-8.611	0.425	42.8
26.7	-8.623	-2.223	62.6
26.71	-8.638	-2.289	74.6
26.72	-8.654	-0.816	46.7
26.73	-8.671	1.059	18.1
26.74	-8.688	2.495	18.0
26.75	-8.703	3.025	15.5
26.76	-8.719	2.081	-29.4
26.77	-8.736	-0.945	-62.6
26.78	-8.752	-6.122	-51.3
26.79	-8.766	-12.850	-35.8
26.8	-8.781	-19.513	-40.4
26.81	-8.795	-23.936	-49.9
26.82	-8.810	-25.270	-37.6
26.83	-8.824	-24.159	-22.3
26.84	-8.840	-21.683	-40.0
26.85	-8.856	-18.609	-54.9
26.86	-8.873	-15.284	-42.3
26.87	-8.889	-12.092	-48.5
26.88	-8.908	-9.170	-61.6
26.89	-8.926	-6.494	-56.3
26.9	-8.945	-4.348	-45.5
26.91	-8.963	-3.305	-36.0
26.92	-8.980	-3.958	-23.0
26.93	-8.996	-6.109	-11.7
26.94	-9.013	-8.608	-29.2
26.95	-9.027	-11.038	-53.9
26.96	-9.043	-13.877	-55.8
26.97	-9.058	-16.881	-54.7
26.98	-9.072	-19.280	-50.3
26.99	-9.087	-20.969	-29.3
27.0	-9.101	-22.328	-21.1
27.01	-9.114	-23.414	-43.1
27.02	-9.129	-24.130	-56.8
27.03	-9.144	-24.545	-22.1
27.04	-9.159	-24.619	0.3
27.05	-9.176	-24.234	-38.0
27.06	-9.192	-23.475	-61.2
27.07	-9.208	-22.583	-45.9
27.08	-9.223	-21.759	-25.6
27.09	-9.238	-21.061	-30.5
27.1	-9.252	-20.461	-42.0
27.11	-9.267	-20.011	-32.9
27.12	-9.282	-19.844	-21.1
27.13	-9.296	-19.864	-23.8
27.14	-9.311	-19.700	-33.5
27.15	-9.327	-19.194	-30.7
27.16	-9.342	-18.688	-27.1
27.17	-9.358	-18.530	-30.9
27.18	-9.374	-18.528	-37.0
27.19	-9.389	-18.372	-28.7
27.2	-9.406	-18.075	-18.3
27.21	-9.422	-17.819	-22.6
27.22	-9.438	-17.745	-15.7
27.23	-9.452	-17.719	-18.6
27.24	-9.467	-17.569	-34.9
27.25	-9.483	-17.420	-29.0
27.26	-9.499	-17.527	-22.6
27.27	-9.514	-17.875	-29.3
27.28	-9.531	-18.398	-30.0
27.29	-9.546	-18.870	-16.8
27.3	-9.563	-18.898	-14.6
27.31	-9.578	-18.770	-26.8
27.32	-9.594	-18.950	-20.9
27.33	-9.609	-19.348	-21.8
27.34	-9.624	-19.783	-28.5
27.35	-9.639	-20.103	-18.2
27.36	-9.652	-20.050	-18.4
27.37	-9.665	-19.622	-30.8
27.38	-9.679	-19.194	-28.9
27.39	-9.694	-18.903	-12.2
27.4	-9.708	-18.659	-5.7
27.41	-9.721	-18.648	-14.3
27.42	-9.734	-18.734	-19.0
27.43	-9.746	-18.284	-23.1
27.44	-9.759	-17.186	-20.6
27.45	-9.771	-16.030	-13.7
27.46	-9.784	-15.320	-19.6
27.47	-9.797	-15.183	-13.4
27.48	-9.811	-15.484	-6.8
27.49	-9.824	-16.206	-20.8
27.5	-9.837	-17.086	-18.3
27.51	-9.850	-17.550	-19.5
27.52	-9.864	-18.023	-35.6
27.53	-9.876	-18.811	-18.5
27.54	-9.888	-19.156	1.3
27.55	-9.899	-18.897	-0.4
27.56	-9.912	-18.850	9.7
27.57	-9.924	-19.356	22.5
27.58	-9.936	-19.770	25.9
27.59	-9.948	-19.666	20.5
27.6	-9.960	-19.358	11.8
27.61	-9.973	-19.286	-7.1
27.62	-9.987	-19.284	-30.5
27.63	-10.001	-19.048	-25.8
27.64	-10.013	-18.822	-19.8
27.65	-10.023	-18.858	-30.7
27.66	-10.033	-18.895	-39.4
27.67	-10.043	-18.581	-39.1
27.68	-10.052	-18.098	-29.3
27.69	-10.061	-18.053	-18.0
27.7	-10.068	-18.252	-21.3
27.71	-10.075	-18.072	-37.9
27.72	-10.085	-17.809	-25.2
27.73	-10.098	-17.833	-11.2
27.74	-10.111	-17.777	-32.2
27.75	-10.124	-17.350	-32.0
27.76	-10.134	-16.842	60.2
27.77	-10.143	-16.570	223.5
27.78	-10.152	-16.570	313.4
27.79	-10.160	-16.872	215.0
27.8	-10.167	-17.345	36.6
27.81	-10.173	-17.769	-45.6
27.82	-10.178	-18.052	-57.9
27.83	-10.181	-17.995	-47.8
27.84	-10.186	-17.619	-33.3
27.85	-10.189	-17.483	-32.4
27.86	-10.188	-17.672	-24.1
27.87	-10.181	-17.788	-16.7
27.88	-10.173	-18.030	-14.8
27.89	-10.166	-18.564	-25.3
27.9	-10.161	-18.864	-32.2
27.91	-10.158	-18.695	-20.3
27.92	-10.157	-18.289	-19.8
27.93	-10.155	-17.103	-26.7
27.94	-10.153	-13.245	-11.4
27.95	-10.151	-4.442	-1.0
27.96	-10.150	10.250	-7.1
27.97	-10.149	28.698	-10.7
27.98	-10.149	43.822	-4.8
27.99	-10.148	50.209	7.7
28.0	-10.148	51.123	1.5
28.01	-10.148	51.136	3.9
28.02	-10.148	51.139	25.0
28.03	-10.149	51.138	41.5
28.04	-10.150	51.088	40.2
28.05	-10.150	49.880	31.3
28.06	-10.149	44.400	52.6
28.07	-10.146	33.983	78.8
28.08	-10.141	22.088	93.9
28.09	-10.134	11.248	105.3
28.1	-10.128	2.236	98.8
28.11	-10.124	-4.525	80.6
28.12	-10.123	-8.956	59.8
28.13	-10.122	-11.109	39.6
28.14	-10.115	-11.500	5.9
28.15	-10.103	-11.020	-20.8
28.16	-10.089	-10.467	-18.2
28.17	-10.076	-10.580	-35.5
28.18	-10.059	-12.113	-50.0
28.19	-10.036	-15.506	-44.1
28.2	-10.012	-19.984	-48.3
28.21	-9.989	-23.803	-56.0
28.22	-9.966	-25.578	-64.0
28.23	-9.944	-24.800	-56.2
28.24	-9.922	-21.984	-39.9
28.25	-9.899	-18.073	-44.9
28.26	-9.877	-13.691	-50.3
28.27	-9.854	-9.217	-27.8
28.28	-9.832	-4.922	-22.1
28.29	-9.810	-1.473	-49.8
28.3	-9.789	0.470	-55.2
28.31	-9.768	1.058	-38.9
28.32	-9.746	0.647	-17.4
28.33	-9.723	-0.781	-13.9
28.34	-9.699	-3.316	-40.2
28.35	-9.676	-6.813	-57.1
28.36	-9.652	-10.822	-48.8
28.37	-9.629	-14.697	-31.9
28.38	-9.605	-18.378	-37.0
28.39	-9.582	-21.786	-47.3
28.4	-9.561	-24.064	-37.7
28.41	-9.540	-25.163	-18.2
28.42	-9.520	-25.950	-24.7
28.43	-9.501	-26.517	-50.5
28.44	-9.481	-26.373	-47.0
28.45	-9.461	-25.541	-23.9
28.46	-9.441	-24.516	-26.5
28.47	-9.422	-23.603	-52.8
28.48	-9.404	-22.650	-54.8
28.49	-9.388	-21.603	-20.4
28.5	-9.371	-20.786	-5.4
28.51	-9.356	-20.358	-42.8
28.52	-9.341	-20.097	-60.3
28.53	-9.326	-19.884	-42.0
28.54	-9.312	-19.628	-39.1
28.55	-9.298	-19.119	-42.5
28.56	-9.284	-18.456	-43.9
28.57	-9.271	-17.873	-40.0
28.58	-9.259	-17.422	-30.1
28.59	-9.246	-17.152	-23.9
28.6	-9.233	-17.161	-36.4
28.61	-9.220	-17.420	-47.0
28.62	-9.207	-17.661	-46.6
28.63	-9.196	-17.552	-49.1
28.64	-9.184	-17.137	-41.8
28.65	-9.171	-16.970	-42.4
28.66	-9.159	-17.367	-42.5
28.67	-9.147	-17.939	-36.8
28.68	-9.136	-18.352	-40.1
28.69	-9.126	-18.458	-34.0
28.7	-9.116	-18.223	-40.9
28.71	-9.106	-18.156	-54.2
28.72	-9.096	-18.616	-41.0
28.73	-9.085	-19.259	-41.5
28.74	-9.075	-19.752	-48.0
28.75	-9.065	-20.030	-26.7
28.76	-9.056	-19.928	-17.5
28.77	-9.047	-19.620	-33.1
28.78	-9.039	-19.703	-29.0
28.79	-9.031	-20.172	-20.2
28.8	-9.021	-20.438	-18.7
28.81	-9.011	-20.330	-11.0
28.82	-9.002	-20.033	-6.1
28.83	-8.995	-19.748	8.9
28.84	-8.989	-19.666	26.5
28.85	-8.982	-19.706	33.3
28.86	-8.976	-19.795	22.2
28.87	-8.968	-19.908	19.4
28.88	-8.960	-19.973	17.8
28.89	-8.952	-20.075	-9.6
28.9	-8.943	-20.183	-19.2
28.91	-8.934	-20.139	-23.1
28.92	-8.926	-19.853	-29.5
28.93	-8.917	-19.284	-24.1
28.94	-8.909	-18.730	-26.8
28.95	-8.901	-18.545	-30.2
28.96	-8.893	-18.514	-33.5
28.97	-8.883	-18.233	-31.8
28.98	-8.874	-17.809	-18.1
28.99	-8.867	-17.648	-24.0
29.0	-8.863	-17.797	-30.2
29.01	-8.857	-18.080	-19.1
29.02	-8.850	-18.392	5.0
29.03	-8.839	-18.663	131.3
29.04	-8.826	-18.931	285.0
29.05	-8.813	-19.056	283.4
29.06	-8.801	-18.753	141.2
29.07	-8.792	-18.348	-6.4
29.08	-8.784	-18.427	-62.5
29.09	-8.776	-18.795	-47.5
29.1	-8.768	-19.036	-27.1
29.11	-8.761	-19.297	-28.5
29.12	-8.752	-19.458	-35.6
29.13	-8.741	-19.298	-38.4
29.14	-8.726	-19.139	-30.6
29.15	-8.710	-19.231	-10.2
29.16	-8.694	-19.555	-14.0
29.17	-8.677	-19.705	-35.0
29.18	-8.661	-19.208	-34.2
29.19	-8.644	-17.984	-29.2
29.2	-8.628	-15.433	-26.3
29.21	-8.613	-9.644	-17.5
29.22	-8.599	1.588	-10.6
29.23	-8.584	18.403	-5.2
29.24	-8.571	36.337	-3.8
29.25	-8.558	47.686	-8.0
29.26	-8.547	50.919	-11.8
29.27	-8.536	51.128	-7.6
29.28	-8.526	51.139	4.1
29.29	-8.519	51.139	15.9
29.3	-8.512	51.133	21.7
29.31	-8.506	51.009	35.2
29.32	-8.501	48.911	55.7
29.33	-8.496	41.488	60.2
29.34	-8.491	29.756	69.4
29.35	-8.484	17.961	88.6
29.36	-8.478	7.739	97.8
29.37	-8.473	-0.603	92.1
29.38	-8.469	-6.169	73.3
29.39	-8.466	-8.530	53.5
29.4	-8.465	-9.078	28.7
29.41	-8.463	-9.366	1.0
29.42	-8.460	-9.286	-15.8
29.43	-8.457	-8.730	-23.3
29.44	-8.454	-9.256	-36.4
29.45	-8.451	-12.470	-55.9
29.46	-8.446	-17.833	-58.3
29.47	-8.441	-23.205	-36.3
29.48	-8.437	-26.941	-34.4
29.49	-8.434	-28.697	-60.9
29.5	-8.431	-28.328	-64.2
29.51	-8.428	-25.414	-47.6
29.52	-8.426	-20.450	-39.9
29.53	-8.424	-15.189	-41.5
29.54	-8.422	-10.838	-54.0
29.55	-8.421	-7.266	-58.1
29.56	-8.420	-4.234	-23.0
29.57	-8.419	-2.114	-10.0
29.58	-8.417	-1.538	-48.1
29.59	-8.415	-2.494	-55.5
29.6	-8.411	-4.339	-39.7
29.61	-8.408	-6.802	-41.1
29.62	-8.403	-10.069	-44.9
29.63	-8.399	-14.041	-41.2
29.64	-8.393	-18.066	-32.9
29.65	-8.387	-21.520	-29.4
29.66	-8.383	-23.994	-32.9
29.67	-8.379	-25.286	-40.5
29.68	-8.377	-25.995	-44.3
29.69	-8.375	-26.700	-36.6
29.7	-8.373	-27.116	-29.7
29.71	-8.371	-26.986	-36.3
29.72	-8.369	-26.564	-47.1
29.73	-8.367	-26.148	-47.1
29.74	-8.366	-25.552	-35.7
29.75	-8.365	-24.630	-32.1
29.76	-8.364	-23.727	-30.6
29.77	-8.363	-23.017	-31.3
29.78	-8.363	-22.472	-45.5
29.79	-8.363	-22.114	-38.1
29.8	-8.363	-21.686	-31.3
29.81	-8.363	-21.191	-37.9
29.82	-8.363	-20.883	-30.2
29.83	-8.364	-20.602	-23.9
29.84	-8.365	-20.331	-24.3
29.85	-8.366	-20.145	-33.1
29.86	-8.367	-19.950	-32.4
29.87	-8.367	-19.945	-18.1
29.88	-8.369	-20.339	-25.6
29.89	-8.369	-20.680	-43.3
29.9	-8.369	-20.709	-40.8
29.91	-8.369	-20.773	-19.5
29.92	-8.369	-20.778	-13.8
29.93	-8.369	-20.672	-32.0
29.94	-8.371	-20.573	-35.3
29.95	-8.372	-20.058	-22.0
29.96	-8.374	-19.208	-10.2
29.97	-8.375	-18.852	-19.4
29.98	-8.376	-19.163	-34.2
29.99	-8.377	-19.625	-23.8
30.0	-8.379	-20.036	-23.7
30.01	-8.380	-20.566	-36.3
30.02	-8.382	-21.189	-26.1
30.03	-8.383	-21.688	-6.3
30.04	-8.385	-22.052	-17.3
30.05	-8.386	-22.483	-37.3
30.06	-8.387	-23.116	-20.1
30.07	-8.388	-23.700	-5.4
30.08	-8.389	-23.731	-24.5
30.09	-8.390	-23.323	-29.4
30.1	-8.391	-22.972	-20.4
30.11	-8.393	-22.589	-21.3
30.12	-8.395	-22.058	-17.5
30.13	-8.397	-21.717	-16.7
30.14	-8.399	-21.603	-16.7
30.15	-8.401	-21.559	-7.0
30.16	-8.403	-21.580	-1.2
30.17	-8.405	-21.625	-11.1
30.18	-8.408	-21.794	-6.9
30.19	-8.412	-22.173	28.7
30.2	-8.416	-22.689	41.6
30.21	-8.421	-23.294	19.8
30.22	-8.425	-24.334	-4.1
30.23	-8.430	-25.495	-18.5
30.24	-8.436	-24.388	-28.2
30.25	-8.441	-21.123	-41.0
30.26	-8.448	-18.970	-28.4
30.27	-8.455	-18.975	-13.6
30.28	-8.462	-19.938	-38.7
30.29	-8.469	-20.114	-48.6
30.3	-8.478	-19.714	-39.7
30.31	-8.486	-19.817	-27.9
30.32	-8.496	-19.695	-13.3
30.33	-8.508	-18.806	-30.0
30.34	-8.523	-17.559	-38.6
30.35	-8.537	-16.569	-23.6
30.36	-8.551	-16.252	3.1
30.37	-8.560	-16.411	138.0
30.38	-8.568	-16.592	293.1
30.39	-8.578	-16.688	277.4
30.4	-8.590	-16.769	123.4
30.41	-8.603	-16.972	-17.9
30.42	-8.617	-17.383	-47.7
30.43	-8.633	-17.961	-37.8
30.44	-8.650	-18.648	-39.5
30.45	-8.666	-19.120	-37.2
30.46	-8.678	-19.019	-44.9
30.47	-8.688	-18.597	-39.4
30.48	-8.697	-18.370	-28.2
30.49	-8.706	-18.080	-25.2
30.5	-8.713	-17.364	-22.4
30.51	-8.719	-16.756	-30.2
30.52	-8.724	-16.375	-38.2
30.53	-8.729	-14.683	-32.3
30.54	-8.735	-8.773	-20.3
30.55	-8.742	4.172	-15.5
30.56	-8.751	23.638	-21.0
30.57	-8.761	41.538	-20.7
30.58	-8.773	49.792	-11.1
30.59	-8.786	51.108	-5.7
30.6	-8.802	51.134	-5.8
30.61	-8.818	51.139	-4.1
30.62	-8.836	51.139	-9.1
30.63	-8.854	51.136	-12.5
30.64	-8.873	51.089	9.8
30.65	-8.891	49.850	39.2
30.66	-8.909	44.092	44.4
30.67	-8.926	33.220	33.4
30.68	-8.942	21.113	29.5
30.69	-8.957	10.488	48.7
30.7	-8.973	2.078	85.7
30.71	-8.989	-3.703	100.9
30.72	-9.008	-6.586	79.7
30.73	-9.027	-6.639	48.8
30.74	-9.049	-4.795	27.3
30.75	-9.070	-2.611	11.5
30.76	-9.091	-1.059	-6.2
30.77	-9.111	-0.375	-12.8
30.78	-9.131	-1.469	-14.7
30.79	-9.151	-5.184	-31.8
30.8	-9.168	-10.681	-47.1
30.81	-9.184	-16.486	-29.0
30.82	-9.201	-21.533	-16.9
30.83	-9.219	-24.878	-37.0
30.84	-9.236	-25.833	-45.0
30.85	-9.254	-24.497	-40.2
30.86	-9.274	-21.609	-30.9
30.87	-9.294	-17.903	-45.6
30.88	-9.313	-13.988	-61.3
30.89	-9.332	-10.052	-36.9
