Interval=	0.01 s
ExcelDateTime=	3.9777527893884384e+004	25/11/2008 12:40:10.03161
TimeFormat=	StartOfBlock
ChannelTitle=	Channel 1	Channel 2	Channel 3
Range=	20.000 mV	50.000 mV	500.0 µV
0.0	-10.017	-18.322	-6.8
0.01	-9.998	-18.391	-4.2
0.02	-9.977	-18.714	-23.8
0.03	-9.954	-18.598	-39.5
0.04	-9.929	-17.991	-28.8
0.05	-9.902	-17.688	-33.9
0.06	-9.875	-17.639	-39.4
0.07	-9.848	-17.269	-31.5
0.08	-9.822	-16.836	-22.6
0.09	-9.801	-16.570	-31.7
0.1	-9.783	-16.417	-34.4
0.11	-9.768	-16.378	-23.1
0.12	-9.751	-16.381	-1.5
0.13	-9.731	-16.491	92.1
0.14	-9.706	-16.675	233.3
0.15	-9.680	-16.744	267.4
0.16	-9.656	-16.920	141.8
0.17	-9.635	-17.286	-3.8
0.18	-9.614	-17.522	-49.7
0.19	-9.593	-17.641	-40.1
0.2	-9.572	-17.828	-28.5
0.21	-9.553	-18.233	-32.6
0.22	-9.531	-18.681	-44.3
0.23	-9.506	-18.898	-40.0
0.24	-9.477	-19.225	-28.9
0.25	-9.447	-19.897	-32.7
0.26	-9.419	-20.552	-24.5
0.27	-9.393	-20.698	-4.6
0.28	-9.368	-20.322	-8.3
0.29	-9.344	-19.455	-20.9
0.3	-9.322	-16.950	-23.3
0.31	-9.301	-10.489	-22.6
0.32	-9.280	2.709	-24.9
0.33	-9.261	22.703	-16.0
0.34	-9.242	41.283	10.4
0.35	-9.225	49.805	12.3
0.36	-9.209	51.114	-7.3
0.37	-9.195	51.136	-2.5
0.38	-9.181	51.139	19.4
0.39	-9.168	51.139	15.4
0.4	-9.154	51.138	8.0
0.41	-9.143	51.128	32.3
0.42	-9.132	50.464	63.8
0.43	-9.121	45.825	71.2
0.44	-9.109	35.067	74.2
0.45	-9.098	22.081	81.6
0.46	-9.086	10.616	90.3
0.47	-9.076	0.494	97.6
0.48	-9.068	-8.183	83.0
0.49	-9.063	-14.048	58.3
0.5	-9.059	-16.756	36.4
0.51	-9.053	-17.211	14.3
0.52	-9.046	-16.427	-1.9
0.53	-9.040	-15.520	-27.0
0.54	-9.034	-15.691	-47.1
0.55	-9.026	-17.652	-41.4
0.56	-9.018	-21.277	-55.0
0.57	-9.008	-25.463	-69.8
0.58	-9.000	-28.528	-52.1
0.59	-8.994	-29.452	-55.3
0.6	-8.988	-28.127	-58.6
0.61	-8.983	-24.859	-40.2
0.62	-8.978	-20.442	-39.3
0.63	-8.974	-15.631	-50.3
0.64	-8.971	-10.867	-52.8
0.65	-8.967	-6.603	-43.1
0.66	-8.964	-3.222	-37.0
0.67	-8.959	-1.011	-42.5
0.68	-8.954	-0.213	-40.7
0.69	-8.948	-0.741	-42.2
0.7	-8.942	-2.089	-41.5
0.71	-8.935	-4.008	-29.5
0.72	-8.928	-6.758	-41.9
0.73	-8.921	-10.339	-62.8
0.74	-8.914	-14.144	-44.8
0.75	-8.908	-17.794	-35.5
0.76	-8.902	-21.317	-46.9
0.77	-8.896	-24.498	-46.4
0.78	-8.889	-27.034	-40.8
0.79	-8.884	-28.836	-43.8
0.8	-8.878	-29.880	-50.3
0.81	-8.873	-30.209	-59.2
0.82	-8.867	-29.986	-57.7
0.83	-8.861	-29.192	-39.6
0.84	-8.856	-27.805	-27.0
0.85	-8.850	-26.202	-40.2
0.86	-8.845	-24.848	-56.7
0.87	-8.839	-23.847	-48.5
0.88	-8.834	-23.034	-40.7
0.89	-8.828	-22.405	-48.5
0.9	-8.822	-22.017	-47.6
0.91	-8.816	-21.717	-35.3
0.92	-8.810	-21.416	-29.1
0.93	-8.804	-21.238	-38.8
0.94	-8.797	-21.048	-41.7
0.95	-8.791	-20.456	-37.0
0.96	-8.785	-19.761	-36.6
0.97	-8.779	-19.400	-39.4
0.98	-8.773	-19.150	-35.0
0.99	-8.768	-18.939	-23.0
1.0	-8.763	-18.717	-22.5
1.01	-8.759	-18.492	-30.9
1.02	-8.754	-18.497	-31.9
1.03	-8.749	-18.617	-34.7
1.04	-8.743	-18.702	-33.8
1.05	-8.739	-18.489	-31.2
1.06	-8.735	-17.859	-34.1
1.07	-8.731	-17.341	-25.3
1.08	-8.726	-17.311	-20.0
1.09	-8.719	-17.756	-31.4
1.1	-8.713	-18.567	-23.0
1.11	-8.708	-19.464	-17.1
1.12	-8.704	-20.145	-27.0
1.13	-8.699	-20.644	-29.4
1.14	-8.694	-21.077	-31.5
1.15	-8.689	-21.441	-33.0
1.16	-8.686	-21.969	-27.1
1.17	-8.681	-22.589	-20.0
1.18	-8.676	-22.808	-17.2
1.19	-8.671	-22.453	-18.1
1.2	-8.666	-21.830	-20.1
1.21	-8.659	-21.395	-22.0
1.22	-8.654	-21.231	-20.5
1.23	-8.649	-21.080	-23.9
1.24	-8.644	-20.886	-30.1
1.25	-8.640	-20.836	-23.6
1.26	-8.635	-20.984	-9.2
1.27	-8.631	-21.020	-15.4
1.28	-8.626	-20.800	-18.3
1.29	-8.623	-20.477	-15.7
1.3	-8.618	-19.950	-28.8
1.31	-8.613	-19.391	-22.1
1.32	-8.607	-19.181	-13.4
1.33	-8.602	-19.164	-23.6
1.34	-8.596	-19.144	-13.5
1.35	-8.589	-19.148	-3.4
1.36	-8.583	-19.133	-12.5
1.37	-8.578	-19.133	-10.7
1.38	-8.572	-19.153	1.9
1.39	-8.568	-18.892	6.6
1.4	-8.564	-18.387	23.9
1.41	-8.561	-18.283	35.7
1.42	-8.559	-18.555	19.5
1.43	-8.555	-18.623	2.4
1.44	-8.552	-18.611	-7.1
1.45	-8.549	-18.820	-21.3
1.46	-8.546	-19.012	-32.7
1.47	-8.543	-19.058	-31.9
1.48	-8.539	-19.086	-28.5
1.49	-8.536	-18.927	-42.9
1.5	-8.533	-18.688	-44.6
1.51	-8.531	-18.608	-28.3
1.52	-8.527	-18.266	-27.9
1.53	-8.524	-17.695	-23.0
1.54	-8.523	-17.441	-14.3
1.55	-8.524	-17.436	-31.8
1.56	-8.526	-17.494	-35.1
1.57	-8.526	-17.659	-17.7
1.58	-8.524	-17.881	56.4
1.59	-8.519	-18.178	212.5
1.6	-8.515	-18.436	299.2
1.61	-8.512	-18.406	222.9
1.62	-8.511	-18.414	62.9
1.63	-8.511	-18.784	-40.7
1.64	-8.514	-19.156	-49.9
1.65	-8.516	-19.220	-38.8
1.66	-8.518	-19.139	-31.7
1.67	-8.515	-19.258	-26.4
1.68	-8.510	-19.692	-34.1
1.69	-8.504	-20.072	-45.5
1.7	-8.499	-20.152	-35.1
1.71	-8.495	-19.839	-23.8
1.72	-8.489	-19.116	-25.7
1.73	-8.484	-18.239	-28.5
1.74	-8.478	-16.606	-32.7
1.75	-8.471	-11.806	-33.2
1.76	-8.466	-0.300	-14.6
1.77	-8.459	19.242	-11.1
1.78	-8.452	39.172	-22.0
1.79	-8.444	49.253	-17.6
1.8	-8.439	51.081	-12.0
1.81	-8.433	51.133	-8.1
1.82	-8.429	51.139	-8.9
1.83	-8.426	51.139	-22.0
1.84	-8.424	51.139	-19.2
1.85	-8.424	51.136	-0.9
1.86	-8.422	51.092	1.5
1.87	-8.422	49.855	-23.7
1.88	-8.421	43.750	-37.2
1.89	-8.420	31.578	-13.5
1.9	-8.418	17.936	11.3
1.91	-8.416	6.803	26.4
1.92	-8.415	-1.519	37.1
1.93	-8.414	-7.134	40.8
1.94	-8.416	-9.931	41.3
1.95	-8.419	-10.219	27.3
1.96	-8.422	-8.548	13.1
1.97	-8.425	-6.241	-12.9
1.98	-8.427	-4.408	-43.4
1.99	-8.431	-3.641	-52.4
2.0	-8.434	-4.773	-53.6
2.01	-8.438	-8.411	-72.1
2.02	-8.439	-14.230	-90.0
2.03	-8.440	-20.711	-82.8
2.04	-8.441	-26.019	-68.4
2.05	-8.444	-28.941	-60.9
2.06	-8.447	-29.034	-59.4
2.07	-8.451	-26.839	-62.2
2.08	-8.454	-23.405	-65.4
2.09	-8.458	-19.452	-70.8
2.1	-8.463	-15.358	-70.4
2.11	-8.469	-11.325	-64.5
2.12	-8.475	-7.811	-60.8
2.13	-8.481	-5.525	-55.2
2.14	-8.487	-4.511	-45.9
2.15	-8.492	-4.480	-47.9
2.16	-8.496	-5.488	-52.6
2.17	-8.499	-7.342	-53.6
2.18	-8.502	-9.633	-56.4
2.19	-8.504	-12.334	-55.2
2.2	-8.504	-15.461	-52.2
2.21	-8.505	-18.766	-50.6
2.22	-8.506	-21.975	-42.0
2.23	-8.506	-24.717	-43.8
2.24	-8.508	-26.738	-52.7
2.25	-8.509	-28.230	-50.5
2.26	-8.512	-29.216	-39.1
2.27	-8.516	-29.447	-40.9
2.28	-8.521	-29.173	-49.5
2.29	-8.527	-28.634	-51.1
2.3	-8.534	-27.698	-50.6
2.31	-8.543	-26.581	-52.4
2.32	-8.551	-25.613	-53.3
2.33	-8.559	-24.728	-40.3
2.34	-8.568	-23.881	-31.8
2.35	-8.578	-23.205	-35.6
2.36	-8.589	-22.648	-37.5
2.37	-8.599	-22.048	-44.8
2.38	-8.611	-21.450	-40.5
2.39	-8.621	-21.098	-33.0
2.4	-8.633	-21.044	-33.1
2.41	-8.644	-21.053	-36.8
2.42	-8.656	-20.959	-42.8
2.43	-8.668	-20.766	-42.3
2.44	-8.681	-20.555	-36.3
2.45	-8.694	-20.367	-28.0
2.46	-8.707	-20.217	-19.3
2.47	-8.720	-20.180	-29.2
2.48	-8.733	-20.173	-39.0
2.49	-8.746	-20.044	-34.7
2.5	-8.759	-19.933	-29.1
2.51	-8.773	-19.948	-23.8
2.52	-8.786	-20.122	-16.8
2.53	-8.801	-20.355	-15.5
2.54	-8.815	-20.297	-25.6
2.55	-8.830	-20.214	-23.8
2.56	-8.844	-20.578	-15.5
2.57	-8.859	-21.120	-24.7
2.58	-8.873	-21.486	-19.0
2.59	-8.886	-21.725	-11.0
2.6	-8.899	-21.948	-16.3
2.61	-8.914	-22.234	-11.3
2.62	-8.928	-22.542	-3.4
2.63	-8.941	-22.722	-5.6
2.64	-8.954	-22.741	-6.1
2.65	-8.967	-22.684	-7.6
2.66	-8.980	-22.642	-20.1
2.67	-8.994	-22.530	-17.5
2.68	-9.007	-22.439	-1.9
2.69	-9.021	-22.569	-9.1
2.7	-9.034	-22.503	-12.8
2.71	-9.047	-22.139	1.3
2.72	-9.060	-21.961	3.7
2.73	-9.073	-21.883	-9.8
2.74	-9.086	-21.595	-11.9
2.75	-9.099	-21.320	0.3
2.76	-9.112	-21.331	1.8
2.77	-9.125	-21.314	-5.6
2.78	-9.138	-20.936	-1.1
2.79	-9.150	-20.591	2.3
2.8	-9.163	-20.666	6.4
2.81	-9.176	-20.806	8.4
2.82	-9.189	-20.748	-5.5
2.83	-9.203	-20.483	-12.8
2.84	-9.215	-19.942	-5.2
2.85	-9.227	-19.555	2.2
2.86	-9.239	-19.581	5.8
2.87	-9.250	-19.645	1.9
2.88	-9.261	-19.658	10.0
2.89	-9.270	-19.872	16.8
2.9	-9.281	-20.258	6.4
2.91	-9.291	-20.580	6.6
2.92	-9.303	-20.903	20.5
2.93	-9.314	-21.323	32.8
2.94	-9.327	-21.641	44.7
2.95	-9.339	-21.764	41.5
2.96	-9.351	-21.783	22.8
2.97	-9.364	-21.713	-2.2
2.98	-9.375	-21.586	-16.0
2.99	-9.385	-21.608	-10.3
3.0	-9.395	-21.884	-8.4
3.01	-9.406	-22.356	-11.1
3.02	-9.418	-22.753	-3.9
3.03	-9.430	-22.319	-15.3
3.04	-9.442	-20.681	-33.5
3.05	-9.453	-19.084	-20.1
3.06	-9.464	-18.439	-1.7
3.07	-9.478	-18.063	-12.6
3.08	-9.491	-17.784	-16.8
3.09	-9.506	-17.827	-10.8
3.1	-9.521	-17.906	-5.8
3.11	-9.532	-18.025	81.2
3.12	-9.540	-18.288	243.9
3.13	-9.549	-18.666	309.0
3.14	-9.560	-19.234	211.4
3.15	-9.571	-19.836	52.2
3.16	-9.581	-20.200	-42.6
3.17	-9.590	-20.469	-54.6
3.18	-9.599	-20.941	-31.1
3.19	-9.606	-21.748	-16.5
3.2	-9.607	-23.269	-20.5
3.21	-9.603	-25.423	-25.3
3.22	-9.596	-26.830	-19.1
3.23	-9.590	-26.391	-15.2
3.24	-9.588	-24.648	-28.7
3.25	-9.588	-22.828	-28.5
3.26	-9.589	-21.264	-15.2
3.27	-9.591	-19.025	-13.6
3.28	-9.591	-14.270	-10.5
3.29	-9.592	-4.081	-15.0
3.3	-9.593	13.827	-23.5
3.31	-9.596	34.655	-15.7
3.32	-9.598	47.648	-2.2
3.33	-9.601	50.970	-0.3
3.34	-9.604	51.131	6.8
3.35	-9.607	51.139	11.7
3.36	-9.611	51.139	7.5
3.37	-9.614	51.139	13.2
3.38	-9.617	51.134	24.4
3.39	-9.621	51.055	24.1
3.4	-9.624	49.270	29.3
3.41	-9.626	41.770	55.0
3.42	-9.629	28.639	73.1
3.43	-9.630	15.186	71.5
3.44	-9.631	4.077	83.0
3.45	-9.634	-4.730	101.3
3.46	-9.639	-10.963	101.2
3.47	-9.649	-14.609	82.2
3.48	-9.657	-15.964	62.0
3.49	-9.662	-15.233	29.8
3.5	-9.664	-13.173	-4.7
3.51	-9.668	-11.308	-14.9
3.52	-9.672	-10.828	-30.2
3.53	-9.676	-12.145	-54.5
3.54	-9.680	-15.234	-52.2
3.55	-9.684	-19.567	-37.5
3.56	-9.688	-24.038	-32.4
3.57	-9.692	-27.106	-41.0
3.58	-9.697	-27.750	-46.9
3.59	-9.702	-26.338	-40.5
3.6	-9.706	-23.736	-35.4
3.61	-9.710	-20.167	-40.8
3.62	-9.713	-15.583	-42.2
3.63	-9.714	-10.777	-36.3
3.64	-9.715	-6.803	-35.8
3.65	-9.714	-3.731	-30.3
3.66	-9.711	-1.506	-22.6
3.67	-9.704	-0.561	-34.3
3.68	-9.695	-1.163	-46.8
3.69	-9.681	-3.200	-44.0
3.7	-9.663	-6.217	-32.2
3.71	-9.642	-9.750	-32.7
3.72	-9.619	-13.664	-44.9
3.73	-9.594	-17.648	-50.2
3.74	-9.570	-21.147	-45.3
3.75	-9.546	-24.119	-36.1
3.76	-9.523	-26.592	-30.8
3.77	-9.501	-28.266	-40.1
3.78	-9.481	-29.013	-40.6
3.79	-9.461	-28.905	-25.2
3.8	-9.443	-28.216	-29.0
3.81	-9.425	-27.366	-47.4
3.82	-9.408	-26.602	-51.4
3.83	-9.391	-25.992	-51.2
3.84	-9.374	-25.375	-41.9
3.85	-9.359	-24.617	-27.5
3.86	-9.343	-23.944	-24.9
3.87	-9.329	-23.464	-30.1
3.88	-9.315	-23.033	-33.1
3.89	-9.301	-22.581	-37.0
3.9	-9.288	-22.303	-40.8
3.91	-9.275	-22.111	-43.5
3.92	-9.262	-21.077	-40.7
3.93	-9.249	-19.061	-27.8
3.94	-9.237	-17.572	-21.1
3.95	-9.224	-17.283	-32.7
3.96	-9.213	-17.397	-30.0
3.97	-9.201	-17.480	-19.3
3.98	-9.190	-17.637	-34.0
3.99	-9.179	-17.903	-47.3
4.0	-9.170	-18.275	-38.3
4.01	-9.161	-18.691	-29.0
4.02	-9.151	-18.898	-29.2
4.03	-9.142	-18.781	-29.0
4.04	-9.133	-18.755	-30.3
4.05	-9.124	-19.058	-33.9
4.06	-9.116	-19.355	-18.4
4.07	-9.108	-19.580	-13.8
4.08	-9.099	-19.956	-33.6
4.09	-9.091	-20.331	-41.5
4.1	-9.082	-20.352	-25.1
4.11	-9.075	-20.077	-20.2
4.12	-9.067	-19.947	-27.1
4.13	-9.059	-20.188	-27.5
4.14	-9.051	-20.684	-28.4
4.15	-9.044	-21.108	-27.4
4.16	-9.037	-21.122	-22.0
4.17	-9.029	-20.950	-17.4
4.18	-9.023	-21.000	-22.9
4.19	-9.016	-21.214	-25.4
4.2	-9.009	-21.402	-16.8
4.21	-9.002	-21.517	-24.2
4.22	-8.995	-21.553	-27.6
4.23	-8.988	-21.417	-15.3
4.24	-8.981	-21.083	-11.4
4.25	-8.973	-20.747	-23.5
4.26	-8.966	-20.475	-28.8
4.27	-8.959	-20.327	-18.8
4.28	-8.951	-20.411	-13.0
4.29	-8.944	-20.138	-14.5
4.3	-8.936	-19.288	1.7
4.31	-8.929	-18.750	21.2
4.32	-8.922	-18.780	22.7
4.33	-8.916	-18.956	22.5
4.34	-8.911	-19.119	32.0
4.35	-8.904	-19.122	13.0
4.36	-8.898	-19.075	-24.8
4.37	-8.891	-19.281	-33.9
4.38	-8.884	-19.631	-35.8
4.39	-8.877	-19.841	-37.0
4.4	-8.870	-19.944	-26.5
4.41	-8.863	-20.150	-28.4
4.42	-8.856	-20.394	-31.6
4.43	-8.848	-20.275	-34.8
4.44	-8.840	-19.511	-33.0
4.45	-8.832	-18.230	-18.5
4.46	-8.827	-17.070	-21.3
4.47	-8.823	-16.656	-36.4
4.48	-8.819	-16.852	-33.2
4.49	-8.814	-17.195	1.8
4.5	-8.806	-17.514	120.9
4.51	-8.795	-17.841	269.9
4.52	-8.784	-18.327	287.3
4.53	-8.775	-18.908	139.1
4.54	-8.768	-19.348	-9.8
4.55	-8.761	-19.630	-50.7
4.56	-8.754	-19.658	-50.9
4.57	-8.747	-19.463	-43.1
4.58	-8.740	-19.350	-23.4
4.59	-8.731	-19.191	-23.9
4.6	-8.719	-18.878	-35.0
4.61	-8.705	-18.970	-30.7
4.62	-8.691	-19.553	-28.7
4.63	-8.678	-20.055	-31.5
4.64	-8.664	-20.305	-20.8
4.65	-8.651	-20.170	-24.6
4.66	-8.639	-18.938	-24.8
4.67	-8.627	-15.094	-11.9
4.68	-8.616	-5.948	-13.8
4.69	-8.607	10.688	-13.9
4.7	-8.599	31.394	-12.8
4.71	-8.591	46.073	-12.9
4.72	-8.584	50.742	-1.9
4.73	-8.578	51.123	2.5
4.74	-8.572	51.139	3.0
4.75	-8.567	51.139	5.6
4.76	-8.563	51.139	14.8
4.77	-8.559	51.130	25.8
4.78	-8.555	50.948	28.7
4.79	-8.552	48.408	43.7
4.8	-8.548	39.927	53.5
4.81	-8.544	26.908	46.0
4.82	-8.539	14.091	69.0
4.83	-8.533	3.391	97.3
4.84	-8.529	-4.977	97.0
4.85	-8.527	-10.867	82.5
4.86	-8.527	-14.278	66.8
4.87	-8.527	-15.453	46.1
4.88	-8.527	-15.036	14.0
4.89	-8.525	-13.916	-16.7
4.9	-8.523	-12.953	-28.7
4.91	-8.521	-13.030	-32.2
4.92	-8.518	-14.964	-42.4
4.93	-8.514	-18.778	-49.3
4.94	-8.511	-23.200	-41.0
4.95	-8.507	-26.544	-43.3
4.96	-8.504	-27.891	-48.3
4.97	-8.502	-27.130	-43.5
4.98	-8.501	-24.622	-45.9
4.99	-8.500	-21.044	-49.3
5.0	-8.499	-17.036	-43.7
5.01	-8.499	-12.975	-40.4
5.02	-8.498	-9.180	-38.4
5.03	-8.499	-6.078	-35.6
5.04	-8.499	-4.069	-33.9
5.05	-8.498	-3.077	-40.4
5.06	-8.496	-2.773	-37.5
5.07	-8.492	-3.322	-32.7
5.08	-8.489	-4.934	-40.5
5.09	-8.484	-7.336	-36.6
5.1	-8.481	-10.288	-29.1
5.11	-8.477	-13.759	-39.1
5.12	-8.473	-17.400	-48.8
5.13	-8.469	-20.731	-45.3
5.14	-8.467	-23.653	-40.5
5.15	-8.464	-26.063	-42.7
5.16	-8.463	-27.783	-37.9
5.17	-8.461	-28.714	-33.9
5.18	-8.460	-28.725	-33.9
5.19	-8.458	-28.130	-29.1
5.2	-8.457	-27.366	-30.6
5.21	-8.456	-26.398	-41.9
5.22	-8.454	-25.300	-46.2
5.23	-8.454	-24.231	-46.2
5.24	-8.453	-23.059	-39.3
5.25	-8.452	-21.950	-31.9
5.26	-8.453	-21.222	-31.9
5.27	-8.453	-20.761	-33.7
5.28	-8.453	-20.511	-19.5
5.29	-8.453	-20.586	-19.2
5.3	-8.453	-20.780	-44.2
5.31	-8.453	-20.856	-44.1
5.32	-8.453	-20.997	-34.1
5.33	-8.454	-21.277	-37.7
5.34	-8.454	-21.222	-28.1
5.35	-8.454	-20.508	-10.9
5.36	-8.454	-19.548	-20.3
5.37	-8.454	-18.898	-42.7
5.38	-8.455	-18.659	-36.5
5.39	-8.456	-18.634	-23.6
5.4	-8.456	-18.606	-24.6
5.41	-8.457	-18.620	-28.6
5.42	-8.459	-18.762	-27.9
5.43	-8.461	-18.964	-30.8
5.44	-8.463	-19.247	-33.7
5.45	-8.464	-19.695	-27.9
5.46	-8.466	-20.358	-26.9
5.47	-8.467	-21.242	-29.5
5.48	-8.467	-22.256	-24.3
5.49	-8.468	-23.261	-31.3
5.5	-8.469	-24.127	-33.9
5.51	-8.471	-24.659	-24.5
5.52	-8.473	-24.694	-18.0
5.53	-8.474	-24.366	-18.4
5.54	-8.476	-24.067	-22.9
5.55	-8.478	-24.020	-27.0
5.56	-8.479	-24.155	-23.1
5.57	-8.481	-24.402	-17.6
5.58	-8.483	-24.714	-22.8
5.59	-8.486	-25.023	-32.9
5.6	-8.488	-25.294	-34.6
5.61	-8.489	-25.469	-30.6
5.62	-8.491	-25.414	-15.5
5.63	-8.493	-24.927	-7.0
5.64	-8.495	-24.134	-17.8
5.65	-8.497	-23.255	-22.1
5.66	-8.498	-22.295	-14.4
5.67	-8.500	-21.450	-22.2
5.68	-8.502	-21.136	-33.0
5.69	-8.503	-21.408	-24.9
5.7	-8.505	-21.716	-19.1
5.71	-8.508	-21.655	-18.5
5.72	-8.509	-21.342	-10.3
5.73	-8.511	-21.022	-8.1
5.74	-8.513	-20.902	-6.5
5.75	-8.516	-20.955	-8.5
5.76	-8.518	-20.873	3.9
5.77	-8.521	-20.598	23.5
5.78	-8.523	-20.250	25.6
5.79	-8.526	-19.834	24.5
5.8	-8.529	-19.469	9.6
5.81	-8.533	-19.108	-16.1
5.82	-8.536	-18.245	-20.6
5.83	-8.538	-16.941	-23.4
5.84	-8.542	-16.088	-27.3
5.85	-8.545	-15.939	-31.6
5.86	-8.548	-16.027	-40.4
5.87	-8.551	-16.191	-42.1
5.88	-8.553	-16.441	-33.4
5.89	-8.555	-16.667	-25.9
5.9	-8.558	-16.842	-22.0
5.91	-8.562	-17.003	-16.8
5.92	-8.569	-17.125	-19.8
5.93	-8.576	-17.195	-37.4
5.94	-8.579	-17.347	-15.6
5.95	-8.577	-16.175	120.7
5.96	-8.572	-7.189	277.8
5.97	-8.569	3.670	292.0
5.98	-8.570	0.898	170.1
5.99	-8.572	-8.194	16.8
6.0	-8.576	-13.056	-62.3
6.01	-8.582	-15.675	-63.2
6.02	-8.590	-17.042	-29.4
6.03	-8.594	-18.100	-18.9
6.04	-8.592	-19.136	-43.1
6.05	-8.586	-20.052	-42.0
6.06	-8.579	-20.688	-21.8
6.07	-8.576	-21.103	-25.9
6.08	-8.572	-21.397	-40.2
6.09	-8.569	-21.119	-44.1
6.1	-8.563	-19.820	-18.8
6.11	-8.558	-16.555	2.8
6.12	-8.554	-8.638	-23.3
6.13	-8.551	6.502	-37.9
6.14	-8.549	26.956	-14.6
6.15	-8.549	43.658	-5.4
6.16	-8.549	50.292	-14.7
6.17	-8.552	51.122	-18.4
6.18	-8.556	51.138	-7.8
6.19	-8.562	51.139	3.3
6.2	-8.571	51.139	1.1
6.21	-8.583	51.138	0.5
6.22	-8.598	51.128	7.4
6.23	-8.614	50.492	10.8
6.24	-8.629	46.059	25.1
6.25	-8.644	35.848	42.7
6.26	-8.657	23.611	51.5
6.27	-8.669	13.092	54.9
6.28	-8.682	4.758	70.2
6.29	-8.694	-1.153	85.9
6.3	-8.707	-3.706	87.1
6.31	-8.722	-2.908	71.0
6.32	-8.738	-0.855	41.2
6.33	-8.754	0.777	17.7
6.34	-8.770	1.786	10.8
6.35	-8.786	1.705	4.2
6.36	-8.803	-0.205	-22.0
6.37	-8.818	-4.130	-48.3
6.38	-8.833	-9.861	-42.8
6.39	-8.848	-16.631	-35.8
6.4	-8.861	-22.522	-42.0
6.41	-8.874	-25.506	-36.2
6.42	-8.888	-25.278	-28.5
6.43	-8.902	-22.877	-42.5
6.44	-8.916	-19.298	-49.6
6.45	-8.931	-15.073	-37.1
6.46	-8.947	-10.470	-30.5
6.47	-8.965	-6.250	-37.7
6.48	-8.982	-3.514	-33.8
6.49	-8.999	-2.419	-34.3
6.5	-9.016	-2.245	-46.3
6.51	-9.031	-2.703	-36.6
6.52	-9.046	-3.983	-20.7
6.53	-9.061	-5.597	-35.8
6.54	-9.076	-7.083	-50.2
6.55	-9.089	-9.123	-45.0
6.56	-9.103	-11.977	-30.7
6.57	-9.116	-14.828	-26.6
6.58	-9.128	-17.316	-30.5
6.59	-9.141	-19.550	-30.9
6.6	-9.152	-21.559	-33.5
6.61	-9.164	-23.206	-30.7
6.62	-9.178	-24.223	-32.0
6.63	-9.190	-24.636	-37.0
6.64	-9.203	-24.605	-29.4
6.65	-9.216	-24.080	-34.5
6.66	-9.228	-22.889	-34.5
6.67	-9.240	-21.330	-23.7
6.68	-9.252	-20.138	-28.0
6.69	-9.264	-19.359	-36.6
6.7	-9.276	-18.563	-37.3
6.71	-9.289	-17.938	-23.3
6.72	-9.302	-17.905	-23.1
6.73	-9.315	-18.183	-37.8
6.74	-9.327	-18.216	-18.5
6.75	-9.339	-17.872	-12.0
6.76	-9.352	-17.219	-39.2
6.77	-9.364	-16.328	-36.0
6.78	-9.376	-15.306	-18.3
6.79	-9.388	-14.511	-25.2
6.8	-9.398	-14.630	-30.6
6.81	-9.409	-15.567	-16.9
6.82	-9.420	-16.088	-4.3
6.83	-9.431	-15.920	-25.2
6.84	-9.441	-15.980	-44.1
6.85	-9.453	-16.525	-31.8
6.86	-9.464	-17.075	-5.6
6.87	-9.476	-17.109	-2.4
6.88	-9.488	-16.717	-28.1
6.89	-9.499	-16.408	-39.3
6.9	-9.511	-16.434	-21.6
6.91	-9.522	-16.833	-6.3
6.92	-9.532	-17.292	-7.9
6.93	-9.541	-17.584	-13.8
6.94	-9.551	-18.011	-19.8
6.95	-9.560	-18.695	-28.3
6.96	-9.570	-19.192	-25.4
6.97	-9.580	-19.302	-15.1
6.98	-9.589	-19.420	-4.2
6.99	-9.599	-19.803	-7.1
7.0	-9.608	-20.184	-20.7
7.01	-9.617	-20.252	-21.3
7.02	-9.626	-20.159	-13.7
7.03	-9.634	-20.078	-19.7
7.04	-9.642	-19.666	-27.1
7.05	-9.651	-18.606	-13.5
7.06	-9.660	-17.395	2.6
7.07	-9.669	-16.783	-11.5
7.08	-9.678	-16.606	-23.3
7.09	-9.686	-16.494	-9.5
7.1	-9.694	-16.605	-6.3
7.11	-9.703	-17.028	-19.2
7.12	-9.710	-17.600	-19.4
7.13	-9.717	-18.222	-15.3
7.14	-9.724	-18.759	-15.5
7.15	-9.731	-18.669	-15.2
7.16	-9.739	-17.783	1.0
7.17	-9.746	-16.991	2.9
7.18	-9.754	-16.952	-26.9
7.19	-9.761	-17.320	-30.0
7.2	-9.768	-17.545	5.7
7.21	-9.774	-17.403	12.5
7.22	-9.781	-17.066	-17.7
7.23	-9.789	-16.878	-22.4
7.24	-9.796	-17.088	-3.3
7.25	-9.803	-17.686	3.5
7.26	-9.809	-18.248	12.3
7.27	-9.816	-18.086	27.9
7.28	-9.821	-17.228	34.2
7.29	-9.826	-16.580	19.8
7.3	-9.831	-16.598	17.3
7.31	-9.835	-17.056	17.6
7.32	-9.840	-17.475	-11.3
7.33	-9.844	-17.359	-34.8
7.34	-9.849	-16.877	-34.3
7.35	-9.853	-16.605	-22.0
7.36	-9.858	-16.666	-18.7
7.37	-9.863	-16.719	-29.2
7.38	-9.867	-16.550	-30.1
7.39	-9.871	-16.372	-28.6
7.4	-9.874	-16.517	-22.3
7.41	-9.879	-16.864	-16.9
7.42	-9.885	-16.747	-25.7
7.43	-9.894	-15.988	-28.1
7.44	-9.903	-15.367	-17.9
7.45	-9.911	-15.409	-2.3
7.46	-9.914	-15.800	97.8
7.47	-9.916	-16.116	250.0
7.48	-9.916	-16.255	275.5
7.49	-9.918	-16.400	141.4
7.5	-9.921	-16.475	-0.9
7.51	-9.922	-16.203	-43.6
7.52	-9.922	-15.927	-30.8
7.53	-9.922	-16.034	-22.2
7.54	-9.921	-16.461	-19.8
7.55	-9.915	-17.094	-23.0
7.56	-9.902	-17.661	-36.3
7.57	-9.884	-17.773	-42.5
7.58	-9.866	-17.727	-19.8
7.59	-9.851	-18.023	-5.4
7.6	-9.839	-18.400	-10.9
7.61	-9.830	-18.420	-9.1
7.62	-9.820	-17.791	-10.4
7.63	-9.808	-15.263	-23.2
7.64	-9.793	-7.725	-17.6
7.65	-9.777	7.245	-4.9
7.66	-9.761	27.319	-7.2
7.67	-9.744	43.700	-1.7
7.68	-9.726	50.281	18.8
7.69	-9.706	51.122	24.0
7.7	-9.684	51.138	5.9
7.71	-9.661	51.139	3.6
7.72	-9.638	51.139	22.8
7.73	-9.613	51.138	30.6
7.74	-9.589	51.128	38.9
7.75	-9.564	50.550	52.3
7.76	-9.539	46.186	73.8
7.77	-9.514	35.369	96.2
7.78	-9.488	21.309	106.8
7.79	-9.464	8.445	103.5
7.8	-9.443	-1.698	90.7
7.81	-9.426	-8.831	85.5
7.82	-9.413	-13.291	73.4
7.83	-9.400	-15.222	42.3
7.84	-9.385	-14.733	22.8
7.85	-9.369	-13.117	11.0
7.86	-9.354	-11.956	-13.4
7.87	-9.340	-11.953	-43.8
7.88	-9.325	-13.691	-41.8
7.89	-9.309	-17.511	-29.6
7.9	-9.293	-22.295	-52.9
7.91	-9.279	-25.892	-69.5
7.92	-9.266	-27.050	-46.2
7.93	-9.254	-25.970	-39.5
7.94	-9.243	-22.953	-52.0
7.95	-9.232	-18.200	-46.2
7.96	-9.222	-12.883	-35.3
7.97	-9.212	-8.177	-37.7
7.98	-9.202	-4.286	-35.0
7.99	-9.191	-1.334	-17.4
8.0	-9.180	0.530	-23.6
8.01	-9.168	1.183	-50.9
8.02	-9.156	0.753	-43.6
8.03	-9.143	-0.339	-30.9
8.04	-9.128	-2.395	-38.4
8.05	-9.114	-5.647	-36.8
8.06	-9.100	-9.541	-30.5
8.07	-9.086	-13.652	-29.0
8.08	-9.072	-17.814	-41.4
8.09	-9.058	-21.636	-49.0
8.1	-9.046	-24.586	-38.7
8.11	-9.034	-26.466	-42.8
8.12	-9.022	-27.266	-44.2
8.13	-9.011	-27.158	-34.4
8.14	-9.000	-26.775	-30.7
8.15	-8.989	-26.414	-35.0
8.16	-8.977	-25.763	-33.7
8.17	-8.966	-24.733	-27.9
8.18	-8.954	-23.641	-38.5
8.19	-8.944	-22.713	-62.4
8.2	-8.933	-21.822	-60.7
8.21	-8.922	-20.803	-29.0
8.22	-8.912	-20.073	-13.8
8.23	-8.903	-19.919	-33.6
8.24	-8.894	-19.911	-43.8
8.25	-8.885	-19.670	-19.1
8.26	-8.876	-18.983	-17.1
8.27	-8.867	-18.130	-52.8
8.28	-8.857	-17.680	-52.1
8.29	-8.849	-17.666	-29.4
8.3	-8.841	-17.883	-19.1
8.31	-8.832	-18.019	-22.8
8.32	-8.824	-17.816	-35.0
8.33	-8.816	-17.520	-30.0
8.34	-8.808	-17.512	-21.2
8.35	-8.800	-17.831	-29.2
8.36	-8.793	-18.120	-27.7
8.37	-8.787	-18.012	-27.1
8.38	-8.781	-17.683	-39.6
8.39	-8.775	-17.606	-42.3
8.4	-8.769	-17.873	-19.3
8.41	-8.763	-18.267	2.4
8.42	-8.757	-18.747	-16.9
8.43	-8.751	-19.247	-41.7
8.44	-8.745	-19.383	-30.7
8.45	-8.739	-19.420	-16.3
8.46	-8.734	-19.967	-12.5
8.47	-8.729	-20.603	-29.4
8.48	-8.724	-20.527	-34.0
8.49	-8.719	-19.889	-19.8
8.5	-8.716	-19.655	-23.9
8.51	-8.711	-20.084	-26.3
8.52	-8.706	-20.453	-16.7
8.53	-8.700	-20.298	-8.0
8.54	-8.695	-19.983	-14.8
8.55	-8.690	-19.958	-32.0
8.56	-8.685	-20.119	-23.5
8.57	-8.679	-20.281	3.9
8.58	-8.674	-20.294	-2.6
8.59	-8.669	-19.752	-37.3
8.6	-8.662	-18.853	-39.5
8.61	-8.656	-18.472	-16.3
8.62	-8.650	-18.750	-12.0
8.63	-8.645	-18.978	-16.6
8.64	-8.641	-18.506	-1.1
8.65	-8.635	-17.602	-1.4
8.66	-8.630	-16.980	-18.8
8.67	-8.625	-16.728	-23.7
8.68	-8.621	-16.700	-9.4
8.69	-8.616	-17.031	11.6
8.7	-8.611	-17.584	15.6
8.71	-8.606	-17.920	20.6
8.72	-8.600	-18.012	31.9
8.73	-8.595	-18.128	25.7
8.74	-8.591	-18.327	8.1
8.75	-8.586	-18.430	-21.7
8.76	-8.583	-18.216	-40.3
8.77	-8.580	-17.831	-33.0
8.78	-8.576	-17.627	-22.4
8.79	-8.572	-17.538	-21.8
8.8	-8.568	-17.480	-28.9
8.81	-8.564	-17.550	-28.7
8.82	-8.559	-17.581	-27.2
8.83	-8.555	-17.541	-32.3
8.84	-8.551	-17.616	-26.6
8.85	-8.549	-17.756	-31.5
8.86	-8.548	-17.600	-34.1
8.87	-8.549	-16.964	-26.3
8.88	-8.547	-16.458	-7.9
8.89	-8.543	-16.530	83.8
8.9	-8.536	-16.881	235.1
8.91	-8.529	-17.406	307.3
8.92	-8.523	-18.141	214.2
8.93	-8.518	-18.834	33.0
8.94	-8.515	-19.277	-56.9
8.95	-8.514	-19.473	-45.0
8.96	-8.513	-19.405	-38.2
8.97	-8.511	-19.038	-39.0
8.98	-8.508	-18.803	-30.6
8.99	-8.502	-18.911	-28.3
9.0	-8.495	-18.919	-21.0
9.01	-8.487	-18.850	-15.8
9.02	-8.480	-18.964	-31.0
9.03	-8.473	-18.889	-39.7
9.04	-8.466	-18.278	-24.3
9.05	-8.458	-16.723	-14.4
9.06	-8.450	-12.078	-18.7
9.07	-8.443	-0.758	-20.5
9.08	-8.436	18.366	-3.4
9.09	-8.430	38.192	-2.9
9.1	-8.425	48.838	-28.7
9.11	-8.422	51.053	-25.9
9.12	-8.421	51.134	6.7
9.13	-8.422	51.139	9.9
9.14	-8.423	51.139	-5.1
9.15	-8.426	51.139	0.9
9.16	-8.429	51.136	20.9
9.17	-8.432	51.098	25.3
9.18	-8.434	49.973	27.1
9.19	-8.436	44.169	37.4
9.2	-8.438	32.417	36.5
9.21	-8.438	19.073	45.6
9.22	-8.439	7.830	77.4
9.23	-8.439	-0.633	100.5
9.24	-8.440	-6.036	94.5
9.25	-8.443	-8.136	67.4
9.26	-8.447	-7.648	53.0
9.27	-8.451	-5.966	32.7
9.28	-8.454	-4.186	-4.8
9.29	-8.457	-3.108	-23.2
9.3	-8.461	-3.270	-24.9
9.31	-8.465	-5.394	-33.4
9.32	-8.467	-10.234	-35.8
9.33	-8.469	-17.008	-38.9
9.34	-8.471	-23.595	-45.1
9.35	-8.472	-28.323	-30.7
9.36	-8.474	-30.109	-26.1
9.37	-8.478	-28.761	-54.6
9.38	-8.481	-25.531	-63.1
9.39	-8.484	-21.620	-43.7
9.4	-8.488	-17.467	-33.0
9.41	-8.492	-13.491	-31.2
9.42	-8.498	-9.836	-21.5
9.43	-8.504	-6.402	-27.4
9.44	-8.509	-3.925	-46.8
9.45	-8.513	-3.188	-52.6
9.46	-8.517	-3.823	-40.2
9.47	-8.518	-5.553	-21.4
9.48	-8.519	-8.309	-20.0
9.49	-8.519	-11.469	-37.8
9.5	-8.520	-14.806	-39.9
9.51	-8.521	-18.359	-34.5
9.52	-8.522	-21.214	-43.7
9.53	-8.522	-22.850	-47.2
9.54	-8.523	-24.269	-29.3
9.55	-8.523	-26.003	-23.4
9.56	-8.524	-27.513	-37.8
9.57	-8.526	-28.273	-33.5
9.58	-8.527	-28.064	-26.6
9.59	-8.529	-27.377	-45.1
9.6	-8.531	-26.663	-48.4
9.61	-8.533	-25.741	-36.2
9.62	-8.534	-24.677	-10.5
9.63	-8.536	-23.639	-2.5
9.64	-8.537	-22.855	-42.3
9.65	-8.539	-22.567	-59.3
9.66	-8.542	-22.439	-39.6
9.67	-8.544	-22.120	-23.2
9.68	-8.547	-21.809	-21.6
9.69	-8.549	-21.781	-33.2
9.7	-8.551	-21.838	-38.9
9.71	-8.554	-21.591	-23.0
9.72	-8.557	-20.947	-9.7
9.73	-8.559	-20.063	-24.5
9.74	-8.563	-19.328	-28.0
9.75	-8.566	-18.948	-24.0
9.76	-8.569	-18.617	-20.8
9.77	-8.572	-18.123	-20.1
9.78	-8.575	-17.761	-29.9
9.79	-8.578	-17.870	-42.5
9.8	-8.581	-18.484	-31.1
9.81	-8.584	-19.283	-11.9
9.82	-8.586	-19.645	-9.8
9.83	-8.589	-19.630	-11.9
9.84	-8.592	-19.969	-24.8
9.85	-8.596	-20.525	-34.6
9.86	-8.599	-20.641	-20.6
9.87	-8.602	-20.419	-3.4
9.88	-8.605	-20.303	-17.0
9.89	-8.608	-20.233	-40.6
9.9	-8.611	-20.058	-25.0
9.91	-8.615	-20.009	-1.1
9.92	-8.619	-20.223	-6.2
9.93	-8.624	-20.528	-18.7
9.94	-8.629	-20.863	-17.1
9.95	-8.634	-21.239	-23.0
9.96	-8.641	-21.548	-28.6
9.97	-8.648	-21.703	-17.9
9.98	-8.656	-21.811	-3.1
9.99	-8.666	-21.838	-7.2
10.0	-8.676	-21.516	-26.7
10.01	-8.688	-20.997	-23.6
10.02	-8.700	-20.656	-8.4
10.03	-8.713	-20.300	-14.7
10.04	-8.726	-19.722	-24.8
10.05	-8.739	-19.378	-11.1
10.06	-8.752	-19.444	-2.6
10.07	-8.764	-19.466	-16.7
10.08	-8.777	-19.516	-10.3
10.09	-8.790	-19.908	-7.0
10.1	-8.804	-20.369	-24.9
10.11	-8.819	-20.564	-23.8
10.12	-8.834	-20.575	-5.1
10.13	-8.849	-20.142	-6.5
10.14	-8.864	-19.092	-13.1
10.15	-8.879	-18.275	-12.0
10.16	-8.893	-18.161	-10.4
10.17	-8.908	-18.359	-2.4
10.18	-8.921	-18.564	6.3
10.19	-8.936	-18.717	10.3
10.2	-8.951	-18.930	25.3
10.21	-8.967	-19.255	30.5
10.22	-8.984	-19.559	18.7
10.23	-9.002	-19.856	11.8
10.24	-9.020	-20.259	0.7
10.25	-9.037	-20.725	-20.4
10.26	-9.054	-20.973	-28.8
10.27	-9.071	-20.652	-24.4
10.28	-9.088	-19.942	-16.8
10.29	-9.106	-19.392	-16.4
10.3	-9.123	-18.998	-21.5
10.31	-9.140	-18.556	-28.3
10.32	-9.156	-18.203	-34.3
10.33	-9.172	-17.994	-30.8
10.34	-9.188	-17.909	-20.3
10.35	-9.205	-17.959	-13.1
10.36	-9.223	-18.077	-17.2
10.37	-9.242	-18.166	-35.0
10.38	-9.261	-18.242	-5.9
10.39	-9.274	-18.459	137.4
10.4	-9.285	-18.634	299.9
10.41	-9.296	-18.387	319.8
10.42	-9.308	-18.103	179.2
10.43	-9.323	-17.967	9.9
10.44	-9.340	-17.502	-47.5
10.45	-9.357	-17.123	-35.2
10.46	-9.375	-17.306	-31.4
10.47	-9.390	-17.625	-39.5
10.48	-9.401	-18.181	-38.8
10.49	-9.409	-19.137	-29.0
10.5	-9.416	-19.769	-29.5
10.51	-9.423	-19.927	-26.9
10.52	-9.434	-20.089	-11.2
10.53	-9.446	-20.170	-16.4
10.54	-9.459	-19.383	-34.2
10.55	-9.474	-16.033	-31.8
10.56	-9.490	-7.961	-19.8
10.57	-9.505	7.191	-22.4
10.58	-9.520	28.086	-11.2
10.59	-9.536	44.638	15.4
10.6	-9.551	50.539	10.3
10.61	-9.566	51.120	-5.0
10.62	-9.582	51.139	5.2
10.63	-9.599	51.139	5.3
10.64	-9.616	51.139	6.5
10.65	-9.634	51.139	21.8
10.66	-9.650	51.134	25.9
10.67	-9.666	51.041	31.9
10.68	-9.681	49.214	43.8
10.69	-9.695	42.186	45.8
10.7	-9.707	30.053	56.8
10.71	-9.719	17.064	74.8
10.72	-9.731	6.245	87.1
10.73	-9.743	-1.536	98.9
10.74	-9.758	-6.198	99.7
10.75	-9.773	-7.984	72.6
10.76	-9.790	-7.242	44.0
10.77	-9.806	-4.486	22.6
10.78	-9.822	-1.538	2.0
10.79	-9.836	-0.434	-15.1
10.8	-9.851	-1.670	-28.4
10.81	-9.864	-5.058	-34.8
10.82	-9.875	-10.439	-34.4
10.83	-9.886	-17.172	-41.3
10.84	-9.896	-23.459	-45.1
10.85	-9.907	-27.294	-34.8
10.86	-9.918	-28.016	-30.4
10.87	-9.929	-26.045	-38.0
10.88	-9.940	-22.406	-34.7
10.89	-9.953	-18.028	-30.9
10.9	-9.966	-13.330	-40.7
10.91	-9.978	-8.866	-41.1
10.92	-9.989	-5.167	-31.2
10.93	-10.000	-2.733	-32.5
10.94	-10.010	-1.845	-35.5
10.95	-10.019	-2.172	-32.5
10.96	-10.026	-3.508	-26.2
10.97	-10.032	-5.806	-37.0
10.98	-10.037	-8.603	-43.5
10.99	-10.042	-11.395	-31.5
11.0	-10.047	-14.244	-34.0
11.01	-10.051	-17.422	-46.6
11.02	-10.057	-20.863	-39.7
11.03	-10.063	-24.203	-24.7
11.04	-10.069	-26.825	-31.8
11.05	-10.075	-28.330	-45.8
11.06	-10.083	-28.734	-38.6
11.07	-10.091	-28.233	-30.7
11.08	-10.099	-27.433	-30.6
11.09	-10.108	-26.636	-33.6
11.1	-10.117	-25.402	-40.8
11.11	-10.124	-23.805	-42.1
11.12	-10.131	-22.630	-34.4
11.13	-10.138	-22.184	-35.3
11.14	-10.144	-22.022	-35.6
11.15	-10.150	-21.538	-27.2
11.16	-10.156	-20.792	-20.9
11.17	-10.163	-20.403	-32.6
11.18	-10.169	-20.411	-48.5
11.19	-10.176	-20.484	-37.2
11.2	-10.183	-20.291	-14.0
11.21	-10.191	-19.453	-22.9
11.22	-10.199	-18.395	-43.9
11.23	-10.207	-17.830	-46.5
11.24	-10.214	-17.659	-33.4
11.25	-10.221	-17.691	-17.2
11.26	-10.226	-17.913	-18.1
11.27	-10.232	-18.092	-32.5
11.28	-10.237	-18.094	-36.6
11.29	-10.241	-17.973	-35.2
11.3	-10.246	-17.809	-27.6
11.31	-10.250	-17.598	-15.5
11.32	-10.254	-17.480	-16.6
11.33	-10.259	-17.834	-35.1
11.34	-10.263	-18.589	-33.3
11.35	-10.268	-19.225	-20.2
11.36	-10.271	-19.448	-26.2
11.37	-10.274	-19.453	-36.2
11.38	-10.277	-19.517	-28.1
11.39	-10.279	-19.736	-15.5
11.4	-10.283	-20.039	-21.0
11.41	-10.287	-20.223	-22.4
11.42	-10.291	-20.442	-19.4
11.43	-10.294	-20.767	-29.4
11.44	-10.295	-20.842	-30.5
11.45	-10.296	-20.728	-22.1
11.46	-10.296	-20.717	-16.7
11.47	-10.295	-20.688	-25.0
11.48	-10.293	-20.489	-31.4
11.49	-10.290	-20.363	-19.2
11.5	-10.286	-20.411	-16.5
11.51	-10.281	-20.433	-23.5
11.52	-10.273	-20.364	-4.8
11.53	-10.263	-20.078	-1.8
11.54	-10.251	-19.613	-29.4
11.55	-10.236	-19.294	-24.9
11.56	-10.219	-19.175	-3.3
11.57	-10.201	-18.992	-4.3
11.58	-10.181	-18.461	3.6
11.59	-10.161	-17.863	29.5
11.6	-10.139	-17.762	36.1
11.61	-10.118	-18.069	0.9
11.62	-10.095	-18.213	-22.0
11.63	-10.072	-17.972	-14.7
11.64	-10.049	-17.705	-10.8
11.65	-10.026	-17.805	-29.3
11.66	-10.005	-18.239	-45.0
11.67	-9.984	-18.566	-39.6
11.68	-9.963	-18.150	-28.1
11.69	-9.942	-17.184	-30.0
11.7	-9.921	-16.828	-51.4
11.71	-9.901	-17.213	-55.2
11.72	-9.881	-17.494	-24.8
11.73	-9.863	-17.700	-2.5
11.74	-9.849	-18.223	-11.5
11.75	-9.838	-18.500	-36.4
11.76	-9.826	-18.023	-36.9
11.77	-9.811	-17.505	33.0
11.78	-9.792	-17.650	164.9
11.79	-9.769	-18.220	246.8
11.8	-9.746	-18.861	187.3
11.81	-9.726	-19.416	38.9
11.82	-9.706	-19.797	-58.0
11.83	-9.685	-20.264	-67.8
11.84	-9.662	-20.650	-44.8
11.85	-9.639	-20.077	-31.8
11.86	-9.617	-18.938	-21.4
11.87	-9.596	-18.697	-13.4
11.88	-9.572	-19.333	-31.4
11.89	-9.545	-19.916	-32.0
11.9	-9.517	-20.142	-6.1
11.91	-9.488	-20.127	-18.5
11.92	-9.460	-20.095	-41.3
11.93	-9.435	-20.025	-29.0
11.94	-9.411	-19.517	-9.8
11.95	-9.386	-17.786	-6.8
11.96	-9.362	-13.164	-0.4
11.97	-9.338	-3.008	-2.4
11.98	-9.316	14.128	-21.5
11.99	-9.295	33.970	-15.3
12.0	-9.276	47.088	11.4
12.01	-9.259	50.886	14.7
12.02	-9.244	51.127	11.5
12.03	-9.229	51.139	25.0
12.04	-9.214	51.139	40.3
12.05	-9.199	51.139	46.0
12.06	-9.185	51.130	53.2
12.07	-9.171	50.956	63.2
12.08	-9.156	48.323	76.7
12.09	-9.140	39.238	96.7
12.1	-9.124	24.881	110.5
12.11	-9.110	10.594	108.4
12.12	-9.100	-0.966	101.3
12.13	-9.094	-9.595	77.5
12.14	-9.088	-15.678	49.8
12.15	-9.079	-19.544	17.8
12.16	-9.069	-21.541	-11.1
12.17	-9.060	-22.314	-23.4
12.18	-9.053	-22.933	-38.6
12.19	-9.044	-24.605	-56.9
12.2	-9.034	-27.925	-59.1
12.21	-9.024	-32.033	-50.8
12.22	-9.014	-34.900	-52.5
12.23	-9.006	-35.242	-59.9
12.24	-8.999	-33.105	-63.5
12.25	-8.994	-28.673	-62.8
12.26	-8.988	-22.483	-50.9
12.27	-8.984	-15.545	-41.5
12.28	-8.979	-8.773	-48.9
12.29	-8.975	-3.288	-53.6
12.3	-8.970	0.464	-43.0
12.31	-8.964	2.891	-36.6
12.32	-8.957	3.969	-30.0
12.33	-8.949	3.739	-36.3
12.34	-8.941	2.378	-48.0
12.35	-8.933	-0.297	-44.5
12.36	-8.924	-4.198	-38.0
12.37	-8.916	-8.789	-41.8
12.38	-8.908	-13.344	-42.1
12.39	-8.900	-17.508	-46.4
12.4	-8.891	-21.591	-60.3
12.41	-8.883	-25.261	-54.6
12.42	-8.874	-27.780	-35.5
12.43	-8.866	-29.495	-36.1
12.44	-8.857	-30.778	-49.2
12.45	-8.849	-31.231	-52.6
12.46	-8.841	-30.719	-40.8
12.47	-8.834	-29.295	-36.7
12.48	-8.827	-27.486	-45.8
12.49	-8.819	-26.119	-49.0
12.5	-8.812	-25.114	-48.0
12.51	-8.806	-24.206	-49.7
12.52	-8.799	-23.448	-34.8
12.53	-8.793	-22.669	-29.7
12.54	-8.787	-21.898	-47.5
12.55	-8.781	-21.352	-46.5
12.56	-8.774	-20.953	-34.8
12.57	-8.769	-20.711	-38.5
12.58	-8.762	-20.656	-35.0
12.59	-8.754	-20.545	-34.3
12.6	-8.748	-20.019	-37.8
12.61	-8.742	-18.895	-38.6
12.62	-8.735	-17.955	-47.7
12.63	-8.729	-17.831	-38.9
12.64	-8.723	-17.972	-33.2
12.65	-8.715	-18.113	-41.8
12.66	-8.707	-18.017	-26.8
12.67	-8.701	-17.311	-31.5
12.68	-8.695	-16.586	-40.7
12.69	-8.691	-16.386	-31.1
12.7	-8.686	-16.692	-33.4
12.71	-8.681	-17.416	-39.3
12.72	-8.676	-18.206	-29.6
12.73	-8.671	-18.802	-25.9
12.74	-8.664	-19.092	-36.4
12.75	-8.658	-18.852	-37.1
12.76	-8.653	-18.411	-34.1
12.77	-8.648	-18.469	-35.9
12.78	-8.644	-19.113	-32.4
12.79	-8.639	-19.883	-28.2
12.8	-8.635	-20.508	-27.5
12.81	-8.631	-20.928	-25.4
12.82	-8.626	-21.158	-17.6
12.83	-8.621	-21.453	-30.9
12.84	-8.615	-21.766	-36.4
12.85	-8.609	-21.919	-19.9
12.86	-8.603	-22.002	-23.5
12.87	-8.597	-21.733	-42.7
12.88	-8.591	-20.963	-34.3
12.89	-8.586	-20.150	-13.7
12.9	-8.580	-19.630	-19.1
12.91	-8.574	-19.469	-23.2
12.92	-8.570	-19.488	-9.5
12.93	-8.566	-19.505	9.3
12.94	-8.561	-19.486	7.7
12.95	-8.556	-19.244	-4.0
12.96	-8.552	-18.758	12.0
12.97	-8.547	-18.384	16.3
12.98	-8.543	-18.423	7.4
12.99	-8.538	-18.841	-13.1
13.0	-8.534	-19.231	-39.5
13.01	-8.527	-19.172	-44.4
13.02	-8.521	-18.792	-36.8
13.03	-8.512	-18.605	-36.6
13.04	-8.504	-18.691	-38.9
13.05	-8.497	-18.605	-36.5
13.06	-8.490	-18.245	-39.4
13.07	-8.483	-18.009	-39.8
13.08	-8.478	-17.558	-29.9
13.09	-8.472	-16.997	-29.8
13.1	-8.467	-17.078	-34.8
13.11	-8.463	-17.261	-30.4
13.12	-8.459	-17.355	-9.5
13.13	-8.453	-17.738	85.3
13.14	-8.444	-18.105	236.3
13.15	-8.435	-18.180	285.9
13.16	-8.426	-18.139	181.5
13.17	-8.419	-18.319	16.2
13.18	-8.414	-18.681	-62.3
13.19	-8.412	-18.994	-49.8
13.2	-8.411	-19.291	-31.6
13.21	-8.408	-19.764	-38.8
13.22	-8.403	-20.375	-54.6
13.23	-8.395	-20.750	-39.6
13.24	-8.386	-20.714	-22.6
13.25	-8.378	-20.530	-34.8
13.26	-8.370	-20.233	-42.7
13.27	-8.362	-19.630	-33.6
13.28	-8.353	-18.680	-23.0
13.29	-8.342	-16.428	-22.1
13.3	-8.332	-10.211	-29.6
13.31	-8.322	3.236	-30.0
13.32	-8.315	23.798	-18.3
13.33	-8.308	42.233	-17.4
13.34	-8.301	50.072	-19.8
13.35	-8.296	51.119	-18.4
13.36	-8.293	51.138	-7.0
13.37	-8.291	51.139	-1.0
13.38	-8.289	51.139	-0.7
13.39	-8.289	51.139	4.6
13.4	-8.289	51.136	1.6
13.41	-8.290	51.094	3.7
13.42	-8.291	49.880	24.2
13.43	-8.291	43.683	33.9
13.44	-8.290	31.338	37.7
13.45	-8.288	17.659	59.3
13.46	-8.287	6.489	74.4
13.47	-8.285	-1.534	76.8
13.48	-8.284	-6.223	82.0
13.49	-8.284	-7.908	75.8
13.5	-8.287	-7.433	48.6
13.51	-8.291	-5.584	13.9
13.52	-8.294	-3.397	-5.9
13.53	-8.298	-1.945	-22.7
13.54	-8.302	-2.306	-36.4
13.55	-8.306	-5.503	-36.0
13.56	-8.308	-11.578	-31.2
13.57	-8.309	-19.295	-33.0
13.58	-8.310	-26.528	-37.8
13.59	-8.311	-31.423	-43.3
13.6	-8.313	-33.244	-49.0
13.61	-8.315	-32.142	-57.8
13.62	-8.318	-28.853	-52.4
13.63	-8.320	-24.205	-39.1
13.64	-8.323	-19.063	-41.5
13.65	-8.327	-14.297	-49.2
13.66	-8.331	-10.273	-38.0
13.67	-8.336	-7.169	-19.7
13.68	-8.341	-5.427	-30.4
13.69	-8.346	-5.216	-56.4
13.7	-8.349	-6.048	-50.7
13.71	-8.351	-7.244	-26.7
13.72	-8.353	-8.820	-25.2
13.73	-8.354	-11.519	-43.7
13.74	-8.355	-15.341	-48.4
13.75	-8.357	-19.389	-47.8
13.76	-8.358	-23.150	-22.5
13.77	-8.359	-26.481	-8.5
13.78	-8.361	-29.183	-49.9
13.79	-8.363	-31.148	-66.8
13.8	-8.364	-32.302	-52.6
13.81	-8.367	-32.634	-39.2
13.82	-8.369	-32.450	-25.2
13.83	-8.372	-31.928	-17.1
13.84	-8.375	-31.025	-10.8
13.85	-8.377	-30.061	-27.7
13.86	-8.380	-29.292	-45.4
13.87	-8.383	-28.603	-46.0
13.88	-8.384	-27.925	-37.5
13.89	-8.386	-27.298	-32.3
13.9	-8.389	-26.683	-30.8
13.91	-8.392	-25.614	-28.6
13.92	-8.396	-24.086	-22.0
13.93	-8.399	-23.058	-16.2
13.94	-8.402	-22.681	-24.1
13.95	-8.406	-22.205	-27.5
13.96	-8.410	-21.552	-22.5
13.97	-8.413	-21.252	-33.5
13.98	-8.417	-21.334	-47.2
13.99	-8.419	-21.470	-35.7
14.0	-8.423	-21.653	-9.0
14.01	-8.426	-21.845	-9.7
14.02	-8.430	-22.092	-18.5
14.03	-8.434	-22.472	-20.5
14.04	-8.438	-22.430	-34.7
14.05	-8.442	-21.713	-37.7
14.06	-8.446	-21.122	-22.0
14.07	-8.451	-21.013	-17.2
14.08	-8.456	-20.919	-19.1
14.09	-8.461	-21.000	-15.0
14.1	-8.466	-21.545	-9.7
14.11	-8.472	-22.108	-20.9
14.12	-8.477	-22.536	-26.4
14.13	-8.482	-22.911	-18.7
14.14	-8.488	-22.969	-25.3
14.15	-8.494	-22.713	-36.0
14.16	-8.501	-22.522	-25.3
14.17	-8.507	-22.303	-13.9
14.18	-8.514	-21.789	-25.6
14.19	-8.521	-21.386	-22.1
14.2	-8.528	-21.581	-8.1
14.21	-8.536	-22.213	-18.1
14.22	-8.545	-22.780	-16.7
14.23	-8.554	-23.131	-10.7
14.24	-8.564	-23.566	-18.5
14.25	-8.574	-24.052	-21.7
14.26	-8.586	-24.283	-16.5
14.27	-8.598	-24.152	-26.3
14.28	-8.610	-23.284	-32.8
14.29	-8.622	-21.963	-12.0
14.3	-8.634	-21.184	5.5
14.31	-8.646	-20.789	-10.4
14.32	-8.658	-20.381	-19.1
14.33	-8.671	-20.347	-5.7
14.34	-8.684	-20.692	-9.6
14.35	-8.697	-21.073	-33.7
14.36	-8.711	-21.327	-35.1
14.37	-8.724	-21.573	-14.1
14.38	-8.738	-21.955	-5.2
14.39	-8.751	-21.863	-6.4
14.4	-8.763	-21.013	14.7
14.41	-8.776	-20.386	23.3
14.42	-8.789	-20.211	3.9
14.43	-8.803	-19.881	16.3
14.44	-8.817	-19.713	35.8
14.45	-8.831	-20.003	14.5
14.46	-8.846	-20.381	-10.4
14.47	-8.861	-20.583	-17.8
14.48	-8.876	-20.622	-24.8
14.49	-8.891	-20.658	-37.1
14.5	-8.906	-20.738	-28.1
14.51	-8.921	-20.744	-16.7
14.52	-8.936	-20.677	-32.5
14.53	-8.950	-20.655	-42.4
14.54	-8.964	-20.555	-35.5
14.55	-8.977	-20.033	-38.2
14.56	-8.990	-19.269	-29.1
14.57	-9.004	-18.794	-14.0
14.58	-9.020	-18.622	-24.4
14.59	-9.036	-18.573	-36.7
14.6	-9.049	-18.627	9.5
14.61	-9.061	-18.797	157.1
14.62	-9.071	-19.192	288.8
14.63	-9.081	-19.505	270.7
14.64	-9.092	-19.452	142.3
14.65	-9.104	-19.544	1.7
14.66	-9.117	-19.945	-59.1
14.67	-9.131	-20.186	-50.9
14.68	-9.146	-20.173	-28.8
14.69	-9.159	-20.184	-34.0
14.7	-9.168	-20.355	-50.8
14.71	-9.174	-20.528	-34.9
14.72	-9.178	-20.578	-1.2
14.73	-9.182	-20.669	-13.5
14.74	-9.186	-20.602	-51.6
14.75	-9.190	-20.094	-45.8
14.76	-9.194	-18.916	-13.8
14.77	-9.198	-15.403	-15.2
14.78	-9.203	-6.166	-31.5
14.79	-9.209	11.536	-26.4
14.8	-9.217	33.125	-10.0
14.81	-9.225	47.156	3.0
14.82	-9.235	50.934	-2.9
14.83	-9.246	51.130	-16.9
14.84	-9.258	51.139	-5.6
14.85	-9.269	51.139	6.8
14.86	-9.283	51.139	2.2
14.87	-9.295	51.136	5.8
14.88	-9.309	51.117	16.9
14.89	-9.323	50.223	17.6
14.9	-9.337	44.744	26.2
14.91	-9.349	32.788	57.9
14.92	-9.362	18.622	71.3
14.93	-9.374	6.436	58.7
14.94	-9.387	-2.741	75.5
14.95	-9.399	-8.641	93.1
14.96	-9.412	-11.316	85.7
14.97	-9.428	-11.503	68.3
14.98	-9.445	-10.180	47.5
14.99	-9.462	-8.013	27.8
15.0	-9.478	-5.892	6.0
15.01	-9.492	-5.053	-20.3
15.02	-9.508	-6.377	-37.7
15.03	-9.523	-10.084	-37.5
15.04	-9.537	-15.880	-35.5
15.05	-9.551	-22.386	-42.4
15.06	-9.564	-27.541	-37.6
15.07	-9.578	-30.091	-33.2
15.08	-9.592	-29.917	-34.4
15.09	-9.607	-27.745	-27.4
15.1	-9.621	-24.439	-31.8
15.11	-9.636	-20.392	-46.0
15.12	-9.652	-15.956	-43.1
15.13	-9.668	-11.766	-41.2
15.14	-9.683	-8.292	-45.9
15.15	-9.699	-5.855	-48.0
15.16	-9.714	-4.730	-41.9
15.17	-9.728	-4.823	-33.2
15.18	-9.740	-5.902	-28.6
15.19	-9.751	-7.825	-23.0
15.2	-9.761	-10.617	-29.4
15.21	-9.773	-14.139	-40.2
15.22	-9.785	-17.713	-36.5
15.23	-9.797	-21.028	-41.1
15.24	-9.808	-24.242	-49.2
15.25	-9.819	-27.061	-46.7
15.26	-9.829	-28.928	-32.3
15.27	-9.839	-29.697	-31.5
15.28	-9.848	-29.839	-35.7
15.29	-9.857	-29.652	-30.7
15.3	-9.866	-29.047	-35.6
15.31	-9.876	-28.195	-31.8
15.32	-9.886	-27.294	-30.1
15.33	-9.896	-26.442	-43.8
15.34	-9.905	-25.770	-31.1
15.35	-9.914	-25.286	-21.5
15.36	-9.924	-24.880	-39.5
15.37	-9.934	-24.438	-48.8
15.38	-9.946	-23.963	-34.8
15.39	-9.956	-23.502	-24.3
15.4	-9.964	-23.148	-29.3
15.41	-9.973	-22.719	-35.3
15.42	-9.983	-21.958	-26.0
15.43	-9.993	-21.283	-20.0
15.44	-10.003	-20.863	-24.6
15.45	-10.011	-20.505	-26.8
15.46	-10.019	-20.327	-30.2
15.47	-10.026	-20.159	-35.0
15.48	-10.034	-19.933	-32.9
15.49	-10.041	-19.863	-34.2
15.5	-10.048	-19.853	-33.3
15.51	-10.056	-19.766	-21.4
15.52	-10.064	-19.778	-18.2
15.53	-10.074	-20.002	-32.3
15.54	-10.083	-20.211	-32.3
15.55	-10.093	-20.369	-23.1
15.56	-10.103	-20.519	-30.7
15.57	-10.111	-20.586	-35.2
15.58	-10.119	-20.722	-22.1
15.59	-10.128	-20.986	-16.8
15.6	-10.135	-21.200	-24.8
15.61	-10.142	-21.420	-28.3
15.62	-10.148	-21.756	-25.3
15.63	-10.154	-21.894	-31.3
15.64	-10.159	-21.697	-25.7
15.65	-10.164	-21.627	-8.1
15.66	-10.170	-21.750	-12.3
15.67	-10.176	-21.408	-30.8
15.68	-10.181	-20.648	-23.5
15.69	-10.188	-20.391	-9.9
15.7	-10.192	-20.727	-17.2
15.71	-10.196	-20.984	-26.7
15.72	-10.201	-21.005	-13.5
15.73	-10.206	-20.906	-2.2
15.74	-10.211	-20.666	-23.6
15.75	-10.214	-20.353	-37.5
15.76	-10.217	-20.109	-15.4
15.77	-10.218	-20.050	5.0
15.78	-10.218	-20.273	1.7
15.79	-10.217	-20.381	4.7
15.8	-10.216	-19.739	35.0
15.81	-10.214	-18.878	31.4
15.82	-10.211	-18.622	-2.6
15.83	-10.206	-18.677	-21.5
15.84	-10.199	-18.681	-14.5
15.85	-10.193	-18.816	-9.4
15.86	-10.184	-19.142	-32.3
15.87	-10.174	-19.023	-51.7
15.88	-10.162	-18.205	-38.0
15.89	-10.145	-17.556	-13.2
15.9	-10.126	-17.517	-31.5
15.91	-10.104	-17.686	-56.3
15.92	-10.082	-17.534	-40.5
15.93	-10.059	-17.086	-20.5
15.94	-10.038	-17.052	-8.2
15.95	-10.020	-17.481	-24.1
15.96	-10.006	-17.789	-41.6
15.97	-9.992	-17.884	-23.8
15.98	-9.973	-18.023	16.2
15.99	-9.950	-18.334	105.5
16.0	-9.924	-18.667	221.8
16.01	-9.897	-18.809	239.0
16.02	-9.873	-18.989	105.0
16.03	-9.851	-19.331	-49.0
16.04	-9.828	-19.481	-75.4
16.05	-9.803	-19.534	-32.4
16.06	-9.780	-19.950	-18.1
16.07	-9.759	-20.461	-30.0
16.08	-9.738	-20.522	-17.4
16.09	-9.712	-20.548	-9.1
16.1	-9.683	-21.061	-37.9
16.11	-9.652	-21.598	-48.3
16.12	-9.623	-21.578	-17.2
16.13	-9.594	-21.078	6.3
16.14	-9.567	-20.586	-13.4
16.15	-9.543	-20.102	-34.3
16.16	-9.518	-18.753	-25.4
16.17	-9.495	-14.973	15.5
16.18	-9.472	-6.363	39.6
16.19	-9.450	8.902	-8.7
16.2	-9.430	28.509	-32.9
16.21	-9.411	44.119	-8.8
16.22	-9.394	50.322	17.5
16.23	-9.377	51.125	28.6
16.24	-9.361	51.138	19.0
16.25	-9.345	51.139	33.2
16.26	-9.330	51.131	64.9
16.27	-9.316	50.994	59.3
16.28	-9.302	48.753	46.7
16.29	-9.287	40.744	78.3
16.3	-9.273	27.748	116.9
16.31	-9.258	14.250	107.5
16.32	-9.244	2.284	100.6
16.33	-9.233	-7.530	113.6
16.34	-9.227	-14.764	95.2
16.35	-9.221	-19.752	64.9
16.36	-9.213	-22.891	38.3
16.37	-9.203	-24.217	0.2
16.38	-9.193	-23.941	-24.2
16.39	-9.184	-23.230	-28.8
16.4	-9.174	-23.572	-33.1
16.41	-9.162	-25.425	-51.7
16.42	-9.151	-28.183	-51.7
16.43	-9.140	-30.558	-38.3
16.44	-9.129	-31.256	-45.9
16.45	-9.120	-29.808	-51.7
16.46	-9.111	-26.413	-48.3
16.47	-9.103	-21.423	-49.5
16.48	-9.095	-15.467	-41.9
16.49	-9.088	-9.688	-34.5
16.5	-9.081	-5.073	-38.8
16.51	-9.073	-1.705	-41.8
16.52	-9.066	0.548	-23.3
16.53	-9.058	1.500	-18.2
16.54	-9.049	1.348	-40.8
16.55	-9.041	0.228	-46.7
16.56	-9.031	-2.155	-30.8
16.57	-9.021	-5.445	-34.7
16.58	-9.011	-9.186	-54.0
16.59	-9.000	-13.270	-41.5
16.6	-8.989	-17.239	-27.3
16.61	-8.979	-20.856	-50.9
16.62	-8.968	-23.992	-47.9
16.63	-8.957	-26.164	-31.2
16.64	-8.948	-27.373	-37.0
16.65	-8.939	-28.061	-40.2
16.66	-8.929	-28.241	-37.5
16.67	-8.919	-27.738	-39.2
16.68	-8.909	-26.675	-50.1
16.69	-8.899	-25.322	-57.3
16.7	-8.890	-24.020	-39.6
16.71	-8.881	-22.930	-25.1
16.72	-8.872	-21.956	-30.5
16.73	-8.864	-21.128	-47.1
16.74	-8.856	-20.516	-47.5
16.75	-8.849	-20.063	-24.9
16.76	-8.841	-19.703	-24.2
16.77	-8.834	-19.331	-47.3
16.78	-8.826	-18.988	-52.2
16.79	-8.819	-18.756	-39.3
16.8	-8.813	-18.619	-25.9
16.81	-8.806	-18.591	-21.4
16.82	-8.799	-18.345	-25.4
16.83	-8.792	-17.784	-47.0
16.84	-8.786	-17.564	-55.5
16.85	-8.780	-17.772	-28.0
16.86	-8.774	-17.747	-24.8
16.87	-8.769	-17.309	-34.2
16.88	-8.763	-16.908	-21.3
16.89	-8.758	-16.983	-24.2
16.9	-8.752	-17.512	-31.6
16.91	-8.746	-17.725	-35.8
16.92	-8.740	-17.208	-30.4
16.93	-8.734	-16.773	-24.9
16.94	-8.729	-16.989	-39.8
16.95	-8.723	-17.498	-44.8
16.96	-8.717	-18.195	-17.6
16.97	-8.713	-19.084	-1.5
16.98	-8.707	-19.592	-20.0
16.99	-8.702	-19.434	-36.3
17.0	-8.696	-19.072	-36.4
17.01	-8.690	-19.011	-32.2
17.02	-8.684	-19.383	-23.1
17.03	-8.679	-19.973	-15.7
17.04	-8.674	-20.602	-11.5
17.05	-8.670	-21.300	-21.3
17.06	-8.666	-21.880	-29.0
17.07	-8.661	-21.769	-31.3
17.08	-8.657	-20.623	-25.0
17.09	-8.653	-19.413	-6.9
17.1	-8.649	-19.083	-12.6
17.11	-8.646	-19.222	-31.5
17.12	-8.641	-19.203	-17.1
17.13	-8.638	-18.633	12.2
17.14	-8.633	-17.800	6.0
17.15	-8.627	-17.441	-13.5
17.16	-8.621	-17.517	7.9
17.17	-8.616	-17.738	32.5
17.18	-8.613	-18.092	22.8
17.19	-8.609	-18.436	-9.3
17.2	-8.606	-18.637	-35.6
17.21	-8.602	-18.791	-37.4
17.22	-8.598	-18.783	-29.7
17.23	-8.594	-18.506	-30.7
17.24	-8.590	-18.225	-34.2
17.25	-8.586	-18.012	-42.3
17.26	-8.580	-17.744	-40.6
17.27	-8.574	-17.467	-21.7
17.28	-8.569	-17.213	-20.3
17.29	-8.565	-17.189	-42.7
17.3	-8.562	-17.552	-40.1
17.31	-8.560	-17.816	-31.4
17.32	-8.559	-17.497	-24.3
17.33	-8.556	-16.655	2.5
17.34	-8.550	-15.905	103.3
17.35	-8.541	-15.870	250.6
17.36	-8.531	-16.317	293.0
17.37	-8.523	-16.766	185.5
17.38	-8.518	-17.305	19.6
17.39	-8.516	-17.919	-76.4
17.4	-8.516	-18.244	-70.0
17.41	-8.514	-18.108	-29.2
17.42	-8.512	-17.720	-20.2
17.43	-8.507	-17.692	-42.3
17.44	-8.500	-18.208	-51.6
17.45	-8.492	-18.669	-35.7
17.46	-8.484	-18.817	-11.9
17.47	-8.477	-18.706	-24.1
17.48	-8.469	-18.455	-44.7
17.49	-8.462	-17.825	-34.4
17.5	-8.455	-15.198	-27.1
17.51	-8.447	-8.466	-25.4
17.52	-8.441	4.769	-16.8
17.53	-8.434	24.369	-21.5
17.54	-8.429	42.038	-26.6
17.55	-8.424	49.913	-19.8
17.56	-8.422	51.114	-1.5
17.57	-8.420	51.136	-3.8
17.58	-8.420	51.139	-25.3
17.59	-8.420	51.139	-14.8
17.6	-8.421	51.138	7.0
17.61	-8.422	51.108	6.8
17.62	-8.424	50.186	12.0
17.63	-8.424	45.269	28.6
17.64	-8.425	34.123	33.2
17.65	-8.426	18.813	39.3
17.66	-8.424	4.714	58.2
17.67	-8.423	-4.002	65.2
17.68	-8.422	-8.605	74.5
17.69	-8.423	-11.348	74.4
17.7	-8.426	-12.195	51.0
17.71	-8.429	-11.336	38.1
17.72	-8.432	-9.339	42.6
17.73	-8.435	-7.105	15.1
17.74	-8.438	-5.923	-32.2
17.75	-8.442	-6.647	-43.6
17.76	-8.444	-9.456	-36.7
17.77	-8.446	-13.930	-44.8
17.78	-8.446	-19.228	-44.0
17.79	-8.447	-23.922	-44.3
17.8	-8.449	-26.467	-53.1
17.81	-8.451	-26.363	-40.3
17.82	-8.454	-24.192	-26.0
17.83	-8.456	-20.984	-41.0
17.84	-8.459	-17.517	-62.5
17.85	-8.462	-13.795	-59.4
17.86	-8.466	-9.850	-29.3
17.87	-8.471	-6.517	-25.4
17.88	-8.476	-4.564	-53.0
17.89	-8.481	-3.839	-55.7
17.9	-8.484	-3.884	-35.4
17.91	-8.487	-4.809	-16.7
17.92	-8.488	-6.725	-26.7
17.93	-8.489	-9.202	-61.7
17.94	-8.491	-11.905	-51.1
17.95	-8.492	-14.914	-29.7
17.96	-8.494	-18.094	-34.4
17.97	-8.495	-20.750	-40.7
17.98	-8.496	-22.586	-42.5
17.99	-8.498	-24.069	-38.6
18.0	-8.500	-25.277	-35.3
18.01	-8.502	-25.892	-33.2
18.02	-8.505	-26.036	-32.3
18.03	-8.508	-25.998	-40.6
18.04	-8.511	-25.492	-42.1
18.05	-8.514	-24.142	-34.2
18.06	-8.518	-22.639	-36.8
18.07	-8.521	-21.677	-38.7
18.08	-8.524	-21.022	-30.0
18.09	-8.529	-20.413	-37.5
18.1	-8.534	-19.900	-35.8
18.11	-8.540	-19.527	-29.0
18.12	-8.546	-19.384	-34.2
18.13	-8.554	-19.356	-31.4
18.14	-8.562	-19.083	-24.5
18.15	-8.571	-18.786	-28.9
18.16	-8.580	-18.733	-36.5
18.17	-8.589	-18.666	-38.3
18.18	-8.599	-18.569	-28.3
18.19	-8.607	-18.503	-23.5
18.2	-8.617	-18.317	-29.4
18.21	-8.627	-18.066	-30.1
18.22	-8.637	-17.831	-24.2
18.23	-8.648	-17.616	-31.7
18.24	-8.658	-17.533	-41.8
18.25	-8.669	-17.645	-32.1
18.26	-8.681	-17.808	-17.3
18.27	-8.694	-17.947	-17.9
18.28	-8.706	-18.209	-20.3
18.29	-8.718	-18.459	-32.3
18.3	-8.730	-18.527	-49.7
18.31	-8.742	-18.602	-39.8
18.32	-8.755	-18.875	-17.7
18.33	-8.768	-19.361	-21.3
18.34	-8.780	-19.827	-34.1
18.35	-8.792	-20.075	-34.7
18.36	-8.805	-20.241	-30.4
18.37	-8.818	-20.467	-26.3
18.38	-8.831	-20.588	-17.6
18.39	-8.844	-20.445	-12.2
18.4	-8.857	-20.141	-20.0
18.41	-8.871	-19.938	-23.5
18.42	-8.884	-19.988	-15.5
18.43	-8.898	-20.114	-27.4
18.44	-8.911	-20.159	-33.3
18.45	-8.924	-19.966	-13.7
18.46	-8.938	-19.653	-7.4
18.47	-8.951	-19.483	-20.2
18.48	-8.964	-19.206	-16.1
18.49	-8.978	-18.822	-3.5
18.5	-8.992	-18.548	-11.9
18.51	-9.005	-18.370	-31.0
18.52	-9.019	-18.356	-26.4
18.53	-9.033	-18.325	0.6
18.54	-9.046	-18.361	4.0
18.55	-9.058	-18.709	-23.9
18.56	-9.070	-18.811	-27.6
18.57	-9.082	-18.483	-8.2
18.58	-9.096	-18.361	3.9
18.59	-9.109	-18.322	-7.0
18.6	-9.123	-17.884	-16.5
18.61	-9.135	-17.447	1.9
18.62	-9.148	-17.397	14.1
18.63	-9.161	-17.663	15.5
18.64	-9.173	-18.188	40.5
18.65	-9.186	-18.467	42.2
18.66	-9.199	-18.208	7.2
18.67	-9.213	-18.023	-15.7
18.68	-9.227	-18.223	-18.0
18.69	-9.240	-18.408	-21.4
18.7	-9.252	-18.259	-41.3
18.71	-9.266	-17.973	-42.1
18.72	-9.279	-17.830	-19.6
18.73	-9.293	-17.775	-22.5
18.74	-9.306	-17.758	-23.8
18.75	-9.318	-17.694	-16.7
18.76	-9.330	-17.430	-21.1
18.77	-9.344	-17.084	-27.5
18.78	-9.359	-16.713	-28.3
18.79	-9.375	-16.317	-26.0
18.8	-9.391	-16.092	-15.9
18.81	-9.402	-15.994	36.3
18.82	-9.411	-16.036	181.1
18.83	-9.419	-16.419	321.2
18.84	-9.429	-17.084	294.3
18.85	-9.442	-17.730	109.0
18.86	-9.454	-18.108	-37.8
18.87	-9.467	-18.297	-48.4
18.88	-9.481	-18.475	-31.8
18.89	-9.492	-18.533	-41.9
18.9	-9.501	-18.441	-32.5
18.91	-9.504	-18.569	-17.7
18.92	-9.505	-18.939	-21.3
18.93	-9.505	-18.980	-25.2
18.94	-9.506	-18.541	-15.2
18.95	-9.508	-18.158	-11.3
18.96	-9.511	-17.723	-15.7
18.97	-9.514	-16.295	-10.3
18.98	-9.518	-12.298	-7.5
18.99	-9.523	-2.661	-23.1
19.0	-9.528	14.819	-15.3
19.01	-9.534	35.059	8.3
19.02	-9.540	47.684	0.2
19.03	-9.547	50.969	-17.4
19.04	-9.555	51.131	-2.7
19.05	-9.564	51.139	28.9
19.06	-9.572	51.139	25.5
19.07	-9.581	51.136	-5.0
19.08	-9.591	51.095	-8.2
19.09	-9.601	49.945	25.0
19.1	-9.610	44.294	49.1
19.11	-9.618	32.894	37.5
19.12	-9.626	19.483	37.5
19.13	-9.631	7.784	60.9
19.14	-9.636	-1.200	94.3
19.15	-9.641	-7.747	113.7
19.16	-9.648	-11.914	94.0
19.17	-9.657	-13.450	54.8
19.18	-9.668	-12.184	47.4
19.19	-9.679	-8.798	47.3
19.2	-9.689	-5.144	15.4
19.21	-9.698	-2.586	-20.7
19.22	-9.707	-1.816	-28.0
19.23	-9.717	-3.478	-20.3
19.24	-9.724	-7.383	-36.6
19.25	-9.729	-12.703	-64.2
19.26	-9.732	-18.245	-51.6
19.27	-9.738	-22.344	-32.7
19.28	-9.744	-23.988	-46.4
19.29	-9.751	-23.292	-55.4
19.3	-9.758	-20.795	-45.2
19.31	-9.766	-17.055	-37.6
19.32	-9.774	-12.622	-39.4
19.33	-9.782	-8.367	-45.2
19.34	-9.789	-4.850	-42.3
19.35	-9.797	-1.953	-35.4
19.36	-9.805	-0.275	-21.3
19.37	-9.813	-0.480	-29.0
19.38	-9.819	-1.853	-52.8
19.39	-9.824	-3.366	-47.6
19.4	-9.827	-5.316	-29.7
19.41	-9.830	-8.416	-27.0
19.42	-9.832	-12.233	-44.5
19.43	-9.836	-15.966	-47.3
19.44	-9.840	-19.041	-22.3
19.45	-9.844	-21.263	-30.0
19.46	-9.849	-23.038	-56.1
19.47	-9.854	-24.305	-56.3
19.48	-9.857	-24.647	-36.8
19.49	-9.862	-24.414	-25.3
19.5	-9.866	-24.014	-30.9
19.51	-9.870	-23.392	-37.5
19.52	-9.874	-22.636	-41.8
19.53	-9.879	-21.892	-38.7
19.54	-9.883	-21.198	-32.5
19.55	-9.888	-20.467	-38.2
19.56	-9.891	-19.738	-42.3
19.57	-9.896	-19.356	-38.3
19.58	-9.899	-19.145	-24.8
19.59	-9.901	-18.800	-23.5
19.6	-9.904	-18.492	-39.5
19.61	-9.908	-18.202	-45.9
19.62	-9.912	-17.895	-40.2
19.63	-9.916	-17.570	-36.5
19.64	-9.919	-17.202	-26.9
19.65	-9.921	-17.041	-20.0
19.66	-9.923	-16.923	-27.3
19.67	-9.923	-16.461	-27.4
19.68	-9.923	-15.981	-19.9
19.69	-9.922	-15.775	-36.8
19.7	-9.920	-15.533	-44.7
19.71	-9.916	-15.488	-26.0
19.72	-9.911	-16.038	-12.9
19.73	-9.902	-16.789	-21.5
19.74	-9.891	-17.456	-27.8
19.75	-9.877	-18.058	-27.9
19.76	-9.860	-18.530	-28.8
19.77	-9.840	-18.897	-22.0
19.78	-9.817	-19.122	-23.0
19.79	-9.793	-19.075	-32.7
19.8	-9.768	-18.675	-21.0
19.81	-9.744	-18.173	-12.2
19.82	-9.719	-18.152	-25.3
19.83	-9.696	-18.558	-30.9
19.84	-9.674	-18.786	-13.6
19.85	-9.652	-18.892	-2.2
19.86	-9.631	-19.083	-20.6
19.87	-9.611	-18.972	-34.2
19.88	-9.592	-18.678	-20.8
19.89	-9.572	-18.780	-10.8
19.9	-9.554	-19.108	-24.4
19.91	-9.536	-19.131	-34.2
19.92	-9.518	-18.903	-10.3
19.93	-9.501	-18.817	-9.0
19.94	-9.484	-18.864	-34.7
19.95	-9.467	-18.641	-30.6
19.96	-9.449	-18.130	-0.4
19.97	-9.433	-17.794	5.9
19.98	-9.416	-17.756	-14.1
19.99	-9.399	-17.881	-8.4
20.0	-9.385	-18.003	15.0
20.01	-9.371	-17.964	17.6
20.02	-9.357	-17.942	15.4
20.03	-9.344	-18.050	13.3
20.04	-9.331	-18.059	-4.7
20.05	-9.318	-17.884	-28.1
20.06	-9.304	-17.689	-25.8
20.07	-9.290	-17.569	-25.6
20.08	-9.277	-17.566	-30.7
20.09	-9.264	-17.589	-30.0
20.1	-9.251	-17.378	-36.4
20.11	-9.237	-17.025	-35.1
20.12	-9.224	-16.953	-33.1
20.13	-9.211	-17.080	-42.3
20.14	-9.199	-17.023	-42.0
20.15	-9.188	-16.933	-31.3
20.16	-9.178	-16.966	-21.6
20.17	-9.171	-17.030	-22.4
20.18	-9.166	-17.108	-19.6
20.19	-9.160	-17.119	-22.9
20.2	-9.151	-17.047	36.6
20.21	-9.136	-17.063	206.7
20.22	-9.120	-17.323	304.7
20.23	-9.104	-17.741	207.3
20.24	-9.092	-17.877	41.7
20.25	-9.081	-17.708	-42.5
20.26	-9.069	-17.848	-46.9
20.27	-9.058	-18.298	-36.6
20.28	-9.047	-18.453	-24.0
20.29	-9.036	-18.325	-20.0
20.3	-9.021	-18.444	-23.9
20.31	-9.004	-18.777	-26.9
20.32	-8.984	-18.966	-20.9
20.33	-8.965	-19.020	-18.0
20.34	-8.946	-18.889	-17.8
20.35	-8.929	-18.534	-14.5
20.36	-8.913	-17.925	-20.4
20.37	-8.898	-16.258	-20.7
20.38	-8.883	-11.727	-13.2
20.39	-8.868	-1.797	-11.7
20.4	-8.856	14.825	-13.7
20.41	-8.843	34.020	-10.9
20.42	-8.832	46.894	18.0
20.43	-8.822	50.822	19.3
20.44	-8.812	51.125	-11.3
20.45	-8.802	51.139	-1.9
20.46	-8.793	51.139	26.1
20.47	-8.785	51.130	26.4
20.48	-8.777	50.936	26.8
20.49	-8.769	48.431	51.6
20.5	-8.761	40.403	66.0
20.51	-8.752	28.373	67.8
20.52	-8.744	16.238	87.3
20.53	-8.736	5.356	85.7
20.54	-8.728	-3.377	81.3
20.55	-8.722	-9.292	94.4
20.56	-8.719	-12.645	83.2
20.57	-8.718	-14.063	53.9
20.58	-8.715	-14.178	22.4
20.59	-8.711	-13.391	-5.8
20.6	-8.707	-12.269	-13.8
20.61	-8.704	-12.002	-30.2
20.62	-8.700	-13.761	-54.9
20.63	-8.696	-17.461	-64.5
20.64	-8.690	-21.831	-51.8
20.65	-8.686	-25.159	-27.9
20.66	-8.683	-26.023	-38.9
20.67	-8.680	-24.517	-55.6
20.68	-8.678	-21.458	-41.5
20.69	-8.676	-17.372	-45.5
20.7	-8.674	-12.764	-45.3
20.71	-8.672	-8.158	-40.3
20.72	-8.671	-4.333	-46.7
20.73	-8.668	-1.789	-45.3
20.74	-8.666	-0.358	-44.1
20.75	-8.662	-0.013	-45.0
20.76	-8.659	-0.864	-35.3
20.77	-8.654	-2.380	-21.4
20.78	-8.648	-4.170	-31.9
20.79	-8.643	-6.675	-51.3
20.8	-8.636	-9.953	-44.4
20.81	-8.630	-13.417	-36.7
20.82	-8.624	-16.786	-36.3
20.83	-8.617	-19.878	-36.0
20.84	-8.611	-22.341	-38.3
20.85	-8.606	-24.092	-40.0
20.86	-8.601	-25.245	-43.2
20.87	-8.597	-25.645	-48.0
20.88	-8.593	-25.375	-45.3
20.89	-8.589	-24.827	-38.2
20.9	-8.585	-24.170	-35.0
20.91	-8.581	-23.452	-39.8
20.92	-8.578	-22.739	-36.5
20.93	-8.575	-21.988	-27.1
20.94	-8.572	-21.050	-30.4
20.95	-8.570	-20.200	-51.1
20.96	-8.568	-19.797	-61.6
20.97	-8.567	-19.658	-42.3
20.98	-8.566	-19.578	-15.6
20.99	-8.566	-19.631	-13.9
21.0	-8.564	-19.756	-26.2
21.01	-8.561	-19.788	-34.2
21.02	-8.558	-19.684	-42.0
21.03	-8.554	-19.367	-39.6
21.04	-8.550	-18.925	-27.4
21.05	-8.545	-18.380	-37.0
21.06	-8.539	-17.516	-45.7
21.07	-8.534	-16.875	-33.1
21.08	-8.528	-16.845	-16.8
21.09	-8.523	-16.756	-24.1
21.1	-8.519	-16.530	-24.6
21.11	-8.514	-16.577	-14.2
21.12	-8.508	-16.788	-34.1
21.13	-8.503	-17.122	-35.3
21.14	-8.500	-17.447	-17.6
21.15	-8.496	-17.425	-35.7
21.16	-8.492	-17.198	-48.2
21.17	-8.488	-17.192	-36.1
21.18	-8.484	-17.655	-21.1
21.19	-8.480	-18.234	-17.5
21.2	-8.477	-18.686	-10.6
21.21	-8.473	-19.213	1.4
21.22	-8.470	-19.303	-22.5
21.23	-8.466	-18.936	-47.0
21.24	-8.461	-18.883	-29.2
21.25	-8.457	-19.031	-28.7
21.26	-8.453	-19.198	-33.0
21.27	-8.449	-19.586	-15.1
21.28	-8.444	-20.055	-19.8
21.29	-8.439	-20.277	-24.3
21.3	-8.435	-20.014	-12.7
21.31	-8.431	-19.573	-24.1
21.32	-8.428	-19.353	-33.3
21.33	-8.424	-19.153	-31.1
21.34	-8.421	-18.866	-18.2
21.35	-8.417	-18.655	-14.3
21.36	-8.414	-18.411	-15.4
21.37	-8.410	-18.092	-7.4
21.38	-8.407	-17.922	-20.8
21.39	-8.405	-17.936	-20.6
21.4	-8.403	-18.133	-6.2
21.41	-8.401	-18.473	-11.2
21.42	-8.398	-18.447	-7.7
21.43	-8.396	-17.906	13.4
21.44	-8.394	-17.530	39.6
21.45	-8.391	-17.509	29.8
21.46	-8.388	-17.533	3.2
21.47	-8.386	-17.675	4.1
21.48	-8.385	-17.778	-17.0
21.49	-8.384	-17.512	-56.6
21.5	-8.383	-17.169	-40.4
21.51	-8.383	-17.134	-22.7
21.52	-8.383	-17.387	-28.0
21.53	-8.382	-17.698	-23.3
21.54	-8.381	-17.909	-29.1
21.55	-8.381	-18.034	-45.1
21.56	-8.381	-18.039	-44.4
21.57	-8.381	-17.839	-30.6
21.58	-8.382	-17.405	-9.4
21.59	-8.384	-16.988	-10.7
21.6	-8.386	-16.880	-31.5
21.61	-8.387	-16.875	-6.3
21.62	-8.384	-16.959	133.5
21.63	-8.381	-17.262	292.9
21.64	-8.379	-17.627	284.2
21.65	-8.377	-17.938	125.0
21.66	-8.377	-17.981	-21.0
21.67	-8.377	-17.950	-50.9
21.68	-8.380	-18.216	-20.7
21.69	-8.383	-18.377	-28.5
21.7	-8.384	-18.375	-48.5
21.71	-8.381	-18.633	-43.7
21.72	-8.376	-19.041	-38.4
21.73	-8.371	-19.358	-37.6
21.74	-8.366	-19.320	-29.4
21.75	-8.361	-18.792	-26.8
21.76	-8.354	-18.020	-27.9
21.77	-8.344	-16.786	-31.3
21.78	-8.334	-13.452	-15.4
21.79	-8.327	-5.025	-2.5
21.8	-8.321	10.853	-20.1
21.81	-8.316	31.108	-38.1
21.82	-8.311	45.847	-40.0
21.83	-8.309	50.698	-11.8
21.84	-8.308	51.122	3.3
21.85	-8.307	51.139	-19.2
21.86	-8.308	51.139	-16.8
21.87	-8.310	51.139	1.9
21.88	-8.313	51.130	11.8
21.89	-8.317	50.941	14.0
21.9	-8.321	48.425	9.2
21.91	-8.326	40.280	13.3
21.92	-8.329	28.123	33.8
21.93	-8.333	16.556	52.9
21.94	-8.337	7.273	63.5
21.95	-8.341	0.319	66.7
21.96	-8.346	-4.108	72.5
21.97	-8.353	-5.914	77.5
21.98	-8.364	-5.692	64.2
21.99	-8.377	-4.181	36.0
22.0	-8.391	-1.914	4.8
22.01	-8.404	0.084	-13.2
22.02	-8.419	0.441	-16.4
22.03	-8.436	-1.500	-34.5
22.04	-8.451	-5.489	-40.5
22.05	-8.466	-10.997	-30.9
22.06	-8.481	-17.239	-33.8
22.07	-8.494	-22.642	-44.4
22.08	-8.508	-25.522	-49.5
22.09	-8.522	-25.491	-42.7
22.1	-8.536	-23.408	-45.4
22.11	-8.551	-20.164	-53.8
22.12	-8.566	-16.302	-42.6
22.13	-8.581	-12.402	-34.6
22.14	-8.598	-8.988	-34.7
22.15	-8.615	-6.414	-40.0
22.16	-8.633	-4.853	-48.6
22.17	-8.650	-4.184	-51.5
22.18	-8.668	-4.092	-37.9
22.19	-8.684	-4.588	-34.7
22.2	-8.700	-6.080	-49.6
22.21	-8.715	-8.566	-47.1
22.22	-8.731	-11.597	-24.2
22.23	-8.746	-14.838	-18.6
22.24	-8.761	-17.994	-43.6
22.25	-8.777	-20.959	-53.7
22.26	-8.792	-23.445	-35.5
22.27	-8.807	-24.845	-39.6
22.28	-8.822	-25.509	-43.9
22.29	-8.838	-26.195	-39.0
22.3	-8.854	-26.570	-43.4
22.31	-8.871	-26.211	-31.9
22.32	-8.887	-25.588	-23.5
22.33	-8.903	-25.077	-35.5
22.34	-8.919	-24.383	-42.2
22.35	-8.934	-23.258	-33.1
22.36	-8.949	-22.164	-25.5
22.37	-8.965	-21.480	-32.1
22.38	-8.981	-20.886	-32.6
22.39	-8.998	-20.331	-33.8
22.4	-9.014	-20.061	-36.1
22.41	-9.031	-20.000	-37.1
22.42	-9.047	-19.927	-24.1
22.43	-9.065	-19.830	-20.9
22.44	-9.082	-19.717	-35.3
22.45	-9.099	-19.416	-35.3
22.46	-9.116	-19.098	-28.9
22.47	-9.133	-18.913	-23.4
22.48	-9.149	-18.747	-30.2
22.49	-9.166	-18.719	-30.7
22.5	-9.181	-18.847	-23.7
22.51	-9.198	-18.911	-26.5
22.52	-9.214	-18.759	-19.9
22.53	-9.229	-18.592	-25.4
22.54	-9.245	-18.617	-32.6
22.55	-9.261	-18.598	-24.3
22.56	-9.279	-18.613	-21.5
22.57	-9.296	-18.917	-23.2
22.58	-9.312	-19.272	-23.5
22.59	-9.328	-19.567	-17.0
22.6	-9.344	-19.858	-18.1
22.61	-9.360	-19.958	-31.8
22.62	-9.376	-19.942	-24.0
22.63	-9.391	-20.141	-16.8
22.64	-9.406	-20.366	-25.8
22.65	-9.420	-20.378	-30.0
22.66	-9.435	-20.486	-18.6
22.67	-9.449	-20.798	-21.2
22.68	-9.462	-20.952	-27.1
22.69	-9.475	-20.802	-4.2
22.7	-9.489	-20.630	-9.3
22.71	-9.504	-20.450	-42.7
22.72	-9.519	-20.175	-33.1
22.73	-9.533	-19.984	-2.6
22.74	-9.546	-19.884	-5.1
22.75	-9.560	-19.931	-29.6
22.76	-9.574	-20.008	-33.4
22.77	-9.587	-19.719	-14.1
22.78	-9.599	-19.353	-6.5
22.79	-9.611	-19.278	-30.7
22.8	-9.624	-19.191	-42.8
22.81	-9.636	-18.981	-18.6
22.82	-9.648	-18.889	9.7
22.83	-9.660	-18.961	-1.5
22.84	-9.673	-18.913	-15.3
22.85	-9.686	-18.550	-0.1
22.86	-9.697	-18.317	9.4
22.87	-9.709	-18.425	8.7
22.88	-9.722	-18.472	18.0
22.89	-9.734	-18.353	25.2
22.9	-9.745	-18.217	5.8
22.91	-9.756	-18.142	-34.3
22.92	-9.766	-18.153	-35.6
22.93	-9.776	-18.150	-11.7
22.94	-9.786	-18.222	-26.4
22.95	-9.797	-18.511	-50.5
22.96	-9.808	-18.713	-43.9
22.97	-9.819	-18.512	-25.2
22.98	-9.828	-18.050	-30.4
22.99	-9.836	-17.736	-42.5
23.0	-9.844	-17.648	-30.0
23.01	-9.854	-17.448	-25.9
23.02	-9.866	-17.134	-24.7
23.03	-9.879	-17.033	-22.4
23.04	-9.891	-17.248	-13.1
23.05	-9.899	-17.509	78.2
23.06	-9.906	-17.656	224.2
23.07	-9.915	-17.897	287.2
23.08	-9.926	-18.267	194.8
23.09	-9.937	-18.559	23.1
23.1	-9.946	-18.522	-54.8
23.11	-9.954	-18.261	-46.8
23.12	-9.961	-18.244	-42.4
23.13	-9.966	-18.492	-43.2
23.14	-9.966	-18.762	-29.9
23.15	-9.961	-19.092	-12.5
23.16	-9.953	-19.545	-28.8
23.17	-9.946	-19.914	-47.4
23.18	-9.941	-19.967	-29.0
23.19	-9.940	-19.647	-7.6
23.2	-9.941	-19.134	-17.2
23.21	-9.942	-18.283	-39.3
23.22	-9.942	-15.631	-28.3
23.23	-9.941	-8.380	-8.4
23.24	-9.941	5.995	-18.7
23.25	-9.940	25.981	-19.1
23.26	-9.941	42.963	7.1
23.27	-9.942	50.133	7.7
23.28	-9.943	51.123	-9.7
23.29	-9.943	51.136	-10.3
23.3	-9.943	51.139	4.0
23.31	-9.944	51.139	15.7
23.32	-9.945	51.131	25.2
23.33	-9.946	50.966	46.2
23.34	-9.946	48.589	65.3
23.35	-9.945	40.531	56.0
23.36	-9.943	27.794	63.8
23.37	-9.939	14.973	89.6
23.38	-9.936	4.436	84.5
23.39	-9.934	-3.755	79.5
23.4	-9.935	-9.600	90.4
23.41	-9.938	-12.817	81.2
23.42	-9.940	-13.873	48.7
23.43	-9.937	-13.350	16.6
23.44	-9.932	-11.725	1.4
23.45	-9.928	-10.263	-17.1
23.46	-9.925	-10.191	-38.7
23.47	-9.919	-11.930	-40.0
23.48	-9.910	-15.503	-37.5
23.49	-9.901	-19.966	-52.1
23.5	-9.891	-23.566	-54.0
23.51	-9.884	-25.278	-39.3
23.52	-9.877	-24.822	-41.7
23.53	-9.870	-22.027	-53.7
23.54	-9.862	-17.614	-46.4
23.55	-9.853	-12.984	-33.8
23.56	-9.842	-8.842	-37.4
23.57	-9.833	-5.159	-45.0
23.58	-9.822	-2.053	-37.5
23.59	-9.811	0.005	-22.3
23.6	-9.799	0.717	-34.0
23.61	-9.784	0.161	-56.5
23.62	-9.766	-1.189	-54.2
23.63	-9.746	-3.073	-39.1
23.64	-9.724	-5.917	-20.2
23.65	-9.702	-9.759	-26.0
23.66	-9.680	-13.853	-43.7
23.67	-9.658	-17.478	-48.9
23.68	-9.636	-20.483	-46.0
23.69	-9.616	-23.131	-40.6
23.7	-9.595	-25.389	-44.4
23.71	-9.575	-26.786	-50.8
23.72	-9.556	-27.161	-48.3
23.73	-9.538	-26.919	-35.1
23.74	-9.521	-26.538	-24.1
23.75	-9.504	-26.095	-34.5
23.76	-9.487	-25.338	-43.0
23.77	-9.470	-24.105	-37.8
23.78	-9.454	-22.809	-41.1
23.79	-9.439	-22.034	-56.1
23.8	-9.425	-21.708	-44.8
23.81	-9.411	-21.469	-19.9
23.82	-9.396	-20.873	-30.4
23.83	-9.383	-19.930	-49.5
23.84	-9.370	-19.344	-34.1
23.85	-9.356	-19.083	-31.5
23.86	-9.342	-18.786	-44.5
23.87	-9.329	-18.530	-34.2
23.88	-9.316	-18.266	-25.2
23.89	-9.303	-18.072	-33.9
23.9	-9.289	-18.042	-38.3
23.91	-9.276	-18.109	-33.6
23.92	-9.262	-18.350	-22.8
23.93	-9.249	-18.692	-26.7
23.94	-9.236	-18.900	-42.0
23.95	-9.224	-18.855	-40.3
23.96	-9.213	-18.609	-32.2
23.97	-9.200	-18.484	-31.6
23.98	-9.189	-18.506	-25.4
23.99	-9.178	-18.550	-20.7
24.0	-9.168	-18.784	-16.4
24.01	-9.159	-19.161	-19.2
24.02	-9.149	-19.534	-39.3
24.03	-9.138	-19.845	-45.8
24.04	-9.127	-20.150	-26.8
24.05	-9.117	-20.577	-20.4
24.06	-9.107	-20.744	-32.7
24.07	-9.097	-20.438	-25.5
24.08	-9.087	-20.183	-13.3
24.09	-9.078	-20.280	-31.5
24.1	-9.068	-20.544	-45.9
24.11	-9.058	-20.766	-23.1
24.12	-9.047	-20.930	-2.1
24.13	-9.037	-21.145	-26.7
24.14	-9.027	-21.367	-40.4
24.15	-9.017	-21.370	-30.6
24.16	-9.007	-21.113	-16.2
24.17	-8.996	-20.936	10.9
24.18	-8.986	-20.989	-0.3
24.19	-8.976	-20.794	-31.8
24.2	-8.966	-20.120	-12.3
24.21	-8.956	-19.617	20.7
24.22	-8.946	-19.572	27.9
24.23	-8.936	-19.344	17.2
24.24	-8.926	-18.805	20.4
24.25	-8.916	-18.520	22.0
24.26	-8.906	-18.586	-27.3
24.27	-8.895	-18.845	-60.5
24.28	-8.886	-19.061	-38.2
24.29	-8.876	-18.877	-9.9
24.3	-8.866	-18.637	-3.4
24.31	-8.856	-18.836	-30.6
24.32	-8.846	-19.156	-60.7
24.33	-8.836	-19.167	-49.1
24.34	-8.825	-18.813	-11.0
24.35	-8.815	-18.342	-3.0
24.36	-8.806	-18.108	-23.3
24.37	-8.799	-18.136	-35.1
24.38	-8.794	-18.247	-14.5
24.39	-8.788	-18.358	-5.3
24.4	-8.779	-18.589	37.0
24.41	-8.767	-18.830	195.3
24.42	-8.752	-18.659	308.4
24.43	-8.740	-18.213	235.3
24.44	-8.730	-18.111	64.8
24.45	-8.722	-18.369	-42.0
24.46	-8.714	-18.609	-44.6
24.47	-8.705	-18.914	-34.3
24.48	-8.697	-19.338	-46.5
24.49	-8.688	-19.695	-41.4
24.5	-8.676	-19.961	-17.3
24.51	-8.662	-20.059	-24.6
24.52	-8.648	-20.014	-34.7
24.53	-8.633	-19.894	-16.2
24.54	-8.617	-19.597	-21.1
24.55	-8.601	-19.177	-37.0
24.56	-8.587	-18.372	-23.1
24.57	-8.572	-15.809	-4.3
24.58	-8.558	-9.289	-12.7
24.59	-8.544	3.367	-21.8
24.6	-8.531	22.130	-9.1
24.61	-8.519	40.198	0.1
24.62	-8.508	49.320	3.4
24.63	-8.498	51.077	-10.7
24.64	-8.489	51.134	-19.8
24.65	-8.481	51.139	-9.8
24.66	-8.473	51.139	10.0
24.67	-8.466	51.136	33.0
24.68	-8.459	51.086	38.2
24.69	-8.453	49.795	30.8
24.7	-8.448	43.802	36.5
24.71	-8.443	32.305	57.8
24.72	-8.436	19.534	69.3
24.73	-8.430	8.761	70.5
24.74	-8.424	0.205	91.3
24.75	-8.419	-6.330	95.1
24.76	-8.416	-10.536	69.7
24.77	-8.414	-12.409	48.2
24.78	-8.412	-12.480	20.9
24.79	-8.409	-11.377	-6.5
24.8	-8.408	-10.181	-17.0
24.81	-8.406	-10.344	-26.1
24.82	-8.403	-12.333	-37.3
24.83	-8.399	-15.922	-48.3
24.84	-8.396	-20.575	-45.4
24.85	-8.393	-24.752	-36.2
24.86	-8.391	-27.011	-42.2
24.87	-8.389	-26.950	-50.7
24.88	-8.387	-24.822	-44.8
24.89	-8.384	-21.145	-40.0
24.9	-8.383	-16.489	-47.8
24.91	-8.381	-11.761	-44.8
24.92	-8.379	-7.741	-38.8
24.93	-8.377	-4.541	-35.8
24.94	-8.377	-2.425	-18.0
24.95	-8.376	-1.656	-22.8
24.96	-8.374	-1.880	-46.0
24.97	-8.371	-2.739	-44.0
24.98	-8.367	-4.339	-33.2
24.99	-8.363	-6.791	-34.9
25.0	-8.359	-9.875	-34.8
25.01	-8.357	-13.378	-31.4
25.02	-8.354	-17.019	-39.0
25.03	-8.351	-20.302	-39.7
25.04	-8.348	-23.145	-24.3
25.05	-8.344	-25.545	-30.5
25.06	-8.341	-26.963	-46.0
25.07	-8.340	-27.338	-42.2
25.08	-8.338	-27.220	-35.0
25.09	-8.337	-26.856	-24.1
25.1	-8.336	-26.370	-22.1
25.11	-8.335	-25.739	-32.8
25.12	-8.334	-24.638	-33.6
25.13	-8.334	-23.358	-37.4
25.14	-8.332	-22.436	-35.5
25.15	-8.331	-21.619	-29.9
25.16	-8.331	-20.814	-32.8
25.17	-8.330	-20.263	-32.7
25.18	-8.330	-19.742	-30.7
25.19	-8.329	-19.280	-27.7
25.2	-8.327	-19.189	-19.9
25.21	-8.326	-19.286	-25.7
25.22	-8.326	-19.277	-31.9
25.23	-8.326	-19.270	-21.5
25.24	-8.327	-19.394	-29.7
25.25	-8.327	-19.227	-42.0
25.26	-8.327	-18.605	-30.8
25.27	-8.328	-18.098	-24.6
25.28	-8.328	-17.911	-24.5
25.29	-8.329	-17.938	-15.7
25.3	-8.329	-18.183	-12.1
25.31	-8.329	-18.475	-27.9
25.32	-8.330	-18.575	-38.1
25.33	-8.331	-18.384	-31.5
25.34	-8.332	-18.163	-27.3
25.35	-8.333	-18.155	-24.4
25.36	-8.335	-18.467	-11.3
25.37	-8.337	-19.080	-9.0
25.38	-8.339	-19.511	-23.5
25.39	-8.340	-19.670	-25.7
25.4	-8.342	-19.863	-22.6
25.41	-8.343	-19.945	-32.8
25.42	-8.344	-19.919	-25.1
25.43	-8.346	-20.056	-10.3
25.44	-8.348	-20.380	-19.9
25.45	-8.349	-20.686	-25.5
25.46	-8.350	-20.744	-6.8
25.47	-8.352	-20.697	-8.1
25.48	-8.354	-20.928	-33.5
25.49	-8.355	-21.008	-34.8
25.5	-8.356	-20.434	-12.9
25.51	-8.357	-19.989	-6.0
25.52	-8.358	-20.047	-24.8
25.53	-8.359	-19.972	-31.1
25.54	-8.361	-19.605	-0.5
25.55	-8.363	-19.186	7.4
25.56	-8.364	-18.900	-30.7
25.57	-8.365	-18.717	-45.5
25.58	-8.366	-18.545	-17.4
25.59	-8.367	-18.645	9.2
25.6	-8.369	-19.119	8.1
25.61	-8.371	-19.455	-16.8
25.62	-8.373	-19.303	-28.3
25.63	-8.375	-18.680	-4.3
25.64	-8.377	-18.144	12.2
25.65	-8.380	-18.267	10.4
25.66	-8.383	-18.306	30.9
25.67	-8.386	-18.172	42.6
25.68	-8.388	-18.484	21.7
25.69	-8.391	-18.741	-9.9
25.7	-8.394	-18.500	-36.4
25.71	-8.397	-18.061	-42.7
25.72	-8.401	-17.936	-40.1
25.73	-8.404	-18.061	-30.6
25.74	-8.409	-18.083	-23.8
25.75	-8.414	-18.109	-24.6
25.76	-8.419	-18.077	-27.5
25.77	-8.423	-17.745	-33.7
25.78	-8.428	-17.459	-28.1
25.79	-8.434	-17.428	-24.9
25.8	-8.444	-17.481	-26.8
25.81	-8.454	-17.591	-17.3
25.82	-8.461	-17.633	-8.5
25.83	-8.464	-17.578	69.3
25.84	-8.465	-17.664	234.3
25.85	-8.466	-17.863	296.7
25.86	-8.472	-17.984	187.9
25.87	-8.479	-18.155	32.5
25.88	-8.488	-18.431	-43.7
25.89	-8.500	-18.553	-51.6
25.9	-8.514	-18.517	-44.8
25.91	-8.527	-18.559	-42.8
25.92	-8.536	-18.773	-46.2
25.93	-8.541	-18.861	-21.9
25.94	-8.544	-18.652	-4.9
25.95	-8.547	-18.577	-21.3
25.96	-8.549	-18.573	-31.1
25.97	-8.551	-18.356	-27.3
25.98	-8.549	-17.627	-30.7
25.99	-8.547	-15.211	-35.7
26.0	-8.547	-9.028	-28.9
26.01	-8.550	3.884	-22.2
26.02	-8.555	23.688	-13.8
26.03	-8.563	41.841	-3.6
26.04	-8.571	49.930	-3.0
26.05	-8.581	51.119	-18.1
26.06	-8.594	51.136	-27.2
26.07	-8.609	51.139	-9.1
26.08	-8.626	51.139	15.9
26.09	-8.644	51.139	15.8
26.1	-8.663	51.128	-6.4
26.11	-8.682	50.847	-5.0
26.12	-8.701	47.747	16.6
26.13	-8.721	38.484	28.3
26.14	-8.739	25.253	44.2
26.15	-8.757	12.867	67.5
26.16	-8.774	3.030	73.9
26.17	-8.791	-3.722	60.5
26.18	-8.809	-7.050	56.9
26.19	-8.828	-7.928	64.1
26.2	-8.849	-7.313	58.6
26.21	-8.869	-5.406	31.8
26.22	-8.889	-3.181	23.0
26.23	-8.908	-2.042	11.2
26.24	-8.928	-3.123	-37.6
26.25	-8.946	-6.467	-55.8
26.26	-8.963	-11.125	-36.8
26.27	-8.979	-16.788	-34.5
26.28	-8.995	-22.223	-44.7
26.29	-9.011	-25.436	-44.4
26.3	-9.026	-26.127	-30.7
26.31	-9.042	-24.705	-29.1
26.32	-9.059	-21.616	-47.8
26.33	-9.076	-17.728	-44.3
26.34	-9.094	-13.748	-14.0
26.35	-9.112	-9.992	-21.8
26.36	-9.130	-6.769	-52.3
26.37	-9.148	-4.425	-54.2
26.38	-9.164	-3.169	-45.9
26.39	-9.180	-3.030	-31.2
26.4	-9.195	-3.833	-31.2
26.41	-9.209	-5.470	-51.0
26.42	-9.223	-8.031	-54.4
26.43	-9.236	-11.313	-33.8
26.44	-9.249	-14.817	-18.4
26.45	-9.261	-18.044	-26.7
26.46	-9.274	-20.872	-39.7
26.47	-9.287	-23.434	-45.2
26.48	-9.300	-25.411	-43.6
26.49	-9.313	-26.464	-34.5
26.5	-9.325	-26.853	-30.2
26.51	-9.338	-26.861	-47.9
26.52	-9.351	-26.589	-61.6
26.53	-9.364	-26.422	-46.0
26.54	-9.377	-26.378	-20.0
26.55	-9.389	-26.108	-19.3
26.56	-9.400	-25.588	-37.9
26.57	-9.411	-24.747	-38.8
26.58	-9.422	-23.534	-17.2
26.59	-9.434	-22.339	-22.7
26.6	-9.447	-21.614	-44.4
26.61	-9.461	-21.231	-30.9
26.62	-9.473	-20.728	-22.7
26.63	-9.485	-20.094	-35.2
26.64	-9.497	-19.542	-39.2
26.65	-9.509	-19.045	-31.5
26.66	-9.521	-18.606	-25.6
26.67	-9.533	-18.258	-29.3
26.68	-9.543	-18.108	-21.3
26.69	-9.554	-18.273	-20.6
26.7	-9.566	-18.434	-35.0
26.71	-9.576	-18.361	-32.0
26.72	-9.587	-18.314	-21.0
26.73	-9.596	-18.319	-26.6
26.74	-9.606	-18.280	-26.3
26.75	-9.616	-18.291	-24.6
26.76	-9.626	-18.411	-36.3
26.77	-9.637	-18.647	-30.0
26.78	-9.649	-18.939	-13.7
26.79	-9.661	-19.091	-16.0
26.8	-9.672	-19.102	-26.0
26.81	-9.683	-19.191	-17.3
26.82	-9.691	-19.564	-15.2
26.83	-9.700	-20.100	-27.2
26.84	-9.709	-20.444	-24.1
26.85	-9.717	-20.763	-23.7
26.86	-9.725	-21.111	-38.2
26.87	-9.733	-20.884	-35.5
26.88	-9.742	-20.350	-10.5
26.89	-9.750	-20.303	-15.4
26.9	-9.758	-20.448	-38.3
26.91	-9.766	-20.392	-29.6
26.92	-9.774	-20.445	-16.7
26.93	-9.781	-20.617	-29.1
26.94	-9.789	-20.614	-32.9
26.95	-9.796	-20.323	-20.7
26.96	-9.805	-19.889	-22.4
26.97	-9.814	-19.573	-26.7
26.98	-9.824	-19.427	-18.7
26.99	-9.832	-19.372	-19.8
27.0	-9.841	-19.177	-23.0
27.01	-9.849	-18.762	-14.1
27.02	-9.857	-18.602	-5.2
27.03	-9.866	-18.897	-1.9
27.04	-9.876	-19.164	13.3
27.05	-9.885	-19.091	41.0
27.06	-9.895	-18.889	25.5
27.07	-9.906	-18.867	-12.2
27.08	-9.916	-19.000	-17.1
27.09	-9.927	-18.917	-22.9
27.1	-9.938	-18.575	-37.9
27.11	-9.946	-18.252	-38.5
27.12	-9.953	-17.950	-29.9
27.13	-9.959	-18.173	-17.2
27.14	-9.965	-18.086	-1.9
27.15	-9.971	-16.825	-12.3
27.16	-9.977	-16.719	-43.4
27.17	-9.982	-17.578	-49.4
27.18	-9.989	-17.477	-30.6
27.19	-9.997	-16.939	-29.0
27.2	-10.005	-16.911	-32.3
27.21	-10.011	-17.261	-23.8
27.22	-10.013	-17.203	14.3
27.23	-10.010	-17.103	148.6
27.24	-10.005	-17.330	285.0
27.25	-10.000	-17.759	254.2
27.26	-9.994	-18.306	93.5
27.27	-9.984	-18.575	-38.1
27.28	-9.967	-18.519	-67.3
27.29	-9.944	-18.200	-43.1
27.3	-9.917	-17.538	-19.5
27.31	-9.888	-17.163	-14.9
27.32	-9.853	-17.356	-19.3
27.33	-9.811	-17.650	-20.5
27.34	-9.768	-17.827	-16.6
27.35	-9.724	-17.958	-13.6
27.36	-9.685	-18.192	-14.1
27.37	-9.649	-18.369	-14.5
27.38	-9.616	-18.284	-11.8
27.39	-9.584	-17.719	-3.6
27.4	-9.553	-15.264	0.1
27.41	-9.523	-8.261	2.1
27.42	-9.494	5.389	5.9
27.43	-9.466	24.731	9.5
27.44	-9.440	42.089	12.3
27.45	-9.414	49.931	7.7
27.46	-9.391	51.117	7.1
27.47	-9.367	51.136	14.2
27.48	-9.344	51.139	20.7
27.49	-9.322	51.139	28.5
27.5	-9.302	51.136	40.6
27.51	-9.283	51.077	54.0
27.52	-9.264	49.589	66.5
27.53	-9.246	42.966	72.3
27.54	-9.227	30.947	80.2
27.55	-9.208	18.616	94.4
27.56	-9.191	10.328	102.9
27.57	-9.176	6.500	99.5
27.58	-9.166	3.139	84.2
27.59	-9.156	-2.130	66.4
27.6	-9.144	0.430	47.0
27.61	-9.132	15.308	26.8
27.62	-9.120	21.936	-7.1
27.63	-9.109	10.780	-50.0
27.64	-9.097	-4.317	-63.1
27.65	-9.084	-16.683	-59.1
27.66	-9.069	-26.491	-63.2
27.67	-9.055	-33.211	-66.2
27.68	-9.042	-35.953	-56.6
27.69	-9.030	-34.633	-39.9
27.7	-9.019	-31.484	-38.2
27.71	-9.008	-27.533	-38.2
27.72	-8.999	-22.142	-38.7
27.73	-8.990	-15.747	-45.4
27.74	-8.980	-9.973	-42.7
27.75	-8.971	-6.186	-35.7
27.76	-8.961	-3.861	-36.3
27.77	-8.951	-2.561	-35.1
27.78	-8.939	-2.906	-28.4
27.79	-8.928	-4.520	-31.5
27.8	-8.916	-6.803	-25.6
27.81	-8.904	-9.744	-24.4
27.82	-8.893	-13.492	-46.5
27.83	-8.881	-18.313	-53.1
27.84	-8.869	-23.730	-43.0
27.85	-8.859	-28.973	-40.8
27.86	-8.848	-33.678	-40.9
27.87	-8.838	-36.895	-33.1
27.88	-8.828	-37.689	-29.7
27.89	-8.819	-36.642	-33.3
27.9	-8.809	-35.323	-34.0
27.91	-8.800	-34.456	-37.6
27.92	-8.791	-33.517	-43.7
27.93	-8.783	-31.892	-41.2
27.94	-8.774	-29.831	-37.2
27.95	-8.765	-27.917	-45.0
27.96	-8.756	-26.209	-49.5
27.97	-8.746	-24.533	-34.8
27.98	-8.738	-23.289	-24.2
27.99	-8.730	-22.436	-39.3
28.0	-8.722	-21.048	-49.8
28.01	-8.715	-19.767	-41.5
28.02	-8.708	-19.531	-37.7
28.03	-8.701	-19.841	-39.5
28.04	-8.693	-20.230	-28.0
28.05	-8.686	-20.505	-21.5
28.06	-8.679	-20.519	-34.8
28.07	-8.672	-20.114	-45.9
28.08	-8.664	-19.331	-45.7
28.09	-8.658	-18.670	-35.2
28.1	-8.651	-18.344	-21.7
28.11	-8.644	-18.136	-20.0
28.12	-8.638	-17.786	-37.3
28.13	-8.631	-17.283	-36.2
28.14	-8.624	-16.952	-22.1
28.15	-8.618	-16.956	-29.1
28.16	-8.612	-17.095	-29.5
28.17	-8.607	-17.256	-28.4
28.18	-8.602	-17.461	-30.3
28.19	-8.597	-17.605	-22.5
28.2	-8.592	-17.652	-22.7
28.21	-8.587	-17.759	-32.5
28.22	-8.582	-18.002	-32.9
28.23	-8.578	-18.370	-34.8
28.24	-8.573	-18.817	-32.7
28.25	-8.569	-19.166	-17.9
28.26	-8.564	-19.469	-21.3
28.27	-8.560	-19.745	-28.8
28.28	-8.556	-19.677	-24.2
28.29	-8.551	-19.558	-13.8
28.3	-8.546	-19.813	-4.4
28.31	-8.541	-19.959	-21.0
28.32	-8.537	-19.798	-29.2
28.33	-8.533	-19.663	0.3
28.34	-8.530	-19.573	31.7
28.35	-8.527	-19.359	34.7
28.36	-8.524	-19.092	11.8
28.37	-8.519	-19.030	-8.8
28.38	-8.514	-18.925	-27.2
28.39	-8.511	-18.195	-29.7
28.4	-8.508	-17.983	-19.7
28.41	-8.505	-17.094	-30.4
28.42	-8.503	-12.375	-36.9
28.43	-8.501	-7.528	-26.7
28.44	-8.498	-6.939	-23.1
