Interval=	0.01 s
ExcelDateTime=	3.9777530146083438e+004	25/11/2008 12:43:24.621609
TimeFormat=	StartOfBlock
ChannelTitle=	Channel 1	Channel 2	Channel 3
Range=	20.000 mV	50.000 mV	500.0 µV
0.0	-8.646	-11.925	-14.8
0.01	-8.668	-12.761	-48.9
0.02	-8.691	-13.383	-39.0
0.03	-8.713	-13.203	-27.8
0.04	-8.736	-12.572	-27.5
0.05	-8.759	-12.438	-25.5
0.06	-8.783	-12.656	-13.6
0.07	-8.808	-12.509	-12.7
0.08	-8.832	-12.131	-22.6
0.09	-8.856	-12.106	-10.6
0.1	-8.881	-12.417	-2.4
0.11	-8.904	-12.608	-18.8
0.12	-8.926	-12.439	-29.8
0.13	-8.948	-12.120	-22.2
0.14	-8.970	-11.977	-17.5
0.15	-8.992	-12.119	-21.5
0.16	-9.013	-12.555	0.1
0.17	-9.035	-13.158	29.1
0.18	-9.057	-13.623	22.7
0.19	-9.078	-13.870	22.1
0.2	-9.099	-14.147	42.0
0.21	-9.119	-14.489	13.9
0.22	-9.138	-14.452	-20.3
0.23	-9.156	-13.938	-16.3
0.24	-9.174	-13.591	-21.3
0.25	-9.191	-13.677	-28.0
0.26	-9.210	-13.878	-19.1
0.27	-9.229	-14.136	-25.8
0.28	-9.247	-14.511	-40.3
0.29	-9.263	-14.719	-33.0
0.3	-9.279	-14.531	-19.7
0.31	-9.294	-14.198	-24.8
0.32	-9.311	-13.928	-24.4
0.33	-9.331	-13.578	-17.2
0.34	-9.351	-13.223	-19.4
0.35	-9.369	-13.102	-9.3
0.36	-9.385	-12.956	76.8
0.37	-9.400	-12.588	230.8
0.38	-9.418	-12.423	292.0
0.39	-9.439	-12.873	179.6
0.4	-9.461	-13.816	18.1
0.41	-9.482	-14.605	-50.9
0.42	-9.503	-14.697	-36.5
0.43	-9.525	-14.281	-23.8
0.44	-9.544	-13.945	-19.0
0.45	-9.558	-14.127	-26.6
0.46	-9.567	-14.627	-34.9
0.47	-9.573	-14.736	-18.1
0.48	-9.579	-14.355	-15.6
0.49	-9.586	-14.117	-33.0
0.5	-9.594	-14.313	-30.4
0.51	-9.603	-14.519	-9.3
0.52	-9.612	-13.881	-2.7
0.53	-9.622	-11.272	-14.4
0.54	-9.633	-5.531	-15.9
0.55	-9.644	3.684	-11.5
0.56	-9.656	14.689	-1.1
0.57	-9.669	24.272	2.2
0.58	-9.684	30.234	-5.4
0.59	-9.698	31.966	-3.2
0.6	-9.712	29.627	12.9
0.61	-9.725	24.484	23.6
0.62	-9.738	18.019	18.2
0.63	-9.752	10.831	24.7
0.64	-9.767	3.352	47.3
0.65	-9.783	-3.605	61.4
0.66	-9.799	-9.373	69.2
0.67	-9.814	-13.448	71.5
0.68	-9.830	-15.744	73.7
0.69	-9.848	-17.111	90.4
0.7	-9.867	-17.861	97.8
0.71	-9.888	-17.484	77.1
0.72	-9.909	-16.219	51.4
0.73	-9.930	-14.756	13.4
0.74	-9.949	-13.394	-17.9
0.75	-9.966	-12.184	-21.6
0.76	-9.982	-11.311	-30.5
0.77	-9.996	-10.964	-41.8
0.78	-10.009	-11.320	-30.9
0.79	-10.020	-12.580	-32.8
0.8	-10.031	-14.498	-43.9
0.81	-10.041	-16.177	-33.2
0.82	-10.052	-16.583	-27.9
0.83	-10.064	-15.577	-31.6
0.84	-10.079	-13.992	-34.0
0.85	-10.094	-12.341	-49.5
0.86	-10.111	-10.594	-50.6
0.87	-10.128	-8.980	-35.2
0.88	-10.144	-7.752	-31.4
0.89	-10.158	-6.798	-37.4
0.9	-10.169	-6.098	-30.2
0.91	-10.178	-6.080	-32.6
0.92	-10.184	-6.905	-42.1
0.93	-10.189	-8.113	-38.7
0.94	-10.192	-9.388	-36.4
0.95	-10.196	-10.500	-41.1
0.96	-10.200	-11.150	-42.3
0.97	-10.204	-11.514	-37.0
0.98	-10.208	-11.991	-35.3
0.99	-10.211	-12.795	-32.7
1.0	-10.217	-13.884	-33.6
1.01	-10.223	-14.692	-46.7
1.02	-10.229	-14.633	-40.7
1.03	-10.236	-14.166	-31.3
1.04	-10.242	-14.194	-37.5
1.05	-10.248	-14.319	-37.1
1.06	-10.253	-13.950	-33.5
1.07	-10.258	-13.786	-30.6
1.08	-10.264	-14.070	-27.8
1.09	-10.271	-13.869	-33.4
1.1	-10.279	-12.842	-40.9
1.11	-10.286	-11.845	-39.4
1.12	-10.294	-11.714	-23.2
1.13	-10.302	-12.069	-20.9
1.14	-10.308	-12.175	-38.2
1.15	-10.313	-12.038	-40.0
1.16	-10.317	-12.013	-32.5
1.17	-10.321	-12.469	-31.7
1.18	-10.324	-13.170	-34.8
1.19	-10.328	-13.291	-30.3
1.2	-10.333	-12.820	-16.0
1.21	-10.337	-12.492	-20.5
1.22	-10.341	-12.542	-28.9
1.23	-10.344	-12.680	-25.0
1.24	-10.349	-12.530	-27.8
1.25	-10.354	-11.942	-34.5
1.26	-10.357	-11.275	-23.3
1.27	-10.359	-10.983	-24.6
1.28	-10.363	-11.106	-32.8
1.29	-10.364	-11.392	-17.3
1.3	-10.365	-11.700	-8.3
1.31	-10.364	-12.095	-11.0
1.32	-10.362	-12.506	-4.2
1.33	-10.361	-12.669	5.6
1.34	-10.359	-12.570	18.8
1.35	-10.358	-12.609	28.8
1.36	-10.358	-12.975	16.6
1.37	-10.357	-13.063	-9.1
1.38	-10.356	-12.303	-23.3
1.39	-10.354	-11.328	-40.4
1.4	-10.353	-11.198	-47.8
1.41	-10.351	-11.948	-31.6
1.42	-10.349	-12.719	-23.3
1.43	-10.345	-12.797	-22.4
1.44	-10.341	-12.205	-30.8
1.45	-10.336	-11.502	-48.2
1.46	-10.332	-11.147	-49.5
1.47	-10.329	-11.086	-37.6
1.48	-10.330	-11.125	-18.1
1.49	-10.334	-11.295	-14.9
1.5	-10.339	-11.603	-29.6
1.51	-10.338	-12.105	-31.6
1.52	-10.332	-12.745	27.8
1.53	-10.324	-13.161	154.1
1.54	-10.319	-13.248	234.0
1.55	-10.314	-13.041	170.9
1.56	-10.308	-12.461	31.4
1.57	-10.293	-11.764	-49.0
1.58	-10.271	-11.375	-54.6
1.59	-10.249	-11.431	-43.3
1.6	-10.231	-11.761	-30.7
1.61	-10.211	-12.077	-26.0
1.62	-10.185	-12.389	-30.9
1.63	-10.150	-13.003	-26.7
1.64	-10.111	-13.747	-11.4
1.65	-10.073	-14.138	-11.8
1.66	-10.039	-14.313	-19.0
1.67	-10.009	-14.525	-18.0
1.68	-9.982	-14.466	-8.3
1.69	-9.957	-13.880	-13.7
1.7	-9.933	-12.602	-18.0
1.71	-9.908	-9.445	-8.8
1.72	-9.884	-3.111	-2.0
1.73	-9.861	5.842	11.5
1.74	-9.839	15.188	11.6
1.75	-9.818	22.445	2.7
1.76	-9.794	26.181	14.0
1.77	-9.771	26.611	18.8
1.78	-9.748	24.542	17.5
1.79	-9.724	20.291	34.6
1.8	-9.703	14.416	56.8
1.81	-9.682	8.119	73.2
1.82	-9.661	2.209	86.5
1.83	-9.641	-3.278	86.3
1.84	-9.619	-8.283	89.5
1.85	-9.599	-12.358	95.4
1.86	-9.582	-15.069	84.8
1.87	-9.574	-16.313	59.2
1.88	-9.569	-16.658	37.0
1.89	-9.563	-16.934	11.5
1.9	-9.550	-17.173	-14.8
1.91	-9.537	-16.867	-28.5
1.92	-9.528	-16.136	-36.8
1.93	-9.519	-15.536	-47.0
1.94	-9.508	-15.416	-61.8
1.95	-9.496	-16.053	-63.1
1.96	-9.486	-17.316	-42.2
1.97	-9.475	-18.306	-41.9
1.98	-9.465	-18.150	-48.8
1.99	-9.454	-16.677	-44.7
2.0	-9.444	-14.206	-39.6
2.01	-9.433	-11.219	-43.0
2.02	-9.422	-8.313	-44.8
2.03	-9.409	-6.097	-27.2
2.04	-9.396	-4.833	-26.2
2.05	-9.381	-4.286	-41.0
2.06	-9.366	-4.048	-33.1
2.07	-9.350	-4.044	-33.4
2.08	-9.334	-4.672	-40.8
2.09	-9.316	-6.105	-28.5
2.1	-9.298	-8.000	-32.8
2.11	-9.279	-9.902	-45.8
2.12	-9.262	-11.505	-37.1
2.13	-9.245	-12.844	-41.2
2.14	-9.229	-13.973	-52.4
2.15	-9.213	-14.823	-42.6
2.16	-9.196	-15.409	-27.1
2.17	-9.179	-15.806	-27.1
2.18	-9.160	-16.117	-40.4
2.19	-9.142	-16.250	-48.8
2.2	-9.124	-15.991	-39.4
2.21	-9.105	-15.273	-43.8
2.22	-9.086	-14.189	-53.5
2.23	-9.068	-13.314	-39.0
2.24	-9.051	-13.180	-21.6
2.25	-9.034	-13.392	-24.9
2.26	-9.018	-13.427	-37.2
2.27	-9.000	-13.422	-30.9
2.28	-8.982	-13.695	-36.2
2.29	-8.966	-13.969	-49.9
2.3	-8.949	-13.753	-33.8
2.31	-8.931	-13.431	-31.0
2.32	-8.915	-13.409	-41.7
2.33	-8.899	-13.116	-34.5
2.34	-8.883	-12.370	-18.8
2.35	-8.868	-11.917	-22.0
2.36	-8.853	-12.022	-40.7
2.37	-8.839	-12.145	-35.4
2.38	-8.825	-11.966	-21.3
2.39	-8.811	-11.823	-36.8
2.4	-8.797	-12.023	-39.8
2.41	-8.784	-12.309	-28.5
2.42	-8.771	-12.572	-30.3
2.43	-8.758	-12.998	-25.4
2.44	-8.745	-13.459	-15.8
2.45	-8.732	-13.841	-24.1
2.46	-8.720	-14.339	-29.9
2.47	-8.709	-14.756	-9.4
2.48	-8.698	-14.473	11.2
2.49	-8.688	-13.544	20.6
2.5	-8.678	-12.792	23.9
2.51	-8.669	-12.602	14.0
2.52	-8.660	-12.545	0.0
2.53	-8.650	-12.108	-16.9
2.54	-8.639	-11.480	-39.5
2.55	-8.629	-11.561	-52.2
2.56	-8.619	-12.572	-40.1
2.57	-8.609	-13.766	-29.9
2.58	-8.600	-14.806	-32.0
2.59	-8.590	-15.600	-39.4
2.6	-8.580	-15.652	-40.1
2.61	-8.569	-14.722	-35.2
2.62	-8.559	-13.183	-43.7
2.63	-8.549	-11.839	-44.8
2.64	-8.543	-11.175	-31.0
2.65	-8.537	-10.769	-27.1
2.66	-8.531	-10.156	-16.3
2.67	-8.521	-9.702	33.5
2.68	-8.505	-9.763	152.2
2.69	-8.489	-10.044	250.9
2.7	-8.478	-10.467	201.5
2.71	-8.469	-11.175	49.0
2.72	-8.462	-11.845	-54.6
2.73	-8.454	-12.214	-63.1
2.74	-8.448	-12.703	-40.2
2.75	-8.441	-13.539	-31.1
2.76	-8.430	-13.905	-31.8
2.77	-8.414	-13.170	-35.0
2.78	-8.395	-12.353	-47.2
2.79	-8.374	-12.536	-44.1
2.8	-8.354	-13.131	-19.3
2.81	-8.336	-13.167	-13.9
2.82	-8.319	-12.634	-24.0
2.83	-8.303	-11.850	-22.5
2.84	-8.287	-10.531	-16.3
2.85	-8.271	-7.405	-24.6
2.86	-8.258	-0.722	-30.8
2.87	-8.244	9.450	-18.2
2.88	-8.231	20.159	-8.8
2.89	-8.219	28.314	-16.3
2.9	-8.208	32.647	-10.5
2.91	-8.197	33.044	2.1
2.92	-8.187	30.033	4.0
2.93	-8.178	24.459	3.6
2.94	-8.168	17.252	11.5
2.95	-8.161	9.494	23.0
2.96	-8.154	2.211	34.0
2.97	-8.148	-4.095	44.2
2.98	-8.141	-9.070	56.0
2.99	-8.134	-12.061	69.8
3.0	-8.128	-13.231	79.4
3.01	-8.123	-13.839	67.9
3.02	-8.121	-14.544	41.1
3.03	-8.121	-14.691	27.0
3.04	-8.121	-13.531	14.1
3.05	-8.121	-11.641	-9.0
3.06	-8.122	-10.342	-27.0
3.07	-8.122	-10.019	-36.1
3.08	-8.122	-10.372	-36.3
3.09	-8.121	-11.502	-40.5
3.1	-8.119	-13.527	-42.5
3.11	-8.117	-15.781	-46.0
3.12	-8.115	-17.261	-47.9
3.13	-8.114	-17.447	-42.5
3.14	-8.114	-16.363	-46.7
3.15	-8.114	-14.627	-57.4
3.16	-8.114	-13.027	-53.1
3.17	-8.114	-11.597	-34.9
3.18	-8.116	-10.066	-34.0
3.19	-8.117	-8.628	-50.9
3.2	-8.117	-7.339	-55.9
3.21	-8.117	-6.167	-47.0
3.22	-8.116	-5.756	-26.9
3.23	-8.113	-6.413	-26.7
3.24	-8.111	-7.430	-48.6
3.25	-8.109	-8.269	-52.9
3.26	-8.107	-9.172	-42.5
3.27	-8.105	-10.453	-43.6
3.28	-8.103	-11.773	-45.7
3.29	-8.099	-12.869	-40.4
3.3	-8.094	-13.970	-33.6
3.31	-8.088	-14.945	-40.7
3.32	-8.084	-15.489	-46.3
3.33	-8.081	-15.708	-43.3
3.34	-8.079	-15.689	-39.5
3.35	-8.075	-15.289	-32.7
3.36	-8.071	-14.683	-39.8
3.37	-8.069	-14.350	-46.6
3.38	-8.066	-14.181	-37.1
3.39	-8.063	-13.591	-33.4
3.4	-8.060	-12.702	-32.7
3.41	-8.058	-12.183	-38.5
3.42	-8.057	-12.273	-45.8
3.43	-8.056	-12.595	-30.6
3.44	-8.056	-12.741	-16.5
3.45	-8.054	-12.758	-26.3
3.46	-8.053	-12.602	-42.0
3.47	-8.051	-12.363	-43.0
3.48	-8.050	-12.428	-36.3
3.49	-8.049	-12.403	-39.9
3.5	-8.049	-11.989	-32.7
3.51	-8.049	-11.859	-24.8
3.52	-8.049	-12.292	-20.8
3.53	-8.048	-12.614	-18.5
3.54	-8.047	-12.438	-29.0
3.55	-8.047	-12.170	-36.5
3.56	-8.046	-12.077	-35.6
3.57	-8.046	-11.794	-33.2
3.58	-8.047	-11.194	-25.7
3.59	-8.047	-10.948	-23.5
3.6	-8.047	-11.641	-31.0
3.61	-8.047	-12.772	-32.3
3.62	-8.049	-13.173	-24.6
3.63	-8.050	-12.616	-24.6
3.64	-8.051	-12.217	-24.5
3.65	-8.053	-12.714	-29.7
3.66	-8.054	-13.597	-21.0
3.67	-8.055	-14.198	-10.7
3.68	-8.056	-14.423	-24.5
3.69	-8.058	-14.128	-28.3
3.7	-8.059	-13.325	-28.2
3.71	-8.061	-12.956	-31.1
3.72	-8.061	-13.472	-25.5
3.73	-8.061	-14.077	-22.1
3.74	-8.061	-14.397	-13.6
3.75	-8.063	-14.669	-13.5
3.76	-8.064	-14.573	-17.5
3.77	-8.065	-13.917	-20.0
3.78	-8.066	-13.578	-6.1
3.79	-8.068	-14.047	23.0
3.8	-8.070	-14.583	32.2
3.81	-8.071	-14.580	29.8
3.82	-8.073	-14.386	15.8
3.83	-8.075	-14.477	-16.6
3.84	-8.077	-14.677	-32.1
3.85	-8.079	-14.348	-28.6
3.86	-8.081	-13.309	-37.9
3.87	-8.084	-12.409	-40.8
3.88	-8.086	-12.492	-27.8
3.89	-8.088	-13.244	-33.3
3.9	-8.089	-13.766	-33.3
3.91	-8.091	-13.711	-25.2
3.92	-8.091	-13.436	-31.3
3.93	-8.093	-13.266	-27.1
3.94	-8.098	-13.148	-24.4
3.95	-8.105	-13.078	-34.4
3.96	-8.111	-13.080	-25.9
3.97	-8.113	-13.081	10.3
3.98	-8.113	-13.178	128.6
3.99	-8.113	-13.366	252.7
4.0	-8.114	-13.658	230.8
4.01	-8.117	-14.172	98.9
4.02	-8.122	-14.550	-12.5
4.03	-8.133	-14.395	-44.3
4.04	-8.148	-14.033	-42.3
4.05	-8.165	-13.923	-37.8
4.06	-8.180	-14.025	-33.5
4.07	-8.191	-14.052	-25.9
4.08	-8.203	-13.839	-22.2
4.09	-8.216	-13.520	-27.9
4.1	-8.232	-13.258	-24.8
4.11	-8.247	-13.103	-33.3
4.12	-8.261	-13.100	-31.8
4.13	-8.275	-12.719	-21.9
4.14	-8.289	-10.425	-23.0
4.15	-8.304	-4.295	-12.3
4.16	-8.321	6.095	-7.3
4.17	-8.339	18.098	-19.4
4.18	-8.359	27.866	-21.9
4.19	-8.381	33.767	-11.3
4.2	-8.404	36.083	-5.5
4.21	-8.431	35.053	-13.8
4.22	-8.458	30.877	-9.0
4.23	-8.488	24.239	9.5
4.24	-8.517	16.297	15.6
4.25	-8.546	8.152	19.1
4.26	-8.575	0.698	28.7
4.27	-8.603	-5.403	34.6
4.28	-8.629	-10.005	45.3
4.29	-8.654	-13.239	49.9
4.3	-8.679	-15.114	71.0
4.31	-8.703	-15.611	90.1
4.32	-8.729	-14.861	72.2
4.33	-8.757	-13.108	56.0
4.34	-8.787	-10.980	34.0
4.35	-8.818	-9.430	5.3
4.36	-8.847	-8.766	-2.3
4.37	-8.874	-8.606	-13.9
4.38	-8.901	-9.053	-26.2
4.39	-8.926	-10.730	-24.9
4.4	-8.947	-13.434	-26.7
4.41	-8.966	-15.898	-30.5
4.42	-8.984	-17.325	-24.8
4.43	-9.001	-18.023	-28.0
4.44	-9.020	-18.069	-35.5
4.45	-9.040	-16.908	-38.1
4.46	-9.061	-14.755	-39.0
4.47	-9.082	-12.722	-37.0
4.48	-9.104	-11.352	-29.9
4.49	-9.127	-10.336	-36.2
4.5	-9.149	-9.402	-42.0
4.51	-9.168	-8.516	-35.2
4.52	-9.187	-7.683	-37.2
4.53	-9.205	-6.952	-40.7
4.54	-9.222	-6.494	-29.5
4.55	-9.237	-6.783	-27.9
4.56	-9.251	-8.125	-35.5
4.57	-9.264	-10.113	-35.4
4.58	-9.278	-12.127	-29.5
4.59	-9.293	-13.864	-29.7
4.6	-9.307	-15.203	-37.1
4.61	-9.322	-16.148	-34.9
4.62	-9.336	-16.745	-24.9
4.63	-9.352	-16.700	-30.2
4.64	-9.367	-15.889	-39.0
4.65	-9.383	-14.978	-35.4
4.66	-9.398	-14.597	-25.9
4.67	-9.411	-14.548	-18.2
4.68	-9.424	-14.256	-13.0
4.69	-9.436	-13.594	-22.3
4.7	-9.446	-13.169	-41.1
4.71	-9.457	-13.220	-35.5
4.72	-9.469	-13.086	-16.4
4.73	-9.481	-12.605	-19.8
4.74	-9.492	-12.442	-25.5
4.75	-9.504	-12.753	-23.7
4.76	-9.516	-13.042	-28.5
4.77	-9.527	-13.167	-31.2
4.78	-9.540	-13.309	-21.0
4.79	-9.552	-13.420	-17.5
4.8	-9.564	-13.483	-20.0
4.81	-9.576	-13.334	-21.3
4.82	-9.587	-12.798	-24.0
4.83	-9.597	-12.289	-16.3
4.84	-9.606	-12.050	-9.8
4.85	-9.616	-12.005	-11.2
4.86	-9.625	-12.088	-14.7
4.87	-9.634	-12.198	-29.4
4.88	-9.644	-12.477	-28.3
4.89	-9.654	-12.944	-25.0
4.9	-9.663	-13.370	-22.3
4.91	-9.671	-13.753	-10.4
4.92	-9.679	-14.152	-13.3
4.93	-9.688	-14.363	-9.7
4.94	-9.697	-14.200	-6.1
4.95	-9.707	-13.859	-20.7
4.96	-9.716	-13.720	-24.4
4.97	-9.724	-13.897	-16.5
4.98	-9.733	-14.203	-1.9
4.99	-9.741	-14.513	-4.3
5.0	-9.750	-14.761	-24.0
5.01	-9.758	-14.666	-26.5
5.02	-9.767	-14.136	-16.8
5.03	-9.776	-13.691	-14.7
5.04	-9.783	-13.642	-14.2
5.05	-9.789	-13.641	-12.0
5.06	-9.796	-13.497	-4.9
5.07	-9.803	-13.228	-1.0
5.08	-9.809	-12.709	-7.9
5.09	-9.815	-12.266	-14.0
5.1	-9.822	-12.445	0.8
5.11	-9.831	-13.113	18.8
5.12	-9.839	-13.597	26.9
5.13	-9.848	-13.594	27.8
5.14	-9.856	-13.470	20.4
5.15	-9.863	-13.556	10.7
5.16	-9.869	-13.791	-1.2
5.17	-9.875	-14.045	-15.6
5.18	-9.882	-14.159	-28.1
5.19	-9.890	-13.978	-33.8
5.2	-9.898	-13.727	-27.9
5.21	-9.907	-13.873	-27.6
5.22	-9.916	-14.316	-29.0
5.23	-9.924	-14.200	-21.7
5.24	-9.931	-13.419	-19.7
5.25	-9.938	-13.011	-24.4
5.26	-9.945	-13.302	-19.0
5.27	-9.956	-13.253	-18.9
5.28	-9.969	-12.205	-29.4
5.29	-9.982	-11.136	-35.0
5.3	-9.992	-11.086	13.8
5.31	-9.999	-11.608	157.4
5.32	-10.005	-12.041	285.7
5.33	-10.012	-12.542	242.9
5.34	-10.018	-13.194	73.8
5.35	-10.024	-13.519	-35.8
5.36	-10.028	-13.328	-59.9
5.37	-10.030	-12.947	-55.1
5.38	-10.029	-12.772	-18.3
5.39	-10.024	-13.034	-3.0
5.4	-10.010	-13.477	-13.7
5.41	-9.990	-13.741	-21.8
5.42	-9.968	-13.816	-23.4
5.43	-9.948	-13.878	-23.6
5.44	-9.933	-14.158	-27.5
5.45	-9.922	-14.567	-27.9
5.46	-9.913	-14.598	-12.8
5.47	-9.904	-13.783	2.0
5.48	-9.893	-11.572	-5.3
5.49	-9.881	-6.752	-7.6
5.5	-9.867	1.791	2.6
5.51	-9.855	12.959	-2.9
5.52	-9.844	23.436	-3.9
5.53	-9.833	30.538	9.0
5.54	-9.821	33.386	17.4
5.55	-9.808	32.192	19.7
5.56	-9.796	28.058	24.6
5.57	-9.784	22.230	32.9
5.58	-9.775	15.372	46.2
5.59	-9.767	7.950	59.1
5.6	-9.758	0.797	70.8
5.61	-9.748	-5.209	81.0
5.62	-9.735	-9.858	84.4
5.63	-9.724	-13.188	93.8
5.64	-9.717	-15.123	105.0
5.65	-9.720	-16.069	78.6
5.66	-9.728	-16.406	46.8
5.67	-9.732	-16.177	29.9
5.68	-9.726	-15.583	9.3
5.69	-9.716	-14.888	-16.1
5.7	-9.706	-14.483	-28.6
5.71	-9.695	-14.547	-44.5
5.72	-9.681	-14.759	-57.8
5.73	-9.666	-14.873	-41.3
5.74	-9.653	-15.031	-42.4
5.75	-9.641	-15.502	-50.9
5.76	-9.628	-15.995	-35.4
5.77	-9.616	-15.758	-30.8
5.78	-9.602	-14.570	-38.0
5.79	-9.588	-12.942	-44.7
5.8	-9.574	-11.436	-43.7
5.81	-9.558	-10.097	-44.8
5.82	-9.543	-8.650	-38.8
5.83	-9.526	-7.211	-28.5
5.84	-9.508	-6.373	-36.5
5.85	-9.489	-6.333	-34.2
5.86	-9.467	-6.661	-21.3
5.87	-9.444	-7.227	-36.8
5.88	-9.421	-8.380	-51.8
5.89	-9.396	-10.048	-37.3
5.9	-9.373	-11.841	-26.7
5.91	-9.349	-13.592	-33.4
5.92	-9.328	-14.866	-32.6
5.93	-9.308	-15.289	-36.1
5.94	-9.287	-15.328	-38.1
5.95	-9.266	-15.592	-39.4
5.96	-9.244	-15.980	-46.4
5.97	-9.221	-16.106	-42.8
5.98	-9.199	-15.922	-36.4
5.99	-9.177	-15.566	-36.7
6.0	-9.156	-15.325	-33.4
6.01	-9.135	-15.448	-32.5
6.02	-9.116	-15.606	-34.3
6.03	-9.096	-15.173	-35.5
6.04	-9.078	-14.327	-38.6
6.05	-9.060	-13.867	-42.0
6.06	-9.043	-13.970	-37.4
6.07	-9.025	-14.225	-25.6
6.08	-9.007	-14.436	-12.2
6.09	-8.989	-14.594	-24.8
6.1	-8.973	-14.553	-49.6
6.11	-8.957	-14.056	-40.8
6.12	-8.941	-13.044	-23.9
6.13	-8.925	-12.059	-30.1
6.14	-8.909	-11.711	-31.3
6.15	-8.894	-11.900	-28.0
6.16	-8.879	-12.239	-29.4
6.17	-8.864	-12.578	-19.7
6.18	-8.851	-12.786	-17.5
6.19	-8.836	-12.820	-38.0
6.2	-8.822	-12.863	-41.4
6.21	-8.809	-12.770	-26.0
6.22	-8.795	-12.359	-17.9
6.23	-8.782	-12.013	-25.1
6.24	-8.769	-12.134	-33.4
6.25	-8.756	-12.500	-24.2
6.26	-8.743	-12.877	-18.8
6.27	-8.732	-13.372	-26.9
6.28	-8.722	-13.795	-19.8
6.29	-8.711	-13.897	-13.4
6.3	-8.699	-13.875	-27.4
6.31	-8.688	-13.936	-34.1
6.32	-8.676	-13.786	-16.4
6.33	-8.664	-13.225	-12.6
6.34	-8.651	-12.792	-10.0
6.35	-8.638	-12.877	6.3
6.36	-8.626	-13.188	13.8
6.37	-8.616	-13.323	16.0
6.38	-8.606	-13.330	16.6
6.39	-8.598	-13.497	14.3
6.4	-8.588	-13.766	-5.4
6.41	-8.578	-13.938	-23.8
6.42	-8.569	-13.967	-24.1
6.43	-8.559	-13.938	-36.6
6.44	-8.551	-14.019	-37.2
6.45	-8.544	-14.119	-25.0
6.46	-8.536	-14.105	-31.6
6.47	-8.527	-14.025	-43.8
6.48	-8.519	-13.847	-40.6
6.49	-8.509	-13.656	-34.7
6.5	-8.499	-13.663	-25.1
6.51	-8.492	-13.866	-20.1
6.52	-8.488	-14.030	-25.7
6.53	-8.484	-13.758	-31.9
6.54	-8.478	-12.881	-29.2
6.55	-8.468	-12.197	61.4
6.56	-8.456	-12.577	223.3
6.57	-8.445	-13.305	263.9
6.58	-8.436	-13.048	154.8
6.59	-8.428	-11.933	20.0
6.6	-8.422	-11.203	-54.2
6.61	-8.418	-11.442	-56.5
6.62	-8.414	-12.239	-29.8
6.63	-8.408	-12.888	-26.8
6.64	-8.399	-13.105	-42.0
6.65	-8.386	-13.330	-49.3
6.66	-8.371	-13.794	-46.2
6.67	-8.355	-14.020	-28.6
6.68	-8.340	-13.780	-21.2
6.69	-8.325	-13.466	-22.3
6.7	-8.311	-13.472	-14.7
6.71	-8.297	-13.459	-22.9
6.72	-8.283	-11.963	-25.6
6.73	-8.270	-7.086	-15.9
6.74	-8.258	1.761	-21.5
6.75	-8.248	12.991	-22.4
6.76	-8.238	23.561	-7.3
6.77	-8.229	30.859	2.4
6.78	-8.221	34.130	-0.8
6.79	-8.213	33.741	-5.7
6.8	-8.206	30.145	3.2
6.81	-8.200	24.152	2.0
6.82	-8.196	17.088	6.0
6.83	-8.193	10.123	39.0
6.84	-8.189	3.561	50.3
6.85	-8.185	-2.545	44.9
6.86	-8.180	-7.755	63.0
6.87	-8.174	-11.738	77.3
6.88	-8.169	-14.213	80.3
6.89	-8.166	-15.200	72.8
6.9	-8.165	-15.458	61.0
6.91	-8.166	-15.395	32.8
6.92	-8.167	-14.880	-1.7
6.93	-8.166	-14.209	-12.7
6.94	-8.164	-13.517	-32.3
6.95	-8.163	-12.425	-50.2
6.96	-8.162	-11.672	-38.2
6.97	-8.160	-12.572	-31.8
6.98	-8.158	-14.652	-41.7
6.99	-8.156	-16.469	-44.5
7.0	-8.154	-17.319	-36.1
7.01	-8.152	-17.059	-45.4
7.02	-8.151	-16.008	-52.8
7.03	-8.151	-14.688	-52.3
7.04	-8.152	-13.006	-54.4
7.05	-8.153	-10.888	-41.1
7.06	-8.153	-9.117	-26.9
7.07	-8.154	-8.191	-37.4
7.08	-8.155	-7.709	-39.1
7.09	-8.156	-7.406	-25.9
7.1	-8.156	-7.375	-36.0
7.11	-8.156	-7.573	-47.8
7.12	-8.156	-7.911	-44.7
7.13	-8.156	-8.456	-47.5
7.14	-8.154	-9.242	-41.0
7.15	-8.154	-10.406	-38.4
7.16	-8.152	-12.184	-34.2
7.17	-8.151	-14.181	-23.6
7.18	-8.151	-15.606	-27.1
7.19	-8.150	-16.413	-30.6
7.2	-8.149	-16.838	-37.0
7.21	-8.149	-16.722	-52.7
7.22	-8.150	-16.338	-48.2
7.23	-8.151	-15.923	-30.4
7.24	-8.151	-15.183	-31.3
7.25	-8.151	-14.350	-34.2
7.26	-8.151	-13.788	-27.6
7.27	-8.151	-13.394	-39.9
7.28	-8.152	-13.241	-42.8
7.29	-8.154	-13.403	-32.6
7.3	-8.154	-13.731	-34.6
7.31	-8.156	-14.005	-31.9
7.32	-8.157	-14.084	-26.3
7.33	-8.158	-14.205	-34.5
7.34	-8.159	-14.472	-40.0
7.35	-8.161	-14.288	-27.6
7.36	-8.163	-13.369	-11.7
7.37	-8.164	-12.469	-26.0
7.38	-8.166	-12.292	-38.0
7.39	-8.169	-12.666	-25.9
7.4	-8.171	-13.044	-29.3
7.41	-8.174	-13.206	-28.5
7.42	-8.176	-13.198	-20.9
7.43	-8.178	-13.197	-35.0
7.44	-8.181	-13.478	-27.8
7.45	-8.183	-13.941	-18.6
7.46	-8.186	-14.111	-31.5
7.47	-8.189	-13.973	-27.7
7.48	-8.192	-13.894	-18.8
7.49	-8.195	-13.844	-28.6
7.5	-8.198	-13.734	-29.0
7.51	-8.202	-13.608	-9.4
7.52	-8.206	-13.384	-10.7
7.53	-8.209	-13.220	-27.2
7.54	-8.214	-13.233	-17.6
7.55	-8.218	-13.219	-20.5
7.56	-8.222	-13.111	-38.3
7.57	-8.226	-13.055	-38.8
7.58	-8.231	-13.352	-19.3
7.59	-8.235	-14.102	-1.4
7.6	-8.240	-14.898	-12.0
7.61	-8.244	-15.373	-25.3
7.62	-8.249	-15.411	-22.1
7.63	-8.252	-15.064	-18.3
7.64	-8.257	-14.723	-12.9
7.65	-8.261	-14.683	-16.8
7.66	-8.266	-14.827	-18.8
7.67	-8.271	-14.783	-5.5
7.68	-8.276	-14.319	-3.3
7.69	-8.282	-13.823	-13.2
7.7	-8.289	-13.859	-7.5
7.71	-8.299	-14.259	15.4
7.72	-8.310	-14.364	34.8
7.73	-8.324	-14.066	32.8
7.74	-8.338	-13.822	18.0
7.75	-8.353	-13.867	-10.3
7.76	-8.370	-14.064	-26.8
7.77	-8.388	-14.213	-24.9
7.78	-8.408	-14.302	-29.4
7.79	-8.429	-14.422	-27.4
7.8	-8.451	-14.577	-19.2
7.81	-8.473	-14.713	-35.8
7.82	-8.496	-14.780	-40.0
7.83	-8.521	-14.767	-20.5
7.84	-8.546	-14.730	-23.6
7.85	-8.571	-14.802	-36.7
7.86	-8.599	-15.038	-30.6
7.87	-8.627	-15.269	-25.3
7.88	-8.653	-15.189	-20.7
7.89	-8.676	-14.831	62.2
7.9	-8.697	-14.295	223.1
7.91	-8.717	-13.230	283.3
7.92	-8.739	-12.053	199.5
7.93	-8.763	-11.794	58.5
7.94	-8.786	-12.300	-46.4
7.95	-8.811	-12.764	-53.6
7.96	-8.837	-13.075	-31.3
7.97	-8.860	-13.644	-37.9
7.98	-8.879	-14.538	-40.0
7.99	-8.893	-15.456	-31.1
8.0	-8.904	-16.188	-22.9
8.01	-8.914	-16.472	-24.6
8.02	-8.924	-15.923	-31.6
8.03	-8.933	-14.744	-27.4
8.04	-8.941	-13.367	-21.5
8.05	-8.950	-11.375	-19.5
8.06	-8.961	-7.819	-5.9
8.07	-8.974	-1.292	-6.8
8.08	-8.988	9.375	-25.3
8.09	-9.001	22.291	-25.3
8.1	-9.016	32.814	-6.0
8.11	-9.031	38.377	-1.8
8.12	-9.046	39.592	-8.4
8.13	-9.061	37.077	-2.1
8.14	-9.076	31.234	4.2
8.15	-9.091	23.488	4.6
8.16	-9.107	15.591	29.5
8.17	-9.123	8.494	37.5
8.18	-9.138	1.948	22.0
8.19	-9.152	-4.233	40.5
8.2	-9.166	-9.111	66.8
8.21	-9.179	-12.189	69.4
8.22	-9.192	-14.139	66.2
8.23	-9.205	-15.186	75.5
8.24	-9.221	-15.166	86.3
8.25	-9.239	-14.344	62.8
8.26	-9.258	-12.922	27.0
8.27	-9.274	-11.031	3.7
8.28	-9.289	-9.286	-12.1
8.29	-9.304	-8.491	-25.3
8.3	-9.318	-9.028	-24.5
8.31	-9.332	-10.927	-23.5
8.32	-9.343	-13.734	-35.8
8.33	-9.354	-16.498	-37.3
8.34	-9.364	-18.356	-33.1
8.35	-9.374	-18.752	-47.3
8.36	-9.383	-17.352	-55.2
8.37	-9.393	-14.783	-45.4
8.38	-9.404	-12.508	-31.9
8.39	-9.415	-11.019	-27.6
8.4	-9.426	-9.672	-35.5
8.41	-9.438	-8.230	-37.5
8.42	-9.449	-7.228	-39.0
8.43	-9.459	-6.952	-49.4
8.44	-9.469	-7.205	-43.0
8.45	-9.479	-7.831	-28.8
8.46	-9.486	-8.709	-33.9
8.47	-9.492	-9.806	-46.8
8.48	-9.497	-11.061	-46.3
8.49	-9.502	-12.009	-33.4
8.5	-9.507	-12.389	-20.4
8.51	-9.511	-12.677	-32.4
8.52	-9.516	-13.378	-43.9
8.53	-9.522	-14.417	-29.9
8.54	-9.527	-15.106	-24.8
8.55	-9.534	-14.975	-40.3
8.56	-9.540	-14.630	-39.1
8.57	-9.546	-14.831	-29.4
8.58	-9.551	-15.230	-33.5
8.59	-9.557	-14.992	-29.3
8.6	-9.563	-14.336	-26.1
8.61	-9.569	-14.216	-41.0
8.62	-9.576	-14.322	-42.3
8.63	-9.583	-13.584	-26.1
8.64	-9.590	-12.588	-17.7
8.65	-9.596	-12.558	-27.4
8.66	-9.602	-13.173	-28.7
8.67	-9.607	-13.523	-18.5
8.68	-9.613	-13.588	-15.8
8.69	-9.619	-13.766	-31.2
8.7	-9.625	-13.973	-42.0
8.71	-9.631	-13.942	-34.7
8.72	-9.636	-13.755	-25.3
8.73	-9.641	-13.430	-17.7
8.74	-9.646	-12.814	-14.1
8.75	-9.650	-12.161	-19.7
8.76	-9.655	-11.889	-25.2
8.77	-9.660	-11.909	-29.7
8.78	-9.665	-12.008	-21.2
8.79	-9.671	-12.323	-16.8
8.8	-9.679	-12.900	-20.7
8.81	-9.686	-13.491	-19.3
8.82	-9.691	-13.823	-19.0
8.83	-9.697	-13.903	-30.0
8.84	-9.702	-13.834	-34.6
8.85	-9.709	-13.433	-17.8
8.86	-9.716	-12.823	-12.8
8.87	-9.721	-12.533	-20.8
8.88	-9.727	-12.719	-12.2
8.89	-9.732	-13.111	-10.9
8.9	-9.739	-13.475	-20.9
8.91	-9.747	-13.661	-24.6
8.92	-9.755	-13.541	-19.4
8.93	-9.761	-13.275	-25.4
8.94	-9.768	-13.131	-21.6
8.95	-9.774	-13.016	1.7
8.96	-9.779	-12.706	9.4
8.97	-9.785	-12.472	5.7
8.98	-9.791	-12.659	5.0
8.99	-9.796	-12.953	15.7
9.0	-9.801	-13.119	31.8
9.01	-9.806	-13.456	19.3
9.02	-9.811	-14.066	-7.8
9.03	-9.816	-14.647	-18.6
9.04	-9.821	-15.039	-19.7
9.05	-9.826	-15.280	-30.9
9.06	-9.831	-15.141	-45.5
9.07	-9.836	-14.294	-46.4
9.08	-9.839	-13.331	-33.0
9.09	-9.842	-13.130	-15.0
9.1	-9.844	-13.358	-9.4
9.11	-9.845	-13.483	-24.2
9.12	-9.847	-13.755	-26.1
9.13	-9.851	-14.248	-19.7
9.14	-9.857	-14.614	-24.2
9.15	-9.863	-14.620	-42.0
9.16	-9.864	-14.203	-34.8
9.17	-9.862	-13.400	74.8
9.18	-9.858	-12.566	231.1
9.19	-9.856	-12.263	270.4
9.2	-9.854	-12.559	153.3
9.21	-9.853	-12.902	7.0
9.22	-9.848	-12.981	-48.4
9.23	-9.842	-13.019	-54.0
9.24	-9.836	-13.281	-47.1
9.25	-9.828	-13.775	-24.9
9.26	-9.811	-14.084	-16.0
9.27	-9.784	-13.956	-24.6
9.28	-9.750	-13.742	-26.0
9.29	-9.714	-13.539	-19.9
9.3	-9.680	-13.244	-13.7
9.31	-9.650	-13.230	-15.7
9.32	-9.623	-13.666	-11.4
9.33	-9.598	-14.063	-6.2
9.34	-9.572	-13.745	-8.2
9.35	-9.547	-11.989	-6.8
9.36	-9.522	-7.633	-10.5
9.37	-9.497	0.492	-8.3
9.38	-9.473	11.684	5.5
9.39	-9.449	22.678	8.9
9.4	-9.427	30.231	6.3
9.41	-9.404	33.391	10.5
9.42	-9.382	32.586	23.7
9.43	-9.359	28.570	33.0
9.44	-9.336	22.547	44.3
9.45	-9.314	15.688	62.0
9.46	-9.292	8.620	76.9
9.47	-9.269	1.848	82.6
9.48	-9.247	-4.034	88.9
9.49	-9.224	-8.781	89.7
9.5	-9.202	-12.458	79.0
9.51	-9.184	-15.114	75.0
9.52	-9.171	-16.795	77.0
9.53	-9.159	-17.384	51.2
9.54	-9.146	-16.873	14.4
9.55	-9.130	-15.947	-7.5
9.56	-9.116	-15.313	-28.5
9.57	-9.102	-15.102	-43.5
9.58	-9.088	-15.467	-51.2
9.59	-9.072	-16.417	-57.3
9.6	-9.057	-17.469	-57.4
9.61	-9.043	-18.325	-54.9
9.62	-9.031	-18.866	-48.2
9.63	-9.018	-18.645	-42.6
9.64	-9.006	-17.469	-38.1
9.65	-8.996	-15.638	-42.9
9.66	-8.985	-13.350	-45.6
9.67	-8.973	-10.769	-31.8
9.68	-8.961	-8.291	-30.1
9.69	-8.949	-6.136	-49.5
9.7	-8.937	-4.467	-44.9
9.71	-8.924	-3.652	-31.0
9.72	-8.911	-3.745	-33.7
9.73	-8.897	-4.467	-31.9
9.74	-8.883	-5.781	-29.9
9.75	-8.869	-7.811	-46.8
9.76	-8.854	-10.183	-49.0
9.77	-8.839	-12.189	-39.3
9.78	-8.824	-13.584	-47.0
9.79	-8.809	-14.456	-47.0
9.8	-8.794	-14.817	-29.9
9.81	-8.779	-14.877	-27.2
9.82	-8.764	-14.898	-40.3
9.83	-8.749	-14.834	-49.7
9.84	-8.734	-14.691	-44.6
9.85	-8.719	-14.708	-37.8
9.86	-8.706	-14.906	-41.8
9.87	-8.692	-15.008	-38.5
9.88	-8.678	-14.850	-31.4
9.89	-8.666	-14.272	-40.9
9.9	-8.654	-13.302	-38.2
9.91	-8.643	-12.742	-32.1
9.92	-8.632	-13.048	-37.8
9.93	-8.622	-13.553	-35.3
9.94	-8.613	-13.866	-27.0
9.95	-8.604	-14.166	-33.0
9.96	-8.596	-14.336	-33.9
9.97	-8.589	-14.205	-31.9
9.98	-8.582	-13.736	-36.9
9.99	-8.574	-12.803	-32.3
10.0	-8.567	-11.798	-36.8
10.01	-8.561	-11.356	-37.6
10.02	-8.554	-11.414	-27.7
10.03	-8.548	-11.538	-33.1
10.04	-8.542	-11.613	-33.1
10.05	-8.534	-11.859	-28.0
10.06	-8.527	-12.392	-23.8
10.07	-8.522	-12.823	-24.9
10.08	-8.516	-12.794	-28.9
10.09	-8.511	-12.717	-32.1
10.1	-8.505	-13.003	-37.8
10.11	-8.499	-13.281	-30.4
10.12	-8.494	-13.161	-9.8
10.13	-8.489	-12.917	-10.5
10.14	-8.485	-12.930	-29.8
10.15	-8.480	-13.134	-40.4
10.16	-8.476	-13.188	-28.9
10.17	-8.472	-13.011	-13.9
10.18	-8.468	-12.938	-18.1
10.19	-8.464	-13.167	-27.9
10.2	-8.461	-13.592	-18.6
10.21	-8.456	-14.056	-13.1
10.22	-8.452	-14.344	-10.9
10.23	-8.447	-14.283	1.4
10.24	-8.444	-14.156	12.5
10.25	-8.441	-14.322	21.8
10.26	-8.439	-14.461	16.2
10.27	-8.437	-14.123	0.8
10.28	-8.434	-13.602	-9.0
10.29	-8.431	-13.373	-27.8
10.3	-8.428	-13.350	-40.0
10.31	-8.426	-13.448	-38.3
10.32	-8.423	-13.808	-24.3
10.33	-8.421	-14.283	-22.4
10.34	-8.419	-14.353	-37.8
10.35	-8.418	-13.639	-41.3
10.36	-8.416	-12.747	-38.8
10.37	-8.415	-12.583	-34.0
10.38	-8.416	-13.148	-33.2
10.39	-8.419	-13.884	-33.2
10.4	-8.421	-14.281	-22.9
10.41	-8.420	-14.009	-4.9
10.42	-8.416	-13.428	101.1
10.43	-8.409	-13.208	253.0
10.44	-8.404	-13.222	259.9
10.45	-8.402	-13.122	116.2
10.46	-8.401	-13.033	-13.0
10.47	-8.401	-13.159	-57.5
10.48	-8.403	-13.439	-53.2
10.49	-8.404	-13.784	-46.0
10.5	-8.403	-14.288	-38.0
10.51	-8.398	-14.772	-26.5
10.52	-8.391	-15.063	-22.8
10.53	-8.383	-15.192	-23.6
10.54	-8.376	-15.041	-27.4
10.55	-8.369	-14.577	-22.8
10.56	-8.361	-13.986	-19.3
10.57	-8.352	-13.497	-27.7
10.58	-8.342	-12.897	-28.0
10.59	-8.334	-10.828	-19.5
10.6	-8.327	-5.192	-6.6
10.61	-8.321	5.145	-6.7
10.62	-8.316	18.172	-11.1
10.63	-8.313	29.284	-12.2
10.64	-8.311	35.530	-11.9
10.65	-8.309	37.236	-9.5
10.66	-8.308	35.467	-9.5
10.67	-8.308	30.931	3.8
10.68	-8.308	24.544	16.1
10.69	-8.309	17.198	16.8
10.7	-8.309	9.669	35.4
10.71	-8.310	2.616	46.9
10.72	-8.310	-3.588	41.8
10.73	-8.309	-8.602	51.7
10.74	-8.308	-11.997	67.6
10.75	-8.308	-13.844	65.5
10.76	-8.309	-14.764	64.8
10.77	-8.311	-15.006	51.2
10.78	-8.315	-14.291	37.9
10.79	-8.318	-12.909	27.8
10.8	-8.321	-11.750	-1.8
10.81	-8.323	-11.125	-21.3
10.82	-8.326	-11.044	-35.8
10.83	-8.329	-11.811	-49.1
10.84	-8.331	-13.408	-42.5
10.85	-8.333	-14.972	-39.4
10.86	-8.334	-15.755	-45.1
10.87	-8.336	-15.948	-44.3
10.88	-8.338	-15.755	-35.8
10.89	-8.340	-15.023	-45.8
10.9	-8.342	-13.728	-47.9
10.91	-8.345	-12.033	-32.1
10.92	-8.348	-10.423	-38.0
10.93	-8.352	-9.183	-46.0
10.94	-8.356	-8.077	-30.9
10.95	-8.359	-7.267	-33.7
10.96	-8.363	-7.175	-48.8
10.97	-8.366	-7.511	-38.9
10.98	-8.367	-7.608	-25.8
10.99	-8.369	-7.364	-40.3
11.0	-8.370	-7.714	-42.0
11.01	-8.370	-9.242	-31.5
11.02	-8.371	-11.023	-36.8
11.03	-8.371	-12.252	-33.5
11.04	-8.370	-13.416	-25.3
11.05	-8.370	-14.841	-34.6
11.06	-8.370	-16.042	-42.4
11.07	-8.371	-16.792	-29.7
11.08	-8.371	-17.095	-28.5
11.09	-8.373	-16.784	-45.8
11.1	-8.374	-16.097	-43.0
11.11	-8.376	-15.539	-36.7
11.12	-8.377	-15.197	-30.0
11.13	-8.378	-14.895	-24.1
11.14	-8.379	-14.388	-21.5
11.15	-8.381	-13.672	-19.4
11.16	-8.383	-13.263	-33.7
11.17	-8.384	-13.316	-43.3
11.18	-8.387	-13.566	-28.6
11.19	-8.389	-14.041	-20.6
11.2	-8.393	-14.573	-31.6
11.21	-8.396	-14.434	-36.2
11.22	-8.400	-13.559	-23.3
11.23	-8.403	-13.023	-19.8
11.24	-8.406	-13.339	-28.4
11.25	-8.409	-13.672	-25.4
11.26	-8.412	-13.480	-17.0
11.27	-8.416	-13.231	-29.7
11.28	-8.419	-13.344	-30.9
11.29	-8.422	-13.780	-22.6
11.3	-8.426	-14.306	-29.6
11.31	-8.430	-14.638	-21.6
11.32	-8.434	-14.644	-11.0
11.33	-8.441	-14.439	-24.0
11.34	-8.449	-14.309	-28.3
11.35	-8.459	-14.303	-20.8
11.36	-8.471	-13.852	-18.7
11.37	-8.484	-12.659	-18.5
11.38	-8.499	-11.769	-20.1
11.39	-8.515	-12.075	-27.8
11.4	-8.533	-12.836	-19.4
11.41	-8.553	-13.186	-2.6
11.42	-8.574	-13.342	-9.6
11.43	-8.597	-13.684	-23.6
11.44	-8.620	-14.247	-24.0
11.45	-8.645	-14.997	-19.8
11.46	-8.671	-15.581	-10.3
11.47	-8.697	-15.728	-11.5
11.48	-8.723	-15.755	-22.9
11.49	-8.748	-15.659	-25.6
11.5	-8.773	-14.992	-14.8
11.51	-8.797	-14.025	-6.3
11.52	-8.822	-13.461	-0.7
11.53	-8.846	-13.423	-1.9
11.54	-8.869	-13.531	0.6
11.55	-8.894	-13.506	9.9
11.56	-8.919	-13.494	19.5
11.57	-8.944	-13.698	24.9
11.58	-8.968	-14.078	18.5
11.59	-8.992	-14.483	0.8
11.6	-9.016	-14.786	-13.4
11.61	-9.039	-14.916	-26.2
11.62	-9.062	-14.903	-35.2
11.63	-9.085	-14.705	-29.9
11.64	-9.109	-14.086	-31.5
11.65	-9.133	-13.202	-31.4
11.66	-9.156	-12.509	-17.5
11.67	-9.178	-12.033	-25.6
11.68	-9.201	-11.808	-32.5
11.69	-9.224	-12.095	-18.1
11.7	-9.248	-12.664	-12.1
11.71	-9.273	-13.033	-10.6
11.72	-9.296	-13.323	-12.5
11.73	-9.316	-13.475	60.3
11.74	-9.333	-12.988	221.7
11.75	-9.352	-12.423	283.4
11.76	-9.372	-12.697	180.9
11.77	-9.393	-13.409	27.7
11.78	-9.412	-13.844	-34.8
11.79	-9.433	-13.958	-34.8
11.8	-9.454	-13.880	-34.7
11.81	-9.471	-13.758	-29.7
11.82	-9.481	-13.608	-35.6
11.83	-9.486	-13.397	-32.3
11.84	-9.489	-13.500	-11.7
11.85	-9.493	-14.142	-12.2
11.86	-9.496	-14.950	-18.3
11.87	-9.501	-15.403	-18.3
11.88	-9.506	-15.177	-23.1
11.89	-9.512	-14.023	-21.4
11.9	-9.519	-11.184	-11.6
11.91	-9.525	-5.394	-1.2
11.92	-9.531	4.123	2.0
11.93	-9.540	16.230	-5.9
11.94	-9.550	27.328	-8.9
11.95	-9.561	34.184	-2.1
11.96	-9.573	36.434	5.1
11.97	-9.584	35.016	8.9
11.98	-9.594	31.000	13.9
11.99	-9.604	25.638	22.5
12.0	-9.616	19.156	37.9
12.01	-9.627	11.434	47.6
12.02	-9.638	3.592	56.3
12.03	-9.650	-2.922	71.0
12.04	-9.661	-7.639	79.8
12.05	-9.671	-10.784	74.4
12.06	-9.682	-12.730	80.5
12.07	-9.693	-13.978	86.0
12.08	-9.706	-14.602	68.6
12.09	-9.722	-14.298	52.6
12.1	-9.738	-13.488	39.0
12.11	-9.752	-12.897	3.6
12.12	-9.766	-12.569	-23.5
12.13	-9.780	-12.363	-27.9
12.14	-9.793	-12.661	-33.6
12.15	-9.804	-13.848	-42.3
12.16	-9.813	-15.683	-40.7
12.17	-9.821	-17.397	-39.4
12.18	-9.830	-18.211	-43.3
12.19	-9.839	-17.762	-39.3
12.2	-9.849	-16.472	-37.4
12.21	-9.857	-15.156	-40.5
12.22	-9.866	-13.863	-31.0
12.23	-9.876	-12.097	-28.5
12.24	-9.885	-10.081	-34.7
12.25	-9.896	-8.534	-42.6
12.26	-9.907	-7.533	-49.5
12.27	-9.918	-6.527	-42.4
12.28	-9.926	-5.681	-29.2
12.29	-9.934	-5.939	-30.9
12.3	-9.941	-7.217	-32.3
12.31	-9.946	-8.531	-31.3
12.32	-9.951	-9.773	-29.2
12.33	-9.954	-11.467	-36.9
12.34	-9.957	-13.563	-52.0
12.35	-9.961	-15.236	-42.6
12.36	-9.964	-15.645	-20.3
12.37	-9.969	-15.081	-27.5
12.38	-9.974	-14.616	-45.2
12.39	-9.978	-14.564	-34.4
12.4	-9.983	-14.519	-25.5
12.41	-9.989	-14.375	-31.9
12.42	-9.994	-14.325	-31.4
12.43	-9.999	-14.128	-39.8
12.44	-10.005	-13.000	-40.3
12.45	-10.012	-10.577	-26.8
12.46	-10.019	-7.577	-24.0
12.47	-10.024	-5.383	-33.7
12.48	-10.030	-4.841	-31.4
12.49	-10.036	-5.475	-19.0
12.5	-10.041	-6.617	-18.0
12.51	-10.047	-8.195	-27.9
12.52	-10.054	-9.842	-38.0
12.53	-10.061	-10.764	-43.8
12.54	-10.069	-10.655	-32.7
12.55	-10.076	-9.877	-30.5
12.56	-10.083	-8.702	-30.2
12.57	-10.087	-6.909	-19.4
12.58	-10.091	-4.045	-17.9
12.59	-10.093	-0.391	-21.2
12.6	-10.096	2.689	-28.3
12.61	-10.098	6.859	-33.3
12.62	-10.100	12.833	-23.2
12.63	-10.103	15.106	-12.5
12.64	-10.105	12.645	-13.0
12.65	-10.107	10.091	-29.0
12.66	-10.108	8.789	-40.9
12.67	-10.109	5.984	-24.4
12.68	-10.110	-1.031	-6.5
12.69	-10.112	-10.442	-16.8
12.7	-10.113	-17.777	-26.5
12.71	-10.111	-20.488	-18.4
12.72	-10.110	-19.486	-12.9
12.73	-10.109	-17.372	-14.3
12.74	-10.109	-16.089	-12.7
12.75	-10.111	-16.509	-8.7
12.76	-10.112	-17.444	19.1
12.77	-10.113	-17.238	30.7
12.78	-10.112	-17.077	0.4
12.79	-10.109	-18.436	-18.3
12.8	-10.107	-20.661	-26.2
12.81	-10.104	-22.847	-31.8
12.82	-10.103	-24.830	-25.7
12.83	-10.099	-26.569	-21.4
12.84	-10.096	-28.300	-18.4
12.85	-10.092	-29.888	-28.0
12.86	-10.088	-29.683	-33.8
12.87	-10.083	-26.806	-39.0
12.88	-10.076	-23.369	-40.4
12.89	-10.071	-21.777	-28.7
12.9	-10.069	-21.831	-24.9
12.91	-10.069	-21.463	-23.7
12.92	-10.067	-18.328	-28.5
12.93	-10.058	-11.881	-22.9
12.94	-10.045	-5.061	63.3
12.95	-10.029	-1.177	204.4
12.96	-10.014	0.183	263.9
12.97	-9.998	1.286	146.3
12.98	-9.982	1.928	-18.9
12.99	-9.961	0.211	-71.2
13.0	-9.934	-4.080	-55.1
13.01	-9.907	-9.859	-33.0
13.02	-9.880	-16.008	-31.2
13.03	-9.853	-20.822	-41.4
13.04	-9.823	-23.175	-30.6
13.05	-9.787	-23.631	-20.5
13.06	-9.749	-23.150	-11.9
13.07	-9.711	-22.372	-6.4
13.08	-9.675	-21.719	-15.5
13.09	-9.640	-21.531	-18.4
13.1	-9.607	-21.806	-6.5
13.11	-9.574	-21.647	-13.2
13.12	-9.543	-20.164	-12.1
13.13	-9.513	-17.198	-0.6
13.14	-9.482	-11.941	0.8
13.15	-9.454	-3.338	1.9
13.16	-9.427	7.309	3.7
13.17	-9.399	16.583	13.0
13.18	-9.372	22.289	19.4
13.19	-9.345	24.653	24.9
13.2	-9.320	24.094	41.0
13.21	-9.296	21.025	51.5
13.22	-9.273	16.867	55.8
13.23	-9.251	12.477	70.8
13.24	-9.229	7.380	90.9
13.25	-9.207	1.527	101.7
13.26	-9.186	-4.175	106.7
13.27	-9.167	-8.845	92.8
13.28	-9.153	-12.219	72.8
13.29	-9.144	-14.555	61.5
13.3	-9.134	-16.142	34.6
13.31	-9.123	-17.244	-0.5
13.32	-9.108	-17.998	-15.3
13.33	-9.094	-18.172	-37.3
13.34	-9.081	-17.808	-55.8
13.35	-9.068	-17.631	-59.6
13.36	-9.053	-18.267	-58.2
13.37	-9.039	-19.614	-53.0
13.38	-9.025	-20.919	-45.8
13.39	-9.012	-21.214	-44.0
13.4	-8.999	-20.009	-49.4
13.41	-8.988	-17.520	-52.5
13.42	-8.976	-14.359	-49.7
13.43	-8.963	-11.281	-43.0
13.44	-8.950	-8.427	-40.0
13.45	-8.936	-5.319	-40.5
13.46	-8.921	-2.556	-31.2
13.47	-8.906	-1.277	-34.0
13.48	-8.891	-1.316	-46.0
13.49	-8.876	-1.958	-38.9
13.5	-8.861	-3.019	-38.6
13.51	-8.844	-4.919	-40.9
13.52	-8.828	-7.689	-22.7
13.53	-8.813	-10.158	-32.9
13.54	-8.797	-11.694	-52.7
13.55	-8.782	-13.100	-49.5
13.56	-8.768	-14.689	-40.7
13.57	-8.755	-15.838	-40.2
13.58	-8.742	-16.088	-41.5
13.59	-8.729	-15.467	-47.1
13.6	-8.717	-14.434	-47.4
13.61	-8.706	-13.416	-40.6
13.62	-8.694	-12.642	-40.2
13.63	-8.683	-12.350	-31.4
13.64	-8.672	-12.453	-25.3
13.65	-8.661	-12.692	-32.6
13.66	-8.651	-13.134	-48.0
13.67	-8.643	-13.894	-58.8
13.68	-8.634	-14.680	-41.3
13.69	-8.626	-14.863	-34.4
13.7	-8.618	-14.353	-50.4
13.71	-8.611	-13.989	-51.1
13.72	-8.604	-14.059	-33.6
13.73	-8.596	-13.873	-14.5
13.74	-8.589	-13.286	-12.4
13.75	-8.581	-12.809	-34.4
13.76	-8.574	-12.417	-41.3
13.77	-8.567	-11.839	-29.7
13.78	-8.560	-11.270	-30.5
13.79	-8.554	-10.867	-40.5
13.8	-8.547	-10.508	-33.6
13.81	-8.541	-10.517	-30.1
13.82	-8.536	-11.144	-30.5
13.83	-8.530	-11.638	-25.2
13.84	-8.523	-11.408	-27.0
13.85	-8.518	-10.963	-31.1
13.86	-8.512	-10.938	-27.8
13.87	-8.508	-11.234	-24.2
13.88	-8.502	-11.514	-22.4
13.89	-8.498	-11.747	-27.0
13.9	-8.492	-12.228	-26.8
13.91	-8.488	-13.094	-21.9
13.92	-8.484	-13.889	-30.1
13.93	-8.479	-14.270	-33.7
13.94	-8.474	-14.559	-17.2
13.95	-8.469	-14.898	-9.7
13.96	-8.464	-14.603	-9.8
13.97	-8.460	-13.170	7.7
13.98	-8.456	-11.631	22.9
13.99	-8.451	-11.366	12.1
14.0	-8.447	-12.228	-7.1
14.01	-8.444	-13.375	-14.5
14.02	-8.440	-14.369	-17.0
14.03	-8.437	-15.052	-31.2
14.04	-8.434	-15.483	-40.9
14.05	-8.431	-15.448	-43.3
14.06	-8.428	-14.627	-40.7
14.07	-8.425	-13.602	-36.1
14.08	-8.421	-13.164	-35.0
14.09	-8.418	-13.391	-31.0
14.1	-8.414	-13.917	-22.1
14.11	-8.412	-14.213	-30.2
14.12	-8.413	-13.984	-36.3
14.13	-8.414	-13.406	-30.7
14.14	-8.412	-13.013	-10.7
14.15	-8.406	-12.998	95.9
14.16	-8.397	-12.927	246.2
14.17	-8.390	-12.777	276.3
14.18	-8.386	-13.061	161.8
14.19	-8.384	-13.414	5.7
14.2	-8.384	-12.909	-63.6
14.21	-8.386	-11.959	-47.6
14.22	-8.388	-11.863	-36.3
14.23	-8.387	-12.780	-43.9
14.24	-8.383	-13.555	-34.6
14.25	-8.375	-13.506	-23.5
14.26	-8.367	-13.391	-29.1
14.27	-8.359	-13.892	-38.0
14.28	-8.351	-14.573	-36.5
14.29	-8.341	-14.773	-18.2
14.3	-8.332	-14.272	-10.2
14.31	-8.322	-13.052	-26.5
14.32	-8.312	-10.677	-28.9
14.33	-8.303	-5.727	-16.2
14.34	-8.296	3.186	-7.2
14.35	-8.289	15.266	-4.3
14.36	-8.284	26.813	-6.8
14.37	-8.279	33.950	-13.9
14.38	-8.276	36.111	-17.5
14.39	-8.273	34.959	-6.8
14.4	-8.273	31.275	15.3
14.41	-8.273	25.172	14.9
14.42	-8.273	17.658	15.8
14.43	-8.274	10.280	31.9
14.44	-8.274	3.734	39.2
14.45	-8.274	-2.203	45.6
14.46	-8.274	-7.267	57.9
14.47	-8.274	-10.731	60.8
14.48	-8.274	-12.805	70.4
14.49	-8.276	-13.894	78.8
14.5	-8.279	-13.827	53.5
14.51	-8.284	-13.028	23.7
14.52	-8.287	-12.369	10.5
14.53	-8.289	-11.909	-1.2
14.54	-8.293	-11.242	-11.2
14.55	-8.296	-10.627	-32.0
14.56	-8.299	-10.961	-46.0
14.57	-8.302	-12.530	-41.5
14.58	-8.303	-14.588	-44.6
14.59	-8.303	-16.463	-48.3
14.6	-8.304	-17.830	-32.3
14.61	-8.306	-17.820	-42.3
14.62	-8.308	-15.850	-56.2
14.63	-8.311	-13.273	-41.2
14.64	-8.314	-11.664	-44.8
14.65	-8.318	-10.588	-56.3
14.66	-8.321	-9.162	-32.0
14.67	-8.326	-7.664	-14.8
14.68	-8.330	-6.788	-37.7
14.69	-8.334	-6.577	-46.8
14.7	-8.336	-6.513	-30.2
14.71	-8.338	-6.659	-31.4
14.72	-8.338	-7.605	-39.9
14.73	-8.339	-9.047	-43.3
14.74	-8.338	-10.313	-47.0
14.75	-8.338	-11.495	-38.0
14.76	-8.338	-12.673	-29.6
14.77	-8.338	-13.386	-32.6
14.78	-8.337	-13.750	-30.2
14.79	-8.337	-14.475	-29.1
14.8	-8.338	-15.228	-27.0
14.81	-8.338	-15.189	-30.1
14.82	-8.339	-14.884	-33.7
14.83	-8.341	-15.056	-39.9
14.84	-8.342	-15.127	-46.9
14.85	-8.344	-14.542	-36.8
14.86	-8.344	-13.997	-26.7
14.87	-8.346	-14.027	-37.1
14.88	-8.348	-14.045	-36.0
14.89	-8.351	-13.603	-15.4
14.9	-8.354	-13.153	-16.7
14.91	-8.357	-13.022	-37.5
14.92	-8.360	-12.886	-36.3
14.93	-8.363	-12.680	-26.3
14.94	-8.365	-12.900	-25.8
14.95	-8.367	-13.647	-24.9
14.96	-8.371	-14.259	-21.6
14.97	-8.374	-14.416	-18.8
14.98	-8.377	-14.263	-31.4
14.99	-8.380	-13.811	-52.4
15.0	-8.384	-13.430	-34.7
15.01	-8.387	-13.430	-2.0
15.02	-8.392	-13.325	-13.1
15.03	-8.397	-12.995	-34.8
15.04	-8.402	-13.027	-14.0
15.05	-8.408	-13.409	-11.8
15.06	-8.414	-13.563	-28.6
15.07	-8.420	-13.322	-19.2
15.08	-8.427	-13.080	-19.7
15.09	-8.436	-13.031	-30.9
15.1	-8.446	-12.966	-29.9
15.11	-8.457	-12.983	-24.4
15.12	-8.471	-13.348	-18.8
15.13	-8.485	-13.820	-13.8
15.14	-8.501	-14.161	-4.4
15.15	-8.518	-14.483	-13.8
15.16	-8.536	-14.761	-24.3
15.17	-8.556	-14.817	-9.1
15.18	-8.577	-14.673	-7.5
15.19	-8.599	-14.466	-27.6
15.2	-8.621	-14.311	-23.5
15.21	-8.645	-14.327	-7.0
15.22	-8.670	-14.566	-16.5
15.23	-8.697	-14.934	-24.2
15.24	-8.724	-15.278	4.5
15.25	-8.753	-15.294	25.6
15.26	-8.783	-14.747	18.2
15.27	-8.814	-14.002	21.8
15.28	-8.846	-13.786	24.1
15.29	-8.879	-14.184	-11.8
15.3	-8.912	-14.488	-30.7
15.31	-8.944	-14.434	-21.2
15.32	-8.978	-14.542	-31.3
15.33	-9.009	-14.983	-35.8
15.34	-9.039	-15.105	-13.3
15.35	-9.069	-14.508	-15.1
15.36	-9.099	-13.927	-31.6
15.37	-9.127	-13.991	-30.4
15.38	-9.155	-14.422	-30.4
15.39	-9.183	-14.763	-31.3
15.4	-9.209	-14.391	-24.1
15.41	-9.237	-13.183	-26.7
15.42	-9.264	-12.377	-23.1
15.43	-9.287	-12.859	34.3
15.44	-9.305	-13.844	175.6
15.45	-9.322	-14.250	296.4
15.46	-9.342	-13.905	252.5
15.47	-9.364	-13.294	80.3
15.48	-9.386	-12.984	-43.5
15.49	-9.408	-13.158	-54.5
15.5	-9.429	-13.666	-30.5
15.51	-9.447	-14.194	-24.2
15.52	-9.462	-14.248	-24.0
15.53	-9.471	-13.638	-29.4
15.54	-9.476	-12.791	-34.9
15.55	-9.481	-12.509	-30.0
15.56	-9.485	-13.128	-13.8
15.57	-9.490	-14.086	-10.4
15.58	-9.496	-14.578	-13.9
15.59	-9.501	-13.972	-18.3
15.6	-9.508	-11.673	-33.4
15.61	-9.517	-7.045	-24.3
15.62	-9.527	0.878	0.9
15.63	-9.539	12.278	11.7
15.64	-9.551	24.564	9.5
15.65	-9.563	33.656	-1.6
15.66	-9.576	37.495	-7.2
15.67	-9.589	36.731	-2.6
15.68	-9.603	32.959	14.0
15.69	-9.616	27.639	23.0
15.7	-9.630	21.466	25.0
15.71	-9.643	14.538	42.1
15.72	-9.656	7.313	55.8
15.73	-9.668	0.650	60.9
15.74	-9.679	-4.803	71.4
15.75	-9.691	-8.834	73.5
15.76	-9.703	-11.672	89.5
15.77	-9.716	-13.655	101.6
15.78	-9.729	-14.633	79.4
15.79	-9.746	-14.364	53.4
15.8	-9.763	-13.413	32.9
15.81	-9.778	-12.563	2.5
15.82	-9.793	-11.711	-21.5
15.83	-9.806	-10.661	-17.9
15.84	-9.819	-10.098	-11.3
15.85	-9.831	-10.711	-35.0
15.86	-9.840	-12.378	-49.9
15.87	-9.847	-14.533	-40.1
15.88	-9.851	-16.530	-32.8
15.89	-9.854	-17.550	-40.6
15.9	-9.857	-17.052	-46.8
15.91	-9.861	-15.381	-45.3
15.92	-9.866	-13.228	-39.9
15.93	-9.872	-11.027	-35.7
15.94	-9.879	-9.097	-29.6
15.95	-9.887	-7.592	-28.2
15.96	-9.896	-6.433	-32.3
15.97	-9.902	-5.708	-32.6
15.98	-9.909	-5.763	-38.5
15.99	-9.915	-6.656	-44.2
16.0	-9.919	-8.050	-36.8
16.01	-9.923	-9.456	-37.7
16.02	-9.926	-10.480	-41.1
16.03	-9.929	-11.323	-32.1
16.04	-9.932	-12.352	-27.3
16.05	-9.933	-13.400	-35.1
16.06	-9.934	-14.372	-30.0
16.07	-9.935	-15.275	-31.4
16.08	-9.938	-15.866	-45.4
16.09	-9.939	-16.128	-41.1
16.1	-9.942	-16.189	-32.1
16.11	-9.945	-15.875	-40.2
16.12	-9.949	-15.138	-35.9
16.13	-9.954	-14.486	-18.0
16.14	-9.959	-14.400	-28.5
16.15	-9.963	-14.498	-36.7
16.16	-9.965	-14.217	-31.7
16.17	-9.967	-14.059	-38.5
16.18	-9.969	-14.609	-36.7
16.19	-9.972	-15.145	-30.3
16.2	-9.974	-14.880	-28.1
16.21	-9.974	-14.094	-27.9
16.22	-9.975	-13.558	-25.4
16.23	-9.974	-13.713	-30.8
16.24	-9.973	-14.117	-32.7
16.25	-9.971	-14.159	-26.6
16.26	-9.971	-14.027	-25.4
16.27	-9.970	-13.969	-28.0
16.28	-9.969	-13.889	-30.8
16.29	-9.968	-13.934	-20.9
16.3	-9.967	-13.944	-13.2
16.31	-9.967	-13.545	-32.8
16.32	-9.967	-12.998	-34.6
16.33	-9.968	-12.681	-30.0
16.34	-9.969	-12.611	-36.8
16.35	-9.970	-12.664	-24.5
16.36	-9.970	-12.861	-7.6
16.37	-9.969	-13.225	-14.4
16.38	-9.968	-13.338	-27.1
16.39	-9.966	-12.936	-24.3
16.4	-9.964	-12.645	-21.4
16.41	-9.961	-12.822	-27.0
16.42	-9.957	-12.989	-20.0
16.43	-9.953	-13.020	-10.8
16.44	-9.947	-13.527	-14.7
16.45	-9.944	-13.867	-3.3
16.46	-9.940	-13.175	32.7
16.47	-9.937	-12.986	30.4
16.48	-9.933	-13.655	-8.5
16.49	-9.929	-13.681	-12.9
16.5	-9.926	-13.317	-5.3
16.51	-9.923	-13.525	-38.0
16.52	-9.921	-13.998	-48.1
16.53	-9.918	-14.203	-19.8
16.54	-9.916	-14.300	-30.3
16.55	-9.914	-14.316	-52.7
16.56	-9.911	-14.131	-23.4
16.57	-9.907	-14.069	-6.5
16.58	-9.901	-14.166	-39.2
16.59	-9.896	-13.944	-56.7
16.6	-9.893	-13.578	-31.5
16.61	-9.893	-13.664	-22.8
16.62	-9.896	-13.988	-27.7
16.63	-9.894	-13.992	-17.0
16.64	-9.887	-13.873	5.3
16.65	-9.874	-14.055	89.6
16.66	-9.859	-14.175	210.1
16.67	-9.845	-13.934	235.9
16.68	-9.833	-13.861	103.3
16.69	-9.819	-14.066	-49.4
16.7	-9.801	-13.773	-57.6
16.71	-9.777	-13.002	-25.4
16.72	-9.754	-12.748	-35.4
16.73	-9.731	-13.219	-34.2
16.74	-9.705	-13.680	-6.9
16.75	-9.674	-13.961	1.0
16.76	-9.640	-14.469	-30.5
16.77	-9.604	-14.842	-47.2
16.78	-9.570	-14.345	-18.3
16.79	-9.538	-13.481	1.5
16.8	-9.508	-13.333	-16.9
16.81	-9.479	-13.823	-19.2
16.82	-9.452	-14.044	-1.0
16.83	-9.424	-13.094	-6.2
16.84	-9.398	-10.069	-8.2
16.85	-9.373	-3.922	4.5
16.86	-9.349	5.661	1.1
16.87	-9.325	16.433	-3.8
16.88	-9.303	24.792	18.8
16.89	-9.280	29.286	30.4
16.9	-9.258	30.298	28.2
16.91	-9.236	28.155	35.4
16.92	-9.214	23.570	51.4
16.93	-9.193	17.609	66.6
16.94	-9.173	10.895	64.5
16.95	-9.153	4.081	76.1
16.96	-9.133	-1.831	108.2
16.97	-9.113	-6.267	111.3
16.98	-9.095	-9.722	88.6
16.99	-9.082	-12.734	63.4
17.0	-9.072	-14.855	41.8
17.01	-9.061	-15.852	35.9
17.02	-9.047	-16.241	14.8
17.03	-9.031	-16.097	-31.0
17.04	-9.016	-15.473	-43.2
17.05	-9.001	-15.302	-37.3
17.06	-8.986	-16.220	-52.9
17.07	-8.970	-17.666	-63.8
17.08	-8.955	-18.831	-56.0
17.09	-8.941	-19.409	-58.2
17.1	-8.928	-19.270	-55.5
17.11	-8.915	-18.247	-44.9
17.12	-8.903	-16.495	-41.6
17.13	-8.892	-14.305	-40.9
17.14	-8.881	-11.578	-39.7
17.15	-8.870	-8.645	-44.5
17.16	-8.859	-6.386	-42.6
17.17	-8.847	-4.933	-39.3
17.18	-8.835	-3.973	-41.8
17.19	-8.821	-3.639	-30.4
17.2	-8.807	-4.041	-25.7
17.21	-8.793	-5.009	-39.8
17.22	-8.778	-6.413	-47.2
17.23	-8.763	-8.091	-46.5
17.24	-8.748	-9.939	-42.9
17.25	-8.735	-11.881	-44.8
17.26	-8.723	-13.572	-33.6
17.27	-8.711	-14.639	-31.7
17.28	-8.700	-15.259	-50.7
17.29	-8.690	-15.930	-51.5
17.3	-8.680	-16.559	-41.5
17.31	-8.670	-16.613	-46.0
17.32	-8.661	-16.222	-52.3
17.33	-8.652	-16.052	-45.3
17.34	-8.643	-16.139	-34.3
17.35	-8.634	-16.022	-32.5
17.36	-8.625	-15.475	-40.1
17.37	-8.616	-14.545	-42.7
17.38	-8.608	-13.723	-34.6
17.39	-8.600	-13.444	-34.9
17.4	-8.592	-13.455	-38.2
17.41	-8.585	-13.638	-37.4
17.42	-8.578	-14.244	-30.5
17.43	-8.570	-14.809	-36.9
17.44	-8.564	-14.563	-40.6
17.45	-8.558	-13.877	-37.5
17.46	-8.551	-13.355	-36.3
17.47	-8.546	-12.731	-28.0
17.48	-8.539	-12.067	-25.5
17.49	-8.533	-11.875	-31.1
17.5	-8.527	-12.109	-35.0
17.51	-8.522	-12.536	-25.0
17.52	-8.518	-13.161	-26.2
17.53	-8.513	-13.708	-41.6
17.54	-8.508	-13.744	-27.9
17.55	-8.504	-13.447	-18.5
17.56	-8.499	-13.172	-26.9
17.57	-8.494	-12.925	-30.9
17.58	-8.489	-12.845	-33.6
17.59	-8.484	-13.083	-29.7
17.6	-8.481	-13.166	-20.5
17.61	-8.477	-12.903	-21.0
17.62	-8.474	-13.119	-26.6
17.63	-8.470	-13.934	-29.3
17.64	-8.466	-14.483	-23.1
17.65	-8.463	-14.764	-12.3
17.66	-8.461	-15.180	-25.3
17.67	-8.457	-15.428	-41.0
17.68	-8.455	-15.506	-14.9
17.69	-8.452	-15.605	-5.1
17.7	-8.449	-15.384	-16.6
17.71	-8.447	-15.061	-6.0
17.72	-8.446	-15.305	13.4
17.73	-8.444	-15.569	20.6
17.74	-8.442	-14.948	15.6
17.75	-8.439	-14.127	5.0
17.76	-8.438	-14.206	-13.4
17.77	-8.435	-14.748	-33.4
17.78	-8.434	-14.794	-31.8
17.79	-8.432	-14.567	-30.5
17.8	-8.431	-14.700	-40.5
17.81	-8.429	-15.033	-43.8
17.82	-8.428	-15.277	-35.8
17.83	-8.426	-15.256	-21.6
17.84	-8.425	-14.834	-25.0
17.85	-8.422	-14.278	-41.5
17.86	-8.421	-13.823	-37.2
17.87	-8.421	-13.341	-28.7
17.88	-8.422	-12.875	-22.7
17.89	-8.422	-12.773	-16.4
17.9	-8.419	-12.994	35.3
17.91	-8.413	-13.205	181.3
17.92	-8.408	-13.330	285.2
17.93	-8.404	-13.445	209.6
17.94	-8.403	-13.669	47.6
17.95	-8.403	-13.905	-48.1
17.96	-8.406	-13.817	-54.4
17.97	-8.409	-13.391	-34.5
17.98	-8.410	-12.988	-30.5
17.99	-8.408	-12.978	-34.0
18.0	-8.401	-13.461	-21.4
18.01	-8.394	-14.038	-22.0
18.02	-8.386	-14.125	-40.4
18.03	-8.379	-13.863	-42.1
18.04	-8.369	-13.881	-25.9
18.05	-8.359	-14.092	-20.5
18.06	-8.348	-13.636	-22.3
18.07	-8.339	-11.506	-22.0
18.08	-8.330	-6.280	-23.6
18.09	-8.323	3.241	-23.2
18.1	-8.318	15.602	-19.9
18.11	-8.313	26.961	-6.9
18.12	-8.308	34.478	5.5
18.13	-8.305	37.978	-0.9
18.14	-8.303	38.197	-15.6
18.15	-8.301	35.264	-13.8
18.16	-8.301	29.666	7.0
18.17	-8.302	22.617	19.3
18.18	-8.303	15.089	26.5
18.19	-8.303	7.627	27.6
18.2	-8.303	0.739	29.8
18.21	-8.303	-5.111	44.4
18.22	-8.303	-9.561	63.2
18.23	-8.303	-12.103	67.2
18.24	-8.304	-12.745	68.1
18.25	-8.306	-12.713	71.3
18.26	-8.311	-12.941	57.4
18.27	-8.315	-12.838	30.6
18.28	-8.319	-11.981	8.7
18.29	-8.322	-11.220	-21.0
18.3	-8.327	-11.089	-44.4
18.31	-8.331	-11.103	-38.1
18.32	-8.335	-11.223	-27.6
18.33	-8.338	-12.178	-40.3
18.34	-8.339	-14.020	-49.9
18.35	-8.341	-15.781	-42.2
18.36	-8.344	-16.561	-34.8
18.37	-8.348	-16.077	-35.7
18.38	-8.352	-14.763	-44.3
18.39	-8.356	-13.344	-43.6
18.4	-8.360	-11.859	-36.6
18.41	-8.365	-9.895	-41.5
18.42	-8.370	-7.792	-39.5
18.43	-8.374	-6.523	-41.8
18.44	-8.377	-6.381	-50.2
18.45	-8.379	-6.847	-40.3
18.46	-8.379	-7.567	-23.3
18.47	-8.379	-8.461	-29.6
18.48	-8.378	-9.386	-42.5
18.49	-8.377	-10.309	-44.2
18.5	-8.377	-11.178	-43.3
18.51	-8.376	-11.838	-38.1
18.52	-8.374	-12.477	-26.2
18.53	-8.374	-13.439	-30.6
18.54	-8.373	-14.513	-40.7
18.55	-8.373	-15.248	-27.4
18.56	-8.372	-15.570	-18.4
18.57	-8.373	-15.491	-38.0
18.58	-8.374	-15.056	-48.1
18.59	-8.375	-14.616	-39.1
18.6	-8.376	-14.534	-38.0
18.61	-8.378	-14.725	-41.0
18.62	-8.379	-14.722	-28.9
18.63	-8.381	-14.425	-19.5
18.64	-8.383	-14.188	-25.9
18.65	-8.385	-13.978	-30.6
18.66	-8.387	-13.658	-33.7
18.67	-8.390	-13.548	-43.3
18.68	-8.393	-13.748	-35.2
18.69	-8.396	-13.852	-23.4
18.7	-8.400	-13.786	-26.3
18.71	-8.404	-13.819	-26.1
18.72	-8.409	-13.723	-22.2
18.73	-8.416	-13.283	-31.5
18.74	-8.426	-12.992	-33.8
18.75	-8.439	-13.123	-28.0
18.76	-8.455	-13.411	-25.4
18.77	-8.475	-13.713	-22.9
18.78	-8.498	-13.773	-25.8
18.79	-8.523	-13.369	-24.4
18.8	-8.549	-12.903	-23.1
18.81	-8.578	-12.661	-29.6
18.82	-8.607	-12.423	-21.3
18.83	-8.639	-12.330	-16.2
18.84	-8.670	-12.763	-31.6
18.85	-8.701	-13.495	-40.9
18.86	-8.732	-14.047	-22.8
18.87	-8.763	-14.166	-12.3
18.88	-8.793	-13.778	-19.1
18.89	-8.822	-13.338	-19.2
18.9	-8.850	-13.481	-14.9
18.91	-8.878	-14.045	-12.3
18.92	-8.907	-14.450	-14.2
18.93	-8.936	-14.302	-25.1
18.94	-8.966	-13.695	-34.0
18.95	-8.994	-13.378	-30.8
18.96	-9.023	-13.788	-25.0
18.97	-9.052	-14.548	-15.5
18.98	-9.081	-15.116	-2.8
18.99	-9.109	-15.127	-8.3
19.0	-9.136	-14.572	-17.3
19.01	-9.162	-14.153	-19.6
19.02	-9.189	-14.473	-20.5
19.03	-9.213	-14.847	-20.2
19.04	-9.237	-14.447	-10.7
19.05	-9.260	-13.758	-10.3
19.06	-9.284	-13.536	-18.6
19.07	-9.307	-13.695	-3.6
19.08	-9.331	-13.931	22.5
19.09	-9.355	-14.150	30.0
19.1	-9.379	-14.270	33.3
19.11	-9.403	-14.158	29.6
19.12	-9.425	-13.845	-2.2
19.13	-9.444	-13.508	-34.4
19.14	-9.462	-13.170	-29.7
19.15	-9.479	-12.847	-16.5
19.16	-9.498	-12.708	-12.5
19.17	-9.516	-12.916	-13.7
19.18	-9.535	-13.380	-30.9
19.19	-9.553	-13.761	-49.0
19.2	-9.569	-13.747	-33.4
19.21	-9.584	-13.384	-9.9
19.22	-9.601	-13.194	-16.6
19.23	-9.619	-13.416	-24.8
19.24	-9.638	-13.614	-18.1
19.25	-9.657	-13.611	-24.3
19.26	-9.674	-13.720	5.9
19.27	-9.687	-13.930	142.1
19.28	-9.699	-14.034	283.4
19.29	-9.713	-14.073	278.9
19.3	-9.729	-14.153	133.0
19.31	-9.745	-14.131	-15.9
19.32	-9.761	-13.761	-51.6
19.33	-9.777	-13.386	-34.0
19.34	-9.790	-13.539	-36.0
19.35	-9.797	-13.842	-35.0
19.36	-9.798	-13.894	-16.5
19.37	-9.794	-14.069	-15.4
19.38	-9.790	-14.322	-27.8
19.39	-9.789	-14.181	-17.3
19.4	-9.789	-14.055	-10.4
19.41	-9.792	-14.523	-28.5
19.42	-9.795	-14.839	-19.7
19.43	-9.798	-13.641	-1.4
19.44	-9.801	-9.881	-13.0
19.45	-9.804	-2.345	-17.1
19.46	-9.808	9.314	-2.6
19.47	-9.813	22.409	4.1
19.48	-9.818	32.809	0.5
19.49	-9.821	38.745	-0.9
19.5	-9.826	40.470	18.9
19.51	-9.829	38.189	18.4
19.52	-9.833	32.833	4.7
19.53	-9.839	26.163	37.1
19.54	-9.845	19.069	63.1
19.55	-9.852	11.698	53.5
19.56	-9.857	4.767	56.7
19.57	-9.863	-1.028	72.3
19.58	-9.866	-5.986	80.8
19.59	-9.870	-10.219	81.0
19.6	-9.876	-13.036	97.3
19.61	-9.883	-14.272	105.2
19.62	-9.892	-14.611	73.1
19.63	-9.901	-14.273	37.1
19.64	-9.908	-12.902	20.0
19.65	-9.912	-11.047	-3.4
19.66	-9.919	-9.967	-24.5
19.67	-9.926	-10.036	-37.9
19.68	-9.931	-10.825	-34.8
19.69	-9.936	-12.163	-25.3
19.7	-9.938	-13.980	-40.7
19.71	-9.941	-15.730	-52.7
19.72	-9.944	-16.708	-39.3
19.73	-9.947	-16.555	-29.3
19.74	-9.952	-15.355	-35.3
19.75	-9.956	-13.480	-37.2
19.76	-9.960	-11.339	-33.3
19.77	-9.964	-9.167	-37.0
19.78	-9.970	-7.044	-41.4
19.79	-9.976	-5.408	-40.0
19.8	-9.981	-4.770	-28.8
19.81	-9.984	-4.902	-26.0
19.82	-9.986	-5.281	-30.2
19.83	-9.987	-5.833	-33.7
19.84	-9.986	-6.730	-45.4
19.85	-9.986	-7.964	-48.9
19.86	-9.984	-9.506	-30.3
19.87	-9.983	-11.266	-24.2
19.88	-9.982	-12.888	-32.8
19.89	-9.981	-14.178	-31.1
19.9	-9.981	-15.039	-30.5
19.91	-9.981	-15.309	-47.6
19.92	-9.980	-15.397	-42.8
19.93	-9.979	-15.875	-19.1
19.94	-9.979	-16.484	-29.9
19.95	-9.978	-16.463	-42.9
19.96	-9.978	-15.759	-30.9
19.97	-9.976	-15.222	-25.2
19.98	-9.976	-14.966	-34.2
19.99	-9.977	-14.406	-50.4
20.0	-9.978	-13.944	-39.2
20.01	-9.979	-14.094	-12.9
20.02	-9.981	-14.322	-23.0
20.03	-9.983	-14.092	-42.1
20.04	-9.985	-13.634	-34.0
20.05	-9.986	-13.383	-15.2
20.06	-9.988	-13.350	-22.9
20.07	-9.988	-13.178	-43.5
20.08	-9.987	-12.741	-29.5
20.09	-9.986	-12.470	-11.7
20.1	-9.983	-12.655	-17.5
20.11	-9.979	-12.908	-37.7
20.12	-9.974	-12.866	-38.1
20.13	-9.968	-12.792	-19.4
20.14	-9.962	-12.942	-24.0
20.15	-9.954	-13.036	-37.0
20.16	-9.944	-13.058	-13.0
20.17	-9.933	-13.466	-12.5
20.18	-9.922	-14.164	-42.3
20.19	-9.909	-14.445	-21.7
20.2	-9.896	-13.941	3.4
20.21	-9.883	-13.189	-25.0
20.22	-9.869	-13.016	-41.5
20.23	-9.856	-13.222	-16.4
20.24	-9.844	-13.227	0.1
20.25	-9.831	-13.250	-20.1
20.26	-9.819	-13.342	-34.0
20.27	-9.806	-13.183	-9.7
20.28	-9.793	-12.967	-1.6
20.29	-9.780	-12.981	-26.6
20.3	-9.768	-13.291	-1.4
20.31	-9.758	-13.850	41.2
20.32	-9.749	-14.203	29.4
20.33	-9.740	-14.130	6.2
20.34	-9.729	-14.183	8.3
20.35	-9.719	-14.613	-2.2
20.36	-9.708	-15.038	-31.8
20.37	-9.697	-15.266	-42.6
20.38	-9.686	-15.320	-29.9
20.39	-9.674	-15.284	-22.1
20.4	-9.662	-15.016	-31.6
20.41	-9.649	-14.206	-35.8
20.42	-9.637	-13.381	-26.8
20.43	-9.623	-13.225	-23.6
20.44	-9.607	-13.452	-31.4
20.45	-9.593	-13.536	-22.6
20.46	-9.582	-13.347	-10.6
20.47	-9.574	-13.166	-36.9
20.48	-9.564	-13.380	-50.8
20.49	-9.549	-13.759	-5.7
20.5	-9.531	-13.808	118.6
20.51	-9.508	-13.717	248.8
20.52	-9.486	-13.689	245.3
20.53	-9.466	-13.538	97.8
20.54	-9.447	-13.363	-31.9
20.55	-9.426	-13.267	-54.2
20.56	-9.406	-13.166	-43.0
20.57	-9.386	-13.103	-40.8
20.58	-9.366	-13.266	-33.0
20.59	-9.342	-13.556	-14.9
20.6	-9.314	-13.736	-14.2
20.61	-9.282	-14.036	-30.1
20.62	-9.249	-14.636	-24.2
20.63	-9.216	-15.122	-15.8
20.64	-9.186	-15.192	-22.3
20.65	-9.157	-15.109	-16.0
20.66	-9.129	-15.013	-3.4
20.67	-9.101	-14.342	-10.2
20.68	-9.072	-12.188	-15.1
20.69	-9.044	-7.495	-7.3
20.7	-9.018	0.734	-0.7
20.71	-8.993	12.241	-3.1
20.72	-8.970	23.884	0.6
20.73	-8.947	31.427	23.1
20.74	-8.925	34.050	31.1
20.75	-8.903	33.652	16.6
20.76	-8.883	30.747	28.5
20.77	-8.863	25.220	47.0
20.78	-8.844	18.484	42.2
20.79	-8.826	12.067	51.3
20.8	-8.809	6.061	86.3
20.81	-8.791	0.305	99.5
20.82	-8.774	-4.798	89.2
20.83	-8.760	-8.902	99.6
20.84	-8.749	-11.881	96.0
20.85	-8.740	-13.775	41.9
20.86	-8.731	-14.764	12.6
20.87	-8.719	-15.211	7.4
20.88	-8.707	-15.480	-19.0
20.89	-8.696	-15.588	-37.0
20.9	-8.684	-15.516	-40.3
20.91	-8.673	-15.755	-52.2
20.92	-8.662	-16.677	-57.3
20.93	-8.653	-17.691	-55.8
20.94	-8.644	-18.114	-62.3
20.95	-8.635	-18.006	-58.5
20.96	-8.626	-17.355	-38.8
20.97	-8.619	-15.945	-29.3
20.98	-8.612	-13.973	-34.5
20.99	-8.606	-11.752	-42.8
21.0	-8.600	-9.541	-47.9
21.01	-8.594	-7.747	-48.5
21.02	-8.588	-6.489	-41.6
21.03	-8.580	-5.330	-39.1
21.04	-8.572	-4.247	-39.5
21.05	-8.564	-4.003	-35.2
21.06	-8.557	-4.725	-34.6
21.07	-8.549	-5.694	-29.0
21.08	-8.541	-6.881	-26.1
21.09	-8.533	-8.670	-45.2
21.1	-8.524	-10.823	-52.9
21.11	-8.518	-12.859	-44.5
21.12	-8.511	-14.453	-35.3
21.13	-8.504	-15.548	-31.9
21.14	-8.498	-16.492	-38.7
21.15	-8.491	-17.344	-39.9
21.16	-8.484	-17.350	-36.8
21.17	-8.476	-16.380	-35.7
21.18	-8.469	-15.634	-32.0
21.19	-8.463	-15.695	-44.2
21.2	-8.456	-15.706	-45.0
21.21	-8.450	-15.103	-31.1
21.22	-8.444	-14.450	-34.7
21.23	-8.439	-14.370	-43.0
21.24	-8.434	-14.763	-37.9
21.25	-8.430	-15.061	-27.9
21.26	-8.428	-14.941	-23.8
21.27	-8.425	-14.603	-27.4
21.28	-8.422	-14.331	-39.0
21.29	-8.418	-14.009	-42.2
21.3	-8.412	-13.492	-30.0
21.31	-8.408	-13.119	-24.1
21.32	-8.403	-13.127	-23.6
21.33	-8.399	-13.220	-30.3
21.34	-8.396	-13.236	-30.3
21.35	-8.392	-13.222	-27.4
21.36	-8.388	-13.184	-35.4
21.37	-8.385	-13.269	-33.9
21.38	-8.381	-13.477	-16.2
21.39	-8.377	-13.645	-14.3
21.4	-8.375	-13.836	-32.5
21.41	-8.373	-14.211	-25.7
21.42	-8.370	-15.027	-12.4
21.43	-8.368	-16.083	-28.4
21.44	-8.367	-16.047	-36.5
21.45	-8.366	-14.798	-28.7
21.46	-8.364	-13.847	-15.7
21.47	-8.363	-13.711	-14.2
21.48	-8.361	-13.808	-11.9
21.49	-8.361	-13.620	-13.3
21.5	-8.360	-13.658	-21.0
21.51	-8.360	-14.614	-23.0
21.52	-8.361	-15.069	-26.6
21.53	-8.361	-14.275	-19.0
21.54	-8.362	-13.834	-15.7
21.55	-8.362	-13.944	-28.7
21.56	-8.362	-13.900	-21.2
21.57	-8.363	-14.019	-0.7
21.58	-8.363	-14.564	-2.4
21.59	-8.364	-15.095	-18.7
21.6	-8.365	-15.352	-14.9
21.61	-8.366	-15.659	2.4
21.62	-8.367	-16.105	19.1
21.63	-8.370	-16.309	25.0
21.64	-8.373	-16.095	22.1
21.65	-8.374	-15.597	17.9
21.66	-8.377	-15.031	-12.4
21.67	-8.378	-14.377	-45.3
21.68	-8.380	-13.692	-36.9
21.69	-8.381	-13.661	-21.6
21.7	-8.383	-14.369	-28.2
21.71	-8.384	-15.072	-26.3
21.72	-8.386	-15.438	-14.7
21.73	-8.387	-15.431	-23.1
21.74	-8.388	-15.141	-32.3
21.75	-8.389	-14.767	-31.7
21.76	-8.391	-14.411	-29.5
21.77	-8.395	-14.136	-28.3
21.78	-8.399	-13.775	-25.4
21.79	-8.401	-13.158	-19.2
21.8	-8.399	-12.905	66.8
21.81	-8.396	-13.419	229.6
21.82	-8.393	-13.831	281.2
21.83	-8.393	-13.578	180.3
21.84	-8.393	-13.363	37.4
21.85	-8.396	-13.577	-50.2
21.86	-8.401	-13.600	-50.8
21.87	-8.407	-13.269	-34.3
21.88	-8.410	-13.391	-35.3
21.89	-8.408	-14.144	-39.0
21.9	-8.404	-14.458	-28.6
21.91	-8.398	-13.630	-21.0
21.92	-8.394	-12.575	-29.0
21.93	-8.388	-12.473	-20.0
21.94	-8.383	-12.989	-8.7
21.95	-8.377	-13.100	-22.6
21.96	-8.371	-12.156	-32.0
21.97	-8.364	-9.078	-31.6
21.98	-8.358	-2.106	-17.9
21.99	-8.352	9.316	-7.3
22.0	-8.347	22.564	-10.9
22.01	-8.344	33.330	-0.8
22.02	-8.343	39.716	15.9
22.03	-8.344	42.363	-10.3
22.04	-8.347	41.516	-35.8
22.05	-8.351	37.441	-15.5
22.06	-8.354	31.334	20.3
22.07	-8.358	24.103	30.2
22.08	-8.361	16.352	19.1
22.09	-8.363	8.883	31.8
22.1	-8.364	2.202	58.3
22.11	-8.366	-3.228	55.6
22.12	-8.366	-6.883	41.7
22.13	-8.366	-9.080	57.6
22.14	-8.366	-10.383	73.3
22.15	-8.367	-10.872	63.5
22.16	-8.370	-10.670	50.2
22.17	-8.374	-9.859	37.3
22.18	-8.377	-8.853	20.1
22.19	-8.381	-8.333	-7.6
22.2	-8.385	-8.303	-30.5
22.21	-8.390	-8.598	-35.7
22.22	-8.394	-9.513	-44.3
22.23	-8.396	-11.263	-48.9
22.24	-8.398	-13.383	-32.4
22.25	-8.399	-14.963	-26.9
22.26	-8.402	-15.589	-40.3
22.27	-8.406	-15.269	-50.9
22.28	-8.409	-14.139	-47.9
22.29	-8.414	-12.794	-38.8
22.3	-8.419	-11.525	-32.8
22.31	-8.425	-9.983	-34.7
22.32	-8.433	-8.248	-34.3
22.33	-8.440	-6.636	-43.4
22.34	-8.447	-5.238	-52.3
22.35	-8.454	-4.541	-39.1
22.36	-8.461	-5.005	-35.2
22.37	-8.466	-6.303	-36.0
22.38	-8.470	-7.938	-25.2
22.39	-8.473	-9.664	-30.2
22.4	-8.477	-11.109	-37.8
22.41	-8.481	-12.331	-31.7
22.42	-8.487	-13.775	-38.5
22.43	-8.494	-14.997	-48.2
22.44	-8.502	-15.386	-26.2
22.45	-8.513	-15.459	-17.8
22.46	-8.527	-15.734	-39.9
22.47	-8.545	-15.839	-42.6
22.48	-8.566	-15.759	-24.5
22.49	-8.591	-16.006	-23.7
22.5	-8.617	-16.041	-33.4
22.51	-8.646	-15.089	-27.4
22.52	-8.676	-14.200	-24.7
22.53	-8.706	-14.266	-31.1
22.54	-8.736	-14.408	-25.1
22.55	-8.765	-14.309	-28.4
22.56	-8.794	-14.481	-31.9
22.57	-8.822	-14.738	-31.4
22.58	-8.851	-14.716	-29.8
22.59	-8.881	-14.527	-21.8
22.6	-8.910	-13.975	-19.2
22.61	-8.939	-13.284	-27.5
22.62	-8.967	-13.148	-38.6
22.63	-8.994	-13.288	-21.9
22.64	-9.021	-13.288	-3.1
22.65	-9.046	-13.423	-24.3
22.66	-9.071	-13.739	-37.9
22.67	-9.095	-13.947	-25.2
22.68	-9.118	-13.884	-19.3
22.69	-9.141	-13.384	-18.7
22.7	-9.164	-12.747	-17.5
22.71	-9.186	-12.563	-18.4
22.72	-9.207	-12.838	-18.1
22.73	-9.228	-13.275	-20.1
22.74	-9.248	-13.795	-19.5
22.75	-9.269	-14.125	-21.0
22.76	-9.290	-13.845	-16.0
22.77	-9.311	-13.302	-16.6
22.78	-9.331	-13.277	-20.5
22.79	-9.350	-13.747	-19.6
22.8	-9.367	-14.172	-19.0
22.81	-9.383	-14.533	-12.9
22.82	-9.398	-14.891	-14.3
22.83	-9.414	-14.850	-18.0
22.84	-9.431	-14.547	-17.2
22.85	-9.448	-14.394	-23.1
22.86	-9.464	-13.928	-15.5
22.87	-9.479	-13.081	1.2
22.88	-9.493	-12.833	-6.6
22.89	-9.507	-13.492	-29.8
22.9	-9.522	-14.336	-21.8
22.91	-9.536	-14.725	-1.7
22.92	-9.550	-14.498	-11.9
22.93	-9.563	-14.163	-27.5
22.94	-9.573	-14.392	-17.2
22.95	-9.584	-14.808	-4.7
22.96	-9.596	-14.409	-2.5
22.97	-9.608	-13.278	-4.1
22.98	-9.619	-12.680	-5.6
22.99	-9.632	-13.158	-12.8
23.0	-9.644	-13.938	-7.5
23.01	-9.659	-14.289	18.1
23.02	-9.673	-14.339	27.9
23.03	-9.686	-14.603	16.9
23.04	-9.699	-14.833	16.6
23.05	-9.710	-14.225	20.2
23.06	-9.722	-13.294	-3.3
23.07	-9.734	-13.203	-26.3
23.08	-9.746	-13.769	-25.6
23.09	-9.758	-14.234	-27.8
23.1	-9.769	-14.244	-28.3
23.11	-9.781	-13.627	-21.0
23.12	-9.792	-12.609	-25.9
23.13	-9.803	-12.031	-43.5
23.14	-9.813	-12.252	-29.3
23.15	-9.821	-12.589	-9.8
23.16	-9.830	-12.666	-13.9
23.17	-9.841	-12.773	-17.3
23.18	-9.854	-13.050	-30.7
23.19	-9.866	-13.338	-38.8
23.2	-9.875	-13.545	18.5
23.21	-9.881	-13.772	168.3
23.22	-9.886	-14.039	297.1
23.23	-9.893	-14.159	257.9
23.24	-9.899	-14.266	98.4
23.25	-9.903	-14.627	-26.1
23.26	-9.906	-14.797	-57.4
23.27	-9.909	-14.294	-39.7
23.28	-9.912	-13.538	-24.8
23.29	-9.909	-13.283	-32.4
23.3	-9.899	-13.672	-29.1
23.31	-9.884	-14.116	-17.1
23.32	-9.868	-14.142	-16.2
23.33	-9.856	-14.064	-20.3
23.34	-9.846	-14.436	-23.7
23.35	-9.840	-15.005	-23.1
23.36	-9.834	-14.808	-16.1
23.37	-9.828	-13.219	-10.6
23.38	-9.820	-9.741	-9.5
23.39	-9.814	-3.009	-9.5
23.4	-9.811	7.680	-8.7
23.41	-9.811	19.858	-14.6
23.42	-9.810	29.789	-7.3
23.43	-9.809	35.858	3.8
23.44	-9.808	38.197	0.4
23.45	-9.808	37.411	8.5
23.46	-9.809	34.373	37.3
23.47	-9.812	29.445	47.8
23.48	-9.815	22.459	30.4
23.49	-9.818	14.491	39.4
23.5	-9.819	7.539	73.2
23.51	-9.820	1.925	85.2
23.52	-9.820	-3.158	82.7
23.53	-9.821	-7.416	79.6
23.54	-9.823	-10.017	88.4
23.55	-9.829	-11.209	94.6
23.56	-9.837	-11.844	66.5
23.57	-9.845	-12.509	24.6
23.58	-9.850	-13.294	-1.4
23.59	-9.852	-12.853	-16.4
23.6	-9.854	-11.131	-24.8
23.61	-9.856	-10.384	-32.6
23.62	-9.857	-11.495	-38.9
23.63	-9.857	-13.580	-52.0
23.64	-9.856	-15.736	-54.9
23.65	-9.856	-17.363	-46.1
23.66	-9.856	-17.731	-45.7
23.67	-9.856	-16.542	-51.4
23.68	-9.857	-14.292	-46.8
23.69	-9.857	-11.783	-45.0
23.7	-9.856	-9.581	-48.9
23.71	-9.854	-7.688	-34.5
23.72	-9.852	-5.978	-39.2
23.73	-9.851	-4.689	-55.3
23.74	-9.851	-4.256	-42.1
23.75	-9.849	-4.641	-35.2
23.76	-9.846	-5.302	-45.4
23.77	-9.840	-6.169	-50.0
23.78	-9.832	-7.600	-37.2
23.79	-9.824	-9.383	-36.6
23.8	-9.815	-10.833	-42.3
23.81	-9.806	-11.717	-37.0
23.82	-9.796	-12.522	-42.3
23.83	-9.786	-13.763	-40.2
23.84	-9.776	-15.123	-28.8
23.85	-9.766	-15.750	-38.0
23.86	-9.756	-15.363	-40.5
23.87	-9.745	-14.881	-33.4
23.88	-9.733	-15.086	-45.6
23.89	-9.719	-15.102	-55.0
23.9	-9.706	-14.289	-40.4
23.91	-9.691	-13.645	-28.3
23.92	-9.678	-13.734	-36.8
23.93	-9.666	-14.003	-44.1
23.94	-9.654	-14.197	-29.0
23.95	-9.642	-14.522	-29.8
23.96	-9.631	-14.919	-55.3
23.97	-9.619	-15.066	-42.4
23.98	-9.607	-14.941	-13.8
23.99	-9.594	-14.758	-35.5
24.0	-9.582	-14.572	-50.3
24.01	-9.569	-14.494	-28.1
24.02	-9.556	-14.433	-6.8
24.03	-9.542	-13.786	-20.5
24.04	-9.527	-12.463	-45.0
24.05	-9.514	-11.438	-41.2
24.06	-9.500	-11.367	-30.9
24.07	-9.487	-11.845	-22.4
24.08	-9.473	-12.445	-8.2
24.09	-9.458	-12.988	-14.7
24.1	-9.443	-13.311	-34.5
24.11	-9.427	-13.589	-38.5
24.12	-9.412	-14.266	-37.0
24.13	-9.398	-15.178	-20.4
24.14	-9.383	-15.508	-8.8
24.15	-9.369	-15.039	-13.3
24.16	-9.355	-14.589	-15.0
24.17	-9.341	-14.727	-33.3
24.18	-9.326	-14.770	-36.1
24.19	-9.312	-14.069	-17.8
24.2	-9.298	-13.225	-13.2
24.21	-9.284	-12.845	-31.1
24.22	-9.270	-12.995	-35.1
24.23	-9.254	-13.613	-5.2
24.24	-9.238	-14.248	-3.9
24.25	-9.223	-14.580	-30.4
24.26	-9.207	-14.872	-26.6
24.27	-9.193	-15.267	-15.4
24.28	-9.178	-15.544	-10.9
24.29	-9.161	-15.708	-4.4
24.3	-9.146	-15.695	3.5
24.31	-9.131	-15.216	7.9
24.32	-9.117	-14.584	16.7
24.33	-9.102	-14.430	36.6
24.34	-9.087	-14.708	35.4
24.35	-9.070	-14.816	22.1
24.36	-9.054	-14.491	10.0
24.37	-9.037	-14.077	-14.8
24.38	-9.021	-13.870	-26.9
24.39	-9.005	-13.847	-15.1
24.4	-8.988	-13.939	6.3
24.41	-8.972	-14.136	0.7
24.42	-8.956	-14.369	-12.2
24.43	-8.940	-14.411	-7.8
24.44	-8.926	-14.186	-12.1
24.45	-8.912	-13.878	-14.7
24.46	-8.900	-13.205	3.5
24.47	-8.890	-12.106	21.4
24.48	-8.883	-11.734	24.3
24.49	-8.876	-12.353	16.6
24.5	-8.867	-12.863	41.0
24.51	-8.854	-13.186	155.2
24.52	-8.838	-13.955	299.7
24.53	-8.823	-14.741	330.0
24.54	-8.811	-14.802	208.2
24.55	-8.800	-14.384	45.8
24.56	-8.790	-13.934	-22.3
24.57	-8.781	-13.303	-19.4
24.58	-8.773	-12.606	-8.2
24.59	-8.766	-12.539	-6.4
24.6	-8.758	-13.206	-11.7
24.61	-8.746	-13.934	-15.6
24.62	-8.732	-14.367	-11.9
24.63	-8.717	-14.477	11.4
24.64	-8.701	-14.256	12.7
24.65	-8.686	-14.016	-6.3
24.66	-8.672	-13.939	8.2
24.67	-8.658	-13.620	17.3
24.68	-8.644	-12.359	4.2
24.69	-8.632	-8.931	14.8
24.7	-8.620	-1.773	26.4
24.71	-8.609	9.289	19.1
24.72	-8.600	21.666	34.0
24.73	-8.592	31.348	44.2
24.74	-8.586	36.531	34.0
24.75	-8.578	38.309	30.8
24.76	-8.569	37.614	43.5
24.77	-8.561	34.253	56.8
24.78	-8.553	28.561	48.6
24.79	-8.545	21.616	48.9
24.8	-8.539	14.245	64.3
24.81	-8.532	7.038	62.4
24.82	-8.525	0.992	59.5
24.83	-8.519	-3.316	56.2
24.84	-8.514	-6.798	42.6
24.85	-8.511	-9.995	35.8
24.86	-8.509	-11.886	21.4
24.87	-8.510	-12.000	-13.5
24.88	-8.510	-11.289	-36.3
24.89	-8.508	-10.456	-53.3
24.9	-8.504	-9.572	-68.4
24.91	-8.502	-9.166	-65.0
24.92	-8.500	-9.839	-62.7
24.93	-8.497	-11.273	-80.2
24.94	-8.493	-12.939	-91.2
24.95	-8.491	-14.644	-90.5
24.96	-8.488	-16.128	-98.0
24.97	-8.487	-16.966	-92.1
24.98	-8.486	-16.758	-80.9
24.99	-8.486	-15.438	-95.2
25.0	-8.485	-13.227	-88.5
25.01	-8.484	-10.413	-64.2
25.02	-8.485	-7.681	-67.0
25.03	-8.486	-5.998	-79.1
25.04	-8.488	-5.200	-72.6
25.05	-8.488	-4.313	-60.0
25.06	-8.488	-3.656	-60.5
25.07	-8.487	-3.948	-70.5
25.08	-8.485	-4.709	-64.8
25.09	-8.482	-5.688	-52.5
25.1	-8.481	-7.386	-63.9
25.11	-8.478	-9.698	-67.9
25.12	-8.476	-11.827	-40.5
25.13	-8.475	-13.458	-41.2
25.14	-8.474	-14.741	-64.3
25.15	-8.473	-15.334	-56.6
25.16	-8.473	-15.339	-34.9
25.17	-8.472	-15.459	-36.1
25.18	-8.471	-15.700	-47.3
25.19	-8.469	-15.820	-47.5
25.2	-8.468	-15.875	-49.5
25.21	-8.467	-15.838	-64.5
25.22	-8.466	-15.722	-60.6
25.23	-8.465	-15.717	-38.6
25.24	-8.464	-15.752	-39.3
25.25	-8.463	-15.470	-48.8
25.26	-8.463	-14.778	-32.8
25.27	-8.463	-13.992	-30.1
25.28	-8.462	-13.575	-55.1
25.29	-8.461	-13.630	-46.4
25.3	-8.461	-13.816	-19.7
25.31	-8.459	-13.911	-37.8
25.32	-8.458	-14.058	-55.5
25.33	-8.457	-14.361	-42.9
25.34	-8.457	-14.502	-29.8
25.35	-8.457	-14.130	-35.7
25.36	-8.457	-13.481	-34.6
25.37	-8.458	-13.022	-16.8
25.38	-8.458	-12.811	-23.2
25.39	-8.459	-12.803	-40.0
25.4	-8.459	-13.091	-30.2
25.41	-8.459	-13.494	-29.6
25.42	-8.459	-13.559	-52.0
25.43	-8.458	-13.133	-43.4
25.44	-8.457	-12.845	-6.4
25.45	-8.456	-13.197	-16.6
25.46	-8.455	-13.825	-44.5
25.47	-8.454	-14.427	-15.3
25.48	-8.454	-15.095	-4.4
25.49	-8.453	-15.722	-50.0
25.5	-8.453	-15.895	-45.8
25.51	-8.451	-15.341	-13.1
25.52	-8.449	-14.400	-24.8
25.53	-8.449	-13.764	-25.6
25.54	-8.447	-13.602	-8.3
25.55	-8.447	-13.723	-21.4
25.56	-8.447	-14.058	-35.1
25.57	-8.447	-14.384	-20.9
25.58	-8.447	-14.386	-6.7
25.59	-8.447	-14.222	-21.5
25.6	-8.447	-14.338	-22.3
25.61	-8.447	-14.725	-9.3
25.62	-8.447	-14.998	-18.2
25.63	-8.448	-14.931	-32.6
25.64	-8.449	-14.734	-37.5
25.65	-8.449	-14.595	-33.1
25.66	-8.450	-14.427	-21.2
25.67	-8.451	-14.331	-1.9
25.68	-8.451	-14.483	6.8
25.69	-8.452	-14.770	5.9
25.7	-8.454	-14.947	15.2
25.71	-8.456	-15.078	17.8
25.72	-8.459	-15.238	7.5
25.73	-8.461	-14.978	-1.7
25.74	-8.463	-14.228	-3.2
25.75	-8.465	-13.556	-28.2
25.76	-8.466	-13.248	-37.3
25.77	-8.468	-13.291	-8.5
25.78	-8.469	-13.567	-24.7
25.79	-8.471	-13.623	-56.6
25.8	-8.472	-13.208	-35.6
25.81	-8.473	-12.805	-28.4
25.82	-8.474	-12.819	-52.1
25.83	-8.475	-12.928	-46.3
25.84	-8.477	-12.836	-8.3
25.85	-8.481	-12.808	-13.4
25.86	-8.488	-13.023	-50.0
25.87	-8.493	-13.298	-38.0
25.88	-8.494	-13.652	28.4
25.89	-8.493	-14.059	155.2
25.9	-8.492	-14.272	255.2
25.91	-8.492	-14.356	235.5
25.92	-8.493	-14.433	110.1
25.93	-8.496	-14.392	-33.7
25.94	-8.502	-14.159	-69.5
25.95	-8.511	-13.827	-47.4
25.96	-8.519	-13.588	-33.1
25.97	-8.524	-13.619	-30.6
25.98	-8.523	-13.977	-36.3
25.99	-8.518	-14.320	-22.2
26.0	-8.515	-14.403	-26.0
26.01	-8.514	-14.630	-57.3
26.02	-8.511	-15.163	-56.5
26.03	-8.508	-15.492	-21.7
26.04	-8.503	-14.905	-6.2
26.05	-8.500	-12.272	-18.1
26.06	-8.498	-6.275	-14.0
26.07	-8.496	3.744	-18.1
26.08	-8.496	16.952	-37.2
26.09	-8.498	30.269	-22.9
26.1	-8.501	39.838	-0.6
26.11	-8.507	44.258	-12.3
26.12	-8.517	44.809	-14.0
26.13	-8.530	42.789	-1.0
26.14	-8.546	38.441	3.4
26.15	-8.566	31.913	2.4
26.16	-8.586	24.089	11.0
26.17	-8.606	16.267	29.9
26.18	-8.625	9.305	38.9
26.19	-8.644	3.388	43.6
26.2	-8.664	-1.608	47.6
26.21	-8.684	-5.544	55.0
26.22	-8.704	-7.970	74.6
26.23	-8.724	-8.970	76.0
26.24	-8.746	-9.141	56.3
26.25	-8.769	-8.666	31.9
26.26	-8.794	-7.763	11.4
26.27	-8.818	-7.017	-0.3
26.28	-8.840	-6.623	-17.2
26.29	-8.864	-6.650	-38.1
26.3	-8.888	-7.280	-44.0
26.31	-8.911	-8.727	-37.2
26.32	-8.933	-11.263	-37.8
26.33	-8.954	-14.339	-53.7
26.34	-8.975	-16.628	-40.2
26.35	-8.996	-17.323	-21.6
26.36	-9.018	-16.652	-48.3
26.37	-9.041	-15.314	-62.2
26.38	-9.064	-13.736	-47.2
26.39	-9.088	-11.770	-50.2
26.4	-9.111	-9.255	-47.8
26.41	-9.134	-6.880	-28.2
26.42	-9.157	-5.466	-32.8
26.43	-9.180	-4.886	-57.8
26.44	-9.203	-4.973	-32.7
26.45	-9.223	-5.816	-10.4
26.46	-9.244	-7.148	-52.7
26.47	-9.264	-8.611	-72.0
26.48	-9.284	-10.127	-46.7
26.49	-9.302	-11.778	-33.5
26.5	-9.320	-13.491	-38.6
26.51	-9.337	-15.039	-39.0
26.52	-9.353	-16.183	-28.5
26.53	-9.370	-16.819	-26.9
26.54	-9.388	-16.995	-44.1
26.55	-9.404	-16.672	-65.6
26.56	-9.422	-16.020	-51.1
26.57	-9.439	-15.522	-22.4
26.58	-9.456	-15.333	-29.0
26.59	-9.473	-15.184	-47.2
26.6	-9.488	-14.920	-30.7
26.61	-9.502	-14.775	-18.9
26.62	-9.517	-14.867	-39.6
26.63	-9.530	-14.747	-43.8
26.64	-9.543	-14.239	-32.1
26.65	-9.556	-13.925	-31.8
26.66	-9.571	-14.206	-31.4
26.67	-9.584	-14.867	-30.4
26.68	-9.596	-15.552	-24.3
26.69	-9.609	-16.106	-30.7
26.7	-9.621	-16.683	-39.9
26.71	-9.633	-17.306	-30.6
26.72	-9.644	-17.425	-31.0
26.73	-9.654	-16.700	-36.9
26.74	-9.667	-15.892	-23.7
26.75	-9.679	-15.652	-16.5
26.76	-9.692	-15.394	-26.6
26.77	-9.703	-14.645	-31.6
26.78	-9.714	-13.978	-25.2
26.79	-9.726	-13.866	-20.3
26.8	-9.737	-14.081	-21.3
26.81	-9.749	-14.358	-23.0
26.82	-9.760	-14.245	-31.4
26.83	-9.771	-13.433	-31.9
26.84	-9.782	-12.881	-18.1
26.85	-9.792	-13.403	-29.7
26.86	-9.802	-14.211	-33.5
26.87	-9.812	-14.570	-21.5
26.88	-9.822	-14.938	-23.0
26.89	-9.831	-15.680	-19.4
26.9	-9.841	-16.194	-14.2
26.91	-9.849	-15.855	-18.3
26.92	-9.859	-15.188	-19.7
26.93	-9.868	-15.175	-20.0
26.94	-9.877	-15.616	-30.1
26.95	-9.884	-15.741	-35.7
26.96	-9.893	-15.709	-18.0
26.97	-9.900	-16.019	-17.9
26.98	-9.908	-16.669	-22.3
26.99	-9.915	-17.345	-15.0
27.0	-9.922	-17.805	-17.0
27.01	-9.930	-18.161	-14.1
27.02	-9.938	-18.619	-11.5
27.03	-9.946	-18.795	-21.2
27.04	-9.954	-17.966	-29.0
27.05	-9.961	-16.539	-28.2
27.06	-9.969	-15.858	-20.9
27.07	-9.976	-16.225	-14.8
27.08	-9.982	-16.850	1.8
27.09	-9.989	-17.289	11.3
27.1	-9.996	-17.478	6.4
27.11	-10.003	-17.059	5.9
27.12	-10.009	-15.970	5.0
27.13	-10.014	-14.759	8.4
27.14	-10.020	-14.156	-2.9
27.15	-10.024	-14.456	-22.7
27.16	-10.028	-15.011	-24.6
27.17	-10.031	-15.325	-33.9
27.18	-10.034	-15.778	-39.3
27.19	-10.037	-16.261	-34.2
27.2	-10.039	-16.266	-31.5
27.21	-10.039	-16.177	-41.3
27.22	-10.041	-16.494	-42.9
27.23	-10.041	-16.906	-26.7
27.24	-10.041	-17.177	-28.0
27.25	-10.043	-17.845	-37.3
27.26	-10.046	-19.453	-34.5
27.27	-10.051	-21.108	-35.8
27.28	-10.056	-21.377	-36.2
27.29	-10.059	-20.520	-15.7
27.3	-10.059	-19.825	70.6
27.31	-10.056	-19.569	209.1
27.32	-10.054	-18.945	272.5
27.33	-10.053	-17.480	172.4
27.34	-10.053	-15.714	17.3
27.35	-10.053	-14.463	-49.9
27.36	-10.051	-13.986	-41.0
27.37	-10.048	-14.052	-24.6
27.38	-10.044	-14.255	-31.0
27.39	-10.035	-14.298	-35.4
27.4	-10.016	-14.242	-18.5
27.41	-9.991	-14.447	-15.0
27.42	-9.964	-15.178	-20.3
27.43	-9.939	-16.175	-19.7
27.44	-9.919	-16.889	-20.6
27.45	-9.902	-17.086	-19.6
27.46	-9.886	-16.883	-16.3
27.47	-9.869	-16.078	-11.5
27.48	-9.853	-13.298	-0.7
27.49	-9.835	-6.564	8.7
27.5	-9.818	4.461	8.6
27.51	-9.803	17.288	-1.7
27.52	-9.786	28.258	0.8
27.53	-9.769	35.238	9.1
27.54	-9.750	38.344	18.8
27.55	-9.731	38.425	30.3
27.56	-9.712	35.931	30.7
27.57	-9.693	31.342	29.1
27.58	-9.676	25.302	43.7
27.59	-9.658	18.409	64.5
27.6	-9.641	11.470	68.3
27.61	-9.624	5.075	75.7
27.62	-9.607	-0.638	94.2
27.63	-9.591	-5.363	93.4
27.64	-9.577	-8.809	86.4
27.65	-9.567	-11.213	65.5
27.66	-9.560	-12.900	37.0
27.67	-9.552	-13.791	13.5
27.68	-9.540	-13.828	0.4
27.69	-9.527	-13.266	-13.3
27.7	-9.516	-12.738	-47.4
27.71	-9.506	-12.842	-59.8
27.72	-9.493	-13.252	-47.8
27.73	-9.479	-13.631	-57.0
27.74	-9.467	-14.623	-68.4
27.75	-9.454	-16.155	-68.5
27.76	-9.443	-16.819	-68.7
27.77	-9.431	-16.019	-57.9
27.78	-9.421	-14.509	-46.0
27.79	-9.410	-12.694	-52.9
27.8	-9.400	-10.375	-51.7
27.81	-9.389	-7.795	-48.3
27.82	-9.376	-5.625	-56.4
27.83	-9.362	-4.186	-47.1
27.84	-9.347	-3.423	-34.3
27.85	-9.331	-3.216	-45.3
27.86	-9.314	-3.353	-58.1
27.87	-9.297	-3.736	-51.7
27.88	-9.280	-4.502	-38.7
27.89	-9.263	-5.913	-56.3
27.9	-9.246	-8.138	-80.5
27.91	-9.229	-10.872	-86.1
27.92	-9.213	-13.359	-90.4
27.93	-9.197	-14.998	-80.0
27.94	-9.182	-15.950	-55.9
27.95	-9.167	-16.680	-39.6
27.96	-9.152	-17.039	-24.6
27.97	-9.136	-16.678	-15.1
27.98	-9.120	-16.097	-19.7
27.99	-9.104	-15.955	-32.7
28.0	-9.087	-16.113	-25.9
28.01	-9.071	-16.150	-1.4
28.02	-9.054	-15.691	11.7
28.03	-9.038	-14.650	-8.8
28.04	-9.022	-13.633	-30.8
28.05	-9.006	-13.331	-23.5
28.06	-8.990	-13.717	-17.3
28.07	-8.974	-14.364	-16.5
28.08	-8.959	-14.741	-15.7
28.09	-8.946	-14.291	-22.3
28.1	-8.933	-13.277	-25.2
28.11	-8.919	-12.405	-30.1
28.12	-8.907	-11.727	-22.0
28.13	-8.894	-11.281	-10.8
28.14	-8.882	-11.111	-18.0
28.15	-8.871	-10.608	-22.8
28.16	-8.859	-9.781	-15.7
28.17	-8.847	-9.648	-26.9
28.18	-8.835	-10.519	-38.1
28.19	-8.822	-11.745	-19.1
28.2	-8.810	-12.675	-15.1
28.21	-8.798	-13.152	-35.9
28.22	-8.786	-13.434	-24.0
28.23	-8.775	-13.463	-11.4
28.24	-8.765	-12.861	-32.2
28.25	-8.754	-11.873	-32.0
28.26	-8.743	-11.405	-16.6
28.27	-8.731	-11.527	-30.0
28.28	-8.720	-11.313	-26.2
28.29	-8.709	-10.775	-0.2
28.3	-8.699	-10.741	-16.5
28.31	-8.689	-11.209	-42.0
28.32	-8.681	-11.595	-22.5
28.33	-8.672	-11.925	-15.1
28.34	-8.662	-12.706	-33.3
28.35	-8.654	-13.966	-36.8
28.36	-8.645	-15.117	-21.8
28.37	-8.636	-15.598	-11.1
28.38	-8.627	-15.705	-25.3
28.39	-8.619	-15.705	-32.9
28.4	-8.611	-15.202	-19.5
28.41	-8.603	-14.361	-17.7
28.42	-8.595	-13.936	-22.0
28.43	-8.589	-14.470	-21.9
28.44	-8.582	-15.289	-24.3
28.45	-8.577	-14.877	-32.1
28.46	-8.571	-12.705	-20.6
28.47	-8.566	-9.872	-6.3
28.48	-8.561	-8.127	-4.9
28.49	-8.556	-8.205	0.3
28.5	-8.552	-9.428	10.3
28.51	-8.548	-10.817	25.4
28.52	-8.544	-11.988	20.4
28.53	-8.541	-11.814	-7.5
28.54	-8.537	-9.783	-17.1
28.55	-8.535	-8.355	-24.3
28.56	-8.532	-9.098	-34.8
28.57	-8.528	-10.991	-31.5
28.58	-8.525	-13.298	-32.3
28.59	-8.522	-15.628	-35.7
28.6	-8.519	-16.864	-26.4
28.61	-8.515	-16.052	-36.7
28.62	-8.511	-14.264	-51.6
28.63	-8.508	-13.489	-37.5
28.64	-8.503	-14.072	-32.0
28.65	-8.501	-15.177	-30.6
28.66	-8.501	-16.117	-10.3
28.67	-8.501	-16.164	-17.2
28.68	-8.499	-14.886	-22.1
28.69	-8.494	-13.284	85.3
28.7	-8.486	-12.755	238.1
28.71	-8.478	-13.494	265.7
28.72	-8.471	-14.925	165.8
28.73	-8.466	-16.430	21.8
28.74	-8.462	-17.678	-57.0
28.75	-8.459	-18.628	-46.1
28.76	-8.456	-19.420	-29.7
28.77	-8.451	-20.052	-41.2
28.78	-8.444	-20.064	-39.6
28.79	-8.434	-18.995	-23.5
28.8	-8.423	-17.317	-28.2
28.81	-8.412	-16.389	-35.0
28.82	-8.402	-16.598	-20.6
28.83	-8.391	-16.981	-20.6
28.84	-8.381	-16.773	-31.1
28.85	-8.371	-15.559	-28.1
28.86	-8.361	-12.286	-29.7
28.87	-8.353	-5.156	-32.6
28.88	-8.346	6.597	-14.8
28.89	-8.339	20.914	-3.1
28.9	-8.333	33.897	-10.1
28.91	-8.329	42.703	-11.5
28.92	-8.326	46.673	-7.2
28.93	-8.324	46.264	-16.5
28.94	-8.324	42.391	-15.6
28.95	-8.326	36.064	-1.1
28.96	-8.327	28.339	12.3
28.97	-8.329	20.567	26.6
28.98	-8.332	13.434	33.0
28.99	-8.334	6.444	34.8
29.0	-8.336	-0.527	45.0
29.01	-8.337	-6.309	61.4
29.02	-8.338	-10.133	76.0
29.03	-8.339	-12.228	65.0
29.04	-8.342	-12.239	49.9
29.05	-8.346	-10.123	47.5
29.06	-8.351	-7.898	33.2
29.07	-8.356	-7.248	-1.4
29.08	-8.361	-7.377	-18.1
29.09	-8.365	-7.156	-14.8
29.1	-8.370	-7.116	-33.7
29.11	-8.374	-8.173	-61.6
29.12	-8.377	-10.330	-58.9
29.13	-8.380	-12.955	-47.2
29.14	-8.383	-15.314	-38.2
29.15	-8.385	-16.803	-29.2
29.16	-8.389	-16.950	-46.1
29.17	-8.393	-15.681	-62.8
29.18	-8.396	-13.830	-47.6
29.19	-8.400	-12.341	-48.2
29.2	-8.404	-10.947	-51.0
29.21	-8.409	-8.928	-29.1
29.22	-8.414	-6.603	-27.0
29.23	-8.419	-5.047	-47.4
29.24	-8.423	-4.888	-42.5
29.25	-8.426	-5.353	-30.4
29.26	-8.429	-5.344	-38.4
29.27	-8.431	-5.708	-39.3
29.28	-8.433	-7.670	-39.8
29.29	-8.436	-10.206	-49.3
29.3	-8.438	-11.725	-34.2
29.31	-8.440	-12.550	-29.1
29.32	-8.443	-14.023	-47.1
29.33	-8.446	-16.172	-45.6
29.34	-8.449	-17.848	-36.0
29.35	-8.451	-18.448	-28.9
29.36	-8.454	-18.439	-31.7
29.37	-8.456	-18.605	-44.2
29.38	-8.459	-19.028	-35.1
29.39	-8.461	-18.956	-26.8
29.4	-8.463	-17.334	-41.6
29.41	-8.465	-14.489	-46.5
29.42	-8.467	-12.789	-28.0
29.43	-8.470	-13.034	-29.3
29.44	-8.473	-13.563	-33.1
29.45	-8.475	-13.719	-17.5
29.46	-8.479	-13.511	-25.1
29.47	-8.483	-12.563	-52.5
29.48	-8.487	-11.884	-52.3
29.49	-8.491	-12.786	-37.3
