Interval=	0.01 s
ExcelDateTime=	3.9777558879648204e+004	25/11/2008 13:24:47.201605
TimeFormat=	StartOfBlock
ChannelTitle=	Channel 1	Channel 2	Channel 3
Range=	20.000 mV	50.000 mV	500.0 µV
0.0	-8.797	-12.731	-0.4
0.01	-8.800	-12.625	-3.8
0.02	-8.804	-12.666	-15.6
0.03	-8.808	-12.630	-31.0
0.04	-8.812	-12.552	-35.9
0.05	-8.816	-12.472	-31.5
0.06	-8.819	-12.266	-31.8
0.07	-8.823	-12.230	-28.9
0.08	-8.827	-12.288	-29.8
0.09	-8.832	-12.144	-35.5
0.1	-8.839	-11.989	-30.0
0.11	-8.849	-11.964	-28.8
0.12	-8.860	-11.970	-35.2
0.13	-8.867	-11.898	-24.1
0.14	-8.873	-11.833	90.4
0.15	-8.876	-11.942	280.4
0.16	-8.880	-12.192	352.3
0.17	-8.888	-12.430	242.6
0.18	-8.896	-12.488	63.2
0.19	-8.907	-12.456	-35.4
0.2	-8.920	-12.520	-40.5
0.21	-8.934	-12.539	-37.6
0.22	-8.944	-12.470	-42.5
0.23	-8.952	-12.456	-36.9
0.24	-8.957	-12.534	-38.6
0.25	-8.962	-12.636	-43.8
0.26	-8.966	-12.627	-47.9
0.27	-8.971	-12.583	-50.7
0.28	-8.975	-12.520	-34.6
0.29	-8.978	-12.092	-24.7
0.3	-8.982	-11.305	-23.8
0.31	-8.985	-10.044	-22.2
0.32	-8.990	-7.550	-21.1
0.33	-8.996	-3.286	-24.0
0.34	-9.004	2.216	-29.8
0.35	-9.013	7.291	-20.8
0.36	-9.023	10.667	-10.4
0.37	-9.034	12.150	-10.5
0.38	-9.045	11.794	-15.2
0.39	-9.058	10.095	-5.9
0.4	-9.072	7.614	10.6
0.41	-9.085	4.314	7.5
0.42	-9.098	0.477	8.6
0.43	-9.111	-3.263	18.3
0.44	-9.124	-6.553	23.8
0.45	-9.137	-9.281	35.1
0.46	-9.149	-11.319	50.5
0.47	-9.161	-12.397	68.4
0.48	-9.172	-12.744	85.4
0.49	-9.184	-12.839	99.5
0.5	-9.197	-12.613	100.4
0.51	-9.211	-11.944	83.1
0.52	-9.228	-11.014	66.4
0.53	-9.244	-9.942	41.5
0.54	-9.259	-9.092	15.5
0.55	-9.273	-8.909	-0.8
0.56	-9.287	-9.128	-22.8
0.57	-9.301	-9.541	-30.3
0.58	-9.314	-10.489	-29.0
0.59	-9.326	-11.786	-35.8
0.6	-9.338	-12.891	-38.7
0.61	-9.350	-13.614	-42.9
0.62	-9.362	-13.813	-45.8
0.63	-9.374	-13.477	-43.6
0.64	-9.388	-12.973	-48.7
0.65	-9.402	-12.645	-45.8
0.66	-9.416	-12.333	-34.4
0.67	-9.431	-12.030	-40.8
0.68	-9.445	-12.016	-43.8
0.69	-9.461	-12.084	-41.7
0.7	-9.476	-11.923	-42.2
0.71	-9.491	-11.664	-36.4
0.72	-9.505	-11.513	-35.9
0.73	-9.518	-11.273	-39.5
0.74	-9.529	-10.897	-36.9
0.75	-9.539	-10.677	-43.0
0.76	-9.549	-10.658	-47.7
0.77	-9.560	-10.808	-32.8
0.78	-9.570	-11.169	-30.1
0.79	-9.581	-11.672	-35.3
0.8	-9.591	-12.072	-37.3
0.81	-9.602	-12.408	-40.5
0.82	-9.613	-13.005	-44.3
0.83	-9.624	-13.709	-47.5
0.84	-9.636	-14.242	-42.3
0.85	-9.647	-14.466	-31.8
0.86	-9.658	-14.363	-26.4
0.87	-9.669	-14.167	-35.8
0.88	-9.679	-13.825	-40.5
0.89	-9.689	-13.408	-34.9
0.9	-9.699	-13.100	-34.7
0.91	-9.709	-12.728	-34.3
0.92	-9.719	-12.348	-37.8
0.93	-9.729	-12.050	-42.7
0.94	-9.740	-11.797	-33.8
0.95	-9.751	-11.620	-29.1
0.96	-9.763	-11.489	-30.3
0.97	-9.774	-11.530	-27.2
0.98	-9.784	-11.684	-27.4
0.99	-9.794	-11.941	-26.8
1.0	-9.804	-12.366	-26.9
1.01	-9.813	-12.533	-32.1
1.02	-9.822	-12.486	-32.3
1.03	-9.832	-12.613	-25.2
1.04	-9.842	-12.755	-22.8
1.05	-9.853	-12.895	-32.9
1.06	-9.863	-12.984	-27.9
1.07	-9.871	-12.866	-13.6
1.08	-9.880	-12.697	-22.2
1.09	-9.888	-12.414	-31.4
1.1	-9.896	-12.056	-27.4
1.11	-9.906	-11.933	-25.3
1.12	-9.914	-11.891	-28.0
1.13	-9.922	-11.753	-28.2
1.14	-9.930	-11.788	-17.1
1.15	-9.938	-12.016	-13.5
1.16	-9.946	-12.278	-28.9
1.17	-9.953	-12.477	-30.2
1.18	-9.959	-12.573	-14.4
1.19	-9.966	-12.866	-11.1
1.2	-9.973	-13.213	-17.1
1.21	-9.979	-13.267	-23.3
1.22	-9.985	-13.292	-28.5
1.23	-9.991	-13.441	-29.6
1.24	-9.997	-13.394	-23.4
1.25	-10.002	-13.017	-16.6
1.26	-10.007	-12.633	-23.1
1.27	-10.012	-12.383	-23.8
1.28	-10.016	-12.181	-10.5
1.29	-10.021	-12.123	-6.4
1.3	-10.024	-12.070	-10.4
1.31	-10.029	-11.844	-20.0
1.32	-10.034	-11.761	-33.6
1.33	-10.038	-11.839	-25.5
1.34	-10.042	-11.869	-15.7
1.35	-10.046	-12.050	-21.4
1.36	-10.050	-12.341	-14.5
1.37	-10.054	-12.581	-11.8
1.38	-10.058	-12.748	-20.7
1.39	-10.061	-12.761	-14.3
1.4	-10.064	-12.823	-12.7
1.41	-10.068	-13.009	-26.5
1.42	-10.071	-13.009	-24.9
1.43	-10.076	-12.859	-10.3
1.44	-10.079	-12.738	-2.6
1.45	-10.081	-12.667	-13.2
1.46	-10.083	-12.614	-24.8
1.47	-10.085	-12.483	-16.1
1.48	-10.086	-12.227	-8.5
1.49	-10.086	-11.917	-14.8
1.5	-10.086	-11.744	-23.7
1.51	-10.085	-11.719	-21.1
1.52	-10.083	-11.834	-10.9
1.53	-10.079	-12.056	-8.3
1.54	-10.075	-12.214	-9.9
1.55	-10.069	-12.316	-13.4
1.56	-10.064	-12.375	-15.9
1.57	-10.057	-12.456	-10.5
1.58	-10.048	-12.625	-14.6
1.59	-10.038	-12.772	-23.3
1.6	-10.027	-12.959	-9.8
1.61	-10.015	-13.113	1.2
1.62	-10.003	-13.017	-2.6
1.63	-9.991	-12.928	7.2
1.64	-9.978	-12.900	17.9
1.65	-9.967	-12.614	26.1
1.66	-9.955	-12.294	36.7
1.67	-9.942	-12.195	26.1
1.68	-9.929	-11.986	2.3
1.69	-9.914	-11.652	-15.6
1.7	-9.900	-11.572	-25.9
1.71	-9.886	-11.788	-26.2
1.72	-9.872	-12.061	-26.2
1.73	-9.858	-12.178	-33.5
1.74	-9.844	-12.267	-35.4
1.75	-9.829	-12.464	-27.3
1.76	-9.814	-12.494	-24.1
1.77	-9.799	-12.483	-33.0
1.78	-9.784	-12.642	-35.6
1.79	-9.770	-12.681	-28.3
1.8	-9.759	-12.584	-21.9
1.81	-9.752	-12.509	-21.0
1.82	-9.746	-12.398	-29.3
1.83	-9.736	-12.338	-23.7
1.84	-9.721	-12.256	65.3
1.85	-9.703	-12.189	233.2
1.86	-9.683	-12.370	324.2
1.87	-9.666	-12.455	233.8
1.88	-9.649	-12.272	53.9
1.89	-9.633	-12.094	-44.9
1.9	-9.616	-12.041	-50.5
1.91	-9.601	-12.184	-42.3
1.92	-9.586	-12.463	-36.4
1.93	-9.568	-12.631	-33.8
1.94	-9.546	-12.678	-33.7
1.95	-9.523	-12.819	-35.5
1.96	-9.500	-13.022	-36.4
1.97	-9.479	-13.108	-27.1
1.98	-9.461	-12.914	-25.2
1.99	-9.443	-12.627	-31.4
2.0	-9.424	-12.509	-19.7
2.01	-9.406	-12.025	-14.0
2.02	-9.389	-10.550	-19.9
2.03	-9.373	-7.858	-22.2
2.04	-9.358	-3.741	-22.8
2.05	-9.344	1.327	-12.0
2.06	-9.331	6.147	0.3
2.07	-9.319	9.630	4.8
2.08	-9.307	11.336	7.3
2.09	-9.296	11.292	6.3
2.1	-9.286	9.539	5.8
2.11	-9.276	6.489	16.0
2.12	-9.266	2.806	31.6
2.13	-9.254	-1.134	37.8
2.14	-9.244	-4.972	40.8
2.15	-9.232	-8.373	54.3
2.16	-9.221	-11.117	77.4
2.17	-9.211	-13.084	101.2
2.18	-9.201	-14.508	107.4
2.19	-9.191	-15.148	108.1
2.2	-9.184	-14.802	115.3
2.21	-9.180	-14.133	105.0
2.22	-9.177	-13.300	80.7
2.23	-9.172	-12.172	44.4
2.24	-9.167	-11.231	6.4
2.25	-9.162	-10.714	-17.1
2.26	-9.158	-10.497	-27.4
2.27	-9.152	-10.531	-31.4
2.28	-9.146	-10.881	-43.8
2.29	-9.141	-11.639	-52.7
2.3	-9.137	-12.398	-56.7
2.31	-9.134	-12.594	-63.6
2.32	-9.131	-12.467	-60.5
2.33	-9.129	-12.377	-52.4
2.34	-9.127	-12.173	-53.0
2.35	-9.127	-11.967	-57.7
2.36	-9.126	-11.930	-57.4
2.37	-9.125	-11.914	-46.2
2.38	-9.125	-11.881	-32.7
2.39	-9.125	-11.878	-34.2
2.4	-9.124	-11.255	-39.2
2.41	-9.124	-10.538	-37.6
2.42	-9.121	-11.947	-37.1
2.43	-9.118	-11.923	-42.9
2.44	-9.113	-9.973	-44.9
2.45	-9.109	-10.713	-39.6
2.46	-9.105	-11.547	-41.4
2.47	-9.101	-10.989	-50.2
2.48	-9.097	-11.859	-57.9
2.49	-9.092	-13.073	-52.2
2.5	-9.088	-12.995	-43.3
2.51	-9.082	-13.192	-43.6
2.52	-9.077	-14.391	-38.8
2.53	-9.072	-15.222	-43.6
2.54	-9.068	-14.673	-50.0
2.55	-9.063	-14.198	-36.2
2.56	-9.059	-14.095	-32.4
2.57	-9.054	-13.466	-39.4
2.58	-9.049	-13.000	-46.9
2.59	-9.044	-12.833	-59.1
2.6	-9.039	-12.392	-54.9
2.61	-9.034	-11.920	-31.3
2.62	-9.031	-11.780	-23.0
2.63	-9.026	-11.772	-31.0
2.64	-9.022	-11.595	-35.6
2.65	-9.018	-11.494	-42.4
2.66	-9.013	-11.645	-41.4
2.67	-9.009	-11.784	-33.5
2.68	-9.005	-11.953	-42.0
2.69	-9.001	-12.297	-46.7
2.7	-8.998	-12.688	-31.3
2.71	-8.994	-12.880	-30.0
2.72	-8.991	-12.973	-33.9
2.73	-8.988	-13.278	-26.1
2.74	-8.984	-13.439	-24.4
2.75	-8.981	-13.295	-25.3
2.76	-8.978	-13.136	-26.9
2.77	-8.974	-12.891	-29.3
2.78	-8.971	-12.584	-25.6
2.79	-8.967	-12.281	-29.5
2.8	-8.964	-12.050	-39.3
2.81	-8.962	-12.000	-30.5
2.82	-8.959	-11.984	-21.6
2.83	-8.956	-11.994	-22.2
2.84	-8.952	-12.161	-15.1
2.85	-8.949	-12.380	-18.1
2.86	-8.944	-12.436	-31.4
2.87	-8.940	-12.431	-32.1
2.88	-8.936	-12.616	-24.9
2.89	-8.931	-12.903	-27.5
2.9	-8.927	-13.028	-31.5
2.91	-8.922	-13.014	-22.4
2.92	-8.918	-12.994	-13.3
2.93	-8.912	-12.950	-18.1
2.94	-8.908	-12.911	-22.7
2.95	-8.902	-12.953	-19.4
2.96	-8.898	-12.941	-23.3
2.97	-8.893	-12.753	-26.5
2.98	-8.887	-12.673	-15.3
2.99	-8.881	-12.783	-13.8
3.0	-8.876	-12.742	-23.0
3.01	-8.871	-12.581	-25.3
3.02	-8.866	-12.494	-25.8
3.03	-8.861	-12.428	-23.5
3.04	-8.854	-12.364	-13.7
3.05	-8.849	-12.252	-8.3
3.06	-8.843	-12.142	-11.7
3.07	-8.838	-12.302	-12.6
3.08	-8.832	-12.614	-12.2
3.09	-8.826	-12.728	-20.4
3.1	-8.821	-12.722	-24.1
3.11	-8.816	-12.575	-23.6
3.12	-8.811	-12.339	-25.4
3.13	-8.806	-12.428	-16.8
3.14	-8.802	-12.609	-10.6
3.15	-8.797	-12.608	-7.7
3.16	-8.793	-12.669	-4.9
3.17	-8.788	-12.659	-12.0
3.18	-8.784	-12.566	-17.3
3.19	-8.781	-12.492	-13.7
3.2	-8.777	-12.277	-15.7
3.21	-8.774	-12.091	-19.9
3.22	-8.771	-12.092	-15.2
3.23	-8.768	-12.247	-18.8
3.24	-8.765	-12.436	-14.2
3.25	-8.763	-12.456	-3.6
3.26	-8.759	-12.448	-8.8
3.27	-8.756	-12.563	-7.8
3.28	-8.752	-12.659	0.7
3.29	-8.749	-12.752	-3.1
3.3	-8.746	-12.884	-10.6
3.31	-8.742	-12.950	6.3
3.32	-8.739	-12.950	40.5
3.33	-8.735	-12.988	44.3
3.34	-8.731	-12.980	21.9
3.35	-8.725	-12.834	13.8
3.36	-8.719	-12.713	-2.2
3.37	-8.714	-12.673	-22.0
3.38	-8.709	-12.705	-29.2
3.39	-8.703	-12.839	-32.4
3.4	-8.697	-12.873	-34.8
3.41	-8.692	-12.770	-34.5
3.42	-8.686	-12.648	-31.3
3.43	-8.680	-12.441	-36.0
3.44	-8.674	-12.192	-28.3
3.45	-8.669	-11.944	-15.9
3.46	-8.664	-11.830	-18.6
3.47	-8.661	-11.897	-24.3
3.48	-8.659	-11.995	-22.0
3.49	-8.657	-12.116	-22.1
3.5	-8.652	-12.122	23.6
3.51	-8.645	-12.147	180.9
3.52	-8.639	-12.259	328.5
3.53	-8.635	-12.275	327.7
3.54	-8.634	-12.317	172.9
3.55	-8.634	-12.334	6.1
3.56	-8.634	-12.342	-44.4
3.57	-8.636	-12.503	-40.0
3.58	-8.636	-12.583	-34.8
3.59	-8.633	-12.563	-36.8
3.6	-8.627	-12.708	-41.0
3.61	-8.621	-12.891	-40.2
3.62	-8.614	-12.823	-38.3
3.63	-8.606	-12.669	-37.9
3.64	-8.599	-12.583	-40.9
3.65	-8.590	-12.398	-43.4
3.66	-8.579	-12.019	-35.8
3.67	-8.569	-11.122	-20.1
3.68	-8.559	-9.092	-14.5
3.69	-8.550	-5.400	-18.6
3.7	-8.543	-0.248	-20.6
3.71	-8.535	5.092	-21.3
3.72	-8.528	9.380	-24.6
3.73	-8.523	11.941	-19.2
3.74	-8.517	12.659	-8.7
3.75	-8.512	11.661	-7.7
3.76	-8.509	9.069	-8.1
3.77	-8.507	5.634	6.7
3.78	-8.504	1.947	21.2
3.79	-8.502	-2.011	14.4
3.8	-8.499	-5.723	16.8
3.81	-8.497	-8.731	34.9
3.82	-8.494	-11.103	47.9
3.83	-8.492	-12.580	64.8
3.84	-8.491	-13.120	81.3
3.85	-8.489	-13.230	88.1
3.86	-8.486	-13.113	92.4
3.87	-8.484	-12.789	93.2
3.88	-8.483	-12.225	84.5
3.89	-8.484	-11.244	61.9
3.9	-8.486	-10.102	35.8
3.91	-8.489	-9.230	15.5
3.92	-8.490	-8.823	-7.0
3.93	-8.492	-9.184	-30.6
3.94	-8.496	-10.078	-34.7
3.95	-8.499	-10.984	-30.3
3.96	-8.502	-11.839	-39.1
3.97	-8.504	-12.528	-45.3
3.98	-8.507	-12.923	-47.9
3.99	-8.510	-13.052	-51.7
4.0	-8.513	-13.045	-49.8
4.01	-8.517	-13.114	-47.2
4.02	-8.520	-13.084	-44.9
4.03	-8.524	-12.938	-45.2
4.04	-8.529	-13.011	-39.8
4.05	-8.535	-13.034	-28.0
4.06	-8.541	-12.792	-26.7
4.07	-8.547	-12.531	-36.2
4.08	-8.553	-12.180	-47.7
4.09	-8.558	-11.717	-43.4
4.1	-8.561	-11.331	-35.6
4.11	-8.563	-11.047	-41.5
4.12	-8.564	-10.928	-43.7
4.13	-8.565	-11.072	-39.6
4.14	-8.566	-11.438	-44.0
4.15	-8.568	-11.811	-51.9
4.16	-8.568	-12.120	-39.3
4.17	-8.569	-12.672	-21.0
4.18	-8.571	-13.567	-27.8
4.19	-8.572	-14.316	-45.8
4.2	-8.573	-14.619	-49.1
4.21	-8.574	-14.716	-38.9
4.22	-8.574	-14.775	-34.2
4.23	-8.575	-14.809	-38.5
4.24	-8.576	-14.539	-38.1
4.25	-8.578	-13.967	-35.9
4.26	-8.579	-13.441	-33.0
4.27	-8.581	-12.984	-35.0
4.28	-8.583	-12.592	-39.7
4.29	-8.586	-12.244	-38.5
4.3	-8.589	-11.936	-38.0
4.31	-8.592	-11.597	-31.8
4.32	-8.596	-11.253	-28.1
4.33	-8.600	-11.300	-30.5
4.34	-8.604	-11.677	-29.0
4.35	-8.608	-11.970	-27.1
4.36	-8.613	-12.184	-28.1
4.37	-8.617	-12.455	-33.2
4.38	-8.621	-12.814	-36.1
4.39	-8.626	-13.138	-29.8
4.4	-8.630	-13.305	-25.7
4.41	-8.634	-13.392	-30.5
4.42	-8.639	-13.380	-31.3
4.43	-8.644	-13.391	-16.5
4.44	-8.649	-13.409	-10.0
4.45	-8.654	-13.030	-24.7
4.46	-8.659	-12.502	-27.3
4.47	-8.665	-12.295	-23.3
4.48	-8.671	-12.288	-33.1
4.49	-8.677	-12.369	-34.1
4.5	-8.684	-12.447	-19.2
4.51	-8.691	-12.455	-17.6
4.52	-8.699	-12.408	-29.4
4.53	-8.707	-12.370	-23.2
4.54	-8.715	-12.609	-15.3
4.55	-8.723	-12.939	-20.3
4.56	-8.731	-13.013	-20.2
4.57	-8.741	-12.995	-22.0
4.58	-8.750	-13.075	-25.2
4.59	-8.760	-13.119	-23.7
4.6	-8.770	-12.983	-25.7
4.61	-8.780	-12.797	-18.0
4.62	-8.791	-12.691	-14.9
4.63	-8.801	-12.747	-30.0
4.64	-8.811	-12.911	-28.3
4.65	-8.822	-12.973	-8.5
4.66	-8.833	-12.938	-5.3
4.67	-8.844	-12.713	-22.5
4.68	-8.856	-12.325	-31.2
4.69	-8.868	-12.266	-24.3
4.7	-8.880	-12.439	-22.4
4.71	-8.892	-12.519	-22.0
4.72	-8.905	-12.773	-11.7
4.73	-8.919	-13.080	-8.7
4.74	-8.933	-13.188	-13.8
4.75	-8.947	-13.122	-16.6
4.76	-8.963	-12.905	-20.3
4.77	-8.978	-12.800	-22.0
4.78	-8.993	-12.677	-19.4
4.79	-9.008	-12.447	-18.3
4.8	-9.023	-12.545	-17.8
4.81	-9.038	-12.756	-19.6
4.82	-9.054	-12.755	-19.9
4.83	-9.071	-12.725	-11.0
4.84	-9.088	-12.670	-9.4
4.85	-9.107	-12.563	-16.4
4.86	-9.126	-12.428	-17.3
4.87	-9.146	-12.127	-16.7
4.88	-9.166	-11.858	-17.9
4.89	-9.186	-11.920	-17.9
4.9	-9.205	-12.011	-20.3
4.91	-9.224	-11.983	-19.4
4.92	-9.243	-12.100	-15.4
4.93	-9.261	-12.114	-14.1
4.94	-9.279	-12.023	-3.7
4.95	-9.297	-12.239	-1.8
4.96	-9.315	-12.489	-20.5
4.97	-9.332	-12.666	-27.6
4.98	-9.348	-12.895	-17.6
4.99	-9.364	-13.042	-7.5
5.0	-9.379	-13.227	-5.7
5.01	-9.394	-13.255	-6.7
5.02	-9.410	-12.922	1.1
5.03	-9.425	-12.653	9.2
5.04	-9.441	-12.581	15.8
5.05	-9.457	-12.398	31.4
5.06	-9.473	-12.158	38.4
5.07	-9.487	-12.136	22.5
5.08	-9.501	-12.261	-2.3
5.09	-9.517	-12.292	-20.2
5.1	-9.532	-12.284	-27.8
5.11	-9.547	-12.416	-23.3
5.12	-9.562	-12.555	-22.1
5.13	-9.577	-12.575	-31.0
5.14	-9.591	-12.522	-27.5
5.15	-9.605	-12.448	-26.0
5.16	-9.618	-12.364	-36.2
5.17	-9.630	-12.170	-36.9
5.18	-9.642	-12.000	-35.5
5.19	-9.655	-11.936	-31.1
5.2	-9.671	-11.922	-18.4
5.21	-9.687	-11.995	-17.7
5.22	-9.701	-12.067	-24.2
5.23	-9.714	-12.144	37.5
5.24	-9.724	-12.284	203.0
5.25	-9.733	-12.492	341.8
5.26	-9.742	-12.777	318.9
5.27	-9.752	-12.931	139.3
5.28	-9.762	-12.861	-13.9
5.29	-9.773	-12.764	-44.6
5.3	-9.783	-12.713	-50.1
5.31	-9.789	-12.636	-55.3
5.32	-9.790	-12.564	-41.7
5.33	-9.789	-12.616	-29.2
5.34	-9.786	-12.747	-33.4
5.35	-9.783	-12.675	-40.3
5.36	-9.781	-12.422	-37.5
5.37	-9.781	-12.291	-26.9
5.38	-9.782	-12.230	-23.8
5.39	-9.783	-11.948	-28.1
5.4	-9.784	-11.113	-28.6
5.41	-9.785	-9.162	-27.3
5.42	-9.788	-5.616	-25.5
5.43	-9.792	-0.572	-17.5
5.44	-9.797	4.889	-10.2
5.45	-9.804	9.308	-10.4
5.46	-9.812	12.145	-6.2
5.47	-9.819	13.338	-2.0
5.48	-9.827	12.553	1.2
5.49	-9.834	9.939	-2.3
5.5	-9.842	6.241	2.6
5.51	-9.850	2.106	20.2
5.52	-9.856	-2.158	28.4
5.53	-9.861	-6.289	37.2
5.54	-9.866	-9.858	46.7
5.55	-9.872	-12.561	57.3
5.56	-9.877	-14.300	72.6
5.57	-9.883	-15.195	87.5
5.58	-9.891	-15.356	99.6
5.59	-9.899	-14.741	105.0
5.6	-9.908	-13.700	102.6
5.61	-9.920	-12.441	92.5
5.62	-9.932	-10.806	77.8
5.63	-9.942	-9.359	44.9
5.64	-9.951	-8.550	1.5
5.65	-9.959	-8.227	-28.6
5.66	-9.966	-8.527	-44.9
5.67	-9.973	-9.431	-45.6
5.68	-9.979	-10.653	-40.7
5.69	-9.986	-12.005	-40.6
5.7	-9.991	-13.066	-47.4
5.71	-9.995	-13.570	-47.3
5.72	-9.999	-13.816	-40.4
5.73	-10.004	-13.806	-46.8
5.74	-10.011	-13.688	-54.8
5.75	-10.018	-13.808	-55.8
5.76	-10.025	-13.705	-48.2
5.77	-10.034	-13.197	-39.5
5.78	-10.043	-12.763	-41.1
5.79	-10.053	-12.508	-38.0
5.8	-10.061	-12.056	-32.3
5.81	-10.066	-11.320	-40.1
5.82	-10.071	-10.678	-40.2
5.83	-10.074	-10.295	-41.0
5.84	-10.077	-10.028	-48.8
5.85	-10.079	-9.892	-39.1
5.86	-10.083	-10.205	-38.8
5.87	-10.086	-11.050	-45.8
5.88	-10.091	-11.986	-47.4
5.89	-10.094	-12.770	-47.7
5.9	-10.098	-13.558	-35.5
5.91	-10.101	-14.344	-39.5
5.92	-10.104	-15.058	-47.1
5.93	-10.106	-15.578	-39.7
5.94	-10.109	-15.520	-37.6
5.95	-10.112	-15.106	-38.1
5.96	-10.115	-14.830	-43.8
5.97	-10.117	-14.511	-48.3
5.98	-10.118	-14.125	-42.7
5.99	-10.119	-13.694	-35.8
6.0	-10.121	-13.097	-39.0
6.01	-10.123	-12.698	-38.9
6.02	-10.124	-12.522	-30.3
6.03	-10.124	-12.236	-28.8
6.04	-10.122	-12.022	-29.8
6.05	-10.119	-12.056	-33.5
6.06	-10.116	-12.288	-40.5
6.07	-10.113	-12.589	-39.1
6.08	-10.110	-12.808	-35.1
6.09	-10.107	-13.041	-32.2
6.1	-10.104	-13.398	-25.4
6.11	-10.101	-13.747	-28.8
6.12	-10.098	-14.005	-33.9
6.13	-10.094	-14.169	-30.9
6.14	-10.091	-14.298	-23.3
6.15	-10.087	-14.406	-17.2
6.16	-10.082	-14.247	-27.3
6.17	-10.076	-13.852	-33.3
6.18	-10.070	-13.383	-27.8
6.19	-10.064	-12.788	-26.3
6.2	-10.056	-12.330	-23.2
6.21	-10.048	-12.145	-26.1
6.22	-10.040	-12.180	-31.3
6.23	-10.032	-12.303	-22.4
6.24	-10.024	-12.272	-22.3
6.25	-10.016	-12.355	-32.6
6.26	-10.007	-12.628	-28.8
6.27	-9.998	-12.891	-21.6
6.28	-9.989	-13.192	-18.6
6.29	-9.981	-13.402	-18.5
6.3	-9.973	-13.528	-21.6
6.31	-9.964	-13.747	-26.0
6.32	-9.955	-13.902	-26.2
6.33	-9.946	-13.897	-18.8
6.34	-9.937	-13.764	-22.0
6.35	-9.928	-13.453	-29.3
6.36	-9.918	-13.145	-19.7
6.37	-9.908	-12.895	-10.5
6.38	-9.899	-12.544	-21.1
6.39	-9.889	-12.242	-29.2
6.4	-9.878	-12.072	-22.0
6.41	-9.867	-11.875	-19.0
6.42	-9.856	-11.734	-22.5
6.43	-9.845	-11.694	-24.4
6.44	-9.834	-11.716	-19.9
6.45	-9.822	-11.805	-17.0
6.46	-9.809	-11.830	-22.6
6.47	-9.796	-11.858	-22.0
6.48	-9.783	-12.139	-15.6
6.49	-9.771	-12.625	-16.0
6.5	-9.759	-12.925	-20.6
6.51	-9.747	-12.973	-25.0
6.52	-9.736	-13.091	-21.0
6.53	-9.725	-13.256	-18.0
6.54	-9.716	-13.370	-20.9
6.55	-9.706	-13.420	-18.0
6.56	-9.698	-13.269	-6.3
6.57	-9.689	-12.972	5.0
6.58	-9.682	-12.680	9.3
6.59	-9.675	-12.467	19.1
6.6	-9.669	-12.300	36.0
6.61	-9.661	-12.034	27.6
6.62	-9.652	-11.769	2.7
6.63	-9.643	-11.697	-11.7
6.64	-9.633	-11.822	-28.1
6.65	-9.624	-12.009	-35.0
6.66	-9.614	-12.100	-27.5
6.67	-9.604	-12.156	-28.8
6.68	-9.593	-12.466	-36.5
6.69	-9.581	-12.934	-36.0
6.7	-9.569	-13.203	-33.7
6.71	-9.555	-13.280	-34.8
6.72	-9.541	-13.311	-31.0
6.73	-9.527	-13.253	-28.3
6.74	-9.515	-13.042	-31.5
6.75	-9.506	-12.684	-33.4
6.76	-9.499	-12.250	-26.0
6.77	-9.489	-11.981	-18.9
6.78	-9.474	-11.823	40.2
6.79	-9.456	-11.553	197.3
6.8	-9.436	-11.450	313.7
6.81	-9.418	-11.488	256.8
6.82	-9.400	-11.433	85.0
6.83	-9.382	-11.663	-36.9
6.84	-9.364	-12.134	-52.3
6.85	-9.348	-12.533	-39.7
6.86	-9.331	-12.914	-41.1
6.87	-9.313	-13.113	-39.2
6.88	-9.291	-13.141	-34.9
6.89	-9.267	-13.169	-35.6
6.9	-9.242	-13.142	-32.3
6.91	-9.219	-13.105	-32.9
6.92	-9.198	-12.964	-31.2
6.93	-9.178	-12.767	-24.2
6.94	-9.160	-12.708	-25.8
6.95	-9.142	-12.302	-26.0
6.96	-9.124	-11.036	-23.6
6.97	-9.107	-8.744	-27.9
6.98	-9.091	-5.161	-28.8
6.99	-9.075	-0.537	-12.7
7.0	-9.061	4.344	4.5
7.01	-9.047	8.381	1.5
7.02	-9.034	10.670	-2.0
7.03	-9.022	11.217	1.2
7.04	-9.009	10.100	9.4
7.05	-8.998	7.270	13.9
7.06	-8.986	3.398	12.8
7.07	-8.975	-0.633	26.2
7.08	-8.963	-4.458	45.0
7.09	-8.952	-7.886	60.6
7.1	-8.940	-10.809	76.2
7.11	-8.928	-12.959	88.8
7.12	-8.916	-14.073	96.9
7.13	-8.904	-14.573	104.9
7.14	-8.894	-14.720	114.0
7.15	-8.888	-14.372	104.1
7.16	-8.883	-13.666	75.7
7.17	-8.876	-12.661	51.9
7.18	-8.869	-11.561	24.9
7.19	-8.862	-10.959	-8.2
7.2	-8.854	-10.892	-30.2
7.21	-8.846	-11.022	-42.1
7.22	-8.837	-11.191	-54.5
7.23	-8.828	-11.402	-59.8
7.24	-8.819	-11.864	-53.0
7.25	-8.811	-12.495	-47.3
7.26	-8.804	-12.809	-56.7
7.27	-8.797	-12.583	-69.8
7.28	-8.792	-12.108	-61.9
7.29	-8.786	-11.853	-54.4
7.3	-8.782	-11.914	-52.1
7.31	-8.777	-11.906	-39.5
7.32	-8.774	-11.745	-33.6
7.33	-8.770	-11.722	-41.1
7.34	-8.766	-11.758	-44.4
7.35	-8.761	-11.620	-39.4
7.36	-8.754	-11.256	-45.8
7.37	-8.748	-10.852	-46.9
7.38	-8.741	-10.809	-37.1
7.39	-8.734	-11.078	-44.4
7.4	-8.727	-11.350	-52.4
7.41	-8.720	-11.608	-49.0
7.42	-8.713	-11.836	-50.4
7.43	-8.704	-12.117	-54.9
7.44	-8.696	-12.589	-50.3
7.45	-8.688	-13.217	-39.9
7.46	-8.680	-13.842	-44.9
7.47	-8.672	-14.233	-56.8
7.48	-8.665	-14.464	-48.4
7.49	-8.657	-14.634	-37.0
7.5	-8.648	-14.628	-35.6
7.51	-8.639	-14.388	-44.8
7.52	-8.630	-13.950	-54.1
7.53	-8.621	-13.525	-45.9
7.54	-8.612	-13.091	-40.3
7.55	-8.603	-12.377	-39.3
7.56	-8.594	-11.683	-36.3
7.57	-8.586	-11.459	-36.7
7.58	-8.577	-11.491	-35.6
7.59	-8.569	-11.494	-41.0
7.6	-8.560	-11.594	-43.9
7.61	-8.553	-11.922	-36.8
7.62	-8.546	-12.302	-31.5
7.63	-8.539	-12.394	-30.5
7.64	-8.533	-12.358	-33.2
7.65	-8.526	-12.569	-32.3
7.66	-8.521	-12.841	-31.3
7.67	-8.518	-12.994	-33.1
7.68	-8.515	-13.080	-35.2
7.69	-8.512	-13.216	-38.8
7.7	-8.511	-13.333	-34.0
7.71	-8.509	-13.164	-24.1
7.72	-8.507	-12.802	-28.7
7.73	-8.505	-12.513	-30.8
7.74	-8.504	-12.325	-28.9
7.75	-8.504	-12.138	-34.7
7.76	-8.502	-12.000	-20.9
7.77	-8.501	-11.941	-14.3
7.78	-8.499	-11.947	-32.2
7.79	-8.498	-12.134	-37.0
7.8	-8.496	-12.428	-30.0
7.81	-8.494	-12.650	-22.3
7.82	-8.492	-12.798	-23.8
7.83	-8.491	-12.905	-29.7
7.84	-8.488	-13.005	-25.6
7.85	-8.486	-13.167	-25.1
7.86	-8.482	-13.398	-23.0
7.87	-8.479	-13.588	-13.5
7.88	-8.476	-13.566	-16.1
7.89	-8.472	-13.292	-21.4
7.9	-8.469	-12.939	-22.5
7.91	-8.465	-12.603	-22.0
7.92	-8.461	-12.248	-19.7
7.93	-8.457	-12.011	-27.2
7.94	-8.454	-11.973	-24.8
7.95	-8.450	-11.984	-16.7
7.96	-8.446	-11.975	-21.8
7.97	-8.443	-12.100	-21.6
7.98	-8.439	-12.447	-12.2
7.99	-8.435	-12.667	-11.0
8.0	-8.431	-12.792	-19.5
8.01	-8.428	-13.042	-23.6
8.02	-8.424	-13.033	-20.5
8.03	-8.420	-12.684	-18.6
8.04	-8.416	-12.288	-17.9
8.05	-8.412	-12.075	-11.2
8.06	-8.408	-12.105	-16.7
8.07	-8.405	-12.005	-29.5
8.08	-8.402	-11.866	-25.8
8.09	-8.400	-12.122	-16.6
8.1	-8.397	-12.641	-16.7
8.11	-8.394	-13.261	-17.4
8.12	-8.392	-13.514	-9.1
8.13	-8.389	-13.083	-13.2
8.14	-8.387	-12.523	-22.6
8.15	-8.384	-12.155	-14.3
8.16	-8.382	-12.003	-8.1
8.17	-8.379	-12.061	-6.5
8.18	-8.377	-12.088	1.3
8.19	-8.376	-11.922	13.0
8.2	-8.374	-11.655	26.9
8.21	-8.373	-11.694	29.3
8.22	-8.372	-12.097	18.5
8.23	-8.371	-12.341	-0.0
8.24	-8.371	-12.409	-18.9
8.25	-8.371	-12.723	-28.9
8.26	-8.370	-13.095	-35.0
8.27	-8.369	-13.177	-32.3
8.28	-8.369	-13.186	-24.5
8.29	-8.369	-13.339	-28.3
8.3	-8.369	-13.306	-34.0
8.31	-8.369	-13.011	-34.5
8.32	-8.368	-12.903	-29.9
8.33	-8.367	-12.928	-32.8
8.34	-8.368	-12.686	-39.8
8.35	-8.371	-12.227	-30.2
8.36	-8.374	-11.802	-21.8
8.37	-8.375	-11.578	-13.4
8.38	-8.373	-11.444	90.3
8.39	-8.371	-11.230	273.3
8.4	-8.371	-11.097	351.3
8.41	-8.371	-11.169	253.7
8.42	-8.373	-11.291	66.7
8.43	-8.376	-11.439	-46.4
8.44	-8.379	-11.898	-58.5
8.45	-8.382	-12.433	-46.7
8.46	-8.381	-12.734	-37.1
8.47	-8.377	-13.088	-38.5
8.48	-8.374	-13.525	-42.4
8.49	-8.370	-13.877	-43.4
8.5	-8.366	-13.897	-36.5
8.51	-8.363	-13.417	-36.7
8.52	-8.360	-12.709	-42.0
8.53	-8.356	-11.986	-37.7
8.54	-8.351	-11.120	-34.7
8.55	-8.345	-9.467	-36.9
8.56	-8.339	-6.261	-35.1
8.57	-8.333	-1.428	-28.4
8.58	-8.328	4.081	-26.6
8.59	-8.324	8.784	-22.2
8.6	-8.321	11.936	-16.6
8.61	-8.318	13.336	-18.2
8.62	-8.316	12.738	-12.1
8.63	-8.316	10.473	-4.9
8.64	-8.316	7.175	-7.6
8.65	-8.316	3.300	-3.1
8.66	-8.316	-0.623	3.7
8.67	-8.316	-4.281	8.3
8.68	-8.316	-7.563	17.5
8.69	-8.316	-10.142	35.6
8.7	-8.318	-11.786	58.3
8.71	-8.318	-12.761	66.5
8.72	-8.319	-13.295	68.1
8.73	-8.321	-13.409	78.1
8.74	-8.322	-13.148	93.7
8.75	-8.324	-12.463	96.6
8.76	-8.328	-11.397	76.7
8.77	-8.333	-10.233	48.8
8.78	-8.338	-9.384	17.6
8.79	-8.342	-9.103	-11.3
8.8	-8.346	-9.355	-18.5
8.81	-8.351	-10.106	-22.0
8.82	-8.356	-11.134	-36.8
8.83	-8.360	-12.102	-39.7
8.84	-8.364	-13.066	-35.1
8.85	-8.369	-13.933	-40.6
8.86	-8.373	-14.402	-54.3
8.87	-8.379	-14.378	-53.7
8.88	-8.384	-13.969	-38.8
8.89	-8.389	-13.605	-37.8
8.9	-8.395	-13.378	-45.3
8.91	-8.402	-13.019	-47.7
8.92	-8.409	-12.688	-49.8
8.93	-8.418	-12.498	-37.4
8.94	-8.426	-12.281	-30.7
8.95	-8.435	-12.022	-44.7
8.96	-8.443	-11.764	-47.9
8.97	-8.449	-11.536	-48.9
8.98	-8.454	-11.428	-47.4
8.99	-8.458	-11.248	-43.3
9.0	-8.462	-10.972	-43.0
9.01	-8.466	-11.019	-36.4
9.02	-8.469	-11.333	-34.9
9.03	-8.472	-11.711	-32.8
9.04	-8.475	-12.373	-33.6
9.05	-8.477	-13.295	-40.3
9.06	-8.479	-14.230	-39.6
9.07	-8.481	-14.944	-45.9
9.08	-8.483	-15.223	-47.6
9.09	-8.485	-15.208	-35.1
9.1	-8.487	-15.152	-38.5
9.11	-8.489	-15.016	-49.9
9.12	-8.492	-14.534	-36.6
9.13	-8.494	-13.672	-19.7
9.14	-8.498	-12.870	-24.2
9.15	-8.502	-12.391	-38.9
9.16	-8.506	-12.123	-45.4
9.17	-8.511	-11.873	-31.0
9.18	-8.516	-11.380	-23.7
9.19	-8.521	-10.970	-34.6
9.2	-8.527	-11.225	-36.3
9.21	-8.533	-11.875	-36.9
9.22	-8.539	-12.327	-37.4
9.23	-8.546	-12.481	-23.5
9.24	-8.552	-12.573	-21.2
9.25	-8.559	-12.761	-29.0
9.26	-8.565	-12.992	-26.9
9.27	-8.572	-13.080	-24.9
9.28	-8.580	-13.025	-28.6
9.29	-8.588	-13.020	-29.7
9.3	-8.596	-13.036	-20.2
9.31	-8.604	-13.058	-17.7
9.32	-8.613	-13.067	-29.5
9.33	-8.621	-12.809	-32.7
9.34	-8.629	-12.420	-18.0
9.35	-8.638	-12.188	-18.1
9.36	-8.646	-12.075	-29.5
9.37	-8.655	-12.088	-23.1
9.38	-8.664	-12.167	-18.5
9.39	-8.672	-12.298	-25.2
9.4	-8.682	-12.513	-22.9
9.41	-8.691	-12.620	-15.4
9.42	-8.701	-12.736	-21.2
9.43	-8.711	-12.952	-33.3
9.44	-8.722	-13.005	-27.5
9.45	-8.733	-12.972	-11.3
9.46	-8.744	-13.056	-14.5
9.47	-8.756	-13.253	-21.4
9.48	-8.768	-13.383	-13.6
9.49	-8.779	-13.203	-13.5
9.5	-8.792	-12.834	-17.2
9.51	-8.804	-12.513	-13.8
9.52	-8.817	-12.266	-22.6
9.53	-8.829	-12.138	-33.1
9.54	-8.842	-12.186	-26.6
9.55	-8.856	-12.261	-21.3
9.56	-8.869	-12.216	-21.7
9.57	-8.882	-12.238	-20.9
9.58	-8.894	-12.444	-15.5
9.59	-8.908	-12.705	-12.0
9.6	-8.920	-12.905	-17.9
9.61	-8.934	-12.964	-16.6
9.62	-8.947	-12.919	-12.5
9.63	-8.959	-12.855	-17.3
9.64	-8.972	-12.780	-17.8
9.65	-8.985	-12.753	-14.0
9.66	-8.998	-12.833	-15.0
9.67	-9.011	-12.911	-18.8
9.68	-9.024	-12.909	-20.6
9.69	-9.037	-12.958	-19.0
9.7	-9.051	-12.944	-15.9
9.71	-9.065	-12.681	-20.7
9.72	-9.079	-12.480	-27.2
9.73	-9.092	-12.422	-23.8
9.74	-9.107	-12.216	-17.0
9.75	-9.121	-11.978	-6.7
9.76	-9.136	-11.977	-5.6
9.77	-9.150	-12.141	-12.4
9.78	-9.165	-12.256	-19.5
9.79	-9.180	-12.327	-19.8
9.8	-9.195	-12.495	-6.8
9.81	-9.210	-12.648	-11.5
9.82	-9.224	-12.728	-21.8
9.83	-9.239	-12.952	-17.7
9.84	-9.254	-13.086	-13.1
9.85	-9.268	-13.034	-7.0
9.86	-9.283	-12.902	-0.8
9.87	-9.298	-12.461	-2.9
9.88	-9.313	-12.092	-0.9
9.89	-9.329	-12.103	13.8
9.9	-9.345	-12.094	19.9
9.91	-9.361	-12.116	22.4
9.92	-9.376	-12.269	19.7
9.93	-9.390	-12.466	4.4
9.94	-9.404	-12.758	-7.0
9.95	-9.418	-12.842	-18.7
9.96	-9.432	-12.717	-21.1
9.97	-9.446	-12.717	-22.8
9.98	-9.461	-12.673	-39.5
9.99	-9.474	-12.473	-41.7
10.0	-9.487	-12.481	-34.1
10.01	-9.499	-12.663	-33.3
10.02	-9.511	-12.556	-31.8
10.03	-9.523	-12.369	-30.1
10.04	-9.534	-12.423	-28.2
10.05	-9.547	-12.481	-24.0
10.06	-9.563	-12.431	-20.3
10.07	-9.578	-12.292	-23.2
10.08	-9.590	-12.111	-21.5
10.09	-9.600	-12.148	76.0
10.1	-9.608	-12.275	267.1
10.11	-9.617	-12.138	357.5
10.12	-9.627	-11.930	255.3
10.13	-9.638	-11.825	63.5
10.14	-9.649	-11.825	-42.8
10.15	-9.661	-11.992	-41.7
10.16	-9.671	-12.088	-34.0
10.17	-9.677	-11.978	-39.7
10.18	-9.679	-11.977	-43.5
10.19	-9.678	-12.314	-42.2
10.2	-9.676	-12.755	-37.8
10.21	-9.676	-12.883	-32.6
10.22	-9.677	-12.723	-34.1
10.23	-9.678	-12.505	-42.0
10.24	-9.679	-12.367	-37.6
10.25	-9.679	-12.075	-24.4
10.26	-9.679	-10.778	-22.6
10.27	-9.681	-7.906	-26.1
10.28	-9.685	-3.434	-26.6
10.29	-9.691	2.094	-22.0
10.3	-9.699	7.408	-16.1
10.31	-9.706	11.367	-10.7
10.32	-9.714	13.411	-3.2
10.33	-9.722	13.234	0.4
10.34	-9.729	11.141	1.8
10.35	-9.738	7.881	0.3
10.36	-9.746	4.005	0.3
10.37	-9.754	-0.031	13.0
10.38	-9.761	-3.913	26.1
10.39	-9.769	-7.495	36.9
10.4	-9.776	-10.497	52.1
10.41	-9.784	-12.494	58.0
10.42	-9.792	-13.686	68.8
10.43	-9.801	-14.506	91.0
10.44	-9.810	-14.656	101.2
10.45	-9.820	-14.033	104.5
10.46	-9.832	-12.956	100.9
10.47	-9.846	-11.614	84.5
10.48	-9.859	-10.338	57.5
10.49	-9.872	-9.441	25.0
10.5	-9.884	-8.889	1.8
10.51	-9.896	-8.741	-24.0
10.52	-9.906	-9.266	-41.7
10.53	-9.916	-10.295	-37.6
10.54	-9.926	-11.445	-40.7
10.55	-9.934	-12.455	-47.4
10.56	-9.942	-13.105	-49.8
10.57	-9.951	-13.423	-53.8
10.58	-9.959	-13.580	-52.6
10.59	-9.969	-13.531	-49.1
10.6	-9.979	-13.297	-43.2
10.61	-9.989	-13.048	-39.0
10.62	-9.999	-12.705	-46.5
10.63	-10.011	-12.336	-43.5
10.64	-10.023	-12.073	-30.5
10.65	-10.034	-11.652	-43.8
10.66	-10.044	-11.128	-53.2
10.67	-10.053	-10.759	-38.8
10.68	-10.059	-10.381	-40.8
10.69	-10.064	-10.031	-50.7
10.7	-10.069	-10.102	-45.6
10.71	-10.074	-10.517	-45.0
10.72	-10.079	-10.950	-50.7
10.73	-10.085	-11.477	-46.5
10.74	-10.090	-12.166	-36.2
10.75	-10.096	-12.855	-33.3
10.76	-10.103	-13.525	-42.8
10.77	-10.109	-14.123	-43.5
10.78	-10.114	-14.420	-35.3
10.79	-10.121	-14.544	-44.5
10.8	-10.126	-14.683	-50.6
10.81	-10.131	-14.650	-38.0
10.82	-10.135	-14.380	-34.0
10.83	-10.138	-13.975	-43.6
10.84	-10.142	-13.567	-47.4
10.85	-10.145	-13.178	-34.1
10.86	-10.149	-12.684	-29.8
10.87	-10.153	-12.142	-42.2
10.88	-10.156	-11.638	-40.8
10.89	-10.158	-11.338	-32.6
10.9	-10.162	-11.202	-30.0
10.91	-10.165	-11.073	-30.6
10.92	-10.168	-11.191	-27.0
10.93	-10.171	-11.572	-23.6
10.94	-10.174	-11.920	-28.7
10.95	-10.176	-12.116	-46.5
10.96	-10.178	-12.305	-52.0
10.97	-10.179	-12.623	-28.2
10.98	-10.180	-12.836	-17.2
10.99	-10.181	-12.856	-30.3
11.0	-10.183	-12.950	-38.5
11.01	-10.184	-13.077	-21.4
11.02	-10.185	-12.936	-14.6
11.03	-10.186	-12.536	-27.8
11.04	-10.186	-12.222	-27.0
11.05	-10.186	-12.075	-29.1
11.06	-10.184	-11.900	-36.2
11.07	-10.183	-11.809	-24.8
11.08	-10.182	-11.920	-13.0
11.09	-10.180	-11.977	-16.9
11.1	-10.178	-12.047	-29.4
11.11	-10.174	-12.395	-30.9
11.12	-10.170	-12.825	-23.2
11.13	-10.166	-13.103	-27.1
11.14	-10.163	-13.217	-32.9
11.15	-10.158	-13.188	-29.3
11.16	-10.154	-13.225	-11.9
11.17	-10.149	-13.473	0.7
11.18	-10.144	-13.497	-10.9
11.19	-10.139	-13.067	-28.7
11.2	-10.133	-12.708	-27.0
11.21	-10.127	-12.580	-14.2
11.22	-10.119	-12.373	-21.8
11.23	-10.111	-12.095	-29.6
11.24	-10.102	-11.925	-17.6
11.25	-10.092	-11.961	-12.2
11.26	-10.081	-12.077	-16.1
11.27	-10.068	-12.063	-15.8
11.28	-10.055	-11.995	-17.4
11.29	-10.041	-11.906	-23.7
11.3	-10.026	-11.863	-24.7
11.31	-10.010	-12.067	-18.9
11.32	-9.993	-12.389	-16.6
11.33	-9.976	-12.556	-24.5
11.34	-9.957	-12.605	-18.6
11.35	-9.939	-12.731	4.9
11.36	-9.921	-12.878	-5.5
11.37	-9.902	-12.919	-33.3
11.38	-9.883	-12.905	-27.0
11.39	-9.864	-12.909	-12.5
11.4	-9.845	-12.891	-18.2
11.41	-9.827	-12.855	-22.8
11.42	-9.808	-13.011	-9.3
11.43	-9.790	-12.456	-5.1
11.44	-9.771	-11.108	-14.6
11.45	-9.753	-11.548	-5.9
11.46	-9.736	-12.686	3.5
11.47	-9.718	-12.144	9.6
11.48	-9.701	-11.998	33.9
11.49	-9.685	-12.548	40.9
11.5	-9.669	-12.402	17.3
11.51	-9.651	-12.341	-4.3
11.52	-9.633	-12.420	-23.5
11.53	-9.615	-12.236	-33.0
11.54	-9.598	-12.344	-24.8
11.55	-9.582	-12.550	-23.6
11.56	-9.566	-12.494	-28.0
11.57	-9.551	-12.544	-28.5
11.58	-9.534	-12.806	-33.6
11.59	-9.517	-12.913	-40.3
11.6	-9.500	-12.947	-37.0
11.61	-9.483	-12.738	-24.1
11.62	-9.467	-11.563	-23.6
11.63	-9.454	-11.238	-37.8
11.64	-9.443	-12.122	-33.6
11.65	-9.432	-11.764	-19.2
11.66	-9.418	-11.319	-15.5
11.67	-9.400	-11.781	61.4
11.68	-9.379	-11.905	231.2
11.69	-9.356	-11.986	322.4
11.7	-9.335	-12.395	231.3
11.71	-9.315	-12.588	59.9
11.72	-9.294	-12.639	-42.4
11.73	-9.276	-12.880	-58.1
11.74	-9.260	-13.044	-43.2
11.75	-9.243	-13.058	-36.6
11.76	-9.224	-13.056	-39.6
11.77	-9.201	-12.838	-38.1
11.78	-9.177	-12.634	-42.8
11.79	-9.154	-12.563	-42.2
11.8	-9.132	-12.227	-32.8
11.81	-9.111	-11.867	-36.1
11.82	-9.091	-11.717	-34.6
11.83	-9.071	-11.553	-22.8
11.84	-9.051	-11.256	-20.3
11.85	-9.032	-10.252	-23.3
11.86	-9.014	-7.872	-20.4
11.87	-8.998	-4.120	-16.3
11.88	-8.981	0.534	-19.3
11.89	-8.966	5.247	-13.5
11.9	-8.951	8.850	-1.9
11.91	-8.937	10.567	-0.8
11.92	-8.923	10.598	1.1
11.93	-8.909	9.086	2.1
11.94	-8.896	6.091	5.7
11.95	-8.883	2.384	17.7
11.96	-8.870	-1.373	25.7
11.97	-8.856	-4.842	39.1
11.98	-8.843	-7.920	57.9
11.99	-8.829	-10.534	72.4
12.0	-8.814	-12.409	79.7
12.01	-8.801	-13.705	90.5
12.02	-8.788	-14.433	108.5
12.03	-8.776	-14.291	108.0
12.04	-8.768	-13.688	87.7
12.05	-8.761	-12.958	68.9
12.06	-8.752	-11.970	50.8
12.07	-8.742	-11.175	21.7
12.08	-8.733	-10.905	-3.9
12.09	-8.725	-10.875	-23.8
12.1	-8.716	-11.088	-54.2
12.11	-8.706	-11.613	-63.9
12.12	-8.697	-12.444	-45.5
12.13	-8.687	-13.095	-47.2
12.14	-8.678	-12.731	-59.6
12.15	-8.670	-12.716	-59.2
12.16	-8.663	-13.105	-55.2
12.17	-8.656	-12.294	-56.3
12.18	-8.651	-11.727	-54.5
12.19	-8.645	-11.855	-42.0
12.2	-8.640	-11.609	-45.3
12.21	-8.635	-11.497	-45.6
12.22	-8.630	-11.638	-28.6
12.23	-8.624	-11.620	-37.5
12.24	-8.619	-11.517	-56.2
12.25	-8.612	-11.297	-48.5
12.26	-8.605	-11.009	-30.6
12.27	-8.598	-10.905	-36.5
12.28	-8.591	-11.066	-53.7
12.29	-8.585	-11.278	-50.8
12.3	-8.579	-11.527	-39.2
12.31	-8.572	-12.008	-34.4
12.32	-8.566	-12.539	-38.9
12.33	-8.559	-13.052	-43.5
12.34	-8.553	-13.622	-53.2
12.35	-8.545	-14.069	-61.0
12.36	-8.539	-14.459	-53.1
12.37	-8.532	-14.852	-47.1
12.38	-8.526	-14.969	-42.6
12.39	-8.519	-14.661	-40.5
12.4	-8.513	-14.141	-44.7
12.41	-8.508	-13.658	-43.8
12.42	-8.502	-13.161	-38.7
12.43	-8.497	-12.653	-32.5
12.44	-8.492	-12.278	-32.0
12.45	-8.488	-12.070	-39.4
12.46	-8.483	-11.875	-42.5
12.47	-8.478	-11.698	-43.1
12.48	-8.473	-11.688	-36.6
12.49	-8.468	-11.809	-32.7
12.5	-8.464	-12.133	-42.0
12.51	-8.459	-12.333	-44.7
12.52	-8.455	-12.177	-37.3
12.53	-8.451	-12.252	-28.4
12.54	-8.447	-12.636	-28.2
12.55	-8.444	-12.941	-33.3
12.56	-8.440	-12.972	-30.9
12.57	-8.436	-12.752	-23.6
12.58	-8.431	-12.741	-21.8
12.59	-8.428	-12.922	-33.2
12.6	-8.424	-12.945	-40.2
12.61	-8.420	-12.981	-35.5
12.62	-8.416	-12.978	-32.6
12.63	-8.412	-12.667	-27.3
12.64	-8.409	-12.238	-22.8
12.65	-8.406	-11.930	-29.2
12.66	-8.402	-11.869	-30.3
12.67	-8.398	-12.075	-21.4
12.68	-8.395	-12.202	-25.2
12.69	-8.391	-12.250	-34.3
12.7	-8.387	-12.453	-30.2
12.71	-8.384	-12.667	-26.4
12.72	-8.382	-12.823	-30.7
12.73	-8.379	-12.889	-31.2
12.74	-8.376	-12.948	-19.6
12.75	-8.373	-13.123	-17.0
12.76	-8.369	-13.173	-26.2
12.77	-8.367	-13.022	-22.0
12.78	-8.363	-12.888	-13.0
12.79	-8.359	-12.844	-24.7
12.8	-8.356	-12.775	-32.2
12.81	-8.352	-12.666	-21.4
12.82	-8.348	-12.488	-25.4
12.83	-8.346	-12.205	-30.5
12.84	-8.344	-12.138	-24.7
12.85	-8.341	-12.258	-22.0
12.86	-8.338	-12.263	-19.7
12.87	-8.334	-12.277	-19.8
12.88	-8.332	-12.402	-21.4
12.89	-8.330	-12.486	-21.2
12.9	-8.328	-12.509	-17.1
12.91	-8.326	-12.609	-15.4
12.92	-8.324	-12.786	-21.3
12.93	-8.323	-12.873	-20.5
12.94	-8.321	-12.811	-17.8
12.95	-8.319	-12.727	-21.8
12.96	-8.317	-12.625	-23.7
12.97	-8.315	-12.486	-22.8
12.98	-8.314	-12.416	-20.6
12.99	-8.313	-12.425	-26.8
13.0	-8.312	-12.478	-24.1
13.01	-8.311	-12.514	-12.2
13.02	-8.310	-12.438	-9.0
13.03	-8.309	-12.372	-11.1
13.04	-8.308	-12.459	-28.0
13.05	-8.308	-12.495	-27.6
13.06	-8.308	-12.425	-4.9
13.07	-8.307	-12.402	7.6
13.08	-8.307	-12.383	11.4
13.09	-8.306	-12.377	21.7
13.1	-8.307	-12.413	34.2
13.11	-8.307	-12.373	25.1
13.12	-8.308	-12.333	-2.0
13.13	-8.308	-12.445	-29.1
13.14	-8.308	-12.630	-35.4
13.15	-8.309	-12.775	-30.3
13.16	-8.310	-12.844	-38.2
13.17	-8.311	-12.756	-38.5
13.18	-8.313	-12.616	-29.4
13.19	-8.314	-12.581	-26.7
13.2	-8.315	-12.559	-34.4
13.21	-8.316	-12.413	-38.7
13.22	-8.318	-12.169	-31.3
13.23	-8.320	-12.120	-33.6
13.24	-8.324	-12.230	-33.1
13.25	-8.329	-12.239	-25.4
13.26	-8.331	-12.383	-31.0
13.27	-8.331	-12.650	42.4
13.28	-8.331	-12.831	235.1
13.29	-8.331	-12.925	360.1
13.3	-8.332	-12.858	302.6
13.31	-8.334	-12.716	129.2
13.32	-8.338	-12.575	-17.9
13.33	-8.342	-12.417	-64.5
13.34	-8.347	-12.342	-57.2
13.35	-8.349	-12.391	-44.2
13.36	-8.347	-12.448	-46.8
13.37	-8.344	-12.478	-52.5
13.38	-8.342	-12.650	-46.4
13.39	-8.340	-12.898	-35.6
13.4	-8.338	-12.794	-32.8
13.41	-8.334	-12.381	-38.1
13.42	-8.329	-12.088	-45.0
13.43	-8.324	-11.648	-43.8
13.44	-8.319	-10.430	-31.7
13.45	-8.316	-7.808	-26.6
13.46	-8.312	-3.320	-30.9
13.47	-8.309	2.247	-28.6
13.48	-8.308	7.345	-25.9
13.49	-8.308	10.967	-26.5
13.5	-8.307	12.772	-16.0
13.51	-8.308	12.755	-15.2
13.52	-8.308	11.044	-20.7
13.53	-8.309	8.066	-11.1
13.54	-8.310	4.330	-6.3
13.55	-8.311	0.358	-1.3
13.56	-8.313	-3.338	3.2
13.57	-8.314	-6.595	9.2
13.58	-8.315	-9.255	40.7
13.59	-8.316	-11.155	58.7
13.6	-8.318	-12.359	53.1
13.61	-8.320	-12.864	60.3
13.62	-8.322	-12.773	69.8
13.63	-8.323	-12.420	75.8
13.64	-8.326	-11.877	84.5
13.65	-8.330	-10.953	73.7
13.66	-8.336	-9.897	41.6
13.67	-8.341	-9.180	16.5
13.68	-8.344	-8.834	6.7
13.69	-8.349	-8.873	2.5
13.7	-8.354	-9.511	-12.3
13.71	-8.360	-10.583	-38.5
13.72	-8.365	-11.705	-57.4
13.73	-8.370	-12.692	-57.8
13.74	-8.374	-13.452	-45.9
13.75	-8.380	-13.884	-45.3
13.76	-8.387	-13.888	-59.6
13.77	-8.394	-13.572	-59.6
13.78	-8.401	-13.225	-46.0
13.79	-8.410	-12.988	-43.6
13.8	-8.419	-12.763	-46.7
13.81	-8.428	-12.536	-45.9
13.82	-8.438	-12.342	-46.5
13.83	-8.449	-12.094	-49.5
13.84	-8.460	-11.800	-48.5
13.85	-8.471	-11.495	-48.6
13.86	-8.480	-11.175	-54.5
13.87	-8.489	-10.905	-50.5
13.88	-8.498	-10.778	-47.9
13.89	-8.506	-10.808	-49.3
13.9	-8.516	-10.938	-38.4
13.91	-8.524	-11.183	-39.9
13.92	-8.533	-11.502	-44.2
13.93	-8.542	-11.906	-39.9
13.94	-8.551	-12.616	-47.8
13.95	-8.560	-13.431	-53.7
13.96	-8.569	-14.055	-50.6
13.97	-8.579	-14.559	-45.3
13.98	-8.588	-14.834	-37.8
13.99	-8.598	-14.783	-32.9
14.0	-8.607	-14.575	-40.5
14.01	-8.617	-14.223	-48.4
14.02	-8.627	-13.753	-40.7
14.03	-8.637	-13.289	-30.7
14.04	-8.648	-12.750	-32.0
14.05	-8.659	-12.261	-38.1
14.06	-8.671	-12.089	-40.8
14.07	-8.683	-12.005	-41.3
14.08	-8.695	-11.788	-38.0
14.09	-8.708	-11.606	-29.5
14.1	-8.721	-11.547	-28.6
14.11	-8.732	-11.566	-36.2
14.12	-8.745	-11.673	-38.6
14.13	-8.758	-11.836	-28.1
14.14	-8.771	-12.123	-22.3
14.15	-8.784	-12.608	-31.5
14.16	-8.797	-13.019	-30.5
14.17	-8.811	-13.230	-27.7
14.18	-8.826	-13.436	-27.3
14.19	-8.841	-13.497	-21.0
14.2	-8.856	-13.364	-24.3
14.21	-8.870	-13.247	-29.2
14.22	-8.885	-12.963	-21.8
14.23	-8.901	-12.591	-27.7
14.24	-8.917	-12.414	-42.7
14.25	-8.933	-12.202	-26.3
14.26	-8.947	-12.063	-3.2
14.27	-8.964	-12.139	-14.2
14.28	-8.980	-12.084	-34.5
14.29	-8.998	-11.980	-26.4
14.3	-9.015	-12.091	-16.3
14.31	-9.033	-12.413	-26.2
14.32	-9.049	-12.825	-31.9
14.33	-9.065	-13.122	-18.3
14.34	-9.082	-13.292	-9.2
14.35	-9.099	-13.481	-23.0
14.36	-9.116	-13.558	-21.8
14.37	-9.133	-13.427	-6.2
14.38	-9.149	-13.253	-11.8
14.39	-9.167	-13.013	-22.9
14.4	-9.184	-12.744	-24.4
14.41	-9.200	-12.555	-20.0
14.42	-9.216	-12.400	-17.5
14.43	-9.233	-12.347	-18.6
14.44	-9.249	-12.291	-21.7
14.45	-9.266	-12.189	-26.7
14.46	-9.283	-12.255	-17.4
14.47	-9.299	-12.402	-6.8
14.48	-9.315	-12.403	-11.2
14.49	-9.331	-12.316	-9.6
14.5	-9.347	-12.358	-6.7
14.51	-9.363	-12.478	-16.9
14.52	-9.377	-12.488	-23.4
14.53	-9.393	-12.450	-18.1
14.54	-9.409	-12.381	-12.5
14.55	-9.423	-12.361	-19.7
14.56	-9.438	-12.572	-23.2
14.57	-9.453	-12.711	-14.0
14.58	-9.468	-12.719	-12.0
14.59	-9.484	-12.788	-9.5
14.6	-9.499	-12.767	-5.9
14.61	-9.514	-12.759	-12.9
14.62	-9.529	-12.744	-16.6
14.63	-9.544	-12.605	-5.5
14.64	-9.559	-12.567	-1.8
14.65	-9.575	-12.614	-21.4
14.66	-9.590	-12.620	-33.5
14.67	-9.606	-12.577	-14.0
14.68	-9.623	-12.531	0.2
14.69	-9.638	-12.556	-8.1
14.7	-9.652	-12.616	-1.4
14.71	-9.666	-12.716	11.0
14.72	-9.681	-12.755	13.4
14.73	-9.697	-12.644	20.2
14.74	-9.713	-12.627	26.4
14.75	-9.728	-12.802	29.2
14.76	-9.743	-12.948	17.5
14.77	-9.758	-12.805	-20.3
14.78	-9.771	-12.519	-44.4
14.79	-9.784	-12.488	-24.0
14.8	-9.797	-12.520	-7.3
14.81	-9.809	-12.359	-24.5
14.82	-9.821	-12.277	-32.3
14.83	-9.833	-12.347	-18.3
14.84	-9.844	-12.455	-28.0
14.85	-9.853	-12.495	-48.9
14.86	-9.863	-12.377	-37.4
14.87	-9.874	-12.339	-17.2
14.88	-9.887	-12.417	-20.9
14.89	-9.901	-12.372	-39.6
14.9	-9.913	-12.328	-31.4
14.91	-9.923	-12.420	68.4
14.92	-9.933	-12.575	246.1
14.93	-9.941	-12.598	348.9
14.94	-9.948	-12.477	264.0
14.95	-9.954	-12.416	77.3
14.96	-9.960	-12.323	-28.9
14.97	-9.967	-12.275	-47.2
14.98	-9.974	-12.466	-48.0
14.99	-9.978	-12.655	-41.2
15.0	-9.978	-12.628	-39.3
15.01	-9.973	-12.516	-36.8
15.02	-9.968	-12.619	-28.5
15.03	-9.965	-12.800	-31.3
15.04	-9.963	-12.764	-45.9
15.05	-9.964	-12.697	-43.2
15.06	-9.965	-12.625	-25.4
15.07	-9.966	-12.320	-22.9
15.08	-9.967	-11.580	-28.2
15.09	-9.966	-9.780	-22.0
15.1	-9.967	-6.417	-17.2
15.11	-9.969	-1.664	-22.6
15.12	-9.974	3.788	-26.1
15.13	-9.979	8.613	-13.8
15.14	-9.986	11.617	-1.3
15.15	-9.991	12.472	1.5
15.16	-9.998	11.395	5.8
15.17	-10.003	8.905	9.3
15.18	-10.009	5.536	10.8
15.19	-10.014	1.630	19.8
15.2	-10.019	-2.527	37.6
15.21	-10.023	-6.414	46.5
15.22	-10.026	-9.428	50.8
15.23	-10.030	-11.523	69.1
15.24	-10.033	-12.983	86.5
15.25	-10.037	-13.877	90.2
15.26	-10.042	-14.245	102.8
15.27	-10.048	-14.108	120.1
15.28	-10.058	-13.364	111.6
15.29	-10.069	-12.280	84.4
15.3	-10.078	-11.309	51.5
15.31	-10.083	-10.388	18.2
15.32	-10.089	-9.577	-8.6
15.33	-10.094	-9.433	-20.7
15.34	-10.101	-9.783	-25.8
15.35	-10.106	-10.270	-38.3
15.36	-10.111	-11.263	-49.4
15.37	-10.116	-12.417	-57.1
15.38	-10.119	-12.994	-54.3
15.39	-10.123	-13.153	-43.8
15.4	-10.125	-13.159	-47.1
15.41	-10.128	-12.980	-49.3
15.42	-10.132	-12.703	-40.8
15.43	-10.136	-12.448	-39.8
15.44	-10.140	-12.148	-42.5
15.45	-10.144	-11.758	-49.6
15.46	-10.148	-11.384	-50.8
15.47	-10.150	-11.002	-36.0
15.48	-10.151	-10.548	-35.2
15.49	-10.149	-10.203	-47.4
15.5	-10.146	-10.122	-42.1
15.51	-10.142	-10.234	-27.3
15.52	-10.139	-10.488	-32.1
15.53	-10.136	-10.920	-42.4
15.54	-10.133	-11.528	-41.0
15.55	-10.130	-12.088	-44.2
15.56	-10.128	-12.606	-50.5
15.57	-10.126	-13.283	-44.7
15.58	-10.123	-13.778	-41.4
15.59	-10.120	-13.944	-42.0
15.6	-10.116	-14.053	-31.0
15.61	-10.112	-13.966	-33.7
15.62	-10.108	-13.566	-49.9
15.63	-10.104	-13.133	-53.4
15.64	-10.099	-12.722	-42.7
15.65	-10.095	-12.297	-36.6
15.66	-10.091	-11.867	-34.4
15.67	-10.086	-11.439	-27.8
15.68	-10.081	-11.245	-34.2
15.69	-10.076	-11.217	-45.8
15.7	-10.071	-11.109	-45.9
15.71	-10.065	-11.189	-41.2
15.72	-10.058	-11.511	-41.1
15.73	-10.051	-11.798	-36.2
15.74	-10.044	-11.988	-29.5
15.75	-10.036	-12.188	-30.1
15.76	-10.028	-12.338	-36.2
15.77	-10.019	-12.447	-38.4
15.78	-10.009	-12.689	-33.2
15.79	-10.001	-12.913	-28.8
15.8	-9.992	-13.080	-29.7
15.81	-9.984	-13.300	-34.9
15.82	-9.978	-13.439	-34.7
15.83	-9.971	-13.256	-32.2
15.84	-9.964	-12.808	-31.7
15.85	-9.956	-12.450	-32.3
15.86	-9.947	-12.188	-31.5
15.87	-9.938	-11.948	-23.6
15.88	-9.928	-11.802	-22.2
15.89	-9.916	-11.722	-33.2
15.9	-9.902	-11.856	-36.2
15.91	-9.888	-12.245	-29.5
15.92	-9.873	-12.577	-25.0
15.93	-9.858	-12.753	-22.5
15.94	-9.842	-12.934	-21.8
15.95	-9.827	-13.088	-27.6
15.96	-9.811	-13.100	-34.5
15.97	-9.794	-13.103	-31.8
15.98	-9.778	-13.138	-22.4
15.99	-9.761	-13.031	-19.6
16.0	-9.744	-12.884	-25.8
16.01	-9.727	-12.775	-25.9
16.02	-9.711	-12.567	-18.4
16.03	-9.694	-12.309	-20.0
16.04	-9.679	-12.128	-33.8
16.05	-9.662	-12.036	-32.2
16.06	-9.646	-11.967	-13.8
16.07	-9.630	-11.903	-20.2
16.08	-9.614	-11.894	-30.5
16.09	-9.598	-11.861	-16.6
16.1	-9.582	-11.838	-14.3
16.11	-9.567	-11.983	-24.3
16.12	-9.552	-12.223	-20.8
16.13	-9.536	-12.414	-4.9
16.14	-9.522	-12.444	6.7
16.15	-9.508	-12.417	14.4
16.16	-9.494	-12.486	22.7
16.17	-9.480	-12.481	12.2
16.18	-9.466	-12.403	-2.8
16.19	-9.450	-12.317	-9.3
16.2	-9.435	-12.183	-27.8
16.21	-9.419	-12.152	-44.1
16.22	-9.404	-12.244	-40.3
16.23	-9.389	-12.322	-28.3
16.24	-9.374	-12.264	-27.8
16.25	-9.358	-12.058	-35.4
16.26	-9.342	-12.011	-35.7
16.27	-9.326	-12.203	-41.7
16.28	-9.310	-12.319	-41.5
16.29	-9.294	-12.320	-32.3
16.3	-9.280	-12.331	-35.8
16.31	-9.269	-12.358	-33.5
16.32	-9.261	-12.431	-22.2
16.33	-9.252	-12.472	-20.7
16.34	-9.238	-12.442	-5.3
16.35	-9.218	-12.495	117.0
16.36	-9.196	-12.589	294.8
16.37	-9.174	-12.586	322.6
16.38	-9.155	-12.558	170.3
16.39	-9.136	-12.633	-6.7
16.4	-9.116	-12.736	-71.4
16.41	-9.099	-12.766	-47.6
16.42	-9.084	-12.878	-30.4
16.43	-9.069	-13.017	-32.6
16.44	-9.050	-12.995	-39.1
16.45	-9.030	-13.030	-42.9
16.46	-9.008	-13.264	-39.9
16.47	-8.986	-13.514	-37.3
16.48	-8.965	-13.595	-35.9
16.49	-8.944	-13.445	-30.6
16.5	-8.924	-13.247	-33.2
16.51	-8.903	-13.123	-36.7
16.52	-8.884	-12.630	-22.2
16.53	-8.866	-11.206	-15.1
16.54	-8.848	-8.647	-20.2
16.55	-8.831	-4.763	-26.8
16.56	-8.815	0.067	-26.7
16.57	-8.800	4.597	-11.8
16.58	-8.786	7.816	-1.7
16.59	-8.772	9.270	-6.8
16.6	-8.759	9.017	-4.8
16.61	-8.747	7.356	11.9
16.62	-8.734	4.367	25.4
16.63	-8.722	0.656	20.2
16.64	-8.711	-2.820	26.4
16.65	-8.698	-5.886	62.5
16.66	-8.686	-8.564	79.8
16.67	-8.674	-10.661	80.1
16.68	-8.661	-12.206	88.6
16.69	-8.649	-13.302	99.5
16.7	-8.638	-13.839	106.3
16.71	-8.628	-13.736	98.4
16.72	-8.622	-13.291	83.4
16.73	-8.616	-12.641	63.1
16.74	-8.609	-11.892	28.3
16.75	-8.601	-11.455	1.7
16.76	-8.593	-11.245	-17.3
16.77	-8.584	-11.105	-39.8
16.78	-8.576	-11.248	-48.5
16.79	-8.566	-11.708	-52.5
16.8	-8.558	-12.294	-58.1
16.81	-8.549	-12.778	-54.4
16.82	-8.541	-13.030	-53.2
16.83	-8.533	-12.906	-62.5
16.84	-8.527	-12.423	-66.0
16.85	-8.521	-11.892	-57.6
16.86	-8.516	-11.473	-57.6
16.87	-8.512	-11.230	-57.2
16.88	-8.509	-11.259	-39.1
16.89	-8.505	-11.439	-34.8
16.9	-8.501	-11.444	-41.6
16.91	-8.495	-11.281	-43.6
16.92	-8.489	-11.236	-47.9
16.93	-8.482	-11.317	-45.4
16.94	-8.476	-11.481	-36.8
16.95	-8.469	-11.645	-36.2
16.96	-8.463	-11.647	-44.4
16.97	-8.456	-11.642	-48.7
16.98	-8.449	-11.894	-45.5
16.99	-8.444	-12.178	-43.1
17.0	-8.438	-12.269	-42.1
17.01	-8.431	-12.441	-44.0
17.02	-8.424	-12.769	-46.1
17.03	-8.416	-13.123	-39.6
17.04	-8.408	-13.531	-36.8
17.05	-8.400	-13.831	-50.8
17.06	-8.393	-13.864	-54.8
17.07	-8.386	-13.706	-40.7
17.08	-8.379	-13.491	-40.0
17.09	-8.371	-13.233	-44.0
17.1	-8.364	-12.775	-34.4
17.11	-8.357	-12.377	-31.5
17.12	-8.351	-12.206	-38.7
17.13	-8.345	-11.989	-37.8
17.14	-8.339	-11.811	-30.0
17.15	-8.333	-11.666	-36.0
17.16	-8.328	-11.461	-47.6
17.17	-8.322	-11.427	-38.3
17.18	-8.316	-11.631	-30.0
17.19	-8.311	-11.931	-42.2
17.2	-8.306	-12.159	-41.1
17.21	-8.301	-12.275	-22.9
17.22	-8.296	-12.356	-16.1
17.23	-8.291	-12.266	-27.5
17.24	-8.287	-12.136	-41.6
17.25	-8.282	-12.292	-37.0
17.26	-8.278	-12.538	-28.8
17.27	-8.274	-12.666	-26.8
17.28	-8.271	-12.656	-29.5
17.29	-8.269	-12.516	-34.3
17.3	-8.265	-12.442	-32.5
17.31	-8.261	-12.428	-28.9
17.32	-8.257	-12.255	-23.0
17.33	-8.254	-12.091	-15.6
17.34	-8.251	-12.050	-21.1
17.35	-8.247	-12.044	-34.0
17.36	-8.244	-12.227	-32.1
17.37	-8.241	-12.380	-28.8
17.38	-8.240	-12.303	-28.3
17.39	-8.238	-12.302	-20.5
17.4	-8.236	-12.411	-17.9
17.41	-8.234	-12.542	-18.8
17.42	-8.232	-12.567	-19.9
17.43	-8.229	-12.469	-16.3
17.44	-8.228	-12.520	-17.5
17.45	-8.226	-12.672	-34.0
17.46	-8.224	-12.798	-36.7
17.47	-8.222	-12.834	-19.8
17.48	-8.220	-12.645	-11.8
17.49	-8.219	-12.438	-24.4
17.5	-8.218	-12.350	-31.4
17.51	-8.218	-12.253	-24.2
17.52	-8.218	-12.248	-11.5
17.53	-8.218	-12.363	-13.0
17.54	-8.219	-12.425	-35.8
17.55	-8.220	-12.364	-33.9
17.56	-8.220	-12.239	-11.9
17.57	-8.221	-12.239	-4.1
17.58	-8.221	-12.366	-11.6
17.59	-8.223	-12.461	-20.7
17.6	-8.223	-12.594	-16.0
17.61	-8.224	-12.727	-19.2
17.62	-8.226	-12.650	-25.0
17.63	-8.228	-12.598	-18.3
17.64	-8.229	-12.650	-16.7
17.65	-8.230	-12.519	-16.5
17.66	-8.232	-12.383	-18.7
17.67	-8.233	-12.281	-22.0
17.68	-8.235	-12.175	-21.9
17.69	-8.237	-12.289	-20.1
17.7	-8.239	-12.358	-13.6
17.71	-8.241	-12.153	-12.1
17.72	-8.242	-12.044	-11.6
17.73	-8.245	-12.197	-5.8
17.74	-8.248	-12.350	-2.9
17.75	-8.250	-12.300	-5.9
17.76	-8.252	-12.216	9.2
17.77	-8.256	-12.298	41.6
17.78	-8.259	-12.422	36.8
17.79	-8.262	-12.436	7.1
17.8	-8.264	-12.295	-11.3
17.81	-8.267	-12.166	-31.2
17.82	-8.269	-12.273	-39.2
17.83	-8.272	-12.428	-35.1
17.84	-8.274	-12.394	-34.4
17.85	-8.277	-12.256	-21.9
17.86	-8.280	-12.245	-11.1
17.87	-8.282	-12.345	-28.6
17.88	-8.284	-12.267	-46.1
17.89	-8.285	-12.131	-35.8
17.9	-8.287	-12.092	-23.3
17.91	-8.292	-12.019	-35.0
17.92	-8.298	-11.998	-41.5
17.93	-8.304	-11.998	-29.5
17.94	-8.306	-11.933	1.0
17.95	-8.305	-11.950	123.6
17.96	-8.305	-12.091	281.9
17.97	-8.306	-12.317	327.9
17.98	-8.308	-12.481	243.2
17.99	-8.311	-12.461	76.9
18.0	-8.317	-12.420	-38.3
18.01	-8.324	-12.419	-53.5
18.02	-8.329	-12.370	-49.8
18.03	-8.329	-12.392	-44.9
18.04	-8.325	-12.522	-39.3
18.05	-8.321	-12.588	-42.1
18.06	-8.318	-12.567	-45.8
18.07	-8.316	-12.414	-43.9
18.08	-8.314	-12.050	-34.9
18.09	-8.313	-11.723	-34.3
18.1	-8.309	-11.389	-42.7
18.11	-8.306	-10.548	-36.8
18.12	-8.302	-8.731	-22.0
18.13	-8.298	-5.553	-23.6
18.14	-8.296	-0.978	-31.8
18.15	-8.294	4.313	-29.1
18.16	-8.295	8.855	-27.6
18.17	-8.296	11.639	-26.5
18.18	-8.297	12.627	-18.0
18.19	-8.299	11.773	-10.8
18.2	-8.301	9.339	-8.2
18.21	-8.304	5.972	-4.8
18.22	-8.307	2.134	2.0
18.23	-8.311	-1.752	13.0
18.24	-8.314	-5.278	18.4
18.25	-8.317	-8.081	18.0
18.26	-8.321	-9.998	31.4
18.27	-8.325	-11.427	47.1
18.28	-8.329	-12.467	51.1
18.29	-8.335	-12.705	62.1
18.3	-8.341	-12.245	75.4
18.31	-8.348	-11.625	87.5
18.32	-8.359	-10.970	93.7
18.33	-8.373	-10.053	75.9
18.34	-8.390	-9.088	48.7
18.35	-8.406	-8.603	22.8
18.36	-8.421	-8.816	-2.9
18.37	-8.438	-9.623	-16.2
18.38	-8.455	-10.714	-17.8
18.39	-8.471	-11.744	-32.8
18.4	-8.487	-12.675	-50.5
18.41	-8.502	-13.561	-42.8
18.42	-8.518	-14.152	-32.9
18.43	-8.534	-14.236	-45.9
18.44	-8.550	-13.897	-56.5
18.45	-8.566	-13.472	-48.4
18.46	-8.582	-13.155	-38.1
18.47	-8.599	-12.677	-40.7
18.48	-8.616	-12.172	-45.7
18.49	-8.634	-12.041	-44.7
18.5	-8.652	-12.092	-49.8
18.51	-8.670	-12.070	-42.8
18.52	-8.687	-12.030	-34.7
18.53	-8.703	-11.967	-49.0
18.54	-8.718	-11.783	-54.4
18.55	-8.733	-11.705	-40.4
18.56	-8.749	-11.767	-37.7
18.57	-8.764	-11.645	-49.1
18.58	-8.779	-11.613	-45.9
18.59	-8.795	-11.991	-31.9
18.6	-8.809	-12.486	-38.8
18.61	-8.824	-12.844	-52.3
18.62	-8.840	-13.197	-44.0
18.63	-8.856	-13.789	-36.0
18.64	-8.871	-14.517	-37.5
18.65	-8.888	-14.909	-40.3
18.66	-8.904	-14.838	-36.5
18.67	-8.921	-14.692	-29.2
18.68	-8.937	-14.531	-41.7
18.69	-8.954	-14.170	-55.4
18.7	-8.970	-13.719	-52.3
18.71	-8.987	-13.203	-35.1
18.72	-9.004	-12.750	-22.7
18.73	-9.023	-12.561	-34.8
18.74	-9.041	-12.420	-38.5
18.75	-9.059	-12.170	-26.5
18.76	-9.078	-12.022	-20.1
18.77	-9.098	-12.063	-23.6
18.78	-9.117	-12.164	-32.2
18.79	-9.136	-12.247	-29.9
18.8	-9.154	-12.355	-29.7
18.81	-9.172	-12.581	-39.3
18.82	-9.191	-12.747	-35.1
18.83	-9.208	-12.639	-23.5
18.84	-9.227	-12.595	-23.1
18.85	-9.247	-12.739	-28.3
18.86	-9.266	-12.880	-31.1
18.87	-9.284	-12.911	-20.3
18.88	-9.300	-12.727	-15.3
18.89	-9.317	-12.578	-21.7
18.9	-9.333	-12.666	-25.7
18.91	-9.349	-12.792	-33.9
18.92	-9.364	-12.725	-29.7
18.93	-9.380	-12.569	-21.0
18.94	-9.396	-12.603	-18.4
18.95	-9.413	-12.777	-12.0
18.96	-9.430	-12.908	-13.6
18.97	-9.448	-12.933	-24.5
18.98	-9.466	-13.047	-29.8
18.99	-9.482	-13.308	-30.3
19.0	-9.498	-13.541	-23.4
19.01	-9.513	-13.727	-10.3
19.02	-9.529	-13.759	-16.5
19.03	-9.545	-13.677	-27.4
19.04	-9.561	-13.711	-18.8
19.05	-9.578	-13.753	-14.7
19.06	-9.594	-13.566	-18.8
19.07	-9.610	-13.136	-18.8
19.08	-9.624	-12.678	-14.6
19.09	-9.639	-12.434	-14.8
19.1	-9.654	-12.402	-22.0
19.11	-9.669	-12.531	-21.1
19.12	-9.684	-12.713	-18.3
19.13	-9.699	-12.788	-20.3
19.14	-9.714	-12.553	-16.4
19.15	-9.729	-12.072	-13.2
19.16	-9.744	-12.072	-12.8
19.17	-9.757	-12.638	-8.8
19.18	-9.770	-12.998	-17.9
19.19	-9.782	-13.016	-24.1
19.2	-9.793	-12.991	-23.4
19.21	-9.806	-12.919	-24.4
19.22	-9.818	-12.845	-13.7
19.23	-9.829	-12.763	-5.4
19.24	-9.841	-12.519	-4.8
19.25	-9.852	-12.281	-16.2
19.26	-9.862	-12.250	-22.6
19.27	-9.872	-12.217	-21.3
19.28	-9.883	-12.000	-23.0
19.29	-9.893	-11.800	-19.1
19.3	-9.904	-11.853	-12.5
19.31	-9.915	-12.033	-6.9
19.32	-9.926	-12.144	-8.3
19.33	-9.938	-12.191	-6.7
19.34	-9.949	-12.231	-5.1
19.35	-9.960	-12.306	-5.7
19.36	-9.971	-12.391	-2.8
19.37	-9.983	-12.477	1.8
19.38	-9.996	-12.580	21.6
19.39	-10.007	-12.616	39.4
19.4	-10.018	-12.594	27.1
19.41	-10.026	-12.594	2.8
19.42	-10.036	-12.570	-21.9
19.43	-10.044	-12.347	-34.6
19.44	-10.053	-11.967	-26.1
19.45	-10.062	-11.769	-25.5
19.46	-10.071	-11.847	-28.2
19.47	-10.079	-12.120	-23.1
19.48	-10.086	-12.397	-26.8
19.49	-10.092	-12.433	-31.6
19.5	-10.099	-12.406	-36.2
19.51	-10.105	-12.489	-40.8
19.52	-10.112	-12.563	-24.8
19.53	-10.120	-12.472	-15.5
19.54	-10.132	-12.228	-28.8
19.55	-10.144	-12.003	-28.0
19.56	-10.155	-11.903	-16.3
19.57	-10.162	-12.002	53.8
19.58	-10.166	-12.117	215.8
19.59	-10.170	-12.091	316.7
19.6	-10.173	-12.192	256.2
19.61	-10.177	-12.438	95.1
19.62	-10.180	-12.558	-30.3
19.63	-10.184	-12.527	-56.5
19.64	-10.188	-12.464	-42.2
19.65	-10.189	-12.417	-32.1
19.66	-10.185	-12.247	-32.5
19.67	-10.176	-12.045	-31.0
19.68	-10.166	-12.011	-35.3
19.69	-10.158	-12.020	-45.4
19.7	-10.153	-12.013	-36.5
19.71	-10.149	-12.200	-22.1
19.72	-10.147	-12.609	-24.8
19.73	-10.145	-12.867	-30.4
19.74	-10.142	-12.583	-26.9
19.75	-10.139	-11.286	-12.8
19.76	-10.136	-8.423	-10.5
19.77	-10.136	-3.927	-22.0
19.78	-10.137	1.484	-18.9
19.79	-10.139	6.523	-15.6
19.8	-10.142	10.159	-15.8
19.81	-10.145	11.977	-5.1
19.82	-10.148	11.827	4.0
19.83	-10.152	9.900	13.7
19.84	-10.156	6.747	18.6
19.85	-10.158	2.839	22.1
19.86	-10.159	-1.402	27.2
19.87	-10.159	-5.438	31.5
19.88	-10.159	-8.838	46.8
19.89	-10.159	-11.322	75.5
19.9	-10.158	-12.983	98.2
19.91	-10.158	-14.061	98.1
19.92	-10.157	-14.528	99.9
19.93	-10.159	-14.384	100.8
19.94	-10.166	-13.778	95.1
19.95	-10.174	-13.055	82.7
19.96	-10.179	-12.344	55.9
19.97	-10.181	-11.334	24.4
19.98	-10.181	-10.395	-4.0
19.99	-10.179	-10.073	-24.6
20.0	-10.177	-10.280	-43.8
20.01	-10.173	-10.855	-48.1
20.02	-10.170	-11.573	-45.0
20.03	-10.166	-12.259	-51.6
20.04	-10.161	-12.680	-50.1
20.05	-10.156	-12.573	-53.3
20.06	-10.149	-12.289	-65.1
20.07	-10.143	-12.136	-60.8
20.08	-10.136	-11.978	-46.6
20.09	-10.128	-11.855	-37.6
20.1	-10.121	-11.677	-36.8
20.11	-10.114	-11.428	-41.2
20.12	-10.106	-11.344	-41.1
20.13	-10.096	-11.227	-40.9
20.14	-10.082	-10.953	-40.7
20.15	-10.063	-10.697	-41.3
20.16	-10.041	-10.522	-43.0
20.17	-10.018	-10.636	-42.5
20.18	-9.994	-11.019	-51.2
20.19	-9.969	-11.389	-55.6
20.2	-9.946	-11.766	-39.6
20.21	-9.922	-12.211	-31.8
20.22	-9.899	-12.741	-39.3
20.23	-9.877	-13.313	-37.9
20.24	-9.855	-13.636	-37.0
20.25	-9.833	-13.695	-45.5
20.26	-9.813	-13.848	-51.5
20.27	-9.793	-14.097	-54.1
20.28	-9.773	-14.175	-52.7
20.29	-9.753	-14.095	-45.2
20.3	-9.733	-13.866	-39.9
20.31	-9.714	-13.455	-40.5
20.32	-9.696	-13.134	-47.5
20.33	-9.677	-12.958	-40.8
20.34	-9.659	-12.656	-24.4
20.35	-9.640	-12.308	-23.1
20.36	-9.623	-11.956	-34.1
20.37	-9.606	-11.555	-43.3
20.38	-9.589	-11.348	-40.6
20.39	-9.572	-11.284	-40.3
20.4	-9.556	-11.227	-43.8
20.41	-9.539	-11.227	-43.1
20.42	-9.524	-11.353	-41.6
20.43	-9.508	-11.697	-37.8
20.44	-9.492	-12.128	-24.5
20.45	-9.477	-12.727	-23.0
20.46	-9.461	-13.370	-29.8
20.47	-9.446	-13.586	-27.4
20.48	-9.431	-13.694	-30.2
20.49	-9.416	-13.883	-31.2
20.5	-9.402	-13.981	-29.8
20.51	-9.387	-14.077	-31.8
20.52	-9.372	-13.955	-35.6
20.53	-9.357	-13.552	-39.3
20.54	-9.343	-13.033	-34.9
20.55	-9.329	-12.419	-25.8
20.56	-9.314	-12.108	-22.0
20.57	-9.299	-12.105	-19.0
20.58	-9.284	-11.848	-18.1
20.59	-9.269	-11.494	-22.5
20.6	-9.255	-11.267	-27.8
20.61	-9.241	-11.086	-33.6
20.62	-9.228	-11.092	-30.5
20.63	-9.215	-11.284	-29.1
20.64	-9.203	-11.369	-31.0
20.65	-9.190	-11.250	-19.9
20.66	-9.178	-11.372	-16.0
20.67	-9.164	-11.878	-23.9
20.68	-9.152	-12.294	-32.4
20.69	-9.139	-12.620	-32.2
20.7	-9.127	-12.938	-17.9
20.71	-9.116	-12.991	-10.9
20.72	-9.104	-12.870	-15.7
20.73	-9.092	-12.694	-20.2
20.74	-9.080	-12.548	-24.4
20.75	-9.068	-12.486	-16.3
20.76	-9.057	-12.419	-1.7
20.77	-9.045	-12.295	-6.6
20.78	-9.035	-12.006	-3.4
20.79	-9.025	-11.739	17.1
20.8	-9.014	-11.622	22.5
20.81	-9.004	-11.503	11.1
20.82	-8.993	-11.600	-9.3
20.83	-8.982	-11.908	-35.0
20.84	-8.971	-12.139	-44.0
20.85	-8.961	-12.480	-26.5
20.86	-8.950	-12.934	-19.1
20.87	-8.939	-13.194	-32.8
20.88	-8.928	-13.047	-35.9
20.89	-8.916	-12.523	-30.7
20.9	-8.903	-12.067	-31.2
20.91	-8.891	-11.594	-33.8
20.92	-8.879	-10.309	-39.9
20.93	-8.867	-8.213	-37.5
20.94	-8.857	-6.520	-23.9
20.95	-8.850	-5.795	-24.3
20.96	-8.842	-5.256	-34.9
20.97	-8.832	-4.498	-16.7
20.98	-8.817	-3.652	89.1
20.99	-8.800	-2.589	258.8
21.0	-8.784	-1.741	342.3
21.01	-8.769	-2.000	236.6
21.02	-8.754	-3.202	45.7
21.03	-8.740	-4.581	-48.1
21.04	-8.727	-5.952	-44.8
21.05	-8.716	-7.269	-36.1
21.06	-8.704	-8.103	-52.5
21.07	-8.691	-8.503	-57.8
21.08	-8.674	-9.120	-42.1
21.09	-8.656	-9.889	-35.2
21.1	-8.638	-10.539	-27.8
21.11	-8.621	-11.022	-26.1
21.12	-8.604	-11.231	-29.9
21.13	-8.586	-11.411	-21.6
21.14	-8.569	-11.547	-25.7
21.15	-8.552	-11.233	-28.8
21.16	-8.535	-10.211	-22.6
21.17	-8.520	-7.895	-29.2
21.18	-8.506	-4.117	-26.1
21.19	-8.492	0.094	-11.2
21.2	-8.479	3.645	-9.1
21.21	-8.467	6.000	-7.7
21.22	-8.456	6.827	4.4
21.23	-8.446	5.922	8.2
21.24	-8.436	3.598	10.5
21.25	-8.428	0.447	9.9
21.26	-8.419	-3.173	13.8
21.27	-8.411	-6.816	28.1
21.28	-8.403	-10.050	37.6
21.29	-8.395	-12.691	59.5
21.3	-8.386	-14.569	86.1
21.31	-8.376	-15.672	88.8
21.32	-8.367	-16.019	88.2
21.33	-8.358	-15.778	101.3
21.34	-8.350	-15.411	103.3
21.35	-8.344	-15.013	90.9
21.36	-8.339	-14.350	69.4
21.37	-8.334	-13.405	41.6
21.38	-8.329	-12.752	10.6
21.39	-8.324	-12.647	-15.1
21.4	-8.316	-12.580	-28.4
21.41	-8.309	-12.609	-39.3
21.42	-8.301	-12.988	-48.1
21.43	-8.293	-13.675	-54.5
21.44	-8.285	-14.442	-51.8
21.45	-8.279	-14.633	-50.3
21.46	-8.273	-14.052	-59.1
21.47	-8.269	-13.209	-56.7
21.48	-8.266	-12.419	-44.7
21.49	-8.263	-11.695	-39.6
21.5	-8.261	-11.320	-43.0
21.51	-8.260	-11.375	-51.2
21.52	-8.259	-11.386	-44.6
21.53	-8.258	-11.177	-32.5
21.54	-8.257	-11.069	-40.6
21.55	-8.255	-11.145	-41.2
21.56	-8.252	-11.216	-36.7
21.57	-8.249	-11.259	-42.5
21.58	-8.246	-11.273	-40.5
21.59	-8.242	-11.242	-37.2
21.6	-8.239	-11.444	-39.5
21.61	-8.236	-11.805	-42.8
21.62	-8.234	-11.963	-40.8
21.63	-8.232	-12.250	-36.9
21.64	-8.231	-12.805	-44.4
21.65	-8.228	-13.184	-45.1
21.66	-8.226	-13.566	-38.3
21.67	-8.224	-14.073	-35.1
21.68	-8.221	-14.408	-31.6
21.69	-8.219	-14.636	-41.5
21.7	-8.216	-14.675	-45.1
21.71	-8.214	-14.370	-34.4
21.72	-8.213	-13.905	-33.5
21.73	-8.211	-13.458	-40.7
21.74	-8.209	-13.108	-42.2
21.75	-8.207	-12.769	-37.7
21.76	-8.205	-12.297	-31.3
21.77	-8.204	-11.859	-31.7
21.78	-8.204	-11.697	-35.7
21.79	-8.204	-11.539	-32.4
21.8	-8.204	-11.122	-29.1
21.81	-8.203	-10.808	-27.6
21.82	-8.202	-10.948	-30.4
21.83	-8.201	-11.327	-32.1
21.84	-8.201	-11.572	-20.4
21.85	-8.201	-11.825	-12.1
21.86	-8.201	-12.205	-30.1
21.87	-8.201	-12.494	-50.9
21.88	-8.201	-12.738	-47.5
21.89	-8.202	-12.948	-22.8
21.9	-8.203	-13.088	-6.7
21.91	-8.204	-13.030	-13.1
21.92	-8.206	-12.620	-21.2
21.93	-8.207	-12.241	-26.2
21.94	-8.208	-12.091	-29.9
21.95	-8.209	-11.859	-38.9
21.96	-8.211	-11.677	-32.6
21.97	-8.213	-11.828	-14.4
21.98	-8.214	-12.078	-15.0
21.99	-8.215	-12.366	-20.8
22.0	-8.216	-12.822	-26.7
22.01	-8.218	-13.202	-26.7
22.02	-8.219	-13.433	-18.1
22.03	-8.221	-13.639	-21.3
22.04	-8.223	-13.742	-26.8
22.05	-8.224	-13.795	-26.9
22.06	-8.225	-13.863	-23.6
22.07	-8.226	-13.873	-16.1
22.08	-8.228	-13.748	-8.7
22.09	-8.229	-13.547	-12.0
22.1	-8.232	-13.334	-26.5
22.11	-8.233	-13.061	-24.4
22.12	-8.235	-12.864	-11.2
22.13	-8.237	-12.731	-15.9
22.14	-8.239	-12.580	-24.8
22.15	-8.241	-12.539	-19.3
22.16	-8.242	-12.558	-19.1
22.17	-8.244	-12.688	-23.8
22.18	-8.246	-12.948	-13.6
22.19	-8.248	-12.977	-13.1
22.2	-8.250	-12.916	-22.9
22.21	-8.252	-13.167	-15.9
22.22	-8.254	-13.452	-10.2
22.23	-8.256	-13.466	-16.2
22.24	-8.259	-13.384	-16.8
22.25	-8.261	-13.328	-16.7
22.26	-8.264	-13.383	-28.9
22.27	-8.269	-13.433	-23.7
22.28	-8.273	-13.206	-3.7
22.29	-8.277	-12.919	-8.0
22.3	-8.281	-12.834	-15.0
22.31	-8.285	-12.759	-7.3
22.32	-8.288	-12.463	0.3
22.33	-8.292	-12.216	5.6
22.34	-8.296	-12.322	11.1
22.35	-8.300	-12.494	22.6
22.36	-8.304	-12.511	23.9
22.37	-8.308	-12.561	13.0
22.38	-8.311	-12.738	-8.3
22.39	-8.314	-12.967	-34.9
22.4	-8.318	-13.103	-34.8
22.41	-8.322	-13.027	-28.1
22.42	-8.326	-12.748	-27.2
22.43	-8.330	-12.531	-25.5
22.44	-8.333	-12.536	-29.3
22.45	-8.336	-12.403	-37.9
22.46	-8.338	-12.084	-40.8
22.47	-8.341	-11.975	-35.5
22.48	-8.344	-12.109	-34.9
22.49	-8.350	-12.147	-28.4
22.5	-8.358	-11.948	-27.4
22.51	-8.365	-11.866	-34.0
22.52	-8.369	-12.088	-12.6
22.53	-8.369	-12.409	110.4
22.54	-8.370	-12.614	293.4
22.55	-8.372	-12.714	346.3
22.56	-8.376	-12.863	227.3
22.57	-8.381	-13.127	48.3
22.58	-8.392	-13.322	-41.8
22.59	-8.405	-13.164	-46.2
22.6	-8.417	-12.877	-50.4
22.61	-8.425	-12.747	-47.7
22.62	-8.429	-12.722	-39.7
22.63	-8.432	-12.842	-36.6
22.64	-8.436	-12.886	-38.7
22.65	-8.442	-12.614	-46.5
22.66	-8.448	-12.339	-43.9
22.67	-8.453	-12.109	-32.3
22.68	-8.457	-11.792	-26.8
22.69	-8.461	-11.233	-28.9
22.7	-8.464	-9.706	-34.8
22.71	-8.469	-6.588	-31.5
22.72	-8.477	-1.875	-22.7
22.73	-8.487	3.588	-22.9
22.74	-8.499	8.223	-36.1
22.75	-8.514	10.975	-27.8
22.76	-8.531	11.808	-3.4
22.77	-8.549	11.098	-4.3
22.78	-8.568	9.027	-10.8
22.79	-8.588	5.942	-10.4
22.8	-8.607	2.591	-5.1
22.81	-8.626	-0.778	6.8
22.82	-8.645	-4.223	18.0
22.83	-8.662	-7.417	25.6
22.84	-8.680	-9.881	30.7
22.85	-8.697	-11.320	35.0
22.86	-8.714	-11.914	55.0
22.87	-8.731	-12.158	76.2
22.88	-8.747	-12.267	76.3
22.89	-8.764	-12.094	85.9
22.9	-8.784	-11.530	89.3
22.91	-8.806	-10.698	69.4
22.92	-8.827	-9.992	48.5
22.93	-8.848	-9.794	22.5
22.94	-8.867	-9.914	-5.1
22.95	-8.886	-10.061	-13.7
22.96	-8.906	-10.603	-11.9
22.97	-8.924	-11.741	-30.3
22.98	-8.940	-12.798	-50.2
22.99	-8.957	-13.311	-40.5
23.0	-8.973	-13.505	-25.6
23.01	-8.990	-13.606	-41.7
23.02	-9.007	-13.688	-62.5
23.03	-9.025	-13.409	-46.2
23.04	-9.044	-12.534	-33.1
23.05	-9.064	-11.806	-51.4
23.06	-9.084	-11.686	-50.0
23.07	-9.105	-11.839	-36.5
23.08	-9.125	-11.945	-38.8
23.09	-9.144	-11.892	-34.9
23.1	-9.164	-11.870	-34.9
23.11	-9.182	-11.991	-44.2
23.12	-9.200	-12.066	-45.8
23.13	-9.217	-11.803	-44.1
23.14	-9.234	-11.306	-42.9
23.15	-9.249	-11.113	-46.2
23.16	-9.266	-11.311	-49.5
23.17	-9.282	-11.719	-39.6
23.18	-9.297	-12.211	-35.7
23.19	-9.313	-12.706	-38.1
23.2	-9.329	-13.453	-34.5
23.21	-9.346	-14.272	-35.5
23.22	-9.363	-14.545	-38.1
23.23	-9.379	-14.419	-36.7
23.24	-9.395	-14.434	-36.5
23.25	-9.411	-14.597	-41.1
23.26	-9.427	-14.597	-34.0
23.27	-9.442	-14.244	-26.4
23.28	-9.457	-13.653	-30.3
23.29	-9.474	-13.084	-32.1
23.3	-9.490	-12.686	-34.6
23.31	-9.506	-12.461	-37.0
23.32	-9.523	-12.148	-39.8
23.33	-9.539	-11.652	-33.3
23.34	-9.554	-11.327	-17.1
23.35	-9.568	-11.331	-21.4
23.36	-9.582	-11.402	-32.6
23.37	-9.596	-11.511	-27.8
23.38	-9.611	-11.759	-26.4
23.39	-9.626	-12.025	-32.2
23.4	-9.640	-12.364	-29.9
23.41	-9.654	-12.706	-19.4
23.42	-9.668	-12.945	-16.5
23.43	-9.682	-13.208	-26.9
23.44	-9.696	-13.361	-30.7
23.45	-9.708	-13.466	-23.8
23.46	-9.721	-13.672	-20.1
23.47	-9.735	-13.619	-21.7
23.48	-9.748	-13.264	-27.5
23.49	-9.761	-12.952	-29.7
23.5	-9.774	-12.638	-24.6
23.51	-9.787	-12.203	-14.9
23.52	-9.801	-11.823	-11.6
23.53	-9.814	-11.752	-25.9
23.54	-9.827	-11.938	-31.2
23.55	-9.841	-11.986	-20.1
23.56	-9.854	-11.936	-18.1
23.57	-9.868	-12.288	-20.4
23.58	-9.883	-12.902	-25.8
23.59	-9.898	-13.247	-29.3
23.6	-9.912	-13.327	-17.9
23.61	-9.927	-13.211	-12.4
23.62	-9.941	-12.959	-14.3
23.63	-9.955	-12.511	-15.9
23.64	-9.969	-12.150	-24.0
23.65	-9.982	-11.748	-22.2
23.66	-9.996	-11.308	-15.2
23.67	-10.009	-12.072	-19.5
23.68	-10.022	-13.128	-22.3
23.69	-10.034	-12.891	-15.3
23.7	-10.047	-12.566	-7.5
23.71	-10.059	-12.900	-9.1
23.72	-10.072	-13.178	-19.9
23.73	-10.083	-13.384	-25.2
23.74	-10.094	-13.438	-17.5
23.75	-10.106	-13.044	-12.3
23.76	-10.118	-12.642	-10.1
23.77	-10.129	-12.497	-0.3
23.78	-10.141	-12.436	2.3
23.79	-10.154	-12.458	7.5
23.8	-10.166	-12.575	23.5
23.81	-10.177	-12.481	25.2
23.82	-10.188	-12.242	19.3
23.83	-10.199	-12.178	1.0
23.84	-10.213	-12.098	-30.5
23.85	-10.227	-11.845	-36.2
23.86	-10.243	-11.586	-26.9
23.87	-10.258	-11.473	-24.4
23.88	-10.274	-11.617	-26.8
23.89	-10.289	-11.989	-26.9
23.9	-10.303	-12.325	-22.9
23.91	-10.317	-12.566	-29.2
23.92	-10.331	-12.822	-33.9
23.93	-10.344	-12.984	-33.3
23.94	-10.359	-13.114	-35.4
23.95	-10.376	-13.273	-32.4
23.96	-10.396	-13.216	-23.5
23.97	-10.418	-12.980	-14.1
23.98	-10.438	-12.850	-16.2
23.99	-10.453	-12.902	32.6
24.0	-10.464	-12.878	193.0
24.01	-10.476	-12.548	320.5
24.02	-10.490	-12.250	269.4
24.03	-10.501	-12.209	96.2
24.04	-10.506	-12.097	-22.9
24.05	-10.509	-11.908	-50.1
24.06	-10.508	-11.944	-50.4
24.07	-10.499	-12.209	-34.1
24.08	-10.484	-12.545	-31.6
24.09	-10.461	-12.730	-38.8
24.1	-10.431	-12.759	-30.7
24.11	-10.399	-12.909	-23.5
24.12	-10.368	-13.123	-23.2
24.13	-10.338	-13.119	-24.9
24.14	-10.306	-12.939	-25.9
24.15	-10.274	-12.766	-26.3
24.16	-10.239	-12.411	-20.2
24.17	-10.203	-11.344	-12.2
24.18	-10.166	-9.053	-18.4
24.19	-10.131	-5.338	-18.8
24.2	-10.096	-0.688	-9.7
24.21	-10.061	3.908	-0.8
24.22	-10.028	7.794	2.4
24.23	-9.995	10.380	2.3
24.24	-9.964	10.977	8.9
24.25	-9.934	9.628	11.9
24.26	-9.904	6.761	15.2
24.27	-9.875	3.034	27.5
24.28	-9.846	-0.794	36.3
24.29	-9.816	-4.467	43.7
24.3	-9.788	-7.744	67.9
24.31	-9.761	-10.520	96.4
24.32	-9.735	-12.889	109.9
24.33	-9.711	-14.498	117.3
24.34	-9.688	-15.081	117.1
24.35	-9.669	-14.833	109.2
24.36	-9.656	-14.119	102.6
24.37	-9.644	-13.200	74.7
24.38	-9.630	-12.247	33.2
24.39	-9.615	-11.533	13.9
24.4	-9.599	-11.031	-3.5
24.41	-9.584	-10.672	-23.9
24.42	-9.568	-10.636	-35.8
24.43	-9.552	-10.945	-53.0
24.44	-9.536	-11.559	-57.8
24.45	-9.522	-12.247	-49.6
24.46	-9.509	-12.611	-54.5
24.47	-9.496	-12.752	-66.3
24.48	-9.485	-12.872	-62.4
24.49	-9.473	-12.895	-52.5
24.5	-9.461	-12.819	-49.1
24.51	-9.447	-12.506	-37.5
24.52	-9.433	-12.002	-33.1
24.53	-9.419	-11.589	-44.2
24.54	-9.406	-11.292	-46.2
24.55	-9.393	-11.055	-42.9
24.56	-9.378	-10.773	-39.9
24.57	-9.363	-10.488	-41.9
24.58	-9.347	-10.363	-45.7
24.59	-9.331	-10.323	-40.5
24.6	-9.314	-10.448	-40.5
24.61	-9.299	-10.903	-56.4
24.62	-9.284	-11.533	-58.6
24.63	-9.268	-12.089	-40.5
24.64	-9.253	-12.670	-41.1
24.65	-9.238	-13.498	-43.8
24.66	-9.223	-14.430	-39.3
24.67	-9.209	-14.920	-50.7
24.68	-9.195	-14.869	-56.8
24.69	-9.181	-14.725	-44.7
24.7	-9.168	-14.517	-38.9
24.71	-9.154	-14.164	-49.7
24.72	-9.141	-13.783	-53.2
24.73	-9.129	-13.334	-41.9
24.74	-9.117	-12.923	-37.0
24.75	-9.106	-12.622	-45.4
24.76	-9.094	-12.298	-46.3
24.77	-9.083	-11.842	-36.3
24.78	-9.072	-11.330	-38.2
24.79	-9.061	-11.095	-41.5
24.8	-9.049	-11.241	-36.8
24.81	-9.038	-11.475	-28.4
24.82	-9.027	-11.616	-34.3
24.83	-9.016	-11.819	-49.3
24.84	-9.006	-12.252	-44.0
24.85	-8.996	-12.781	-34.7
24.86	-8.986	-13.244	-29.5
24.87	-8.976	-13.495	-29.2
24.88	-8.967	-13.364	-25.2
24.89	-8.959	-12.995	-15.6
24.9	-8.949	-12.750	-33.0
24.91	-8.941	-12.798	-53.8
24.92	-8.932	-12.867	-44.4
24.93	-8.923	-12.586	-29.3
24.94	-8.914	-12.100	-21.7
24.95	-8.905	-11.641	-20.8
24.96	-8.896	-11.353	-24.1
24.97	-8.886	-11.438	-34.4
24.98	-8.877	-11.761	-42.5
24.99	-8.867	-12.108	-36.9
25.0	-8.858	-12.333	-27.2
25.01	-8.848	-12.425	-24.6
25.02	-8.838	-12.581	-23.5
25.03	-8.828	-12.838	-16.8
25.04	-8.818	-13.038	-26.9
25.05	-8.807	-13.131	-33.7
25.06	-8.797	-13.248	-24.5
25.07	-8.787	-13.397	-23.2
25.08	-8.776	-13.434	-23.0
25.09	-8.765	-13.339	-23.6
25.1	-8.754	-13.142	-28.9
25.11	-8.742	-12.967	-31.8
25.12	-8.731	-12.859	-20.1
25.13	-8.720	-12.758	-10.3
25.14	-8.708	-12.577	-15.2
25.15	-8.697	-12.197	-14.0
25.16	-8.686	-11.847	2.4
25.17	-8.676	-11.795	19.2
25.18	-8.666	-11.903	23.4
25.19	-8.656	-12.011	16.0
25.2	-8.645	-12.158	-3.8
25.21	-8.634	-12.392	-31.1
25.22	-8.622	-12.666	-40.6
25.23	-8.610	-12.861	-32.6
25.24	-8.598	-12.905	-32.8
25.25	-8.587	-12.883	-34.6
25.26	-8.576	-12.911	-42.4
25.27	-8.565	-12.878	-47.5
25.28	-8.554	-12.730	-35.7
25.29	-8.542	-12.642	-33.4
25.3	-8.530	-12.483	-42.2
25.31	-8.518	-12.166	-41.4
25.32	-8.509	-11.977	-22.4
25.33	-8.502	-11.916	-14.4
25.34	-8.496	-11.806	-23.9
25.35	-8.489	-11.713	-27.9
25.36	-8.479	-11.761	20.3
25.37	-8.466	-11.998	172.7
25.38	-8.453	-12.267	315.1
25.39	-8.441	-12.500	309.9
25.4	-8.430	-12.825	155.3
25.41	-8.420	-12.955	-10.5
25.42	-8.412	-12.881	-55.8
25.43	-8.405	-12.977	-38.2
25.44	-8.398	-13.038	-39.1
25.45	-8.386	-13.044	-44.5
25.46	-8.369	-13.166	-41.3
25.47	-8.351	-13.070	-43.2
25.48	-8.336	-12.784	-47.6
25.49	-8.324	-12.644	-43.6
25.5	-8.313	-12.559	-32.1
25.51	-8.301	-12.392	-26.9
25.52	-8.289	-12.005	-28.6
25.53	-8.277	-11.280	-28.8
25.54	-8.266	-9.984	-30.7
25.55	-8.254	-7.398	-30.2
25.56	-8.244	-3.258	-22.5
25.57	-8.235	1.761	-18.4
25.58	-8.227	6.591	-23.4
25.59	-8.221	10.058	-27.7
25.6	-8.215	11.428	-17.1
25.61	-8.210	10.753	0.9
25.62	-8.205	8.542	9.6
25.63	-8.201	5.400	11.7
25.64	-8.198	1.723	19.2
25.65	-8.196	-2.127	21.8
25.66	-8.193	-5.675	24.7
25.67	-8.189	-8.680	38.8
25.68	-8.185	-10.980	49.3
25.69	-8.182	-12.398	61.1
25.7	-8.179	-13.119	80.2
25.71	-8.176	-13.430	96.8
25.72	-8.172	-13.308	106.3
25.73	-8.171	-12.781	98.7
25.74	-8.171	-12.180	71.4
25.75	-8.171	-11.644	42.4
25.76	-8.171	-11.152	18.4
25.77	-8.171	-10.697	-4.8
25.78	-8.171	-10.436	-18.0
25.79	-8.172	-10.778	-24.8
25.8	-8.172	-11.655	-38.9
25.81	-8.172	-12.636	-49.1
25.82	-8.171	-13.408	-51.4
25.83	-8.171	-13.809	-50.0
25.84	-8.172	-13.927	-50.4
25.85	-8.173	-13.873	-55.2
25.86	-8.175	-13.697	-51.3
25.87	-8.178	-13.319	-45.9
25.88	-8.181	-12.822	-46.1
25.89	-8.184	-12.495	-47.5
25.9	-8.189	-12.372	-46.1
25.91	-8.193	-12.284	-42.0
25.92	-8.196	-12.092	-45.4
25.93	-8.199	-11.861	-49.1
25.94	-8.201	-11.691	-42.7
25.95	-8.203	-11.442	-38.0
25.96	-8.203	-11.153	-41.1
25.97	-8.204	-11.014	-43.0
25.98	-8.204	-11.034	-42.9
25.99	-8.203	-11.097	-50.5
26.0	-8.202	-11.291	-51.9
26.01	-8.201	-11.892	-39.9
26.02	-8.199	-12.689	-40.6
26.03	-8.199	-13.244	-41.0
26.04	-8.198	-13.692	-33.5
26.05	-8.197	-14.338	-33.4
26.06	-8.197	-14.867	-36.0
26.07	-8.197	-15.045	-44.3
26.08	-8.198	-14.916	-41.2
26.09	-8.199	-14.438	-36.2
26.1	-8.202	-13.794	-44.5
26.11	-8.205	-13.211	-45.9
26.12	-8.208	-12.755	-48.6
26.13	-8.211	-12.448	-36.8
26.14	-8.214	-12.316	-24.6
26.15	-8.217	-12.267	-31.5
26.16	-8.221	-12.086	-25.8
26.17	-8.224	-11.825	-23.8
26.18	-8.228	-11.745	-35.0
26.19	-8.231	-11.817	-35.0
26.2	-8.234	-11.934	-28.1
26.21	-8.238	-12.150	-29.3
26.22	-8.242	-12.398	-33.4
26.23	-8.247	-12.569	-31.8
26.24	-8.252	-12.633	-27.1
26.25	-8.257	-12.695	-28.5
26.26	-8.262	-12.941	-34.2
26.27	-8.267	-13.191	-31.2
26.28	-8.271	-13.142	-24.2
26.29	-8.276	-12.867	-23.3
26.3	-8.280	-12.758	-22.4
26.31	-8.284	-12.838	-23.9
26.32	-8.289	-12.747	-28.5
26.33	-8.294	-12.469	-20.0
26.34	-8.299	-12.222	-12.6
26.35	-8.303	-12.153	-23.3
26.36	-8.308	-12.197	-30.0
26.37	-8.313	-12.172	-31.8
26.38	-8.319	-12.100	-30.0
26.39	-8.324	-12.202	-17.6
26.4	-8.329	-12.450	-15.3
26.41	-8.335	-12.573	-15.0
26.42	-8.341	-12.663	-12.9
26.43	-8.346	-12.883	-31.6
26.44	-8.353	-13.084	-41.1
26.45	-8.358	-13.222	-26.5
26.46	-8.364	-13.158	-18.0
26.47	-8.371	-12.848	-11.5
26.48	-8.377	-12.547	-9.3
26.49	-8.384	-12.342	-22.0
26.5	-8.391	-12.289	-27.8
26.51	-8.398	-12.331	-19.5
26.52	-8.405	-12.309	-12.8
26.53	-8.413	-12.273	-13.2
26.54	-8.421	-12.291	-20.2
26.55	-8.431	-12.353	-25.9
26.56	-8.440	-12.466	-22.9
26.57	-8.450	-12.508	-19.8
26.58	-8.461	-12.480	-21.8
26.59	-8.473	-12.589	-14.1
26.6	-8.484	-12.683	-8.0
26.61	-8.497	-12.627	-20.2
26.62	-8.509	-12.594	-21.1
26.63	-8.522	-12.591	-15.9
26.64	-8.535	-12.641	-18.6
26.65	-8.548	-12.720	-12.4
26.66	-8.562	-12.688	-16.9
26.67	-8.576	-12.595	-28.2
26.68	-8.590	-12.586	-15.3
26.69	-8.604	-12.716	-4.1
26.7	-8.619	-12.875	-7.0
26.71	-8.633	-12.839	-7.3
26.72	-8.648	-12.659	-10.5
26.73	-8.663	-12.608	-10.9
26.74	-8.678	-12.713	-1.0
26.75	-8.694	-12.748	9.2
26.76	-8.710	-12.653	17.2
26.77	-8.727	-12.563	25.7
26.78	-8.744	-12.659	22.8
26.79	-8.763	-12.909	1.7
26.8	-8.780	-12.956	-17.0
26.81	-8.797	-12.808	-17.1
26.82	-8.814	-12.667	-14.3
26.83	-8.832	-12.480	-28.8
26.84	-8.849	-12.317	-43.1
26.85	-8.866	-12.163	-42.1
26.86	-8.883	-11.989	-36.0
26.87	-8.899	-11.953	-33.0
26.88	-8.914	-12.108	-25.5
26.89	-8.929	-12.313	-22.6
26.9	-8.945	-12.333	-22.9
26.91	-8.963	-12.255	-13.8
26.92	-8.981	-12.295	-19.2
26.93	-8.998	-12.364	-27.8
26.94	-9.013	-12.428	5.3
26.95	-9.026	-12.728	144.8
26.96	-9.039	-13.098	319.4
26.97	-9.052	-13.095	355.1
26.98	-9.066	-12.969	215.6
26.99	-9.082	-12.967	30.5
27.0	-9.100	-12.806	-52.5
27.01	-9.118	-12.492	-54.5
27.02	-9.134	-12.253	-35.4
27.03	-9.147	-12.148	-25.0
27.04	-9.156	-12.072	-33.8
27.05	-9.162	-12.030	-41.1
27.06	-9.168	-12.183	-38.0
27.07	-9.174	-12.417	-34.8
27.08	-9.182	-12.580	-35.6
27.09	-9.190	-12.666	-29.8
27.1	-9.198	-12.522	-30.2
27.11	-9.207	-11.773	-26.7
27.12	-9.217	-9.630	-15.1
27.13	-9.228	-5.553	-19.8
27.14	-9.241	-0.166	-27.3
27.15	-9.255	5.445	-21.3
27.16	-9.269	10.128	-17.9
27.17	-9.284	12.877	-15.5
27.18	-9.299	13.544	-5.0
27.19	-9.314	12.303	3.7
27.2	-9.331	9.589	5.7
27.21	-9.347	6.184	6.5
27.22	-9.363	2.369	13.9
27.23	-9.377	-1.658	26.2
27.24	-9.393	-5.422	30.4
27.25	-9.406	-8.552	27.6
27.26	-9.420	-10.938	41.6
27.27	-9.433	-12.645	64.0
27.28	-9.446	-13.616	72.9
27.29	-9.461	-13.898	81.1
27.3	-9.476	-13.689	96.3
27.31	-9.494	-13.105	102.6
27.32	-9.513	-12.258	88.7
27.33	-9.532	-11.238	63.7
27.34	-9.549	-10.252	38.3
27.35	-9.564	-9.652	17.6
27.36	-9.578	-9.444	7.6
27.37	-9.591	-9.556	-5.4
27.38	-9.602	-10.081	-23.9
27.39	-9.613	-10.833	-29.6
27.4	-9.623	-11.683	-33.0
27.41	-9.633	-12.422	-43.8
27.42	-9.642	-12.658	-50.3
27.43	-9.652	-12.747	-46.2
27.44	-9.662	-12.948	-38.2
27.45	-9.675	-12.948	-43.5
27.46	-9.687	-12.975	-47.8
27.47	-9.700	-13.059	-36.3
27.48	-9.713	-12.863	-38.3
27.49	-9.727	-12.578	-44.3
27.5	-9.741	-12.341	-34.8
27.51	-9.754	-12.009	-37.3
27.52	-9.765	-11.511	-51.4
27.53	-9.774	-10.902	-52.3
27.54	-9.783	-10.472	-39.8
27.55	-9.790	-10.492	-23.8
27.56	-9.797	-10.664	-29.7
27.57	-9.804	-10.761	-47.5
27.58	-9.812	-11.131	-43.6
27.59	-9.819	-11.780	-37.8
27.6	-9.827	-12.477	-35.9
27.61	-9.834	-13.081	-35.7
27.62	-9.842	-13.505	-45.0
27.63	-9.849	-13.942	-50.7
27.64	-9.856	-14.338	-52.8
27.65	-9.863	-14.614	-33.3
27.66	-9.869	-14.869	-18.1
27.67	-9.876	-14.928	-33.8
27.68	-9.881	-14.600	-35.3
27.69	-9.887	-13.911	-26.2
27.7	-9.893	-13.281	-35.4
27.71	-9.899	-12.897	-47.2
27.72	-9.904	-12.475	-36.7
27.73	-9.911	-12.005	-20.1
27.74	-9.918	-11.619	-25.4
27.75	-9.923	-11.348	-38.7
27.76	-9.929	-11.169	-34.8
27.77	-9.934	-11.188	-29.3
27.78	-9.939	-11.353	-28.9
27.79	-9.944	-11.486	-19.9
27.8	-9.949	-11.833	-15.8
27.81	-9.954	-12.375	-28.0
27.82	-9.957	-12.745	-39.2
27.83	-9.961	-12.925	-27.5
27.84	-9.964	-13.023	-16.9
27.85	-9.967	-13.063	-22.0
27.86	-9.970	-13.070	-29.7
27.87	-9.973	-13.025	-31.3
27.88	-9.974	-12.959	-25.7
27.89	-9.976	-12.900	-22.4
27.9	-9.978	-12.708	-20.9
27.91	-9.979	-12.419	-21.0
27.92	-9.980	-12.280	-15.9
27.93	-9.981	-12.255	-13.9
27.94	-9.980	-12.156	-23.9
27.95	-9.978	-12.069	-19.1
27.96	-9.974	-12.219	-14.0
27.97	-9.969	-12.452	-28.2
27.98	-9.962	-12.430	-28.7
27.99	-9.953	-12.355	-23.8
28.0	-9.942	-12.453	-22.3
28.01	-9.928	-12.650	-13.4
28.02	-9.911	-12.930	-6.1
28.03	-9.893	-13.123	-15.3
28.04	-9.872	-13.169	-29.6
28.05	-9.850	-13.181	-19.9
28.06	-9.827	-13.102	-14.8
28.07	-9.803	-12.997	-21.0
28.08	-9.778	-12.928	-16.2
28.09	-9.754	-12.795	-14.9
28.1	-9.730	-12.589	-18.1
28.11	-9.707	-12.367	-17.3
28.12	-9.684	-12.256	-23.5
28.13	-9.661	-12.205	-27.4
28.14	-9.639	-12.084	-15.6
28.15	-9.616	-12.056	-8.9
28.16	-9.594	-12.188	-16.0
28.17	-9.572	-12.352	-18.6
28.18	-9.551	-12.459	-14.7
28.19	-9.531	-12.544	-8.8
28.2	-9.511	-12.700	-3.5
28.21	-9.492	-12.873	-5.8
28.22	-9.474	-12.925	2.0
28.23	-9.457	-12.897	20.4
28.24	-9.439	-12.922	28.0
28.25	-9.422	-12.934	20.5
28.26	-9.404	-12.773	-6.7
28.27	-9.386	-12.541	-30.4
28.28	-9.368	-12.423	-33.1
28.29	-9.351	-12.441	-32.7
28.3	-9.334	-12.547	-30.0
28.31	-9.318	-12.608	-29.4
28.32	-9.301	-12.542	-36.3
28.33	-9.283	-12.344	-36.8
28.34	-9.265	-12.172	-34.0
28.35	-9.247	-12.155	-38.2
28.36	-9.230	-12.123	-39.8
28.37	-9.213	-12.172	-29.6
28.38	-9.197	-12.297	-15.2
28.39	-9.184	-12.247	-13.7
28.4	-9.173	-12.180	-28.9
28.41	-9.162	-12.203	-42.1
28.42	-9.149	-12.252	-25.9
28.43	-9.130	-12.316	83.3
28.44	-9.109	-12.416	258.0
28.45	-9.089	-12.628	333.3
28.46	-9.070	-12.808	229.2
28.47	-9.052	-12.758	46.2
28.48	-9.034	-12.644	-50.1
28.49	-9.018	-12.716	-51.9
28.5	-9.002	-12.813	-46.9
28.51	-8.986	-12.613	-44.8
28.52	-8.966	-12.386	-32.5
28.53	-8.944	-12.406	-30.3
28.54	-8.921	-12.452	-38.0
28.55	-8.899	-12.489	-33.0
28.56	-8.877	-12.542	-31.3
28.57	-8.856	-12.553	-41.3
28.58	-8.836	-12.544	-36.8
28.59	-8.815	-12.395	-27.7
28.6	-8.794	-11.803	-29.2
28.61	-8.774	-10.261	-28.5
28.62	-8.754	-7.272	-19.6
28.63	-8.736	-2.752	-15.1
28.64	-8.719	2.570	-16.8
28.65	-8.701	7.367	-12.0
28.66	-8.684	10.594	-9.5
28.67	-8.668	11.714	-5.9
28.68	-8.652	10.725	-3.3
28.69	-8.638	8.403	-3.5
28.7	-8.625	5.417	11.2
28.71	-8.611	1.808	26.8
28.72	-8.596	-2.116	27.4
28.73	-8.582	-5.778	36.5
28.74	-8.569	-8.823	53.7
28.75	-8.555	-11.180	67.3
28.76	-8.541	-12.953	76.7
28.77	-8.528	-14.011	85.3
28.78	-8.516	-14.258	102.8
28.79	-8.506	-14.063	105.8
28.8	-8.499	-13.698	90.2
28.81	-8.492	-13.109	67.0
28.82	-8.484	-12.348	42.7
28.83	-8.478	-11.713	20.5
28.84	-8.470	-11.403	-9.8
28.85	-8.462	-11.319	-37.9
28.86	-8.453	-11.434	-49.0
28.87	-8.445	-11.820	-48.1
28.88	-8.437	-12.384	-53.0
28.89	-8.429	-12.911	-58.7
28.9	-8.422	-13.000	-55.9
28.91	-8.415	-12.506	-55.4
28.92	-8.410	-11.895	-52.0
28.93	-8.406	-11.577	-52.4
28.94	-8.402	-11.506	-58.6
28.95	-8.399	-11.539	-49.7
28.96	-8.395	-11.686	-41.2
28.97	-8.392	-11.967	-46.7
28.98	-8.388	-12.072	-49.3
28.99	-8.383	-11.798	-42.4
29.0	-8.378	-11.636	-33.4
29.01	-8.374	-11.622	-36.9
29.02	-8.369	-11.298	-48.4
29.03	-8.364	-11.014	-54.4
29.04	-8.360	-11.141	-53.0
29.05	-8.355	-11.309	-48.9
29.06	-8.351	-11.373	-44.6
29.07	-8.346	-11.639	-42.3
29.08	-8.341	-12.242	-50.9
29.09	-8.337	-12.866	-54.1
29.1	-8.333	-13.091	-44.1
29.11	-8.329	-13.373	-40.7
29.12	-8.324	-14.083	-40.4
29.13	-8.320	-14.650	-40.5
29.14	-8.316	-14.764	-39.4
29.15	-8.312	-14.522	-40.8
29.16	-8.309	-14.317	-47.6
29.17	-8.306	-14.311	-44.7
29.18	-8.303	-13.963	-47.8
29.19	-8.301	-13.292	-48.6
29.2	-8.299	-12.903	-30.9
29.21	-8.297	-12.775	-17.5
29.22	-8.294	-12.545	-21.2
29.23	-8.293	-12.028	-27.3
29.24	-8.291	-11.483	-31.1
29.25	-8.289	-11.334	-41.4
29.26	-8.287	-11.478	-37.7
29.27	-8.285	-11.652	-30.9
29.28	-8.284	-11.748	-34.6
29.29	-8.284	-11.834	-28.7
29.3	-8.283	-12.144	-25.8
29.31	-8.283	-12.638	-33.8
29.32	-8.282	-12.900	-33.7
29.33	-8.281	-12.848	-26.4
29.34	-8.281	-12.939	-24.1
29.35	-8.280	-13.241	-24.5
29.36	-8.279	-13.409	-28.5
29.37	-8.276	-13.377	-32.8
29.38	-8.271	-13.317	-28.3
29.39	-8.264	-13.313	-25.8
29.4	-8.259	-13.280	-29.8
29.41	-8.258	-13.078	-24.1
29.42	-8.259	-12.813	-17.0
29.43	-8.261	-12.727	-22.0
29.44	-8.264	-12.813	-27.4
29.45	-8.267	-12.923	-23.3
29.46	-8.273	-12.922	-21.8
29.47	-8.279	-12.939	-27.4
29.48	-8.284	-12.986	-29.2
29.49	-8.287	-12.909	-27.6
29.5	-8.289	-13.039	-24.9
29.51	-8.291	-13.278	-18.4
29.52	-8.294	-13.294	-17.0
29.53	-8.297	-13.264	-18.5
29.54	-8.302	-13.122	-20.0
29.55	-8.308	-12.864	-25.1
29.56	-8.313	-12.788	-23.2
29.57	-8.315	-12.919	-16.8
29.58	-8.317	-13.173	-18.4
29.59	-8.318	-13.217	-25.6
29.6	-8.319	-12.811	-24.6
29.61	-8.321	-12.459	-18.1
29.62	-8.322	-12.381	-19.7
29.63	-8.324	-12.400	-18.7
29.64	-8.326	-12.498	-9.0
29.65	-8.327	-12.548	-14.0
29.66	-8.328	-12.508	-27.6
29.67	-8.328	-12.378	-28.1
29.68	-8.329	-12.255	-17.5
29.69	-8.329	-12.302	-11.7
29.7	-8.329	-12.528	-16.5
29.71	-8.329	-12.903	-16.5
29.72	-8.326	-13.045	-4.2
29.73	-8.320	-12.836	10.9
29.74	-8.311	-12.784	14.8
29.75	-8.306	-12.856	16.2
29.76	-8.306	-12.697	11.7
29.77	-8.308	-12.406	-3.5
29.78	-8.313	-12.291	-19.7
29.79	-8.320	-12.383	-31.2
29.8	-8.327	-12.427	-32.7
29.81	-8.332	-12.366	-25.2
29.82	-8.338	-12.236	-23.8
29.83	-8.342	-12.172	-36.6
29.84	-8.348	-12.291	-44.5
29.85	-8.352	-12.588	-37.2
29.86	-8.357	-12.773	-27.6
29.87	-8.364	-12.509	-27.8
29.88	-8.373	-12.142	-35.5
29.89	-8.384	-11.920	-35.1
29.9	-8.399	-11.823	-22.6
29.91	-8.416	-12.038	-21.8
29.92	-8.431	-12.466	18.3
29.93	-8.445	-12.616	178.1
29.94	-8.457	-12.366	327.1
29.95	-8.468	-12.239	311.0
29.96	-8.479	-12.303	159.8
29.97	-8.492	-12.358	2.2
29.98	-8.510	-12.589	-57.6
29.99	-8.529	-12.803	-52.6
30.0	-8.547	-12.538	-40.2
30.01	-8.560	-12.041	-37.8
30.02	-8.570	-11.848	-42.1
30.03	-8.579	-11.997	-43.8
30.04	-8.588	-12.328	-46.5
30.05	-8.597	-12.658	-44.1
30.06	-8.605	-12.694	-31.7
30.07	-8.613	-12.394	-25.3
30.08	-8.619	-11.947	-31.7
30.09	-8.626	-11.063	-41.5
30.1	-8.634	-9.127	-39.1
30.11	-8.643	-5.711	-24.9
30.12	-8.653	-0.770	-23.5
30.13	-8.666	4.880	-30.4
30.14	-8.679	9.653	-21.8
30.15	-8.693	12.528	-14.3
30.16	-8.709	13.316	-20.7
30.17	-8.726	12.005	-15.5
30.18	-8.745	9.092	0.1
30.19	-8.765	5.463	2.4
30.2	-8.786	1.750	-0.3
30.21	-8.806	-1.811	11.7
30.22	-8.826	-5.102	20.0
30.23	-8.846	-7.980	17.3
30.24	-8.864	-10.447	26.6
30.25	-8.884	-12.239	46.9
30.26	-8.902	-13.027	62.8
30.27	-8.921	-13.170	74.5
30.28	-8.940	-13.219	89.5
30.29	-8.961	-13.000	89.0
30.3	-8.984	-12.300	68.3
30.31	-9.007	-11.455	58.7
30.32	-9.028	-10.723	42.7
30.33	-9.049	-10.245	4.7
30.34	-9.069	-10.153	-16.8
30.35	-9.090	-10.486	-20.4
30.36	-9.110	-11.084	-28.1
30.37	-9.129	-11.773	-37.4
30.38	-9.147	-12.605	-43.9
30.39	-9.166	-13.233	-41.7
30.4	-9.184	-13.242	-47.2
30.41	-9.204	-12.958	-55.0
30.42	-9.224	-12.817	-39.6
30.43	-9.244	-12.778	-37.0
30.44	-9.264	-12.652	-43.8
30.45	-9.286	-12.425	-43.1
30.46	-9.308	-12.250	-44.8
30.47	-9.328	-11.956	-43.4
30.48	-9.349	-11.400	-43.9
30.49	-9.369	-10.966	-46.7
30.5	-9.388	-10.780	-45.0
30.51	-9.407	-10.738	-42.9
30.52	-9.426	-10.828	-49.0
30.53	-9.443	-10.950	-51.4
30.54	-9.461	-11.100	-44.6
30.55	-9.479	-11.286	-35.5
30.56	-9.497	-11.500	-38.7
30.57	-9.514	-11.934	-50.4
30.58	-9.532	-12.600	-44.5
30.59	-9.549	-13.314	-32.5
30.6	-9.567	-13.914	-32.7
30.61	-9.584	-14.317	-35.1
30.62	-9.602	-14.633	-33.0
30.63	-9.619	-14.816	-39.3
30.64	-9.635	-14.808	-47.9
30.65	-9.651	-14.700	-41.4
30.66	-9.666	-14.453	-39.7
30.67	-9.682	-13.961	-40.4
30.68	-9.698	-13.275	-26.7
30.69	-9.713	-12.688	-22.2
30.7	-9.728	-12.269	-37.5
30.71	-9.742	-11.853	-39.8
30.72	-9.756	-11.459	-28.5
30.73	-9.770	-11.239	-26.7
30.74	-9.783	-11.345	-30.0
30.75	-9.794	-11.572	-34.9
30.76	-9.805	-11.755	-37.3
30.77	-9.817	-12.144	-25.4
30.78	-9.829	-12.548	-20.4
30.79	-9.840	-12.747	-26.7
30.8	-9.851	-12.936	-28.8
30.81	-9.862	-13.088	-34.1
30.82	-9.872	-13.119	-31.5
30.83	-9.882	-13.020	-27.4
30.84	-9.892	-12.775	-35.3
30.85	-9.901	-12.577	-33.0
30.86	-9.909	-12.500	-18.0
30.87	-9.918	-12.398	-17.4
30.88	-9.927	-12.191	-26.1
30.89	-9.935	-12.053	-27.3
30.9	-9.943	-12.170	-25.4
30.91	-9.949	-12.291	-24.4
30.92	-9.956	-12.363	-25.3
30.93	-9.964	-12.525	-24.8
30.94	-9.971	-12.634	-17.6
30.95	-9.978	-12.777	-14.8
30.96	-9.984	-12.989	-22.2
30.97	-9.992	-13.178	-25.0
30.98	-9.999	-13.488	-24.1
30.99	-10.006	-13.716	-25.8
31.0	-10.012	-13.631	-22.0
31.01	-10.018	-13.444	-16.6
31.02	-10.024	-13.261	-14.0
31.03	-10.030	-13.003	-14.9
31.04	-10.038	-12.772	-22.9
31.05	-10.045	-12.613	-22.1
31.06	-10.051	-12.283	-13.7
31.07	-10.058	-11.902	-22.4
31.08	-10.065	-11.769	-29.5
31.09	-10.070	-11.883	-16.8
31.1	-10.074	-11.958	-9.6
31.11	-10.077	-11.833	-13.3
31.12	-10.080	-11.933	-11.5
31.13	-10.084	-12.325	-7.8
31.14	-10.088	-12.592	-7.7
31.15	-10.092	-12.736	-0.0
31.16	-10.096	-12.922	10.7
31.17	-10.101	-13.141	14.7
31.18	-10.106	-13.316	21.3
31.19	-10.109	-13.345	18.2
31.2	-10.113	-13.114	-11.2
31.21	-10.117	-12.827	-34.2
31.22	-10.119	-12.881	-28.1
31.23	-10.123	-12.917	-22.3
31.24	-10.125	-12.616	-34.6
31.25	-10.128	-12.469	-39.0
31.26	-10.129	-12.483	-28.1
31.27	-10.131	-12.197	-27.3
31.28	-10.131	-11.848	-28.7
31.29	-10.131	-11.878	-20.2
31.3	-10.130	-12.081	-26.5
31.31	-10.131	-12.117	-35.9
31.32	-10.134	-12.070	-27.3
31.33	-10.140	-12.102	-27.6
31.34	-10.143	-12.219	-27.4
31.35	-10.141	-12.333	33.6
31.36	-10.134	-12.422	183.5
31.37	-10.125	-12.548	310.0
31.38	-10.115	-12.508	273.3
31.39	-10.104	-12.325	103.5
31.4	-10.089	-12.353	-28.3
31.41	-10.071	-12.569	-55.8
31.42	-10.053	-12.722	-44.1
31.43	-10.033	-12.703	-28.4
31.44	-10.006	-12.670	-30.6
31.45	-9.973	-12.820	-38.2
31.46	-9.934	-12.870	-34.8
31.47	-9.896	-12.588	-26.5
31.48	-9.862	-12.370	-20.8
31.49	-9.830	-12.400	-23.0
31.5	-9.799	-12.473	-23.0
31.51	-9.769	-12.478	-20.0
31.52	-9.739	-12.166	-16.9
31.53	-9.710	-11.272	-15.5
31.54	-9.681	-9.578	-18.4
31.55	-9.654	-6.613	-13.5
31.56	-9.627	-2.277	-12.0
31.57	-9.603	2.628	-11.8
31.58	-9.579	7.030	0.3
31.59	-9.556	9.936	9.6
31.6	-9.534	10.964	10.3
31.61	-9.513	10.320	15.9
31.62	-9.492	8.095	26.5
31.63	-9.472	4.764	32.3
31.64	-9.453	1.073	39.4
31.65	-9.433	-2.733	48.9
31.66	-9.414	-6.389	56.7
31.67	-9.394	-9.439	67.9
31.68	-9.375	-11.817	84.7
31.69	-9.356	-13.592	102.3
31.7	-9.341	-14.592	120.8
31.71	-9.329	-14.881	122.6
31.72	-9.319	-14.781	99.5
31.73	-9.309	-14.398	71.9
31.74	-9.297	-13.573	40.4
31.75	-9.286	-12.498	12.7
31.76	-9.276	-11.831	-7.6
31.77	-9.264	-11.631	-30.2
31.78	-9.252	-11.648	-45.9
31.79	-9.241	-11.959	-50.5
31.8	-9.229	-12.309	-49.3
31.81	-9.219	-12.394	-49.9
31.82	-9.210	-12.352	-55.3
31.83	-9.201	-12.200	-56.2
31.84	-9.192	-11.956	-49.4
31.85	-9.183	-11.747	-47.8
31.86	-9.174	-11.536	-52.7
31.87	-9.166	-11.447	-50.4
31.88	-9.158	-11.433	-41.9
31.89	-9.149	-11.306	-37.9
31.9	-9.141	-11.183	-45.5
31.91	-9.131	-11.091	-50.2
31.92	-9.121	-10.964	-45.6
31.93	-9.111	-10.903	-43.5
31.94	-9.099	-10.964	-42.9
31.95	-9.087	-11.002	-50.2
31.96	-9.075	-11.048	-53.2
31.97	-9.063	-11.344	-36.7
31.98	-9.051	-11.728	-30.2
31.99	-9.039	-12.164	-42.8
32.0	-9.027	-12.728	-46.3
32.01	-9.016	-13.078	-44.8
32.02	-9.004	-13.348	-52.2
32.03	-8.992	-13.863	-59.1
32.04	-8.980	-14.316	-52.0
32.05	-8.969	-14.483	-43.8
32.06	-8.958	-14.488	-42.4
32.07	-8.947	-14.358	-40.2
32.08	-8.935	-14.025	-41.6
32.09	-8.923	-13.530	-46.0
32.1	-8.912	-13.127	-44.8
32.11	-8.903	-12.825	-37.9
32.12	-8.893	-12.483	-41.0
32.13	-8.883	-12.141	-41.5
32.14	-8.873	-11.833	-39.4
32.15	-8.864	-11.681	-45.4
32.16	-8.855	-11.683	-37.9
32.17	-8.845	-11.739	-28.0
32.18	-8.836	-11.839	-34.9
32.19	-8.826	-11.959	-42.8
32.2	-8.817	-12.170	-37.6
32.21	-8.809	-12.447	-29.5
32.22	-8.801	-12.628	-28.8
32.23	-8.794	-12.666	-34.6
32.24	-8.786	-12.620	-38.9
32.25	-8.779	-12.613	-30.0
32.26	-8.772	-12.688	-20.9
32.27	-8.764	-12.766	-29.7
32.28	-8.758	-12.773	-37.7
32.29	-8.751	-12.655	-25.2
32.3	-8.744	-12.431	-20.8
32.31	-8.737	-12.341	-29.2
32.32	-8.729	-12.341	-26.7
32.33	-8.723	-12.142	-23.5
32.34	-8.716	-11.997	-21.8
32.35	-8.709	-12.086	-21.3
32.36	-8.702	-12.188	-25.8
32.37	-8.696	-12.398	-27.5
32.38	-8.690	-12.636	-24.4
32.39	-8.684	-12.620	-22.0
32.4	-8.677	-12.522	-26.8
32.41	-8.670	-12.505	-27.4
32.42	-8.663	-12.575	-20.2
32.43	-8.657	-12.753	-16.2
32.44	-8.649	-12.864	-19.7
32.45	-8.643	-12.919	-27.2
32.46	-8.636	-12.966	-19.9
32.47	-8.629	-12.881	-14.4
32.48	-8.624	-12.803	-23.6
32.49	-8.617	-12.819	-20.5
32.5	-8.611	-12.730	-15.3
32.51	-8.606	-12.545	-12.2
32.52	-8.599	-12.427	-10.4
32.53	-8.593	-12.255	-24.2
32.54	-8.587	-11.917	-28.5
32.55	-8.581	-11.600	-15.2
32.56	-8.576	-11.491	-13.0
32.57	-8.571	-11.503	-21.1
32.58	-8.566	-11.453	-18.8
32.59	-8.561	-11.439	-12.4
32.6	-8.556	-11.586	-12.0
32.61	-8.551	-10.914	-3.2
32.62	-8.547	-8.289	5.3
32.63	-8.542	-5.134	15.6
32.64	-8.537	-3.350	30.6
32.65	-8.533	-2.725	25.4
32.66	-8.528	-2.602	7.8
32.67	-8.524	-2.563	-19.8
32.68	-8.519	-2.730	-42.8
32.69	-8.514	-2.303	-34.9
32.7	-8.509	-2.877	-27.5
32.71	-8.505	-6.145	-33.2
32.72	-8.501	-8.464	-31.7
32.73	-8.497	-8.227	-26.4
32.74	-8.492	-8.100	-33.5
32.75	-8.489	-9.581	-41.3
32.76	-8.484	-10.386	-22.1
32.77	-8.482	-6.750	-9.5
32.78	-8.480	-3.695	-26.1
32.79	-8.479	-6.970	-31.3
32.8	-8.479	-9.614	-20.3
32.81	-8.475	-7.359	15.3
32.82	-8.470	-8.261	148.4
32.83	-8.464	-12.233	315.3
32.84	-8.461	-9.730	339.6
