Interval=	0.01 s
ExcelDateTime=	3.9777691120563060e+004	25/11/2008 16:35:12.816649
TimeFormat=	StartOfBlock
ChannelTitle=	Channel 1	Channel 2	Channel 3
Range=	20.000 mV	200.0 mV	1000.0 µV
0.0	-9.961	121.8	-9.2
0.01	-9.942	85.6	-11.4
0.02	-9.925	44.8	-2.9
0.03	-9.909	4.8	22.0
0.04	-9.894	-31.0	40.0
0.05	-9.879	-60.2	45.4
0.06	-9.865	-81.1	62.4
0.07	-9.851	-93.1	69.9
0.08	-9.835	-97.1	82.3
0.09	-9.819	-95.2	88.6
0.1	-9.800	-90.0	79.2
0.11	-9.781	-83.3	69.1
0.12	-9.761	-75.8	59.3
0.13	-9.742	-67.3	58.4
0.14	-9.723	-57.7	45.0
0.15	-9.703	-47.5	24.3
0.16	-9.683	-37.5	28.0
0.17	-9.664	-28.2	32.3
0.18	-9.645	-20.1	22.2
0.19	-9.626	-13.3	-2.1
0.2	-9.609	-7.8	-25.8
0.21	-9.592	-4.0	-28.2
0.22	-9.576	-2.3	-27.0
0.23	-9.558	-2.8	-40.5
0.24	-9.537	-5.2	-18.9
0.25	-9.517	-8.8	42.3
0.26	-9.496	-12.9	68.0
0.27	-9.476	-17.2	81.3
0.28	-9.456	-21.1	96.3
0.29	-9.436	-24.5	83.6
0.3	-9.417	-27.0	100.3
0.31	-9.398	-28.7	132.3
0.32	-9.379	-29.8	128.7
0.33	-9.359	-30.4	132.7
0.34	-9.335	-30.8	121.1
0.35	-9.313	-31.0	-53.3
0.36	-9.292	-31.0	-397.6
0.37	-9.273	-30.9	-430.0
0.38	-9.256	-30.5	106.4
0.39	-9.242	-29.6	486.9
0.4	-9.231	-28.3	332.3
0.41	-9.221	-26.8	113.0
0.42	-9.207	-25.4	53.1
0.43	-9.190	-23.8	52.6
0.44	-9.170	-22.3	41.5
0.45	-9.147	-20.9	35.2
0.46	-9.121	-19.6	48.4
0.47	-9.096	-18.0	38.7
0.48	-9.073	-14.8	11.1
0.49	-9.053	-8.0	-17.7
0.5	-9.035	5.0	-37.8
0.51	-9.019	25.9	-60.8
0.52	-9.006	54.7	-96.5
0.53	-8.993	87.7	-145.5
0.54	-8.982	117.4	-174.0
0.55	-8.970	135.9	-156.3
0.56	-8.958	138.5	-129.1
0.57	-8.947	123.8	-118.8
0.58	-8.938	94.4	-92.2
0.59	-8.932	56.6	-29.8
0.6	-8.925	16.9	25.0
0.61	-8.917	-19.8	42.8
0.62	-8.909	-50.7	60.3
0.63	-8.902	-73.9	84.7
0.64	-8.896	-88.3	86.6
0.65	-8.888	-94.1	90.5
0.66	-8.880	-93.3	81.2
0.67	-8.872	-88.7	71.1
0.68	-8.862	-82.6	82.7
0.69	-8.852	-75.5	58.8
0.7	-8.843	-67.5	35.4
0.71	-8.836	-58.6	46.9
0.72	-8.829	-49.2	56.8
0.73	-8.823	-39.8	64.2
0.74	-8.818	-30.8	66.8
0.75	-8.814	-22.6	45.2
0.76	-8.810	-15.6	12.7
0.77	-8.807	-10.1	-13.1
0.78	-8.804	-6.3	-21.8
0.79	-8.803	-4.4	-28.0
0.8	-8.801	-4.4	-43.0
0.81	-8.798	-6.1	-29.3
0.82	-8.796	-9.1	15.6
0.83	-8.793	-12.8	52.0
0.84	-8.789	-16.6	70.1
0.85	-8.787	-20.0	74.5
0.86	-8.785	-23.0	78.5
0.87	-8.783	-25.3	72.2
0.88	-8.779	-27.0	79.6
0.89	-8.777	-28.0	111.8
0.9	-8.775	-28.4	143.7
0.91	-8.773	-28.6	159.3
0.92	-8.768	-28.7	142.7
0.93	-8.764	-28.7	39.7
0.94	-8.763	-28.6	-261.8
0.95	-8.765	-28.4	-541.9
0.96	-8.769	-28.0	-219.6
0.97	-8.774	-27.3	378.9
0.98	-8.781	-26.4	465.5
0.99	-8.787	-25.4	214.8
1.0	-8.792	-24.3	62.1
1.01	-8.789	-23.2	41.8
1.02	-8.780	-22.1	49.6
1.03	-8.769	-21.0	51.3
1.04	-8.759	-20.0	47.7
1.05	-8.748	-18.6	45.1
1.06	-8.739	-15.5	45.6
1.07	-8.732	-8.7	17.3
1.08	-8.730	4.2	-26.3
1.09	-8.729	25.0	-64.3
1.1	-8.729	54.0	-104.3
1.11	-8.729	88.3	-129.8
1.12	-8.729	120.0	-133.0
1.13	-8.729	140.7	-155.6
1.14	-8.731	145.2	-166.9
1.15	-8.735	131.8	-140.3
1.16	-8.743	102.7	-95.2
1.17	-8.755	64.2	-45.7
1.18	-8.771	22.9	-9.7
1.19	-8.788	-15.8	20.3
1.2	-8.809	-48.5	46.3
1.21	-8.832	-72.9	67.7
1.22	-8.858	-87.8	85.1
1.23	-8.884	-93.6	79.3
1.24	-8.911	-92.6	66.2
1.25	-8.938	-87.8	68.7
1.26	-8.965	-81.7	76.9
1.27	-8.992	-75.1	62.5
1.28	-9.020	-67.8	37.8
1.29	-9.047	-59.8	45.7
1.3	-9.075	-51.3	56.7
1.31	-9.102	-42.6	38.3
1.32	-9.129	-34.0	28.8
1.33	-9.156	-26.0	17.1
1.34	-9.182	-19.1	7.3
1.35	-9.209	-13.3	-5.9
1.36	-9.237	-8.9	-44.6
1.37	-9.264	-6.1	-58.1
1.38	-9.291	-4.8	-40.3
1.39	-9.316	-5.3	-35.8
1.4	-9.339	-7.3	-20.9
1.41	-9.362	-10.5	28.9
1.42	-9.383	-14.1	70.8
1.43	-9.405	-17.5	89.6
1.44	-9.427	-20.5	123.2
1.45	-9.448	-23.0	126.1
1.46	-9.469	-25.0	81.0
1.47	-9.489	-26.6	66.2
1.48	-9.511	-27.9	87.0
1.49	-9.531	-28.8	106.3
1.5	-9.549	-29.4	103.8
1.51	-9.568	-29.7	-62.7
1.52	-9.586	-29.6	-413.1
1.53	-9.605	-29.3	-401.2
1.54	-9.626	-28.6	159.9
1.55	-9.648	-27.7	490.1
1.56	-9.671	-26.6	302.3
1.57	-9.693	-25.5	72.8
1.58	-9.711	-24.4	15.7
1.59	-9.726	-23.3	34.2
1.6	-9.736	-22.2	39.8
1.61	-9.744	-21.1	29.3
1.62	-9.752	-19.8	26.5
1.63	-9.762	-18.2	20.4
1.64	-9.773	-15.2	2.7
1.65	-9.784	-8.9	-30.3
1.66	-9.797	3.2	-64.1
1.67	-9.813	22.2	-95.2
1.68	-9.829	48.4	-147.2
1.69	-9.846	78.8	-184.8
1.7	-9.863	106.7	-185.5
1.71	-9.879	124.6	-177.2
1.72	-9.895	128.1	-147.6
1.73	-9.909	116.0	-117.2
1.74	-9.925	90.1	-104.1
1.75	-9.942	55.1	-68.7
1.76	-9.959	16.8	-18.3
1.77	-9.976	-19.5	26.1
1.78	-9.992	-50.1	60.0
1.79	-10.009	-72.4	75.0
1.8	-10.027	-85.3	92.8
1.81	-10.044	-89.5	86.2
1.82	-10.061	-87.4	62.1
1.83	-10.077	-82.3	66.7
1.84	-10.092	-76.2	63.7
1.85	-10.106	-70.0	25.5
1.86	-10.119	-63.4	10.0
1.87	-10.131	-55.8	26.5
1.88	-10.143	-47.3	30.9
1.89	-10.156	-38.4	29.3
1.9	-10.169	-29.6	19.5
1.91	-10.183	-21.4	-9.8
1.92	-10.196	-14.4	-25.0
1.93	-10.209	-8.9	-51.4
1.94	-10.219	-5.3	-92.3
1.95	-10.228	-3.5	-74.2
1.96	-10.235	-3.2	-0.1
1.97	-10.242	-4.2	69.6
1.98	-10.249	-6.4	102.5
1.99	-10.257	-9.4	99.4
2.0	-10.263	-13.0	81.4
2.01	-10.269	-16.8	79.2
2.02	-10.274	-20.4	74.8
2.03	-10.282	-23.2	52.6
2.04	-10.289	-25.3	81.5
2.05	-10.293	-26.7	151.3
2.06	-10.296	-27.5	118.5
2.07	-10.299	-27.8	-120.0
2.08	-10.303	-27.9	-440.5
2.09	-10.306	-27.9	-344.6
2.1	-10.311	-27.6	221.4
2.11	-10.318	-27.0	462.2
2.12	-10.328	-26.1	258.9
2.13	-10.338	-25.1	84.7
2.14	-10.341	-24.0	29.6
2.15	-10.339	-22.9	43.1
2.16	-10.334	-21.9	49.8
2.17	-10.327	-21.0	29.2
2.18	-10.319	-20.1	14.2
2.19	-10.314	-18.8	-2.2
2.2	-10.313	-16.3	-22.5
2.21	-10.314	-10.7	-44.4
2.22	-10.319	0.2	-48.8
2.23	-10.323	17.7	-69.9
2.24	-10.326	41.6	-139.4
2.25	-10.329	69.8	-189.8
2.26	-10.332	97.0	-200.8
2.27	-10.333	115.8	-196.8
2.28	-10.332	121.3	-154.0
2.29	-10.329	112.1	-97.7
2.3	-10.327	89.5	-57.0
2.31	-10.326	57.5	-16.7
2.32	-10.326	21.3	11.3
2.33	-10.323	-13.9	23.4
2.34	-10.319	-44.4	29.9
2.35	-10.315	-67.5	40.9
2.36	-10.310	-81.4	57.6
2.37	-10.304	-86.8	81.1
2.38	-10.297	-85.6	108.5
2.39	-10.288	-80.8	96.7
2.4	-10.276	-75.0	59.8
2.41	-10.262	-68.7	35.7
2.42	-10.247	-61.7	30.4
2.43	-10.231	-53.9	24.7
2.44	-10.216	-45.5	13.4
2.45	-10.201	-36.9	5.6
2.46	-10.188	-28.7	-4.3
2.47	-10.178	-21.1	-26.1
2.48	-10.168	-14.6	-54.3
2.49	-10.158	-9.3	-48.6
2.5	-10.145	-5.6	-36.8
2.51	-10.128	-3.8	-28.1
2.52	-10.109	-3.6	16.8
2.53	-10.089	-4.9	66.1
2.54	-10.069	-7.0	98.2
2.55	-10.049	-9.9	108.2
2.56	-10.028	-13.3	106.3
2.57	-10.008	-16.6	102.8
2.58	-9.989	-19.8	103.4
2.59	-9.972	-22.6	96.6
2.6	-9.953	-25.1	107.5
2.61	-9.929	-27.1	90.1
2.62	-9.905	-28.4	-67.7
2.63	-9.884	-29.0	-331.3
2.64	-9.864	-28.9	-325.7
2.65	-9.846	-28.4	157.2
2.66	-9.831	-27.6	476.9
2.67	-9.819	-26.7	308.5
2.68	-9.808	-25.8	91.8
2.69	-9.791	-24.9	35.7
2.7	-9.768	-23.9	48.0
2.71	-9.741	-22.8	53.8
2.72	-9.711	-21.5	69.3
2.73	-9.679	-20.2	54.4
2.74	-9.648	-18.7	6.3
2.75	-9.619	-16.3	-15.6
2.76	-9.593	-11.1	-29.1
2.77	-9.571	-0.9	-46.5
2.78	-9.551	15.8	-59.3
2.79	-9.532	39.4	-97.3
2.8	-9.514	68.1	-141.7
2.81	-9.498	96.4	-156.0
2.82	-9.482	116.5	-172.6
2.83	-9.465	123.0	-181.9
2.84	-9.448	114.5	-140.6
2.85	-9.432	92.1	-79.1
2.86	-9.418	60.0	-30.3
2.87	-9.405	23.8	11.7
2.88	-9.393	-11.3	55.5
2.89	-9.380	-41.3	88.3
2.9	-9.369	-63.9	98.4
2.91	-9.358	-78.2	81.3
2.92	-9.347	-84.4	76.7
2.93	-9.334	-84.3	72.7
2.94	-9.319	-80.4	58.0
2.95	-9.304	-75.4	61.9
2.96	-9.289	-69.8	58.3
2.97	-9.275	-63.3	52.5
2.98	-9.261	-55.6	64.2
2.99	-9.248	-46.9	55.4
3.0	-9.234	-37.9	27.8
3.01	-9.221	-29.2	-4.8
3.02	-9.209	-21.3	-52.2
3.03	-9.198	-14.5	-65.4
3.04	-9.188	-9.2	-40.2
3.05	-9.179	-5.5	-23.6
3.06	-9.168	-3.4	5.4
3.07	-9.156	-2.8	60.1
3.08	-9.144	-3.6	96.2
3.09	-9.134	-5.6	96.8
3.1	-9.124	-8.9	91.8
3.11	-9.114	-12.9	96.8
3.12	-9.106	-17.0	114.7
3.13	-9.098	-20.6	117.4
3.14	-9.091	-23.5	133.1
3.15	-9.082	-25.7	168.3
3.16	-9.071	-27.2	111.0
3.17	-9.061	-28.4	-135.8
3.18	-9.051	-29.2	-442.3
3.19	-9.043	-29.5	-286.7
3.2	-9.036	-29.2	333.6
3.21	-9.031	-28.4	592.0
3.22	-9.027	-27.2	326.0
3.23	-9.024	-25.8	68.2
3.24	-9.017	-24.5	17.1
3.25	-9.006	-23.2	46.1
3.26	-8.991	-22.0	56.7
3.27	-8.973	-20.8	38.3
3.28	-8.952	-19.5	23.1
3.29	-8.931	-17.9	16.2
3.3	-8.911	-15.0	-0.5
3.31	-8.893	-9.0	-23.0
3.32	-8.878	2.1	-69.6
3.33	-8.865	19.4	-109.7
3.34	-8.854	43.0	-132.9
3.35	-8.842	70.7	-167.2
3.36	-8.832	96.6	-176.2
3.37	-8.822	113.7	-155.8
3.38	-8.814	117.7	-134.3
3.39	-8.805	107.5	-116.4
3.4	-8.799	84.5	-88.2
3.41	-8.796	52.8	-45.7
3.42	-8.793	17.8	-0.3
3.43	-8.789	-15.7	32.6
3.44	-8.784	-44.1	69.6
3.45	-8.779	-65.2	89.9
3.46	-8.774	-78.1	93.2
3.47	-8.767	-83.3	104.7
3.48	-8.761	-82.5	88.4
3.49	-8.756	-78.6	62.6
3.5	-8.753	-73.5	53.7
3.51	-8.750	-67.6	49.8
3.52	-8.747	-60.6	50.3
3.53	-8.744	-52.5	28.1
3.54	-8.741	-43.9	7.3
3.55	-8.740	-35.2	-5.2
3.56	-8.740	-26.8	-37.4
3.57	-8.741	-19.1	-36.1
3.58	-8.741	-12.7	-23.6
3.59	-8.741	-7.6	-37.0
3.6	-8.741	-4.2	-20.3
3.61	-8.740	-2.4	32.2
3.62	-8.740	-2.4	73.3
3.63	-8.739	-4.0	76.3
3.64	-8.738	-6.7	81.7
3.65	-8.737	-10.2	117.6
3.66	-8.736	-14.2	139.0
3.67	-8.736	-18.1	134.2
3.68	-8.738	-21.6	134.3
3.69	-8.737	-24.6	136.3
3.7	-8.733	-26.9	140.2
3.71	-8.730	-28.6	6.3
3.72	-8.730	-29.6	-344.4
3.73	-8.734	-30.1	-414.5
3.74	-8.740	-29.8	108.2
3.75	-8.749	-29.0	501.5
3.76	-8.758	-27.9	365.7
3.77	-8.769	-26.5	131.3
3.78	-8.776	-25.0	35.3
3.79	-8.777	-23.5	35.8
3.8	-8.771	-22.1	58.9
3.81	-8.762	-20.8	63.4
3.82	-8.752	-19.4	63.8
3.83	-8.744	-17.9	65.5
3.84	-8.738	-15.2	30.2
3.85	-8.734	-9.7	-23.9
3.86	-8.732	0.7	-66.5
3.87	-8.733	17.3	-96.0
3.88	-8.734	40.5	-102.3
3.89	-8.736	68.5	-130.2
3.9	-8.738	95.8	-170.8
3.91	-8.739	114.9	-149.3
3.92	-8.742	121.2	-113.6
3.93	-8.747	113.4	-100.6
3.94	-8.755	92.4	-55.8
3.95	-8.766	61.9	-23.0
3.96	-8.779	27.0	-18.7
3.97	-8.793	-7.4	18.0
3.98	-8.808	-37.6	68.4
3.99	-8.823	-61.0	80.6
4.0	-8.839	-76.4	74.8
4.01	-8.855	-83.9	77.2
4.02	-8.873	-84.8	84.4
4.03	-8.891	-81.4	78.6
4.04	-8.910	-76.2	67.3
4.05	-8.929	-70.3	58.1
4.06	-8.951	-63.5	46.3
4.07	-8.973	-55.6	27.3
4.08	-8.996	-46.7	8.2
4.09	-9.020	-37.6	0.1
4.1	-9.046	-28.8	-26.1
4.11	-9.072	-21.0	-64.2
4.12	-9.098	-14.4	-57.2
4.13	-9.124	-9.3	-46.7
4.14	-9.149	-5.7	-36.1
4.15	-9.173	-3.5	20.5
4.16	-9.197	-2.8	77.7
4.17	-9.221	-3.6	100.8
4.18	-9.244	-5.9	106.7
4.19	-9.266	-9.3	95.9
4.2	-9.288	-13.4	99.8
4.21	-9.311	-17.6	122.3
4.22	-9.334	-21.4	122.8
4.23	-9.356	-24.7	129.3
4.24	-9.374	-27.4	131.9
4.25	-9.394	-29.3	-10.5
4.26	-9.414	-30.2	-339.3
4.27	-9.436	-30.4	-393.2
4.28	-9.457	-30.0	115.2
4.29	-9.481	-29.2	484.4
4.3	-9.506	-28.1	326.4
4.31	-9.531	-26.9	116.6
4.32	-9.554	-25.5	63.5
4.33	-9.574	-24.1	49.4
4.34	-9.588	-22.6	49.5
4.35	-9.599	-21.3	55.1
4.36	-9.608	-20.2	34.2
4.37	-9.617	-18.9	4.5
4.38	-9.629	-16.5	-10.3
4.39	-9.641	-11.5	-31.3
4.4	-9.655	-1.7	-53.6
4.41	-9.672	14.1	-83.3
4.42	-9.691	36.5	-126.5
4.43	-9.711	64.1	-161.0
4.44	-9.729	91.7	-172.2
4.45	-9.748	112.0	-171.0
4.46	-9.768	119.7	-165.4
4.47	-9.786	113.1	-141.5
4.48	-9.804	93.0	-102.0
4.49	-9.824	63.2	-53.0
4.5	-9.844	28.7	1.7
4.51	-9.865	-5.6	47.5
4.52	-9.885	-35.8	71.3
4.53	-9.906	-59.4	64.8
4.54	-9.926	-75.0	61.0
4.55	-9.946	-83.0	72.7
4.56	-9.966	-84.7	63.6
4.57	-9.984	-82.1	37.0
4.58	-10.001	-77.3	40.2
4.59	-10.019	-71.2	54.6
4.6	-10.036	-64.0	47.6
4.61	-10.052	-55.6	30.0
4.62	-10.068	-46.4	2.6
4.63	-10.084	-36.9	-28.5
4.64	-10.102	-27.8	-50.9
4.65	-10.119	-19.8	-69.1
4.66	-10.136	-13.1	-83.6
4.67	-10.152	-8.1	-81.3
4.68	-10.167	-4.7	-37.1
4.69	-10.181	-2.7	35.8
4.7	-10.194	-2.2	88.0
4.71	-10.209	-3.3	91.0
4.72	-10.223	-5.7	86.6
4.73	-10.235	-9.4	94.4
4.74	-10.246	-13.7	87.2
4.75	-10.259	-18.2	79.3
4.76	-10.272	-22.2	87.6
4.77	-10.285	-25.3	125.3
4.78	-10.296	-27.4	145.5
4.79	-10.307	-28.6	-40.2
4.8	-10.318	-29.2	-400.5
4.81	-10.329	-29.3	-398.3
4.82	-10.340	-29.0	139.5
4.83	-10.354	-28.4	471.9
4.84	-10.370	-27.5	302.1
4.85	-10.384	-26.4	94.8
4.86	-10.394	-25.2	52.0
4.87	-10.400	-23.8	65.7
4.88	-10.402	-22.5	60.8
4.89	-10.403	-21.4	41.2
4.9	-10.404	-20.4	27.3
4.91	-10.405	-19.2	9.0
4.92	-10.407	-16.7	-26.0
4.93	-10.409	-11.1	-53.9
4.94	-10.414	-0.1	-66.9
4.95	-10.418	17.8	-81.5
4.96	-10.423	43.1	-103.3
4.97	-10.429	73.1	-135.5
4.98	-10.436	101.4	-150.5
4.99	-10.443	120.4	-150.3
5.0	-10.448	125.6	-154.4
5.01	-10.452	116.0	-143.0
5.02	-10.455	93.1	-93.5
5.03	-10.459	61.2	-31.4
5.04	-10.461	25.4	0.3
5.05	-10.460	-9.3	22.3
5.06	-10.459	-39.4	53.9
5.07	-10.458	-62.7	69.4
5.08	-10.456	-78.0	86.2
5.09	-10.453	-85.5	91.8
5.1	-10.447	-86.8	65.2
5.11	-10.438	-84.0	61.4
5.12	-10.426	-78.6	64.7
5.13	-10.413	-71.9	54.0
5.14	-10.399	-64.0	52.8
5.15	-10.383	-55.1	40.9
5.16	-10.364	-45.5	13.7
5.17	-10.347	-35.9	-24.0
5.18	-10.329	-27.0	-59.5
5.19	-10.312	-19.2	-68.2
5.2	-10.294	-12.6	-66.8
5.21	-10.276	-7.3	-47.2
5.22	-10.256	-3.6	14.5
5.23	-10.234	-1.6	35.9
5.24	-10.213	-1.4	43.4
5.25	-10.190	-3.0	78.9
5.26	-10.167	-6.1	93.0
5.27	-10.142	-10.2	96.8
5.28	-10.116	-14.6	99.9
5.29	-10.091	-18.8	97.2
5.3	-10.068	-22.5	105.4
5.31	-10.044	-25.6	128.6
5.32	-10.016	-28.0	116.3
5.33	-9.989	-29.7	-39.4
5.34	-9.964	-30.6	-358.8
5.35	-9.939	-30.7	-403.1
5.36	-9.915	-30.2	113.8
5.37	-9.894	-29.3	490.8
5.38	-9.877	-28.1	341.3
5.39	-9.860	-26.8	121.8
5.4	-9.839	-25.3	46.8
5.41	-9.814	-23.8	42.0
5.42	-9.785	-22.4	39.7
5.43	-9.753	-21.2	30.8
5.44	-9.721	-20.0	39.0
5.45	-9.688	-18.6	26.7
5.46	-9.658	-15.6	19.8
5.47	-9.632	-8.8	5.3
5.48	-9.608	4.1	-32.9
5.49	-9.587	24.6	-72.7
5.5	-9.567	52.3	-125.6
5.51	-9.548	83.7	-160.8
5.52	-9.530	111.5	-172.3
5.53	-9.513	128.7	-165.1
5.54	-9.497	131.4	-135.4
5.55	-9.481	118.5	-98.1
5.56	-9.466	92.3	-52.1
5.57	-9.453	57.9	-15.8
5.58	-9.440	20.9	-5.2
5.59	-9.426	-14.1	16.8
5.6	-9.413	-43.8	44.0
5.61	-9.400	-66.4	68.8
5.62	-9.388	-80.7	101.6
5.63	-9.375	-87.4	112.7
5.64	-9.361	-88.3	94.7
5.65	-9.347	-85.5	61.5
5.66	-9.332	-80.2	41.7
5.67	-9.317	-73.4	46.5
5.68	-9.303	-65.5	51.2
5.69	-9.287	-56.6	42.9
5.7	-9.271	-47.0	34.1
5.71	-9.257	-37.5	25.0
5.72	-9.244	-28.7	-1.6
5.73	-9.233	-20.8	-40.4
5.74	-9.222	-14.0	-50.7
5.75	-9.211	-8.6	-51.5
5.76	-9.199	-4.7	-53.7
5.77	-9.186	-2.8	-6.9
5.78	-9.174	-2.7	54.2
5.79	-9.162	-4.3	83.9
5.8	-9.150	-7.2	106.1
5.81	-9.137	-10.8	116.3
5.82	-9.124	-14.7	109.6
5.83	-9.112	-18.7	101.1
5.84	-9.101	-22.5	114.3
5.85	-9.091	-25.7	118.3
5.86	-9.076	-28.1	131.7
5.87	-9.059	-29.6	110.9
5.88	-9.046	-30.6	-122.3
5.89	-9.034	-31.1	-443.0
5.9	-9.024	-31.2	-303.3
5.91	-9.016	-30.8	287.6
5.92	-9.011	-29.8	536.7
5.93	-9.009	-28.5	322.5
5.94	-9.006	-26.9	120.7
5.95	-9.001	-25.2	46.6
5.96	-8.993	-23.6	30.9
5.97	-8.984	-22.1	37.9
5.98	-8.971	-20.9	46.8
5.99	-8.957	-19.7	21.8
6.0	-8.945	-17.7	14.6
6.01	-8.934	-13.3	29.3
6.02	-8.925	-4.3	-17.3
6.03	-8.919	11.3	-74.5
6.04	-8.916	34.4	-104.3
6.05	-8.912	63.8	-132.3
6.06	-8.909	94.5	-161.1
6.07	-8.905	118.9	-189.8
6.08	-8.902	131.2	-184.2
6.09	-8.901	128.4	-131.4
6.1	-8.901	110.2	-80.3
6.11	-8.902	80.1	-65.3
6.12	-8.905	43.8	-53.6
6.13	-8.907	6.7	-14.8
6.14	-8.907	-27.0	27.6
6.15	-8.908	-54.6	46.6
6.16	-8.908	-74.3	60.4
6.17	-8.908	-85.4	74.6
6.18	-8.906	-88.9	97.2
6.19	-8.904	-87.5	113.0
6.2	-8.900	-83.4	82.0
6.21	-8.896	-77.7	38.8
6.22	-8.893	-70.5	25.4
6.23	-8.889	-62.4	33.5
6.24	-8.887	-53.7	42.6
6.25	-8.884	-44.6	22.8
6.26	-8.883	-35.4	9.3
6.27	-8.883	-26.6	17.8
6.28	-8.885	-18.7	-2.3
6.29	-8.887	-12.2	-38.1
6.3	-8.888	-7.4	-61.6
6.31	-8.888	-4.7	-69.1
6.32	-8.887	-3.7	-46.5
6.33	-8.885	-4.2	22.6
6.34	-8.883	-6.0	96.9
6.35	-8.881	-8.9	103.5
6.36	-8.878	-12.4	98.2
6.37	-8.876	-16.1	107.5
6.38	-8.873	-19.7	107.1
6.39	-8.871	-23.0	102.6
6.4	-8.869	-25.9	103.5
6.41	-8.866	-28.2	125.6
6.42	-8.860	-29.9	119.7
6.43	-8.856	-30.8	-7.4
6.44	-8.856	-31.1	-323.8
6.45	-8.857	-30.9	-443.7
6.46	-8.859	-30.3	35.9
6.47	-8.863	-29.3	459.4
6.48	-8.869	-28.1	338.6
6.49	-8.874	-26.7	122.4
6.5	-8.876	-25.3	50.4
6.51	-8.872	-23.9	38.8
6.52	-8.864	-22.5	54.6
6.53	-8.856	-21.1	49.8
6.54	-8.846	-19.7	32.9
6.55	-8.838	-17.7	33.8
6.56	-8.831	-14.0	10.8
6.57	-8.826	-6.3	-28.7
6.58	-8.825	8.1	-49.1
6.59	-8.825	30.6	-48.4
6.6	-8.825	60.3	-61.4
6.61	-8.825	92.8	-118.0
6.62	-8.825	120.4	-165.9
6.63	-8.825	136.3	-185.4
6.64	-8.826	136.2	-164.5
6.65	-8.828	119.6	-110.6
6.66	-8.832	89.4	-68.1
6.67	-8.839	52.0	-36.1
6.68	-8.847	13.3	12.5
6.69	-8.855	-22.2	48.0
6.7	-8.864	-51.3	40.4
6.71	-8.876	-72.5	43.0
6.72	-8.887	-85.0	70.5
6.73	-8.898	-89.8	83.9
6.74	-8.908	-89.0	80.1
6.75	-8.919	-85.2	60.8
6.76	-8.932	-79.9	50.1
6.77	-8.946	-73.2	58.4
6.78	-8.962	-65.1	36.8
6.79	-8.980	-56.0	17.0
6.8	-9.000	-46.7	25.9
6.81	-9.022	-37.6	11.2
6.82	-9.046	-29.0	-2.6
6.83	-9.072	-21.2	-36.0
6.84	-9.101	-14.6	-76.5
6.85	-9.129	-9.5	-62.5
6.86	-9.158	-6.1	-45.4
6.87	-9.184	-4.4	-39.5
6.88	-9.210	-4.3	10.4
6.89	-9.234	-5.9	67.2
6.9	-9.256	-8.6	88.8
6.91	-9.279	-12.0	102.4
6.92	-9.300	-15.7	103.3
6.93	-9.321	-19.3	87.2
6.94	-9.342	-22.7	87.8
6.95	-9.365	-25.6	91.4
6.96	-9.388	-27.8	98.9
6.97	-9.407	-29.3	144.7
6.98	-9.425	-30.2	85.9
6.99	-9.444	-30.7	-214.0
7.0	-9.465	-30.8	-484.5
7.01	-9.486	-30.5	-199.2
7.02	-9.509	-29.7	382.2
7.03	-9.534	-28.5	465.5
7.04	-9.559	-27.1	193.8
7.05	-9.582	-25.6	40.0
7.06	-9.600	-24.1	21.2
7.07	-9.614	-22.7	40.3
7.08	-9.624	-21.6	47.9
7.09	-9.631	-20.7	27.6
7.1	-9.639	-19.5	7.8
7.11	-9.649	-17.1	20.6
7.12	-9.662	-11.9	16.8
7.13	-9.677	-1.9	-40.6
7.14	-9.695	14.8	-92.8
7.15	-9.713	38.7	-110.2
7.16	-9.732	68.4	-129.6
7.17	-9.753	98.4	-173.6
7.18	-9.774	121.0	-198.2
7.19	-9.795	130.4	-179.9
7.2	-9.815	124.4	-140.7
7.21	-9.836	103.6	-92.6
7.22	-9.857	71.7	-41.1
7.23	-9.879	34.6	-11.5
7.24	-9.901	-2.2	-2.7
7.25	-9.921	-34.8	9.5
7.26	-9.941	-60.7	25.7
7.27	-9.963	-78.3	49.6
7.28	-9.985	-87.2	84.0
7.29	-10.007	-88.9	111.7
7.3	-10.028	-86.1	88.6
7.31	-10.046	-81.2	50.8
7.32	-10.064	-75.1	37.7
7.33	-10.081	-67.8	17.3
7.34	-10.096	-59.7	19.7
7.35	-10.112	-51.0	25.5
7.36	-10.127	-41.7	23.2
7.37	-10.143	-32.4	34.7
7.38	-10.158	-23.7	16.2
7.39	-10.174	-16.2	-54.9
7.4	-10.191	-10.3	-92.8
7.41	-10.207	-6.3	-67.8
7.42	-10.221	-4.3	-41.5
7.43	-10.234	-4.0	-16.0
7.44	-10.246	-5.0	36.1
7.45	-10.258	-7.0	101.2
7.46	-10.270	-9.8	119.4
7.47	-10.283	-13.2	99.7
7.48	-10.296	-16.7	86.5
7.49	-10.310	-20.2	67.1
7.5	-10.326	-23.3	47.8
7.51	-10.342	-25.9	59.0
7.52	-10.356	-28.1	107.5
7.53	-10.369	-29.7	116.5
7.54	-10.384	-30.7	-69.5
7.55	-10.399	-30.9	-390.9
7.56	-10.416	-30.4	-387.4
7.57	-10.431	-29.5	108.5
7.58	-10.446	-28.5	450.6
7.59	-10.461	-27.3	292.3
7.6	-10.474	-26.2	83.0
7.61	-10.483	-25.2	30.1
7.62	-10.486	-24.0	39.3
7.63	-10.487	-22.8	56.6
7.64	-10.488	-21.9	66.9
7.65	-10.488	-20.9	66.1
7.66	-10.489	-19.2	21.6
7.67	-10.491	-15.7	-28.8
7.68	-10.494	-8.2	-44.7
7.69	-10.498	5.2	-63.4
7.7	-10.502	25.9	-91.8
7.71	-10.506	53.4	-120.5
7.72	-10.509	84.4	-140.1
7.73	-10.512	111.7	-152.6
7.74	-10.514	128.4	-160.6
7.75	-10.514	130.3	-156.8
7.76	-10.511	116.6	-139.0
7.77	-10.508	89.7	-100.0
7.78	-10.504	54.6	-52.8
7.79	-10.499	16.8	-8.8
7.8	-10.493	-18.9	43.3
7.81	-10.486	-48.8	73.0
7.82	-10.478	-70.7	78.7
7.83	-10.471	-83.6	117.1
7.84	-10.461	-88.5	120.0
7.85	-10.449	-87.6	44.5
7.86	-10.434	-83.8	11.1
7.87	-10.416	-78.5	31.1
7.88	-10.397	-72.0	46.8
7.89	-10.377	-64.5	53.3
7.9	-10.357	-55.9	62.1
7.91	-10.337	-46.6	58.6
7.92	-10.317	-37.0	48.3
7.93	-10.299	-27.9	23.7
7.94	-10.281	-19.8	-39.3
7.95	-10.265	-13.1	-70.0
7.96	-10.248	-8.0	-53.9
7.97	-10.229	-4.9	-39.7
7.98	-10.207	-3.7	-15.3
7.99	-10.183	-4.2	20.6
8.0	-10.159	-5.8	68.8
8.01	-10.136	-8.4	93.7
8.02	-10.113	-11.6	89.2
8.03	-10.089	-15.2	89.7
8.04	-10.066	-18.8	89.2
8.05	-10.044	-22.3	91.8
8.06	-10.024	-25.2	93.8
8.07	-10.003	-27.4	126.0
8.08	-9.978	-29.0	166.3
8.09	-9.953	-30.0	26.6
8.1	-9.928	-30.5	-333.6
8.11	-9.904	-30.5	-492.2
8.12	-9.881	-30.1	-50.7
8.13	-9.861	-29.4	433.2
8.14	-9.844	-28.5	381.3
8.15	-9.829	-27.5	150.7
8.16	-9.811	-26.3	61.2
8.17	-9.789	-24.9	67.5
8.18	-9.763	-23.4	85.8
8.19	-9.734	-21.9	66.6
8.2	-9.703	-20.4	31.5
8.21	-9.673	-18.9	-5.6
8.22	-9.644	-16.3	-21.5
8.23	-9.617	-10.6	-8.3
8.24	-9.593	0.7	-6.5
8.25	-9.571	19.0	-22.2
8.26	-9.550	44.5	-70.9
8.27	-9.531	74.5	-147.3
8.28	-9.513	103.0	-175.8
8.29	-9.495	122.4	-171.2
8.3	-9.479	128.2	-168.1
8.31	-9.463	118.7	-137.4
8.32	-9.448	95.4	-77.3
8.33	-9.436	62.5	-21.0
8.34	-9.424	25.8	12.8
8.35	-9.411	-9.5	36.9
8.36	-9.398	-39.9	60.9
8.37	-9.386	-63.2	79.4
8.38	-9.374	-78.4	77.8
8.39	-9.362	-85.7	62.5
8.4	-9.349	-86.9	67.1
8.41	-9.336	-84.3	76.1
8.42	-9.323	-79.5	78.9
8.43	-9.311	-73.1	67.0
8.44	-9.300	-65.7	42.2
8.45	-9.288	-57.5	40.8
8.46	-9.274	-48.4	45.3
8.47	-9.260	-39.1	29.4
8.48	-9.246	-30.3	5.7
8.49	-9.233	-22.4	-20.2
8.5	-9.221	-15.8	-32.6
8.51	-9.209	-10.4	-42.1
8.52	-9.199	-6.5	-39.2
8.53	-9.189	-4.3	-20.3
8.54	-9.177	-3.8	-6.5
8.55	-9.164	-5.0	25.5
8.56	-9.152	-7.4	63.9
8.57	-9.141	-10.7	72.1
8.58	-9.129	-14.4	84.2
8.59	-9.117	-17.9	107.0
8.6	-9.104	-21.0	109.0
8.61	-9.094	-23.7	123.0
8.62	-9.084	-25.8	136.2
8.63	-9.071	-27.3	130.3
8.64	-9.056	-28.5	106.4
8.65	-9.041	-29.4	-77.1
8.66	-9.029	-30.0	-418.9
8.67	-9.020	-30.1	-440.2
8.68	-9.012	-29.8	101.6
8.69	-9.007	-28.9	526.8
8.7	-9.002	-27.8	419.4
8.71	-8.998	-26.4	160.7
8.72	-8.989	-25.0	50.4
8.73	-8.979	-23.6	47.4
8.74	-8.966	-22.1	44.5
8.75	-8.949	-20.9	39.0
8.76	-8.931	-19.9	14.0
8.77	-8.913	-18.2	-5.6
8.78	-8.896	-14.7	16.4
8.79	-8.882	-7.1	9.4
8.8	-8.871	6.5	-37.5
8.81	-8.863	27.0	-80.3
8.82	-8.857	53.9	-116.0
8.83	-8.853	83.7	-149.3
8.84	-8.849	109.7	-168.4
8.85	-8.846	125.1	-175.4
8.86	-8.842	126.3	-152.1
8.87	-8.839	112.4	-113.3
8.88	-8.838	85.6	-81.5
8.89	-8.839	50.8	-43.4
8.9	-8.839	13.8	1.8
8.91	-8.838	-20.8	36.4
8.92	-8.836	-49.6	56.8
8.93	-8.835	-70.5	65.6
8.94	-8.835	-82.5	63.8
8.95	-8.834	-86.6	64.7
8.96	-8.832	-85.4	72.3
8.97	-8.828	-81.5	59.7
8.98	-8.823	-76.4	57.6
8.99	-8.819	-70.5	74.7
9.0	-8.815	-63.2	68.2
9.01	-8.812	-54.6	67.5
9.02	-8.810	-45.2	53.8
9.03	-8.809	-36.0	0.9
9.04	-8.810	-27.5	-26.9
9.05	-8.812	-20.0	-35.3
9.06	-8.814	-13.8	-61.7
9.07	-8.817	-9.3	-64.9
9.08	-8.821	-6.5	-33.2
9.09	-8.823	-5.1	-1.2
9.1	-8.825	-5.0	40.0
9.11	-8.826	-6.0	63.5
9.12	-8.828	-8.2	56.4
9.13	-8.828	-11.3	66.5
9.14	-8.829	-15.0	87.5
9.15	-8.829	-18.6	84.2
9.16	-8.829	-21.9	79.8
9.17	-8.831	-24.7	116.0
9.18	-8.836	-26.8	155.4
9.19	-8.837	-28.2	157.4
9.2	-8.836	-29.2	126.4
9.21	-8.838	-29.7	-76.1
9.22	-8.844	-29.8	-433.4
9.23	-8.853	-29.6	-401.5
9.24	-8.862	-29.1	155.0
9.25	-8.873	-28.4	461.1
9.26	-8.884	-27.2	283.0
9.27	-8.897	-25.8	93.4
9.28	-8.905	-24.4	67.8
9.29	-8.904	-23.0	80.4
9.3	-8.896	-21.7	64.6
9.31	-8.883	-20.8	47.1
9.32	-8.869	-19.8	44.7
9.33	-8.858	-17.9	40.3
9.34	-8.853	-13.8	8.0
9.35	-8.853	-5.2	-22.1
9.36	-8.855	9.7	-44.2
9.37	-8.857	31.2	-72.1
9.38	-8.857	58.4	-105.7
9.39	-8.858	87.4	-147.6
9.4	-8.859	111.3	-159.3
9.41	-8.862	123.9	-140.3
9.42	-8.865	122.4	-118.4
9.43	-8.871	106.3	-86.3
9.44	-8.881	78.3	-52.3
9.45	-8.895	43.4	-18.1
9.46	-8.909	6.8	10.0
9.47	-8.926	-27.1	18.6
9.48	-8.946	-54.7	42.0
9.49	-8.967	-73.7	70.5
9.5	-8.989	-83.5	104.4
9.51	-9.013	-85.7	118.3
9.52	-9.036	-83.1	72.4
9.53	-9.060	-78.4	36.3
9.54	-9.084	-73.1	40.6
9.55	-9.108	-67.4	40.4
9.56	-9.134	-60.7	41.1
9.57	-9.160	-52.8	66.3
9.58	-9.185	-44.0	58.0
9.59	-9.209	-35.1	14.9
9.6	-9.232	-26.6	5.5
9.61	-9.255	-19.2	-5.9
9.62	-9.279	-13.4	-39.8
9.63	-9.304	-9.0	-80.0
9.64	-9.330	-6.1	-72.3
9.65	-9.355	-4.6	-20.6
9.66	-9.379	-4.7	-0.2
9.67	-9.401	-6.1	20.4
9.68	-9.422	-8.7	56.0
9.69	-9.444	-11.9	74.6
9.7	-9.464	-15.4	93.3
9.71	-9.484	-18.7	80.7
9.72	-9.503	-21.7	66.6
9.73	-9.524	-24.2	97.9
9.74	-9.546	-26.1	110.7
9.75	-9.566	-27.5	122.7
9.76	-9.584	-28.4	115.9
9.77	-9.603	-28.9	-70.6
9.78	-9.622	-29.1	-433.7
9.79	-9.641	-29.1	-462.5
9.8	-9.661	-28.8	92.4
9.81	-9.684	-28.2	484.6
9.82	-9.709	-27.2	329.7
9.83	-9.732	-25.9	95.0
9.84	-9.751	-24.4	41.3
9.85	-9.766	-22.9	46.5
9.86	-9.776	-21.6	27.4
9.87	-9.783	-20.5	11.3
9.88	-9.789	-19.4	5.9
9.89	-9.796	-17.7	5.3
9.9	-9.806	-14.3	18.0
9.91	-9.819	-7.3	1.4
9.92	-9.834	5.2	-61.3
9.93	-9.853	24.2	-102.8
9.94	-9.871	48.7	-126.8
9.95	-9.891	76.3	-153.5
9.96	-9.911	101.6	-174.0
9.97	-9.930	117.5	-175.1
9.98	-9.948	119.8	-148.6
9.99	-9.965	107.4	-117.5
10.0	-9.982	82.2	-88.6
10.01	-9.999	48.5	-78.3
10.02	-10.016	11.8	-56.1
10.03	-10.033	-22.7	-3.2
10.04	-10.050	-50.8	61.4
10.05	-10.069	-70.2	106.2
10.06	-10.088	-80.2	96.0
10.07	-10.106	-82.4	62.8
10.08	-10.124	-80.0	56.9
10.09	-10.140	-75.7	35.0
10.1	-10.155	-70.8	12.6
10.11	-10.169	-65.5	32.5
10.12	-10.183	-59.1	36.0
10.13	-10.196	-51.5	13.5
10.14	-10.209	-43.0	4.3
10.15	-10.223	-34.2	3.3
10.16	-10.236	-25.9	-15.7
10.17	-10.249	-18.6	-53.5
10.18	-10.263	-12.6	-59.9
10.19	-10.276	-7.9	-39.4
10.2	-10.288	-4.9	-27.5
10.21	-10.299	-3.5	-21.5
10.22	-10.309	-3.5	-4.8
10.23	-10.318	-5.0	33.2
10.24	-10.328	-7.5	65.0
10.25	-10.338	-10.9	76.3
10.26	-10.346	-14.5	77.5
10.27	-10.354	-18.1	80.4
10.28	-10.362	-21.3	105.5
10.29	-10.371	-23.9	118.8
10.3	-10.381	-25.9	118.7
10.31	-10.389	-27.3	96.8
10.32	-10.398	-28.4	-48.0
10.33	-10.406	-29.1	-358.6
10.34	-10.414	-29.2	-449.4
10.35	-10.423	-28.7	20.3
10.36	-10.434	-27.8	450.8
10.37	-10.448	-26.6	344.2
10.38	-10.461	-25.3	102.9
10.39	-10.471	-24.2	28.0
10.4	-10.475	-23.4	31.1
10.41	-10.475	-22.9	34.3
10.42	-10.474	-22.2	13.9
10.43	-10.474	-21.2	21.6
10.44	-10.475	-19.9	70.0
10.45	-10.478	-17.6	24.5
10.46	-10.483	-12.7	-66.0
10.47	-10.489	-3.1	-77.9
10.48	-10.496	12.3	-80.8
10.49	-10.502	33.3	-132.6
10.5	-10.509	58.4	-178.8
10.51	-10.518	84.1	-190.2
10.52	-10.526	104.2	-180.4
10.53	-10.533	112.9	-129.8
10.54	-10.539	108.2	-77.1
10.55	-10.545	90.4	-82.6
10.56	-10.551	62.2	-75.8
10.57	-10.556	28.3	-22.6
10.58	-10.558	-6.1	16.7
10.59	-10.561	-36.7	33.2
10.6	-10.565	-60.1	45.4
10.61	-10.568	-74.6	62.7
10.62	-10.571	-80.6	91.3
10.63	-10.571	-80.2	92.2
10.64	-10.569	-76.7	57.6
10.65	-10.563	-72.4	35.9
10.66	-10.555	-67.8	28.3
10.67	-10.545	-62.2	33.0
10.68	-10.533	-55.3	29.6
10.69	-10.521	-47.0	4.2
10.7	-10.508	-37.8	12.3
10.71	-10.494	-28.7	1.2
10.72	-10.481	-20.4	-44.3
10.73	-10.466	-13.5	-76.3
10.74	-10.447	-8.2	-83.2
10.75	-10.424	-4.7	-50.9
10.76	-10.399	-2.9	-8.8
10.77	-10.371	-2.7	34.2
10.78	-10.344	-3.7	71.4
10.79	-10.316	-6.0	95.0
10.8	-10.289	-9.0	98.0
10.81	-10.261	-12.4	81.9
10.82	-10.234	-16.0	95.6
10.83	-10.209	-19.3	89.8
10.84	-10.184	-22.4	72.7
10.85	-10.156	-25.0	106.3
10.86	-10.126	-26.9	79.2
10.87	-10.099	-28.1	-167.1
10.88	-10.073	-28.7	-435.9
10.89	-10.048	-28.8	-217.8
10.9	-10.024	-28.5	301.1
10.91	-10.004	-27.8	416.2
10.92	-9.987	-26.9	202.6
10.93	-9.968	-25.8	56.4
10.94	-9.944	-24.7	17.3
10.95	-9.916	-23.6	34.7
10.96	-9.886	-22.5	26.8
10.97	-9.853	-21.3	26.1
10.98	-9.820	-19.9	54.1
10.99	-9.788	-17.9	9.9
11.0	-9.759	-14.1	-37.1
11.01	-9.733	-6.7	-44.4
11.02	-9.709	6.3	-62.3
11.03	-9.688	25.5	-102.2
11.04	-9.668	49.9	-149.2
11.05	-9.649	76.5	-159.8
11.06	-9.631	99.4	-159.3
11.07	-9.614	112.1	-163.5
11.08	-9.598	111.4	-127.9
11.09	-9.582	97.2	-89.3
11.1	-9.569	71.7	-72.0
11.11	-9.556	39.2	-51.5
11.12	-9.543	5.0	-10.7
11.13	-9.531	-26.6	31.0
11.14	-9.519	-52.1	61.9
11.15	-9.508	-69.6	76.0
11.16	-9.496	-78.4	76.3
11.17	-9.484	-79.9	88.4
11.18	-9.471	-77.1	74.4
11.19	-9.456	-73.0	45.0
11.2	-9.441	-68.6	35.6
11.21	-9.426	-63.5	25.5
11.22	-9.412	-57.1	18.0
11.23	-9.398	-49.6	16.8
11.24	-9.385	-41.2	10.0
11.25	-9.373	-32.4	-1.2
11.26	-9.361	-24.0	-17.3
11.27	-9.351	-16.4	-54.0
11.28	-9.341	-10.3	-61.5
11.29	-9.329	-5.8	-47.8
11.3	-9.318	-3.3	-40.3
11.31	-9.305	-2.6	4.8
11.32	-9.291	-3.4	58.3
11.33	-9.278	-5.3	107.1
11.34	-9.266	-8.0	137.6
11.35	-9.255	-11.2	100.5
11.36	-9.244	-14.7	87.6
11.37	-9.234	-18.1	98.6
11.38	-9.224	-21.4	97.9
11.39	-9.213	-24.3	120.7
11.4	-9.200	-26.4	109.4
11.41	-9.188	-27.8	-28.3
11.42	-9.176	-28.7	-322.7
11.43	-9.164	-28.9	-327.7
11.44	-9.154	-28.8	204.2
11.45	-9.147	-28.4	510.4
11.46	-9.142	-27.6	291.6
11.47	-9.138	-26.5	77.4
11.48	-9.131	-25.2	57.3
11.49	-9.121	-23.8	77.0
11.5	-9.107	-22.3	52.7
11.51	-9.091	-21.0	27.7
11.52	-9.072	-19.7	21.5
11.53	-9.055	-18.3	4.1
11.54	-9.039	-15.7	-24.0
11.55	-9.024	-10.1	-41.2
11.56	-9.012	0.6	-42.9
11.57	-9.002	17.2	-69.9
11.58	-8.993	39.4	-105.7
11.59	-8.984	64.9	-133.8
11.6	-8.976	89.4	-169.0
11.61	-8.969	106.4	-180.5
11.62	-8.962	111.0	-175.3
11.63	-8.954	102.0	-138.1
11.64	-8.947	80.5	-66.5
11.65	-8.942	50.5	-23.0
11.66	-8.936	17.3	11.6
11.67	-8.931	-14.5	65.3
11.68	-8.926	-41.5	67.1
11.69	-8.921	-61.6	30.9
11.7	-8.916	-73.7	41.5
11.71	-8.910	-78.1	64.0
11.72	-8.904	-77.3	66.1
11.73	-8.896	-74.2	59.8
11.74	-8.888	-70.1	60.6
11.75	-8.881	-65.1	63.7
11.76	-8.875	-58.6	44.7
11.77	-8.871	-50.8	20.9
11.78	-8.867	-42.2	-2.8
11.79	-8.863	-33.5	-38.5
11.8	-8.861	-25.2	-55.8
11.81	-8.859	-17.8	-62.2
11.82	-8.857	-11.7	-62.7
11.83	-8.854	-7.2	-41.1
11.84	-8.852	-4.2	-16.1
11.85	-8.849	-2.7	23.0
11.86	-8.848	-2.6	72.9
11.87	-8.846	-4.0	79.0
11.88	-8.843	-6.6	63.8
11.89	-8.839	-10.1	63.3
11.9	-8.836	-14.0	98.1
11.91	-8.834	-17.8	131.9
11.92	-8.834	-21.1	118.8
11.93	-8.832	-23.9	129.7
11.94	-8.826	-26.0	118.0
11.95	-8.822	-27.5	-67.2
11.96	-8.821	-28.5	-384.5
11.97	-8.822	-29.0	-375.9
11.98	-8.825	-29.1	182.8
11.99	-8.830	-28.7	540.2
12.0	-8.837	-27.7	344.0
12.01	-8.844	-26.3	99.6
12.02	-8.848	-24.7	36.5
12.03	-8.846	-23.1	38.7
12.04	-8.839	-21.6	26.4
12.05	-8.831	-20.4	24.1
12.06	-8.822	-19.3	26.1
12.07	-8.812	-18.0	3.4
12.08	-8.803	-15.4	-7.4
12.09	-8.797	-9.5	-0.8
12.1	-8.794	1.7	-30.3
12.11	-8.794	18.9	-73.3
12.12	-8.793	41.8	-108.0
12.13	-8.793	68.1	-174.7
12.14	-8.794	92.8	-197.2
12.15	-8.794	109.4	-167.4
12.16	-8.795	113.6	-148.0
12.17	-8.796	104.3	-104.5
12.18	-8.799	82.8	-60.3
12.19	-8.804	52.8	-35.0
12.2	-8.808	19.4	1.1
12.21	-8.812	-12.8	25.8
12.22	-8.818	-40.4	39.3
12.23	-8.823	-61.2	50.8
12.24	-8.828	-74.0	58.3
12.25	-8.830	-79.2	55.1
12.26	-8.831	-78.7	68.8
12.27	-8.831	-75.3	98.3
12.28	-8.829	-70.8	66.3
12.29	-8.828	-65.5	-0.8
12.3	-8.829	-59.0	-9.0
12.31	-8.831	-51.4	3.8
12.32	-8.833	-42.9	-2.4
12.33	-8.838	-34.0	-10.4
12.34	-8.845	-25.5	-29.6
12.35	-8.854	-17.6	-55.8
12.36	-8.865	-11.0	-63.9
12.37	-8.874	-6.0	-62.1
12.38	-8.881	-2.8	-59.6
12.39	-8.888	-1.5	-12.6
12.4	-8.892	-2.0	52.2
12.41	-8.896	-3.9	70.7
12.42	-8.898	-6.8	85.8
12.43	-8.898	-10.4	126.1
12.44	-8.896	-14.2	142.0
12.45	-8.898	-17.9	126.8
12.46	-8.902	-21.3	95.6
12.47	-8.904	-24.1	103.9
12.48	-8.900	-26.5	122.9
12.49	-8.896	-28.3	-44.7
12.5	-8.899	-29.4	-391.5
12.51	-8.907	-29.9	-395.5
12.52	-8.918	-29.8	167.4
12.53	-8.931	-29.0	513.5
12.54	-8.945	-27.7	337.9
12.55	-8.959	-26.2	114.8
12.56	-8.970	-24.6	31.0
12.57	-8.974	-23.0	31.5
12.58	-8.970	-21.5	28.5
12.59	-8.959	-20.2	27.5
12.6	-8.944	-19.0	34.1
12.61	-8.931	-17.6	8.2
12.62	-8.922	-14.8	-7.6
12.63	-8.919	-8.6	-18.6
12.64	-8.923	2.9	-39.9
12.65	-8.931	20.7	-67.8
12.66	-8.942	44.4	-121.3
12.67	-8.955	71.6	-155.8
12.68	-8.969	96.9	-166.9
12.69	-8.986	113.6	-168.9
12.7	-9.003	117.5	-131.8
12.71	-9.024	107.4	-101.3
12.72	-9.049	84.8	-83.3
12.73	-9.078	53.8	-40.7
12.74	-9.109	19.8	15.8
12.75	-9.140	-12.8	45.3
12.76	-9.172	-40.7	44.5
12.77	-9.203	-61.7	54.9
12.78	-9.232	-74.7	59.8
12.79	-9.259	-80.6	66.1
12.8	-9.284	-81.1	73.0
12.81	-9.309	-78.3	42.9
12.82	-9.331	-73.6	30.8
12.83	-9.354	-67.8	53.8
12.84	-9.376	-60.9	48.3
12.85	-9.399	-52.8	20.8
12.86	-9.422	-43.7	3.5
12.87	-9.445	-34.3	-15.4
12.88	-9.469	-25.4	-37.3
12.89	-9.493	-17.6	-60.8
12.9	-9.518	-11.1	-78.3
12.91	-9.543	-6.2	-84.4
12.92	-9.565	-2.9	-53.7
12.93	-9.586	-1.5	11.5
12.94	-9.607	-1.9	63.0
12.95	-9.627	-3.7	84.6
12.96	-9.647	-6.8	95.8
12.97	-9.665	-10.6	106.0
12.98	-9.683	-14.7	107.7
12.99	-9.702	-18.7	107.0
13.0	-9.721	-22.3	94.5
13.01	-9.740	-25.3	86.8
13.02	-9.758	-27.5	116.8
13.03	-9.775	-29.0	28.1
13.04	-9.793	-29.8	-306.5
13.05	-9.812	-30.0	-468.5
13.06	-9.830	-29.8	-10.8
13.07	-9.851	-29.2	485.9
13.08	-9.872	-28.0	413.7
13.09	-9.894	-26.5	148.8
13.1	-9.912	-24.8	32.1
13.11	-9.927	-23.2	14.2
13.12	-9.936	-21.7	32.0
13.13	-9.943	-20.5	36.8
13.14	-9.947	-19.6	28.3
13.15	-9.952	-18.4	13.7
13.16	-9.959	-16.3	2.1
13.17	-9.968	-11.5	-10.9
13.18	-9.979	-1.9	-42.4
13.19	-9.992	14.0	-77.2
13.2	-10.006	36.1	-111.0
13.21	-10.021	62.9	-152.1
13.22	-10.036	89.9	-192.8
13.23	-10.051	110.4	-198.0
13.24	-10.066	119.1	-126.6
13.25	-10.079	113.9	-75.1
13.26	-10.093	95.1	-77.6
13.27	-10.108	66.1	-49.6
13.28	-10.123	32.2	-12.7
13.29	-10.139	-1.8	9.9
13.3	-10.154	-32.3	21.7
13.31	-10.170	-56.6	27.7
13.32	-10.188	-73.3	53.5
13.33	-10.206	-82.0	77.9
13.34	-10.223	-84.0	92.0
13.35	-10.238	-81.8	107.3
13.36	-10.254	-77.2	83.3
13.37	-10.267	-71.0	31.5
13.38	-10.279	-63.8	5.4
13.39	-10.291	-55.5	-10.4
13.4	-10.301	-46.5	-19.5
13.41	-10.311	-37.0	-7.8
13.42	-10.322	-27.8	-16.6
13.43	-10.333	-19.4	-46.0
13.44	-10.344	-12.2	-41.9
13.45	-10.356	-6.5	-45.7
13.46	-10.366	-2.8	-55.4
13.47	-10.375	-1.1	-22.7
13.48	-10.383	-1.4	36.0
13.49	-10.391	-3.2	79.8
13.5	-10.399	-6.3	95.7
13.51	-10.406	-10.1	109.7
13.52	-10.413	-14.1	98.1
13.53	-10.421	-18.0	79.7
13.54	-10.429	-21.6	88.2
13.55	-10.438	-24.5	98.0
13.56	-10.444	-26.7	118.8
13.57	-10.449	-28.4	67.8
13.58	-10.454	-29.5	-188.4
13.59	-10.461	-30.0	-477.6
13.6	-10.466	-29.9	-251.0
13.61	-10.471	-29.3	325.8
13.62	-10.479	-28.3	444.2
13.63	-10.489	-26.9	186.9
13.64	-10.495	-25.5	42.5
13.65	-10.495	-24.2	35.1
13.66	-10.489	-23.0	61.8
13.67	-10.478	-21.9	49.7
13.68	-10.466	-20.8	32.7
13.69	-10.453	-19.6	45.0
13.7	-10.442	-17.6	35.3
13.71	-10.433	-13.2	-1.8
13.72	-10.429	-4.0	-43.4
13.73	-10.426	11.7	-70.0
13.74	-10.424	34.4	-99.5
13.75	-10.421	63.1	-146.2
13.76	-10.417	93.3	-173.7
13.77	-10.414	117.8	-168.1
13.78	-10.411	130.4	-142.8
13.79	-10.406	128.1	-113.9
13.8	-10.401	110.6	-91.3
13.81	-10.399	81.3	-60.5
13.82	-10.400	45.6	-21.3
13.83	-10.401	9.0	1.6
13.84	-10.400	-24.5	28.1
13.85	-10.400	-51.8	57.2
13.86	-10.399	-71.5	70.5
13.87	-10.396	-82.9	83.7
13.88	-10.391	-87.2	99.8
13.89	-10.383	-86.4	100.4
13.9	-10.371	-82.8	85.8
13.91	-10.358	-77.4	48.4
13.92	-10.341	-70.5	23.1
13.93	-10.324	-62.1	43.2
13.94	-10.306	-52.5	27.1
13.95	-10.288	-42.7	-7.7
13.96	-10.271	-33.2	-8.6
13.97	-10.254	-24.4	-39.5
13.98	-10.239	-16.6	-47.2
13.99	-10.223	-10.3	-14.3
14.0	-10.205	-5.6	-31.0
14.01	-10.183	-2.7	-53.9
14.02	-10.160	-1.7	-7.7
14.03	-10.136	-2.6	58.8
14.04	-10.111	-5.0	88.7
14.05	-10.087	-8.7	99.9
14.06	-10.063	-12.9	117.1
14.07	-10.041	-17.2	130.1
14.08	-10.020	-21.3	126.9
14.09	-10.002	-24.7	117.6
14.1	-9.982	-27.3	118.3
14.11	-9.958	-29.0	96.9
14.12	-9.934	-30.2	-32.7
14.13	-9.912	-30.9	-336.2
14.14	-9.890	-31.1	-443.6
14.15	-9.869	-30.6	20.1
14.16	-9.851	-29.7	470.4
14.17	-9.836	-28.6	389.5
14.18	-9.822	-27.4	148.2
14.19	-9.805	-26.1	56.2
14.2	-9.783	-24.6	57.8
14.21	-9.758	-23.0	47.3
14.22	-9.728	-21.4	30.4
14.23	-9.697	-20.0	37.8
14.24	-9.667	-18.4	43.0
14.25	-9.638	-15.2	25.3
14.26	-9.613	-8.2	-14.8
14.27	-9.591	4.8	-32.8
14.28	-9.571	24.9	-41.8
14.29	-9.553	52.2	-93.4
14.3	-9.536	83.7	-145.3
14.31	-9.520	112.6	-167.6
14.32	-9.506	131.7	-162.1
14.33	-9.491	136.0	-146.8
14.34	-9.476	123.7	-103.0
14.35	-9.463	97.2	-36.0
14.36	-9.452	62.4	-7.0
14.37	-9.441	25.1	16.3
14.38	-9.429	-10.4	49.8
14.39	-9.418	-40.9	55.4
14.4	-9.407	-64.3	62.2
14.41	-9.396	-79.9	73.2
14.42	-9.386	-87.8	73.7
14.43	-9.374	-89.5	80.3
14.44	-9.361	-87.3	96.3
14.45	-9.348	-82.7	103.2
14.46	-9.335	-76.5	72.8
14.47	-9.322	-68.9	38.2
14.48	-9.311	-59.9	36.3
14.49	-9.301	-50.1	35.2
14.5	-9.289	-40.1	4.4
14.51	-9.278	-30.8	-16.3
14.52	-9.268	-22.5	-9.2
14.53	-9.258	-15.4	-39.5
14.54	-9.248	-9.9	-64.7
14.55	-9.239	-6.1	-53.4
14.56	-9.231	-4.1	-43.5
14.57	-9.221	-3.9	-15.7
14.58	-9.210	-5.4	40.7
14.59	-9.197	-8.2	87.2
14.6	-9.186	-11.7	101.1
14.61	-9.174	-15.2	107.6
14.62	-9.163	-18.6	109.3
14.63	-9.152	-21.7	101.4
14.64	-9.143	-24.4	91.4
14.65	-9.131	-26.7	95.9
14.66	-9.118	-28.5	130.6
14.67	-9.103	-29.9	136.9
14.68	-9.088	-30.8	0.6
14.69	-9.075	-31.1	-329.3
14.7	-9.064	-30.8	-466.3
14.71	-9.054	-30.1	-19.7
14.72	-9.047	-29.1	436.1
14.73	-9.041	-27.9	358.5
14.74	-9.035	-26.6	125.9
14.75	-9.027	-25.3	40.0
14.76	-9.016	-24.0	37.1
14.77	-9.002	-22.5	69.5
14.78	-8.985	-21.2	89.3
14.79	-8.967	-19.8	69.4
14.8	-8.949	-17.8	41.0
14.81	-8.933	-13.8	1.5
14.82	-8.918	-5.6	-29.1
14.83	-8.908	9.0	-41.5
14.84	-8.898	31.4	-57.4
14.85	-8.891	61.0	-75.9
14.86	-8.883	93.9	-105.0
14.87	-8.875	122.4	-133.5
14.88	-8.869	139.0	-140.3
14.89	-8.865	139.9	-129.2
14.9	-8.861	123.9	-109.7
14.91	-8.859	94.0	-74.2
14.92	-8.859	56.3	-24.4
14.93	-8.859	17.0	13.3
14.94	-8.858	-19.0	32.1
14.95	-8.857	-48.8	51.8
14.96	-8.858	-70.4	64.9
14.97	-8.857	-83.5	59.4
14.98	-8.856	-88.9	77.5
14.99	-8.854	-88.8	96.4
15.0	-8.851	-85.6	75.7
15.01	-8.847	-80.7	39.9
15.02	-8.843	-74.6	31.7
15.03	-8.841	-67.5	51.7
15.04	-8.839	-59.2	46.8
15.05	-8.838	-50.0	11.1
15.06	-8.838	-40.6	14.3
15.07	-8.838	-31.5	34.3
15.08	-8.839	-23.3	34.4
15.09	-8.840	-16.2	28.6
15.1	-8.842	-10.5	4.6
15.11	-8.844	-6.3	-36.2
15.12	-8.846	-4.1	-50.5
15.13	-8.846	-4.1	-51.2
15.14	-8.847	-6.2	-48.3
15.15	-8.848	-9.8	-12.8
15.16	-8.847	-14.0	27.5
15.17	-8.848	-18.0	63.3
15.18	-8.848	-21.4	105.6
15.19	-8.849	-24.1	120.0
15.2	-8.850	-26.1	98.0
15.21	-8.850	-27.7	96.5
15.22	-8.852	-28.8	115.2
15.23	-8.854	-29.5	112.9
15.24	-8.853	-30.0	123.6
15.25	-8.849	-30.2	106.4
15.26	-8.848	-29.9	-86.4
15.27	-8.851	-29.4	-434.6
15.28	-8.857	-28.8	-420.3
15.29	-8.865	-28.1	148.9
15.3	-8.874	-27.3	484.0
15.31	-8.884	-26.2	299.5
15.32	-8.894	-24.9	100.9
15.33	-8.897	-23.6	49.3
15.34	-8.893	-22.2	65.0
15.35	-8.882	-20.8	78.8
15.36	-8.871	-19.4	48.2
15.37	-8.861	-17.9	22.8
15.38	-8.853	-15.2	18.1
15.39	-8.846	-9.4	13.3
15.4	-8.843	2.1	10.5
15.41	-8.842	20.9	-14.3
15.42	-8.843	47.4	-62.1
15.43	-8.843	79.9	-96.8
15.44	-8.843	112.4	-117.6
15.45	-8.843	136.4	-142.3
15.46	-8.844	145.6	-158.7
15.47	-8.845	137.1	-144.6
15.48	-8.847	112.2	-105.5
15.49	-8.851	76.3	-72.9
15.5	-8.857	36.4	-35.7
15.51	-8.864	-2.1	11.8
15.52	-8.870	-35.6	46.4
15.53	-8.877	-61.6	62.7
15.54	-8.886	-78.9	71.9
15.55	-8.895	-87.7	77.3
15.56	-8.903	-89.5	85.2
15.57	-8.911	-87.1	81.3
15.58	-8.921	-82.8	70.0
15.59	-8.931	-77.7	61.6
15.6	-8.944	-71.6	60.8
15.61	-8.961	-64.3	56.1
15.62	-8.979	-55.9	39.9
15.63	-9.002	-46.6	35.5
15.64	-9.026	-37.1	44.3
15.65	-9.051	-28.2	44.2
15.66	-9.078	-20.5	21.9
15.67	-9.105	-14.2	14.0
15.68	-9.133	-9.3	9.5
15.69	-9.162	-6.2	-23.0
15.7	-9.193	-5.1	-34.0
15.71	-9.221	-5.8	-33.6
15.72	-9.249	-8.1	-42.7
15.73	-9.275	-11.6	-15.7
15.74	-9.299	-15.3	44.2
15.75	-9.322	-18.9	87.6
15.76	-9.345	-21.9	95.1
15.77	-9.367	-24.3	97.4
15.78	-9.389	-26.2	94.3
15.79	-9.410	-27.8	82.4
15.8	-9.433	-28.8	78.3
15.81	-9.455	-29.5	102.0
15.82	-9.476	-29.8	163.1
15.83	-9.494	-29.8	144.8
15.84	-9.514	-29.6	-77.8
15.85	-9.534	-29.1	-431.6
15.86	-9.556	-28.4	-403.8
15.87	-9.579	-27.6	148.5
15.88	-9.604	-26.9	462.8
15.89	-9.628	-26.2	285.2
15.9	-9.652	-25.3	97.1
15.91	-9.672	-24.1	68.3
15.92	-9.689	-22.7	84.7
15.93	-9.702	-21.1	87.8
15.94	-9.711	-19.6	69.5
15.95	-9.720	-18.3	46.5
15.96	-9.731	-16.3	12.6
15.97	-9.744	-12.0	-20.7
15.98	-9.761	-2.9	-29.3
15.99	-9.779	12.8	-41.2
16.0	-9.800	35.5	-64.1
16.01	-9.822	64.4	-97.1
16.02	-9.844	95.4	-114.7
16.03	-9.866	121.2	-126.8
16.04	-9.887	134.6	-139.4
16.05	-9.906	132.1	-122.1
16.06	-9.925	113.5	-114.6
16.07	-9.946	82.5	-81.3
16.08	-9.967	45.1	-21.8
16.09	-9.986	6.7	1.2
16.1	-10.004	-28.1	39.3
16.11	-10.023	-56.1	84.4
16.12	-10.041	-75.5	86.8
16.13	-10.061	-85.8	72.8
16.14	-10.080	-88.4	81.9
16.15	-10.099	-86.1	94.0
16.16	-10.116	-81.7	93.8
16.17	-10.132	-76.5	76.9
16.18	-10.148	-70.5	41.4
16.19	-10.164	-63.5	40.7
16.2	-10.179	-55.2	68.6
16.21	-10.195	-45.9	44.3
16.22	-10.210	-36.5	18.5
16.23	-10.226	-27.6	51.5
16.24	-10.242	-19.6	65.9
16.25	-10.258	-13.0	31.5
16.26	-10.274	-8.1	-4.1
16.27	-10.291	-5.1	-43.4
16.28	-10.309	-4.0	-56.8
16.29	-10.326	-4.8	-36.3
16.3	-10.341	-7.1	-10.5
16.31	-10.356	-10.4	30.6
16.32	-10.369	-14.0	72.1
16.33	-10.383	-17.5	92.8
16.34	-10.396	-20.6	78.5
16.35	-10.408	-23.3	69.1
16.36	-10.419	-25.4	97.8
16.37	-10.430	-26.9	109.5
16.38	-10.442	-28.1	103.1
16.39	-10.454	-28.8	108.1
16.4	-10.465	-29.3	129.1
16.41	-10.474	-29.4	104.6
16.42	-10.485	-29.3	-121.6
16.43	-10.495	-28.7	-468.3
16.44	-10.504	-27.9	-376.8
16.45	-10.514	-27.2	213.3
16.46	-10.526	-26.4	481.7
16.47	-10.540	-25.5	268.8
16.48	-10.551	-24.5	90.4
16.49	-10.558	-23.5	52.9
16.5	-10.559	-22.4	68.2
16.51	-10.558	-21.4	77.6
16.52	-10.555	-20.4	37.5
16.53	-10.552	-19.4	6.8
16.54	-10.551	-17.7	21.2
16.55	-10.552	-13.7	18.1
16.56	-10.554	-5.1	-13.2
16.57	-10.559	9.8	-56.9
16.58	-10.564	31.4	-93.5
16.59	-10.569	58.9	-112.1
16.6	-10.573	89.1	-137.4
16.61	-10.577	115.2	-151.6
16.62	-10.580	130.1	-138.8
16.63	-10.582	130.0	-122.9
16.64	-10.582	114.2	-106.7
16.65	-10.583	85.3	-70.3
16.66	-10.584	49.0	-25.3
16.67	-10.584	11.0	0.0
16.68	-10.582	-24.0	26.9
16.69	-10.579	-52.9	53.1
16.7	-10.575	-73.2	69.4
16.71	-10.569	-84.3	96.6
16.72	-10.561	-87.5	123.6
16.73	-10.551	-85.5	112.3
16.74	-10.538	-81.4	78.6
16.75	-10.520	-76.4	66.7
16.76	-10.501	-70.6	59.2
16.77	-10.479	-63.4	44.1
16.78	-10.456	-55.0	37.8
16.79	-10.431	-45.8	37.2
16.8	-10.406	-36.4	46.4
16.81	-10.382	-27.4	41.3
16.82	-10.358	-19.3	22.8
16.83	-10.336	-12.6	-5.1
16.84	-10.313	-7.4	-29.5
16.85	-10.291	-4.2	-23.4
16.86	-10.267	-2.9	-26.2
16.87	-10.241	-3.4	-30.2
16.88	-10.213	-5.6	8.2
16.89	-10.184	-8.7	51.7
16.9	-10.157	-12.3	72.6
16.91	-10.130	-16.1	92.1
16.92	-10.105	-19.5	92.8
16.93	-10.079	-22.6	81.6
16.94	-10.054	-25.1	101.6
16.95	-10.031	-26.9	115.8
16.96	-10.008	-28.1	109.0
16.97	-9.984	-28.8	144.9
16.98	-9.958	-29.1	143.4
16.99	-9.933	-29.2	-32.9
17.0	-9.909	-29.0	-369.3
17.01	-9.887	-28.6	-450.5
17.02	-9.866	-28.2	41.2
17.03	-9.849	-27.6	453.9
17.04	-9.834	-26.8	343.0
17.05	-9.819	-25.8	129.6
17.06	-9.802	-24.7	54.3
17.07	-9.780	-23.7	49.0
17.08	-9.754	-22.6	66.0
17.09	-9.726	-21.4	62.9
17.1	-9.696	-20.2	56.4
17.11	-9.666	-18.5	47.2
17.12	-9.638	-15.4	18.2
17.13	-9.613	-8.7	-12.8
17.14	-9.590	3.8	-42.9
17.15	-9.569	22.8	-66.9
17.16	-9.551	47.6	-94.8
17.17	-9.533	76.1	-134.3
17.18	-9.517	102.8	-163.4
17.19	-9.501	120.3	-151.6
17.2	-9.486	123.9	-129.3
17.21	-9.469	112.5	-104.9
17.22	-9.454	87.7	-61.7
17.23	-9.443	54.3	-19.3
17.24	-9.430	18.3	27.3
17.25	-9.416	-15.6	58.3
17.26	-9.401	-44.0	66.5
17.27	-9.387	-64.8	55.3
17.28	-9.372	-77.2	57.8
17.29	-9.359	-81.9	79.5
17.3	-9.345	-81.3	89.6
17.31	-9.331	-78.1	101.4
17.32	-9.316	-74.3	96.5
17.33	-9.303	-69.9	62.4
17.34	-9.289	-64.1	53.4
17.35	-9.277	-56.8	49.4
17.36	-9.265	-48.3	31.5
17.37	-9.253	-39.2	28.3
17.38	-9.241	-30.4	28.8
17.39	-9.228	-22.4	32.8
17.4	-9.217	-15.6	40.1
17.41	-9.207	-10.3	15.3
17.42	-9.199	-6.8	-30.3
17.43	-9.191	-5.2	-39.2
17.44	-9.181	-5.3	-24.4
17.45	-9.172	-6.9	-16.5
17.46	-9.161	-9.6	0.1
17.47	-9.148	-12.8	36.4
17.48	-9.133	-16.2	75.3
17.49	-9.117	-19.2	95.4
17.5	-9.103	-21.8	97.7
17.51	-9.087	-23.8	104.6
17.52	-9.073	-25.3	118.8
17.53	-9.061	-26.4	103.9
17.54	-9.049	-27.3	83.5
17.55	-9.034	-28.1	108.9
17.56	-9.015	-28.7	111.0
17.57	-8.998	-29.0	-68.3
17.58	-8.984	-29.1	-397.1
17.59	-8.974	-28.8	-368.6
17.6	-8.967	-28.1	172.7
17.61	-8.963	-27.1	474.3
17.62	-8.959	-26.0	278.8
17.63	-8.951	-24.9	55.8
17.64	-8.940	-23.9	13.6
17.65	-8.926	-23.0	53.9
17.66	-8.908	-22.1	83.6
17.67	-8.888	-21.2	75.8
17.68	-8.867	-20.0	67.2
17.69	-8.847	-17.7	74.1
17.7	-8.829	-12.8	42.2
17.71	-8.816	-3.0	-5.5
17.72	-8.806	13.0	-39.8
17.73	-8.797	35.1	-90.3
17.74	-8.789	61.8	-127.8
17.75	-8.781	89.8	-132.9
17.76	-8.774	113.1	-133.8
17.77	-8.768	124.6	-122.4
17.78	-8.762	121.3	-101.0
17.79	-8.756	103.2	-83.4
17.8	-8.752	73.4	-57.9
17.81	-8.751	37.2	-27.3
17.82	-8.749	0.5	11.9
17.83	-8.747	-32.2	44.0
17.84	-8.745	-57.5	64.8
17.85	-8.744	-73.5	82.2
17.86	-8.742	-80.4	82.7
17.87	-8.739	-80.6	75.2
17.88	-8.737	-77.5	74.1
17.89	-8.734	-73.7	69.3
17.9	-8.730	-69.9	52.9
17.91	-8.726	-65.5	41.4
17.92	-8.724	-59.9	55.4
17.93	-8.723	-52.7	60.5
17.94	-8.722	-44.4	43.8
17.95	-8.721	-35.7	39.3
17.96	-8.722	-27.4	36.0
17.97	-8.723	-20.0	19.8
17.98	-8.723	-14.0	7.3
17.99	-8.724	-9.7	-20.0
18.0	-8.726	-6.9	-63.8
18.01	-8.728	-5.7	-39.0
18.02	-8.731	-6.0	-2.4
18.03	-8.732	-7.5	-21.6
18.04	-8.733	-9.9	5.7
18.05	-8.734	-12.8	62.7
18.06	-8.735	-15.9	85.2
18.07	-8.737	-18.9	85.8
18.08	-8.738	-21.7	95.3
18.09	-8.739	-24.0	102.0
18.1	-8.740	-25.8	118.5
18.11	-8.742	-26.9	119.7
18.12	-8.744	-27.6	105.2
18.13	-8.744	-27.9	122.2
18.14	-8.742	-28.1	54.9
18.15	-8.744	-28.2	-230.2
18.16	-8.751	-28.1	-520.2
18.17	-8.759	-27.9	-258.1
18.18	-8.771	-27.6	333.9
18.19	-8.784	-27.0	444.9
18.2	-8.797	-26.1	207.8
18.21	-8.807	-25.1	72.5
18.22	-8.809	-24.0	46.3
18.23	-8.802	-22.9	47.6
18.24	-8.790	-21.7	43.0
18.25	-8.778	-20.4	63.9
18.26	-8.769	-18.8	56.4
18.27	-8.762	-16.0	10.2
18.28	-8.758	-9.9	-15.8
18.29	-8.758	2.1	-20.9
18.3	-8.760	20.7	-20.7
18.31	-8.763	44.7	-93.4
18.32	-8.765	71.8	-156.7
18.33	-8.767	98.2	-161.6
18.34	-8.768	117.1	-150.0
18.35	-8.770	122.8	-120.6
18.36	-8.772	113.4	-120.4
18.37	-8.775	90.5	-116.3
18.38	-8.781	58.2	-67.0
18.39	-8.788	22.2	-13.7
18.4	-8.796	-12.4	14.0
18.41	-8.803	-41.8	36.2
18.42	-8.812	-63.3	62.3
18.43	-8.822	-75.5	69.2
18.44	-8.834	-79.4	72.6
18.45	-8.846	-78.0	78.5
18.46	-8.857	-74.5	64.4
18.47	-8.865	-70.5	49.3
18.48	-8.871	-66.4	44.9
18.49	-8.876	-61.8	42.7
18.5	-8.882	-56.2	44.8
18.51	-8.889	-49.4	41.2
18.52	-8.898	-41.6	40.4
18.53	-8.908	-33.4	39.5
18.54	-8.919	-25.6	10.2
18.55	-8.932	-18.8	-32.0
18.56	-8.946	-13.2	-71.6
18.57	-8.962	-9.0	-93.3
18.58	-8.977	-6.4	-71.5
18.59	-8.991	-5.5	-27.8
18.6	-9.004	-6.0	9.4
18.61	-9.018	-7.6	42.1
18.62	-9.033	-10.0	63.2
18.63	-9.050	-12.6	66.5
18.64	-9.068	-15.4	80.0
18.65	-9.086	-18.1	66.6
18.66	-9.104	-20.8	54.9
18.67	-9.126	-23.2	95.1
18.68	-9.148	-25.2	122.5
18.69	-9.170	-26.9	139.7
18.7	-9.189	-28.2	126.2
18.71	-9.211	-29.0	-25.0
18.72	-9.236	-29.4	-350.2
18.73	-9.261	-29.4	-462.7
18.74	-9.289	-29.0	6.3
18.75	-9.318	-28.3	435.9
18.76	-9.346	-27.3	334.2
18.77	-9.373	-26.3	110.3
18.78	-9.396	-25.1	48.2
18.79	-9.414	-23.9	46.9
18.8	-9.427	-22.7	37.1
18.81	-9.436	-21.6	51.4
18.82	-9.444	-20.4	41.8
18.83	-9.454	-18.9	2.3
18.84	-9.467	-15.9	-5.3
18.85	-9.482	-9.5	-20.8
18.86	-9.501	2.6	-57.8
18.87	-9.521	20.7	-92.9
18.88	-9.542	43.2	-130.5
18.89	-9.564	68.2	-160.8
18.9	-9.587	91.7	-181.9
18.91	-9.609	107.9	-172.4
18.92	-9.631	111.5	-130.8
18.93	-9.653	101.3	-112.3
18.94	-9.675	78.9	-107.3
18.95	-9.699	48.0	-74.1
18.96	-9.723	13.8	-37.3
18.97	-9.745	-18.6	-14.8
18.98	-9.768	-45.5	23.9
18.99	-9.790	-64.3	58.7
19.0	-9.811	-74.0	75.6
19.01	-9.832	-76.3	79.3
19.02	-9.854	-74.3	74.3
19.03	-9.875	-70.8	65.2
19.04	-9.895	-67.1	51.2
19.05	-9.914	-63.1	45.1
19.06	-9.932	-58.4	37.0
19.07	-9.948	-52.4	23.9
19.08	-9.965	-45.4	20.0
19.09	-9.982	-37.7	9.4
19.1	-10.001	-29.5	-6.8
19.11	-10.018	-21.6	-0.6
19.12	-10.038	-14.6	-25.5
19.13	-10.058	-9.2	-81.2
19.14	-10.076	-5.5	-79.2
19.15	-10.094	-3.7	-61.2
19.16	-10.110	-3.6	-25.1
19.17	-10.126	-4.9	40.5
19.18	-10.140	-7.1	63.5
19.19	-10.156	-9.9	67.6
19.2	-10.172	-13.0	90.0
19.21	-10.188	-16.2	96.1
19.22	-10.202	-19.2	83.2
19.23	-10.217	-22.0	81.8
19.24	-10.232	-24.2	88.9
19.25	-10.246	-26.0	106.9
19.26	-10.258	-27.3	109.3
19.27	-10.270	-27.9	-39.8
19.28	-10.283	-27.9	-362.1
19.29	-10.294	-27.5	-426.1
19.3	-10.307	-26.9	48.1
19.31	-10.321	-26.4	442.3
19.32	-10.336	-26.0	328.8
19.33	-10.351	-25.4	103.7
19.34	-10.364	-24.5	50.2
19.35	-10.372	-23.2	72.9
19.36	-10.378	-21.7	64.7
19.37	-10.382	-20.4	30.2
19.38	-10.386	-19.6	1.1
19.39	-10.390	-18.9	-16.8
19.4	-10.397	-17.2	-30.4
19.41	-10.405	-12.3	-26.1
19.42	-10.416	-2.2	-19.1
19.43	-10.428	13.8	-61.5
19.44	-10.441	34.4	-119.8
19.45	-10.455	57.5	-145.3
19.46	-10.468	80.1	-157.1
19.47	-10.481	97.2	-162.2
19.48	-10.493	103.4	-154.9
19.49	-10.504	96.4	-135.7
19.5	-10.516	77.4	-88.9
19.51	-10.529	49.7	-32.6
19.52	-10.543	17.7	-5.9
19.53	-10.555	-13.6	14.2
19.54	-10.567	-40.4	50.9
19.55	-10.579	-59.6	70.7
19.56	-10.591	-69.9	85.4
19.57	-10.603	-72.9	97.7
19.58	-10.614	-71.7	89.4
19.59	-10.624	-69.0	75.5
19.6	-10.633	-66.0	55.2
19.61	-10.641	-62.2	49.6
19.62	-10.648	-57.0	64.7
19.63	-10.654	-50.4	39.9
19.64	-10.661	-42.6	0.1
19.65	-10.666	-34.2	-7.9
19.66	-10.669	-26.1	-23.0
19.67	-10.673	-18.7	-45.5
19.68	-10.676	-12.5	-47.5
19.69	-10.678	-7.7	-48.9
19.7	-10.678	-4.4	-31.6
19.71	-10.676	-2.9	19.8
19.72	-10.671	-2.9	53.0
19.73	-10.664	-4.3	60.1
19.74	-10.655	-6.6	79.2
19.75	-10.643	-9.5	95.1
19.76	-10.625	-12.7	103.6
19.77	-10.604	-15.8	115.4
19.78	-10.584	-18.6	104.4
19.79	-10.564	-21.0	99.2
19.8	-10.539	-23.2	125.1
19.81	-10.510	-24.9	102.3
19.82	-10.479	-26.3	-84.8
19.83	-10.451	-27.3	-396.2
19.84	-10.422	-27.8	-360.4
19.85	-10.396	-27.7	184.1
19.86	-10.372	-27.0	523.6
19.87	-10.351	-26.0	332.6
19.88	-10.329	-24.9	65.6
19.89	-10.303	-23.8	-8.6
19.9	-10.271	-22.8	32.0
19.91	-10.236	-21.9	65.1
19.92	-10.199	-21.1	46.8
19.93	-10.163	-20.2	8.8
19.94	-10.128	-19.1	5.2
19.95	-10.097	-16.7	6.6
19.96	-10.069	-11.0	-21.1
19.97	-10.044	-0.1	-41.8
19.98	-10.021	16.5	-62.9
19.99	-10.001	37.5	-103.1
20.0	-9.982	60.7	-131.8
20.01	-9.964	82.7	-147.1
20.02	-9.947	98.1	-173.9
20.03	-9.929	101.8	-168.2
20.04	-9.911	92.6	-109.8
20.05	-9.895	72.2	-48.5
20.06	-9.880	44.1	-9.4
20.07	-9.863	12.6	15.1
20.08	-9.846	-17.4	35.2
20.09	-9.829	-42.3	59.4
20.1	-9.814	-59.8	90.6
20.11	-9.799	-69.1	100.3
20.12	-9.783	-71.5	86.3
20.13	-9.768	-70.3	92.7
20.14	-9.750	-67.8	108.0
20.15	-9.732	-64.9	82.0
20.16	-9.713	-61.0	36.3
20.17	-9.694	-55.8	12.9
20.18	-9.675	-49.1	21.5
20.19	-9.655	-41.5	18.8
20.2	-9.636	-33.5	-4.3
20.21	-9.617	-25.7	-40.6
20.22	-9.601	-18.5	-55.5
20.23	-9.586	-12.3	-8.6
20.24	-9.571	-7.5	10.4
20.25	-9.555	-4.2	-30.2
20.26	-9.539	-2.6	-3.6
20.27	-9.521	-2.5	64.3
20.28	-9.504	-3.9	93.3
20.29	-9.486	-6.4	101.6
20.3	-9.467	-9.7	101.1
20.31	-9.449	-13.2	108.5
20.32	-9.433	-16.5	118.8
20.33	-9.417	-19.5	136.2
20.34	-9.401	-22.1	149.7
20.35	-9.382	-24.3	129.4
20.36	-9.363	-26.0	-21.4
20.37	-9.344	-27.3	-335.4
20.38	-9.327	-28.1	-374.6
20.39	-9.312	-28.3	145.3
20.4	-9.301	-27.9	533.1
20.41	-9.293	-27.0	367.9
20.42	-9.284	-25.9	117.3
20.43	-9.274	-24.5	29.5
20.44	-9.260	-23.2	28.9
20.45	-9.242	-22.1	49.3
20.46	-9.221	-21.0	57.1
20.47	-9.199	-20.0	60.8
20.48	-9.176	-18.7	48.5
20.49	-9.155	-16.3	26.3
20.5	-9.136	-11.1	11.7
20.51	-9.121	-1.6	-25.1
20.52	-9.106	13.2	-74.6
20.53	-9.093	32.6	-129.0
20.54	-9.082	54.6	-171.7
20.55	-9.072	75.9	-163.7
20.56	-9.064	91.1	-138.6
20.57	-9.054	95.5	-108.8
20.58	-9.044	88.3	-75.6
20.59	-9.037	71.4	-59.9
20.6	-9.033	48.6	-32.3
20.61	-9.027	23.5	11.2
20.62	-9.022	-3.0	37.5
20.63	-9.016	-27.7	44.6
20.64	-9.011	-46.2	63.5
20.65	-9.006	-56.8	87.3
20.66	-8.999	-60.7	102.1
20.67	-8.992	-61.0	90.8
20.68	-8.986	-60.5	67.0
20.69	-8.979	-60.0	52.4
20.7	-8.972	-58.1	53.3
20.71	-8.965	-54.6	69.8
20.72	-8.960	-49.4	56.4
20.73	-8.956	-42.8	19.0
20.74	-8.954	-35.4	-16.3
20.75	-8.953	-27.8	-49.4
20.76	-8.951	-20.7	-56.6
20.77	-8.950	-14.7	-49.0
20.78	-8.949	-9.9	-36.6
20.79	-8.946	-6.7	6.3
20.8	-8.944	-4.9	69.7
20.81	-8.941	-4.4	93.5
20.82	-8.938	-5.1	81.0
20.83	-8.935	-7.1	69.4
20.84	-8.931	-10.2	67.7
20.85	-8.927	-13.8	89.3
20.86	-8.924	-17.6	117.9
20.87	-8.923	-21.0	132.9
20.88	-8.920	-23.8	170.0
20.89	-8.915	-26.0	186.9
20.9	-8.911	-27.6	-1.5
20.91	-8.911	-28.6	-395.6
20.92	-8.912	-29.1	-436.0
20.93	-8.916	-29.2	121.0
20.94	-8.921	-28.9	494.2
20.95	-8.926	-28.2	338.0
20.96	-8.931	-27.0	118.6
20.97	-8.931	-25.6	55.2
20.98	-8.925	-24.1	75.9
20.99	-8.916	-22.7	73.1
21.0	-8.907	-21.5	32.6
21.01	-8.897	-20.3	-0.9
21.02	-8.887	-18.8	8.5
21.03	-8.878	-15.6	26.0
21.04	-8.873	-8.8	8.3
21.05	-8.871	3.4	-9.7
21.06	-8.869	20.9	-25.2
21.07	-8.867	41.9	-78.1
21.08	-8.865	63.9	-141.1
21.09	-8.863	83.8	-168.5
21.1	-8.861	96.2	-165.5
21.11	-8.859	97.1	-141.2
21.12	-8.859	85.8	-111.2
21.13	-8.861	64.5	-55.8
21.14	-8.865	36.8	7.2
21.15	-8.867	6.9	38.8
21.16	-8.870	-21.0	47.7
21.17	-8.873	-43.8	39.8
21.18	-8.876	-59.2	52.6
21.19	-8.878	-66.7	67.3
21.2	-8.879	-68.2	67.8
21.21	-8.879	-66.9	67.5
21.22	-8.877	-64.8	75.6
21.23	-8.875	-62.2	77.7
21.24	-8.873	-58.7	47.2
21.25	-8.872	-53.7	16.4
21.26	-8.873	-47.3	3.1
21.27	-8.876	-39.8	-11.8
21.28	-8.881	-31.9	-33.2
21.29	-8.887	-24.2	-56.8
21.3	-8.894	-17.3	-60.1
21.31	-8.901	-11.6	-45.8
21.32	-8.907	-7.3	-14.5
21.33	-8.911	-4.6	32.2
21.34	-8.915	-3.4	52.4
21.35	-8.918	-3.7	57.2
21.36	-8.919	-5.2	81.5
21.37	-8.921	-7.7	111.5
21.38	-8.921	-10.7	131.2
21.39	-8.922	-14.1	143.0
21.4	-8.926	-17.4	127.4
21.41	-8.930	-20.5	113.3
21.42	-8.929	-23.2	132.3
21.43	-8.926	-25.4	42.5
21.44	-8.928	-27.3	-269.8
21.45	-8.938	-28.5	-452.1
21.46	-8.953	-29.0	-43.2
21.47	-8.973	-28.6	477.8
21.48	-8.996	-27.6	456.8
21.49	-9.019	-26.2	181.5
21.5	-9.041	-24.7	49.5
21.51	-9.058	-23.3	24.7
21.52	-9.069	-22.1	29.8
21.53	-9.074	-21.2	40.4
21.54	-9.076	-20.3	44.6
21.55	-9.080	-19.1	49.0
21.56	-9.089	-16.8	36.4
21.57	-9.104	-11.6	6.2
21.58	-9.126	-1.8	-29.6
21.59	-9.151	13.2	-70.0
21.6	-9.178	32.2	-114.7
21.61	-9.206	53.7	-159.8
21.62	-9.233	75.0	-168.3
21.63	-9.259	91.2	-132.8
21.64	-9.286	97.1	-103.8
21.65	-9.313	90.7	-95.7
21.66	-9.341	73.4	-82.5
21.67	-9.372	48.1	-49.6
21.68	-9.401	18.7	0.5
21.69	-9.430	-10.1	25.7
21.7	-9.459	-34.7	34.4
21.71	-9.486	-52.4	56.5
21.72	-9.513	-62.3	83.0
21.73	-9.539	-65.8	91.7
21.74	-9.564	-65.6	82.5
21.75	-9.586	-64.2	64.4
21.76	-9.608	-62.4	51.3
21.77	-9.629	-59.9	40.5
21.78	-9.649	-55.9	28.6
21.79	-9.671	-49.7	26.8
21.8	-9.691	-41.1	3.6
21.81	-9.713	-31.8	-23.5
21.82	-9.734	-23.6	-43.6
21.83	-9.757	-17.0	-69.4
21.84	-9.779	-11.6	-69.7
21.85	-9.800	-7.5	-57.5
21.86	-9.820	-5.1	-17.2
21.87	-9.840	-3.9	56.7
21.88	-9.859	-3.9	98.7
21.89	-9.879	-5.1	99.1
21.9	-9.899	-7.1	99.8
21.91	-9.918	-9.9	98.3
21.92	-9.935	-13.3	89.4
21.93	-9.954	-16.7	90.1
21.94	-9.973	-20.2	106.7
21.95	-9.991	-23.4	138.5
21.96	-10.007	-25.8	114.9
21.97	-10.024	-27.6	-130.3
21.98	-10.041	-28.6	-435.7
21.99	-10.059	-28.9	-242.6
22.0	-10.079	-28.7	325.0
22.01	-10.100	-28.0	492.7
22.02	-10.123	-26.9	243.5
22.03	-10.146	-25.7	55.7
22.04	-10.164	-24.4	32.1
22.05	-10.178	-23.2	66.0
22.06	-10.188	-22.2	70.5
22.07	-10.194	-21.3	47.4
22.08	-10.201	-20.1	35.5
22.09	-10.209	-18.0	10.0
22.1	-10.217	-14.0	-30.2
22.11	-10.229	-6.3	-55.8
22.12	-10.243	6.6	-72.3
22.13	-10.256	24.2	-97.5
22.14	-10.269	45.1	-129.6
22.15	-10.283	67.3	-151.6
22.16	-10.298	86.7	-153.6
22.17	-10.313	97.8	-141.8
22.18	-10.326	97.1	-116.3
22.19	-10.339	84.5	-92.9
22.2	-10.354	62.4	-73.0
22.21	-10.368	34.2	-40.4
22.22	-10.380	4.3	-4.3
22.23	-10.392	-23.2	25.2
22.24	-10.404	-45.3	64.9
22.25	-10.416	-60.2	96.0
22.26	-10.428	-67.5	93.1
22.27	-10.439	-69.4	76.9
22.28	-10.451	-68.7	63.3
22.29	-10.462	-66.8	41.7
22.3	-10.472	-63.9	20.5
22.31	-10.483	-59.5	27.2
22.32	-10.492	-53.3	38.2
22.33	-10.502	-45.6	13.3
22.34	-10.513	-36.9	-10.9
22.35	-10.524	-28.3	-20.1
22.36	-10.536	-20.5	-58.4
22.37	-10.547	-13.9	-77.9
22.38	-10.559	-8.9	-56.3
22.39	-10.568	-5.4	-30.0
22.4	-10.576	-3.4	20.9
22.41	-10.586	-2.7	73.0
22.42	-10.596	-3.4	96.8
22.43	-10.605	-5.3	101.0
22.44	-10.613	-8.3	92.7
22.45	-10.619	-11.9	89.2
22.46	-10.626	-15.7	87.2
22.47	-10.634	-19.3	82.8
22.48	-10.641	-22.3	112.0
22.49	-10.646	-24.5	139.1
22.5	-10.651	-26.0	-2.4
22.51	-10.656	-27.0	-357.4
22.52	-10.660	-27.5	-419.8
22.53	-10.664	-27.6	92.6
22.54	-10.670	-27.3	461.7
22.55	-10.677	-26.8	314.3
22.56	-10.683	-26.0	108.6
22.57	-10.684	-24.8	46.0
22.58	-10.679	-23.4	67.4
22.59	-10.667	-22.0	90.2
22.6	-10.651	-20.7	51.3
22.61	-10.633	-19.6	24.0
22.62	-10.613	-18.3	1.5
22.63	-10.594	-15.5	-23.3
22.64	-10.576	-9.3	-27.7
22.65	-10.559	2.2	-46.8
22.66	-10.540	19.4	-73.4
22.67	-10.521	41.2	-102.3
22.68	-10.501	65.7	-123.9
22.69	-10.483	88.4	-151.7
22.7	-10.465	102.8	-165.4
22.71	-10.444	104.9	-133.1
22.72	-10.422	94.6	-99.7
22.73	-10.401	73.9	-66.1
22.74	-10.381	46.4	-16.9
22.75	-10.360	16.4	22.1
22.76	-10.338	-12.1	34.7
22.77	-10.317	-36.5	46.6
22.78	-10.296	-54.9	66.3
22.79	-10.276	-66.4	62.4
22.8	-10.254	-71.6	60.6
22.81	-10.232	-72.3	71.1
22.82	-10.208	-70.7	68.9
22.83	-10.183	-67.8	77.6
22.84	-10.157	-63.4	92.1
22.85	-10.130	-57.3	60.1
22.86	-10.103	-49.5	15.0
22.87	-10.075	-40.9	-2.8
22.88	-10.049	-32.2	-15.3
22.89	-10.024	-24.1	-41.1
22.9	-10.002	-17.0	-61.6
22.91	-9.979	-11.2	-57.5
22.92	-9.956	-7.0	-41.2
22.93	-9.934	-4.7	-1.9
22.94	-9.911	-4.0	53.1
22.95	-9.889	-4.8	85.3
22.96	-9.869	-6.5	103.2
22.97	-9.848	-8.9	99.6
22.98	-9.827	-11.7	91.1
22.99	-9.806	-14.8	90.9
23.0	-9.786	-18.0	90.7
23.01	-9.768	-21.3	97.7
23.02	-9.748	-24.3	127.6
23.03	-9.724	-26.9	137.5
23.04	-9.702	-29.0	-10.8
23.05	-9.681	-30.6	-338.5
23.06	-9.661	-32.1	-413.6
23.07	-9.644	-33.0	70.5
23.08	-9.629	-32.8	455.1
23.09	-9.617	-31.6	320.6
23.1	-9.606	-30.0	107.3
23.11	-9.591	-28.4	42.8
23.12	-9.571	-27.1	51.9
23.13	-9.549	-26.3	58.7
23.14	-9.524	-25.8	53.5
23.15	-9.498	-24.4	62.3
23.16	-9.472	-21.6	47.4
23.17	-9.448	-16.8	-8.1
23.18	-9.426	-8.0	-43.8
23.19	-9.406	6.2	-40.9
23.2	-9.388	26.4	-61.8
23.21	-9.372	51.4	-110.4
23.22	-9.356	78.3	-137.3
23.23	-9.340	100.9	-140.9
23.24	-9.326	113.1	-119.8
23.25	-9.311	112.4	-109.8
23.26	-9.297	98.9	-114.8
23.27	-9.284	74.8	-94.0
23.28	-9.273	44.5	-51.3
23.29	-9.261	12.7	-0.0
23.3	-9.247	-16.9	27.1
23.31	-9.233	-41.4	57.8
23.32	-9.221	-59.1	102.8
23.33	-9.208	-69.4	89.8
23.34	-9.196	-73.1	71.5
23.35	-9.184	-72.3	71.3
23.36	-9.172	-69.6	57.8
23.37	-9.160	-66.0	52.8
23.38	-9.149	-61.0	43.2
23.39	-9.140	-54.2	65.2
23.4	-9.131	-45.9	87.0
23.41	-9.122	-36.5	35.7
23.42	-9.111	-26.9	-14.9
23.43	-9.100	-18.2	-38.8
23.44	-9.091	-10.9	-63.5
23.45	-9.082	-5.4	-73.4
23.46	-9.074	-2.9	-63.2
23.47	-9.068	-2.8	-47.8
23.48	-9.062	-2.5	4.8
23.49	-9.056	-2.0	66.2
23.5	-9.049	-3.6	86.6
23.51	-9.041	-7.6	91.9
23.52	-9.033	-12.1	70.7
23.53	-9.024	-15.9	58.4
23.54	-9.016	-18.9	90.9
23.55	-9.008	-20.9	107.1
23.56	-8.999	-22.7	109.9
23.57	-8.989	-25.2	154.6
23.58	-8.978	-27.8	154.9
23.59	-8.968	-29.6	-43.8
23.6	-8.961	-29.6	-404.3
23.61	-8.956	-29.0	-421.6
23.62	-8.952	-29.6	115.5
23.63	-8.950	-28.8	457.3
23.64	-8.950	-24.5	281.2
23.65	-8.949	-19.3	85.7
23.66	-8.945	-14.9	71.2
23.67	-8.936	-11.6	57.0
23.68	-8.926	-8.3	25.0
23.69	-8.912	-4.6	43.6
23.7	-8.898	-1.3	57.6
23.71	-8.883	1.0	39.1
23.72	-8.871	3.2	31.4
23.73	-8.862	8.5	1.2
23.74	-8.856	19.4	-51.7
23.75	-8.852	35.5	-87.9
23.76	-8.849	55.5	-130.6
23.77	-8.846	76.8	-143.4
23.78	-8.842	95.0	-130.8
23.79	-8.839	104.8	-112.0
23.8	-8.837	102.7	-87.6
23.81	-8.836	87.9	-96.4
23.82	-8.837	62.5	-99.3
23.83	-8.839	31.5	-58.3
23.84	-8.841	-0.6	-21.5
23.85	-8.842	-29.9	19.8
23.86	-8.844	-53.6	68.3
23.87	-8.846	-69.2	71.2
23.88	-8.847	-76.8	98.1
23.89	-8.847	-78.3	126.9
23.9	-8.846	-76.2	85.9
23.91	-8.844	-72.2	49.3
23.92	-8.841	-66.9	39.3
23.93	-8.839	-60.7	23.9
23.94	-8.838	-53.7	15.3
23.95	-8.839	-45.2	27.3
23.96	-8.842	-35.5	44.4
23.97	-8.846	-25.9	54.4
23.98	-8.851	-17.3	42.3
23.99	-8.856	-9.9	2.0
24.0	-8.863	-4.5	-40.9
24.01	-8.868	-0.9	-76.8
24.02	-8.873	1.1	-65.3
24.03	-8.877	1.2	-23.9
24.04	-8.879	-1.3	7.3
24.05	-8.881	-7.8	43.9
24.06	-8.884	-15.2	72.6
24.07	-8.886	-19.0	72.0
24.08	-8.889	-19.9	59.4
24.09	-8.891	-20.5	79.8
24.1	-8.891	-22.0	99.9
24.11	-8.893	-24.3	98.7
24.12	-8.898	-26.8	122.7
24.13	-8.900	-28.7	142.8
24.14	-8.900	-29.9	120.9
24.15	-8.901	-31.0	-12.4
24.16	-8.910	-30.2	-332.0
24.17	-8.926	-27.6	-468.7
24.18	-8.945	-25.7	-20.5
24.19	-8.966	-24.8	426.3
24.2	-8.988	-24.4	351.2
24.21	-9.010	-24.1	138.2
24.22	-9.029	-23.9	48.9
24.23	-9.041	-23.8	33.4
24.24	-9.046	-24.1	50.2
24.25	-9.045	-24.6	59.6
24.26	-9.044	-24.6	54.3
24.27	-9.045	-22.9	34.8
24.28	-9.052	-18.0	6.1
24.29	-9.065	-7.8	-24.8
24.3	-9.084	8.8	-54.3
24.31	-9.105	30.6	-83.6
24.32	-9.126	55.6	-113.9
24.33	-9.147	81.7	-141.7
24.34	-9.168	104.3	-144.5
24.35	-9.190	116.9	-143.1
24.36	-9.213	115.2	-141.1
24.37	-9.238	99.1	-114.4
24.38	-9.264	72.0	-77.6
24.39	-9.291	38.7	-46.8
24.4	-9.319	4.4	-24.6
24.41	-9.345	-26.6	16.0
24.42	-9.371	-51.1	56.2
24.43	-9.398	-67.6	66.1
24.44	-9.424	-76.3	55.0
24.45	-9.449	-78.7	43.5
24.46	-9.474	-77.1	54.3
24.47	-9.497	-73.8	57.2
24.48	-9.520	-69.7	52.8
24.49	-9.542	-64.8	51.5
24.5	-9.565	-59.0	35.5
24.51	-9.588	-51.9	50.3
24.52	-9.611	-43.7	62.3
24.53	-9.633	-35.1	18.7
24.54	-9.655	-26.9	-20.5
24.55	-9.676	-19.4	-27.2
24.56	-9.698	-13.0	-19.6
24.57	-9.721	-8.3	-30.1
24.58	-9.744	-5.4	-41.0
24.59	-9.766	-4.6	-48.3
24.6	-9.787	-5.3	-46.4
24.61	-9.808	-7.0	-2.3
24.62	-9.828	-9.5	33.8
24.63	-9.847	-12.5	48.9
24.64	-9.866	-15.7	61.5
24.65	-9.886	-18.7	61.0
24.66	-9.904	-21.1	73.3
24.67	-9.921	-23.2	99.7
24.68	-9.939	-24.8	109.7
24.69	-9.958	-25.6	91.3
24.7	-9.976	-25.1	92.0
24.71	-9.991	-22.9	104.6
24.72	-10.006	-19.9	-15.3
24.73	-10.023	-18.3	-350.1
24.74	-10.039	-17.9	-477.1
24.75	-10.056	-17.5	-4.6
24.76	-10.074	-17.4	461.6
24.77	-10.092	-20.0	378.5
24.78	-10.111	-25.4	115.3
24.79	-10.126	-28.6	22.3
24.8	-10.137	-27.8	53.5
24.81	-10.144	-25.9	54.1
24.82	-10.148	-23.9	21.7
24.83	-10.152	-21.7	18.9
24.84	-10.157	-19.3	-1.2
24.85	-10.164	-15.8	-21.0
24.86	-10.174	-9.3	-16.8
24.87	-10.186	2.3	-20.4
24.88	-10.198	20.0	-45.1
24.89	-10.211	42.4	-85.2
24.9	-10.226	67.1	-117.6
24.91	-10.241	90.3	-171.3
24.92	-10.257	106.2	-209.5
24.93	-10.271	109.7	-194.2
24.94	-10.283	99.3	-151.8
24.95	-10.295	76.4	-86.3
24.96	-10.311	45.2	-27.9
24.97	-10.326	11.3	-12.3
24.98	-10.341	-20.4	0.7
24.99	-10.357	-46.5	28.6
25.0	-10.372	-64.7	60.0
25.01	-10.388	-74.5	90.1
25.02	-10.403	-77.4	78.8
25.03	-10.417	-76.0	57.9
25.04	-10.431	-72.9	80.1
25.05	-10.443	-69.0	76.9
25.06	-10.456	-64.0	33.6
25.07	-10.467	-58.0	27.8
25.08	-10.479	-51.0	13.8
25.09	-10.491	-42.8	-23.2
25.1	-10.501	-34.3	12.1
25.11	-10.511	-26.7	53.0
25.12	-10.522	-20.1	20.2
25.13	-10.534	-14.7	-27.8
25.14	-10.546	-10.2	-58.5
25.15	-10.559	-6.3	-28.2
25.16	-10.572	-3.5	6.2
25.17	-10.583	-2.8	-21.0
25.18	-10.589	-4.1	-13.5
25.19	-10.594	-6.9	-14.3
25.2	-10.597	-9.8	-12.6
25.21	-10.600	-11.3	59.6
25.22	-10.604	-11.6	99.5
25.23	-10.608	-12.6	85.3
25.24	-10.613	-15.0	93.7
25.25	-10.618	-17.7	89.0
25.26	-10.623	-19.4	58.3
25.27	-10.628	-21.4	91.9
25.28	-10.630	-27.5	125.7
25.29	-10.632	-36.2	-26.3
25.3	-10.634	-40.1	-356.0
25.31	-10.635	-38.0	-438.1
25.32	-10.636	-34.4	19.5
25.33	-10.636	-32.3	420.9
25.34	-10.637	-31.2	340.0
25.35	-10.633	-29.9	130.4
25.36	-10.621	-28.0	29.5
25.37	-10.598	-25.7	31.7
25.38	-10.563	-23.7	75.0
25.39	-10.521	-22.3	63.8
25.4	-10.474	-21.1	29.3
25.41	-10.428	-19.2	7.7
25.42	-10.383	-15.3	-8.9
25.43	-10.342	-7.5	-7.6
25.44	-10.306	5.2	-15.0
25.45	-10.272	21.8	-60.5
25.46	-10.241	41.2	-115.5
25.47	-10.214	62.8	-137.4
25.48	-10.189	84.0	-141.1
25.49	-10.168	100.1	-118.5
25.5	-10.148	105.5	-90.4
25.51	-10.127	97.4	-106.8
25.52	-10.108	76.9	-100.7
25.53	-10.089	48.0	-55.4
25.54	-10.073	15.8	-6.1
25.55	-10.054	-15.3	45.9
25.56	-10.036	-41.6	90.6
25.57	-10.020	-60.2	125.9
25.58	-10.005	-69.9	135.8
25.59	-9.990	-72.1	89.8
25.6	-9.975	-70.3	56.6
25.61	-9.958	-67.9	97.9
25.62	-9.941	-65.5	107.6
25.63	-9.923	-62.3	75.5
25.64	-9.905	-57.9	56.3
25.65	-9.888	-52.2	46.2
25.66	-9.869	-45.2	52.6
25.67	-9.850	-37.4	50.4
25.68	-9.831	-29.1	31.2
25.69	-9.814	-21.4	9.4
25.7	-9.797	-15.4	-1.3
25.71	-9.781	-11.5	-38.9
25.72	-9.765	-9.2	-66.4
25.73	-9.749	-8.2	-37.9
25.74	-9.732	-8.5	10.8
25.75	-9.714	-10.1	67.3
25.76	-9.696	-12.5	98.7
25.77	-9.678	-14.9	93.9
25.78	-9.660	-18.0	108.5
25.79	-9.643	-21.5	118.1
25.8	-9.626	-22.2	88.3
25.81	-9.610	-20.9	84.2
25.82	-9.594	-21.6	108.7
25.83	-9.578	-24.1	137.6
25.84	-9.558	-26.0	166.7
25.85	-9.536	-26.9	105.8
25.86	-9.517	-27.4	-175.8
25.87	-9.499	-27.4	-482.3
25.88	-9.484	-27.7	-244.7
25.89	-9.470	-28.5	313.8
25.9	-9.461	-28.6	445.7
25.91	-9.453	-27.4	249.2
25.92	-9.443	-25.4	103.7
25.93	-9.429	-23.5	70.6
25.94	-9.412	-21.7	83.6
25.95	-9.391	-20.2	49.8
25.96	-9.366	-19.1	-1.6
25.97	-9.341	-18.1	9.2
25.98	-9.318	-16.4	37.0
25.99	-9.297	-12.5	33.8
26.0	-9.279	-4.6	15.8
26.01	-9.264	8.7	-20.3
26.02	-9.250	26.5	-72.0
26.03	-9.238	46.5	-134.1
26.04	-9.226	66.7	-159.6
26.05	-9.215	84.3	-137.5
26.06	-9.204	94.5	-140.2
26.07	-9.195	93.4	-138.0
26.08	-9.187	80.3	-74.8
26.09	-9.181	58.1	-17.8
26.1	-9.174	30.9	1.2
26.11	-9.168	1.7	21.9
26.12	-9.159	-25.7	60.7
26.13	-9.152	-46.8	82.5
26.14	-9.145	-59.6	96.4
26.15	-9.138	-65.2	91.5
26.16	-9.129	-66.1	66.8
26.17	-9.121	-65.2	80.3
26.18	-9.113	-64.0	106.3
26.19	-9.104	-62.2	98.8
26.2	-9.096	-59.1	80.2
26.21	-9.089	-54.2	55.4
26.22	-9.082	-47.5	30.6
26.23	-9.076	-39.5	14.6
26.24	-9.070	-30.8	9.0
26.25	-9.065	-22.6	35.5
26.26	-9.059	-15.5	38.1
26.27	-9.054	-10.0	2.9
26.28	-9.049	-6.3	-23.8
26.29	-9.044	-4.3	-45.9
26.3	-9.039	-3.8	-33.4
26.31	-9.034	-4.5	13.3
26.32	-9.028	-6.3	82.6
26.33	-9.022	-8.6	129.3
26.34	-9.015	-11.5	114.6
26.35	-9.008	-15.0	94.1
26.36	-8.999	-18.2	101.4
26.37	-8.992	-20.9	125.3
26.38	-8.986	-23.4	126.7
26.39	-8.980	-25.6	139.8
26.4	-8.971	-27.4	181.7
26.41	-8.963	-28.6	116.8
26.42	-8.956	-29.2	-192.6
26.43	-8.953	-29.2	-488.8
26.44	-8.953	-29.2	-191.1
26.45	-8.953	-29.2	389.1
26.46	-8.954	-28.9	453.0
26.47	-8.955	-28.3	189.2
26.48	-8.954	-27.4	57.9
26.49	-8.947	-26.3	57.7
26.5	-8.939	-25.1	80.9
26.51	-8.929	-23.6	69.2
26.52	-8.917	-22.1	66.0
26.53	-8.904	-20.4	57.6
26.54	-8.892	-18.0	22.3
26.55	-8.883	-13.2	-13.6
26.56	-8.875	-3.6	-39.2
26.57	-8.869	11.6	-48.3
26.58	-8.864	30.6	-75.3
26.59	-8.860	51.1	-118.9
26.6	-8.856	71.3	-148.5
26.61	-8.853	88.3	-139.2
26.62	-8.849	96.8	-110.8
26.63	-8.846	92.9	-102.5
26.64	-8.845	77.6	-91.2
26.65	-8.846	54.2	-60.9
26.66	-8.848	26.4	-24.3
26.67	-8.849	-2.5	7.4
26.68	-8.849	-28.2	44.5
26.69	-8.850	-47.8	61.9
26.7	-8.851	-59.9	56.1
26.71	-8.851	-65.6	92.3
26.72	-8.851	-66.2	123.0
26.73	-8.851	-64.1	86.2
26.74	-8.849	-61.8	54.2
26.75	-8.848	-59.2	48.8
26.76	-8.848	-55.6	13.5
26.77	-8.846	-50.6	10.2
26.78	-8.844	-44.0	65.2
26.79	-8.843	-36.5	62.3
26.8	-8.842	-28.9	10.8
26.81	-8.844	-22.1	-43.2
26.82	-8.848	-15.7	-68.5
26.83	-8.853	-10.3	-61.5
26.84	-8.857	-6.0	-58.3
26.85	-8.862	-3.6	-10.1
26.86	-8.866	-4.8	49.9
26.87	-8.870	-6.8	58.8
26.88	-8.873	-8.0	52.8
26.89	-8.874	-9.9	71.8
26.9	-8.874	-12.5	102.4
26.91	-8.871	-12.7	102.6
26.92	-8.869	-4.7	118.6
26.93	-8.867	-3.3	137.2
26.94	-8.866	-20.2	134.2
26.95	-8.863	-34.8	156.4
26.96	-8.860	-37.9	108.0
26.97	-8.861	-37.3	-155.5
26.98	-8.867	-36.1	-445.5
26.99	-8.876	-34.8	-226.1
27.0	-8.884	-32.6	314.2
27.01	-8.893	-30.1	424.3
27.02	-8.901	-28.7	223.8
27.03	-8.908	-28.4	103.7
27.04	-8.909	-28.0	98.7
27.05	-8.904	-26.5	112.0
27.06	-8.893	-24.2	55.8
27.07	-8.881	-21.6	-0.3
27.08	-8.869	-18.6	-15.3
27.09	-8.858	-14.3	-4.7
27.1	-8.849	-8.0	1.6
27.11	-8.842	0.9	2.9
27.12	-8.839	13.3	-32.5
27.13	-8.838	27.8	-106.2
27.14	-8.841	43.7	-154.4
27.15	-8.844	62.8	-171.9
27.16	-8.848	83.4	-155.2
27.17	-8.851	97.6	-139.7
27.18	-8.853	99.3	-117.2
27.19	-8.855	88.0	-78.0
27.2	-8.859	65.9	-29.1
27.21	-8.863	36.7	18.1
27.22	-8.867	6.0	21.7
27.23	-8.871	-21.4	22.4
27.24	-8.876	-42.6	53.6
27.25	-8.882	-56.2	76.6
27.26	-8.886	-62.8	71.0
27.27	-8.888	-65.0	72.1
27.28	-8.889	-65.2	80.8
27.29	-8.890	-64.8	73.9
27.3	-8.890	-55.4	73.5
27.31	-8.891	-36.0	77.4
27.32	-8.893	-37.9	86.3
27.33	-8.896	-52.5	66.4
27.34	-8.900	-44.9	-6.7
27.35	-8.906	-32.1	-71.0
27.36	-8.917	-26.3	-68.5
27.37	-8.930	-19.1	-36.9
27.38	-8.942	-10.5	-33.6
27.39	-8.951	-4.5	-28.3
27.4	-8.957	-2.9	5.0
27.41	-8.963	-3.6	50.5
27.42	-8.968	-5.2	60.3
27.43	-8.974	-9.3	38.0
27.44	-8.978	-15.7	56.6
27.45	-8.978	-21.3	85.0
27.46	-8.976	-23.7	111.3
27.47	-8.975	-23.9	125.8
27.48	-8.976	-25.3	102.2
27.49	-8.973	-29.1	114.0
27.5	-8.966	-33.4	112.9
27.51	-8.959	-36.8	-108.0
27.52	-8.961	-38.3	-442.8
27.53	-8.970	-36.6	-299.7
27.54	-8.985	-31.5	285.8
27.55	-9.004	-24.0	493.5
27.56	-9.024	-18.9	246.3
27.57	-9.043	-20.1	49.0
27.58	-9.055	-22.8	25.3
27.59	-9.059	-22.8	69.3
27.6	-9.056	-20.7	67.3
27.61	-9.048	-17.5	19.3
27.62	-9.039	-16.4	16.9
27.63	-9.033	-17.6	11.7
27.64	-9.032	-17.2	-26.9
27.65	-9.037	-12.9	-26.4
27.66	-9.050	-3.1	-14.3
27.67	-9.067	11.8	-53.4
27.68	-9.087	29.8	-117.2
27.69	-9.106	50.4	-181.4
27.7	-9.126	72.1	-208.5
27.71	-9.148	89.4	-183.3
27.72	-9.170	95.5	-148.8
27.73	-9.195	88.6	-97.2
27.74	-9.223	71.3	-46.8
27.75	-9.254	47.0	-11.7
27.76	-9.285	18.9	31.2
27.77	-9.317	-9.7	32.6
27.78	-9.349	-34.3	10.4
27.79	-9.381	-51.5	48.1
27.8	-9.412	-61.2	97.6
27.81	-9.442	-65.4	93.1
27.82	-9.471	-66.0	76.2
27.83	-9.499	-64.3	64.6
27.84	-9.526	-61.0	55.3
27.85	-9.552	-56.9	38.2
27.86	-9.578	-51.9	25.2
27.87	-9.603	-45.9	16.7
27.88	-9.629	-39.0	-13.5
27.89	-9.657	-31.4	-33.4
27.9	-9.684	-23.5	-41.5
27.91	-9.713	-16.2	-67.2
27.92	-9.740	-10.9	-100.4
27.93	-9.766	-7.7	-63.8
27.94	-9.791	-5.7	42.5
27.95	-9.815	-4.4	102.2
27.96	-9.839	-4.2	108.4
27.97	-9.863	-5.3	96.0
27.98	-9.884	-6.8	103.4
27.99	-9.904	-8.2	122.0
28.0	-9.924	-10.4	104.3
28.01	-9.946	-14.1	91.9
28.02	-9.966	-18.2	104.9
28.03	-9.984	-21.6	142.8
28.04	-10.001	-24.1	99.2
28.05	-10.019	-25.6	-185.6
28.06	-10.038	-26.5	-430.3
28.07	-10.057	-26.9	-103.3
28.08	-10.078	-26.6	428.7
28.09	-10.101	-25.8	443.2
28.1	-10.126	-24.8	190.3
28.11	-10.149	-23.7	67.7
28.12	-10.168	-22.5	45.0
28.13	-10.182	-21.2	47.0
28.14	-10.193	-21.7	69.1
28.15	-10.201	-25.7	88.3
28.16	-10.208	-28.6	34.1
28.17	-10.214	-26.4	-34.2
28.18	-10.224	-20.8	-62.1
28.19	-10.234	-14.0	-81.3
28.2	-10.248	-5.2	-68.7
28.21	-10.264	8.0	-73.6
28.22	-10.281	25.6	-102.1
28.23	-10.298	46.0	-113.0
28.24	-10.316	65.5	-138.5
28.25	-10.334	79.2	-158.9
28.26	-10.353	84.1	-129.3
28.27	-10.371	79.1	-73.6
28.28	-10.391	64.3	-22.5
28.29	-10.411	42.4	17.7
28.3	-10.429	16.8	9.5
28.31	-10.445	-9.4	2.3
28.32	-10.462	-32.7	45.5
28.33	-10.479	-50.0	70.4
28.34	-10.496	-61.1	79.5
28.35	-10.514	-67.2	113.5
28.36	-10.531	-69.7	134.3
28.37	-10.547	-69.5	95.0
28.38	-10.563	-67.1	65.6
28.39	-10.578	-62.4	51.3
28.4	-10.591	-55.7	0.0
28.41	-10.604	-47.6	-16.5
28.42	-10.617	-38.9	-15.8
28.43	-10.630	-30.5	-32.8
28.44	-10.643	-23.0	-33.1
28.45	-10.656	-16.4	-40.8
28.46	-10.668	-10.6	-17.6
28.47	-10.678	-6.0	35.9
28.48	-10.689	-3.3	68.1
28.49	-10.700	-2.5	83.8
28.5	-10.711	-3.3	84.7
28.51	-10.719	-5.2	101.7
28.52	-10.725	-8.3	131.7
28.53	-10.732	-12.8	136.0
28.54	-10.741	-17.8	118.7
28.55	-10.750	-21.9	114.3
28.56	-10.756	-24.9	130.8
28.57	-10.760	-27.4	47.8
28.58	-10.763	-29.3	-235.7
28.59	-10.764	-29.7	-422.8
28.6	-10.763	-28.5	-81.4
28.61	-10.764	-26.7	422.3
28.62	-10.767	-24.3	441.9
28.63	-10.769	-21.8	182.7
28.64	-10.766	-20.3	70.9
28.65	-10.754	-20.0	54.8
28.66	-10.734	-20.1	28.7
28.67	-10.707	-20.1	17.1
28.68	-10.674	-19.8	30.7
28.69	-10.637	-19.1	61.9
28.7	-10.598	-17.7	48.7
28.71	-10.559	-14.2	0.8
28.72	-10.522	-6.9	-50.5
28.73	-10.486	5.4	-101.8
28.74	-10.451	22.9	-112.9
28.75	-10.418	44.2	-127.4
28.76	-10.387	64.8	-148.2
28.77	-10.357	83.1	-144.5
28.78	-10.328	98.3	-128.9
28.79	-10.298	103.7	-97.2
28.8	-10.272	94.9	-46.2
28.81	-10.251	73.7	-16.2
28.82	-10.232	45.3	-35.9
28.83	-10.213	14.7	-15.4
28.84	-10.194	-14.6	49.8
28.85	-10.176	-39.9	88.5
28.86	-10.158	-58.2	118.1
28.87	-10.141	-68.8	119.8
28.88	-10.124	-72.5	113.5
28.89	-10.106	-71.7	111.3
28.9	-10.087	-68.8	68.5
28.91	-10.068	-65.3	25.9
28.92	-10.049	-60.7	24.0
28.93	-10.031	-54.3	35.6
28.94	-10.014	-46.7	30.0
28.95	-9.996	-38.9	-34.9
28.96	-9.977	-31.0	-90.3
28.97	-9.956	-22.9	-70.3
28.98	-9.934	-15.6	-34.3
28.99	-9.911	-9.7	-8.4
29.0	-9.889	-5.7	15.9
29.01	-9.867	-3.2	51.8
29.02	-9.848	-0.9	73.4
29.03	-9.828	1.7	93.3
29.04	-9.807	0.7	124.3
29.05	-9.787	-4.4	111.4
29.06	-9.769	-10.3	104.8
29.07	-9.751	-16.1	126.7
29.08	-9.731	-20.8	155.5
29.09	-9.708	-23.5	101.9
29.1	-9.688	-24.7	-192.6
29.11	-9.669	-25.7	-456.5
29.12	-9.650	-26.3	-173.3
29.13	-9.633	-24.8	368.4
29.14	-9.617	-22.5	468.3
29.15	-9.604	-22.2	219.5
29.16	-9.590	-22.7	74.8
29.17	-9.572	-21.8	95.1
29.18	-9.550	-21.0	108.9
29.19	-9.525	-20.3	66.2
29.2	-9.498	-19.3	23.7
29.21	-9.468	-18.4	-22.1
29.22	-9.439	-17.2	-51.2
29.23	-9.412	-14.2	-33.8
29.24	-9.387	-7.8	5.3
29.25	-9.365	4.1	2.3
29.26	-9.346	22.0	-54.3
29.27	-9.331	45.2	-113.0
29.28	-9.318	70.6	-162.3
29.29	-9.306	93.7	-201.0
29.3	-9.291	108.4	-197.4
29.31	-9.277	109.6	-139.4
29.32	-9.265	96.6	-59.5
29.33	-9.256	73.2	-8.2
29.34	-9.247	44.1	33.6
29.35	-9.238	13.3	66.6
29.36	-9.229	-15.9	45.7
29.37	-9.223	-40.9	36.5
29.38	-9.216	-60.0	84.2
29.39	-9.210	-72.0	94.3
29.4	-9.203	-77.4	88.1
29.41	-9.194	-78.1	107.1
29.42	-9.186	-76.2	93.4
29.43	-9.178	-72.2	70.0
29.44	-9.171	-66.2	50.3
29.45	-9.166	-59.2	36.5
29.46	-9.162	-51.6	23.2
29.47	-9.160	-42.9	-22.7
29.48	-9.158	-33.5	-51.2
29.49	-9.158	-24.7	-32.5
29.5	-9.157	-17.0	-10.6
29.51	-9.156	-11.0	3.9
29.52	-9.156	-6.5	34.3
29.53	-9.156	-3.7	52.8
29.54	-9.156	-2.2	79.4
29.55	-9.156	-2.3	112.5
29.56	-9.154	-3.8	107.6
29.57	-9.153	-6.3	115.2
29.58	-9.154	-9.7	136.3
29.59	-9.156	-13.9	126.0
29.6	-9.158	-18.2	144.9
29.61	-9.158	-22.3	157.7
29.62	-9.163	-25.7	-3.0
29.63	-9.178	-28.1	-338.0
29.64	-9.201	-29.5	-346.4
29.65	-9.231	-30.1	195.4
29.66	-9.269	-29.9	502.7
29.67	-9.314	-29.2	285.9
29.68	-9.363	-28.2	70.3
29.69	-9.409	-27.0	45.9
29.7	-9.445	-25.5	86.2
29.71	-9.471	-24.0	83.0
29.72	-9.492	-22.6	55.4
29.73	-9.511	-21.4	41.8
29.74	-9.535	-20.0	33.2
29.75	-9.566	-16.7	12.5
29.76	-9.600	-9.7	11.5
29.77	-9.637	2.8	-0.2
29.78	-9.674	21.4	-47.4
29.79	-9.711	45.9	-106.3
29.8	-9.746	74.3	-164.3
29.81	-9.778	101.4	-187.3
29.82	-9.808	119.9	-174.8
29.83	-9.837	124.8	-117.8
29.84	-9.866	114.6	-55.3
29.85	-9.896	91.1	-38.8
29.86	-9.928	59.2	-43.2
29.87	-9.957	24.3	-15.4
29.88	-9.986	-8.9	48.3
29.89	-10.014	-37.2	73.9
29.9	-10.043	-59.0	88.4
29.91	-10.070	-73.6	116.8
29.92	-10.098	-81.2	112.5
29.93	-10.123	-83.1	94.2
29.94	-10.148	-81.3	59.6
29.95	-10.171	-77.4	27.8
29.96	-10.192	-72.0	29.0
29.97	-10.213	-65.2	24.2
29.98	-10.236	-57.1	27.8
29.99	-10.258	-48.1	7.8
