Interval=	0.01 s
ExcelDateTime=	3.9777675047217257e+004	25/11/2008 16:12:04.079571
TimeFormat=	StartOfBlock
ChannelTitle=	Channel 1	Channel 2	Channel 3
Range=	20.000 mV	200.0 mV	1000.0 µV
0.0	-9.013	35.1	-19.8
0.01	-9.044	54.5	-78.7
0.02	-9.078	68.4	-141.4
0.03	-9.112	74.1	-179.2
0.04	-9.148	70.9	-175.1
0.05	-9.184	60.1	-165.2
0.06	-9.219	44.6	-164.0
0.07	-9.252	27.3	-146.1
0.08	-9.287	10.3	-116.6
0.09	-9.321	-5.2	-86.0
0.1	-9.354	-18.5	-60.0
0.11	-9.387	-29.0	-43.8
0.12	-9.421	-36.7	-20.4
0.13	-9.456	-42.2	10.6
0.14	-9.491	-46.4	29.0
0.15	-9.525	-49.7	38.3
0.16	-9.558	-52.0	32.4
0.17	-9.591	-52.9	19.6
0.18	-9.626	-51.7	5.3
0.19	-9.660	-47.8	-10.6
0.2	-9.694	-41.5	-17.6
0.21	-9.728	-33.4	-35.0
0.22	-9.760	-24.6	-53.4
0.23	-9.793	-16.4	-62.3
0.24	-9.825	-9.5	-87.4
0.25	-9.858	-4.5	-115.8
0.26	-9.890	-1.4	-116.4
0.27	-9.922	-0.2	-104.5
0.28	-9.952	-0.7	-73.1
0.29	-9.979	-2.5	-18.4
0.3	-10.006	-5.4	24.7
0.31	-10.034	-9.0	43.8
0.32	-10.062	-13.0	43.7
0.33	-10.089	-16.9	48.4
0.34	-10.117	-20.6	63.7
0.35	-10.144	-24.1	64.8
0.36	-10.173	-27.3	63.4
0.37	-10.201	-29.7	88.0
0.38	-10.228	-31.3	91.9
0.39	-10.254	-32.3	-68.2
0.4	-10.280	-32.9	-428.0
0.41	-10.304	-33.1	-565.3
0.42	-10.328	-32.9	-65.9
0.43	-10.354	-32.4	478.0
0.44	-10.382	-31.5	435.0
0.45	-10.410	-30.1	154.5
0.46	-10.434	-28.4	13.4
0.47	-10.452	-26.5	-8.4
0.48	-10.468	-24.4	4.0
0.49	-10.484	-22.1	-3.2
0.5	-10.502	-19.5	-17.3
0.51	-10.519	-15.3	-29.1
0.52	-10.538	-6.9	-47.0
0.53	-10.558	7.7	-59.3
0.54	-10.579	27.7	-79.3
0.55	-10.601	48.7	-114.1
0.56	-10.623	65.3	-146.0
0.57	-10.646	73.7	-166.1
0.58	-10.669	73.0	-175.8
0.59	-10.693	64.5	-183.1
0.6	-10.715	50.3	-183.4
0.61	-10.737	33.3	-163.2
0.62	-10.759	16.0	-126.3
0.63	-10.781	-0.1	-89.9
0.64	-10.802	-14.1	-60.8
0.65	-10.821	-25.3	-40.9
0.66	-10.842	-33.7	-20.6
0.67	-10.863	-39.5	-7.0
0.68	-10.886	-43.4	17.0
0.69	-10.910	-46.5	33.3
0.7	-10.932	-49.0	36.3
0.71	-10.952	-50.6	34.0
0.72	-10.970	-50.4	10.4
0.73	-10.989	-47.9	-6.6
0.74	-11.006	-43.1	-15.0
0.75	-11.022	-36.3	-17.9
0.76	-11.037	-28.2	-39.9
0.77	-11.052	-19.9	-72.4
0.78	-11.067	-12.3	-97.4
0.79	-11.083	-6.4	-122.4
0.8	-11.099	-2.6	-120.9
0.81	-11.114	-0.7	-100.0
0.82	-11.129	-0.6	-72.6
0.83	-11.143	-1.9	-31.3
0.84	-11.158	-4.3	8.1
0.85	-11.175	-7.4	24.2
0.86	-11.193	-10.9	28.7
0.87	-11.212	-14.6	26.2
0.88	-11.230	-18.2	30.9
0.89	-11.249	-21.7	49.9
0.9	-11.268	-24.9	59.0
0.91	-11.287	-27.6	69.7
0.92	-11.305	-29.6	85.0
0.93	-11.322	-31.2	-14.6
0.94	-11.336	-32.4	-331.6
0.95	-11.346	-33.2	-599.5
0.96	-11.355	-33.4	-289.9
0.97	-11.366	-33.2	300.8
0.98	-11.379	-32.6	409.2
0.99	-11.389	-31.5	185.8
1.0	-11.391	-29.8	33.6
1.01	-11.384	-27.6	-9.8
1.02	-11.369	-25.1	4.0
1.03	-11.348	-22.3	8.5
1.04	-11.323	-19.4	1.3
1.05	-11.294	-15.6	-14.1
1.06	-11.261	-8.5	-32.4
1.07	-11.226	4.1	-52.5
1.08	-11.187	22.4	-76.0
1.09	-11.147	43.2	-101.1
1.1	-11.106	61.3	-129.5
1.11	-11.069	72.5	-160.4
1.12	-11.034	74.8	-177.2
1.13	-11.005	68.7	-168.3
1.14	-10.978	56.0	-150.8
1.15	-10.953	39.5	-137.7
1.16	-10.931	21.7	-122.0
1.17	-10.914	4.9	-104.5
1.18	-10.903	-9.8	-80.8
1.19	-10.898	-21.8	-41.7
1.2	-10.899	-30.8	-9.5
1.21	-10.907	-36.9	6.6
1.22	-10.916	-41.1	30.3
1.23	-10.928	-44.0	46.2
1.24	-10.941	-46.4	38.7
1.25	-10.956	-48.5	24.9
1.26	-10.971	-49.7	15.9
1.27	-10.984	-48.9	6.2
1.28	-10.993	-45.8	-9.6
1.29	-10.999	-40.5	-16.7
1.3	-11.002	-33.3	-26.1
1.31	-11.004	-25.2	-47.1
1.32	-11.006	-17.3	-69.5
1.33	-11.009	-10.4	-90.5
1.34	-11.013	-5.1	-89.1
1.35	-11.015	-1.7	-77.8
1.36	-11.013	-0.3	-68.9
1.37	-11.008	-0.6	-43.8
1.38	-11.000	-2.2	10.5
1.39	-10.991	-4.9	44.8
1.4	-10.981	-8.4	50.6
1.41	-10.969	-12.3	58.6
1.42	-10.957	-16.1	59.5
1.43	-10.944	-19.8	64.4
1.44	-10.931	-23.4	66.9
1.45	-10.917	-26.6	84.0
1.46	-10.899	-29.3	106.3
1.47	-10.881	-31.6	11.4
1.48	-10.863	-33.3	-300.7
1.49	-10.839	-34.4	-562.0
1.5	-10.814	-34.7	-239.8
1.51	-10.792	-34.2	344.2
1.52	-10.776	-33.1	429.0
1.53	-10.764	-31.6	179.1
1.54	-10.749	-29.7	40.6
1.55	-10.725	-27.5	19.7
1.56	-10.694	-24.9	18.7
1.57	-10.660	-22.2	26.8
1.58	-10.626	-19.4	32.6
1.59	-10.593	-16.2	9.9
1.6	-10.561	-10.5	-12.3
1.61	-10.529	0.0	-33.1
1.62	-10.498	16.5	-54.5
1.63	-10.469	36.2	-64.1
1.64	-10.440	54.2	-93.1
1.65	-10.413	66.1	-126.5
1.66	-10.386	69.7	-150.8
1.67	-10.359	64.8	-164.8
1.68	-10.332	53.3	-152.3
1.69	-10.303	37.8	-125.3
1.7	-10.274	21.1	-94.4
1.71	-10.245	5.0	-71.0
1.72	-10.215	-9.2	-43.8
1.73	-10.186	-21.0	-9.1
1.74	-10.159	-30.1	22.8
1.75	-10.134	-36.8	41.8
1.76	-10.107	-41.5	47.0
1.77	-10.080	-44.9	58.0
1.78	-10.052	-47.6	62.6
1.79	-10.023	-49.6	44.8
1.8	-9.993	-50.3	32.4
1.81	-9.962	-48.7	32.9
1.82	-9.929	-45.0	27.2
1.83	-9.895	-39.2	14.8
1.84	-9.860	-31.8	8.4
1.85	-9.826	-23.7	14.6
1.86	-9.791	-16.1	3.0
1.87	-9.759	-9.8	-46.3
1.88	-9.728	-5.2	-83.5
1.89	-9.698	-2.2	-74.6
1.9	-9.669	-1.1	-51.6
1.91	-9.639	-1.6	-25.5
1.92	-9.609	-3.5	23.6
1.93	-9.577	-6.2	61.0
1.94	-9.545	-9.5	70.2
1.95	-9.514	-13.0	71.7
1.96	-9.484	-16.6	76.9
1.97	-9.453	-20.0	87.2
1.98	-9.424	-23.2	102.0
1.99	-9.397	-26.0	107.3
2.0	-9.369	-28.5	117.8
2.01	-9.341	-30.6	150.0
2.02	-9.313	-32.2	79.1
2.03	-9.287	-33.2	-228.7
2.04	-9.263	-33.7	-501.5
2.05	-9.239	-33.6	-192.7
2.06	-9.216	-32.9	388.4
2.07	-9.195	-31.7	482.6
2.08	-9.176	-30.3	235.8
2.09	-9.156	-28.8	72.6
2.1	-9.134	-27.1	57.5
2.11	-9.109	-25.0	84.9
2.12	-9.081	-22.6	74.4
2.13	-9.053	-19.7	50.4
2.14	-9.025	-15.9	31.2
2.15	-8.999	-9.1	11.4
2.16	-8.974	2.7	-3.8
2.17	-8.953	20.0	-22.3
2.18	-8.933	39.6	-43.0
2.19	-8.913	56.5	-57.4
2.2	-8.896	66.7	-82.8
2.21	-8.879	68.4	-112.7
2.22	-8.863	62.1	-120.4
2.23	-8.846	49.8	-110.6
2.24	-8.831	34.0	-100.8
2.25	-8.816	17.1	-76.9
2.26	-8.802	0.9	-46.0
2.27	-8.787	-13.2	-16.6
2.28	-8.772	-24.6	28.9
2.29	-8.758	-33.1	54.1
2.3	-8.743	-39.1	56.9
2.31	-8.729	-43.1	60.6
2.32	-8.714	-46.0	63.9
2.33	-8.698	-48.2	73.3
2.34	-8.682	-50.0	75.6
2.35	-8.666	-50.3	66.8
2.36	-8.649	-48.5	60.4
2.37	-8.633	-44.2	46.7
2.38	-8.617	-38.0	32.9
2.39	-8.601	-30.4	30.5
2.4	-8.586	-22.3	24.8
2.41	-8.571	-14.6	12.2
2.42	-8.557	-8.3	-11.7
2.43	-8.545	-3.8	-45.5
2.44	-8.534	-1.3	-33.3
2.45	-8.523	-0.6	-7.1
2.46	-8.510	-1.7	-26.5
2.47	-8.496	-4.0	-16.7
2.48	-8.482	-7.0	36.7
2.49	-8.468	-10.3	76.0
2.5	-8.454	-13.9	97.8
2.51	-8.441	-17.4	111.1
2.52	-8.427	-20.8	120.0
2.53	-8.413	-23.7	121.4
2.54	-8.401	-26.4	115.1
2.55	-8.391	-28.7	117.8
2.56	-8.379	-30.4	155.1
2.57	-8.364	-31.6	153.5
2.58	-8.352	-32.4	-51.2
2.59	-8.343	-32.9	-407.8
2.6	-8.338	-32.9	-346.8
2.61	-8.334	-32.5	263.9
2.62	-8.332	-31.7	580.0
2.63	-8.330	-30.3	349.4
2.64	-8.325	-28.7	102.8
2.65	-8.316	-26.9	41.2
2.66	-8.303	-24.9	57.1
2.67	-8.286	-22.7	68.2
2.68	-8.268	-20.2	65.5
2.69	-8.251	-17.1	61.6
2.7	-8.234	-11.9	44.1
2.71	-8.219	-2.1	13.2
2.72	-8.205	13.5	-12.7
2.73	-8.194	33.0	-41.3
2.74	-8.184	51.6	-70.3
2.75	-8.174	64.2	-92.9
2.76	-8.165	68.3	-105.0
2.77	-8.156	64.0	-114.8
2.78	-8.148	52.9	-121.9
2.79	-8.141	37.5	-112.3
2.8	-8.136	20.6	-86.2
2.81	-8.134	4.2	-59.7
2.82	-8.131	-10.3	-39.0
2.83	-8.128	-22.3	-12.0
2.84	-8.124	-31.5	30.5
2.85	-8.121	-38.0	52.2
2.86	-8.117	-42.4	43.6
2.87	-8.113	-45.3	50.3
2.88	-8.109	-47.4	60.5
2.89	-8.104	-48.8	53.7
2.9	-8.101	-49.3	44.2
2.91	-8.098	-48.0	39.0
2.92	-8.095	-44.5	35.6
2.93	-8.093	-38.9	28.4
2.94	-8.091	-31.7	16.3
2.95	-8.091	-24.0	-13.8
2.96	-8.090	-16.3	-46.8
2.97	-8.091	-9.5	-69.2
2.98	-8.093	-4.2	-80.8
2.99	-8.097	-1.0	-76.5
3.0	-8.099	0.2	-55.3
3.01	-8.102	-0.4	-17.7
3.02	-8.103	-2.3	25.2
3.03	-8.104	-5.3	58.9
3.04	-8.105	-8.8	77.1
3.05	-8.105	-12.6	84.2
3.06	-8.104	-16.5	89.1
3.07	-8.104	-20.4	100.2
3.08	-8.106	-24.1	117.7
3.09	-8.109	-27.4	124.7
3.1	-8.112	-30.1	144.3
3.11	-8.111	-31.8	154.0
3.12	-8.112	-32.9	-12.5
3.13	-8.117	-33.3	-367.8
3.14	-8.127	-33.2	-407.4
3.15	-8.139	-32.6	160.6
3.16	-8.152	-31.7	605.4
3.17	-8.164	-30.5	440.4
3.18	-8.175	-29.0	133.9
3.19	-8.183	-27.3	20.3
3.2	-8.182	-25.4	26.8
3.21	-8.174	-23.4	51.4
3.22	-8.164	-21.2	42.3
3.23	-8.156	-18.5	22.4
3.24	-8.151	-14.5	19.9
3.25	-8.148	-7.1	4.7
3.26	-8.147	5.5	-17.1
3.27	-8.149	22.8	-47.4
3.28	-8.152	41.3	-92.6
3.29	-8.156	56.2	-127.3
3.3	-8.161	63.8	-142.7
3.31	-8.168	63.1	-146.7
3.32	-8.176	55.0	-139.8
3.33	-8.186	41.7	-119.9
3.34	-8.199	25.5	-99.7
3.35	-8.216	8.8	-79.8
3.36	-8.235	-6.5	-69.2
3.37	-8.254	-19.5	-49.1
3.38	-8.272	-29.6	-1.4
3.39	-8.291	-36.8	20.3
3.4	-8.311	-41.5	22.2
3.41	-8.329	-44.5	42.4
3.42	-8.348	-46.6	60.4
3.43	-8.365	-48.4	42.8
3.44	-8.383	-49.2	11.1
3.45	-8.401	-48.3	-2.4
3.46	-8.421	-45.2	-7.7
3.47	-8.441	-40.1	-16.2
3.48	-8.463	-33.4	-34.3
3.49	-8.486	-25.7	-70.3
3.5	-8.511	-17.9	-99.9
3.51	-8.536	-10.8	-107.5
3.52	-8.561	-5.1	-108.7
3.53	-8.584	-1.2	-88.6
3.54	-8.607	0.7	-28.9
3.55	-8.627	0.8	34.8
3.56	-8.646	-0.8	59.3
3.57	-8.664	-3.7	54.8
3.58	-8.682	-7.4	65.0
3.59	-8.700	-11.7	85.1
3.6	-8.719	-16.0	89.3
3.61	-8.739	-20.3	86.0
3.62	-8.761	-24.1	98.4
3.63	-8.780	-27.4	135.2
3.64	-8.799	-30.0	77.7
3.65	-8.821	-31.8	-229.8
3.66	-8.848	-32.8	-503.4
3.67	-8.876	-33.1	-169.4
3.68	-8.907	-32.7	447.3
3.69	-8.938	-31.6	530.9
3.7	-8.967	-30.2	235.1
3.71	-8.996	-28.7	44.8
3.72	-9.021	-26.9	8.4
3.73	-9.040	-25.0	20.6
3.74	-9.054	-22.9	17.8
3.75	-9.067	-20.8	7.3
3.76	-9.082	-18.2	-1.6
3.77	-9.101	-13.9	-15.5
3.78	-9.123	-5.6	-41.1
3.79	-9.146	8.2	-77.3
3.8	-9.171	26.0	-105.1
3.81	-9.199	43.7	-126.8
3.82	-9.227	56.5	-151.4
3.83	-9.257	61.5	-177.4
3.84	-9.287	58.4	-165.3
3.85	-9.319	48.4	-145.4
3.86	-9.349	34.1	-149.3
3.87	-9.381	17.9	-134.5
3.88	-9.411	2.0	-105.4
3.89	-9.439	-12.1	-86.9
3.9	-9.465	-23.7	-64.8
3.91	-9.492	-32.6	-28.8
3.92	-9.522	-39.1	8.2
3.93	-9.553	-43.7	31.3
3.94	-9.584	-46.8	24.7
3.95	-9.614	-48.9	13.6
3.96	-9.644	-50.4	11.0
3.97	-9.674	-50.4	-3.3
3.98	-9.706	-48.2	-20.6
3.99	-9.738	-43.5	-46.7
4.0	-9.768	-37.0	-75.3
4.01	-9.798	-29.2	-99.9
4.02	-9.827	-21.0	-125.6
4.03	-9.855	-13.1	-132.7
4.04	-9.883	-6.5	-115.4
4.05	-9.910	-1.6	-86.5
4.06	-9.936	1.4	-41.3
4.07	-9.961	2.4	2.7
4.08	-9.985	1.5	27.8
4.09	-10.010	-1.0	48.8
4.1	-10.036	-4.5	61.6
4.11	-10.060	-8.7	52.3
4.12	-10.084	-13.1	49.2
4.13	-10.109	-17.4	60.8
4.14	-10.133	-21.4	76.6
4.15	-10.157	-25.0	103.0
4.16	-10.181	-28.0	0.0
4.17	-10.207	-30.2	-359.3
4.18	-10.231	-31.5	-561.4
4.19	-10.256	-32.0	-113.3
4.2	-10.281	-31.6	445.3
4.21	-10.307	-30.7	427.3
4.22	-10.333	-29.4	137.6
4.23	-10.358	-27.9	1.6
4.24	-10.379	-26.3	3.3
4.25	-10.396	-24.5	8.4
4.26	-10.412	-22.5	5.8
4.27	-10.429	-20.3	2.6
4.28	-10.447	-17.3	-20.8
4.29	-10.466	-11.7	-50.9
4.3	-10.485	-1.0	-78.0
4.31	-10.506	15.4	-104.8
4.32	-10.529	34.6	-124.3
4.33	-10.553	51.3	-145.4
4.34	-10.579	61.3	-172.7
4.35	-10.607	62.9	-176.9
4.36	-10.633	56.6	-169.7
4.37	-10.659	44.1	-171.1
4.38	-10.684	28.3	-164.1
4.39	-10.709	11.7	-149.7
4.4	-10.733	-3.8	-122.2
4.41	-10.756	-17.1	-81.3
4.42	-10.781	-27.6	-46.5
4.43	-10.807	-35.3	-24.6
4.44	-10.834	-40.8	-5.8
4.45	-10.861	-44.4	14.3
4.46	-10.889	-46.8	17.9
4.47	-10.915	-48.5	4.1
4.48	-10.940	-49.4	-4.3
4.49	-10.965	-48.5	-22.0
4.5	-10.991	-45.3	-50.7
4.51	-11.018	-39.8	-82.4
4.52	-11.042	-32.7	-123.4
4.53	-11.066	-24.8	-126.2
4.54	-11.088	-17.0	-101.5
4.55	-11.109	-9.9	-112.9
4.56	-11.129	-4.1	-102.8
4.57	-11.149	-0.0	-41.6
4.58	-11.170	2.3	1.5
4.59	-11.192	2.8	14.7
4.6	-11.216	1.4	22.4
4.61	-11.238	-1.4	27.3
4.62	-11.260	-5.3	53.0
4.63	-11.281	-9.8	67.0
4.64	-11.303	-14.5	55.2
4.65	-11.322	-18.9	65.9
4.66	-11.341	-22.7	30.1
4.67	-11.359	-25.8	-210.3
4.68	-11.376	-28.2	-543.9
4.69	-11.389	-30.0	-394.4
4.7	-11.404	-30.7	232.9
4.71	-11.421	-30.7	482.0
4.72	-11.441	-30.0	230.5
4.73	-11.460	-28.9	14.8
4.74	-11.473	-27.3	-19.6
4.75	-11.483	-25.3	-0.3
4.76	-11.489	-23.1	8.2
4.77	-11.495	-21.0	17.5
4.78	-11.501	-18.6	-1.6
4.79	-11.506	-14.6	-43.7
4.8	-11.513	-7.3	-63.3
4.81	-11.523	5.2	-74.0
4.82	-11.534	22.0	-89.2
4.83	-11.545	39.6	-117.5
4.84	-11.557	53.2	-155.4
4.85	-11.567	59.7	-168.9
4.86	-11.576	58.2	-160.9
4.87	-11.582	49.8	-165.9
4.88	-11.587	36.6	-164.4
4.89	-11.593	21.3	-140.0
4.9	-11.599	6.0	-110.0
4.91	-11.603	-7.8	-82.4
4.92	-11.606	-19.2	-48.5
4.93	-11.608	-28.1	-19.4
4.94	-11.609	-34.7	-12.4
4.95	-11.608	-39.3	0.3
4.96	-11.606	-42.6	20.8
4.97	-11.604	-45.1	19.6
4.98	-11.603	-46.9	4.1
4.99	-11.601	-47.3	-11.4
5.0	-11.599	-45.8	-32.7
5.01	-11.596	-41.9	-63.3
5.02	-11.591	-35.7	-106.2
5.03	-11.584	-28.1	-138.5
5.04	-11.574	-20.0	-132.3
5.05	-11.562	-12.3	-114.9
5.06	-11.549	-5.9	-78.6
5.07	-11.536	-1.2	-16.3
5.08	-11.523	1.7	26.1
5.09	-11.511	2.7	35.3
5.1	-11.497	2.1	28.1
5.11	-11.481	0.2	22.3
5.12	-11.464	-3.0	36.3
5.13	-11.447	-7.0	44.0
5.14	-11.428	-11.5	59.6
5.15	-11.404	-16.2	104.2
5.16	-11.380	-20.5	50.6
5.17	-11.355	-24.4	-225.7
5.18	-11.328	-27.4	-535.4
5.19	-11.297	-29.3	-338.8
5.2	-11.271	-30.0	247.6
5.21	-11.253	-30.0	431.9
5.22	-11.241	-29.4	210.8
5.23	-11.226	-28.3	61.2
5.24	-11.203	-26.8	34.3
5.25	-11.171	-24.7	21.8
5.26	-11.134	-22.5	14.8
5.27	-11.098	-20.2	6.9
5.28	-11.064	-17.5	-4.8
5.29	-11.033	-13.3	-21.9
5.3	-11.002	-5.5	-35.7
5.31	-10.973	7.5	-50.0
5.32	-10.946	24.2	-70.5
5.33	-10.919	40.9	-89.5
5.34	-10.893	53.1	-125.2
5.35	-10.869	58.3	-155.2
5.36	-10.845	55.7	-156.1
5.37	-10.822	46.4	-148.3
5.38	-10.798	32.6	-133.7
5.39	-10.775	17.1	-102.3
5.4	-10.751	2.0	-69.9
5.41	-10.728	-11.2	-50.4
5.42	-10.704	-21.8	-27.7
5.43	-10.682	-29.5	-10.3
5.44	-10.658	-35.0	-0.2
5.45	-10.632	-38.9	17.1
5.46	-10.606	-41.8	31.3
5.47	-10.579	-44.3	27.7
5.48	-10.553	-46.0	21.3
5.49	-10.526	-45.9	6.6
5.5	-10.501	-43.5	-22.2
5.51	-10.474	-38.7	-55.8
5.52	-10.448	-32.0	-94.9
5.53	-10.419	-24.3	-113.5
5.54	-10.390	-16.7	-118.0
5.55	-10.359	-9.8	-101.2
5.56	-10.327	-4.2	-39.9
5.57	-10.296	-0.2	8.5
5.58	-10.267	2.1	29.0
5.59	-10.239	2.7	46.1
5.6	-10.210	1.5	62.5
5.61	-10.181	-1.2	67.8
5.62	-10.153	-5.0	68.9
5.63	-10.124	-9.3	80.9
5.64	-10.093	-13.8	91.6
5.65	-10.060	-18.1	96.0
5.66	-10.028	-21.9	8.0
5.67	-9.996	-25.1	-287.9
5.68	-9.964	-27.6	-486.1
5.69	-9.931	-29.3	-96.8
5.7	-9.899	-30.1	441.8
5.71	-9.874	-30.0	433.3
5.72	-9.852	-29.3	157.2
5.73	-9.829	-27.9	24.9
5.74	-9.801	-25.8	14.2
5.75	-9.770	-23.3	29.8
5.76	-9.736	-20.7	34.2
5.77	-9.701	-18.2	30.7
5.78	-9.666	-15.6	21.3
5.79	-9.634	-11.3	-1.1
5.8	-9.604	-3.5	-31.5
5.81	-9.576	8.9	-61.9
5.82	-9.550	24.4	-82.3
5.83	-9.525	39.2	-95.1
5.84	-9.501	49.4	-115.2
5.85	-9.478	52.9	-136.1
5.86	-9.454	49.2	-148.3
5.87	-9.433	39.8	-146.1
5.88	-9.412	26.9	-116.3
5.89	-9.394	12.8	-83.2
5.9	-9.374	-0.6	-62.2
5.91	-9.354	-12.5	-43.2
5.92	-9.334	-22.2	-19.4
5.93	-9.316	-29.6	8.0
5.94	-9.297	-35.0	26.1
5.95	-9.278	-39.1	37.7
5.96	-9.258	-42.6	42.7
5.97	-9.238	-45.2	37.0
5.98	-9.216	-46.4	26.8
5.99	-9.195	-45.3	2.0
6.0	-9.174	-41.7	-25.7
6.01	-9.154	-36.2	-52.2
6.02	-9.134	-29.2	-83.6
6.03	-9.114	-21.7	-99.1
6.04	-9.094	-14.5	-101.5
6.05	-9.074	-8.2	-103.6
6.06	-9.054	-3.2	-74.5
6.07	-9.034	0.1	-15.8
6.08	-9.014	1.6	37.9
6.09	-8.994	1.4	69.6
6.1	-8.975	-0.3	68.0
6.11	-8.956	-3.2	61.7
6.12	-8.936	-6.8	75.9
6.13	-8.918	-10.8	88.2
6.14	-8.899	-14.8	94.0
6.15	-8.879	-18.8	126.6
6.16	-8.858	-22.4	138.4
6.17	-8.838	-25.6	-52.7
6.18	-8.820	-28.1	-416.3
6.19	-8.801	-29.7	-394.6
6.2	-8.783	-30.1	189.9
6.21	-8.766	-29.8	547.9
6.22	-8.751	-28.9	364.5
6.23	-8.737	-27.8	108.5
6.24	-8.721	-26.3	21.3
6.25	-8.703	-24.6	26.8
6.26	-8.682	-22.4	30.9
6.27	-8.658	-20.0	24.3
6.28	-8.632	-17.1	13.8
6.29	-8.606	-13.2	7.0
6.3	-8.582	-6.6	2.3
6.31	-8.561	4.6	-31.0
6.32	-8.542	19.6	-58.7
6.33	-8.524	35.2	-69.5
6.34	-8.507	47.3	-109.7
6.35	-8.489	53.0	-147.0
6.36	-8.471	51.3	-141.2
6.37	-8.455	43.3	-127.8
6.38	-8.439	30.9	-105.7
6.39	-8.426	16.8	-66.0
6.4	-8.416	2.9	-61.6
6.41	-8.404	-9.7	-63.4
6.42	-8.393	-20.1	-42.2
6.43	-8.381	-28.0	-19.3
6.44	-8.369	-33.9	10.2
6.45	-8.357	-38.3	33.7
6.46	-8.346	-41.9	31.3
6.47	-8.334	-44.8	33.7
6.48	-8.322	-46.5	50.0
6.49	-8.310	-46.4	22.8
6.5	-8.299	-43.8	-15.9
6.51	-8.291	-38.7	-38.1
6.52	-8.288	-31.8	-61.3
6.53	-8.289	-24.2	-94.5
6.54	-8.290	-16.7	-117.0
6.55	-8.290	-9.8	-93.9
6.56	-8.286	-4.2	-72.1
6.57	-8.281	-0.2	-63.2
6.58	-8.273	2.1	-26.1
6.59	-8.266	2.7	19.5
6.6	-8.258	1.6	46.4
6.61	-8.249	-1.1	69.9
6.62	-8.239	-4.9	99.2
6.63	-8.231	-9.2	106.2
6.64	-8.223	-13.6	108.6
6.65	-8.217	-17.9	101.3
6.66	-8.209	-21.7	99.6
6.67	-8.200	-24.9	121.8
6.68	-8.192	-27.3	-1.3
6.69	-8.186	-28.9	-331.7
6.7	-8.183	-29.8	-371.5
6.71	-8.181	-30.0	183.6
6.72	-8.181	-29.6	600.8
6.73	-8.179	-28.5	432.8
6.74	-8.176	-26.9	138.9
6.75	-8.171	-25.3	19.4
6.76	-8.163	-23.6	17.3
6.77	-8.152	-21.6	24.8
6.78	-8.138	-19.3	23.8
6.79	-8.124	-16.6	21.7
6.8	-8.109	-12.4	16.8
6.81	-8.097	-5.0	-0.8
6.82	-8.086	7.3	-24.7
6.83	-8.078	23.1	-41.1
6.84	-8.072	38.9	-71.0
6.85	-8.066	50.5	-112.6
6.86	-8.060	55.2	-139.7
6.87	-8.054	52.4	-142.1
6.88	-8.049	43.3	-129.1
6.89	-8.046	30.2	-109.2
6.9	-8.044	15.4	-88.1
6.91	-8.044	1.0	-75.1
6.92	-8.044	-11.6	-66.6
6.93	-8.043	-21.8	-44.3
6.94	-8.043	-29.4	-13.4
6.95	-8.043	-34.7	11.9
6.96	-8.044	-38.4	27.3
6.97	-8.045	-41.1	25.1
6.98	-8.045	-43.2	28.4
6.99	-8.045	-44.6	31.0
7.0	-8.044	-44.4	12.3
7.01	-8.044	-42.1	-7.4
7.02	-8.046	-37.3	-25.9
7.03	-8.049	-30.8	-46.4
7.04	-8.054	-23.5	-64.2
7.05	-8.059	-16.3	-105.7
7.06	-8.068	-9.8	-141.0
7.07	-8.078	-4.4	-127.0
7.08	-8.088	-0.7	-93.2
7.09	-8.098	1.2	-53.0
7.1	-8.107	1.2	3.1
7.11	-8.114	-0.3	42.7
7.12	-8.119	-2.9	59.6
7.13	-8.123	-6.4	65.8
7.14	-8.125	-10.4	73.8
7.15	-8.128	-14.6	79.0
7.16	-8.136	-18.6	63.5
7.17	-8.146	-22.2	83.8
7.18	-8.154	-25.3	140.4
7.19	-8.160	-27.7	108.2
7.2	-8.172	-29.2	-146.1
7.21	-8.193	-29.7	-454.8
7.22	-8.219	-29.5	-233.5
7.23	-8.246	-28.7	395.5
7.24	-8.272	-27.6	571.1
7.25	-8.296	-26.3	268.1
7.26	-8.319	-25.0	42.0
7.27	-8.338	-23.5	11.8
7.28	-8.349	-21.9	31.8
7.29	-8.349	-20.0	29.4
7.3	-8.346	-17.6	19.4
7.31	-8.343	-14.0	6.9
7.32	-8.348	-7.8	-17.9
7.33	-8.362	2.8	-49.5
7.34	-8.384	18.0	-67.7
7.35	-8.411	34.6	-79.4
7.36	-8.439	48.2	-98.5
7.37	-8.467	55.3	-126.0
7.38	-8.496	54.7	-154.8
7.39	-8.527	47.5	-161.6
7.4	-8.558	35.5	-140.8
7.41	-8.591	21.0	-112.8
7.42	-8.624	6.3	-95.8
7.43	-8.659	-7.1	-89.2
7.44	-8.691	-18.3	-71.1
7.45	-8.724	-26.8	-42.0
7.46	-8.756	-32.6	-27.2
7.47	-8.790	-36.5	-27.8
7.48	-8.824	-39.2	-12.8
7.49	-8.858	-41.2	22.4
7.5	-8.891	-42.8	36.7
7.51	-8.923	-43.4	14.5
7.52	-8.956	-42.4	-12.5
7.53	-8.988	-39.0	-30.1
7.54	-9.021	-33.6	-36.0
7.55	-9.054	-27.1	-55.8
7.56	-9.088	-20.0	-103.4
7.57	-9.123	-13.2	-141.5
7.58	-9.157	-7.3	-150.5
7.59	-9.190	-2.9	-137.6
7.6	-9.222	-0.2	-112.6
7.61	-9.252	0.8	-66.8
7.62	-9.283	0.3	-3.3
7.63	-9.314	-1.6	40.0
7.64	-9.344	-4.7	49.1
7.65	-9.373	-8.5	36.7
7.66	-9.399	-12.3	34.1
7.67	-9.426	-16.0	46.7
7.68	-9.454	-19.6	48.3
7.69	-9.481	-22.8	73.0
7.7	-9.508	-25.6	120.3
7.71	-9.534	-27.7	47.2
7.72	-9.561	-28.9	-282.2
7.73	-9.589	-29.3	-580.9
7.74	-9.616	-29.1	-248.1
7.75	-9.645	-28.2	395.6
7.76	-9.674	-27.0	499.0
7.77	-9.704	-25.6	214.6
7.78	-9.732	-24.2	43.8
7.79	-9.756	-22.8	9.2
7.8	-9.774	-21.1	15.6
7.81	-9.789	-19.1	10.1
7.82	-9.805	-16.8	-0.1
7.83	-9.822	-13.2	-9.8
7.84	-9.841	-6.2	-37.5
7.85	-9.861	5.8	-60.8
7.86	-9.881	22.3	-75.7
7.87	-9.902	39.2	-97.0
7.88	-9.924	52.0	-128.7
7.89	-9.948	57.6	-158.9
7.9	-9.972	55.2	-176.3
7.91	-9.998	46.3	-180.7
7.92	-10.024	33.1	-169.3
7.93	-10.049	18.2	-156.3
7.94	-10.076	3.9	-136.6
7.95	-10.102	-8.9	-94.5
7.96	-10.126	-19.3	-67.9
7.97	-10.149	-27.2	-59.6
7.98	-10.172	-32.6	-37.9
7.99	-10.197	-36.2	-18.2
8.0	-10.221	-38.6	0.2
8.01	-10.244	-40.5	13.9
8.02	-10.268	-42.0	22.8
8.03	-10.290	-42.9	30.4
8.04	-10.313	-42.0	8.7
8.05	-10.338	-38.9	-29.2
8.06	-10.361	-33.7	-57.6
8.07	-10.383	-27.1	-82.0
8.08	-10.403	-19.9	-116.5
8.09	-10.424	-12.8	-143.7
8.1	-10.444	-6.9	-135.8
8.11	-10.466	-2.7	-126.3
8.12	-10.486	-0.1	-99.8
8.13	-10.507	0.8	-44.0
8.14	-10.528	0.2	-8.5
8.15	-10.549	-1.9	7.4
8.16	-10.570	-4.9	25.2
8.17	-10.591	-8.4	24.1
8.18	-10.610	-12.3	19.2
8.19	-10.629	-16.3	33.6
8.2	-10.650	-19.9	53.1
8.21	-10.671	-23.0	84.4
8.22	-10.690	-25.5	107.5
8.23	-10.709	-27.4	35.0
8.24	-10.730	-28.6	-259.3
8.25	-10.750	-29.1	-577.8
8.26	-10.771	-29.1	-337.9
8.27	-10.796	-28.5	282.0
8.28	-10.821	-27.5	469.6
8.29	-10.845	-26.4	232.1
8.3	-10.865	-25.1	46.4
8.31	-10.881	-23.5	9.2
8.32	-10.894	-21.4	19.2
8.33	-10.906	-19.0	7.7
8.34	-10.918	-16.4	-11.3
8.35	-10.929	-12.5	-14.1
8.36	-10.939	-5.0	-30.8
8.37	-10.948	7.8	-57.8
8.38	-10.958	24.8	-73.6
8.39	-10.967	42.1	-87.9
8.4	-10.976	54.9	-112.0
8.41	-10.986	60.0	-145.3
8.42	-10.998	56.9	-155.5
8.43	-11.012	47.2	-154.6
8.44	-11.027	33.7	-160.0
8.45	-11.040	18.7	-150.1
8.46	-11.054	4.3	-130.1
8.47	-11.069	-8.3	-110.3
8.48	-11.084	-18.5	-78.4
8.49	-11.099	-26.1	-39.8
8.5	-11.115	-31.3	-4.8
8.51	-11.131	-34.7	16.1
8.52	-11.144	-36.8	12.3
8.53	-11.157	-38.3	11.3
8.54	-11.167	-39.7	22.1
8.55	-11.176	-40.9	24.2
8.56	-11.184	-40.8	17.5
8.57	-11.193	-38.6	6.6
8.58	-11.199	-34.5	-13.5
8.59	-11.203	-28.9	-46.1
8.6	-11.206	-22.2	-75.8
8.61	-11.208	-15.3	-105.5
8.62	-11.211	-9.3	-128.2
8.63	-11.214	-4.7	-118.4
8.64	-11.217	-1.8	-87.7
8.65	-11.217	-0.7	-70.2
8.66	-11.218	-0.9	-54.8
8.67	-11.219	-2.4	-22.1
8.68	-11.221	-4.8	9.7
8.69	-11.224	-7.9	26.3
8.7	-11.227	-11.3	32.1
8.71	-11.228	-14.6	34.7
8.72	-11.229	-18.0	45.5
8.73	-11.229	-21.1	66.7
8.74	-11.228	-23.9	81.0
8.75	-11.224	-26.3	79.2
8.76	-11.221	-28.0	-12.1
8.77	-11.217	-29.0	-329.3
8.78	-11.210	-29.3	-603.2
8.79	-11.202	-29.0	-282.7
8.8	-11.196	-28.3	310.2
8.81	-11.193	-27.2	424.1
8.82	-11.186	-25.9	192.1
8.83	-11.174	-24.3	32.2
8.84	-11.153	-22.2	-3.1
8.85	-11.126	-20.0	14.7
8.86	-11.098	-17.6	19.3
8.87	-11.073	-14.8	4.6
8.88	-11.050	-10.1	-9.7
8.89	-11.029	-1.3	-32.5
8.9	-11.010	12.6	-43.4
8.91	-10.993	29.8	-44.9
8.92	-10.976	46.1	-69.4
8.93	-10.960	56.9	-102.9
8.94	-10.946	59.9	-129.7
8.95	-10.934	55.2	-149.0
8.96	-10.922	44.6	-158.6
8.97	-10.909	30.4	-152.0
8.98	-10.895	15.2	-122.9
8.99	-10.881	1.2	-95.8
9.0	-10.868	-10.9	-77.0
9.01	-10.856	-20.5	-56.5
9.02	-10.845	-27.4	-32.6
9.03	-10.834	-31.7	-4.5
9.04	-10.820	-34.2	11.6
9.05	-10.801	-35.8	23.9
9.06	-10.781	-37.4	41.5
9.07	-10.758	-39.3	41.8
9.08	-10.733	-40.9	31.6
9.09	-10.710	-41.2	10.5
9.1	-10.686	-39.3	-10.5
9.11	-10.661	-35.2	-21.3
9.12	-10.632	-29.3	-26.3
9.13	-10.601	-22.7	-32.5
9.14	-10.571	-16.2	-38.0
9.15	-10.541	-10.3	-33.3
9.16	-10.513	-5.8	-56.1
9.17	-10.486	-3.0	-98.2
9.18	-10.459	-2.1	-100.7
9.19	-10.431	-2.7	-84.0
9.2	-10.401	-4.2	-71.0
9.21	-10.368	-6.5	-39.1
9.22	-10.336	-9.3	9.0
9.23	-10.304	-12.4	53.5
9.24	-10.273	-15.4	61.6
9.25	-10.241	-18.3	51.8
9.26	-10.208	-21.0	54.5
9.27	-10.174	-23.3	53.4
9.28	-10.141	-25.0	52.9
9.29	-10.109	-26.3	65.6
9.3	-10.074	-27.3	93.1
9.31	-10.039	-28.2	40.3
9.32	-10.006	-28.8	-246.9
9.33	-9.971	-29.0	-550.3
9.34	-9.938	-28.9	-296.3
9.35	-9.906	-28.3	294.9
9.36	-9.879	-27.3	439.4
9.37	-9.854	-25.8	200.4
9.38	-9.826	-24.0	45.0
9.39	-9.794	-22.0	32.9
9.4	-9.757	-19.6	41.8
9.41	-9.719	-17.1	24.1
9.42	-9.679	-14.0	6.6
9.43	-9.642	-8.8	1.6
9.44	-9.606	0.5	-3.9
9.45	-9.572	14.9	-23.7
9.46	-9.542	32.3	-41.3
9.47	-9.514	48.2	-56.1
9.48	-9.488	58.1	-85.3
9.49	-9.463	60.0	-119.6
9.5	-9.439	54.1	-147.0
9.51	-9.416	42.4	-152.3
9.52	-9.394	27.7	-134.9
9.53	-9.371	12.6	-109.9
9.54	-9.348	-1.4	-89.3
9.55	-9.326	-13.3	-74.6
9.56	-9.302	-22.5	-42.8
9.57	-9.278	-29.0	-2.1
9.58	-9.256	-32.9	11.5
9.59	-9.235	-35.0	8.5
9.6	-9.216	-36.0	25.4
9.61	-9.196	-36.9	49.0
9.62	-9.177	-38.0	47.4
9.63	-9.156	-39.0	25.8
9.64	-9.136	-38.9	19.8
9.65	-9.116	-37.2	24.3
9.66	-9.098	-33.6	10.1
9.67	-9.079	-28.5	-4.4
9.68	-9.060	-22.6	-7.5
9.69	-9.042	-16.3	-7.8
9.7	-9.024	-10.6	-11.7
9.71	-9.006	-6.2	-18.3
9.72	-8.987	-3.5	-4.5
9.73	-8.968	-2.5	16.1
9.74	-8.950	-3.0	23.5
9.75	-8.932	-5.0	26.8
9.76	-8.913	-7.9	16.4
9.77	-8.894	-11.3	-3.0
9.78	-8.877	-14.6	-29.5
9.79	-8.861	-17.8	-49.8
9.8	-8.846	-20.6	-50.5
9.81	-8.829	-22.9	-67.6
9.82	-8.813	-24.7	-66.7
9.83	-8.794	-25.7	-14.4
9.84	-8.776	-26.1	37.5
9.85	-8.759	-26.0	52.6
9.86	-8.742	-25.5	55.2
9.87	-8.724	-24.9	66.7
9.88	-8.705	-24.4	73.1
9.89	-8.686	-24.0	76.3
9.9	-8.669	-23.7	74.8
9.91	-8.651	-23.6	76.7
9.92	-8.632	-23.8	83.1
9.93	-8.616	-24.1	-22.1
9.94	-8.601	-24.3	-365.8
9.95	-8.588	-24.4	-586.7
9.96	-8.576	-24.2	-149.2
9.97	-8.564	-23.7	435.6
9.98	-8.552	-23.0	452.6
9.99	-8.538	-22.2	184.0
10.0	-8.521	-21.0	33.2
10.01	-8.499	-19.3	14.1
10.02	-8.474	-17.4	35.7
10.03	-8.447	-15.0	48.4
10.04	-8.422	-10.8	41.4
10.05	-8.399	-2.1	16.4
10.06	-8.379	12.5	0.7
10.07	-8.362	31.6	-18.3
10.08	-8.346	50.1	-39.8
10.09	-8.331	62.7	-60.4
10.1	-8.315	66.5	-86.4
10.11	-8.301	61.2	-102.7
10.12	-8.287	49.3	-116.4
10.13	-8.276	33.6	-122.6
10.14	-8.265	17.1	-113.4
10.15	-8.254	1.7	-103.3
10.16	-8.246	-11.2	-90.5
10.17	-8.241	-21.4	-64.3
10.18	-8.235	-28.6	-40.3
10.19	-8.229	-33.0	-19.9
10.2	-8.226	-35.0	0.4
10.21	-8.223	-35.5	12.5
10.22	-8.221	-35.6	35.6
10.23	-8.217	-36.1	34.9
10.24	-8.215	-36.8	26.3
10.25	-8.212	-37.2	29.6
10.26	-8.207	-36.4	11.7
10.27	-8.203	-33.9	-0.6
10.28	-8.198	-29.7	-1.3
10.29	-8.195	-24.4	-7.0
10.3	-8.193	-18.5	-10.8
10.31	-8.191	-12.7	-3.7
10.32	-8.188	-7.8	3.8
10.33	-8.188	-4.2	2.9
10.34	-8.187	-2.3	-0.4
10.35	-8.188	-2.2	-0.7
10.36	-8.187	-3.5	19.6
10.37	-8.186	-6.0	34.0
10.38	-8.183	-9.2	31.8
10.39	-8.179	-12.8	33.2
10.4	-8.174	-16.3	20.1
10.41	-8.170	-19.5	2.8
10.42	-8.166	-22.2	-20.6
10.43	-8.163	-24.3	-60.2
10.44	-8.162	-25.9	-72.7
10.45	-8.161	-26.9	-66.8
10.46	-8.161	-27.3	-61.6
10.47	-8.161	-27.2	-28.6
10.48	-8.160	-26.5	21.7
10.49	-8.160	-25.3	44.6
10.5	-8.161	-24.0	46.2
10.51	-8.161	-22.9	52.3
10.52	-8.159	-22.2	69.8
10.53	-8.159	-21.9	85.9
10.54	-8.161	-21.9	80.7
10.55	-8.162	-22.2	85.3
10.56	-8.162	-22.6	102.0
10.57	-8.164	-23.0	3.1
10.58	-8.170	-23.4	-317.2
10.59	-8.182	-23.4	-593.6
10.6	-8.197	-23.2	-260.1
10.61	-8.214	-22.9	400.4
10.62	-8.229	-22.4	538.9
10.63	-8.242	-21.8	256.6
10.64	-8.248	-20.9	63.1
10.65	-8.243	-19.8	27.6
10.66	-8.232	-18.3	39.4
10.67	-8.221	-16.4	33.6
10.68	-8.214	-13.1	20.0
10.69	-8.211	-6.4	7.7
10.7	-8.213	5.7	-8.3
10.71	-8.216	23.1	-32.0
10.72	-8.220	42.0	-54.0
10.73	-8.223	57.2	-74.1
10.74	-8.226	64.6	-94.8
10.75	-8.230	63.0	-116.5
10.76	-8.236	53.7	-134.8
10.77	-8.246	39.5	-134.4
10.78	-8.258	23.2	-124.0
10.79	-8.269	7.4	-115.7
10.8	-8.283	-6.4	-108.5
10.81	-8.299	-17.3	-97.3
10.82	-8.314	-25.4	-80.0
10.83	-8.330	-30.7	-50.0
10.84	-8.346	-33.5	-23.6
10.85	-8.363	-34.6	1.9
10.86	-8.379	-34.9	30.2
10.87	-8.394	-35.2	34.9
10.88	-8.408	-35.9	34.4
10.89	-8.420	-36.6	26.3
10.9	-8.432	-36.4	11.0
10.91	-8.444	-34.8	-0.9
10.92	-8.458	-31.6	-7.8
10.93	-8.474	-27.0	-0.6
10.94	-8.491	-21.5	-11.7
10.95	-8.511	-15.7	-29.8
10.96	-8.532	-10.3	-23.3
10.97	-8.556	-5.9	-16.4
10.98	-8.580	-3.1	-6.4
10.99	-8.606	-2.2	9.2
11.0	-8.631	-2.8	12.1
11.01	-8.656	-4.9	0.8
11.02	-8.680	-7.9	-23.2
11.03	-8.705	-11.3	-53.9
11.04	-8.732	-14.6	-77.7
11.05	-8.761	-17.6	-87.7
11.06	-8.790	-20.2	-72.0
11.07	-8.819	-22.5	-55.0
11.08	-8.847	-24.2	-32.8
11.09	-8.874	-25.1	17.3
11.1	-8.901	-25.2	49.5
11.11	-8.929	-24.9	50.9
11.12	-8.956	-24.5	63.9
11.13	-8.982	-24.2	74.4
11.14	-9.010	-24.0	75.3
11.15	-9.039	-24.1	76.8
11.16	-9.069	-24.3	86.6
11.17	-9.098	-24.4	100.2
11.18	-9.129	-24.7	-20.6
11.19	-9.160	-24.9	-388.4
11.2	-9.192	-24.9	-630.7
11.21	-9.224	-24.7	-207.9
11.22	-9.257	-24.3	428.0
11.23	-9.287	-23.6	496.0
11.24	-9.318	-22.6	210.7
11.25	-9.345	-21.4	39.3
11.26	-9.368	-19.9	13.4
11.27	-9.386	-18.3	31.7
11.28	-9.403	-16.8	37.4
11.29	-9.421	-14.7	14.6
11.3	-9.439	-10.7	-14.3
11.31	-9.459	-2.3	-35.7
11.32	-9.480	11.8	-50.2
11.33	-9.503	29.7	-67.6
11.34	-9.527	46.8	-95.5
11.35	-9.553	58.2	-123.3
11.36	-9.579	61.4	-133.1
11.37	-9.607	56.3	-147.9
11.38	-9.637	44.9	-167.5
11.39	-9.666	30.0	-164.1
11.4	-9.693	14.3	-146.5
11.41	-9.721	-0.2	-131.0
11.42	-9.748	-12.7	-111.9
11.43	-9.774	-22.5	-80.8
11.44	-9.799	-29.4	-37.4
11.45	-9.828	-33.8	7.1
11.46	-9.857	-36.1	22.0
11.47	-9.887	-37.0	12.9
11.48	-9.916	-37.0	9.1
11.49	-9.944	-37.1	15.0
11.5	-9.970	-37.6	20.3
11.51	-9.995	-37.6	33.6
11.52	-10.019	-36.3	33.8
11.53	-10.043	-33.3	6.2
11.54	-10.066	-28.7	-17.4
11.55	-10.088	-22.7	-35.3
11.56	-10.109	-16.3	-43.6
11.57	-10.131	-10.4	-42.7
11.58	-10.153	-5.6	-21.2
11.59	-10.177	-2.5	-4.3
11.6	-10.201	-1.3	-16.3
11.61	-10.226	-1.7	-34.2
11.62	-10.249	-3.4	-61.0
11.63	-10.274	-5.8	-93.7
11.64	-10.298	-8.9	-98.3
11.65	-10.322	-12.2	-65.8
11.66	-10.343	-15.5	-44.6
11.67	-10.363	-18.3	-26.4
11.68	-10.383	-20.4	3.9
11.69	-10.405	-21.9	16.9
11.7	-10.428	-23.0	26.9
11.71	-10.450	-23.8	39.8
11.72	-10.471	-24.3	48.0
11.73	-10.494	-24.6	63.1
11.74	-10.517	-24.9	78.1
11.75	-10.539	-25.3	79.8
11.76	-10.560	-25.5	59.9
11.77	-10.581	-25.6	-95.5
11.78	-10.599	-25.6	-451.7
11.79	-10.618	-25.4	-633.4
11.8	-10.638	-25.0	-172.4
11.81	-10.659	-24.5	421.7
11.82	-10.681	-23.9	428.1
11.83	-10.701	-23.0	153.8
11.84	-10.716	-22.0	19.6
11.85	-10.726	-20.7	2.1
11.86	-10.734	-19.2	15.0
11.87	-10.742	-17.4	1.5
11.88	-10.751	-15.2	-14.5
11.89	-10.763	-11.1	-10.7
11.9	-10.774	-2.8	-30.2
11.91	-10.787	11.4	-64.6
11.92	-10.800	29.5	-79.3
11.93	-10.814	46.8	-89.6
11.94	-10.830	58.3	-115.5
11.95	-10.848	61.4	-151.2
11.96	-10.868	56.6	-176.6
11.97	-10.888	45.5	-179.7
11.98	-10.907	30.8	-169.2
11.99	-10.924	15.3	-156.6
12.0	-10.943	0.8	-140.4
12.01	-10.962	-11.5	-117.0
12.02	-10.981	-21.2	-79.5
12.03	-11.000	-28.5	-42.1
12.04	-11.020	-33.2	-5.5
12.05	-11.040	-35.6	20.8
12.06	-11.060	-36.6	26.5
12.07	-11.080	-37.2	20.1
12.08	-11.099	-37.8	16.9
12.09	-11.116	-38.5	21.6
12.1	-11.133	-38.4	17.8
12.11	-11.149	-37.0	8.6
12.12	-11.164	-33.8	-7.0
12.13	-11.178	-29.0	-17.4
12.14	-11.191	-23.2	-21.5
12.15	-11.205	-17.2	-42.8
12.16	-11.220	-11.6	-56.5
12.17	-11.236	-6.9	-69.4
12.18	-11.252	-3.5	-100.8
12.19	-11.268	-1.6	-107.0
12.2	-11.284	-1.3	-90.7
12.21	-11.296	-2.4	-88.9
12.22	-11.304	-4.6	-51.5
12.23	-11.310	-7.4	17.1
12.24	-11.315	-10.4	38.9
12.25	-11.319	-13.4	28.6
12.26	-11.323	-16.3	26.6
12.27	-11.327	-18.7	32.8
12.28	-11.331	-20.8	48.7
12.29	-11.334	-22.7	57.6
12.3	-11.337	-24.3	70.8
12.31	-11.338	-25.6	90.0
12.32	-11.337	-26.5	26.3
12.33	-11.334	-27.2	-233.8
12.34	-11.328	-27.4	-577.8
12.35	-11.319	-27.1	-451.7
12.36	-11.310	-26.5	159.3
12.37	-11.304	-25.6	437.2
12.38	-11.299	-24.5	249.4
12.39	-11.289	-23.4	63.2
12.4	-11.271	-22.0	4.2
12.41	-11.244	-20.5	7.8
12.42	-11.212	-18.8	15.2
12.43	-11.180	-16.9	7.5
12.44	-11.149	-14.4	0.8
12.45	-11.121	-10.0	-8.6
12.46	-11.092	-1.5	-21.4
12.47	-11.066	12.1	-42.8
12.48	-11.039	28.7	-73.2
12.49	-11.014	44.3	-102.5
12.5	-10.989	54.5	-130.3
12.51	-10.966	57.2	-153.3
12.52	-10.946	52.4	-168.8
12.53	-10.927	41.9	-167.2
12.54	-10.908	28.2	-155.7
12.55	-10.888	13.6	-135.5
12.56	-10.871	-0.1	-102.8
12.57	-10.857	-11.8	-70.0
12.58	-10.844	-21.1	-29.6
12.59	-10.834	-28.1	-4.6
12.6	-10.824	-32.6	1.3
12.61	-10.814	-35.3	21.8
12.62	-10.803	-37.0	44.2
12.63	-10.793	-38.4	47.5
12.64	-10.782	-39.6	53.7
12.65	-10.773	-40.4	48.5
12.66	-10.763	-40.0	16.7
12.67	-10.751	-37.9	-7.9
12.68	-10.738	-34.0	-16.0
12.69	-10.723	-28.5	-33.0
12.7	-10.706	-22.2	-54.8
12.71	-10.690	-15.8	-70.7
12.72	-10.674	-10.0	-86.8
12.73	-10.658	-5.5	-86.7
12.74	-10.639	-2.6	-81.6
12.75	-10.619	-1.2	-76.7
12.76	-10.596	-1.2	-40.7
12.77	-10.572	-2.4	4.6
12.78	-10.549	-4.4	39.1
12.79	-10.526	-7.3	60.4
12.8	-10.501	-10.5	59.4
12.81	-10.475	-13.8	49.1
12.82	-10.449	-16.9	54.1
12.83	-10.424	-19.9	72.1
12.84	-10.399	-22.6	92.0
12.85	-10.371	-24.8	109.1
12.86	-10.343	-26.5	25.6
12.87	-10.316	-27.7	-273.4
12.88	-10.288	-28.5	-540.1
12.89	-10.261	-28.9	-248.4
12.9	-10.236	-28.7	334.6
12.91	-10.213	-27.9	441.7
12.92	-10.192	-26.9	192.4
12.93	-10.166	-25.6	36.9
12.94	-10.136	-23.9	18.1
12.95	-10.101	-21.9	34.1
12.96	-10.063	-19.7	25.8
12.97	-10.024	-17.1	10.0
12.98	-9.986	-14.0	-2.2
12.99	-9.950	-8.6	-15.7
13.0	-9.915	1.0	-25.6
13.01	-9.882	15.3	-39.1
13.02	-9.851	31.6	-62.9
13.03	-9.819	45.7	-104.5
13.04	-9.789	53.9	-145.5
13.05	-9.761	54.8	-162.7
13.06	-9.734	48.7	-165.9
13.07	-9.707	37.6	-152.7
13.08	-9.679	23.8	-132.6
13.09	-9.652	9.8	-110.8
13.1	-9.626	-3.3	-82.2
13.11	-9.598	-14.5	-53.9
13.12	-9.570	-23.4	-21.6
13.13	-9.543	-29.6	5.6
13.14	-9.517	-33.7	22.4
13.15	-9.491	-36.2	37.3
13.16	-9.466	-37.9	54.8
13.17	-9.442	-39.3	55.3
13.18	-9.417	-40.3	32.5
13.19	-9.393	-40.3	11.3
13.2	-9.368	-38.7	2.8
13.21	-9.344	-35.3	2.8
13.22	-9.319	-30.3	2.7
13.23	-9.294	-24.5	-15.4
13.24	-9.269	-18.4	-34.7
13.25	-9.246	-12.8	-49.8
13.26	-9.224	-8.1	-68.5
13.27	-9.203	-4.6	-80.1
13.28	-9.183	-2.6	-86.5
13.29	-9.161	-1.9	-81.0
13.3	-9.139	-2.3	-44.1
13.31	-9.117	-3.9	12.8
13.32	-9.097	-6.4	48.4
13.33	-9.078	-9.3	72.0
13.34	-9.058	-12.4	97.7
13.35	-9.039	-15.4	87.2
13.36	-9.019	-18.3	68.9
13.37	-9.002	-20.7	70.1
13.38	-8.983	-22.8	92.6
13.39	-8.963	-24.7	126.5
13.4	-8.942	-26.4	48.7
13.41	-8.923	-27.6	-245.9
13.42	-8.904	-28.2	-507.3
13.43	-8.886	-28.4	-202.8
13.44	-8.868	-28.1	381.3
13.45	-8.851	-27.1	465.3
13.46	-8.836	-25.9	197.9
13.47	-8.820	-24.7	35.1
13.48	-8.802	-23.5	27.4
13.49	-8.781	-22.1	60.5
13.5	-8.758	-20.2	46.9
13.51	-8.732	-18.0	15.6
13.52	-8.707	-14.6	-3.8
13.53	-8.684	-8.3	-27.4
13.54	-8.661	2.5	-35.5
13.55	-8.641	17.7	-40.0
13.56	-8.623	34.2	-58.1
13.57	-8.604	47.7	-78.8
13.58	-8.588	54.8	-109.9
13.59	-8.572	54.3	-141.6
13.6	-8.558	46.9	-153.3
13.61	-8.543	34.8	-150.7
13.62	-8.530	20.3	-134.7
13.63	-8.521	5.8	-107.0
13.64	-8.512	-7.3	-80.5
13.65	-8.503	-18.3	-47.7
13.66	-8.494	-26.9	-14.0
13.67	-8.485	-33.1	-5.0
13.68	-8.477	-37.0	-2.8
13.69	-8.468	-39.3	15.2
13.7	-8.459	-40.8	28.9
13.71	-8.448	-42.2	31.7
13.72	-8.437	-42.9	25.0
13.73	-8.427	-42.1	8.9
13.74	-8.417	-39.5	1.5
13.75	-8.406	-35.0	3.5
13.76	-8.396	-29.1	-13.2
13.77	-8.384	-22.5	-36.4
13.78	-8.374	-15.9	-37.8
13.79	-8.363	-9.9	-53.0
13.8	-8.354	-5.3	-91.3
13.81	-8.346	-2.2	-102.5
13.82	-8.339	-0.8	-83.6
13.83	-8.330	-1.0	-63.0
13.84	-8.320	-2.4	-24.6
13.85	-8.309	-4.7	19.4
13.86	-8.297	-7.6	48.9
13.87	-8.284	-10.6	57.3
13.88	-8.272	-13.5	56.5
13.89	-8.259	-16.5	69.8
13.9	-8.246	-19.5	88.7
13.91	-8.235	-22.3	109.6
13.92	-8.225	-24.7	130.8
13.93	-8.213	-26.6	138.9
13.94	-8.201	-27.8	64.9
13.95	-8.191	-28.3	-214.3
13.96	-8.186	-28.3	-489.4
13.97	-8.183	-27.8	-195.4
13.98	-8.183	-27.2	416.2
13.99	-8.182	-26.5	524.7
14.0	-8.179	-25.8	248.8
14.01	-8.174	-24.7	68.4
14.02	-8.164	-23.5	21.2
14.03	-8.151	-22.1	21.4
14.04	-8.134	-20.4	21.9
14.05	-8.116	-18.0	17.2
14.06	-8.100	-14.2	8.6
14.07	-8.086	-7.2	-2.3
14.08	-8.075	4.7	-4.5
14.09	-8.066	20.8	-23.3
14.1	-8.057	37.4	-71.2
14.11	-8.049	49.7	-112.9
14.12	-8.041	55.0	-134.4
14.13	-8.034	52.7	-145.8
14.14	-8.029	43.7	-145.8
14.15	-8.024	30.4	-129.7
14.16	-8.021	15.6	-97.4
14.17	-8.021	1.2	-77.2
14.18	-8.022	-11.6	-78.3
14.19	-8.022	-22.0	-66.0
14.2	-8.021	-29.9	-43.7
14.21	-8.021	-35.1	-21.4
14.22	-8.022	-38.3	2.2
14.23	-8.023	-40.3	15.0
14.24	-8.023	-41.5	30.1
14.25	-8.023	-42.2	44.3
14.26	-8.023	-42.3	28.9
14.27	-8.021	-41.0	3.4
14.28	-8.021	-37.9	-7.1
14.29	-8.021	-33.2	-18.5
14.3	-8.023	-27.3	-43.4
14.31	-8.026	-21.0	-66.2
14.32	-8.031	-14.9	-75.4
14.33	-8.038	-9.4	-96.4
14.34	-8.047	-5.0	-115.3
14.35	-8.059	-2.2	-109.5
14.36	-8.069	-1.0	-86.3
14.37	-8.079	-1.1	-36.0
14.38	-8.087	-2.6	21.9
14.39	-8.092	-5.0	50.3
14.4	-8.096	-8.2	68.9
14.41	-8.096	-11.8	76.6
14.42	-8.096	-15.4	66.8
14.43	-8.098	-18.7	79.0
14.44	-8.104	-21.6	90.5
14.45	-8.111	-24.0	92.2
14.46	-8.115	-25.9	125.3
14.47	-8.117	-27.4	82.8
14.48	-8.127	-28.3	-207.6
14.49	-8.144	-28.8	-470.2
14.5	-8.168	-28.5	-117.0
14.51	-8.193	-27.8	487.2
14.52	-8.216	-26.9	531.7
14.53	-8.238	-25.7	212.7
14.54	-8.256	-24.5	22.1
14.55	-8.266	-23.2	5.4
14.56	-8.264	-21.8	24.4
14.57	-8.254	-20.1	18.2
14.58	-8.242	-17.9	4.3
14.59	-8.235	-14.4	-4.5
14.6	-8.237	-7.9	-13.4
14.61	-8.247	3.3	-30.3
14.62	-8.264	18.9	-55.9
14.63	-8.285	35.3	-84.8
14.64	-8.308	47.8	-112.5
14.65	-8.332	53.2	-143.2
14.66	-8.359	51.1	-153.9
14.67	-8.387	42.7	-153.7
14.68	-8.418	29.9	-151.0
14.69	-8.452	15.3	-132.0
14.7	-8.489	0.8	-102.1
14.71	-8.527	-11.9	-82.7
14.72	-8.564	-22.3	-78.8
14.73	-8.601	-30.1	-58.7
14.74	-8.638	-35.7	-16.1
14.75	-8.674	-39.3	13.3
14.76	-8.710	-41.4	26.7
14.77	-8.745	-42.8	28.7
14.78	-8.780	-43.7	8.1
14.79	-8.814	-43.7	-2.6
14.8	-8.848	-41.9	-0.4
14.81	-8.881	-38.1	-23.8
14.82	-8.914	-32.6	-50.7
14.83	-8.947	-26.1	-59.8
14.84	-8.979	-19.4	-85.7
14.85	-9.012	-12.9	-125.7
14.86	-9.044	-7.5	-135.5
14.87	-9.076	-3.4	-117.0
14.88	-9.106	-0.9	-82.2
14.89	-9.136	0.3	-36.0
14.9	-9.166	0.0	5.5
14.91	-9.195	-1.6	32.4
14.92	-9.224	-4.3	53.7
14.93	-9.253	-7.6	69.8
14.94	-9.281	-11.3	70.3
14.95	-9.309	-15.0	67.8
14.96	-9.339	-18.4	69.0
14.97	-9.368	-21.4	84.4
14.98	-9.396	-23.9	105.8
14.99	-9.424	-25.8	26.1
15.0	-9.453	-27.1	-269.5
15.01	-9.482	-27.8	-528.8
15.02	-9.513	-27.7	-184.0
15.03	-9.546	-27.1	435.8
15.04	-9.578	-26.2	519.1
15.05	-9.611	-25.0	234.2
15.06	-9.643	-23.9	40.8
15.07	-9.668	-22.7	-5.9
15.08	-9.689	-21.3	9.3
15.09	-9.706	-19.5	4.8
15.1	-9.725	-17.5	-15.8
15.11	-9.746	-14.6	-27.2
15.12	-9.768	-8.8	-36.2
15.13	-9.792	1.8	-52.6
15.14	-9.818	17.0	-68.2
15.15	-9.843	33.2	-86.5
15.16	-9.869	45.9	-125.6
15.17	-9.896	52.3	-169.9
15.18	-9.922	51.1	-188.4
15.19	-9.948	43.2	-186.1
15.2	-9.976	30.8	-173.1
15.21	-10.005	16.4	-137.1
15.22	-10.034	2.1	-107.1
15.23	-10.064	-10.8	-102.2
15.24	-10.091	-21.4	-92.2
15.25	-10.118	-29.3	-65.7
15.26	-10.145	-34.7	-37.8
15.27	-10.172	-38.4	-19.8
15.28	-10.199	-40.8	-11.3
15.29	-10.228	-42.4	4.6
15.3	-10.257	-43.3	21.9
15.31	-10.285	-43.2	5.3
15.32	-10.314	-41.4	-21.3
15.33	-10.342	-37.8	-48.5
15.34	-10.368	-32.4	-79.2
15.35	-10.394	-25.8	-110.1
15.36	-10.419	-18.9	-127.0
15.37	-10.444	-12.6	-124.3
15.38	-10.467	-7.1	-123.0
15.39	-10.491	-2.9	-105.4
15.4	-10.513	-0.2	-61.8
15.41	-10.536	0.9	-16.0
15.42	-10.559	0.5	18.8
15.43	-10.583	-1.3	48.3
15.44	-10.607	-4.1	57.8
15.45	-10.630	-7.5	55.5
15.46	-10.653	-11.0	46.3
15.47	-10.676	-14.3	35.0
15.48	-10.698	-17.5	70.6
15.49	-10.719	-20.6	91.2
15.5	-10.741	-23.1	-18.3
15.51	-10.761	-25.0	-333.8
15.52	-10.779	-26.4	-538.5
15.53	-10.796	-27.1	-119.4
15.54	-10.816	-27.1	434.3
15.55	-10.838	-26.5	420.7
15.56	-10.859	-25.3	135.8
15.57	-10.877	-23.9	12.4
15.58	-10.889	-22.7	11.5
15.59	-10.897	-21.5	5.5
15.6	-10.904	-20.1	-7.9
15.61	-10.914	-18.1	-20.8
15.62	-10.925	-14.3	-30.8
15.63	-10.938	-7.2	-42.1
15.64	-10.951	4.8	-54.0
15.65	-10.966	20.7	-71.4
15.66	-10.981	36.7	-94.8
15.67	-10.996	48.5	-130.6
15.68	-11.010	53.3	-172.6
15.69	-11.026	50.5	-187.5
15.7	-11.042	41.5	-176.1
15.71	-11.058	28.5	-160.4
15.72	-11.074	13.9	-139.0
15.73	-11.091	-0.0	-108.0
15.74	-11.106	-12.3	-86.1
15.75	-11.121	-22.3	-70.7
15.76	-11.134	-29.8	-45.1
15.77	-11.147	-34.8	-16.3
15.78	-11.159	-38.1	-1.2
15.79	-11.170	-40.1	9.7
15.8	-11.180	-41.5	21.4
15.81	-11.191	-42.3	22.9
15.82	-11.202	-41.9	5.2
15.83	-11.214	-39.8	-26.8
15.84	-11.226	-35.8	-56.8
15.85	-11.238	-30.1	-95.7
15.86	-11.248	-23.5	-128.0
15.87	-11.258	-16.9	-127.1
15.88	-11.267	-10.9	-109.3
15.89	-11.274	-6.0	-85.4
15.9	-11.282	-2.4	-48.6
15.91	-11.290	-0.2	-5.9
15.92	-11.299	0.5	25.1
15.93	-11.309	-0.1	34.8
15.94	-11.318	-1.7	42.2
15.95	-11.326	-4.5	57.1
15.96	-11.333	-8.0	68.9
15.97	-11.341	-12.0	76.6
15.98	-11.348	-15.8	81.1
15.99	-11.353	-19.2	74.7
16.0	-11.356	-22.1	-34.4
16.01	-11.359	-24.4	-345.1
16.02	-11.358	-25.7	-534.5
16.03	-11.355	-26.3	-122.6
16.04	-11.356	-26.4	418.5
16.05	-11.361	-26.1	412.3
16.06	-11.367	-25.5	145.8
16.07	-11.368	-24.5	12.3
16.08	-11.361	-23.1	-4.2
16.09	-11.350	-21.3	7.3
16.1	-11.339	-19.2	20.7
16.11	-11.331	-16.9	25.3
16.12	-11.325	-13.3	17.5
16.13	-11.319	-6.7	-6.0
16.14	-11.314	4.7	-43.7
16.15	-11.309	19.8	-70.4
16.16	-11.304	35.4	-95.3
16.17	-11.300	47.1	-129.5
16.18	-11.296	52.1	-151.5
16.19	-11.292	49.5	-153.9
16.2	-11.288	40.7	-146.8
16.21	-11.283	28.1	-123.3
16.22	-11.278	14.2	-97.1
16.23	-11.274	1.0	-95.7
16.24	-11.268	-10.5	-88.8
16.25	-11.261	-19.7	-57.7
16.26	-11.254	-26.8	-24.7
16.27	-11.247	-31.9	5.3
16.28	-11.238	-35.4	33.3
16.29	-11.227	-37.8	38.2
16.3	-11.216	-39.6	20.4
16.31	-11.203	-40.7	11.7
16.32	-11.190	-40.6	9.2
16.33	-11.178	-38.7	-7.2
16.34	-11.164	-34.8	-35.0
16.35	-11.149	-29.4	-73.2
16.36	-11.133	-23.3	-108.7
16.37	-11.114	-17.1	-117.3
16.38	-11.093	-11.5	-103.1
16.39	-11.068	-6.7	-78.1
16.4	-11.042	-3.1	-26.7
16.41	-11.016	-0.9	12.4
16.42	-10.991	-0.2	23.0
16.43	-10.966	-0.7	46.6
16.44	-10.941	-2.3	61.1
16.45	-10.914	-4.7	66.8
16.46	-10.886	-8.0	80.0
16.47	-10.859	-11.6	78.6
16.48	-10.828	-15.2	90.3
16.49	-10.793	-18.6	100.8
16.5	-10.759	-21.8	-28.9
16.51	-10.724	-24.3	-357.9
16.52	-10.688	-25.9	-501.1
16.53	-10.651	-26.7	-43.3
16.54	-10.619	-26.8	454.2
16.55	-10.592	-26.3	393.7
16.56	-10.566	-25.4	126.4
16.57	-10.534	-24.3	14.6
16.58	-10.496	-22.8	13.8
16.59	-10.453	-21.0	27.0
16.6	-10.408	-18.9	24.1
16.61	-10.364	-16.4	13.2
16.62	-10.323	-12.3	10.2
16.63	-10.283	-5.0	-6.9
16.64	-10.245	6.7	-30.4
16.65	-10.209	21.7	-55.8
16.66	-10.173	36.3	-99.6
16.67	-10.139	46.8	-124.8
16.68	-10.107	50.6	-134.0
16.69	-10.076	47.4	-139.4
16.7	-10.047	38.6	-131.4
16.71	-10.018	26.3	-128.3
16.72	-9.989	12.8	-110.6
16.73	-9.961	-0.2	-82.3
16.74	-9.931	-11.6	-62.8
16.75	-9.902	-20.6	-36.6
16.76	-9.874	-27.2	-17.0
16.77	-9.846	-31.9	-8.1
16.78	-9.818	-35.0	15.6
16.79	-9.789	-37.1	51.1
16.8	-9.761	-38.7	56.3
16.81	-9.731	-39.7	33.1
16.82	-9.703	-39.4	20.7
16.83	-9.675	-37.1	1.4
16.84	-9.646	-33.0	-32.2
16.85	-9.617	-27.6	-56.7
16.86	-9.589	-21.5	-80.8
16.87	-9.563	-15.3	-100.4
16.88	-9.535	-9.8	-109.5
16.89	-9.508	-5.2	-105.3
16.9	-9.480	-2.1	-60.4
16.91	-9.453	-0.3	5.8
16.92	-9.426	0.1	41.7
16.93	-9.401	-0.9	59.9
16.94	-9.375	-2.9	74.6
16.95	-9.350	-5.5	66.5
16.96	-9.324	-8.7	69.1
16.97	-9.301	-12.0	91.8
16.98	-9.279	-15.6	100.6
16.99	-9.255	-18.9	120.3
17.0	-9.229	-21.7	99.4
17.01	-9.204	-23.8	-116.3
17.02	-9.181	-25.4	-441.7
17.03	-9.156	-26.2	-326.7
17.04	-9.133	-26.4	274.3
17.05	-9.111	-26.0	534.3
17.06	-9.091	-25.4	305.2
17.07	-9.074	-24.6	84.3
17.08	-9.054	-23.4	14.5
17.09	-9.031	-21.8	18.2
17.1	-9.006	-20.0	23.0
17.11	-8.978	-17.7	14.0
17.12	-8.949	-14.6	23.2
17.13	-8.922	-9.5	22.3
17.14	-8.897	-0.6	-18.3
17.15	-8.874	12.3	-46.0
17.16	-8.853	27.2	-70.6
17.17	-8.832	40.0	-97.7
17.18	-8.813	47.5	-117.4
17.19	-8.795	48.1	-126.2
17.2	-8.777	42.6	-115.2
17.21	-8.761	32.5	-119.6
17.22	-8.745	19.9	-120.6
17.23	-8.731	6.8	-101.8
17.24	-8.716	-5.3	-77.3
17.25	-8.699	-15.5	-53.4
17.26	-8.683	-23.4	-35.4
17.27	-8.668	-29.2	-6.2
17.28	-8.651	-33.4	28.9
17.29	-8.635	-36.3	35.1
17.3	-8.618	-38.6	28.5
17.31	-8.603	-40.2	26.4
17.32	-8.586	-40.5	10.8
17.33	-8.571	-39.0	-3.2
17.34	-8.555	-35.7	-4.5
17.35	-8.541	-30.7	-14.9
17.36	-8.527	-24.6	-34.5
17.37	-8.513	-18.3	-63.6
17.38	-8.501	-12.6	-88.3
17.39	-8.490	-7.9	-94.5
17.4	-8.479	-4.5	-101.8
17.41	-8.468	-2.5	-84.0
17.42	-8.456	-1.6	-42.3
17.43	-8.443	-1.7	-1.7
17.44	-8.430	-2.8	37.6
17.45	-8.418	-4.7	60.3
17.46	-8.404	-7.2	77.5
17.47	-8.390	-10.3	97.4
17.48	-8.376	-13.7	98.5
17.49	-8.364	-17.1	89.7
17.5	-8.353	-20.0	95.3
17.51	-8.338	-22.6	125.5
17.52	-8.323	-24.6	98.5
17.53	-8.310	-25.9	-140.3
17.54	-8.299	-26.5	-431.8
17.55	-8.291	-26.7	-204.3
17.56	-8.286	-26.3	393.8
17.57	-8.281	-25.4	536.0
17.58	-8.276	-24.2	257.6
17.59	-8.269	-22.9	55.6
17.6	-8.258	-21.6	15.9
17.61	-8.242	-20.2	40.9
17.62	-8.225	-18.5	46.2
17.63	-8.206	-16.1	21.8
17.64	-8.189	-12.1	-9.9
17.65	-8.172	-4.8	-31.1
17.66	-8.158	6.9	-32.7
17.67	-8.146	21.9	-44.1
17.68	-8.136	36.7	-61.1
17.69	-8.127	47.6	-77.4
17.7	-8.117	52.0	-113.7
17.71	-8.109	49.4	-142.7
17.72	-8.102	41.1	-143.9
17.73	-8.096	29.2	-127.5
17.74	-8.091	16.0	-111.8
17.75	-8.090	3.0	-106.1
17.76	-8.088	-8.8	-73.8
17.77	-8.086	-18.4	-37.7
17.78	-8.082	-25.7	-35.3
17.79	-8.079	-30.8	-24.5
17.8	-8.076	-34.2	-1.9
17.81	-8.072	-36.5	12.2
17.82	-8.069	-38.1	14.4
17.83	-8.066	-39.1	10.7
17.84	-8.063	-39.0	2.6
17.85	-8.060	-37.0	-3.9
17.86	-8.058	-33.1	0.8
17.87	-8.054	-27.8	-13.7
17.88	-8.053	-21.8	-47.0
17.89	-8.051	-15.6	-75.8
17.9	-8.051	-10.0	-106.6
17.91	-8.053	-5.3	-121.6
17.92	-8.057	-2.1	-100.7
17.93	-8.061	-0.6	-82.9
17.94	-8.064	-0.4	-74.1
17.95	-8.067	-1.0	-31.4
17.96	-8.068	-2.6	23.2
17.97	-8.069	-5.0	45.5
17.98	-8.068	-8.1	52.5
17.99	-8.067	-11.4	69.0
18.0	-8.066	-14.9	82.8
18.01	-8.067	-18.2	95.6
18.02	-8.071	-21.2	93.7
18.03	-8.072	-23.6	102.5
18.04	-8.072	-25.1	128.2
18.05	-8.074	-25.9	11.3
18.06	-8.082	-26.2	-318.3
18.07	-8.097	-26.1	-403.3
18.08	-8.116	-25.9	132.8
18.09	-8.136	-25.3	596.0
18.1	-8.154	-24.6	428.9
18.11	-8.170	-23.6	109.1
18.12	-8.181	-22.2	6.9
18.13	-8.181	-20.6	20.8
18.14	-8.171	-18.8	26.4
18.15	-8.156	-16.8	23.3
18.16	-8.143	-13.8	20.1
18.17	-8.136	-8.4	-4.1
18.18	-8.134	1.4	-31.3
18.19	-8.134	15.8	-55.2
18.2	-8.137	31.9	-85.4
18.21	-8.139	45.6	-110.2
18.22	-8.141	53.3	-117.7
18.23	-8.144	53.6	-131.7
18.24	-8.148	47.1	-146.0
18.25	-8.154	35.8	-134.9
18.26	-8.161	22.3	-128.5
18.27	-8.172	8.8	-122.8
18.28	-8.187	-3.6	-105.6
18.29	-8.201	-14.2	-81.1
18.3	-8.213	-22.4	-42.7
18.31	-8.226	-28.2	-14.7
18.32	-8.238	-32.1	-2.9
18.33	-8.251	-34.6	14.3
18.34	-8.264	-36.3	23.0
18.35	-8.278	-37.6	17.9
18.36	-8.294	-38.1	15.0
18.37	-8.311	-37.4	-0.1
18.38	-8.330	-34.8	-18.1
18.39	-8.353	-30.6	-23.9
18.4	-8.377	-25.3	-38.8
18.41	-8.406	-19.5	-59.4
18.42	-8.437	-13.6	-88.9
18.43	-8.470	-8.3	-123.4
18.44	-8.505	-4.1	-126.6
18.45	-8.539	-1.4	-111.8
18.46	-8.572	-0.2	-87.1
18.47	-8.605	-0.4	-29.0
18.48	-8.638	-1.9	35.6
18.49	-8.669	-4.5	65.9
18.5	-8.698	-7.6	60.7
18.51	-8.727	-10.8	58.0
18.52	-8.754	-14.0	76.0
18.53	-8.784	-17.0	82.2
18.54	-8.815	-19.8	72.0
18.55	-8.846	-22.2	95.6
18.56	-8.876	-24.2	140.3
18.57	-8.908	-25.9	39.5
18.58	-8.940	-27.0	-307.7
18.59	-8.975	-27.2	-499.2
18.6	-9.011	-26.8	-44.1
18.61	-9.046	-25.9	508.8
18.62	-9.080	-24.7	472.7
18.63	-9.113	-23.5	186.2
18.64	-9.143	-22.4	27.7
18.65	-9.168	-21.1	-6.3
18.66	-9.185	-19.6	15.4
18.67	-9.200	-17.7	13.3
18.68	-9.217	-15.1	-4.0
18.69	-9.238	-10.5	-1.8
18.7	-9.260	-1.9	-12.3
18.71	-9.285	11.6	-57.1
18.72	-9.311	27.8	-91.4
18.73	-9.339	42.7	-106.4
18.74	-9.366	52.4	-127.9
18.75	-9.394	55.0	-149.0
18.76	-9.422	50.6	-170.0
18.77	-9.451	40.7	-176.2
18.78	-9.480	27.6	-158.2
18.79	-9.509	13.6	-135.8
18.8	-9.539	0.4	-113.3
18.81	-9.569	-10.8	-93.4
18.82	-9.597	-19.7	-61.1
18.83	-9.625	-26.1	-28.0
18.84	-9.654	-30.5	-20.5
18.85	-9.684	-33.4	-0.9
18.86	-9.714	-35.4	25.4
18.87	-9.745	-37.0	26.3
18.88	-9.776	-38.4	10.1
18.89	-9.809	-38.7	-9.7
18.9	-9.842	-37.2	-18.5
18.91	-9.874	-33.6	-23.1
18.92	-9.905	-28.3	-38.6
18.93	-9.935	-21.8	-60.4
18.94	-9.964	-15.2	-81.3
18.95	-9.994	-9.4	-104.6
18.96	-10.023	-5.0	-122.6
18.97	-10.051	-2.1	-113.1
18.98	-10.078	-0.7	-101.9
18.99	-10.103	-0.6	-82.3
19.0	-10.126	-1.7	-30.9
19.01	-10.149	-3.7	15.3
19.02	-10.174	-6.1	44.5
19.03	-10.201	-9.0	55.9
19.04	-10.228	-12.2	51.7
19.05	-10.254	-15.5	50.3
19.06	-10.280	-18.4	47.8
19.07	-10.307	-21.0	45.6
19.08	-10.331	-23.1	67.8
19.09	-10.355	-24.9	74.8
19.1	-10.382	-26.0	-77.5
19.11	-10.410	-26.6	-423.4
19.12	-10.437	-26.8	-525.4
19.13	-10.464	-26.5	-6.2
19.14	-10.493	-25.9	483.8
19.15	-10.523	-24.9	377.1
19.16	-10.549	-23.8	101.4
19.17	-10.569	-22.4	-4.2
19.18	-10.585	-21.0	-11.4
19.19	-10.599	-19.6	12.0
19.2	-10.613	-17.9	21.7
19.21	-10.628	-14.9	-12.7
19.22	-10.644	-8.6	-47.4
19.23	-10.662	3.0	-56.5
19.24	-10.679	19.5	-69.3
19.25	-10.698	37.2	-89.6
19.26	-10.716	51.5	-120.3
19.27	-10.736	59.0	-145.5
19.28	-10.757	58.5	-154.9
19.29	-10.778	51.2	-167.8
19.3	-10.796	39.3	-173.2
19.31	-10.813	25.5	-167.5
19.32	-10.829	11.5	-147.9
19.33	-10.847	-1.2	-122.8
19.34	-10.864	-11.9	-94.3
19.35	-10.882	-20.4	-45.0
19.36	-10.901	-26.6	-22.4
19.37	-10.921	-30.7	-25.5
19.38	-10.940	-33.4	-10.8
19.39	-10.958	-35.1	7.9
19.4	-10.974	-36.5	20.1
19.41	-10.991	-37.6	9.8
19.42	-11.007	-37.8	-5.3
19.43	-11.023	-36.3	2.6
19.44	-11.039	-32.9	-5.4
19.45	-11.056	-28.0	-43.5
19.46	-11.072	-21.9	-82.1
19.47	-11.089	-15.6	-116.4
19.48	-11.106	-9.8	-137.8
19.49	-11.123	-5.3	-123.9
19.5	-11.138	-2.5	-102.2
19.51	-11.153	-1.2	-83.0
19.52	-11.166	-1.0	-42.1
19.53	-11.178	-1.9	-6.7
19.54	-11.191	-3.7	13.4
19.55	-11.204	-6.2	29.3
19.56	-11.217	-9.3	36.0
19.57	-11.229	-12.6	51.0
19.58	-11.241	-16.0	68.3
19.59	-11.254	-19.1	60.1
19.6	-11.267	-21.9	56.8
19.61	-11.278	-23.9	76.2
19.62	-11.287	-25.4	-22.7
19.63	-11.294	-26.5	-354.8
19.64	-11.296	-27.1	-576.6
19.65	-11.298	-27.2	-181.7
19.66	-11.302	-26.9	390.9
19.67	-11.307	-26.3	418.5
19.68	-11.310	-25.2	146.0
19.69	-11.307	-23.7	5.1
19.7	-11.296	-21.9	-4.3
19.71	-11.282	-19.8	8.4
19.72	-11.268	-17.8	13.8
19.73	-11.255	-15.3	11.1
19.74	-11.244	-10.9	-19.6
19.75	-11.233	-2.3	-50.1
19.76	-11.221	11.4	-60.9
19.77	-11.209	28.2	-73.8
19.78	-11.196	44.0	-102.5
19.79	-11.183	54.8	-133.2
19.8	-11.170	58.5	-155.0
19.81	-11.159	54.9	-176.0
19.82	-11.146	45.7	-161.2
19.83	-11.133	32.9	-129.6
19.84	-11.118	19.1	-135.4
19.85	-11.105	6.0	-131.3
19.86	-11.094	-5.6	-96.5
19.87	-11.085	-15.1	-60.3
19.88	-11.076	-22.2	-27.6
19.89	-11.068	-27.2	-4.0
19.9	-11.056	-30.5	7.9
19.91	-11.043	-33.0	31.8
19.92	-11.029	-35.3	48.1
19.93	-11.014	-37.3	32.1
19.94	-10.998	-38.5	14.5
19.95	-10.982	-38.0	3.9
19.96	-10.964	-35.6	-10.8
19.97	-10.945	-31.5	-26.8
19.98	-10.924	-26.1	-45.1
19.99	-10.903	-20.0	-48.0
20.0	-10.881	-14.0	-62.5
20.01	-10.861	-8.9	-104.0
20.02	-10.839	-5.1	-113.3
20.03	-10.816	-2.8	-100.0
20.04	-10.789	-2.0	-88.5
20.05	-10.761	-2.2	-46.4
20.06	-10.732	-3.4	9.4
20.07	-10.704	-5.4	32.5
20.08	-10.678	-8.0	42.3
20.09	-10.653	-10.9	61.8
20.1	-10.626	-14.0	67.5
20.11	-10.599	-17.1	63.9
20.12	-10.574	-20.0	63.1
20.13	-10.547	-22.7	73.5
20.14	-10.517	-24.9	83.3
20.15	-10.487	-26.6	-25.1
20.16	-10.456	-28.0	-355.2
20.17	-10.425	-28.8	-539.5
20.18	-10.395	-28.9	-107.6
20.19	-10.369	-28.3	421.0
20.2	-10.346	-27.4	404.7
20.21	-10.323	-26.2	150.1
20.22	-10.295	-24.6	23.9
20.23	-10.261	-22.6	6.8
20.24	-10.225	-20.3	11.3
20.25	-10.188	-17.7	10.5
20.26	-10.150	-14.4	-1.5
20.27	-10.114	-8.8	-7.3
20.28	-10.079	1.1	-5.6
20.29	-10.046	15.6	-24.5
20.3	-10.013	32.3	-53.9
20.31	-9.980	47.2	-89.8
20.32	-9.949	56.7	-126.2
20.33	-9.920	59.0	-159.6
20.34	-9.892	54.4	-172.5
20.35	-9.864	44.6	-152.7
20.36	-9.834	31.7	-124.0
20.37	-9.804	17.9	-105.0
20.38	-9.776	4.6	-101.3
20.39	-9.747	-6.9	-79.8
20.4	-9.718	-16.1	-43.4
20.41	-9.690	-22.9	-17.7
20.42	-9.664	-27.6	1.3
20.43	-9.637	-30.7	12.0
20.44	-9.609	-33.3	32.4
20.45	-9.581	-35.7	52.4
20.46	-9.552	-37.8	40.7
20.47	-9.523	-38.9	20.8
20.48	-9.494	-38.3	5.4
20.49	-9.465	-35.7	-1.5
20.5	-9.437	-31.3	3.7
20.51	-9.408	-25.9	1.9
20.52	-9.378	-19.9	-6.5
20.53	-9.348	-14.0	-17.4
20.54	-9.319	-8.9	-34.2
20.55	-9.291	-5.2	-44.3
20.56	-9.266	-3.2	-55.6
20.57	-9.241	-2.8	-71.3
20.58	-9.216	-3.5	-64.0
20.59	-9.191	-5.2	-46.0
20.6	-9.164	-7.5	-32.9
20.61	-9.138	-10.1	1.4
20.62	-9.111	-12.6	31.9
20.63	-9.085	-15.1	38.4
20.64	-9.060	-17.4	44.8
20.65	-9.037	-19.4	54.1
20.66	-9.014	-21.2	74.1
20.67	-8.992	-22.8	101.6
20.68	-8.971	-24.3	106.4
20.69	-8.947	-25.4	113.4
20.7	-8.921	-26.3	107.8
20.71	-8.899	-26.9	-31.8
20.72	-8.878	-27.5	-382.2
20.73	-8.858	-27.7	-520.3
20.74	-8.838	-27.6	-23.3
20.75	-8.819	-27.0	464.0
20.76	-8.802	-26.1	390.0
20.77	-8.784	-24.8	137.0
20.78	-8.765	-23.4	20.2
20.79	-8.742	-21.8	14.8
20.8	-8.715	-19.9	33.6
20.81	-8.687	-17.7	37.3
20.82	-8.658	-13.9	29.0
20.83	-8.631	-6.7	21.7
20.84	-8.606	5.9	3.3
20.85	-8.583	23.0	-31.4
20.86	-8.562	41.0	-63.3
20.87	-8.541	55.1	-88.2
20.88	-8.521	62.2	-108.5
20.89	-8.501	61.4	-123.4
20.9	-8.482	53.7	-132.5
20.91	-8.464	41.3	-127.6
20.92	-8.447	26.9	-110.6
20.93	-8.433	12.5	-97.2
20.94	-8.421	-0.6	-86.7
20.95	-8.409	-11.5	-66.8
20.96	-8.398	-20.0	-34.9
20.97	-8.387	-26.2	-17.9
20.98	-8.377	-30.2	-10.2
20.99	-8.367	-32.7	23.8
21.0	-8.355	-34.6	50.4
21.01	-8.342	-36.5	53.3
21.02	-8.328	-38.2	42.3
21.03	-8.315	-38.9	19.1
21.04	-8.303	-38.0	1.9
21.05	-8.292	-35.1	-1.7
21.06	-8.282	-30.5	-3.5
21.07	-8.273	-24.9	-15.5
21.08	-8.266	-18.8	-11.6
21.09	-8.258	-13.0	5.5
21.1	-8.251	-8.0	4.6
21.11	-8.244	-4.6	0.3
21.12	-8.238	-2.8	9.8
21.13	-8.232	-2.7	29.8
21.14	-8.224	-3.9	25.6
21.15	-8.216	-6.2	1.2
21.16	-8.209	-9.3	-17.1
21.17	-8.204	-12.5	-48.5
21.18	-8.200	-15.7	-67.0
21.19	-8.196	-18.6	-69.9
21.2	-8.192	-21.2	-65.1
21.21	-8.186	-23.1	-30.7
21.22	-8.181	-24.4	17.5
21.23	-8.176	-25.1	52.3
21.24	-8.171	-25.2	57.1
21.25	-8.168	-24.9	57.0
21.26	-8.163	-24.6	64.5
21.27	-8.159	-24.3	80.4
21.28	-8.155	-24.4	91.8
21.29	-8.152	-24.7	91.6
21.3	-8.148	-25.0	104.3
21.31	-8.144	-25.3	46.0
21.32	-8.144	-25.5	-227.4
21.33	-8.146	-25.7	-546.5
21.34	-8.149	-25.7	-343.2
21.35	-8.154	-25.3	306.4
21.36	-8.157	-24.8	548.0
21.37	-8.158	-24.0	294.1
21.38	-8.154	-23.0	78.0
21.39	-8.147	-21.9	33.6
21.4	-8.136	-20.5	31.5
21.41	-8.122	-18.2	14.3
21.42	-8.109	-14.3	-1.9
21.43	-8.098	-6.8	-9.1
21.44	-8.091	6.4	-5.4
21.45	-8.086	24.7	-4.5
21.46	-8.082	44.0	-34.8
21.47	-8.079	59.3	-66.8
21.48	-8.076	67.2	-95.8
21.49	-8.072	66.8	-134.2
21.5	-8.071	59.0	-156.7
21.51	-8.071	46.2	-163.3
21.52	-8.074	30.9	-156.6
21.53	-8.076	15.5	-125.5
21.54	-8.081	1.3	-93.8
21.55	-8.086	-10.7	-78.0
21.56	-8.091	-19.9	-63.3
21.57	-8.095	-26.2	-49.2
21.58	-8.099	-29.9	-32.4
21.59	-8.104	-32.0	-9.1
21.6	-8.107	-33.5	10.8
21.61	-8.109	-34.7	35.4
21.62	-8.110	-36.2	42.3
21.63	-8.110	-37.4	13.8
21.64	-8.109	-37.5	-4.2
21.65	-8.109	-35.8	-3.8
21.66	-8.110	-32.2	-5.7
21.67	-8.113	-27.3	-14.4
21.68	-8.115	-21.6	-26.5
21.69	-8.119	-15.8	-21.0
21.7	-8.123	-10.6	-0.8
21.71	-8.129	-6.6	2.1
21.72	-8.134	-4.2	-6.2
21.73	-8.140	-3.3	-6.8
21.74	-8.146	-3.9	-9.2
21.75	-8.152	-5.7	-15.6
21.76	-8.158	-8.5	-32.6
21.77	-8.164	-11.8	-61.2
21.78	-8.172	-15.3	-80.8
21.79	-8.181	-18.6	-78.1
21.8	-8.190	-21.5	-72.6
21.81	-8.199	-23.6	-49.0
21.82	-8.209	-24.8	-7.1
21.83	-8.219	-25.3	31.6
21.84	-8.228	-25.3	61.2
21.85	-8.235	-25.2	66.0
21.86	-8.241	-25.0	63.2
21.87	-8.245	-24.8	75.0
21.88	-8.252	-24.9	82.3
21.89	-8.262	-25.3	93.8
21.9	-8.273	-25.7	119.8
21.91	-8.285	-26.1	70.0
21.92	-8.304	-26.4	-184.2
21.93	-8.332	-26.5	-532.2
21.94	-8.366	-26.5	-400.0
21.95	-8.401	-26.3	256.4
21.96	-8.434	-25.8	556.6
21.97	-8.467	-25.1	321.2
21.98	-8.496	-24.2	82.0
21.99	-8.516	-23.0	8.5
22.0	-8.527	-21.5	20.0
22.01	-8.532	-19.6	37.9
22.02	-8.535	-17.0	27.0
22.03	-8.544	-12.2	-2.3
22.04	-8.561	-2.9	-21.8
22.05	-8.585	11.9	-36.2
22.06	-8.612	29.9	-70.6
22.07	-8.641	46.7	-91.8
22.08	-8.669	58.3	-95.1
22.09	-8.697	62.4	-128.6
22.1	-8.726	58.8	-162.3
22.11	-8.756	49.0	-166.0
22.12	-8.786	35.4	-170.8
22.13	-8.817	20.5	-162.6
22.14	-8.848	6.2	-128.9
22.15	-8.880	-6.5	-107.8
22.16	-8.911	-16.7	-90.3
22.17	-8.942	-24.2	-49.9
22.18	-8.974	-29.1	-29.3
22.19	-9.009	-32.0	-16.0
22.2	-9.047	-33.8	11.9
22.21	-9.085	-35.3	21.5
22.22	-9.123	-36.8	25.6
22.23	-9.159	-38.3	32.4
22.24	-9.193	-38.9	21.3
22.25	-9.226	-38.0	-0.6
22.26	-9.259	-35.1	-11.3
22.27	-9.293	-30.7	-19.0
22.28	-9.324	-25.2	-34.9
22.29	-9.356	-19.1	-38.8
22.3	-9.387	-13.4	-28.8
22.31	-9.419	-8.8	-9.3
22.32	-9.452	-5.6	-14.3
22.33	-9.485	-3.9	-50.2
22.34	-9.518	-3.5	-85.1
22.35	-9.551	-4.6	-102.0
22.36	-9.583	-6.8	-98.9
22.37	-9.615	-9.8	-89.2
22.38	-9.645	-13.0	-51.7
22.39	-9.673	-16.1	-1.2
22.4	-9.700	-18.9	15.1
22.41	-9.727	-21.0	21.1
22.42	-9.754	-22.5	29.1
22.43	-9.781	-23.5	39.6
22.44	-9.809	-24.3	59.3
22.45	-9.838	-25.0	81.6
22.46	-9.867	-25.8	88.9
22.47	-9.895	-26.6	85.3
22.48	-9.923	-27.1	74.9
22.49	-9.951	-27.4	-48.6
22.5	-9.979	-27.5	-395.8
22.51	-10.006	-27.6	-629.2
22.52	-10.033	-27.2	-196.1
22.53	-10.061	-26.6	428.0
22.54	-10.087	-25.8	460.2
22.55	-10.113	-24.9	175.6
22.56	-10.134	-23.8	15.0
22.57	-10.152	-22.5	-8.7
22.58	-10.166	-21.1	9.3
22.59	-10.180	-19.5	20.2
22.6	-10.197	-17.4	4.6
22.61	-10.214	-13.4	-26.3
22.62	-10.233	-5.1	-42.2
22.63	-10.253	8.7	-62.3
22.64	-10.274	26.2	-89.8
22.65	-10.296	43.2	-110.1
22.66	-10.319	55.3	-135.8
22.67	-10.342	60.1	-167.6
22.68	-10.366	57.1	-196.7
22.69	-10.391	47.8	-193.5
22.7	-10.415	34.5	-168.6
22.71	-10.438	19.9	-157.4
22.72	-10.460	5.7	-140.4
22.73	-10.484	-6.7	-116.3
22.74	-10.506	-17.0	-91.4
22.75	-10.527	-25.0	-57.3
22.76	-10.550	-30.5	-21.6
22.77	-10.574	-34.0	5.1
22.78	-10.598	-36.4	20.9
22.79	-10.621	-38.1	35.7
22.8	-10.644	-39.7	36.2
22.81	-10.666	-40.8	17.8
22.82	-10.688	-40.9	0.9
22.83	-10.709	-39.2	-10.2
22.84	-10.730	-35.7	-21.0
22.85	-10.749	-30.4	-25.0
22.86	-10.768	-24.3	-27.2
22.87	-10.786	-18.0	-31.5
22.88	-10.803	-12.4	-38.3
22.89	-10.822	-7.9	-52.1
22.9	-10.841	-4.9	-75.7
22.91	-10.860	-3.5	-100.8
22.92	-10.879	-3.6	-103.8
22.93	-10.897	-4.9	-92.8
22.94	-10.913	-7.0	-76.0
22.95	-10.928	-9.6	-18.2
22.96	-10.944	-12.4	43.1
22.97	-10.960	-15.1	49.4
22.98	-10.977	-17.6	35.7
22.99	-10.993	-19.6	34.1
23.0	-11.008	-21.4	38.8
23.01	-11.024	-23.1	44.2
23.02	-11.041	-24.6	46.8
23.03	-11.057	-25.9	82.0
23.04	-11.072	-27.1	109.3
23.05	-11.087	-28.0	-34.9
23.06	-11.101	-28.4	-409.5
23.07	-11.111	-28.2	-634.9
23.08	-11.123	-27.7	-217.0
23.09	-11.137	-27.2	374.7
23.1	-11.153	-26.6	418.3
23.11	-11.168	-25.9	163.6
23.12	-11.178	-24.9	22.3
23.13	-11.182	-23.6	-2.6
23.14	-11.183	-22.0	1.6
23.15	-11.184	-20.0	3.6
23.16	-11.187	-17.5	-8.5
23.17	-11.191	-13.4	-21.8
23.18	-11.198	-5.6	-25.8
23.19	-11.206	7.3	-39.1
23.2	-11.216	24.1	-67.0
23.21	-11.226	41.0	-103.3
23.22	-11.238	53.6	-136.6
23.23	-11.249	59.2	-161.0
23.24	-11.261	57.1	-180.7
23.25	-11.272	48.8	-187.1
23.26	-11.282	36.3	-169.9
23.27	-11.289	21.9	-132.9
23.28	-11.296	7.7	-104.3
23.29	-11.301	-5.2	-100.3
23.3	-11.304	-15.9	-88.7
23.31	-11.308	-24.1	-47.1
23.32	-11.311	-29.9	-8.3
23.33	-11.314	-33.6	12.8
23.34	-11.317	-35.8	30.9
23.35	-11.319	-37.4	35.6
23.36	-11.321	-38.9	33.3
23.37	-11.323	-40.1	49.4
23.38	-11.323	-40.4	30.7
23.39	-11.321	-39.1	-20.0
23.4	-11.318	-35.9	-31.8
23.41	-11.313	-31.2	-26.1
23.42	-11.308	-25.3	-38.8
23.43	-11.304	-19.1	-64.2
23.44	-11.301	-13.2	-83.7
23.45	-11.299	-8.6	-85.4
23.46	-11.296	-5.4	-84.6
23.47	-11.290	-3.9	-81.6
23.48	-11.280	-3.7	-62.6
23.49	-11.267	-4.7	-25.7
23.5	-11.252	-6.4	4.8
23.51	-11.238	-8.7	24.3
23.52	-11.226	-11.2	39.5
23.53	-11.215	-13.9	47.0
23.54	-11.203	-16.7	68.5
23.55	-11.190	-19.5	80.3
23.56	-11.178	-22.1	62.9
23.57	-11.163	-24.3	74.0
23.58	-11.145	-26.1	89.3
23.59	-11.128	-27.6	-28.5
23.6	-11.109	-28.6	-365.5
23.61	-11.089	-29.1	-592.1
23.62	-11.068	-29.2	-193.6
23.63	-11.049	-28.9	382.5
23.64	-11.035	-28.2	410.7
23.65	-11.021	-27.1	156.2
23.66	-11.000	-25.8	16.0
23.67	-10.971	-24.2	-1.9
23.68	-10.934	-22.3	16.3
23.69	-10.896	-20.4	17.9
23.7	-10.858	-18.3	16.3
23.71	-10.821	-15.3	-2.4
23.72	-10.785	-9.5	-32.0
23.73	-10.750	0.8	-41.2
23.74	-10.716	15.5	-56.8
23.75	-10.684	31.7	-86.0
23.76	-10.651	45.3	-120.1
23.77	-10.620	53.1	-147.5
23.78	-10.591	53.7	-161.2
23.79	-10.564	47.7	-168.3
23.8	-10.535	37.0	-154.9
23.81	-10.506	23.7	-135.9
23.82	-10.477	9.8	-117.8
23.83	-10.449	-3.1	-83.9
23.84	-10.420	-14.1	-53.3
23.85	-10.393	-22.7	-27.3
23.86	-10.368	-28.9	-2.5
23.87	-10.342	-33.1	21.8
23.88	-10.316	-36.0	46.1
23.89	-10.289	-38.2	55.4
23.9	-10.262	-40.0	53.3
23.91	-10.234	-41.4	43.4
23.92	-10.206	-41.6	16.5
23.93	-10.177	-40.0	4.2
23.94	-10.145	-36.6	10.1
23.95	-10.111	-31.7	-9.3
23.96	-10.076	-25.8	-39.3
23.97	-10.043	-19.6	-44.5
23.98	-10.011	-13.7	-46.1
23.99	-9.981	-8.9	-65.1
24.0	-9.951	-5.6	-77.8
24.01	-9.922	-3.8	-72.0
24.02	-9.891	-3.4	-57.9
24.03	-9.859	-4.1	-20.3
24.04	-9.828	-5.7	30.0
24.05	-9.797	-8.0	58.4
24.06	-9.769	-10.6	61.6
24.07	-9.741	-13.3	55.7
24.08	-9.713	-16.1	62.3
24.09	-9.684	-18.8	75.2
24.1	-9.658	-21.5	80.1
24.11	-9.631	-23.7	91.7
24.12	-9.601	-25.4	114.8
24.13	-9.570	-26.8	63.6
24.14	-9.540	-28.0	-208.8
24.15	-9.510	-28.9	-514.2
24.16	-9.480	-29.3	-275.0
24.17	-9.452	-29.2	328.8
24.18	-9.426	-28.6	483.3
24.19	-9.404	-27.7	239.1
24.2	-9.381	-26.5	62.7
24.21	-9.356	-24.8	19.8
24.22	-9.326	-22.9	22.3
24.23	-9.293	-20.7	28.7
24.24	-9.259	-18.4	27.6
24.25	-9.225	-15.2	10.0
24.26	-9.193	-9.4	-8.4
24.27	-9.164	0.6	-16.0
24.28	-9.137	15.1	-36.6
24.29	-9.112	31.2	-63.4
24.3	-9.088	45.0	-92.7
24.31	-9.065	52.9	-128.5
24.32	-9.043	53.5	-151.3
24.33	-9.022	47.5	-160.2
24.34	-9.001	36.7	-155.2
24.35	-8.982	23.3	-130.5
24.36	-8.964	9.2	-99.0
24.37	-8.947	-3.8	-64.4
24.38	-8.929	-14.9	-40.0
24.39	-8.909	-23.7	-24.8
24.4	-8.891	-30.1	-1.1
24.41	-8.871	-34.5	13.8
24.42	-8.853	-37.4	22.1
24.43	-8.834	-39.5	40.6
24.44	-8.817	-41.0	41.3
24.45	-8.799	-41.8	37.3
24.46	-8.781	-41.4	36.2
24.47	-8.765	-39.4	8.6
24.48	-8.749	-35.6	-7.5
24.49	-8.732	-30.4	-2.5
24.5	-8.716	-24.3	-14.6
24.51	-8.700	-18.2	-32.9
24.52	-8.684	-12.7	-62.6
24.53	-8.669	-8.1	-85.8
24.54	-8.655	-4.8	-78.5
24.55	-8.640	-3.0	-77.6
24.56	-8.624	-2.7	-60.5
24.57	-8.607	-3.7	-6.9
24.58	-8.592	-5.4	40.0
24.59	-8.576	-7.8	59.6
24.6	-8.561	-10.8	62.9
24.61	-8.546	-13.9	69.4
24.62	-8.530	-16.9	84.3
24.63	-8.514	-19.7	103.5
24.64	-8.501	-22.1	96.6
24.65	-8.488	-24.1	102.3
24.66	-8.471	-25.7	143.5
24.67	-8.454	-26.9	56.8
24.68	-8.441	-27.8	-269.8
24.69	-8.431	-28.3	-479.3
24.7	-8.423	-28.1	-76.3
24.71	-8.418	-27.6	483.3
24.72	-8.413	-26.9	484.5
24.73	-8.409	-26.1	189.3
24.74	-8.402	-25.0	31.8
24.75	-8.392	-23.7	11.6
24.76	-8.378	-22.4	18.4
24.77	-8.363	-20.8	19.4
24.78	-8.347	-18.6	12.5
24.79	-8.332	-15.1	-2.7
24.8	-8.319	-8.8	-20.0
24.81	-8.311	1.8	-29.7
24.82	-8.307	16.5	-47.5
24.83	-8.304	32.1	-88.8
24.84	-8.300	44.6	-124.3
24.85	-8.296	51.0	-144.9
24.86	-8.291	50.6	-161.3
24.87	-8.286	44.2	-161.0
24.88	-8.283	33.3	-149.2
24.89	-8.281	20.0	-120.5
24.9	-8.280	6.3	-88.4
24.91	-8.279	-6.3	-69.4
24.92	-8.275	-16.9	-53.3
24.93	-8.271	-25.2	-35.8
24.94	-8.268	-31.1	-8.3
24.95	-8.264	-35.0	15.3
24.96	-8.261	-37.5	22.3
24.97	-8.257	-39.3	26.1
24.98	-8.251	-40.5	32.8
24.99	-8.246	-40.9	39.8
25.0	-8.240	-40.0	27.6
25.01	-8.236	-37.4	-1.3
25.02	-8.231	-33.1	-24.4
25.03	-8.226	-27.6	-41.5
25.04	-8.223	-21.6	-52.1
25.05	-8.220	-15.7	-72.4
25.06	-8.219	-10.4	-99.9
25.07	-8.219	-6.1	-102.8
25.08	-8.220	-3.5	-100.1
25.09	-8.219	-2.5	-76.3
25.1	-8.216	-2.7	-21.9
25.11	-8.213	-3.8	26.9
25.12	-8.209	-5.7	52.4
25.13	-8.204	-8.3	55.5
25.14	-8.200	-11.3	72.1
25.15	-8.195	-14.3	100.8
25.16	-8.191	-17.5	94.1
25.17	-8.190	-20.5	78.8
25.18	-8.189	-23.0	93.0
25.19	-8.184	-25.0	130.3
25.2	-8.179	-26.5	73.4
25.21	-8.179	-27.4	-218.1
25.22	-8.184	-28.0	-471.7
25.23	-8.194	-28.1	-124.4
25.24	-8.206	-27.7	478.1
25.25	-8.217	-27.0	526.4
25.26	-8.228	-26.1	216.5
25.27	-8.234	-25.1	35.6
25.28	-8.233	-24.0	15.3
25.29	-8.223	-22.7	24.2
25.3	-8.209	-21.2	14.8
25.31	-8.196	-19.3	20.5
25.32	-8.186	-16.1	-1.2
25.33	-8.179	-10.2	-42.8
25.34	-8.176	0.4	-58.6
25.35	-8.175	15.4	-67.3
25.36	-8.176	31.5	-88.4
25.37	-8.176	44.7	-123.0
25.38	-8.176	51.8	-151.3
25.39	-8.178	51.8	-162.1
25.4	-8.180	45.4	-166.0
25.41	-8.184	34.3	-155.3
25.42	-8.190	20.7	-143.1
25.43	-8.199	7.0	-130.9
25.44	-8.209	-5.5	-111.5
25.45	-8.217	-16.2	-83.1
25.46	-8.228	-24.8	-51.4
25.47	-8.239	-31.2	-13.4
25.48	-8.249	-35.5	23.3
25.49	-8.259	-38.3	30.2
25.5	-8.268	-40.3	24.7
25.51	-8.276	-41.7	13.4
25.52	-8.283	-42.2	-4.4
25.53	-8.289	-41.1	-8.7
25.54	-8.297	-38.1	-28.3
25.55	-8.308	-33.7	-58.1
25.56	-8.322	-28.2	-71.8
25.57	-8.341	-22.2	-91.4
25.58	-8.363	-16.2	-114.5
25.59	-8.386	-10.8	-123.7
25.6	-8.411	-6.5	-115.0
25.61	-8.436	-3.6	-84.6
25.62	-8.459	-2.1	-26.5
25.63	-8.482	-2.1	30.4
25.64	-8.505	-3.3	45.2
25.65	-8.527	-5.4	52.0
25.66	-8.547	-8.3	64.1
25.67	-8.568	-11.8	68.5
25.68	-8.591	-15.3	77.6
25.69	-8.617	-18.7	79.8
25.7	-8.646	-21.7	91.1
25.71	-8.672	-24.3	130.4
25.72	-8.699	-26.5	73.3
25.73	-8.728	-28.2	-222.8
25.74	-8.761	-29.2	-468.4
25.75	-8.794	-29.7	-97.8
25.76	-8.828	-29.7	494.1
25.77	-8.861	-29.2	505.9
25.78	-8.892	-28.3	196.7
25.79	-8.921	-26.8	34.1
25.8	-8.944	-24.8	0.0
25.81	-8.961	-22.7	2.5
25.82	-8.974	-20.7	12.1
25.83	-8.989	-18.6	17.4
25.84	-9.006	-15.6	0.5
25.85	-9.028	-9.8	-29.7
25.86	-9.053	0.5	-62.2
25.87	-9.079	15.0	-89.8
25.88	-9.106	31.0	-111.1
25.89	-9.133	44.4	-135.0
25.9	-9.161	51.8	-158.8
25.91	-9.189	52.0	-166.8
25.92	-9.217	45.8	-166.8
25.93	-9.248	34.9	-166.3
25.94	-9.279	21.5	-151.5
25.95	-9.311	7.8	-128.9
25.96	-9.341	-4.8	-103.5
25.97	-9.370	-15.6	-69.8
25.98	-9.398	-24.4	-39.5
25.99	-9.425	-30.9	-17.8
26.0	-9.452	-35.4	1.5
26.01	-9.479	-38.2	16.7
26.02	-9.506	-40.0	19.3
26.03	-9.534	-41.2	19.7
26.04	-9.561	-41.6	14.1
26.05	-9.587	-40.5	-6.9
26.06	-9.614	-37.6	-34.0
26.07	-9.640	-32.9	-66.6
26.08	-9.666	-26.9	-106.6
26.09	-9.693	-20.6	-130.6
26.1	-9.720	-14.6	-129.7
26.11	-9.746	-9.3	-114.0
26.12	-9.771	-4.9	-73.5
26.13	-9.794	-1.9	-17.6
26.14	-9.817	-0.4	11.4
26.15	-9.839	-0.3	24.3
26.16	-9.863	-1.6	44.1
26.17	-9.887	-4.1	51.8
26.18	-9.909	-7.6	69.4
26.19	-9.932	-11.5	96.3
26.2	-9.954	-15.5	71.8
26.21	-9.977	-19.1	62.4
26.22	-9.999	-22.5	98.9
26.23	-10.021	-25.2	26.6
26.24	-10.045	-26.9	-287.2
26.25	-10.068	-27.6	-562.7
26.26	-10.091	-27.6	-209.0
26.27	-10.114	-27.2	436.0
26.28	-10.140	-26.6	513.6
26.29	-10.165	-26.0	201.3
26.3	-10.188	-25.2	11.8
26.31	-10.204	-24.2	-14.8
26.32	-10.216	-22.8	3.4
26.33	-10.228	-21.2	7.3
26.34	-10.241	-19.4	-4.0
26.35	-10.255	-16.5	-14.1
26.36	-10.270	-10.8	-19.7
26.37	-10.286	-0.2	-41.7
26.38	-10.304	15.0	-78.5
26.39	-10.324	31.5	-110.9
26.4	-10.346	45.2	-144.4
26.41	-10.368	52.5	-174.3
26.42	-10.391	52.2	-187.9
26.43	-10.414	45.3	-183.1
26.44	-10.436	33.9	-159.0
26.45	-10.458	20.3	-138.5
26.46	-10.481	6.3	-132.1
26.47	-10.503	-6.5	-114.2
26.48	-10.523	-16.9	-80.2
26.49	-10.544	-24.9	-48.4
26.5	-10.568	-31.1	-26.6
26.51	-10.592	-35.6	1.8
26.52	-10.616	-38.8	24.5
26.53	-10.639	-41.0	29.6
26.54	-10.662	-42.6	19.6
26.55	-10.684	-43.3	1.5
26.56	-10.708	-42.4	-10.6
26.57	-10.731	-39.4	-34.0
26.58	-10.753	-34.6	-69.7
26.59	-10.774	-28.7	-114.4
26.6	-10.794	-22.4	-132.1
26.61	-10.816	-16.3	-113.2
26.62	-10.838	-10.8	-113.4
26.63	-10.859	-6.4	-84.8
26.64	-10.881	-3.7	-18.5
26.65	-10.901	-2.6	17.3
26.66	-10.922	-2.9	26.9
26.67	-10.943	-4.4	42.4
26.68	-10.961	-7.1	58.5
26.69	-10.978	-10.6	64.2
26.7	-10.995	-14.7	64.1
26.71	-11.011	-18.9	59.0
26.72	-11.025	-22.4	74.6
26.73	-11.037	-24.7	75.3
26.74	-11.049	-25.8	-81.2
26.75	-11.060	-26.3	-426.2
26.76	-11.068	-26.4	-501.7
26.77	-11.076	-26.2	30.2
26.78	-11.086	-25.9	472.6
26.79	-11.099	-25.2	355.4
26.8	-11.109	-24.3	97.4
26.81	-11.114	-23.4	-19.5
26.82	-11.113	-22.4	-20.6
26.83	-11.111	-20.9	22.1
26.84	-11.110	-18.6	35.3
26.85	-11.112	-15.4	4.7
26.86	-11.114	-10.7	-25.6
26.87	-11.118	-2.6	-45.3
26.88	-11.121	10.1	-61.7
26.89	-11.123	25.8	-78.8
26.9	-11.123	40.6	-107.8
26.91	-11.123	50.4	-134.4
26.92	-11.124	53.5	-157.7
26.93	-11.123	49.8	-172.4
26.94	-11.120	40.6	-169.0
26.95	-11.114	28.2	-151.7
26.96	-11.108	14.9	-132.3
26.97	-11.099	2.0	-110.5
26.98	-11.089	-9.4	-84.8
26.99	-11.076	-18.7	-60.9
27.0	-11.061	-25.7	-19.8
27.01	-11.044	-30.7	15.9
27.02	-11.026	-34.1	25.2
27.03	-11.007	-36.5	30.3
27.04	-10.988	-38.5	17.9
27.05	-10.970	-39.8	11.0
27.06	-10.952	-39.6	10.2
27.07	-10.935	-37.6	-18.0
27.08	-10.918	-34.0	-56.9
27.09	-10.901	-29.2	-91.0
27.1	-10.884	-23.5	-111.8
27.11	-10.866	-17.4	-110.8
27.12	-10.846	-11.8	-99.9
27.13	-10.824	-7.1	-78.8
27.14	-10.801	-3.8	-30.1
27.15	-10.779	-2.2	12.2
27.16	-10.761	-2.0	20.8
27.17	-10.746	-2.9	32.7
27.18	-10.730	-4.3	49.7
27.19	-10.714	-6.3	61.2
27.2	-10.698	-9.0	67.9
27.21	-10.683	-12.1	72.2
27.22	-10.666	-15.4	96.4
27.23	-10.648	-18.7	103.6
27.24	-10.631	-21.8	-26.3
27.25	-10.615	-24.2	-355.0
27.26	-10.598	-25.5	-522.0
27.27	-10.582	-26.0	-83.1
27.28	-10.571	-26.0	432.5
27.29	-10.567	-25.7	405.2
27.3	-10.565	-25.1	149.3
27.31	-10.556	-24.2	29.9
27.32	-10.536	-22.9	20.1
27.33	-10.509	-21.2	21.4
27.34	-10.482	-19.2	3.5
27.35	-10.456	-16.9	-7.3
27.36	-10.433	-13.1	-2.3
27.37	-10.412	-6.0	-16.4
27.38	-10.391	5.4	-47.0
27.39	-10.372	20.1	-71.5
27.4	-10.353	34.8	-91.8
27.41	-10.335	45.7	-117.9
27.42	-10.319	50.6	-147.3
27.43	-10.303	48.9	-163.8
27.44	-10.288	41.3	-164.1
27.45	-10.270	29.6	-146.9
27.46	-10.254	16.1	-123.8
27.47	-10.237	2.7	-107.0
27.48	-10.219	-9.2	-81.4
27.49	-10.202	-18.9	-35.2
27.5	-10.185	-26.2	-6.3
27.51	-10.169	-31.3	11.6
27.52	-10.152	-34.7	34.9
27.53	-10.134	-37.2	43.0
27.54	-10.116	-39.1	34.8
27.55	-10.095	-40.4	21.6
27.56	-10.073	-40.5	9.2
27.57	-10.050	-38.8	-10.0
27.58	-10.026	-35.3	-28.2
27.59	-10.001	-30.6	-49.0
27.6	-9.975	-25.1	-77.3
27.61	-9.948	-19.4	-89.2
27.62	-9.921	-13.9	-105.4
27.63	-9.893	-9.3	-105.1
27.64	-9.863	-5.7	-50.1
27.65	-9.834	-3.4	4.6
27.66	-9.806	-2.6	35.7
27.67	-9.779	-3.2	58.9
27.68	-9.752	-5.1	82.8
27.69	-9.724	-7.6	101.8
27.7	-9.694	-10.3	94.2
27.71	-9.666	-13.0	84.6
27.72	-9.636	-15.6	96.6
27.73	-9.603	-18.1	125.5
27.74	-9.571	-20.3	79.0
27.75	-9.541	-22.1	-180.7
27.76	-9.511	-23.4	-464.3
27.77	-9.481	-24.3	-208.7
27.78	-9.453	-24.8	381.8
27.79	-9.428	-25.0	500.7
27.8	-9.407	-24.8	235.1
27.81	-9.385	-24.1	64.1
27.82	-9.359	-23.0	35.2
27.83	-9.329	-21.6	43.5
27.84	-9.296	-19.9	44.1
27.85	-9.261	-17.7	41.3
27.86	-9.228	-14.5	29.6
27.87	-9.196	-8.8	15.3
27.88	-9.166	1.0	-13.4
27.89	-9.139	14.8	-52.1
27.9	-9.113	29.8	-66.6
27.91	-9.088	42.1	-84.0
27.92	-9.063	48.8	-114.8
27.93	-9.039	49.2	-128.1
27.94	-9.017	43.8	-126.1
27.95	-8.995	34.0	-108.7
27.96	-8.974	21.7	-91.2
27.97	-8.955	9.1	-77.6
27.98	-8.935	-2.4	-52.8
27.99	-8.914	-12.2	-18.3
28.0	-8.895	-20.0	21.3
28.01	-8.877	-26.0	54.3
28.02	-8.861	-30.4	66.4
28.03	-8.848	-33.8	62.0
28.04	-8.836	-36.6	56.3
28.05	-8.826	-38.7	54.7
28.06	-8.815	-39.4	55.9
28.07	-8.803	-38.1	49.3
28.08	-8.790	-34.9	32.4
28.09	-8.776	-30.1	18.6
28.1	-8.762	-24.4	-11.4
28.11	-8.748	-18.3	-54.4
28.12	-8.733	-12.5	-76.3
28.13	-8.719	-7.7	-75.5
28.14	-8.703	-4.1	-57.4
28.15	-8.688	-1.7	-17.3
28.16	-8.671	-0.6	38.8
28.17	-8.655	-0.7	69.3
28.18	-8.639	-1.9	80.6
28.19	-8.621	-3.9	103.9
28.2	-8.601	-6.6	114.9
28.21	-8.581	-9.8	124.9
28.22	-8.562	-13.3	128.1
28.23	-8.544	-16.7	130.7
28.24	-8.524	-19.8	167.5
28.25	-8.502	-22.3	168.1
28.26	-8.482	-24.2	-24.1
28.27	-8.465	-25.3	-364.3
28.28	-8.449	-25.8	-302.7
28.29	-8.436	-25.6	282.6
28.3	-8.423	-25.1	579.4
28.31	-8.411	-24.3	363.5
28.32	-8.398	-23.4	128.0
28.33	-8.382	-22.6	56.3
28.34	-8.361	-21.7	58.4
28.35	-8.338	-20.4	61.7
28.36	-8.313	-18.5	64.8
28.37	-8.286	-15.6	54.4
28.38	-8.260	-10.0	21.5
28.39	-8.237	-0.1	0.9
28.4	-8.217	14.1	-13.0
28.41	-8.199	29.7	-34.7
28.42	-8.182	42.5	-54.8
28.43	-8.167	49.5	-80.6
28.44	-8.152	49.7	-112.2
28.45	-8.139	44.0	-117.8
28.46	-8.126	33.9	-100.8
28.47	-8.114	21.3	-81.9
28.48	-8.105	8.3	-60.8
28.49	-8.098	-3.5	-49.1
28.5	-8.091	-13.2	-33.1
28.51	-8.085	-20.6	3.8
28.52	-8.078	-26.2	32.5
28.53	-8.071	-30.2	53.2
28.54	-8.065	-33.2	78.3
28.55	-8.058	-35.6	85.8
28.56	-8.051	-37.5	70.3
28.57	-8.045	-38.6	46.7
28.58	-8.039	-38.1	35.1
28.59	-8.033	-35.8	35.3
28.6	-8.029	-31.6	22.7
28.61	-8.025	-26.0	-4.3
28.62	-8.022	-19.8	-26.4
28.63	-8.019	-13.8	-43.2
28.64	-8.018	-8.8	-68.9
28.65	-8.018	-5.0	-77.9
28.66	-8.019	-2.6	-64.7
28.67	-8.020	-1.7	-29.6
28.68	-8.020	-2.0	31.2
28.69	-8.020	-3.5	92.5
28.7	-8.018	-5.7	117.6
28.71	-8.015	-8.1	103.6
28.72	-8.010	-10.7	96.1
28.73	-8.004	-13.6	102.3
28.74	-8.001	-16.7	113.1
28.75	-8.000	-19.7	134.6
28.76	-7.998	-22.4	163.4
28.77	-7.994	-24.6	179.3
28.78	-7.993	-26.2	34.5
28.79	-7.996	-27.3	-315.3
28.8	-8.001	-27.7	-356.2
28.81	-8.009	-27.5	208.4
28.82	-8.018	-26.7	623.2
28.83	-8.027	-25.3	437.8
28.84	-8.033	-23.5	140.6
28.85	-8.033	-21.6	33.0
28.86	-8.026	-20.2	44.0
28.87	-8.016	-18.8	70.6
28.88	-8.004	-17.1	62.6
28.89	-7.994	-14.3	52.8
28.9	-7.985	-8.9	28.0
28.91	-7.981	0.8	-2.7
28.92	-7.979	14.7	-28.3
28.93	-7.980	29.9	-60.1
28.94	-7.981	42.6	-69.1
28.95	-7.981	50.2	-82.5
28.96	-7.982	51.3	-115.8
28.97	-7.984	46.0	-123.7
28.98	-7.987	35.9	-116.5
28.99	-7.992	23.3	-105.8
29.0	-8.000	10.2	-88.7
29.01	-8.009	-1.8	-66.0
29.02	-8.018	-12.2	-40.1
29.03	-8.025	-20.7	-18.0
29.04	-8.032	-26.6	11.3
29.05	-8.039	-30.3	44.6
29.06	-8.045	-32.8	61.0
29.07	-8.050	-34.8	59.7
29.08	-8.054	-36.5	52.8
29.09	-8.058	-37.5	41.9
29.1	-8.061	-37.2	40.8
29.11	-8.065	-35.3	40.2
29.12	-8.069	-31.6	10.6
29.13	-8.075	-26.5	-23.5
29.14	-8.082	-20.7	-43.7
29.15	-8.094	-15.0	-78.1
29.16	-8.109	-9.6	-109.7
29.17	-8.128	-5.0	-106.1
29.18	-8.148	-2.2	-90.4
29.19	-8.168	-1.1	-52.8
29.2	-8.185	-1.3	26.3
29.21	-8.199	-2.6	82.0
29.22	-8.211	-4.8	79.8
29.23	-8.217	-7.7	72.4
29.24	-8.221	-10.8	84.2
29.25	-8.225	-14.2	98.1
29.26	-8.232	-17.5	104.6
29.27	-8.246	-20.7	116.9
29.28	-8.261	-23.4	132.9
29.29	-8.273	-25.4	143.9
29.3	-8.287	-26.7	38.2
29.31	-8.310	-27.5	-280.8
29.32	-8.341	-27.9	-421.8
29.33	-8.377	-27.4	50.1
29.34	-8.416	-26.3	559.3
29.35	-8.453	-25.0	485.8
29.36	-8.488	-23.8	186.9
29.37	-8.521	-22.6	37.3
29.38	-8.546	-21.2	13.4
29.39	-8.562	-19.7	29.9
29.4	-8.573	-17.8	35.5
29.41	-8.584	-15.2	27.8
29.42	-8.599	-10.7	11.4
29.43	-8.619	-2.2	-14.0
29.44	-8.644	10.8	-41.7
29.45	-8.672	26.3	-67.3
29.46	-8.701	40.4	-98.6
29.47	-8.732	49.4	-131.0
29.48	-8.766	51.6	-138.6
29.49	-8.802	47.2	-134.1
29.5	-8.838	37.9	-145.9
29.51	-8.874	25.8	-146.8
29.52	-8.912	12.9	-125.8
29.53	-8.949	0.6	-94.9
29.54	-8.986	-10.1	-59.9
29.55	-9.020	-18.7	-30.2
29.56	-9.054	-24.8	-14.3
29.57	-9.087	-29.0	7.4
29.58	-9.119	-32.0	41.6
29.59	-9.151	-34.3	51.3
29.6	-9.184	-35.9	44.5
29.61	-9.216	-37.1	55.7
29.62	-9.248	-37.5	40.3
29.63	-9.281	-36.4	2.0
29.64	-9.312	-33.4	-3.5
29.65	-9.343	-28.6	-12.6
29.66	-9.374	-22.7	-49.4
29.67	-9.404	-16.6	-83.1
29.68	-9.435	-11.0	-109.7
29.69	-9.466	-6.6	-106.2
29.7	-9.498	-3.8	-81.1
29.71	-9.528	-2.7	-79.0
29.72	-9.557	-2.8	-60.9
29.73	-9.585	-3.9	-2.9
29.74	-9.613	-5.5	32.3
29.75	-9.641	-7.6	53.4
29.76	-9.669	-10.1	90.6
29.77	-9.696	-12.9	91.6
29.78	-9.724	-15.7	75.6
29.79	-9.752	-18.6	70.2
29.8	-9.781	-21.2	69.5
29.81	-9.809	-23.4	102.2
29.82	-9.836	-25.0	89.3
29.83	-9.864	-26.0	-148.2
29.84	-9.894	-26.2	-527.4
29.85	-9.922	-26.0	-416.3
29.86	-9.953	-25.4	236.0
29.87	-9.983	-24.6	546.4
29.88	-10.015	-23.8	325.1
29.89	-10.044	-23.0	77.8
29.9	-10.069	-21.9	2.3
29.91	-10.088	-20.6	20.2
29.92	-10.103	-19.0	26.4
29.93	-10.118	-17.0	10.4
29.94	-10.133	-13.6	-5.2
29.95	-10.151	-6.9	-16.1
29.96	-10.171	4.6	-36.6
29.97	-10.193	19.9	-77.3
29.98	-10.215	35.6	-111.1
29.99	-10.238	47.7	-135.7
30.0	-10.261	53.3	-166.0
30.01	-10.286	52.0	-179.1
30.02	-10.311	44.6	-168.6
30.03	-10.336	33.2	-156.7
30.04	-10.360	20.2	-148.1
30.05	-10.385	7.2	-138.7
30.06	-10.410	-4.5	-112.5
30.07	-10.434	-14.3	-62.4
30.08	-10.458	-21.9	-21.9
30.09	-10.483	-27.2	-6.4
30.1	-10.509	-30.8	-10.1
30.11	-10.535	-33.1	-8.9
30.12	-10.561	-34.8	9.3
30.13	-10.587	-36.4	29.2
30.14	-10.613	-37.7	44.0
30.15	-10.638	-37.8	29.6
30.16	-10.664	-36.0	-12.3
30.17	-10.689	-32.3	-34.0
30.18	-10.715	-27.2	-44.5
30.19	-10.740	-21.3	-60.3
30.2	-10.766	-15.3	-90.4
30.21	-10.792	-9.9	-127.7
30.22	-10.818	-6.0	-127.6
30.23	-10.842	-3.6	-103.8
30.24	-10.864	-2.7	-88.2
30.25	-10.886	-3.0	-57.6
30.26	-10.907	-4.3	-2.6
30.27	-10.929	-6.3	45.2
30.28	-10.951	-8.7	46.4
30.29	-10.972	-11.1	31.9
30.3	-10.992	-13.8	48.9
30.31	-11.010	-16.6	53.7
30.32	-11.029	-19.0	45.1
30.33	-11.046	-21.3	64.5
30.34	-11.061	-23.3	85.2
30.35	-11.074	-25.0	35.3
30.36	-11.087	-26.3	-204.5
30.37	-11.097	-27.1	-530.3
30.38	-11.106	-27.2	-395.0
30.39	-11.118	-26.7	208.4
30.4	-11.131	-25.9	464.8
30.41	-11.143	-24.9	247.4
30.42	-11.150	-23.6	47.3
30.43	-11.150	-22.2	-6.0
30.44	-11.148	-20.7	-7.9
30.45	-11.144	-19.1	-7.3
30.46	-11.141	-17.0	-10.5
30.47	-11.139	-13.6	-20.7
30.48	-11.139	-6.6	-36.3
30.49	-11.141	5.4	-52.3
30.5	-11.143	21.3	-77.9
30.51	-11.146	37.3	-106.6
30.52	-11.151	49.3	-133.9
30.53	-11.159	54.8	-162.7
30.54	-11.168	53.0	-178.8
30.55	-11.178	45.2	-186.7
30.56	-11.189	33.6	-178.2
30.57	-11.201	20.5	-152.3
30.58	-11.215	7.6	-125.1
30.59	-11.232	-3.9	-81.5
30.6	-11.249	-13.5	-58.7
30.61	-11.268	-20.9	-62.0
30.62	-11.286	-26.2	-46.2
30.63	-11.303	-29.8	-4.9
30.64	-11.318	-32.3	34.3
30.65	-11.332	-34.5	45.3
30.66	-11.346	-36.5	30.1
30.67	-11.360	-37.7	3.0
30.68	-11.374	-37.5	-3.0
30.69	-11.387	-36.0	-7.2
30.7	-11.398	-33.0	-29.6
30.71	-11.404	-28.4	-35.9
30.72	-11.409	-22.7	-47.7
30.73	-11.412	-16.9	-81.8
30.74	-11.414	-11.7	-102.0
30.75	-11.416	-7.4	-101.4
30.76	-11.416	-4.2	-102.6
30.77	-11.414	-2.5	-77.2
30.78	-11.410	-2.2	-45.3
30.79	-11.404	-2.9	-44.6
30.8	-11.394	-4.3	-21.7
30.81	-11.380	-6.4	18.0
30.82	-11.363	-9.3	36.5
30.83	-11.340	-12.5	40.8
30.84	-11.314	-15.3	37.7
30.85	-11.286	-17.7	30.2
30.86	-11.260	-19.9	22.3
30.87	-11.234	-22.3	43.4
30.88	-11.209	-24.6	63.3
30.89	-11.186	-26.1	-23.5
30.9	-11.165	-26.6	-328.1
30.91	-11.143	-26.6	-559.7
30.92	-11.119	-26.3	-165.3
30.93	-11.099	-25.7	402.3
30.94	-11.084	-25.3	393.0
30.95	-11.068	-24.8	115.0
30.96	-11.044	-23.6	-16.4
30.97	-11.012	-21.6	-22.9
30.98	-10.976	-19.2	-6.2
30.99	-10.938	-17.0	-9.7
31.0	-10.899	-14.5	-29.4
31.01	-10.863	-10.3	-35.9
31.02	-10.828	-2.3	-29.6
31.03	-10.795	10.1	-46.8
31.04	-10.763	25.3	-61.2
31.05	-10.732	39.6	-87.0
31.06	-10.701	49.5	-135.2
31.07	-10.671	53.0	-169.1
31.08	-10.642	49.9	-184.2
31.09	-10.612	41.4	-186.2
31.1	-10.582	29.7	-157.7
31.11	-10.553	17.0	-118.1
31.12	-10.528	4.3	-114.5
31.13	-10.505	-7.1	-98.7
31.14	-10.483	-16.3	-62.8
31.15	-10.463	-22.9	-40.7
31.16	-10.444	-27.4	-14.9
31.17	-10.422	-30.5	15.1
31.18	-10.399	-33.0	28.0
31.19	-10.374	-35.5	33.2
31.2	-10.347	-37.9	47.2
31.21	-10.319	-39.5	57.7
31.22	-10.289	-39.4	32.0
31.23	-10.259	-37.0	-4.7
31.24	-10.229	-32.5	-12.5
31.25	-10.197	-27.1	-10.7
31.26	-10.166	-21.3	-3.8
31.27	-10.136	-15.8	-6.3
31.28	-10.104	-11.1	-31.1
31.29	-10.072	-7.7	-47.3
31.3	-10.040	-5.7	-68.1
31.31	-10.009	-5.1	-65.4
31.32	-9.978	-5.6	-42.9
31.33	-9.945	-7.0	-53.1
31.34	-9.910	-9.1	-56.9
31.35	-9.874	-11.4	-27.9
31.36	-9.839	-13.6	16.7
31.37	-9.805	-15.9	53.8
31.38	-9.773	-18.2	72.9
31.39	-9.742	-20.3	97.8
31.4	-9.710	-22.4	111.4
31.41	-9.678	-24.4	91.0
31.42	-9.646	-26.1	64.4
31.43	-9.613	-27.4	66.3
31.44	-9.579	-28.3	78.5
