Interval=	0.01 s
ExcelDateTime=	3.9777698243536957e+004	25/11/2008 16:45:28.241593
TimeFormat=	StartOfBlock
ChannelTitle=	Channel 1	Channel 2	Channel 3
Range=	20.000 mV	200.0 mV	1000.0 µV
0.0	-9.165	-25.3	2.9
0.01	-9.150	-22.9	13.3
0.02	-9.132	-20.5	20.5
0.03	-9.114	-17.1	15.1
0.04	-9.097	-10.4	10.1
0.05	-9.080	3.6	14.3
0.06	-9.064	29.4	-24.0
0.07	-9.049	69.6	-86.8
0.08	-9.033	121.4	-129.5
0.09	-9.019	170.4	-158.0
0.1	-9.008	197.7	-186.3
0.11	-8.998	204.2	-205.9
0.12	-8.988	201.9	-167.7
0.13	-8.979	185.3	-125.9
0.14	-8.970	145.5	-118.4
0.15	-8.961	91.5	-85.3
0.16	-8.954	37.2	-34.2
0.17	-8.945	-10.7	11.3
0.18	-8.936	-49.1	35.9
0.19	-8.929	-77.3	57.5
0.2	-8.923	-96.0	108.3
0.21	-8.916	-107.4	129.3
0.22	-8.909	-114.5	102.9
0.23	-8.899	-119.9	80.8
0.24	-8.888	-123.9	70.8
0.25	-8.877	-124.5	61.7
0.26	-8.866	-119.1	45.0
0.27	-8.856	-107.5	48.1
0.28	-8.846	-91.5	67.0
0.29	-8.836	-73.4	78.3
0.3	-8.826	-54.9	73.0
0.31	-8.816	-37.6	44.8
0.32	-8.805	-22.5	32.7
0.33	-8.793	-10.4	33.6
0.34	-8.781	-1.8	36.1
0.35	-8.769	3.2	46.1
0.36	-8.758	4.8	59.3
0.37	-8.746	2.9	83.1
0.38	-8.735	-2.2	96.5
0.39	-8.724	-10.0	69.9
0.4	-8.714	-19.2	34.8
0.41	-8.704	-28.8	4.3
0.42	-8.694	-37.5	-25.7
0.43	-8.685	-44.6	-39.5
0.44	-8.676	-49.7	-36.7
0.45	-8.667	-52.5	-3.2
0.46	-8.658	-53.3	33.8
0.47	-8.651	-52.3	56.3
0.48	-8.646	-50.2	84.9
0.49	-8.643	-47.4	90.0
0.5	-8.639	-44.7	83.6
0.51	-8.636	-42.5	86.0
0.52	-8.631	-40.7	88.0
0.53	-8.626	-39.1	100.8
0.54	-8.621	-37.6	122.0
0.55	-8.617	-36.4	145.7
0.56	-8.614	-35.2	90.5
0.57	-8.616	-34.1	-186.9
0.58	-8.621	-33.1	-570.7
0.59	-8.631	-32.2	-441.0
0.6	-8.646	-31.8	195.0
0.61	-8.668	-31.3	447.4
0.62	-8.697	-30.5	238.5
0.63	-8.730	-29.1	81.8
0.64	-8.761	-27.2	87.3
0.65	-8.786	-25.0	100.2
0.66	-8.806	-22.7	54.6
0.67	-8.826	-20.4	43.0
0.68	-8.848	-17.7	37.8
0.69	-8.876	-12.9	13.6
0.7	-8.908	-1.9	3.0
0.71	-8.943	20.0	-20.9
0.72	-8.979	56.3	-66.9
0.73	-9.014	106.2	-95.0
0.74	-9.049	158.6	-108.6
0.75	-9.084	193.0	-154.5
0.76	-9.119	203.6	-193.0
0.77	-9.154	203.6	-191.7
0.78	-9.186	193.4	-169.5
0.79	-9.217	161.2	-141.2
0.8	-9.248	110.0	-105.8
0.81	-9.279	55.1	-47.3
0.82	-9.311	5.6	-2.9
0.83	-9.341	-35.0	28.3
0.84	-9.372	-65.6	69.0
0.85	-9.404	-86.7	82.8
0.86	-9.434	-100.1	79.5
0.87	-9.463	-108.6	79.1
0.88	-9.491	-114.6	79.7
0.89	-9.516	-119.1	84.1
0.9	-9.542	-120.8	73.3
0.91	-9.567	-117.4	72.5
0.92	-9.591	-108.2	81.5
0.93	-9.615	-94.8	61.3
0.94	-9.638	-79.2	48.0
0.95	-9.660	-63.0	48.9
0.96	-9.681	-47.3	42.3
0.97	-9.703	-32.8	35.6
0.98	-9.724	-20.1	45.8
0.99	-9.746	-9.7	66.4
1.0	-9.766	-2.2	61.9
1.01	-9.787	1.9	60.4
1.02	-9.807	2.3	68.3
1.03	-9.828	-1.1	60.0
1.04	-9.848	-7.6	60.8
1.05	-9.868	-16.0	59.4
1.06	-9.888	-24.9	43.1
1.07	-9.909	-32.9	25.5
1.08	-9.929	-39.4	6.8
1.09	-9.948	-44.1	1.9
1.1	-9.966	-47.2	-5.7
1.11	-9.983	-49.1	-33.8
1.12	-9.997	-49.9	-22.4
1.13	-10.009	-49.9	30.8
1.14	-10.022	-48.7	60.2
1.15	-10.037	-46.5	76.2
1.16	-10.052	-43.3	113.7
1.17	-10.066	-39.7	124.5
1.18	-10.079	-36.4	104.7
1.19	-10.093	-34.0	90.8
1.2	-10.107	-32.8	82.9
1.21	-10.120	-32.5	99.6
1.22	-10.133	-32.5	93.6
1.23	-10.146	-32.3	-78.3
1.24	-10.158	-31.9	-432.8
1.25	-10.170	-31.1	-511.7
1.26	-10.182	-30.1	-6.8
1.27	-10.194	-28.9	440.5
1.28	-10.208	-27.8	361.2
1.29	-10.220	-27.0	135.3
1.3	-10.228	-26.4	44.9
1.31	-10.233	-25.4	39.4
1.32	-10.238	-23.7	47.7
1.33	-10.241	-21.5	61.1
1.34	-10.244	-18.9	81.8
1.35	-10.247	-15.8	48.2
1.36	-10.249	-10.5	-17.2
1.37	-10.250	0.8	-39.6
1.38	-10.251	22.2	-50.9
1.39	-10.254	57.0	-81.6
1.4	-10.258	104.2	-120.7
1.41	-10.263	154.8	-131.6
1.42	-10.269	190.4	-141.6
1.43	-10.274	203.1	-181.9
1.44	-10.278	202.8	-193.6
1.45	-10.279	189.4	-175.8
1.46	-10.278	153.9	-140.1
1.47	-10.277	102.6	-82.3
1.48	-10.276	48.5	-29.7
1.49	-10.275	-1.0	28.2
1.5	-10.273	-42.0	76.2
1.51	-10.272	-72.9	96.9
1.52	-10.269	-93.9	112.2
1.53	-10.264	-106.8	105.9
1.54	-10.255	-114.2	96.4
1.55	-10.242	-118.3	97.8
1.56	-10.225	-120.1	96.4
1.57	-10.206	-118.1	93.3
1.58	-10.184	-111.4	82.5
1.59	-10.159	-100.1	90.4
1.6	-10.131	-85.6	92.0
1.61	-10.102	-69.3	66.7
1.62	-10.071	-52.8	61.9
1.63	-10.042	-37.5	62.3
1.64	-10.012	-24.3	56.9
1.65	-9.984	-13.7	51.6
1.66	-9.956	-5.8	48.4
1.67	-9.930	-0.7	67.6
1.68	-9.904	1.5	93.7
1.69	-9.879	0.9	91.9
1.7	-9.855	-2.6	68.6
1.71	-9.832	-8.6	46.1
1.72	-9.809	-16.3	17.7
1.73	-9.786	-24.8	-12.5
1.74	-9.763	-33.1	-32.5
1.75	-9.738	-40.0	-33.7
1.76	-9.712	-44.8	-4.3
1.77	-9.687	-47.2	53.6
1.78	-9.663	-47.5	115.5
1.79	-9.642	-46.5	135.3
1.8	-9.621	-45.0	117.0
1.81	-9.598	-43.3	96.9
1.82	-9.573	-41.7	86.3
1.83	-9.547	-40.1	97.0
1.84	-9.521	-38.5	112.1
1.85	-9.496	-37.3	137.6
1.86	-9.471	-36.5	154.1
1.87	-9.447	-36.0	10.1
1.88	-9.425	-35.6	-378.9
1.89	-9.403	-35.3	-569.1
1.9	-9.383	-34.6	-110.1
1.91	-9.364	-33.3	405.8
1.92	-9.348	-31.6	383.3
1.93	-9.332	-29.8	175.3
1.94	-9.316	-28.1	80.8
1.95	-9.299	-26.1	59.3
1.96	-9.281	-23.9	79.3
1.97	-9.261	-21.8	73.6
1.98	-9.240	-19.9	43.8
1.99	-9.220	-17.8	31.1
2.0	-9.201	-14.4	18.2
2.01	-9.184	-6.7	-12.3
2.02	-9.169	9.0	-42.7
2.03	-9.154	36.0	-63.5
2.04	-9.141	74.9	-90.9
2.05	-9.129	122.3	-127.2
2.06	-9.119	167.3	-175.6
2.07	-9.109	195.1	-193.1
2.08	-9.102	202.5	-172.8
2.09	-9.094	192.8	-164.3
2.1	-9.087	163.4	-138.4
2.11	-9.080	118.4	-67.6
2.12	-9.075	68.3	-4.5
2.13	-9.069	19.6	34.2
2.14	-9.061	-23.7	62.8
2.15	-9.054	-59.1	76.3
2.16	-9.047	-85.3	89.4
2.17	-9.042	-102.4	89.4
2.18	-9.036	-111.9	102.1
2.19	-9.029	-115.9	135.0
2.2	-9.019	-116.3	126.8
2.21	-9.009	-113.9	105.5
2.22	-8.998	-108.4	83.5
2.23	-8.988	-99.9	60.4
2.24	-8.978	-88.6	53.1
2.25	-8.969	-75.5	43.5
2.26	-8.961	-61.3	47.1
2.27	-8.952	-47.1	70.3
2.28	-8.944	-33.7	70.2
2.29	-8.937	-21.8	60.9
2.3	-8.929	-12.0	65.0
2.31	-8.921	-4.9	59.4
2.32	-8.912	-1.1	61.3
2.33	-8.905	-0.7	61.6
2.34	-8.896	-3.3	48.3
2.35	-8.889	-8.1	37.0
2.36	-8.881	-14.2	22.7
2.37	-8.874	-20.9	10.6
2.38	-8.867	-27.5	-16.1
2.39	-8.859	-33.7	-41.5
2.4	-8.851	-39.0	-17.8
2.41	-8.844	-42.9	26.2
2.42	-8.837	-44.9	50.5
2.43	-8.831	-45.0	76.9
2.44	-8.825	-43.7	114.9
2.45	-8.819	-41.6	123.2
2.46	-8.813	-39.5	110.5
2.47	-8.805	-37.8	104.6
2.48	-8.798	-36.6	102.2
2.49	-8.789	-36.0	117.5
2.5	-8.781	-35.7	107.2
2.51	-8.773	-35.3	-82.3
2.52	-8.768	-34.7	-477.0
2.53	-8.763	-34.3	-560.8
2.54	-8.760	-33.6	-15.6
2.55	-8.759	-32.6	421.1
2.56	-8.759	-31.2	315.0
2.57	-8.759	-29.8	118.0
2.58	-8.756	-28.2	62.6
2.59	-8.749	-26.5	60.5
2.6	-8.741	-24.6	55.9
2.61	-8.732	-22.6	57.1
2.62	-8.721	-20.4	50.4
2.63	-8.711	-17.5	19.3
2.64	-8.703	-12.5	-9.0
2.65	-8.696	-1.8	-32.9
2.66	-8.692	18.4	-64.3
2.67	-8.688	50.9	-95.0
2.68	-8.686	95.1	-101.7
2.69	-8.685	144.4	-121.2
2.7	-8.685	183.6	-172.2
2.71	-8.686	201.2	-210.3
2.72	-8.688	201.8	-212.0
2.73	-8.690	186.0	-182.5
2.74	-8.693	148.6	-147.0
2.75	-8.697	97.5	-85.7
2.76	-8.703	44.8	-7.3
2.77	-8.710	-3.5	27.7
2.78	-8.718	-44.0	49.0
2.79	-8.729	-74.9	76.2
2.8	-8.742	-96.0	73.6
2.81	-8.756	-108.4	66.9
2.82	-8.771	-114.0	65.4
2.83	-8.787	-115.1	61.2
2.84	-8.808	-113.6	79.5
2.85	-8.831	-110.1	98.8
2.86	-8.856	-104.0	90.5
2.87	-8.883	-94.9	68.1
2.88	-8.909	-83.2	35.1
2.89	-8.936	-69.8	19.7
2.9	-8.963	-56.0	35.6
2.91	-8.991	-42.9	37.7
2.92	-9.020	-30.8	29.2
2.93	-9.051	-20.2	49.0
2.94	-9.082	-11.4	57.8
2.95	-9.114	-5.2	34.7
2.96	-9.144	-2.1	5.6
2.97	-9.174	-2.3	-39.7
2.98	-9.204	-5.6	-68.5
2.99	-9.235	-11.0	-55.5
3.0	-9.266	-17.3	-26.3
3.01	-9.296	-23.5	19.0
3.02	-9.326	-28.7	63.9
3.03	-9.355	-32.5	84.2
3.04	-9.383	-35.4	76.9
3.05	-9.410	-37.7	70.1
3.06	-9.434	-39.4	72.6
3.07	-9.459	-40.5	79.7
3.08	-9.483	-40.9	105.6
3.09	-9.509	-40.7	135.8
3.1	-9.534	-40.3	143.0
3.11	-9.559	-39.6	69.0
3.12	-9.585	-38.9	-217.8
3.13	-9.610	-38.3	-600.1
3.14	-9.634	-37.9	-452.9
3.15	-9.658	-37.2	188.1
3.16	-9.683	-35.9	455.7
3.17	-9.709	-34.2	261.7
3.18	-9.736	-32.1	92.2
3.19	-9.760	-29.8	48.2
3.2	-9.781	-27.4	37.0
3.21	-9.799	-25.2	32.8
3.22	-9.815	-23.3	31.2
3.23	-9.831	-21.7	17.5
3.24	-9.847	-19.8	-17.1
3.25	-9.864	-15.7	-44.5
3.26	-9.885	-6.5	-46.0
3.27	-9.906	11.3	-63.1
3.28	-9.929	39.8	-97.8
3.29	-9.951	78.7	-145.7
3.3	-9.974	123.5	-203.6
3.31	-9.995	165.5	-236.8
3.32	-10.014	192.9	-243.2
3.33	-10.032	199.5	-220.0
3.34	-10.049	184.1	-176.7
3.35	-10.067	148.9	-138.7
3.36	-10.087	101.9	-86.9
3.37	-10.108	51.9	-8.4
3.38	-10.129	4.5	44.0
3.39	-10.150	-36.9	55.9
3.4	-10.171	-70.1	61.0
3.41	-10.191	-94.0	58.9
3.42	-10.210	-108.7	59.0
3.43	-10.229	-115.6	66.0
3.44	-10.249	-117.1	60.4
3.45	-10.268	-115.0	70.8
3.46	-10.287	-110.0	91.5
3.47	-10.304	-101.6	77.1
3.48	-10.321	-90.6	56.1
3.49	-10.338	-77.8	40.7
3.5	-10.354	-64.1	23.8
3.51	-10.371	-50.4	20.7
3.52	-10.389	-37.3	21.3
3.53	-10.407	-25.4	13.1
3.54	-10.426	-15.1	9.6
3.55	-10.445	-6.8	13.6
3.56	-10.465	-1.3	-25.8
3.57	-10.484	1.0	-69.6
3.58	-10.503	-0.1	-63.8
3.59	-10.517	-4.0	-47.5
3.6	-10.529	-9.4	-9.7
3.61	-10.541	-15.3	53.8
3.62	-10.553	-20.7	91.9
3.63	-10.566	-25.5	106.4
3.64	-10.577	-29.6	102.6
3.65	-10.588	-33.1	80.6
3.66	-10.597	-36.2	75.0
3.67	-10.608	-38.7	79.4
3.68	-10.619	-40.5	86.7
3.69	-10.629	-41.3	103.1
3.7	-10.638	-41.2	54.7
3.71	-10.648	-40.3	-213.4
3.72	-10.654	-39.1	-538.6
3.73	-10.660	-37.9	-330.8
3.74	-10.666	-36.4	251.3
3.75	-10.672	-35.0	410.1
3.76	-10.679	-33.8	204.1
3.77	-10.682	-32.7	64.4
3.78	-10.682	-31.3	34.8
3.79	-10.679	-29.6	54.1
3.8	-10.674	-27.5	54.0
3.81	-10.668	-25.3	44.3
3.82	-10.660	-22.9	24.7
3.83	-10.651	-20.1	-12.6
3.84	-10.640	-15.1	-35.8
3.85	-10.629	-4.6	-54.3
3.86	-10.617	15.1	-78.2
3.87	-10.604	46.0	-113.5
3.88	-10.590	87.3	-147.0
3.89	-10.574	133.8	-177.4
3.9	-10.553	174.6	-197.5
3.91	-10.529	197.5	-196.4
3.92	-10.500	200.0	-192.8
3.93	-10.469	182.5	-173.2
3.94	-10.437	145.1	-124.6
3.95	-10.408	96.1	-62.2
3.96	-10.379	45.1	-13.3
3.97	-10.351	-2.4	23.9
3.98	-10.324	-42.9	64.0
3.99	-10.298	-74.6	91.8
4.0	-10.271	-96.7	93.9
4.01	-10.243	-109.8	89.7
4.02	-10.213	-115.7	81.6
4.03	-10.184	-116.8	72.7
4.04	-10.153	-114.6	80.4
4.05	-10.123	-109.2	78.1
4.06	-10.092	-100.2	62.3
4.07	-10.062	-88.3	52.3
4.08	-10.030	-74.6	51.1
4.09	-9.998	-60.3	45.9
4.1	-9.966	-46.7	29.1
4.11	-9.936	-34.3	9.7
4.12	-9.907	-23.5	-12.6
4.13	-9.881	-14.3	-44.8
4.14	-9.857	-7.0	-43.8
4.15	-9.833	-2.2	-14.8
4.16	-9.808	-0.1	-14.3
4.17	-9.781	-1.0	7.0
4.18	-9.752	-4.2	43.3
4.19	-9.724	-9.1	55.2
4.2	-9.696	-14.8	62.6
4.21	-9.670	-20.5	79.3
4.22	-9.644	-25.8	111.6
4.23	-9.619	-30.3	130.5
4.24	-9.596	-34.2	128.3
4.25	-9.572	-37.4	113.0
4.26	-9.548	-40.2	111.9
4.27	-9.522	-42.3	107.4
4.28	-9.497	-43.8	-64.3
4.29	-9.472	-44.2	-441.6
4.3	-9.447	-43.7	-505.8
4.31	-9.425	-42.7	47.6
4.32	-9.405	-41.0	456.2
4.33	-9.387	-38.7	309.4
4.34	-9.369	-36.3	95.7
4.35	-9.349	-34.1	44.1
4.36	-9.328	-32.1	51.9
4.37	-9.304	-30.2	46.5
4.38	-9.279	-28.3	28.3
4.39	-9.254	-26.2	23.8
4.4	-9.230	-23.7	16.3
4.41	-9.207	-19.6	4.5
4.42	-9.188	-11.5	-10.4
4.43	-9.170	4.0	-48.0
4.44	-9.152	29.4	-91.8
4.45	-9.136	64.9	-128.1
4.46	-9.119	107.5	-166.8
4.47	-9.103	150.0	-200.3
4.48	-9.088	182.5	-210.0
4.49	-9.076	196.0	-196.1
4.5	-9.063	185.6	-163.5
4.51	-9.052	154.0	-105.6
4.52	-9.043	109.3	-45.1
4.53	-9.035	59.5	-5.9
4.54	-9.025	10.7	20.3
4.55	-9.015	-32.6	48.7
4.56	-9.006	-67.5	67.6
4.57	-8.998	-92.4	76.5
4.58	-8.988	-107.4	101.7
4.59	-8.979	-114.2	114.4
4.6	-8.969	-115.7	93.5
4.61	-8.959	-113.9	69.1
4.62	-8.949	-109.1	60.8
4.63	-8.940	-101.4	52.1
4.64	-8.932	-91.1	40.6
4.65	-8.923	-78.8	42.2
4.66	-8.914	-65.3	54.8
4.67	-8.906	-51.5	52.5
4.68	-8.897	-38.5	25.6
4.69	-8.889	-27.2	-1.3
4.7	-8.882	-18.0	-38.3
4.71	-8.877	-10.7	-63.3
4.72	-8.873	-5.4	-52.8
4.73	-8.867	-2.1	-23.1
4.74	-8.861	-1.1	13.9
4.75	-8.854	-2.4	45.6
4.76	-8.846	-5.9	58.2
4.77	-8.837	-11.0	67.0
4.78	-8.829	-17.2	82.1
4.79	-8.821	-23.4	86.8
4.8	-8.814	-28.9	89.6
4.81	-8.808	-33.2	110.8
4.82	-8.803	-36.4	141.9
4.83	-8.797	-38.4	148.6
4.84	-8.787	-39.7	134.5
4.85	-8.778	-40.8	-2.5
4.86	-8.770	-41.7	-374.8
4.87	-8.763	-42.0	-547.5
4.88	-8.756	-41.2	-79.3
4.89	-8.752	-39.7	414.7
4.9	-8.750	-37.7	374.3
4.91	-8.749	-35.5	157.0
4.92	-8.746	-33.2	51.0
4.93	-8.741	-31.2	32.8
4.94	-8.734	-29.3	44.2
4.95	-8.724	-27.6	44.4
4.96	-8.712	-25.5	32.1
4.97	-8.701	-22.9	24.5
4.98	-8.692	-18.3	19.0
4.99	-8.686	-9.4	-4.8
5.0	-8.683	7.3	-43.6
5.01	-8.681	34.2	-83.6
5.02	-8.683	71.1	-124.9
5.03	-8.685	114.6	-158.1
5.04	-8.689	157.0	-182.8
5.05	-8.694	187.5	-181.0
5.06	-8.701	197.7	-159.8
5.07	-8.713	184.2	-142.1
5.08	-8.729	149.7	-114.3
5.09	-8.752	102.4	-73.2
5.1	-8.780	51.1	-28.3
5.11	-8.809	1.8	12.8
5.12	-8.839	-41.2	39.0
5.13	-8.872	-74.8	54.8
5.14	-8.906	-97.7	74.8
5.15	-8.938	-110.2	101.8
5.16	-8.971	-114.7	111.7
5.17	-9.002	-114.2	83.9
5.18	-9.034	-110.7	58.7
5.19	-9.065	-105.0	48.9
5.2	-9.096	-97.4	41.6
5.21	-9.127	-87.7	43.1
5.22	-9.157	-76.0	47.8
5.23	-9.187	-62.7	46.5
5.24	-9.216	-48.9	40.9
5.25	-9.244	-36.1	20.8
5.26	-9.273	-25.1	-5.8
5.27	-9.303	-16.2	-42.2
5.28	-9.333	-9.4	-71.9
5.29	-9.363	-4.7	-50.7
5.3	-9.393	-2.1	-25.3
5.31	-9.420	-1.8	-7.8
5.32	-9.447	-3.4	36.5
5.33	-9.473	-6.9	68.7
5.34	-9.498	-11.8	73.6
5.35	-9.524	-17.3	79.7
5.36	-9.549	-23.0	82.4
5.37	-9.572	-28.1	100.2
5.38	-9.596	-32.4	113.6
5.39	-9.621	-35.6	92.6
5.4	-9.644	-37.9	118.0
5.41	-9.667	-39.3	132.4
5.42	-9.690	-40.1	-52.8
5.43	-9.713	-40.3	-435.0
5.44	-9.734	-40.0	-511.7
5.45	-9.754	-39.5	28.6
5.46	-9.777	-38.6	441.0
5.47	-9.803	-37.3	324.8
5.48	-9.828	-35.3	130.5
5.49	-9.851	-33.0	60.3
5.5	-9.869	-30.5	48.5
5.51	-9.882	-28.1	40.5
5.52	-9.893	-26.0	18.3
5.53	-9.902	-24.2	0.5
5.54	-9.912	-22.4	-5.9
5.55	-9.924	-18.8	-24.9
5.56	-9.937	-10.7	-53.8
5.57	-9.951	5.7	-66.3
5.58	-9.967	32.4	-71.2
5.59	-9.984	69.0	-110.8
5.6	-10.001	111.7	-179.0
5.61	-10.018	152.7	-221.9
5.62	-10.034	182.1	-229.4
5.63	-10.050	192.0	-211.2
5.64	-10.066	178.9	-166.8
5.65	-10.082	145.9	-110.4
5.66	-10.099	100.8	-41.1
5.67	-10.116	51.6	0.7
5.68	-10.131	4.0	3.7
5.69	-10.146	-38.1	29.2
5.7	-10.161	-71.9	53.8
5.71	-10.176	-95.8	62.3
5.72	-10.191	-110.0	72.3
5.73	-10.206	-115.9	76.2
5.74	-10.221	-115.8	81.8
5.75	-10.234	-111.5	89.6
5.76	-10.247	-104.5	71.5
5.77	-10.259	-95.4	29.1
5.78	-10.271	-84.0	23.9
5.79	-10.279	-71.1	40.5
5.8	-10.288	-57.7	18.6
5.81	-10.295	-44.5	-11.4
5.82	-10.304	-32.1	-32.9
5.83	-10.314	-21.2	-36.8
5.84	-10.324	-11.9	-25.9
5.85	-10.335	-4.7	-31.1
5.86	-10.344	0.0	-33.5
5.87	-10.351	1.9	-3.9
5.88	-10.356	0.9	35.8
5.89	-10.361	-2.3	61.3
5.9	-10.366	-7.1	79.0
5.91	-10.372	-12.7	102.4
5.92	-10.378	-18.2	123.9
5.93	-10.384	-23.5	121.9
5.94	-10.391	-28.3	104.8
5.95	-10.398	-32.5	104.7
5.96	-10.403	-36.2	116.9
5.97	-10.406	-39.2	57.7
5.98	-10.411	-41.3	-206.5
5.99	-10.415	-42.3	-515.3
6.0	-10.418	-41.9	-292.3
6.01	-10.422	-40.4	313.5
6.02	-10.429	-38.4	467.4
6.03	-10.437	-36.3	203.7
6.04	-10.441	-34.2	48.7
6.05	-10.440	-32.3	44.1
6.06	-10.432	-30.6	46.6
6.07	-10.418	-29.0	43.7
6.08	-10.400	-27.3	31.4
6.09	-10.381	-25.3	17.1
6.1	-10.362	-22.5	17.0
6.11	-10.342	-17.3	-12.5
6.12	-10.323	-6.6	-60.9
6.13	-10.304	13.0	-83.7
6.14	-10.284	43.1	-104.2
6.15	-10.266	82.4	-132.1
6.16	-10.246	126.0	-161.3
6.17	-10.226	164.8	-194.1
6.18	-10.203	189.2	-210.0
6.19	-10.178	191.7	-194.5
6.2	-10.151	170.7	-147.7
6.21	-10.127	131.8	-89.7
6.22	-10.105	84.1	-39.5
6.23	-10.084	34.9	5.5
6.24	-10.063	-10.6	48.6
6.25	-10.043	-49.1	82.2
6.26	-10.022	-78.7	82.0
6.27	-9.999	-98.7	66.2
6.28	-9.974	-110.4	71.4
6.29	-9.948	-115.4	78.6
6.3	-9.922	-115.3	67.2
6.31	-9.896	-110.8	63.8
6.32	-9.871	-103.0	80.3
6.33	-9.845	-92.5	72.4
6.34	-9.818	-79.7	40.1
6.35	-9.791	-65.6	11.5
6.36	-9.763	-51.6	-6.9
6.37	-9.736	-38.6	-16.6
6.38	-9.711	-27.0	-48.0
6.39	-9.689	-17.1	-62.0
6.4	-9.666	-9.0	-34.2
6.41	-9.643	-3.0	-15.8
6.42	-9.618	0.7	2.3
6.43	-9.593	1.8	34.9
6.44	-9.568	0.4	64.0
6.45	-9.544	-3.3	79.2
6.46	-9.521	-8.7	87.8
6.47	-9.498	-14.9	91.3
6.48	-9.476	-21.2	94.3
6.49	-9.454	-27.0	115.9
6.5	-9.433	-31.9	128.3
6.51	-9.409	-35.8	139.0
6.52	-9.383	-38.7	109.4
6.53	-9.360	-40.8	-125.5
6.54	-9.339	-42.1	-477.4
6.55	-9.318	-42.7	-374.8
6.56	-9.299	-42.3	196.1
6.57	-9.283	-41.0	442.3
6.58	-9.269	-39.2	256.7
6.59	-9.255	-37.1	90.7
6.6	-9.241	-34.8	45.2
6.61	-9.224	-32.3	40.4
6.62	-9.204	-29.8	53.9
6.63	-9.182	-27.4	56.4
6.64	-9.158	-25.1	24.4
6.65	-9.133	-22.3	-5.6
6.66	-9.109	-17.4	-11.6
6.67	-9.088	-7.5	-24.3
6.68	-9.068	10.9	-66.9
6.69	-9.052	39.4	-105.0
6.7	-9.037	76.9	-135.3
6.71	-9.024	119.0	-163.6
6.72	-9.011	157.3	-179.8
6.73	-8.998	182.3	-172.1
6.74	-8.985	186.9	-136.0
6.75	-8.973	168.7	-114.5
6.76	-8.963	131.9	-106.7
6.77	-8.954	85.2	-72.7
6.78	-8.944	36.0	-22.8
6.79	-8.934	-9.9	17.9
6.8	-8.926	-48.9	45.0
6.81	-8.920	-78.6	85.1
6.82	-8.914	-98.3	118.8
6.83	-8.907	-109.1	106.7
6.84	-8.899	-113.3	70.5
6.85	-8.890	-113.0	49.5
6.86	-8.881	-109.1	48.8
6.87	-8.872	-102.2	46.9
6.88	-8.864	-92.7	37.0
6.89	-8.856	-80.7	41.1
6.9	-8.849	-67.0	51.0
6.91	-8.842	-52.9	38.5
6.92	-8.837	-39.3	10.0
6.93	-8.832	-27.1	-20.5
6.94	-8.828	-17.0	-45.1
6.95	-8.823	-9.2	-58.2
6.96	-8.818	-4.1	-59.3
6.97	-8.812	-1.6	-41.1
6.98	-8.806	-1.3	14.0
6.99	-8.799	-2.9	69.2
7.0	-8.792	-6.0	95.7
7.01	-8.786	-10.2	98.0
7.02	-8.781	-15.2	85.7
7.03	-8.776	-20.6	95.2
7.04	-8.769	-26.2	101.3
7.05	-8.764	-31.5	90.4
7.06	-8.758	-35.8	101.7
7.07	-8.750	-39.0	131.0
7.08	-8.742	-40.9	73.2
7.09	-8.736	-41.8	-231.8
7.1	-8.732	-41.7	-510.8
7.11	-8.728	-40.8	-181.4
7.12	-8.726	-39.5	363.0
7.13	-8.724	-38.3	383.0
7.14	-8.724	-36.9	142.4
7.15	-8.723	-35.1	35.9
7.16	-8.719	-32.9	39.1
7.17	-8.713	-30.3	81.9
7.18	-8.704	-27.8	85.5
7.19	-8.693	-25.2	38.8
7.2	-8.681	-22.6	3.8
7.21	-8.671	-18.7	-8.4
7.22	-8.662	-10.7	-20.3
7.23	-8.657	5.1	-50.0
7.24	-8.653	31.3	-89.5
7.25	-8.650	67.7	-117.4
7.26	-8.648	111.0	-122.2
7.27	-8.646	153.2	-136.4
7.28	-8.644	184.1	-182.4
7.29	-8.643	195.0	-195.2
7.3	-8.642	181.6	-166.2
7.31	-8.642	147.4	-132.4
7.32	-8.645	101.2	-88.5
7.33	-8.649	51.5	-30.2
7.34	-8.652	4.2	40.2
7.35	-8.656	-36.8	77.8
7.36	-8.662	-69.1	74.5
7.37	-8.668	-91.8	67.3
7.38	-8.672	-105.5	64.0
7.39	-8.677	-112.1	66.3
7.4	-8.683	-113.6	63.4
7.41	-8.693	-111.1	52.8
7.42	-8.708	-105.0	64.9
7.43	-8.729	-95.9	73.4
7.44	-8.754	-84.7	38.8
7.45	-8.781	-71.7	14.5
7.46	-8.811	-58.0	11.9
7.47	-8.841	-44.9	2.1
7.48	-8.874	-33.1	-26.6
7.49	-8.909	-22.6	-62.2
7.5	-8.946	-13.9	-55.1
7.51	-8.982	-7.1	-23.4
7.52	-9.018	-2.8	-36.4
7.53	-9.053	-1.1	-38.1
7.54	-9.084	-1.9	18.6
7.55	-9.115	-4.9	61.3
7.56	-9.145	-9.5	89.1
7.57	-9.176	-14.9	102.8
7.58	-9.205	-20.4	101.8
7.59	-9.234	-25.7	113.3
7.6	-9.263	-30.3	118.2
7.61	-9.292	-34.3	115.3
7.62	-9.319	-37.4	141.9
7.63	-9.342	-39.8	151.7
7.64	-9.367	-41.5	-29.0
7.65	-9.392	-42.4	-416.1
7.66	-9.416	-42.2	-478.3
7.67	-9.442	-41.0	78.2
7.68	-9.468	-39.0	492.9
7.69	-9.496	-36.5	345.8
7.7	-9.524	-34.0	126.7
7.71	-9.549	-31.7	69.4
7.72	-9.570	-29.7	57.5
7.73	-9.586	-28.0	46.4
7.74	-9.598	-26.3	26.2
7.75	-9.609	-24.3	20.4
7.76	-9.620	-21.5	40.7
7.77	-9.633	-16.7	34.3
7.78	-9.647	-6.9	-12.0
7.79	-9.662	11.0	-67.5
7.8	-9.678	38.8	-115.3
7.81	-9.693	75.7	-157.7
7.82	-9.710	117.9	-194.3
7.83	-9.729	157.1	-208.9
7.84	-9.749	183.8	-178.8
7.85	-9.768	190.4	-132.3
7.86	-9.787	173.7	-114.2
7.87	-9.806	137.8	-106.6
7.88	-9.824	91.3	-71.5
7.89	-9.841	41.9	-23.9
7.9	-9.859	-4.5	10.2
7.91	-9.879	-44.2	36.9
7.92	-9.901	-74.8	76.8
7.93	-9.924	-95.4	117.9
7.94	-9.947	-107.1	112.8
7.95	-9.969	-112.1	81.3
7.96	-9.988	-112.7	67.1
7.97	-10.006	-109.8	53.9
7.98	-10.023	-103.7	37.2
7.99	-10.040	-94.7	37.1
8.0	-10.057	-83.0	40.3
8.01	-10.074	-69.1	53.6
8.02	-10.090	-54.2	62.7
8.03	-10.107	-39.8	32.2
8.04	-10.125	-26.9	-5.3
8.05	-10.144	-16.3	-51.1
8.06	-10.163	-8.5	-77.9
8.07	-10.181	-3.7	-59.1
8.08	-10.197	-1.3	-41.4
8.09	-10.212	-1.0	-4.0
8.1	-10.227	-2.3	71.3
8.11	-10.243	-5.0	121.8
8.12	-10.259	-9.0	115.7
8.13	-10.276	-14.0	89.0
8.14	-10.291	-19.8	82.5
8.15	-10.304	-25.6	96.1
8.16	-10.318	-30.9	95.3
8.17	-10.333	-35.0	99.0
8.18	-10.348	-37.9	154.2
8.19	-10.361	-39.9	138.9
8.2	-10.376	-41.0	-122.4
8.21	-10.389	-41.5	-495.0
8.22	-10.401	-41.3	-392.4
8.23	-10.413	-40.4	215.4
8.24	-10.427	-38.8	477.3
8.25	-10.442	-36.8	275.2
8.26	-10.455	-34.7	103.6
8.27	-10.464	-32.7	47.3
8.28	-10.470	-30.6	38.1
8.29	-10.473	-28.5	51.6
8.3	-10.475	-26.3	48.4
8.31	-10.476	-24.1	24.5
8.32	-10.478	-21.3	3.1
8.33	-10.480	-15.9	-7.4
8.34	-10.483	-4.4	-15.3
8.35	-10.486	16.6	-53.8
8.36	-10.489	48.4	-103.1
8.37	-10.491	89.6	-130.7
8.38	-10.493	134.0	-162.1
8.39	-10.496	171.8	-191.5
8.4	-10.498	193.5	-196.5
8.41	-10.498	192.6	-178.2
8.42	-10.498	169.0	-140.3
8.43	-10.496	129.4	-72.5
8.44	-10.494	82.3	-15.8
8.45	-10.488	34.3	1.7
8.46	-10.478	-10.4	25.7
8.47	-10.466	-48.7	48.7
8.48	-10.451	-78.7	58.3
8.49	-10.433	-99.0	75.5
8.5	-10.413	-110.2	82.2
8.51	-10.391	-114.4	85.6
8.52	-10.366	-114.0	114.6
8.53	-10.338	-109.9	111.2
8.54	-10.309	-102.3	62.7
8.55	-10.277	-91.8	29.5
8.56	-10.243	-79.4	26.0
8.57	-10.209	-65.9	25.2
8.58	-10.175	-51.9	9.8
8.59	-10.143	-38.3	-0.6
8.6	-10.114	-25.9	-0.1
8.61	-10.086	-15.3	-19.0
8.62	-10.059	-6.9	-54.8
8.63	-10.031	-1.1	-52.3
8.64	-10.000	1.8	-1.3
8.65	-9.967	1.8	43.8
8.66	-9.934	-0.8	61.6
8.67	-9.902	-5.4	84.6
8.68	-9.873	-11.1	109.1
8.69	-9.844	-17.1	105.8
8.7	-9.815	-23.0	107.0
8.71	-9.789	-28.2	128.1
8.72	-9.764	-32.7	115.9
8.73	-9.738	-36.3	112.5
8.74	-9.709	-39.1	143.7
8.75	-9.682	-41.2	17.1
8.76	-9.656	-42.6	-362.6
8.77	-9.631	-43.3	-509.8
8.78	-9.606	-43.2	-17.8
8.79	-9.585	-42.1	441.6
8.8	-9.568	-40.3	361.5
8.81	-9.553	-37.9	157.8
8.82	-9.536	-35.2	71.7
8.83	-9.518	-32.6	48.9
8.84	-9.498	-30.2	42.5
8.85	-9.474	-28.2	37.2
8.86	-9.448	-26.2	35.6
8.87	-9.421	-23.7	21.1
8.88	-9.394	-19.5	-0.5
8.89	-9.371	-11.0	-2.8
8.9	-9.349	5.2	-11.1
8.91	-9.329	31.1	-60.3
8.92	-9.311	66.5	-118.0
8.93	-9.294	108.1	-161.9
8.94	-9.278	148.2	-185.2
8.95	-9.264	177.3	-175.2
8.96	-9.250	187.9	-152.0
8.97	-9.237	175.9	-122.1
8.98	-9.225	144.5	-73.6
8.99	-9.215	101.4	-32.3
9.0	-9.205	54.3	0.4
9.01	-9.194	8.4	33.4
9.02	-9.182	-32.4	55.0
9.03	-9.171	-65.4	75.5
9.04	-9.159	-89.3	89.7
9.05	-9.148	-104.1	106.3
9.06	-9.136	-111.5	129.2
9.07	-9.125	-113.7	109.6
9.08	-9.114	-111.9	74.1
9.09	-9.103	-106.3	70.6
9.1	-9.092	-97.1	75.4
9.11	-9.082	-85.5	65.4
9.12	-9.072	-72.5	50.4
9.13	-9.062	-58.8	34.1
9.14	-9.053	-45.3	40.5
9.15	-9.044	-32.8	39.3
9.16	-9.037	-22.0	-20.4
9.17	-9.033	-13.1	-55.6
9.18	-9.028	-6.7	-43.1
9.19	-9.023	-3.0	-33.1
9.2	-9.016	-1.9	-13.9
9.21	-9.009	-3.1	43.3
9.22	-9.002	-6.1	104.5
9.23	-8.996	-10.3	120.7
9.24	-8.991	-15.3	107.3
9.25	-8.985	-20.8	104.5
9.26	-8.980	-26.2	110.8
9.27	-8.976	-31.1	118.6
9.28	-8.971	-35.3	128.7
9.29	-8.965	-38.7	149.6
9.3	-8.957	-41.1	142.3
9.31	-8.952	-42.5	-58.1
9.32	-8.949	-43.2	-434.6
9.33	-8.947	-43.0	-413.5
9.34	-8.945	-42.1	168.4
9.35	-8.944	-40.3	497.1
9.36	-8.946	-38.1	315.9
9.37	-8.948	-35.6	104.5
9.38	-8.948	-33.3	35.3
9.39	-8.943	-31.2	33.6
9.4	-8.936	-29.2	41.9
9.41	-8.928	-27.1	38.0
9.42	-8.921	-24.6	26.7
9.43	-8.913	-21.2	10.8
9.44	-8.907	-15.2	8.3
9.45	-8.902	-3.3	-5.7
9.46	-8.900	17.5	-58.0
9.47	-8.898	48.1	-103.0
9.48	-8.897	87.0	-132.6
9.49	-8.897	129.1	-160.9
9.5	-8.898	165.5	-173.9
9.51	-8.901	187.1	-162.4
9.52	-8.904	187.4	-156.1
9.53	-8.909	165.1	-139.1
9.54	-8.916	125.9	-91.3
9.55	-8.927	78.6	-44.5
9.56	-8.938	30.1	-6.2
9.57	-8.950	-14.2	22.1
9.58	-8.966	-50.8	50.2
9.59	-8.984	-78.1	85.8
9.6	-9.002	-95.7	112.0
9.61	-9.022	-105.3	108.0
9.62	-9.043	-109.4	79.4
9.63	-9.064	-110.1	59.5
9.64	-9.087	-107.9	55.8
9.65	-9.111	-101.9	45.1
9.66	-9.138	-92.3	41.3
9.67	-9.164	-80.2	56.8
9.68	-9.192	-66.5	50.7
9.69	-9.221	-52.5	43.3
9.7	-9.249	-39.3	29.8
9.71	-9.279	-27.6	-6.7
9.72	-9.309	-18.0	-42.7
9.73	-9.340	-10.6	-72.8
9.74	-9.373	-5.5	-55.1
9.75	-9.405	-2.7	-16.9
9.76	-9.436	-2.1	7.0
9.77	-9.466	-3.6	36.2
9.78	-9.496	-7.0	60.3
9.79	-9.525	-11.7	84.3
9.8	-9.555	-17.2	96.9
9.81	-9.585	-22.8	95.4
9.82	-9.614	-27.9	91.5
9.83	-9.644	-32.2	113.0
9.84	-9.676	-35.6	136.4
9.85	-9.707	-38.0	141.4
9.86	-9.737	-39.6	128.5
9.87	-9.766	-40.6	-29.5
9.88	-9.795	-41.4	-390.3
9.89	-9.822	-41.8	-514.3
9.9	-9.849	-41.4	-22.4
9.91	-9.878	-40.0	443.2
9.92	-9.911	-37.7	384.1
9.93	-9.943	-35.0	164.0
9.94	-9.973	-32.5	41.5
9.95	-9.998	-30.4	15.9
9.96	-10.018	-28.6	16.9
9.97	-10.035	-27.0	15.4
9.98	-10.052	-25.1	17.0
9.99	-10.069	-22.5	15.6
10.0	-10.087	-17.7	22.0
10.01	-10.106	-8.0	-5.1
10.02	-10.127	10.0	-68.7
10.03	-10.148	38.1	-117.0
10.04	-10.169	75.4	-149.3
10.05	-10.190	118.1	-184.0
10.06	-10.211	158.2	-217.9
10.07	-10.233	185.8	-206.0
10.08	-10.255	193.6	-147.3
10.09	-10.276	178.3	-124.4
10.1	-10.296	143.9	-124.0
10.11	-10.317	99.0	-82.4
10.12	-10.336	50.7	-26.2
10.13	-10.354	4.3	12.8
10.14	-10.372	-36.5	31.6
10.15	-10.393	-68.7	42.7
10.16	-10.413	-91.3	64.6
10.17	-10.434	-104.5	104.7
10.18	-10.454	-110.4	119.9
10.19	-10.471	-111.6	78.7
10.2	-10.488	-109.5	49.2
10.21	-10.503	-104.1	55.8
10.22	-10.518	-95.4	44.6
10.23	-10.531	-83.7	30.0
10.24	-10.543	-70.2	25.1
10.25	-10.556	-55.9	30.3
10.26	-10.568	-41.6	51.1
10.27	-10.581	-28.4	10.8
10.28	-10.594	-17.2	-54.4
10.29	-10.606	-8.6	-72.3
10.3	-10.618	-2.7	-71.7
10.31	-10.629	0.3	-55.1
10.32	-10.638	0.7	-22.8
10.33	-10.644	-1.2	37.2
10.34	-10.651	-4.7	84.7
10.35	-10.658	-9.5	90.0
10.36	-10.665	-15.0	81.7
10.37	-10.672	-20.8	77.9
10.38	-10.679	-26.5	88.1
10.39	-10.686	-31.7	93.7
10.4	-10.694	-35.8	88.5
10.41	-10.700	-38.9	104.0
10.42	-10.704	-40.8	121.2
10.43	-10.709	-41.8	-1.1
10.44	-10.713	-42.0	-348.2
10.45	-10.715	-41.4	-513.4
10.46	-10.715	-40.4	-68.1
10.47	-10.717	-39.2	409.4
10.48	-10.724	-37.8	356.2
10.49	-10.730	-36.2	118.2
10.5	-10.732	-34.1	19.9
10.51	-10.728	-31.6	35.3
10.52	-10.719	-28.9	56.1
10.53	-10.704	-26.2	40.9
10.54	-10.688	-23.6	38.2
10.55	-10.671	-20.9	25.5
10.56	-10.656	-16.7	-19.5
10.57	-10.642	-8.3	-45.6
10.58	-10.626	7.8	-60.4
10.59	-10.610	34.2	-95.5
10.6	-10.594	71.2	-138.2
10.61	-10.579	115.1	-165.4
10.62	-10.563	157.6	-187.6
10.63	-10.546	187.8	-205.8
10.64	-10.528	197.9	-190.2
10.65	-10.507	184.8	-155.7
10.66	-10.484	151.8	-121.7
10.67	-10.463	107.4	-80.6
10.68	-10.441	59.9	-21.2
10.69	-10.419	14.6	52.1
10.7	-10.398	-25.0	81.3
10.71	-10.376	-57.1	74.5
10.72	-10.352	-81.1	69.2
10.73	-10.326	-97.5	63.3
10.74	-10.297	-107.9	65.7
10.75	-10.268	-113.3	64.7
10.76	-10.237	-114.4	65.4
10.77	-10.206	-110.9	70.8
10.78	-10.176	-102.8	67.6
10.79	-10.144	-90.7	60.3
10.8	-10.111	-75.9	38.8
10.81	-10.078	-60.2	13.6
10.82	-10.045	-45.2	-0.8
10.83	-10.014	-31.6	-21.2
10.84	-9.987	-20.0	-51.6
10.85	-9.962	-10.5	-56.1
10.86	-9.938	-3.5	-28.7
10.87	-9.912	0.7	-20.3
10.88	-9.885	1.8	-17.2
10.89	-9.856	0.2	11.3
10.9	-9.826	-3.4	43.5
10.91	-9.797	-8.3	69.0
10.92	-9.768	-14.0	87.0
10.93	-9.741	-20.0	113.7
10.94	-9.713	-26.0	114.5
10.95	-9.687	-31.6	77.3
10.96	-9.662	-36.5	68.0
10.97	-9.636	-40.5	103.1
10.98	-9.609	-43.6	114.1
10.99	-9.584	-45.5	-50.8
11.0	-9.560	-46.3	-401.1
11.01	-9.535	-46.1	-471.7
11.02	-9.510	-45.0	24.3
11.03	-9.488	-43.2	437.7
11.04	-9.469	-40.7	322.3
11.05	-9.451	-37.8	101.0
11.06	-9.433	-35.0	33.1
11.07	-9.412	-32.3	26.6
11.08	-9.389	-29.7	36.4
11.09	-9.363	-27.0	43.4
11.1	-9.338	-24.1	28.9
11.11	-9.313	-21.1	15.7
11.12	-9.289	-16.6	12.7
11.13	-9.266	-8.2	-17.7
11.14	-9.244	7.4	-66.3
11.15	-9.224	32.5	-109.9
11.16	-9.206	67.3	-150.0
11.17	-9.189	108.7	-176.3
11.18	-9.174	149.2	-199.7
11.19	-9.161	179.5	-194.0
11.2	-9.148	191.0	-150.4
11.21	-9.134	179.5	-131.5
11.22	-9.122	148.2	-115.7
11.23	-9.110	105.2	-74.0
11.24	-9.099	58.1	-27.2
11.25	-9.088	12.7	10.6
11.26	-9.078	-27.1	33.2
11.27	-9.071	-59.0	77.8
11.28	-9.064	-82.4	121.1
11.29	-9.057	-98.1	101.8
11.3	-9.048	-107.8	70.4
11.31	-9.038	-112.9	61.8
11.32	-9.027	-113.8	62.3
11.33	-9.016	-110.4	59.0
11.34	-9.005	-102.7	36.6
11.35	-8.995	-91.1	44.0
11.36	-8.986	-76.6	68.3
11.37	-8.977	-60.8	49.3
11.38	-8.969	-45.5	24.3
11.39	-8.961	-31.7	21.6
11.4	-8.953	-20.2	7.7
11.41	-8.946	-11.3	-14.3
11.42	-8.939	-5.2	-36.6
11.43	-8.933	-2.0	-52.9
11.44	-8.926	-1.6	-33.1
11.45	-8.919	-3.6	3.9
11.46	-8.911	-7.6	20.0
11.47	-8.904	-12.8	36.2
11.48	-8.895	-18.4	56.2
11.49	-8.887	-24.0	63.7
11.5	-8.880	-29.0	91.0
11.51	-8.874	-33.2	122.8
11.52	-8.868	-36.4	111.8
11.53	-8.863	-38.7	104.2
11.54	-8.857	-40.4	121.3
11.55	-8.849	-41.8	141.1
11.56	-8.841	-42.8	94.0
11.57	-8.834	-43.3	-189.7
11.58	-8.830	-43.2	-524.8
11.59	-8.827	-42.4	-310.8
11.6	-8.825	-40.9	282.1
11.61	-8.824	-38.7	447.9
11.62	-8.825	-36.2	217.5
11.63	-8.824	-33.8	49.8
11.64	-8.819	-31.4	25.3
11.65	-8.813	-28.9	58.8
11.66	-8.803	-26.6	59.6
11.67	-8.793	-24.3	32.1
11.68	-8.782	-21.9	18.0
11.69	-8.774	-18.2	0.5
11.7	-8.768	-10.4	-14.2
11.71	-8.766	5.3	-28.2
11.72	-8.764	31.3	-68.7
11.73	-8.762	68.0	-116.3
11.74	-8.759	112.3	-150.7
11.75	-8.756	156.2	-178.8
11.76	-8.753	187.9	-204.4
11.77	-8.751	199.8	-194.8
11.78	-8.750	189.9	-153.2
11.79	-8.751	159.5	-119.8
11.8	-8.752	115.5	-84.1
11.81	-8.756	66.9	-40.4
11.82	-8.759	19.5	-6.6
11.83	-8.761	-22.8	19.1
11.84	-8.766	-57.1	38.1
11.85	-8.774	-82.0	67.5
11.86	-8.780	-98.2	103.4
11.87	-8.784	-107.2	97.3
11.88	-8.787	-111.4	72.2
11.89	-8.791	-112.2	65.8
11.9	-8.796	-109.9	55.4
11.91	-8.804	-104.0	37.8
11.92	-8.816	-94.5	30.6
11.93	-8.832	-82.0	27.3
11.94	-8.852	-67.3	34.9
11.95	-8.873	-52.2	49.7
11.96	-8.896	-37.9	44.8
11.97	-8.921	-25.6	39.1
11.98	-8.946	-15.5	41.0
11.99	-8.974	-8.3	31.4
12.0	-9.002	-4.2	12.4
12.01	-9.031	-3.1	-9.0
12.02	-9.063	-4.7	-38.9
12.03	-9.096	-8.3	-43.1
12.04	-9.129	-13.3	-24.7
12.05	-9.159	-19.0	-25.9
12.06	-9.187	-24.6	6.8
12.07	-9.214	-29.6	60.3
12.08	-9.242	-33.6	79.7
12.09	-9.271	-36.4	87.7
12.1	-9.301	-38.2	94.5
12.11	-9.329	-39.2	101.5
12.12	-9.357	-39.7	99.1
12.13	-9.386	-39.9	94.3
12.14	-9.416	-39.8	108.2
12.15	-9.444	-39.5	145.7
12.16	-9.471	-39.1	85.8
12.17	-9.499	-38.7	-254.7
12.18	-9.524	-38.3	-600.2
12.19	-9.549	-37.6	-307.5
12.2	-9.576	-36.6	315.3
12.21	-9.605	-35.3	441.5
12.22	-9.634	-33.7	221.3
12.23	-9.662	-31.6	103.7
12.24	-9.686	-29.1	69.9
12.25	-9.706	-26.5	31.5
12.26	-9.723	-24.2	25.2
12.27	-9.738	-22.1	34.9
12.28	-9.752	-19.8	15.6
12.29	-9.768	-15.9	-7.1
12.3	-9.784	-7.1	-13.9
12.31	-9.802	10.2	-30.4
12.32	-9.821	38.5	-61.7
12.33	-9.840	77.7	-113.6
12.34	-9.859	124.0	-171.5
12.35	-9.880	167.3	-190.4
12.36	-9.900	194.5	-200.7
12.37	-9.919	201.1	-208.7
12.38	-9.938	187.8	-184.1
12.39	-9.956	154.4	-144.1
12.4	-9.974	108.3	-100.0
12.41	-9.992	59.4	-34.4
12.42	-10.010	12.9	16.7
12.43	-10.027	-27.8	24.6
12.44	-10.045	-60.7	43.9
12.45	-10.064	-85.0	67.6
12.46	-10.084	-100.9	69.7
12.47	-10.104	-109.6	68.9
12.48	-10.124	-113.1	75.3
12.49	-10.142	-112.9	92.1
12.5	-10.159	-109.4	92.0
12.51	-10.176	-102.6	62.3
12.52	-10.191	-92.6	45.5
12.53	-10.204	-79.9	34.6
12.54	-10.216	-65.7	18.0
12.55	-10.228	-51.4	19.0
12.56	-10.238	-37.9	28.4
12.57	-10.251	-25.8	26.8
12.58	-10.264	-15.3	36.3
12.59	-10.279	-6.8	49.3
12.6	-10.294	-0.9	6.5
12.61	-10.309	1.6	-47.9
12.62	-10.321	0.7	-57.1
12.63	-10.330	-3.4	-48.3
12.64	-10.338	-9.5	-32.2
12.65	-10.344	-16.5	5.2
12.66	-10.350	-23.2	61.4
12.67	-10.358	-28.8	88.9
12.68	-10.368	-33.2	90.6
12.69	-10.377	-36.2	102.6
12.7	-10.386	-38.1	88.9
12.71	-10.394	-39.2	88.3
12.72	-10.402	-40.0	112.7
12.73	-10.409	-40.7	126.5
12.74	-10.413	-41.3	133.2
12.75	-10.417	-41.6	24.3
12.76	-10.421	-41.5	-297.3
12.77	-10.426	-40.7	-540.7
12.78	-10.431	-39.5	-200.1
12.79	-10.436	-37.8	359.0
12.8	-10.443	-35.8	420.6
12.81	-10.450	-33.9	189.4
12.82	-10.453	-32.3	59.3
12.83	-10.451	-30.7	33.7
12.84	-10.443	-28.7	42.9
12.85	-10.432	-26.1	53.3
12.86	-10.419	-23.4	44.8
12.87	-10.406	-20.8	21.8
12.88	-10.395	-17.2	-1.3
12.89	-10.384	-10.7	-11.4
12.9	-10.371	2.4	-34.8
12.91	-10.357	25.0	-76.3
12.92	-10.339	58.3	-106.1
12.93	-10.319	100.1	-133.9
12.94	-10.297	144.1	-184.2
12.95	-10.275	179.8	-216.3
12.96	-10.252	197.5	-205.7
12.97	-10.228	192.7	-175.8
12.98	-10.202	166.3	-129.7
12.99	-10.178	124.7	-76.5
13.0	-10.158	77.0	-26.7
13.01	-10.139	29.6	12.4
13.02	-10.120	-13.6	44.6
13.03	-10.103	-50.0	64.1
13.04	-10.086	-77.8	67.0
13.05	-10.066	-96.8	76.0
13.06	-10.046	-107.8	86.8
13.07	-10.026	-112.8	84.4
13.08	-10.006	-113.6	97.1
13.09	-9.984	-111.0	96.0
13.1	-9.961	-104.9	58.0
13.11	-9.936	-95.6	39.0
13.12	-9.911	-83.4	36.1
13.13	-9.884	-69.4	30.7
13.14	-9.858	-54.9	21.6
13.15	-9.834	-41.2	25.0
13.16	-9.811	-28.8	32.6
13.17	-9.789	-18.3	31.1
13.18	-9.768	-9.9	33.6
13.19	-9.748	-4.0	13.3
13.2	-9.728	-1.0	-25.2
13.21	-9.709	-1.0	-55.4
13.22	-9.688	-3.6	-55.3
13.23	-9.665	-8.2	-19.1
13.24	-9.641	-13.9	32.3
13.25	-9.617	-19.7	73.7
13.26	-9.596	-25.0	84.8
13.27	-9.577	-29.3	90.7
13.28	-9.558	-32.8	109.7
13.29	-9.538	-35.6	113.4
13.3	-9.520	-37.9	99.7
13.31	-9.502	-39.9	88.4
13.32	-9.484	-41.5	103.6
13.33	-9.465	-42.8	122.3
13.34	-9.447	-43.4	9.6
13.35	-9.430	-43.2	-333.5
13.36	-9.412	-42.2	-537.5
13.37	-9.394	-40.8	-104.4
13.38	-9.378	-38.9	419.2
13.39	-9.366	-36.8	379.0
13.4	-9.353	-34.8	141.1
13.41	-9.339	-33.0	38.8
13.42	-9.322	-31.1	29.7
13.43	-9.304	-28.7	43.7
13.44	-9.283	-25.9	47.1
13.45	-9.261	-23.1	45.1
13.46	-9.239	-20.1	39.6
13.47	-9.217	-16.0	15.9
13.48	-9.197	-8.5	-31.8
13.49	-9.179	6.1	-59.3
13.5	-9.162	30.3	-79.2
13.51	-9.148	64.7	-120.9
13.52	-9.133	106.8	-160.0
13.53	-9.119	149.6	-165.1
13.54	-9.107	182.8	-163.6
13.55	-9.094	197.0	-179.8
13.56	-9.082	187.7	-172.2
13.57	-9.069	156.7	-129.2
13.58	-9.059	112.3	-80.7
13.59	-9.049	63.2	-33.5
13.6	-9.040	15.8	23.3
13.61	-9.031	-25.8	66.8
13.62	-9.023	-59.2	80.2
13.63	-9.015	-83.5	93.7
13.64	-9.006	-99.0	97.1
13.65	-8.996	-107.6	78.5
13.66	-8.986	-111.4	67.8
13.67	-8.975	-112.1	75.0
13.68	-8.964	-109.9	72.0
13.69	-8.952	-104.1	73.0
13.7	-8.941	-94.5	78.7
13.71	-8.931	-81.6	52.9
13.72	-8.921	-67.3	40.0
13.73	-8.912	-53.0	44.8
13.74	-8.905	-39.5	30.1
13.75	-8.898	-27.5	21.2
13.76	-8.890	-17.4	25.1
13.77	-8.883	-9.4	16.3
13.78	-8.876	-4.0	-6.0
13.79	-8.870	-1.4	-26.6
13.8	-8.864	-1.7	-39.6
13.81	-8.858	-4.6	-44.1
13.82	-8.851	-9.2	-24.7
13.83	-8.844	-14.9	35.9
13.84	-8.837	-20.7	83.3
13.85	-8.831	-26.2	87.9
13.86	-8.824	-30.8	98.2
13.87	-8.818	-34.5	107.3
13.88	-8.812	-37.3	100.1
13.89	-8.806	-39.4	98.5
13.9	-8.801	-40.8	105.2
13.91	-8.794	-41.7	124.3
13.92	-8.786	-42.2	112.9
13.93	-8.779	-42.3	-73.3
13.94	-8.774	-42.0	-441.0
13.95	-8.770	-40.9	-500.2
13.96	-8.766	-39.3	41.8
13.97	-8.764	-37.4	463.2
13.98	-8.763	-35.5	331.2
13.99	-8.761	-33.2	103.9
14.0	-8.758	-30.9	37.3
14.01	-8.751	-28.8	48.7
14.02	-8.742	-27.1	58.5
14.03	-8.731	-25.5	49.4
14.04	-8.719	-23.8	29.2
14.05	-8.709	-21.1	15.1
14.06	-8.701	-15.7	11.8
14.07	-8.696	-4.1	-12.6
14.08	-8.693	16.7	-48.3
14.09	-8.691	48.1	-88.6
14.1	-8.689	88.4	-135.2
14.11	-8.688	133.0	-165.4
14.12	-8.688	172.5	-188.3
14.13	-8.690	196.0	-200.8
14.14	-8.694	198.4	-182.6
14.15	-8.699	179.1	-138.3
14.16	-8.706	141.0	-100.0
14.17	-8.713	93.0	-63.3
14.18	-8.722	43.1	-20.2
14.19	-8.730	-3.5	11.5
14.2	-8.740	-43.4	41.3
14.21	-8.754	-74.0	60.0
14.22	-8.773	-94.4	85.5
14.23	-8.793	-105.6	116.7
14.24	-8.814	-109.8	99.1
14.25	-8.838	-110.2	63.8
14.26	-8.863	-108.8	56.6
14.27	-8.891	-105.5	57.7
14.28	-8.920	-99.1	49.6
14.29	-8.951	-89.2	43.7
14.3	-8.982	-76.7	52.8
14.31	-9.013	-63.1	62.0
14.32	-9.044	-49.3	41.1
14.33	-9.076	-36.3	13.1
14.34	-9.107	-24.8	4.9
14.35	-9.141	-15.5	-4.4
14.36	-9.174	-8.8	-35.7
14.37	-9.209	-4.8	-65.4
14.38	-9.244	-3.4	-71.4
14.39	-9.277	-4.4	-47.2
14.4	-9.310	-7.2	14.0
14.41	-9.342	-11.3	69.3
14.42	-9.373	-16.1	87.7
14.43	-9.403	-21.1	87.6
14.44	-9.433	-26.2	80.5
14.45	-9.461	-31.0	76.9
14.46	-9.489	-35.0	81.7
14.47	-9.518	-37.9	98.7
14.48	-9.547	-39.8	131.9
14.49	-9.575	-40.7	146.0
14.5	-9.603	-41.0	99.2
14.51	-9.629	-41.0	-120.2
14.52	-9.654	-40.8	-487.7
14.53	-9.678	-40.4	-433.7
14.54	-9.701	-39.7	168.8
14.55	-9.727	-38.6	482.8
14.56	-9.754	-37.2	291.5
14.57	-9.781	-35.2	99.3
14.58	-9.807	-32.7	46.5
14.59	-9.829	-30.2	44.1
14.6	-9.847	-27.7	43.8
14.61	-9.862	-25.5	27.2
14.62	-9.876	-23.6	11.5
14.63	-9.889	-21.5	-3.6
14.64	-9.903	-17.6	-28.6
14.65	-9.918	-8.8	-48.3
14.66	-9.935	8.6	-68.3
14.67	-9.954	36.5	-95.9
14.68	-9.974	74.2	-139.5
14.69	-9.993	117.9	-184.7
14.7	-10.012	159.8	-203.6
14.71	-10.030	189.1	-205.7
14.72	-10.047	197.5	-190.4
14.73	-10.063	182.3	-165.4
14.74	-10.079	146.8	-131.3
14.75	-10.097	99.9	-78.5
14.76	-10.115	50.1	-2.2
14.77	-10.132	3.0	56.2
14.78	-10.149	-38.0	54.7
14.79	-10.168	-70.5	48.5
14.8	-10.185	-93.7	55.8
14.81	-10.203	-107.7	64.6
14.82	-10.219	-114.0	78.8
14.83	-10.236	-115.2	77.5
14.84	-10.251	-113.0	81.3
14.85	-10.267	-107.5	90.5
14.86	-10.281	-98.7	72.9
14.87	-10.294	-87.3	46.0
14.88	-10.306	-74.2	30.4
14.89	-10.318	-60.3	25.6
14.9	-10.328	-46.5	18.9
14.91	-10.339	-33.6	3.2
14.92	-10.349	-22.2	-10.2
14.93	-10.362	-12.6	-30.7
14.94	-10.375	-5.3	-43.8
14.95	-10.388	-0.6	-28.9
14.96	-10.399	1.4	-27.6
14.97	-10.409	0.7	-16.5
14.98	-10.418	-2.5	32.8
14.99	-10.426	-7.4	69.1
15.0	-10.434	-13.5	77.6
15.01	-10.442	-20.1	79.4
15.02	-10.448	-26.2	83.3
15.03	-10.455	-31.3	100.9
15.04	-10.464	-35.1	106.1
15.05	-10.473	-37.7	111.8
15.06	-10.481	-39.3	142.8
15.07	-10.485	-40.3	99.8
15.08	-10.488	-41.1	-140.4
15.09	-10.489	-41.7	-494.5
15.1	-10.488	-41.8	-420.0
15.11	-10.488	-40.9	166.4
15.12	-10.491	-39.3	471.6
15.13	-10.496	-37.1	306.5
15.14	-10.499	-34.5	112.8
15.15	-10.496	-31.8	55.2
15.16	-10.481	-29.6	53.0
15.17	-10.458	-27.9	31.9
15.18	-10.429	-26.4	10.9
15.19	-10.398	-24.6	3.5
15.2	-10.366	-22.2	2.9
15.21	-10.336	-17.6	-1.2
15.22	-10.309	-8.1	-15.7
15.23	-10.283	9.8	-55.3
15.24	-10.260	37.9	-112.8
15.25	-10.238	75.4	-159.2
15.26	-10.217	118.6	-187.8
15.27	-10.197	159.5	-202.2
15.28	-10.176	188.0	-215.4
15.29	-10.153	196.1	-198.9
15.3	-10.130	180.7	-148.4
15.31	-10.108	145.5	-101.8
15.32	-10.087	99.3	-61.8
15.33	-10.068	49.7	-27.8
15.34	-10.050	2.6	2.5
15.35	-10.033	-38.4	37.6
15.36	-10.018	-70.8	59.5
15.37	-10.001	-93.4	86.9
15.38	-9.982	-106.5	118.8
15.39	-9.962	-112.0	105.1
15.4	-9.939	-113.0	71.3
15.41	-9.914	-111.3	63.3
15.42	-9.889	-106.9	63.0
15.43	-9.863	-99.2	48.9
15.44	-9.837	-88.5	39.0
15.45	-9.810	-75.6	30.4
15.46	-9.783	-61.4	26.9
15.47	-9.757	-47.1	19.5
15.48	-9.733	-33.7	-26.2
15.49	-9.711	-21.9	-56.4
15.5	-9.688	-12.4	-57.0
15.51	-9.665	-5.4	-62.8
15.52	-9.641	-1.2	-44.1
15.53	-9.616	0.6	3.2
15.54	-9.591	0.0	55.7
15.55	-9.566	-2.5	102.5
15.56	-9.544	-6.5	99.5
15.57	-9.522	-11.9	80.5
15.58	-9.499	-18.1	88.7
15.59	-9.475	-24.5	86.9
15.6	-9.452	-30.6	82.8
15.61	-9.429	-35.8	97.5
15.62	-9.403	-39.7	140.4
15.63	-9.377	-42.3	113.6
15.64	-9.354	-43.8	-185.0
15.65	-9.332	-44.4	-522.5
15.66	-9.309	-44.2	-278.8
15.67	-9.289	-43.4	294.7
15.68	-9.273	-41.9	411.4
15.69	-9.259	-40.2	188.5
15.7	-9.246	-37.9	47.2
15.71	-9.232	-35.0	39.7
15.72	-9.217	-31.8	78.3
15.73	-9.200	-28.7	57.8
15.74	-9.178	-25.9	20.0
15.75	-9.152	-23.5	7.6
15.76	-9.126	-21.0	-3.2
15.77	-9.103	-16.8	-19.0
15.78	-9.082	-7.5	-46.8
15.79	-9.067	10.5	-72.9
15.8	-9.054	38.5	-78.7
15.81	-9.042	75.4	-101.8
15.82	-9.031	117.1	-172.1
15.83	-9.019	155.7	-223.1
15.84	-9.008	181.2	-216.1
15.85	-8.997	186.2	-184.0
15.86	-8.986	168.2	-144.1
15.87	-8.976	131.8	-97.3
15.88	-8.967	85.8	-52.0
15.89	-8.958	37.9	21.7
15.9	-8.950	-6.7	82.0
15.91	-8.944	-44.8	70.5
15.92	-8.939	-74.7	52.3
15.93	-8.933	-95.5	53.9
15.94	-8.926	-107.8	67.4
15.95	-8.918	-113.2	76.9
15.96	-8.911	-114.1	62.0
15.97	-8.902	-111.3	71.7
15.98	-8.894	-104.9	79.2
15.99	-8.886	-95.4	50.6
16.0	-8.877	-83.8	36.5
16.01	-8.869	-70.8	27.8
16.02	-8.862	-56.9	6.9
16.03	-8.855	-43.1	-11.1
16.04	-8.849	-30.3	-33.8
16.05	-8.843	-19.1	-31.8
16.06	-8.838	-10.1	-24.2
16.07	-8.834	-3.8	-44.4
16.08	-8.829	-0.3	-37.1
16.09	-8.824	0.4	3.7
16.1	-8.819	-1.6	41.1
16.11	-8.814	-5.5	69.1
16.12	-8.809	-10.5	78.4
16.13	-8.804	-15.9	79.5
16.14	-8.799	-21.3	118.9
16.15	-8.794	-26.4	143.4
16.16	-8.790	-31.0	121.8
16.17	-8.784	-35.0	118.6
16.18	-8.776	-38.4	129.3
16.19	-8.769	-41.2	-1.0
16.2	-8.765	-43.2	-381.4
16.21	-8.763	-44.1	-532.5
16.22	-8.761	-43.8	-37.9
16.23	-8.762	-42.5	433.6
16.24	-8.763	-40.2	367.4
16.25	-8.766	-37.2	140.2
16.26	-8.766	-34.3	28.9
16.27	-8.763	-32.0	20.8
16.28	-8.759	-30.0	46.6
16.29	-8.752	-28.2	51.1
16.3	-8.746	-26.1	25.5
16.31	-8.738	-23.4	27.3
16.32	-8.731	-19.2	37.7
16.33	-8.727	-11.0	-11.0
16.34	-8.725	4.5	-70.9
16.35	-8.726	29.5	-112.0
16.36	-8.728	63.7	-134.1
16.37	-8.730	104.2	-153.8
16.38	-8.733	144.9	-187.1
16.39	-8.738	176.5	-185.2
16.4	-8.745	190.4	-146.8
16.41	-8.754	181.4	-133.5
16.42	-8.768	151.0	-117.3
16.43	-8.785	106.4	-72.7
16.44	-8.804	56.4	-31.7
16.45	-8.824	7.7	2.2
16.46	-8.847	-35.1	28.9
16.47	-8.873	-69.0	57.9
16.48	-8.901	-92.6	93.9
16.49	-8.929	-106.1	107.0
16.5	-8.957	-112.1	77.7
16.51	-8.986	-113.4	44.6
16.52	-9.014	-111.4	36.8
16.53	-9.044	-106.1	38.7
16.54	-9.074	-98.0	44.3
16.55	-9.106	-87.4	53.8
16.56	-9.138	-74.8	52.3
16.57	-9.171	-61.1	18.9
16.58	-9.206	-47.3	-33.7
16.59	-9.242	-34.5	-68.5
16.6	-9.281	-23.1	-66.5
16.61	-9.321	-13.7	-65.0
16.62	-9.359	-6.5	-58.4
16.63	-9.396	-1.8	-1.8
16.64	-9.433	0.4	50.3
16.65	-9.473	0.0	69.3
16.66	-9.514	-2.4	80.6
16.67	-9.557	-6.5	94.3
16.68	-9.598	-11.7	110.5
16.69	-9.637	-17.5	110.8
16.7	-9.676	-23.5	100.7
16.71	-9.714	-29.2	104.3
16.72	-9.749	-34.4	125.0
16.73	-9.783	-38.7	97.4
16.74	-9.818	-41.8	-145.0
16.75	-9.854	-43.4	-503.5
16.76	-9.889	-43.8	-374.1
16.77	-9.926	-43.1	225.8
16.78	-9.964	-41.6	469.3
16.79	-10.004	-39.3	263.7
16.8	-10.042	-36.5	77.4
16.81	-10.077	-33.8	42.2
16.82	-10.107	-31.3	42.5
16.83	-10.131	-29.1	32.4
16.84	-10.151	-27.1	34.3
16.85	-10.170	-25.0	20.9
16.86	-10.188	-22.6	4.9
16.87	-10.206	-18.5	-5.8
16.88	-10.225	-10.0	-29.5
16.89	-10.244	6.2	-64.9
16.9	-10.263	31.7	-105.1
16.91	-10.281	65.7	-148.0
16.92	-10.299	105.1	-187.5
16.93	-10.318	143.8	-204.8
16.94	-10.337	172.9	-205.9
16.95	-10.355	184.4	-167.1
16.96	-10.371	174.3	-97.1
16.97	-10.388	144.0	-77.4
16.98	-10.404	100.8	-63.8
16.99	-10.419	52.8	-15.0
17.0	-10.433	5.9	25.4
17.01	-10.448	-35.4	55.7
17.02	-10.462	-68.2	64.3
17.03	-10.477	-91.2	71.7
17.04	-10.492	-105.2	113.9
17.05	-10.506	-112.0	117.7
17.06	-10.519	-113.7	75.0
17.07	-10.530	-111.3	52.5
17.08	-10.541	-105.2	46.8
17.09	-10.551	-96.1	36.2
17.1	-10.560	-84.6	15.1
17.11	-10.569	-71.0	-7.5
17.12	-10.579	-56.2	-32.1
17.13	-10.589	-41.4	-22.0
17.14	-10.599	-27.6	-6.6
17.15	-10.609	-15.8	-40.5
17.16	-10.618	-6.3	-56.8
17.17	-10.625	0.3	-4.9
17.18	-10.631	4.1	61.1
17.19	-10.637	5.0	93.2
17.2	-10.643	3.5	103.7
17.21	-10.648	-0.2	118.8
17.22	-10.654	-5.6	145.4
17.23	-10.660	-12.3	129.8
17.24	-10.666	-19.4	90.1
17.25	-10.669	-26.6	113.9
17.26	-10.669	-33.1	144.7
17.27	-10.671	-38.4	7.3
17.28	-10.672	-42.1	-351.3
17.29	-10.673	-44.1	-441.0
17.3	-10.674	-44.4	75.5
17.31	-10.677	-43.3	489.5
17.32	-10.684	-41.4	359.5
17.33	-10.691	-39.1	129.2
17.34	-10.694	-36.9	66.7
17.35	-10.691	-34.5	73.4
17.36	-10.683	-31.9	64.6
17.37	-10.670	-29.2	52.1
17.38	-10.656	-26.4	55.1
17.39	-10.642	-23.5	61.2
17.4	-10.628	-19.9	35.5
17.41	-10.614	-13.6	-16.3
17.42	-10.599	-1.7	-48.1
17.43	-10.583	18.8	-69.0
17.44	-10.564	48.9	-105.4
17.45	-10.545	87.3	-143.3
17.46	-10.525	129.1	-150.9
17.47	-10.504	165.3	-136.6
17.48	-10.479	186.8	-131.5
17.49	-10.451	187.0	-122.4
17.5	-10.422	164.8	-94.5
17.51	-10.394	125.9	-48.0
17.52	-10.368	79.3	2.9
17.53	-10.341	31.9	43.7
17.54	-10.318	-11.3	68.1
17.55	-10.295	-47.5	104.3
17.56	-10.270	-75.6	137.7
17.57	-10.243	-95.6	127.5
17.58	-10.214	-108.5	106.2
17.59	-10.183	-115.7	92.2
17.6	-10.151	-117.8	82.3
17.61	-10.119	-114.9	75.0
17.62	-10.089	-106.5	55.1
17.63	-10.057	-93.8	49.8
17.64	-10.024	-78.5	43.9
17.65	-9.992	-62.1	0.8
17.66	-9.962	-45.9	-30.1
17.67	-9.931	-31.1	-40.0
17.68	-9.899	-18.5	-39.8
17.69	-9.867	-8.2	-4.1
17.7	-9.837	-0.4	43.3
17.71	-9.808	4.8	77.7
17.72	-9.779	7.4	132.5
17.73	-9.752	7.2	164.7
17.74	-9.725	4.1	146.2
17.75	-9.697	-1.5	129.0
17.76	-9.669	-9.2	123.5
17.77	-9.641	-18.0	130.0
17.78	-9.610	-26.9	153.7
17.79	-9.578	-34.8	139.8
17.8	-9.548	-41.1	-71.5
17.81	-9.521	-45.4	-393.1
17.82	-9.494	-47.5	-274.2
17.83	-9.469	-47.8	280.2
17.84	-9.447	-46.7	496.4
17.85	-9.429	-44.6	290.0
17.86	-9.410	-42.0	118.8
17.87	-9.389	-39.1	75.5
17.88	-9.367	-35.9	76.5
17.89	-9.342	-32.5	84.5
17.9	-9.314	-29.2	82.8
17.91	-9.284	-26.2	78.1
17.92	-9.253	-23.2	50.2
17.93	-9.223	-19.0	20.3
17.94	-9.194	-11.1	7.5
17.95	-9.169	4.1	-23.6
17.96	-9.146	29.2	-70.4
17.97	-9.124	64.5	-116.5
17.98	-9.105	106.9	-110.4
17.99	-9.088	149.0	-92.4
18.0	-9.073	181.1	-113.0
18.01	-9.059	194.1	-130.6
18.02	-9.046	183.0	-117.2
18.03	-9.035	151.3	-70.1
18.04	-9.025	108.0	-11.1
18.05	-9.015	61.3	31.5
18.06	-9.006	16.6	70.7
18.07	-8.999	-23.0	135.7
18.08	-8.991	-55.9	155.8
18.09	-8.982	-81.7	116.5
18.1	-8.973	-101.2	99.1
18.11	-8.964	-115.0	100.0
18.12	-8.954	-123.0	88.4
18.13	-8.943	-124.4	77.4
18.14	-8.933	-119.1	71.1
18.15	-8.924	-108.4	66.0
18.16	-8.916	-93.6	77.0
18.17	-8.908	-76.3	56.8
18.18	-8.899	-58.5	-15.0
18.19	-8.890	-41.6	-51.5
18.2	-8.882	-26.7	-43.2
18.21	-8.874	-14.5	-30.6
18.22	-8.864	-4.9	-3.3
18.23	-8.855	2.1	42.9
18.24	-8.847	6.6	77.2
18.25	-8.841	8.3	134.8
18.26	-8.834	6.9	185.7
18.27	-8.827	2.6	157.7
18.28	-8.819	-4.5	125.2
18.29	-8.811	-13.3	120.6
18.3	-8.803	-23.0	129.4
18.31	-8.793	-32.4	159.1
18.32	-8.781	-40.5	151.9
18.33	-8.771	-46.4	-32.3
18.34	-8.764	-49.8	-377.8
18.35	-8.759	-51.0	-322.2
18.36	-8.755	-50.3	259.8
18.37	-8.754	-48.3	517.4
18.38	-8.754	-45.6	288.5
18.39	-8.753	-42.5	92.1
18.4	-8.748	-39.4	51.4
18.41	-8.739	-36.3	74.7
18.42	-8.729	-33.1	114.7
18.43	-8.717	-29.7	120.0
18.44	-8.703	-26.2	73.6
18.45	-8.688	-22.3	42.8
18.46	-8.676	-16.4	27.9
18.47	-8.666	-5.2	3.8
18.48	-8.657	15.3	-24.9
18.49	-8.649	47.8	-68.6
18.5	-8.642	91.7	-91.8
18.51	-8.636	140.8	-83.8
18.52	-8.631	181.1	-101.6
18.53	-8.627	200.4	-120.2
18.54	-8.623	201.8	-110.9
18.55	-8.619	186.7	-91.5
18.56	-8.617	151.1	-56.8
18.57	-8.616	102.6	-15.7
18.58	-8.616	52.1	28.5
18.59	-8.616	5.3	98.6
18.6	-8.618	-34.6	130.0
18.61	-8.621	-66.3	108.3
18.62	-8.621	-90.2	111.7
18.63	-8.621	-107.7	116.0
18.64	-8.619	-120.6	103.2
18.65	-8.617	-128.7	92.0
18.66	-8.614	-130.6	81.0
18.67	-8.613	-125.1	73.6
18.68	-8.614	-113.3	77.6
18.69	-8.616	-97.6	87.3
18.7	-8.618	-79.8	59.1
18.71	-8.621	-61.5	6.7
18.72	-8.624	-44.2	-31.4
18.73	-8.629	-28.7	-47.4
18.74	-8.633	-15.7	-40.9
18.75	-8.636	-5.5	-33.0
18.76	-8.637	1.9	5.3
18.77	-8.637	6.3	89.8
18.78	-8.636	7.7	143.3
18.79	-8.636	6.1	136.9
18.8	-8.636	1.3	122.8
18.81	-8.637	-6.2	126.0
18.82	-8.640	-15.7	134.8
18.83	-8.646	-25.6	136.3
18.84	-8.653	-34.6	153.6
18.85	-8.657	-42.0	191.3
18.86	-8.661	-47.5	150.1
18.87	-8.672	-51.1	-146.4
18.88	-8.691	-52.9	-457.2
18.89	-8.717	-53.3	-170.3
18.9	-8.750	-52.4	404.4
18.91	-8.785	-50.2	477.8
18.92	-8.822	-46.9	242.4
18.93	-8.859	-43.0	128.9
18.94	-8.893	-39.0	102.2
18.95	-8.921	-35.1	94.7
18.96	-8.943	-31.6	94.2
18.97	-8.963	-28.4	87.3
18.98	-8.982	-25.6	71.4
18.99	-9.004	-21.7	36.1
19.0	-9.030	-13.3	10.5
19.01	-9.060	3.9	1.2
19.02	-9.092	34.0	-32.7
19.03	-9.123	78.0	-56.7
19.04	-9.153	131.5	-79.5
19.05	-9.183	177.8	-123.5
19.06	-9.211	200.1	-148.9
19.07	-9.239	204.2	-150.6
19.08	-9.266	199.2	-132.8
19.09	-9.294	176.1	-92.3
19.1	-9.324	131.1	-37.5
19.11	-9.354	77.0	7.4
19.12	-9.384	25.6	56.8
19.13	-9.414	-18.9	104.4
19.14	-9.444	-54.7	110.2
19.15	-9.475	-82.3	104.5
19.16	-9.504	-103.1	105.0
19.17	-9.533	-118.9	103.9
19.18	-9.559	-130.5	109.8
19.19	-9.584	-137.2	120.2
19.2	-9.609	-137.0	123.7
19.21	-9.635	-128.9	105.3
19.22	-9.660	-114.4	77.3
19.23	-9.684	-96.4	66.5
19.24	-9.707	-77.2	55.3
19.25	-9.731	-58.3	23.1
19.26	-9.755	-40.8	-13.0
19.27	-9.779	-25.1	-33.7
19.28	-9.803	-11.6	-20.7
19.29	-9.825	-0.9	5.9
19.3	-9.847	6.9	29.1
19.31	-9.869	11.4	65.3
19.32	-9.891	12.2	94.8
19.33	-9.914	9.2	119.4
19.34	-9.938	2.9	146.8
19.35	-9.960	-6.1	154.2
19.36	-9.980	-16.4	159.7
19.37	-9.999	-26.9	160.0
19.38	-10.019	-36.7	141.8
19.39	-10.036	-45.1	157.8
19.4	-10.053	-51.5	135.3
19.41	-10.070	-55.8	-104.4
19.42	-10.088	-57.7	-455.3
19.43	-10.104	-57.5	-335.6
19.44	-10.121	-55.5	287.4
19.45	-10.141	-52.6	554.5
19.46	-10.161	-49.2	316.0
19.47	-10.180	-45.8	113.3
19.48	-10.194	-42.4	75.5
19.49	-10.205	-39.0	74.4
19.5	-10.213	-35.4	84.6
19.51	-10.219	-31.5	107.2
19.52	-10.226	-27.5	75.7
19.53	-10.232	-22.7	35.1
19.54	-10.239	-14.7	24.5
19.55	-10.246	0.8	-14.1
19.56	-10.253	28.6	-48.1
19.57	-10.261	71.4	-60.0
19.58	-10.269	126.1	-95.6
19.59	-10.279	175.2	-138.6
19.6	-10.289	199.6	-146.7
19.61	-10.301	204.3	-132.9
19.62	-10.313	202.7	-115.8
19.63	-10.323	188.0	-86.9
19.64	-10.332	148.3	-52.0
19.65	-10.341	92.2	-20.0
19.66	-10.350	36.3	18.0
19.67	-10.358	-12.0	63.6
19.68	-10.368	-51.1	93.8
19.69	-10.378	-81.2	119.2
19.7	-10.388	-103.4	140.7
19.71	-10.396	-119.8	131.1
19.72	-10.403	-132.3	106.4
19.73	-10.407	-141.3	94.4
19.74	-10.411	-144.7	92.7
19.75	-10.416	-140.2	78.3
19.76	-10.420	-127.9	62.2
19.77	-10.424	-109.9	82.2
19.78	-10.427	-88.8	90.9
19.79	-10.429	-67.2	53.8
19.8	-10.433	-46.5	11.7
19.81	-10.436	-27.9	-26.7
19.82	-10.440	-12.1	-43.1
19.83	-10.443	0.6	-41.4
19.84	-10.444	9.6	-30.2
19.85	-10.443	14.8	13.8
19.86	-10.441	16.0	82.5
19.87	-10.437	13.5	119.7
19.88	-10.432	7.6	116.7
19.89	-10.424	-1.0	112.7
19.9	-10.413	-11.6	104.1
19.91	-10.399	-22.8	106.2
19.92	-10.384	-33.6	120.8
19.93	-10.370	-43.1	125.7
19.94	-10.353	-50.6	162.5
19.95	-10.332	-55.9	179.3
19.96	-10.311	-59.0	-0.9
19.97	-10.292	-60.1	-373.7
19.98	-10.271	-59.5	-456.8
19.99	-10.250	-57.4	54.9
20.0	-10.229	-54.5	478.2
20.01	-10.211	-51.1	366.8
20.02	-10.191	-47.5	141.4
20.03	-10.167	-43.7	67.8
20.04	-10.136	-39.6	68.4
20.05	-10.101	-35.4	82.8
20.06	-10.063	-31.2	87.8
20.07	-10.026	-27.2	65.3
20.08	-9.988	-22.6	43.3
20.09	-9.951	-14.8	25.4
20.1	-9.915	1.2	-0.1
20.11	-9.880	31.3	-36.9
20.12	-9.847	78.4	-70.6
20.13	-9.816	136.5	-82.4
20.14	-9.787	183.2	-102.5
20.15	-9.759	202.0	-145.1
20.16	-9.732	204.5	-168.8
20.17	-9.704	202.6	-148.5
20.18	-9.677	187.0	-110.9
20.19	-9.650	145.3	-78.3
20.2	-9.626	88.0	-38.1
20.21	-9.603	33.0	12.2
20.22	-9.579	-13.5	48.9
20.23	-9.558	-50.7	73.6
20.24	-9.540	-79.3	89.2
20.25	-9.522	-100.3	100.4
20.26	-9.502	-115.6	115.1
20.27	-9.482	-127.4	103.6
20.28	-9.461	-136.7	94.8
20.29	-9.439	-142.5	106.3
20.3	-9.417	-142.2	97.8
20.31	-9.394	-134.5	73.7
20.32	-9.372	-119.8	50.9
20.33	-9.351	-100.4	46.3
20.34	-9.331	-78.9	53.1
20.35	-9.314	-57.2	61.5
20.36	-9.298	-36.6	63.3
20.37	-9.283	-18.2	49.3
20.38	-9.268	-3.0	20.2
20.39	-9.254	7.9	-21.3
20.4	-9.240	13.9	-31.6
20.41	-9.228	15.0	-19.7
20.42	-9.214	11.9	-12.1
20.43	-9.199	5.5	19.7
20.44	-9.184	-2.9	79.4
20.45	-9.169	-12.3	109.3
20.46	-9.156	-21.9	99.9
20.47	-9.142	-31.2	97.4
20.48	-9.128	-39.9	103.0
20.49	-9.114	-47.5	113.4
20.5	-9.100	-53.7	117.8
20.51	-9.086	-58.2	118.0
20.52	-9.069	-60.9	142.1
20.53	-9.053	-61.9	118.1
20.54	-9.038	-61.2	-147.4
20.55	-9.023	-59.3	-515.2
20.56	-9.008	-56.7	-351.7
20.57	-8.995	-53.6	241.4
20.58	-8.984	-50.1	437.4
20.59	-8.974	-46.4	226.6
20.6	-8.966	-42.4	84.1
20.61	-8.954	-38.2	89.4
20.62	-8.943	-33.9	93.8
20.63	-8.930	-29.7	63.4
20.64	-8.913	-25.8	31.6
20.65	-8.895	-21.6	25.3
20.66	-8.878	-15.0	32.0
20.67	-8.862	-0.7	0.5
20.68	-8.849	27.5	-38.2
20.69	-8.838	74.1	-53.1
20.7	-8.828	133.8	-59.2
20.71	-8.819	182.4	-94.1
20.72	-8.811	202.0	-146.6
20.73	-8.803	204.5	-175.3
20.74	-8.794	203.4	-178.8
20.75	-8.786	190.6	-164.7
20.76	-8.778	151.1	-133.2
20.77	-8.771	92.4	-88.3
20.78	-8.767	35.2	-28.6
20.79	-8.763	-12.6	31.3
20.8	-8.759	-50.4	57.6
20.81	-8.758	-79.1	61.9
20.82	-8.756	-99.8	62.2
20.83	-8.754	-114.1	63.0
20.84	-8.750	-124.4	68.5
20.85	-8.746	-132.6	77.3
20.86	-8.741	-138.9	95.6
20.87	-8.737	-141.4	110.0
20.88	-8.734	-137.5	76.4
20.89	-8.730	-126.5	25.0
20.9	-8.726	-110.0	17.2
20.91	-8.723	-90.4	22.1
20.92	-8.719	-69.9	18.7
20.93	-8.716	-49.7	9.9
20.94	-8.715	-30.6	15.1
20.95	-8.714	-13.4	61.8
20.96	-8.714	0.7	76.5
20.97	-8.714	10.6	27.8
20.98	-8.713	15.4	-14.2
20.99	-8.713	14.6	-37.6
21.0	-8.713	8.7	-50.4
21.01	-8.712	-0.8	-52.7
21.02	-8.712	-12.0	-45.0
21.03	-8.711	-23.3	-10.8
21.04	-8.711	-33.4	42.0
21.05	-8.711	-41.7	65.3
21.06	-8.713	-47.9	60.7
21.07	-8.714	-52.3	62.0
21.08	-8.715	-55.2	71.8
21.09	-8.715	-56.8	87.3
21.1	-8.716	-57.2	94.9
21.11	-8.719	-56.7	104.6
21.12	-8.722	-55.5	136.8
21.13	-8.726	-53.8	114.3
21.14	-8.736	-52.0	-110.2
21.15	-8.752	-50.5	-520.1
21.16	-8.775	-48.9	-565.2
21.17	-8.801	-46.9	11.3
21.18	-8.832	-44.4	425.6
21.19	-8.866	-41.5	316.0
21.2	-8.902	-38.2	125.5
21.21	-8.937	-34.6	50.8
21.22	-8.967	-31.1	35.0
21.23	-8.992	-28.0	29.7
21.24	-9.014	-25.2	21.8
21.25	-9.038	-22.0	14.4
21.26	-9.064	-16.0	-2.7
21.27	-9.094	-2.5	-2.9
21.28	-9.126	24.8	9.2
21.29	-9.158	71.0	-32.0
21.3	-9.189	131.6	-95.4
21.31	-9.221	181.6	-133.2
21.32	-9.252	201.9	-160.6
21.33	-9.284	204.5	-189.0
21.34	-9.315	204.1	-192.0
21.35	-9.346	195.3	-152.1
21.36	-9.377	161.4	-128.8
21.37	-9.407	104.1	-117.7
21.38	-9.438	44.7	-83.7
21.39	-9.469	-5.7	-40.1
21.4	-9.500	-46.1	-1.8
21.41	-9.531	-76.9	22.5
21.42	-9.564	-98.5	56.7
21.43	-9.597	-112.5	79.7
21.44	-9.629	-121.6	63.4
21.45	-9.661	-128.5	59.2
21.46	-9.692	-134.6	63.4
21.47	-9.722	-139.0	50.3
21.48	-9.751	-138.8	59.5
21.49	-9.779	-131.8	68.0
21.5	-9.806	-118.3	52.1
21.51	-9.829	-100.1	32.1
21.52	-9.851	-79.8	8.8
21.53	-9.874	-59.3	12.1
21.54	-9.898	-39.9	23.4
21.55	-9.920	-22.1	20.3
21.56	-9.944	-6.7	28.6
21.57	-9.967	5.4	48.7
21.58	-9.989	13.3	66.3
21.59	-10.011	16.1	42.5
21.6	-10.031	13.5	10.9
21.61	-10.052	6.1	-8.9
21.62	-10.073	-4.7	-51.8
21.63	-10.094	-16.9	-74.8
21.64	-10.114	-28.9	-63.0
21.65	-10.133	-39.4	-9.7
21.66	-10.150	-47.4	48.8
21.67	-10.168	-52.8	61.3
21.68	-10.186	-55.6	60.7
21.69	-10.203	-56.7	70.0
21.7	-10.219	-56.7	79.1
21.71	-10.234	-55.9	84.1
21.72	-10.249	-54.4	94.7
21.73	-10.266	-52.4	101.2
21.74	-10.282	-50.1	130.3
21.75	-10.297	-47.7	146.8
21.76	-10.313	-45.8	4.5
21.77	-10.327	-44.2	-358.3
21.78	-10.339	-42.9	-591.8
21.79	-10.351	-41.6	-187.7
21.8	-10.364	-40.4	375.5
21.81	-10.381	-38.8	396.4
21.82	-10.397	-36.6	177.5
21.83	-10.410	-33.9	78.6
21.84	-10.419	-30.6	70.2
21.85	-10.423	-27.1	74.7
21.86	-10.424	-23.8	58.8
21.87	-10.426	-20.8	33.3
21.88	-10.427	-17.1	7.2
21.89	-10.429	-9.7	-12.5
21.9	-10.434	6.8	-26.8
21.91	-10.441	38.7	-13.6
21.92	-10.447	89.4	-32.7
21.93	-10.453	149.1	-83.8
21.94	-10.459	190.5	-112.9
21.95	-10.465	203.5	-161.2
21.96	-10.470	204.5	-196.8
21.97	-10.474	202.3	-191.3
21.98	-10.476	184.5	-166.2
21.99	-10.476	138.6	-118.4
22.0	-10.476	77.8	-51.2
22.01	-10.477	21.7	2.9
22.02	-10.476	-24.3	47.5
22.03	-10.474	-60.7	71.0
22.04	-10.473	-87.9	61.2
22.05	-10.467	-107.0	75.9
22.06	-10.458	-119.8	96.3
22.07	-10.443	-128.5	90.6
22.08	-10.424	-135.1	89.4
22.09	-10.402	-140.0	112.5
22.1	-10.377	-141.0	130.6
22.11	-10.350	-136.0	108.9
22.12	-10.321	-124.0	73.0
22.13	-10.289	-106.6	58.1
22.14	-10.258	-86.3	50.0
22.15	-10.228	-65.2	35.3
22.16	-10.199	-44.4	50.9
22.17	-10.172	-24.9	72.0
22.18	-10.148	-7.7	86.8
22.19	-10.123	6.3	110.1
22.2	-10.098	15.9	82.1
22.21	-10.070	20.0	38.4
22.22	-10.042	18.5	28.8
22.23	-10.014	11.7	19.8
22.24	-9.987	1.1	-5.8
22.25	-9.960	-11.5	-12.3
22.26	-9.932	-24.2	-2.4
22.27	-9.903	-35.6	4.8
22.28	-9.874	-44.9	65.3
22.29	-9.845	-51.5	121.6
22.3	-9.819	-55.6	109.7
22.31	-9.793	-57.4	99.7
22.32	-9.767	-57.7	115.8
22.33	-9.739	-56.6	128.6
22.34	-9.711	-54.9	130.3
22.35	-9.682	-52.7	140.5
22.36	-9.652	-50.4	173.3
22.37	-9.621	-48.4	166.5
22.38	-9.592	-46.9	5.7
22.39	-9.564	-45.8	-361.8
22.4	-9.536	-44.6	-553.8
22.41	-9.510	-43.1	-107.2
22.42	-9.488	-41.3	426.1
22.43	-9.467	-38.8	441.4
22.44	-9.447	-36.0	228.7
22.45	-9.426	-33.0	91.8
22.46	-9.402	-30.0	67.6
22.47	-9.376	-27.2	80.0
22.48	-9.348	-24.7	66.4
22.49	-9.318	-22.2	53.3
22.5	-9.289	-19.0	40.5
22.51	-9.259	-12.6	39.5
22.52	-9.232	1.1	58.0
22.53	-9.206	27.9	27.5
22.54	-9.182	71.7	-49.5
22.55	-9.159	128.8	-95.2
22.56	-9.138	178.4	-122.1
22.57	-9.117	200.9	-152.4
22.58	-9.100	204.4	-172.8
22.59	-9.084	203.2	-136.9
22.6	-9.069	189.6	-65.7
22.61	-9.054	148.7	-57.5
22.62	-9.040	88.7	-57.3
22.63	-9.026	29.8	-17.8
22.64	-9.013	-19.7	22.5
22.65	-8.999	-59.1	59.8
22.66	-8.989	-88.5	76.1
22.67	-8.980	-108.9	118.7
22.68	-8.971	-121.7	167.4
22.69	-8.960	-129.6	144.7
22.7	-8.948	-135.2	107.1
22.71	-8.934	-139.5	94.5
22.72	-8.920	-140.8	88.8
22.73	-8.906	-136.1	77.5
22.74	-8.893	-124.5	65.2
22.75	-8.881	-107.4	68.8
22.76	-8.869	-87.2	99.2
22.77	-8.859	-66.2	104.6
22.78	-8.848	-46.0	71.0
22.79	-8.837	-27.5	52.8
22.8	-8.824	-11.7	52.5
22.81	-8.808	0.8	47.4
22.82	-8.789	9.5	49.5
22.83	-8.769	13.8	76.9
22.84	-8.748	13.4	96.3
22.85	-8.728	8.7	90.8
22.86	-8.706	0.5	69.1
22.87	-8.686	-10.2	22.2
22.88	-8.668	-22.0	-23.3
22.89	-8.652	-33.4	-33.0
22.9	-8.639	-43.3	-32.4
22.91	-8.627	-50.6	-15.6
22.92	-8.616	-54.9	47.6
22.93	-8.607	-56.2	91.7
22.94	-8.601	-55.2	100.5
22.95	-8.596	-52.9	115.9
22.96	-8.592	-49.9	113.2
22.97	-8.588	-47.1	100.1
22.98	-8.584	-44.8	108.2
22.99	-8.581	-42.9	114.6
23.0	-8.577	-41.5	140.1
23.01	-8.572	-40.6	149.6
23.02	-8.568	-39.9	-28.6
23.03	-8.566	-39.3	-444.3
23.04	-8.565	-38.8	-585.4
23.05	-8.565	-38.3	-56.4
23.06	-8.567	-37.6	423.9
23.07	-8.570	-36.5	356.9
23.08	-8.572	-34.8	153.4
23.09	-8.572	-32.4	75.3
23.1	-8.569	-29.3	91.2
23.11	-8.566	-25.8	104.8
23.12	-8.559	-22.3	69.9
23.13	-8.550	-19.0	44.1
23.14	-8.543	-14.7	34.8
23.15	-8.536	-5.7	14.8
23.16	-8.532	13.8	-6.2
23.17	-8.529	49.6	-25.2
23.18	-8.527	103.5	-23.0
23.19	-8.527	161.1	-43.2
23.2	-8.526	195.5	-104.7
23.21	-8.524	204.1	-149.9
23.22	-8.524	204.4	-170.6
23.23	-8.523	199.8	-162.4
23.24	-8.523	173.9	-136.9
23.25	-8.524	119.5	-104.7
23.26	-8.527	56.1	-40.3
23.27	-8.534	1.2	20.0
23.28	-8.539	-42.8	35.8
23.29	-8.544	-76.3	46.3
23.3	-8.551	-100.1	67.9
23.31	-8.558	-115.4	84.3
23.32	-8.562	-124.3	86.3
23.33	-8.564	-129.2	79.9
23.34	-8.566	-132.6	86.2
23.35	-8.569	-134.8	103.6
23.36	-8.576	-134.0	100.6
23.37	-8.585	-127.8	79.3
23.38	-8.598	-115.5	57.4
23.39	-8.614	-99.0	33.0
23.4	-8.633	-80.6	23.6
23.41	-8.655	-62.3	37.7
23.42	-8.680	-44.8	45.7
23.43	-8.709	-28.5	43.8
23.44	-8.741	-14.1	61.1
23.45	-8.774	-2.2	65.4
23.46	-8.810	6.3	52.2
23.47	-8.846	10.7	41.5
23.48	-8.881	10.3	26.1
23.49	-8.914	5.4	16.7
23.5	-8.947	-3.0	-11.8
23.51	-8.982	-13.5	-47.4
23.52	-9.018	-24.6	-46.9
23.53	-9.054	-34.9	-22.2
23.54	-9.090	-43.4	13.5
23.55	-9.126	-49.4	57.8
23.56	-9.163	-52.9	89.9
23.57	-9.200	-54.1	100.9
23.58	-9.236	-53.5	95.0
23.59	-9.269	-51.8	85.5
23.6	-9.302	-49.5	97.8
23.61	-9.335	-47.4	117.8
23.62	-9.367	-45.7	128.9
23.63	-9.399	-44.6	132.3
23.64	-9.432	-43.9	46.0
23.65	-9.464	-43.3	-286.6
23.66	-9.496	-42.5	-642.3
23.67	-9.528	-41.1	-362.8
23.68	-9.562	-39.0	313.7
23.69	-9.596	-36.2	481.1
23.7	-9.629	-33.4	231.8
23.71	-9.660	-31.1	70.9
23.72	-9.688	-29.2	42.5
23.73	-9.711	-27.3	45.0
23.74	-9.732	-25.1	34.7
23.75	-9.753	-22.5	41.2
23.76	-9.774	-19.3	57.7
23.77	-9.794	-14.4	35.2
23.78	-9.816	-4.8	-14.0
23.79	-9.838	14.3	-54.0
23.8	-9.859	47.5	-80.8
23.81	-9.882	96.9	-111.1
23.82	-9.906	152.8	-152.7
23.83	-9.931	191.4	-184.8
23.84	-9.956	203.5	-179.1
23.85	-9.981	204.3	-155.3
23.86	-10.006	199.5	-151.8
23.87	-10.029	173.2	-157.5
23.88	-10.052	118.7	-126.7
23.89	-10.076	54.6	-72.3
23.9	-10.101	-1.8	-25.9
23.91	-10.125	-47.3	8.0
23.92	-10.151	-82.1	51.9
23.93	-10.179	-106.7	110.8
23.94	-10.208	-122.4	106.1
23.95	-10.235	-131.5	69.9
23.96	-10.261	-136.5	71.3
23.97	-10.285	-139.1	72.4
23.98	-10.308	-138.7	65.6
23.99	-10.330	-133.5	62.9
24.0	-10.351	-122.6	77.1
24.01	-10.373	-107.0	76.9
24.02	-10.393	-88.9	44.3
24.03	-10.414	-70.2	29.5
24.04	-10.434	-52.3	36.4
24.05	-10.456	-36.0	33.4
24.06	-10.478	-21.3	23.5
24.07	-10.500	-8.5	-1.4
24.08	-10.522	1.7	-19.3
24.09	-10.545	8.7	-3.5
24.1	-10.568	11.8	-22.4
24.11	-10.589	10.8	-55.0
24.12	-10.608	5.8	-39.1
24.13	-10.624	-2.5	7.2
24.14	-10.640	-12.3	45.9
24.15	-10.658	-22.0	63.5
24.16	-10.678	-30.5	82.3
24.17	-10.697	-37.4	119.0
24.18	-10.715	-42.6	122.1
24.19	-10.733	-46.4	85.0
24.2	-10.750	-49.0	81.9
24.21	-10.768	-50.5	114.7
24.22	-10.783	-51.3	129.6
24.23	-10.798	-51.2	34.3
24.24	-10.813	-50.3	-272.3
24.25	-10.826	-48.9	-552.8
24.26	-10.836	-46.9	-249.3
24.27	-10.847	-44.3	338.5
24.28	-10.859	-41.3	440.8
24.29	-10.872	-38.5	216.9
24.3	-10.880	-36.3	74.3
24.31	-10.884	-34.4	30.7
24.32	-10.884	-32.3	25.5
24.33	-10.883	-29.8	31.3
24.34	-10.883	-27.0	48.4
24.35	-10.884	-24.0	38.3
24.36	-10.886	-20.1	-0.7
24.37	-10.888	-13.6	-24.6
24.38	-10.888	-0.7	-40.3
24.39	-10.889	23.1	-64.3
24.4	-10.889	61.3	-100.6
24.41	-10.890	113.1	-126.8
24.42	-10.891	165.2	-146.0
24.43	-10.892	196.2	-192.3
24.44	-10.891	204.1	-201.2
24.45	-10.886	202.9	-165.9
24.46	-10.878	188.2	-140.7
24.47	-10.868	146.2	-103.4
24.48	-10.858	85.3	-57.6
24.49	-10.845	25.1	-20.5
24.5	-10.830	-26.0	22.8
24.51	-10.814	-66.7	56.0
24.52	-10.797	-97.5	73.2
24.53	-10.775	-119.5	97.1
24.54	-10.749	-134.0	101.8
24.55	-10.720	-142.6	80.6
24.56	-10.688	-146.0	63.2
24.57	-10.654	-144.0	51.5
24.58	-10.621	-136.1	70.4
24.59	-10.588	-123.0	94.6
24.6	-10.553	-106.3	60.7
24.61	-10.518	-87.7	31.9
24.62	-10.483	-68.7	36.2
24.63	-10.451	-50.6	17.8
24.64	-10.421	-33.9	4.9
24.65	-10.394	-18.8	10.0
24.66	-10.368	-5.7	-20.4
24.67	-10.342	4.4	-29.0
24.68	-10.317	11.0	-2.5
24.69	-10.288	13.5	-25.7
24.7	-10.256	11.9	-32.3
24.71	-10.223	6.6	19.7
24.72	-10.188	-1.4	60.4
24.73	-10.156	-10.6	74.0
24.74	-10.123	-19.9	75.6
24.75	-10.091	-28.1	88.1
24.76	-10.060	-35.0	126.9
24.77	-10.029	-40.5	143.8
24.78	-9.998	-44.6	116.2
24.79	-9.966	-47.5	113.3
24.8	-9.932	-49.5	109.3
24.81	-9.898	-50.5	-68.5
24.82	-9.864	-50.4	-441.3
24.83	-9.831	-49.2	-492.7
24.84	-9.801	-47.2	56.2
24.85	-9.774	-44.8	463.0
24.86	-9.751	-42.4	326.8
24.87	-9.729	-39.9	106.5
24.88	-9.707	-37.4	45.4
24.89	-9.682	-34.7	48.2
24.9	-9.654	-31.7	44.9
24.91	-9.624	-28.6	45.9
24.92	-9.591	-25.7	60.8
24.93	-9.556	-22.6	38.8
24.94	-9.521	-18.0	-2.8
24.95	-9.489	-8.9	-22.0
24.96	-9.459	9.4	-40.1
24.97	-9.433	41.2	-66.5
24.98	-9.409	87.9	-92.6
24.99	-9.387	142.7	-125.2
25.0	-9.366	185.3	-155.5
25.01	-9.346	202.3	-173.3
25.02	-9.326	204.0	-178.6
25.03	-9.306	195.4	-151.9
25.04	-9.286	162.6	-106.1
25.05	-9.268	106.0	-49.8
25.06	-9.251	44.9	1.4
25.07	-9.236	-8.8	42.4
25.08	-9.222	-52.8	79.2
25.09	-9.210	-87.1	77.9
25.1	-9.199	-112.5	73.3
25.11	-9.187	-129.8	91.1
25.12	-9.174	-140.3	89.8
25.13	-9.161	-144.8	87.3
25.14	-9.146	-143.7	99.2
25.15	-9.132	-137.4	99.4
25.16	-9.117	-126.1	90.9
25.17	-9.104	-111.0	74.6
25.18	-9.091	-93.5	55.1
25.19	-9.077	-74.9	42.8
25.2	-9.064	-56.8	34.0
25.21	-9.052	-40.0	11.7
25.22	-9.041	-24.8	-2.2
25.23	-9.031	-11.6	-4.6
25.24	-9.021	-1.1	-20.8
25.25	-9.013	6.2	-25.6
25.26	-9.003	9.8	2.3
25.27	-8.993	9.5	56.0
25.28	-8.982	6.0	82.8
25.29	-8.971	-0.1	87.0
25.3	-8.961	-7.7	103.1
25.31	-8.950	-16.0	121.4
25.32	-8.939	-24.4	141.6
25.33	-8.929	-32.1	147.1
25.34	-8.920	-38.8	137.1
25.35	-8.909	-44.0	151.0
25.36	-8.898	-47.7	167.4
25.37	-8.888	-49.9	16.3
25.38	-8.878	-50.8	-369.3
25.39	-8.869	-50.6	-490.5
25.4	-8.860	-49.2	21.2
25.41	-8.853	-46.9	473.3
25.42	-8.847	-44.0	378.0
25.43	-8.842	-40.7	172.0
25.44	-8.835	-37.5	103.8
25.45	-8.826	-34.5	78.7
25.46	-8.814	-32.1	70.2
25.47	-8.800	-30.0	73.5
25.48	-8.784	-27.6	70.9
25.49	-8.769	-24.6	54.0
25.5	-8.754	-19.6	38.9
25.51	-8.741	-10.0	28.1
25.52	-8.730	8.1	-3.8
25.53	-8.720	38.7	-35.2
25.54	-8.711	82.9	-66.2
25.55	-8.702	135.9	-108.9
25.56	-8.694	180.5	-133.3
25.57	-8.688	200.9	-123.7
25.58	-8.683	203.9	-96.1
25.59	-8.678	195.0	-89.2
25.6	-8.673	162.2	-68.5
25.61	-8.670	106.3	-20.9
25.62	-8.667	45.3	24.8
25.63	-8.663	-9.2	63.5
25.64	-8.662	-54.0	79.8
25.65	-8.662	-88.6	97.9
25.66	-8.664	-113.6	127.2
25.67	-8.664	-129.8	140.7
25.68	-8.664	-138.3	132.7
25.69	-8.664	-140.8	103.6
25.7	-8.664	-138.8	81.9
25.71	-8.666	-132.2	91.2
25.72	-8.671	-120.7	86.7
25.73	-8.682	-105.3	80.9
25.74	-8.698	-88.1	91.5
25.75	-8.720	-70.7	65.1
25.76	-8.748	-54.0	27.9
25.77	-8.780	-38.7	-4.9
25.78	-8.814	-25.3	-33.8
25.79	-8.849	-14.1	-38.7
25.8	-8.884	-5.0	-38.4
25.81	-8.919	1.5	1.1
25.82	-8.954	5.3	71.8
25.83	-8.988	6.1	102.7
25.84	-9.022	4.1	110.3
25.85	-9.056	-0.7	129.4
25.86	-9.092	-7.8	138.7
25.87	-9.127	-16.3	122.0
25.88	-9.165	-25.0	114.4
25.89	-9.208	-32.9	120.6
25.9	-9.254	-39.2	149.8
25.91	-9.300	-43.7	203.4
25.92	-9.346	-46.5	111.4
25.93	-9.393	-48.1	-266.3
25.94	-9.440	-48.6	-542.0
25.95	-9.487	-48.1	-166.5
25.96	-9.536	-46.3	385.3
25.97	-9.588	-43.7	425.1
25.98	-9.643	-40.8	233.2
25.99	-9.698	-37.4	125.3
26.0	-9.750	-34.1	74.3
26.01	-9.797	-31.4	70.2
26.02	-9.838	-29.2	68.3
26.03	-9.874	-27.2	48.3
26.04	-9.907	-24.9	27.7
26.05	-9.939	-21.1	16.6
26.06	-9.973	-13.3	23.1
26.07	-10.009	2.5	4.3
26.08	-10.045	30.1	-36.2
26.09	-10.083	71.3	-83.7
26.1	-10.120	122.9	-126.9
26.11	-10.158	171.2	-154.1
26.12	-10.195	197.9	-173.3
26.13	-10.230	204.0	-158.6
26.14	-10.263	198.4	-108.1
26.15	-10.293	171.8	-69.1
26.16	-10.324	119.6	-48.2
26.17	-10.354	58.1	-21.6
26.18	-10.383	1.6	14.6
26.19	-10.412	-45.6	50.8
26.2	-10.444	-82.8	71.4
26.21	-10.476	-110.1	109.0
26.22	-10.506	-128.0	121.1
26.23	-10.535	-137.7	88.1
26.24	-10.561	-140.9	86.8
26.25	-10.584	-139.1	90.0
26.26	-10.608	-131.9	74.1
26.27	-10.631	-119.9	66.7
26.28	-10.651	-104.7	68.5
26.29	-10.670	-88.1	46.9
26.3	-10.687	-70.9	4.3
26.31	-10.704	-54.4	-13.4
26.32	-10.722	-39.1	-22.6
26.33	-10.740	-25.5	-37.4
26.34	-10.758	-13.9	-46.5
26.35	-10.774	-4.3	-30.6
26.36	-10.789	2.9	15.4
26.37	-10.803	7.4	66.5
26.38	-10.819	9.0	110.0
26.39	-10.836	7.4	121.8
26.4	-10.853	2.9	107.5
26.41	-10.868	-4.2	105.4
26.42	-10.883	-13.0	104.9
26.43	-10.898	-22.3	94.8
26.44	-10.911	-30.6	103.3
26.45	-10.920	-37.4	135.7
26.46	-10.929	-42.3	95.7
26.47	-10.938	-45.5	-197.2
26.48	-10.943	-47.0	-492.6
26.49	-10.946	-47.2	-198.5
26.5	-10.952	-46.6	364.3
26.51	-10.964	-45.2	437.5
26.52	-10.978	-43.2	200.3
26.53	-10.990	-40.4	71.0
26.54	-10.996	-37.1	49.2
26.55	-10.998	-34.0	49.8
26.56	-10.996	-31.2	49.5
26.57	-10.991	-28.6	48.7
26.58	-10.986	-26.0	54.0
26.59	-10.979	-22.8	40.0
26.6	-10.975	-16.9	-9.4
26.61	-10.973	-4.8	-52.6
26.62	-10.974	17.6	-69.1
26.63	-10.975	53.0	-90.1
26.64	-10.977	100.1	-135.5
26.65	-10.978	150.8	-166.5
26.66	-10.978	188.1	-160.2
26.67	-10.974	202.5	-139.9
26.68	-10.966	200.1	-133.4
26.69	-10.955	178.3	-125.8
26.7	-10.947	132.4	-83.1
26.71	-10.941	74.8	-24.3
26.72	-10.934	19.7	21.6
26.73	-10.927	-27.6	41.7
26.74	-10.916	-65.8	73.8
26.75	-10.898	-95.3	101.4
26.76	-10.876	-116.8	89.2
26.77	-10.849	-130.9	81.6
26.78	-10.819	-138.7	72.3
26.79	-10.784	-140.3	62.6
26.8	-10.749	-134.6	64.1
26.81	-10.713	-122.6	52.3
26.82	-10.674	-106.8	37.7
26.83	-10.636	-89.1	30.8
26.84	-10.596	-70.9	0.2
26.85	-10.558	-53.5	-47.9
26.86	-10.521	-37.6	-58.0
26.87	-10.484	-23.7	-54.2
26.88	-10.449	-11.7	-55.3
26.89	-10.414	-1.8	-21.6
26.9	-10.380	5.5	53.4
26.91	-10.348	9.8	112.7
26.92	-10.316	10.9	100.2
26.93	-10.283	8.5	79.0
26.94	-10.248	3.0	90.4
26.95	-10.213	-4.9	98.8
26.96	-10.177	-14.1	99.7
26.97	-10.140	-23.4	104.8
26.98	-10.101	-31.8	138.7
26.99	-10.062	-38.6	124.7
27.0	-10.026	-43.6	-124.0
27.01	-9.991	-46.6	-452.9
27.02	-9.957	-48.0	-276.4
27.03	-9.926	-48.0	291.8
27.04	-9.898	-47.1	451.9
27.05	-9.872	-45.2	220.0
27.06	-9.846	-42.4	68.0
27.07	-9.817	-38.9	50.5
27.08	-9.785	-35.3	83.5
27.09	-9.750	-32.0	85.2
27.1	-9.711	-29.0	48.3
27.11	-9.670	-26.4	21.4
27.12	-9.631	-23.5	1.8
27.13	-9.592	-18.2	-17.9
27.14	-9.558	-6.9	-38.8
27.15	-9.526	14.6	-47.9
27.16	-9.496	48.9	-56.6
27.17	-9.469	95.1	-102.6
27.18	-9.443	145.6	-154.5
27.19	-9.419	184.8	-168.1
27.2	-9.396	201.5	-160.7
27.21	-9.373	200.0	-144.9
27.22	-9.350	178.6	-116.7
27.23	-9.330	133.6	-79.6
27.24	-9.310	76.8	-27.8
27.25	-9.290	21.9	29.1
27.26	-9.271	-25.8	53.8
27.27	-9.254	-64.5	59.8
27.28	-9.240	-94.3	71.7
27.29	-9.227	-115.9	77.4
27.3	-9.215	-130.1	86.3
27.31	-9.204	-137.9	95.3
27.32	-9.193	-139.5	90.3
27.33	-9.181	-133.8	73.0
27.34	-9.169	-122.2	46.5
27.35	-9.157	-106.8	20.6
27.36	-9.145	-89.5	17.3
27.37	-9.135	-71.6	7.8
27.38	-9.127	-54.3	-31.1
27.39	-9.121	-38.1	-31.9
27.4	-9.116	-23.6	-27.6
27.41	-9.109	-11.5	-61.9
27.42	-9.101	-2.3	-61.1
27.43	-9.091	4.0	-7.4
27.44	-9.082	7.4	57.4
27.45	-9.073	8.0	89.6
27.46	-9.063	6.0	113.3
27.47	-9.053	1.4	127.9
27.48	-9.043	-5.4	108.1
27.49	-9.033	-13.6	98.1
27.5	-9.023	-22.4	98.9
27.51	-9.012	-30.7	119.6
27.52	-8.999	-37.6	146.3
27.53	-8.988	-42.6	16.1
27.54	-8.980	-45.8	-340.8
27.55	-8.973	-47.4	-431.6
27.56	-8.966	-47.6	74.4
27.57	-8.960	-46.6	463.7
27.58	-8.955	-44.4	326.6
27.59	-8.950	-41.6	99.8
27.6	-8.942	-38.6	37.8
27.61	-8.931	-35.6	52.2
27.62	-8.920	-32.8	48.1
27.63	-8.906	-30.0	49.3
27.64	-8.891	-27.2	56.6
27.65	-8.876	-23.8	35.3
27.66	-8.861	-18.7	1.8
27.67	-8.848	-8.6	-27.4
27.68	-8.834	10.8	-58.3
27.69	-8.822	43.2	-88.7
27.7	-8.811	88.5	-114.6
27.71	-8.800	140.1	-138.8
27.72	-8.791	181.9	-148.9
27.73	-8.783	201.0	-151.0
27.74	-8.774	201.7	-152.3
27.75	-8.765	184.2	-140.8
27.76	-8.759	141.7	-98.4
27.77	-8.754	84.6	-43.9
27.78	-8.748	28.5	0.2
27.79	-8.743	-19.9	37.7
27.8	-8.740	-59.1	56.3
27.81	-8.737	-89.6	59.3
27.82	-8.732	-111.9	58.8
27.83	-8.728	-126.8	59.4
27.84	-8.724	-135.6	56.8
27.85	-8.720	-138.7	48.3
27.86	-8.716	-134.6	43.8
27.87	-8.714	-124.0	54.7
27.88	-8.712	-108.9	42.0
27.89	-8.710	-91.5	10.2
27.9	-8.709	-73.5	-11.3
27.91	-8.709	-56.3	-43.7
27.92	-8.711	-40.4	-74.4
27.93	-8.714	-26.0	-87.1
27.94	-8.717	-13.4	-79.3
27.95	-8.721	-3.0	-33.7
27.96	-8.727	4.6	26.3
27.97	-8.733	9.1	62.8
27.98	-8.741	10.3	81.2
27.99	-8.749	8.0	87.6
28.0	-8.762	2.7	93.5
28.01	-8.778	-4.9	99.7
28.02	-8.799	-13.8	110.1
28.03	-8.824	-23.0	110.9
28.04	-8.849	-31.8	128.1
28.05	-8.873	-39.3	167.2
28.06	-8.899	-45.2	48.9
28.07	-8.931	-49.0	-313.1
28.08	-8.968	-50.7	-476.8
28.09	-9.006	-50.6	-20.5
28.1	-9.045	-49.0	450.1
28.11	-9.085	-46.2	369.7
28.12	-9.127	-42.8	146.7
28.13	-9.169	-39.4	64.7
28.14	-9.208	-36.3	40.2
28.15	-9.242	-33.4	43.2
28.16	-9.274	-30.7	51.4
28.17	-9.304	-27.9	35.8
28.18	-9.337	-24.8	10.9
28.19	-9.373	-20.2	-1.9
28.2	-9.411	-11.1	-28.6
28.21	-9.450	6.7	-52.3
28.22	-9.489	37.0	-74.3
28.23	-9.529	80.5	-124.5
28.24	-9.567	131.9	-151.6
28.25	-9.605	176.6	-158.0
28.26	-9.643	199.3	-174.3
28.27	-9.678	202.7	-173.1
28.28	-9.711	189.5	-138.8
28.29	-9.745	152.1	-103.3
28.3	-9.778	97.0	-75.4
28.31	-9.810	40.4	-21.8
28.32	-9.839	-9.9	23.9
28.33	-9.868	-51.7	33.7
28.34	-9.897	-84.6	48.8
28.35	-9.925	-108.8	55.6
28.36	-9.954	-124.9	48.4
28.37	-9.982	-134.4	70.7
28.38	-10.009	-138.0	85.7
28.39	-10.034	-134.9	57.1
28.4	-10.059	-125.5	33.3
28.41	-10.081	-111.6	26.8
28.42	-10.100	-95.3	-2.9
28.43	-10.118	-78.2	-39.9
28.44	-10.134	-61.3	-69.6
28.45	-10.151	-45.2	-75.7
28.46	-10.168	-30.2	-48.8
28.47	-10.184	-16.9	-55.3
28.48	-10.198	-5.7	-47.0
28.49	-10.212	2.8	7.5
28.5	-10.226	8.1	49.0
28.51	-10.242	10.2	67.4
28.52	-10.258	9.1	65.1
28.53	-10.273	5.1	80.8
28.54	-10.286	-1.2	110.6
28.55	-10.299	-9.4	109.2
28.56	-10.312	-18.4	101.3
28.57	-10.322	-27.4	112.6
28.58	-10.330	-35.8	113.0
28.59	-10.338	-42.5	-27.0
28.6	-10.346	-47.2	-369.5
28.61	-10.353	-49.5	-466.7
28.62	-10.360	-49.7	43.6
28.63	-10.371	-48.3	480.9
28.64	-10.386	-45.9	340.6
28.65	-10.402	-42.9	97.1
28.66	-10.416	-39.6	36.0
28.67	-10.424	-36.5	35.4
28.68	-10.428	-33.5	43.4
28.69	-10.429	-30.7	49.1
28.7	-10.429	-28.1	30.8
28.71	-10.428	-25.1	-13.3
28.72	-10.426	-20.2	-45.0
28.73	-10.424	-10.2	-34.2
28.74	-10.423	9.3	-35.4
28.75	-10.424	42.0	-64.3
28.76	-10.424	87.6	-106.2
28.77	-10.426	139.5	-165.2
28.78	-10.428	181.5	-203.9
28.79	-10.429	200.8	-196.7
28.8	-10.431	201.9	-159.6
28.81	-10.431	185.5	-126.1
28.82	-10.433	145.0	-97.6
28.83	-10.435	89.9	-44.1
28.84	-10.435	35.1	10.0
28.85	-10.432	-12.9	24.6
28.86	-10.429	-52.4	25.5
28.87	-10.424	-83.6	40.9
28.88	-10.417	-107.1	68.2
28.89	-10.408	-123.7	79.8
28.9	-10.399	-134.4	61.3
28.91	-10.387	-139.6	44.8
28.92	-10.374	-137.6	38.2
28.93	-10.358	-128.0	26.0
28.94	-10.339	-113.1	29.6
28.95	-10.318	-95.2	35.5
28.96	-10.294	-76.5	3.7
28.97	-10.270	-58.6	-45.2
28.98	-10.248	-42.1	-71.1
28.99	-10.228	-27.3	-73.7
29.0	-10.207	-14.2	-59.0
29.01	-10.184	-3.3	-38.0
29.02	-10.160	5.2	-3.6
29.03	-10.135	10.8	50.8
29.04	-10.109	13.0	82.7
29.05	-10.084	11.6	82.3
29.06	-10.058	6.7	80.4
29.07	-10.030	-1.0	104.8
29.08	-10.003	-10.5	111.2
29.09	-9.976	-20.4	87.0
29.1	-9.947	-29.8	108.8
29.11	-9.918	-37.8	145.4
29.12	-9.889	-44.1	37.3
29.13	-9.861	-48.4	-299.5
29.14	-9.834	-50.8	-474.8
29.15	-9.808	-51.3	-55.6
29.16	-9.784	-50.3	428.1
29.17	-9.764	-48.0	388.1
29.18	-9.746	-44.9	157.4
29.19	-9.726	-41.2	68.3
29.2	-9.702	-37.6	48.0
29.21	-9.673	-34.4	35.5
29.22	-9.640	-31.4	38.3
29.23	-9.604	-28.6	29.6
29.24	-9.568	-25.3	16.0
29.25	-9.533	-20.0	6.0
29.26	-9.499	-9.4	-5.2
29.27	-9.466	11.0	-16.3
29.28	-9.433	45.0	-59.3
29.29	-9.401	92.5	-113.6
29.3	-9.372	145.5	-146.0
29.31	-9.344	185.8	-164.7
29.32	-9.319	202.2	-169.8
29.33	-9.295	201.9	-155.0
29.34	-9.273	184.6	-122.3
29.35	-9.251	142.8	-76.9
29.36	-9.233	87.1	-30.7
29.37	-9.214	32.7	-1.9
29.38	-9.194	-14.4	22.2
29.39	-9.176	-53.1	48.8
29.4	-9.161	-83.8	66.3
29.41	-9.146	-107.0	75.3
29.42	-9.133	-123.2	80.7
29.43	-9.117	-133.4	90.0
29.44	-9.103	-138.5	87.6
29.45	-9.087	-137.5	66.0
29.46	-9.072	-129.1	50.6
29.47	-9.056	-114.9	32.4
29.48	-9.039	-97.7	18.1
29.49	-9.023	-79.3	22.6
29.5	-9.006	-61.3	14.9
29.51	-8.992	-44.2	-23.6
29.52	-8.980	-28.7	-49.5
29.53	-8.970	-15.2	-50.3
29.54	-8.961	-4.3	-50.3
29.55	-8.951	3.6	-34.2
29.56	-8.940	8.3	11.3
29.57	-8.930	9.7	61.0
29.58	-8.919	8.0	83.4
29.59	-8.909	3.7	91.6
29.6	-8.900	-2.9	105.6
29.61	-8.891	-11.0	109.4
29.62	-8.883	-19.9	111.0
29.63	-8.876	-28.6	112.8
29.64	-8.867	-36.6	125.1
29.65	-8.855	-43.2	161.4
29.66	-8.842	-48.0	59.8
29.67	-8.831	-50.9	-303.2
29.68	-8.821	-51.8	-467.5
29.69	-8.811	-51.3	-3.7
29.7	-8.803	-49.6	452.6
29.71	-8.796	-46.8	362.8
29.72	-8.790	-43.4	123.1
29.73	-8.781	-39.9	53.3
29.74	-8.771	-36.5	76.6
29.75	-8.758	-33.3	65.8
29.76	-8.743	-30.1	46.4
29.77	-8.726	-26.9	39.3
29.78	-8.707	-23.2	16.6
29.79	-8.691	-17.2	-2.8
29.8	-8.676	-5.1	-21.5
29.81	-8.661	18.0	-49.8
29.82	-8.648	55.5	-65.8
29.83	-8.636	105.8	-84.9
29.84	-8.625	157.8	-116.4
29.85	-8.615	192.2	-139.5
29.86	-8.604	203.3	-152.1
29.87	-8.595	200.2	-138.0
29.88	-8.588	178.2	-115.7
29.89	-8.582	131.1	-78.6
29.9	-8.581	72.9	-37.3
29.91	-8.579	18.6	-12.8
29.92	-8.578	-27.1	32.5
29.93	-8.578	-63.6	75.1
29.94	-8.579	-91.8	79.3
29.95	-8.579	-112.3	67.4
29.96	-8.578	-126.2	62.7
29.97	-8.575	-134.8	71.7
29.98	-8.572	-138.5	71.6
29.99	-8.570	-135.6	58.1
30.0	-8.569	-125.5	53.1
30.01	-8.571	-110.2	54.5
30.02	-8.573	-92.3	51.7
30.03	-8.576	-73.8	32.4
30.04	-8.578	-56.4	6.7
30.05	-8.581	-40.6	-24.3
30.06	-8.584	-26.2	-62.0
30.07	-8.588	-13.7	-77.0
30.08	-8.591	-3.2	-57.7
30.09	-8.593	4.5	-14.8
30.1	-8.593	9.0	26.7
30.11	-8.592	10.2	48.7
30.12	-8.590	8.0	63.6
30.13	-8.588	2.6	74.9
30.14	-8.587	-5.1	87.6
30.15	-8.586	-13.9	95.3
30.16	-8.585	-22.5	93.3
30.17	-8.585	-30.4	109.2
30.18	-8.586	-37.2	139.4
30.19	-8.585	-42.5	159.4
30.2	-8.582	-46.2	126.4
30.21	-8.582	-48.4	-118.2
30.22	-8.588	-49.2	-473.5
30.23	-8.594	-48.9	-329.5
30.24	-8.601	-47.3	266.2
30.25	-8.611	-44.7	489.2
30.26	-8.622	-41.4	272.0
30.27	-8.634	-38.1	79.7
30.28	-8.643	-35.3	41.8
30.29	-8.648	-32.9	61.1
30.3	-8.651	-30.7	46.7
30.31	-8.653	-28.2	24.9
30.32	-8.658	-25.1	43.2
30.33	-8.667	-20.4	37.6
30.34	-8.683	-11.2	-6.7
30.35	-8.706	6.8	-36.8
30.36	-8.733	37.9	-56.1
30.37	-8.764	82.9	-94.3
30.38	-8.797	136.0	-139.4
30.39	-8.832	180.2	-153.3
30.4	-8.869	200.7	-139.5
30.41	-8.908	203.2	-120.0
30.42	-8.948	191.4	-115.8
30.43	-8.989	155.1	-115.1
30.44	-9.032	99.5	-92.4
30.45	-9.072	42.0	-42.3
30.46	-9.111	-7.8	12.5
30.47	-9.150	-47.9	39.4
30.48	-9.189	-80.1	66.8
30.49	-9.229	-105.5	93.8
30.5	-9.269	-122.7	80.9
30.51	-9.308	-132.2	59.3
30.52	-9.344	-136.6	50.5
30.53	-9.379	-136.1	48.8
30.54	-9.413	-129.0	51.6
30.55	-9.445	-116.1	46.1
30.56	-9.476	-100.0	44.9
30.57	-9.505	-82.6	26.4
30.58	-9.533	-65.6	-16.8
30.59	-9.562	-49.9	-38.6
30.6	-9.591	-35.5	-60.1
30.61	-9.621	-22.5	-95.7
30.62	-9.651	-11.1	-81.8
30.63	-9.679	-1.7	-32.6
30.64	-9.705	5.2	4.1
30.65	-9.730	9.2	37.9
30.66	-9.754	9.8	61.8
30.67	-9.778	6.8	67.8
30.68	-9.803	0.6	69.0
30.69	-9.828	-7.6	81.1
30.7	-9.853	-16.7	85.9
30.71	-9.877	-25.4	101.5
30.72	-9.902	-33.1	138.3
30.73	-9.927	-39.6	144.9
30.74	-9.949	-44.8	119.6
30.75	-9.971	-48.6	-27.2
30.76	-9.992	-50.7	-381.4
30.77	-10.012	-51.1	-481.7
30.78	-10.033	-49.8	42.8
30.79	-10.056	-47.2	482.0
30.8	-10.083	-43.8	353.1
30.81	-10.110	-40.2	111.6
30.82	-10.134	-36.9	38.8
30.83	-10.151	-33.9	45.8
30.84	-10.164	-31.0	48.3
30.85	-10.173	-28.4	43.7
30.86	-10.181	-26.0	18.6
30.87	-10.189	-23.2	-17.3
30.88	-10.199	-18.4	-30.8
30.89	-10.211	-8.0	-24.9
30.9	-10.224	12.1	-29.6
30.91	-10.238	45.8	-68.0
30.92	-10.252	92.6	-122.3
30.93	-10.266	144.5	-162.1
30.94	-10.279	184.7	-177.3
30.95	-10.292	201.7	-189.4
30.96	-10.304	201.6	-166.9
30.97	-10.316	183.9	-109.2
30.98	-10.329	142.2	-82.8
30.99	-10.344	86.6	-63.2
31.0	-10.358	31.5	-16.1
31.01	-10.370	-16.8	21.8
31.02	-10.383	-56.4	34.8
31.03	-10.396	-87.3	38.2
31.04	-10.409	-109.8	66.6
31.05	-10.422	-124.9	103.4
31.06	-10.435	-133.8	93.5
31.07	-10.446	-137.4	52.4
31.08	-10.457	-134.5	25.9
31.09	-10.466	-124.9	31.5
31.1	-10.474	-110.6	33.3
31.11	-10.481	-93.7	6.3
31.12	-10.487	-75.9	-16.1
31.13	-10.494	-58.6	-13.8
31.14	-10.501	-42.3	-26.3
31.15	-10.507	-27.7	-60.8
31.16	-10.513	-14.9	-76.7
31.17	-10.516	-4.1	-72.9
31.18	-10.519	4.0	-27.6
31.19	-10.519	9.0	45.1
31.2	-10.518	10.6	72.1
31.21	-10.516	8.8	60.5
31.22	-10.513	3.9	52.2
31.23	-10.508	-3.5	61.1
31.24	-10.501	-12.1	96.1
31.25	-10.493	-21.0	114.3
31.26	-10.484	-29.4	102.3
31.27	-10.472	-36.7	120.6
31.28	-10.455	-42.5	125.4
31.29	-10.438	-46.6	-22.9
31.3	-10.422	-48.9	-353.2
31.31	-10.404	-49.6	-461.8
31.32	-10.384	-48.9	14.5
31.33	-10.364	-47.2	461.2
31.34	-10.347	-44.7	358.9
31.35	-10.331	-41.6	114.6
31.36	-10.312	-38.5	34.8
31.37	-10.286	-35.4	40.3
31.38	-10.253	-32.3	40.6
31.39	-10.217	-29.3	36.0
31.4	-10.180	-26.6	34.5
31.41	-10.144	-23.8	19.3
31.42	-10.111	-19.2	-6.1
31.43	-10.079	-9.5	-37.3
31.44	-10.050	9.9	-62.9
31.45	-10.023	42.6	-81.1
31.46	-9.996	88.4	-110.5
31.47	-9.972	139.9	-139.8
31.48	-9.949	181.5	-160.9
31.49	-9.926	200.7	-183.1
31.5	-9.902	201.4	-173.1
31.51	-9.878	184.1	-136.1
31.52	-9.855	143.6	-80.2
31.53	-9.834	89.3	-27.3
31.54	-9.813	35.0	-12.7
31.55	-9.791	-12.9	7.9
31.56	-9.769	-52.3	48.4
31.57	-9.749	-83.0	65.5
31.58	-9.730	-105.6	72.6
31.59	-9.711	-121.0	91.8
31.6	-9.689	-130.5	89.4
31.61	-9.666	-135.0	72.4
31.62	-9.641	-133.2	74.3
31.63	-9.616	-124.6	65.8
31.64	-9.592	-111.0	36.7
31.65	-9.566	-94.3	21.9
31.66	-9.540	-76.6	15.2
31.67	-9.514	-59.2	-3.7
31.68	-9.491	-42.6	-29.3
31.69	-9.468	-27.7	-42.3
31.7	-9.447	-14.8	-51.6
31.71	-9.426	-4.5	-59.5
31.72	-9.406	2.8	-29.5
31.73	-9.386	7.0	18.8
31.74	-9.367	8.1	46.5
31.75	-9.348	6.2	79.1
31.76	-9.330	1.5	105.1
31.77	-9.311	-5.3	104.7
31.78	-9.293	-13.3	111.1
31.79	-9.276	-21.7	122.5
31.8	-9.259	-29.8	123.6
31.81	-9.241	-37.0	142.4
31.82	-9.223	-42.9	139.5
31.83	-9.206	-47.1	-79.1
31.84	-9.192	-49.7	-443.6
31.85	-9.177	-50.9	-356.7
31.86	-9.164	-50.4	220.8
31.87	-9.152	-48.5	476.2
31.88	-9.146	-45.4	287.4
31.89	-9.140	-42.0	110.8
31.9	-9.133	-38.5	41.5
31.91	-9.124	-35.0	43.5
31.92	-9.113	-31.6	60.2
31.93	-9.101	-28.7	48.9
31.94	-9.088	-26.2	32.8
31.95	-9.076	-23.2	14.7
31.96	-9.068	-18.1	-10.5
31.97	-9.066	-7.5	-29.2
31.98	-9.071	12.5	-43.0
31.99	-9.082	44.7	-76.8
32.0	-9.099	88.0	-124.5
32.01	-9.117	136.0	-158.6
32.02	-9.136	176.6	-164.6
32.03	-9.154	198.0	-153.3
32.04	-9.173	197.1	-139.1
32.05	-9.193	173.4	-111.8
32.06	-9.214	129.9	-65.6
32.07	-9.236	76.7	-35.2
32.08	-9.256	24.1	0.3
32.09	-9.274	-21.9	59.8
32.1	-9.293	-59.1	80.3
32.11	-9.306	-87.5	84.8
32.12	-9.312	-107.9	90.7
32.13	-9.312	-121.9	81.2
32.14	-9.307	-130.3	75.3
32.15	-9.299	-132.2	69.3
32.16	-9.290	-126.9	65.4
32.17	-9.281	-115.7	72.3
32.18	-9.271	-101.1	70.7
32.19	-9.260	-85.1	41.0
32.2	-9.249	-68.8	23.0
32.21	-9.240	-52.9	7.9
32.22	-9.232	-37.9	-29.6
32.23	-9.226	-24.2	-33.2
32.24	-9.219	-12.2	-29.3
32.25	-9.211	-2.8	-39.7
32.26	-9.201	3.7	-16.9
32.27	-9.191	6.8	30.0
32.28	-9.181	6.6	67.4
32.29	-9.174	3.5	90.6
32.3	-9.170	-1.9	114.2
32.31	-9.166	-8.9	120.3
32.32	-9.162	-16.5	114.2
32.33	-9.159	-24.2	118.0
32.34	-9.158	-31.5	127.3
32.35	-9.153	-37.7	144.9
32.36	-9.146	-42.7	147.7
32.37	-9.141	-46.1	-1.4
32.38	-9.139	-47.7	-338.5
32.39	-9.139	-47.7	-391.3
32.4	-9.139	-46.3	126.8
32.41	-9.139	-44.0	498.1
32.42	-9.143	-41.4	326.4
32.43	-9.149	-38.5	111.5
32.44	-9.152	-35.7	78.7
32.45	-9.149	-33.1	80.6
32.46	-9.141	-30.7	61.2
32.47	-9.131	-28.6	40.0
32.48	-9.121	-26.3	32.6
32.49	-9.113	-23.3	28.4
32.5	-9.108	-18.0	17.1
32.51	-9.105	-7.1	-3.0
32.52	-9.101	13.4	-39.8
32.53	-9.097	46.4	-71.5
32.54	-9.092	91.1	-107.4
32.55	-9.089	140.3	-136.7
32.56	-9.088	180.3	-144.5
32.57	-9.088	199.8	-136.2
32.58	-9.089	199.1	-105.7
32.59	-9.089	177.6	-104.3
32.6	-9.091	134.9	-88.8
32.61	-9.091	81.1	-18.3
32.62	-9.089	27.3	23.4
32.63	-9.086	-20.3	43.4
32.64	-9.086	-59.2	86.5
32.65	-9.086	-88.6	102.7
32.66	-9.086	-109.1	92.3
32.67	-9.084	-122.3	89.4
32.68	-9.082	-129.5	80.3
32.69	-9.081	-130.5	69.2
32.7	-9.079	-125.2	66.2
32.71	-9.081	-114.8	66.4
32.72	-9.082	-100.9	76.7
32.73	-9.087	-85.2	58.9
32.74	-9.094	-69.0	12.1
32.75	-9.108	-53.1	-9.4
32.76	-9.129	-38.4	-34.7
32.77	-9.157	-25.2	-69.8
32.78	-9.190	-13.9	-60.7
32.79	-9.226	-4.6	-20.6
32.8	-9.264	2.1	25.8
32.81	-9.304	5.9	60.1
32.82	-9.344	6.6	88.3
32.83	-9.384	4.1	118.3
32.84	-9.426	-1.2	108.5
32.85	-9.467	-8.5	104.3
32.86	-9.509	-16.8	129.0
32.87	-9.553	-25.1	132.6
32.88	-9.594	-32.5	141.3
32.89	-9.634	-38.6	180.3
32.9	-9.672	-43.2	145.1
32.91	-9.713	-46.3	-123.3
32.92	-9.754	-47.7	-452.2
32.93	-9.796	-47.6	-256.5
32.94	-9.839	-46.2	330.2
32.95	-9.885	-43.9	491.9
32.96	-9.932	-41.0	255.5
32.97	-9.978	-37.9	79.0
32.98	-10.019	-35.0	32.5
32.99	-10.054	-32.4	43.3
33.0	-10.083	-30.1	46.3
33.01	-10.107	-27.6	40.8
33.02	-10.131	-24.9	38.4
33.03	-10.156	-21.5	42.9
33.04	-10.180	-15.9	32.1
33.05	-10.204	-5.2	-22.6
33.06	-10.228	14.1	-73.2
33.07	-10.251	44.5	-107.1
33.08	-10.274	85.1	-135.6
33.09	-10.297	129.8	-152.6
33.1	-10.323	168.9	-163.6
33.11	-10.348	192.4	-148.8
33.12	-10.373	193.1	-110.2
33.13	-10.399	170.1	-86.8
33.14	-10.425	129.9	-66.6
33.15	-10.450	80.8	-18.4
33.16	-10.473	30.1	24.4
33.17	-10.496	-16.4	45.4
33.18	-10.519	-55.3	61.6
33.19	-10.542	-85.2	86.8
33.2	-10.564	-106.4	111.3
33.21	-10.586	-120.1	102.4
33.22	-10.606	-126.9	75.3
33.23	-10.625	-126.6	55.4
33.24	-10.644	-120.4	55.8
33.25	-10.662	-109.7	57.8
33.26	-10.678	-96.3	47.8
33.27	-10.691	-81.1	28.2
33.28	-10.704	-65.1	24.0
33.29	-10.718	-49.4	15.2
33.3	-10.733	-34.6	-45.4
33.31	-10.747	-21.5	-77.6
33.32	-10.760	-10.5	-49.3
33.33	-10.772	-1.9	-27.2
33.34	-10.782	3.9	13.2
33.35	-10.791	6.7	72.5
33.36	-10.801	6.6	88.5
33.37	-10.811	3.7	92.8
33.38	-10.821	-1.5	114.5
33.39	-10.831	-8.4	121.8
33.4	-10.840	-16.2	116.2
33.41	-10.850	-24.1	105.7
33.42	-10.858	-31.4	113.6
33.43	-10.863	-37.6	133.5
33.44	-10.866	-42.1	48.2
33.45	-10.868	-44.7	-255.8
33.46	-10.869	-45.6	-460.0
33.47	-10.870	-44.9	-72.6
33.48	-10.871	-43.3	433.6
33.49	-10.876	-41.4	397.4
33.5	-10.878	-39.3	155.7
33.51	-10.876	-37.3	57.7
33.52	-10.868	-35.2	40.2
33.53	-10.853	-32.8	48.4
33.54	-10.834	-29.9	65.5
33.55	-10.813	-26.8	66.6
33.56	-10.789	-23.6	33.3
33.57	-10.763	-19.4	1.2
33.58	-10.734	-11.8	-21.4
33.59	-10.703	3.2	-47.7
33.6	-10.671	29.6	-78.5
33.61	-10.640	68.6	-108.5
33.62	-10.611	116.0	-117.0
33.63	-10.584	161.7	-126.2
33.64	-10.558	192.0	-141.4
33.65	-10.529	201.3	-150.0
33.66	-10.500	190.2	-128.3
33.67	-10.472	158.0	-80.4
33.68	-10.444	109.8	-46.8
33.69	-10.417	56.6	-16.9
33.7	-10.389	6.1	22.8
33.71	-10.364	-37.1	64.0
33.72	-10.341	-71.3	78.6
33.73	-10.319	-96.4	93.9
33.74	-10.296	-113.2	108.3
33.75	-10.273	-123.6	90.3
33.76	-10.248	-128.4	81.4
33.77	-10.221	-126.7	77.1
33.78	-10.193	-119.0	69.7
33.79	-10.164	-106.9	60.5
33.8	-10.133	-92.2	38.8
33.81	-10.102	-76.2	14.2
33.82	-10.071	-59.7	-1.0
33.83	-10.043	-43.7	-17.7
33.84	-10.016	-29.0	-41.1
33.85	-9.989	-16.3	-43.5
33.86	-9.962	-6.1	-32.7
33.87	-9.933	1.3	-20.8
33.88	-9.902	5.6	14.9
33.89	-9.873	7.2	57.7
33.9	-9.844	6.3	87.8
33.91	-9.817	2.9	102.6
33.92	-9.790	-2.6	116.1
33.93	-9.762	-9.9	124.3
33.94	-9.734	-18.3	109.7
33.95	-9.706	-26.9	102.8
33.96	-9.676	-34.7	128.1
33.97	-9.643	-41.0	127.9
33.98	-9.611	-45.4	-43.1
33.99	-9.581	-47.9	-381.1
34.0	-9.550	-48.5	-366.0
34.01	-9.521	-47.6	175.2
34.02	-9.493	-45.8	465.1
34.03	-9.469	-43.6	282.8
34.04	-9.446	-41.2	98.6
34.05	-9.420	-38.6	38.4
34.06	-9.391	-35.8	33.9
34.07	-9.359	-32.6	57.5
34.08	-9.323	-29.3	72.0
34.09	-9.286	-26.1	47.6
34.1	-9.248	-22.9	14.5
34.11	-9.212	-18.5	-14.5
34.12	-9.179	-9.8	-42.4
34.13	-9.150	7.2	-66.8
34.14	-9.124	35.9	-85.4
34.15	-9.099	75.9	-101.4
34.16	-9.077	121.9	-143.8
34.17	-9.055	163.9	-183.3
34.18	-9.034	191.2	-172.8
34.19	-9.015	196.1	-144.7
34.2	-8.998	177.3	-109.5
34.21	-8.982	139.7	-64.8
34.22	-8.970	92.0	-23.5
34.23	-8.957	41.7	27.3
34.24	-8.946	-5.1	53.9
34.25	-8.938	-45.1	59.3
34.26	-8.929	-77.1	67.3
34.27	-8.919	-100.7	62.3
34.28	-8.910	-117.1	66.6
34.29	-8.901	-127.1	79.2
34.3	-8.891	-130.2	87.0
34.31	-8.881	-126.0	75.0
34.32	-8.871	-115.9	49.6
34.33	-8.863	-102.2	35.4
34.34	-8.856	-86.6	19.5
34.35	-8.849	-70.3	9.8
34.36	-8.844	-54.1	15.0
34.37	-8.838	-38.9	0.3
34.38	-8.832	-25.3	-36.5
34.39	-8.826	-13.9	-48.5
34.4	-8.820	-5.0	-48.0
34.41	-8.813	1.1	-51.2
34.42	-8.804	4.3	-13.5
34.43	-8.795	4.6	44.4
34.44	-8.786	2.4	82.1
34.45	-8.779	-2.1	89.9
34.46	-8.772	-8.2	91.1
34.47	-8.764	-15.2	113.4
34.48	-8.756	-22.6	127.5
34.49	-8.748	-29.7	111.0
34.5	-8.738	-36.0	97.5
34.51	-8.726	-40.9	127.1
34.52	-8.713	-44.2	77.2
34.53	-8.702	-45.8	-243.4
34.54	-8.693	-45.8	-489.5
34.55	-8.686	-44.8	-113.1
34.56	-8.680	-43.4	401.2
34.57	-8.677	-41.7	385.0
34.58	-8.675	-39.7	140.8
34.59	-8.673	-37.5	33.3
34.6	-8.669	-34.8	34.6
34.61	-8.663	-32.0	68.2
34.62	-8.656	-29.0	79.1
34.63	-8.646	-26.0	48.1
34.64	-8.636	-22.8	22.0
34.65	-8.626	-18.4	-0.6
34.66	-8.617	-10.0	-29.1
34.67	-8.609	6.6	-49.3
34.68	-8.603	35.0	-72.0
34.69	-8.596	75.5	-99.8
34.7	-8.590	123.1	-130.8
34.71	-8.585	166.9	-152.7
34.72	-8.581	194.2	-160.7
34.73	-8.578	200.2	-158.3
34.74	-8.575	185.2	-150.3
34.75	-8.573	149.4	-114.5
34.76	-8.572	100.1	-48.4
34.77	-8.572	47.5	3.6
34.78	-8.570	-1.6	34.3
34.79	-8.568	-43.3	45.7
34.8	-8.566	-76.3	55.8
34.81	-8.564	-100.3	82.5
34.82	-8.563	-116.0	81.9
34.83	-8.560	-125.1	60.4
34.84	-8.557	-128.2	42.2
34.85	-8.553	-125.1	33.2
34.86	-8.550	-116.5	50.1
34.87	-8.547	-103.8	42.1
34.88	-8.546	-88.9	31.8
34.89	-8.544	-73.0	34.7
34.9	-8.543	-57.3	2.4
34.91	-8.541	-42.3	-35.5
34.92	-8.541	-28.8	-65.4
34.93	-8.541	-17.1	-78.1
34.94	-8.541	-7.4	-57.2
34.95	-8.540	-0.3	-42.7
34.96	-8.537	4.0	-6.2
34.97	-8.536	5.5	55.5
34.98	-8.533	4.0	67.8
34.99	-8.531	-0.2	62.1
35.0	-8.530	-6.3	91.8
35.01	-8.527	-13.7	107.6
35.02	-8.526	-21.5	92.4
35.03	-8.525	-29.1	104.5
35.04	-8.524	-35.7	130.6
35.05	-8.521	-40.9	134.1
35.06	-8.517	-44.5	76.1
35.07	-8.514	-46.4	-175.4
35.08	-8.512	-46.9	-461.6
35.09	-8.512	-46.3	-217.0
35.1	-8.514	-44.9	351.2
35.11	-8.516	-43.0	449.8
35.12	-8.519	-40.5	219.4
35.13	-8.521	-37.7	85.3
35.14	-8.520	-34.7	43.6
35.15	-8.516	-31.8	53.1
35.16	-8.510	-29.1	48.5
35.17	-8.500	-26.5	22.7
35.18	-8.488	-24.0	13.5
35.19	-8.477	-20.7	7.3
35.2	-8.467	-14.3	-12.3
35.21	-8.459	-1.2	-49.8
35.22	-8.454	22.5	-74.8
35.23	-8.453	58.2	-84.7
35.24	-8.452	103.0	-120.0
35.25	-8.453	148.6	-166.1
35.26	-8.454	183.4	-178.8
35.27	-8.457	198.5	-169.1
35.28	-8.461	190.6	-137.1
35.29	-8.466	160.9	-81.4
35.3	-8.473	116.2	-47.3
35.31	-8.482	65.3	-26.1
35.32	-8.490	15.3	3.9
35.33	-8.498	-28.8	29.9
35.34	-8.506	-64.5	54.1
35.35	-8.514	-91.0	62.3
35.36	-8.519	-109.1	85.2
35.37	-8.524	-120.4	103.2
35.38	-8.528	-125.5	76.4
35.39	-8.531	-124.4	49.5
35.4	-8.534	-117.6	28.5
35.41	-8.537	-106.6	16.4
35.42	-8.543	-92.8	24.1
35.43	-8.550	-77.7	19.8
35.44	-8.558	-62.0	4.4
35.45	-8.566	-46.6	-25.7
35.46	-8.574	-32.5	-76.5
35.47	-8.584	-20.2	-96.3
35.48	-8.594	-10.1	-73.0
35.49	-8.602	-2.3	-46.0
35.5	-8.609	3.1	-11.4
35.51	-8.615	5.6	54.9
35.52	-8.620	5.1	91.9
35.53	-8.623	1.8	87.8
35.54	-8.624	-4.0	82.8
35.55	-8.623	-11.5	84.4
35.56	-8.622	-19.6	103.1
35.57	-8.623	-27.5	106.9
35.58	-8.623	-34.3	126.4
35.59	-8.619	-39.9	159.5
35.6	-8.613	-43.9	53.2
35.61	-8.613	-46.3	-288.0
35.62	-8.619	-47.3	-485.1
35.63	-8.629	-46.9	-54.5
35.64	-8.640	-45.6	452.2
35.65	-8.652	-43.6	400.3
35.66	-8.667	-40.9	153.1
35.67	-8.681	-37.7	58.3
35.68	-8.692	-34.6	62.2
35.69	-8.696	-31.6	58.8
35.7	-8.692	-28.8	23.9
35.71	-8.681	-26.4	3.6
35.72	-8.668	-23.9	-6.8
35.73	-8.655	-20.2	-23.4
35.74	-8.644	-12.8	-21.6
35.75	-8.638	2.2	-32.9
35.76	-8.635	28.1	-61.9
35.77	-8.634	65.5	-96.9
35.78	-8.634	110.7	-150.2
35.79	-8.636	154.7	-175.3
35.8	-8.638	186.4	-170.6
35.81	-8.641	197.7	-163.5
35.82	-8.645	185.7	-133.1
35.83	-8.651	153.0	-73.5
35.84	-8.658	107.4	-26.0
35.85	-8.664	57.0	-6.3
35.86	-8.669	8.1	13.6
35.87	-8.672	-35.0	37.1
35.88	-8.676	-69.8	54.2
35.89	-8.679	-95.6	60.2
35.9	-8.680	-112.8	70.9
35.91	-8.681	-123.1	84.0
35.92	-8.679	-126.9	82.9
35.93	-8.679	-124.1	77.3
35.94	-8.679	-115.6	54.5
35.95	-8.683	-103.2	21.2
35.96	-8.688	-88.6	12.8
35.97	-8.696	-73.2	4.8
35.98	-8.705	-57.9	-23.2
35.99	-8.717	-43.4	-67.4
