Interval=	0.01 s
ExcelDateTime=	3.9777695692877351e+004	25/11/2008 16:41:47.864603
TimeFormat=	StartOfBlock
ChannelTitle=	Channel 1	Channel 2	Channel 3
Range=	20.000 mV	200.0 mV	1000.0 µV
0.0	-9.036	-91.0	0.2
0.01	-9.074	-111.8	24.6
0.02	-9.111	-123.2	56.2
0.03	-9.148	-126.8	83.2
0.04	-9.184	-124.9	118.3
0.05	-9.219	-119.9	109.1
0.06	-9.254	-112.4	69.6
0.07	-9.289	-102.3	46.4
0.08	-9.322	-90.1	40.9
0.09	-9.356	-76.6	48.8
0.1	-9.389	-62.5	33.9
0.11	-9.422	-48.3	0.0
0.12	-9.455	-34.6	1.7
0.13	-9.489	-22.1	35.4
0.14	-9.523	-11.5	34.2
0.15	-9.557	-3.3	-14.2
0.16	-9.592	1.8	-40.3
0.17	-9.626	3.7	-60.2
0.18	-9.658	2.4	-58.4
0.19	-9.689	-1.2	7.4
0.2	-9.719	-6.0	79.2
0.21	-9.749	-11.5	121.5
0.22	-9.780	-17.5	117.8
0.23	-9.809	-23.5	71.2
0.24	-9.837	-29.2	46.5
0.25	-9.863	-34.2	64.8
0.26	-9.889	-38.3	82.8
0.27	-9.914	-40.8	89.3
0.28	-9.941	-41.7	112.2
0.29	-9.969	-41.5	81.4
0.3	-9.999	-40.7	-197.4
0.31	-10.026	-39.8	-537.0
0.32	-10.051	-38.8	-306.0
0.33	-10.074	-37.8	269.4
0.34	-10.099	-36.6	398.6
0.35	-10.126	-35.0	185.8
0.36	-10.149	-33.1	41.2
0.37	-10.172	-31.1	39.7
0.38	-10.191	-29.7	69.2
0.39	-10.209	-28.5	30.0
0.4	-10.226	-27.0	10.6
0.41	-10.243	-25.4	5.5
0.42	-10.259	-22.9	-10.9
0.43	-10.277	-17.9	-34.0
0.44	-10.295	-7.1	-58.0
0.45	-10.315	12.7	-49.4
0.46	-10.336	43.6	-64.1
0.47	-10.358	85.4	-118.3
0.48	-10.381	133.5	-175.8
0.49	-10.403	175.5	-209.1
0.5	-10.426	198.1	-206.4
0.51	-10.448	198.5	-180.9
0.52	-10.469	176.4	-123.9
0.53	-10.491	133.8	-75.3
0.54	-10.516	81.8	-36.6
0.55	-10.541	30.2	7.6
0.56	-10.564	-16.7	15.5
0.57	-10.590	-56.7	21.4
0.58	-10.616	-88.4	45.3
0.59	-10.641	-110.5	54.4
0.6	-10.666	-122.5	52.1
0.61	-10.689	-126.0	63.9
0.62	-10.712	-123.8	103.3
0.63	-10.734	-117.8	99.5
0.64	-10.756	-109.0	39.5
0.65	-10.778	-97.9	-2.0
0.66	-10.799	-85.2	-5.6
0.67	-10.821	-71.4	1.8
0.68	-10.842	-56.8	-7.4
0.69	-10.864	-42.2	10.5
0.7	-10.886	-28.5	34.8
0.71	-10.908	-16.6	-14.2
0.72	-10.929	-7.2	-64.4
0.73	-10.949	-0.6	-81.7
0.74	-10.967	3.1	-72.5
0.75	-10.983	3.8	-13.7
0.76	-10.997	2.3	37.2
0.77	-11.014	-0.9	65.0
0.78	-11.031	-5.4	94.7
0.79	-11.047	-11.0	80.0
0.8	-11.063	-17.3	56.6
0.81	-11.078	-23.7	72.2
0.82	-11.095	-29.9	70.3
0.83	-11.111	-35.1	60.8
0.84	-11.126	-38.8	68.8
0.85	-11.140	-40.9	18.1
0.86	-11.154	-41.5	-199.4
0.87	-11.166	-41.1	-456.5
0.88	-11.178	-40.2	-282.2
0.89	-11.190	-39.1	213.6
0.9	-11.206	-38.0	346.2
0.91	-11.223	-36.9	149.5
0.92	-11.239	-35.4	14.5
0.93	-11.253	-33.2	6.4
0.94	-11.263	-30.4	84.4
0.95	-11.270	-27.6	86.2
0.96	-11.275	-25.3	-0.1
0.97	-11.279	-23.6	-20.6
0.98	-11.281	-22.0	-16.4
0.99	-11.284	-18.3	-30.0
1.0	-11.288	-9.3	-37.5
1.01	-11.294	9.0	-53.3
1.02	-11.302	38.8	-80.8
1.03	-11.311	79.8	-127.9
1.04	-11.320	127.4	-161.9
1.05	-11.329	170.5	-196.3
1.06	-11.338	196.0	-213.6
1.07	-11.346	199.4	-172.9
1.08	-11.353	180.7	-113.5
1.09	-11.361	141.0	-69.8
1.1	-11.370	90.2	-36.6
1.11	-11.378	38.4	16.5
1.12	-11.385	-9.4	51.4
1.13	-11.393	-50.2	39.7
1.14	-11.401	-82.2	32.2
1.15	-11.409	-104.9	50.3
1.16	-11.417	-118.5	76.5
1.17	-11.424	-124.3	69.6
1.18	-11.429	-124.3	77.7
1.19	-11.434	-120.0	96.5
1.2	-11.439	-112.3	54.2
1.21	-11.443	-101.9	21.3
1.22	-11.447	-89.2	10.6
1.23	-11.449	-74.8	-15.4
1.24	-11.452	-59.6	-16.4
1.25	-11.456	-45.0	10.2
1.26	-11.461	-31.5	3.9
1.27	-11.467	-19.0	-39.8
1.28	-11.472	-8.2	-59.4
1.29	-11.475	-0.2	-45.2
1.3	-11.476	4.5	-2.3
1.31	-11.475	6.1	29.5
1.32	-11.474	5.1	26.4
1.33	-11.474	1.7	40.8
1.34	-11.474	-3.3	106.4
1.35	-11.474	-9.4	149.6
1.36	-11.472	-16.1	107.0
1.37	-11.469	-23.0	64.9
1.38	-11.464	-29.6	75.6
1.39	-11.457	-35.7	72.8
1.4	-11.450	-40.6	-50.9
1.41	-11.442	-43.5	-357.8
1.42	-11.431	-44.3	-493.8
1.43	-11.421	-43.3	-66.9
1.44	-11.413	-41.4	390.6
1.45	-11.408	-39.3	314.4
1.46	-11.404	-37.3	69.6
1.47	-11.396	-35.6	-10.6
1.48	-11.380	-34.2	4.3
1.49	-11.356	-32.6	18.5
1.5	-11.326	-30.3	8.5
1.51	-11.295	-27.4	23.4
1.52	-11.266	-24.2	60.7
1.53	-11.238	-20.7	49.0
1.54	-11.212	-15.6	-14.1
1.55	-11.189	-5.4	-62.3
1.56	-11.168	13.2	-73.3
1.57	-11.151	42.6	-105.4
1.58	-11.134	82.5	-148.9
1.59	-11.119	128.0	-165.9
1.6	-11.104	169.2	-165.3
1.61	-11.088	194.2	-130.7
1.62	-11.070	195.7	-81.2
1.63	-11.051	172.4	-63.1
1.64	-11.036	129.8	-64.4
1.65	-11.023	78.2	-42.7
1.66	-11.014	26.3	2.1
1.67	-11.009	-20.8	38.8
1.68	-11.005	-59.8	54.4
1.69	-10.998	-89.0	79.7
1.7	-10.989	-108.9	139.9
1.71	-10.978	-120.6	137.8
1.72	-10.967	-125.7	63.1
1.73	-10.954	-125.4	35.2
1.74	-10.939	-120.4	39.3
1.75	-10.924	-111.2	35.2
1.76	-10.907	-98.9	28.3
1.77	-10.891	-84.4	31.1
1.78	-10.878	-68.9	42.7
1.79	-10.865	-53.5	38.4
1.8	-10.855	-39.0	22.6
1.81	-10.846	-26.2	-34.8
1.82	-10.836	-15.5	-70.7
1.83	-10.823	-6.7	-39.4
1.84	-10.808	-0.2	-7.4
1.85	-10.792	4.0	31.6
1.86	-10.777	5.8	74.5
1.87	-10.763	5.0	83.0
1.88	-10.749	1.5	82.7
1.89	-10.734	-4.4	81.4
1.9	-10.719	-12.0	70.4
1.91	-10.703	-20.1	73.5
1.92	-10.686	-27.7	96.5
1.93	-10.666	-33.9	116.5
1.94	-10.645	-38.3	76.2
1.95	-10.627	-40.9	-140.0
1.96	-10.608	-42.3	-445.8
1.97	-10.588	-42.6	-350.3
1.98	-10.569	-42.1	159.8
1.99	-10.554	-41.1	359.9
2.0	-10.543	-39.7	178.5
2.01	-10.530	-37.8	57.2
2.02	-10.513	-35.7	47.0
2.03	-10.491	-33.2	44.4
2.04	-10.464	-30.3	39.4
2.05	-10.434	-27.4	29.6
2.06	-10.401	-25.1	18.6
2.07	-10.367	-23.0	17.7
2.08	-10.332	-19.8	-5.3
2.09	-10.297	-12.5	-35.2
2.1	-10.265	2.5	-43.2
2.11	-10.236	28.4	-43.1
2.12	-10.209	65.6	-67.7
2.13	-10.184	110.7	-127.0
2.14	-10.160	155.0	-162.8
2.15	-10.134	187.0	-165.4
2.16	-10.106	197.5	-148.6
2.17	-10.075	182.6	-113.1
2.18	-10.045	146.0	-63.8
2.19	-10.018	97.2	7.8
2.2	-9.993	46.0	41.0
2.21	-9.970	-2.3	36.3
2.22	-9.949	-44.4	57.9
2.23	-9.929	-78.5	74.3
2.24	-9.908	-103.6	73.4
2.25	-9.885	-119.3	72.7
2.26	-9.861	-126.4	80.2
2.27	-9.836	-126.7	94.8
2.28	-9.809	-121.6	95.0
2.29	-9.783	-112.4	60.7
2.3	-9.756	-100.6	33.0
2.31	-9.730	-87.3	26.0
2.32	-9.704	-73.2	6.3
2.33	-9.680	-58.7	1.7
2.34	-9.657	-44.1	10.0
2.35	-9.635	-30.2	6.3
2.36	-9.614	-17.8	0.0
2.37	-9.591	-7.7	-34.0
2.38	-9.566	-0.2	-41.0
2.39	-9.539	4.3	10.9
2.4	-9.513	5.6	44.5
2.41	-9.488	4.1	64.3
2.42	-9.465	0.4	84.3
2.43	-9.443	-4.7	98.1
2.44	-9.422	-10.8	120.6
2.45	-9.401	-17.3	125.6
2.46	-9.381	-23.9	105.7
2.47	-9.357	-30.0	102.3
2.48	-9.334	-35.4	104.9
2.49	-9.310	-39.7	-23.0
2.5	-9.288	-42.5	-333.2
2.51	-9.266	-43.6	-419.2
2.52	-9.242	-43.1	54.3
2.53	-9.221	-41.8	457.4
2.54	-9.201	-40.0	308.8
2.55	-9.184	-38.0	59.2
2.56	-9.165	-36.0	10.5
2.57	-9.144	-34.0	37.6
2.58	-9.122	-31.9	50.8
2.59	-9.098	-29.6	45.3
2.6	-9.072	-27.1	40.8
2.61	-9.046	-24.3	59.9
2.62	-9.021	-21.1	52.6
2.63	-8.998	-16.2	6.8
2.64	-8.975	-6.9	-38.0
2.65	-8.953	9.6	-75.9
2.66	-8.933	35.6	-103.7
2.67	-8.914	71.0	-127.3
2.68	-8.898	111.4	-134.2
2.69	-8.884	148.3	-101.9
2.7	-8.871	172.0	-76.8
2.71	-8.857	174.9	-94.3
2.72	-8.845	154.5	-90.3
2.73	-8.832	115.4	-43.8
2.74	-8.819	67.2	2.6
2.75	-8.804	18.2	37.9
2.76	-8.791	-26.2	79.0
2.77	-8.777	-63.3	112.0
2.78	-8.764	-91.8	106.4
2.79	-8.752	-110.8	77.8
2.8	-8.739	-120.9	68.7
2.81	-8.725	-123.2	63.6
2.82	-8.711	-119.2	54.4
2.83	-8.698	-110.8	72.6
2.84	-8.686	-99.5	89.4
2.85	-8.674	-86.3	86.9
2.86	-8.661	-72.0	64.3
2.87	-8.648	-57.4	20.3
2.88	-8.634	-43.7	-5.0
2.89	-8.621	-31.2	-16.6
2.9	-8.609	-20.2	-22.0
2.91	-8.598	-10.7	-32.2
2.92	-8.589	-2.9	-18.8
2.93	-8.579	2.5	50.7
2.94	-8.569	5.1	82.7
2.95	-8.557	4.8	81.6
2.96	-8.544	1.7	90.7
2.97	-8.531	-3.7	74.8
2.98	-8.516	-10.3	70.5
2.99	-8.503	-16.8	91.2
3.0	-8.492	-22.6	119.7
3.01	-8.482	-27.4	167.4
3.02	-8.472	-31.4	180.8
3.03	-8.460	-34.7	129.9
3.04	-8.447	-37.5	-64.4
3.05	-8.435	-39.5	-402.5
3.06	-8.423	-40.6	-357.7
3.07	-8.412	-40.4	190.4
3.08	-8.402	-39.0	463.3
3.09	-8.396	-36.9	276.9
3.1	-8.388	-34.4	101.3
3.11	-8.379	-32.0	30.5
3.12	-8.369	-30.1	24.4
3.13	-8.357	-28.6	48.2
3.14	-8.342	-27.3	36.9
3.15	-8.328	-25.5	22.3
3.16	-8.314	-22.7	30.3
3.17	-8.301	-18.3	59.7
3.18	-8.291	-10.7	51.4
3.19	-8.282	3.1	-19.7
3.2	-8.272	25.4	-89.0
3.21	-8.263	57.1	-129.9
3.22	-8.254	96.0	-149.2
3.23	-8.247	135.5	-151.6
3.24	-8.241	165.6	-116.7
3.25	-8.235	177.9	-45.3
3.26	-8.230	167.5	-24.5
3.27	-8.228	135.5	-48.3
3.28	-8.226	89.4	-29.0
3.29	-8.224	38.5	-2.5
3.3	-8.223	-9.9	16.5
3.31	-8.222	-51.1	47.6
3.32	-8.221	-82.4	75.0
3.33	-8.219	-103.1	131.2
3.34	-8.217	-114.2	143.9
3.35	-8.216	-117.4	75.1
3.36	-8.213	-115.2	40.1
3.37	-8.211	-109.9	33.5
3.38	-8.208	-102.3	30.0
3.39	-8.207	-92.1	41.2
3.4	-8.209	-79.1	47.9
3.41	-8.212	-64.2	53.6
3.42	-8.216	-49.1	51.6
3.43	-8.223	-35.1	-5.0
3.44	-8.229	-23.1	-65.8
3.45	-8.234	-13.4	-76.2
3.46	-8.239	-5.9	-65.1
3.47	-8.243	-0.4	-30.8
3.48	-8.246	3.3	36.6
3.49	-8.250	4.9	126.6
3.5	-8.256	4.0	148.7
3.51	-8.262	0.6	78.3
3.52	-8.269	-4.8	50.6
3.53	-8.278	-11.6	78.2
3.54	-8.289	-19.0	99.6
3.55	-8.303	-25.7	97.4
3.56	-8.316	-30.9	110.7
3.57	-8.326	-34.3	169.1
3.58	-8.338	-36.5	87.0
3.59	-8.356	-38.0	-285.4
3.6	-8.381	-38.9	-429.3
3.61	-8.412	-39.1	51.2
3.62	-8.447	-38.6	466.0
3.63	-8.481	-37.5	339.6
3.64	-8.515	-35.7	96.0
3.65	-8.547	-33.6	25.0
3.66	-8.576	-31.1	46.3
3.67	-8.603	-28.6	63.5
3.68	-8.626	-26.4	52.7
3.69	-8.649	-24.5	37.6
3.7	-8.672	-22.6	23.9
3.71	-8.699	-20.0	-0.4
3.72	-8.728	-14.1	-30.3
3.73	-8.760	-2.0	-39.0
3.74	-8.793	19.1	-34.7
3.75	-8.828	50.1	-85.9
3.76	-8.864	89.2	-138.0
3.77	-8.901	129.5	-140.1
3.78	-8.938	161.5	-155.6
3.79	-8.974	176.7	-150.3
3.8	-9.011	170.3	-86.9
3.81	-9.047	142.5	-43.7
3.82	-9.085	99.7	-15.5
3.83	-9.123	50.7	3.8
3.84	-9.159	2.5	8.4
3.85	-9.197	-40.4	34.5
3.86	-9.234	-74.9	46.9
3.87	-9.271	-99.1	48.8
3.88	-9.308	-112.4	72.5
3.89	-9.345	-116.4	120.3
3.9	-9.381	-114.2	113.3
3.91	-9.417	-108.7	49.3
3.92	-9.451	-101.2	26.1
3.93	-9.486	-91.8	27.0
3.94	-9.519	-80.6	19.1
3.95	-9.553	-67.9	2.9
3.96	-9.586	-54.5	-23.6
3.97	-9.619	-41.0	-44.5
3.98	-9.653	-28.1	-50.1
3.99	-9.685	-16.5	-30.4
4.0	-9.716	-6.8	-2.2
4.01	-9.746	0.4	-4.8
4.02	-9.773	5.0	14.0
4.03	-9.800	6.5	50.4
4.04	-9.828	5.0	52.7
4.05	-9.856	1.2	51.0
4.06	-9.883	-4.0	50.4
4.07	-9.909	-9.8	93.6
4.08	-9.937	-15.8	158.5
4.09	-9.964	-21.9	128.1
4.1	-9.988	-27.4	85.3
4.11	-10.011	-32.2	60.5
4.12	-10.034	-36.2	-135.1
4.13	-10.055	-38.8	-469.5
4.14	-10.074	-40.0	-377.3
4.15	-10.094	-39.5	184.4
4.16	-10.117	-37.8	448.0
4.17	-10.142	-35.5	286.8
4.18	-10.166	-33.4	85.0
4.19	-10.186	-31.5	-13.7
4.2	-10.203	-29.9	-4.0
4.21	-10.215	-28.6	26.5
4.22	-10.226	-27.3	8.6
4.23	-10.238	-26.0	-3.9
4.24	-10.249	-24.0	20.8
4.25	-10.262	-20.5	19.1
4.26	-10.275	-13.3	-14.4
4.27	-10.290	0.7	-69.0
4.28	-10.306	24.3	-125.5
4.29	-10.324	58.2	-150.2
4.3	-10.342	100.0	-175.6
4.31	-10.361	141.7	-189.6
4.32	-10.380	172.7	-140.3
4.33	-10.398	184.6	-82.7
4.34	-10.414	173.1	-80.5
4.35	-10.432	140.0	-87.8
4.36	-10.452	93.6	-55.2
4.37	-10.473	43.0	-13.4
4.38	-10.493	-5.1	10.5
4.39	-10.514	-46.6	33.6
4.4	-10.533	-79.1	46.8
4.41	-10.551	-101.6	69.6
4.42	-10.568	-114.3	104.9
4.43	-10.585	-118.7	77.2
4.44	-10.602	-117.0	35.3
4.45	-10.619	-111.5	29.1
4.46	-10.636	-103.4	23.7
4.47	-10.654	-92.8	9.9
4.48	-10.671	-79.5	-10.1
4.49	-10.690	-64.3	-4.2
4.5	-10.709	-48.9	4.8
4.51	-10.729	-34.6	-43.6
4.52	-10.747	-22.2	-83.2
4.53	-10.763	-12.2	-76.8
4.54	-10.779	-4.5	-41.3
4.55	-10.794	1.4	5.7
4.56	-10.809	5.6	42.8
4.57	-10.825	7.7	102.4
4.58	-10.841	6.9	116.6
4.59	-10.857	3.0	68.7
4.6	-10.874	-3.2	56.8
4.61	-10.893	-11.1	60.7
4.62	-10.913	-19.1	72.6
4.63	-10.935	-26.0	98.4
4.64	-10.956	-31.3	35.7
4.65	-10.974	-34.9	-230.2
4.66	-10.984	-37.2	-466.4
4.67	-10.990	-38.5	-194.9
4.68	-10.994	-39.1	286.7
4.69	-11.001	-38.8	316.9
4.7	-11.006	-37.6	101.8
4.71	-11.009	-35.7	22.5
4.72	-11.009	-33.3	28.5
4.73	-11.004	-31.0	43.2
4.74	-10.994	-28.9	44.6
4.75	-10.982	-27.3	20.6
4.76	-10.969	-25.9	-13.7
4.77	-10.958	-23.8	-26.1
4.78	-10.945	-19.2	-27.8
4.79	-10.931	-9.0	-39.3
4.8	-10.918	9.8	-36.8
4.81	-10.904	38.9	-62.2
4.82	-10.891	78.1	-138.8
4.83	-10.879	121.9	-187.0
4.84	-10.868	160.8	-182.1
4.85	-10.856	185.0	-169.7
4.86	-10.842	187.2	-149.1
4.87	-10.828	165.6	-107.7
4.88	-10.816	126.6	-55.2
4.89	-10.808	79.4	22.7
4.9	-10.801	31.4	64.8
4.91	-10.796	-13.1	41.0
4.92	-10.789	-51.2	40.2
4.93	-10.779	-81.7	50.3
4.94	-10.766	-103.9	43.3
4.95	-10.752	-117.8	42.7
4.96	-10.738	-123.9	37.8
4.97	-10.726	-122.9	47.0
4.98	-10.715	-115.8	75.2
4.99	-10.704	-104.6	86.4
5.0	-10.691	-91.3	59.9
5.01	-10.676	-76.9	4.7
5.02	-10.661	-62.3	-28.2
5.03	-10.647	-48.2	-60.5
5.04	-10.633	-35.1	-87.4
5.05	-10.619	-23.0	-76.5
5.06	-10.604	-11.8	-47.9
5.07	-10.589	-2.0	26.0
5.08	-10.575	5.6	101.4
5.09	-10.562	9.9	105.2
5.1	-10.547	10.3	80.2
5.11	-10.533	7.1	56.5
5.12	-10.518	0.9	56.8
5.13	-10.505	-7.2	60.9
5.14	-10.494	-15.5	66.6
5.15	-10.483	-23.1	116.1
5.16	-10.469	-29.5	129.0
5.17	-10.457	-34.7	-36.6
5.18	-10.443	-38.7	-391.4
5.19	-10.428	-41.4	-451.1
5.2	-10.412	-42.8	31.6
5.21	-10.399	-42.7	365.7
5.22	-10.392	-41.5	254.7
5.23	-10.388	-39.7	91.7
5.24	-10.379	-37.5	28.6
5.25	-10.367	-34.9	25.7
5.26	-10.349	-32.2	39.0
5.27	-10.329	-29.6	25.8
5.28	-10.309	-27.0	12.2
5.29	-10.289	-24.0	9.6
5.3	-10.272	-19.3	4.0
5.31	-10.256	-10.3	2.9
5.32	-10.242	6.5	-10.2
5.33	-10.228	34.4	-67.7
5.34	-10.216	74.1	-121.2
5.35	-10.205	120.9	-141.9
5.36	-10.195	164.6	-157.5
5.37	-10.186	192.9	-165.3
5.38	-10.175	198.7	-140.4
5.39	-10.163	180.7	-64.7
5.4	-10.149	142.0	-15.9
5.41	-10.139	92.2	-17.5
5.42	-10.129	41.0	-0.9
5.43	-10.121	-6.6	7.7
5.44	-10.115	-47.4	14.1
5.45	-10.107	-79.6	50.3
5.46	-10.096	-102.4	73.9
5.47	-10.084	-116.4	85.2
5.48	-10.070	-123.3	139.9
5.49	-10.052	-124.9	131.3
5.5	-10.030	-121.4	47.5
5.51	-10.006	-112.9	22.7
5.52	-9.981	-100.8	35.0
5.53	-9.957	-86.6	28.2
5.54	-9.933	-71.2	7.5
5.55	-9.909	-55.4	-8.3
5.56	-9.887	-39.8	-20.6
5.57	-9.865	-25.3	-14.6
5.58	-9.842	-12.5	-15.1
5.59	-9.816	-2.3	-30.3
5.6	-9.788	4.9	-15.4
5.61	-9.761	8.9	31.0
5.62	-9.735	9.9	66.5
5.63	-9.709	8.2	74.2
5.64	-9.683	4.2	97.2
5.65	-9.656	-1.9	129.5
5.66	-9.629	-9.7	120.2
5.67	-9.604	-18.2	85.5
5.68	-9.578	-26.8	100.2
5.69	-9.549	-34.6	126.0
5.7	-9.519	-40.9	33.0
5.71	-9.489	-44.9	-271.8
5.72	-9.457	-46.5	-470.1
5.73	-9.426	-46.1	-74.5
5.74	-9.398	-44.4	411.9
5.75	-9.374	-42.3	351.3
5.76	-9.353	-40.1	101.4
5.77	-9.330	-38.0	16.4
5.78	-9.304	-36.0	26.4
5.79	-9.275	-33.7	46.5
5.8	-9.245	-30.9	48.2
5.81	-9.213	-27.4	50.1
5.82	-9.182	-23.6	79.8
5.83	-9.152	-18.7	57.1
5.84	-9.126	-10.2	-27.2
5.85	-9.101	5.9	-63.8
5.86	-9.077	33.5	-65.7
5.87	-9.054	73.9	-85.4
5.88	-9.031	122.9	-117.3
5.89	-9.011	168.7	-126.6
5.9	-8.993	195.9	-65.1
5.91	-8.976	200.6	-59.7
5.92	-8.959	184.0	-128.0
5.93	-8.944	145.3	-122.5
5.94	-8.930	93.8	-70.8
5.95	-8.916	41.7	-13.6
5.96	-8.901	-5.1	23.3
5.97	-8.886	-43.7	74.8
5.98	-8.873	-74.0	155.6
5.99	-8.857	-96.4	136.0
6.0	-8.841	-112.2	66.3
6.01	-8.824	-122.6	49.2
6.02	-8.808	-128.1	55.4
6.03	-8.793	-128.0	54.2
6.04	-8.777	-121.2	45.0
6.05	-8.762	-108.5	75.7
6.06	-8.746	-92.5	123.2
6.07	-8.729	-75.6	69.1
6.08	-8.712	-59.2	-5.6
6.09	-8.696	-44.1	-21.4
6.1	-8.682	-30.7	-40.7
6.11	-8.669	-18.7	-44.3
6.12	-8.658	-8.3	-25.5
6.13	-8.644	0.2	7.4
6.14	-8.631	6.2	45.4
6.15	-8.618	8.9	53.4
6.16	-8.605	8.3	59.8
6.17	-8.592	4.4	73.3
6.18	-8.578	-2.1	84.6
6.19	-8.563	-10.1	85.7
6.2	-8.548	-18.8	99.4
6.21	-8.534	-27.0	139.4
6.22	-8.520	-34.2	140.6
6.23	-8.504	-39.9	128.5
6.24	-8.489	-44.0	65.3
6.25	-8.474	-46.8	-219.6
6.26	-8.459	-48.2	-468.2
6.27	-8.444	-48.1	-150.0
6.28	-8.430	-46.5	345.3
6.29	-8.418	-43.5	375.6
6.3	-8.408	-39.9	199.7
6.31	-8.398	-36.5	84.5
6.32	-8.385	-33.5	34.7
6.33	-8.370	-31.1	31.4
6.34	-8.353	-29.2	24.0
6.35	-8.334	-27.3	20.0
6.36	-8.314	-25.0	1.2
6.37	-8.293	-20.8	0.5
6.38	-8.272	-12.4	37.3
6.39	-8.251	3.7	26.3
6.4	-8.231	30.5	-34.7
6.41	-8.215	69.3	-88.7
6.42	-8.201	116.8	-118.5
6.43	-8.189	162.8	-133.1
6.44	-8.181	192.9	-141.5
6.45	-8.173	201.0	-115.2
6.46	-8.166	187.6	-67.8
6.47	-8.161	152.2	-46.6
6.48	-8.156	102.6	-41.0
6.49	-8.151	50.2	-28.1
6.5	-8.144	1.0	2.5
6.51	-8.137	-41.5	41.3
6.52	-8.131	-75.2	62.0
6.53	-8.127	-99.5	76.3
6.54	-8.123	-115.2	126.4
6.55	-8.120	-124.3	147.5
6.56	-8.117	-128.0	81.8
6.57	-8.115	-126.9	16.6
6.58	-8.113	-120.6	7.4
6.59	-8.110	-109.3	20.0
6.6	-8.107	-94.4	29.4
6.61	-8.106	-77.5	65.8
6.62	-8.105	-60.2	106.6
6.63	-8.105	-43.8	53.6
6.64	-8.106	-29.1	-18.8
6.65	-8.107	-16.7	-43.2
6.66	-8.109	-7.1	-61.3
6.67	-8.110	-0.2	-71.5
6.68	-8.111	4.1	-63.4
6.69	-8.111	5.9	-6.6
6.7	-8.111	5.3	74.6
6.71	-8.113	2.1	99.6
6.72	-8.116	-3.2	83.8
6.73	-8.119	-10.2	75.2
6.74	-8.122	-18.2	75.9
6.75	-8.123	-26.5	75.6
6.76	-8.124	-34.0	81.9
6.77	-8.124	-39.9	93.5
6.78	-8.123	-43.6	119.2
6.79	-8.120	-45.1	147.6
6.8	-8.119	-45.3	-12.2
6.81	-8.122	-44.6	-387.4
6.82	-8.128	-43.3	-390.0
6.83	-8.136	-41.8	157.6
6.84	-8.146	-40.2	464.8
6.85	-8.154	-38.6	270.0
6.86	-8.159	-36.6	56.2
6.87	-8.161	-34.2	5.4
6.88	-8.160	-31.4	41.9
6.89	-8.158	-28.2	70.9
6.9	-8.153	-25.1	50.5
6.91	-8.149	-22.0	42.3
6.92	-8.146	-18.2	25.8
6.93	-8.144	-10.9	-17.1
6.94	-8.145	4.4	-42.3
6.95	-8.148	32.1	-46.4
6.96	-8.150	74.2	-51.5
6.97	-8.151	126.4	-84.7
6.98	-8.152	173.6	-126.6
6.99	-8.153	198.5	-142.7
7.0	-8.156	203.3	-133.4
7.01	-8.159	192.8	-126.5
7.02	-8.164	159.8	-103.6
7.03	-8.169	108.4	-62.7
7.04	-8.177	53.7	-26.7
7.05	-8.184	4.0	19.4
7.06	-8.191	-37.8	52.1
7.07	-8.198	-71.1	53.9
7.08	-8.206	-95.8	55.9
7.09	-8.213	-112.4	56.9
7.1	-8.218	-122.2	50.4
7.11	-8.223	-126.9	59.5
7.12	-8.229	-127.0	94.2
7.13	-8.234	-122.4	107.7
7.14	-8.241	-113.1	70.5
7.15	-8.247	-100.0	33.5
7.16	-8.254	-84.5	27.3
7.17	-8.262	-68.5	20.6
7.18	-8.271	-52.6	6.6
7.19	-8.282	-37.4	1.6
7.2	-8.296	-23.1	-0.1
7.21	-8.312	-10.5	0.9
7.22	-8.332	-0.6	-7.4
7.23	-8.353	6.0	-42.0
7.24	-8.373	8.7	-60.3
7.25	-8.392	7.6	-37.1
7.26	-8.410	3.5	12.2
7.27	-8.429	-2.5	38.1
7.28	-8.450	-9.7	78.8
7.29	-8.472	-17.2	128.7
7.3	-8.496	-24.8	115.6
7.31	-8.521	-31.8	86.1
7.32	-8.551	-38.0	75.2
7.33	-8.584	-43.1	96.4
7.34	-8.617	-46.7	126.2
7.35	-8.649	-48.4	76.9
7.36	-8.683	-48.3	-109.8
7.37	-8.720	-46.8	-395.2
7.38	-8.759	-44.7	-310.4
7.39	-8.799	-42.7	236.1
7.4	-8.839	-40.9	429.4
7.41	-8.877	-39.1	180.9
7.42	-8.916	-36.9	16.6
7.43	-8.951	-33.9	24.0
7.44	-8.983	-30.5	91.4
7.45	-9.011	-27.3	86.4
7.46	-9.037	-24.7	27.6
7.47	-9.063	-22.7	-8.6
7.48	-9.090	-20.1	-35.5
7.49	-9.119	-13.8	-53.9
7.5	-9.151	0.9	-56.4
7.51	-9.184	28.3	-42.7
7.52	-9.216	70.3	-19.8
7.53	-9.249	123.1	-65.8
7.54	-9.283	171.7	-161.4
7.55	-9.316	198.1	-202.9
7.56	-9.349	203.7	-194.9
7.57	-9.383	195.6	-172.0
7.58	-9.416	166.5	-119.4
7.59	-9.448	117.6	-36.6
7.6	-9.482	63.2	9.7
7.61	-9.515	12.7	5.8
7.62	-9.548	-30.9	13.7
7.63	-9.581	-66.4	38.8
7.64	-9.614	-93.4	48.2
7.65	-9.647	-111.8	40.2
7.66	-9.678	-122.5	34.9
7.67	-9.707	-127.8	87.2
7.68	-9.736	-129.0	127.9
7.69	-9.765	-125.6	76.3
7.7	-9.796	-117.5	43.0
7.71	-9.826	-105.5	35.2
7.72	-9.856	-91.1	8.7
7.73	-9.884	-75.0	2.6
7.74	-9.909	-58.2	2.8
7.75	-9.936	-41.7	1.7
7.76	-9.962	-26.1	40.6
7.77	-9.989	-12.5	39.6
7.78	-10.018	-1.8	-34.2
7.79	-10.048	5.3	-73.9
7.8	-10.078	8.4	-69.4
7.81	-10.104	7.7	-60.7
7.82	-10.129	4.0	-33.2
7.83	-10.154	-1.4	15.1
7.84	-10.178	-7.8	78.3
7.85	-10.203	-15.0	114.3
7.86	-10.228	-22.4	82.7
7.87	-10.251	-29.7	48.4
7.88	-10.273	-36.4	57.8
7.89	-10.294	-42.0	67.3
7.9	-10.316	-45.6	75.1
7.91	-10.336	-47.1	93.1
7.92	-10.357	-46.9	91.5
7.93	-10.378	-45.9	-128.0
7.94	-10.396	-44.4	-511.8
7.95	-10.412	-42.7	-390.4
7.96	-10.429	-41.2	183.7
7.97	-10.450	-39.6	382.5
7.98	-10.472	-37.7	183.5
7.99	-10.493	-35.2	26.5
8.0	-10.509	-32.3	32.5
8.01	-10.522	-29.2	69.8
8.02	-10.531	-26.3	45.9
8.03	-10.539	-24.0	23.6
8.04	-10.546	-22.0	2.8
8.05	-10.553	-19.1	-26.5
8.06	-10.561	-11.9	-38.7
8.07	-10.571	4.4	-52.0
8.08	-10.584	34.5	-57.0
8.09	-10.599	80.1	-35.6
8.1	-10.615	135.4	-55.2
8.11	-10.631	181.0	-136.7
8.12	-10.647	201.2	-202.4
8.13	-10.663	203.8	-198.8
8.14	-10.678	195.0	-158.8
8.15	-10.692	163.8	-119.9
8.16	-10.706	112.2	-84.4
8.17	-10.721	56.6	-37.5
8.18	-10.736	6.7	38.0
8.19	-10.751	-35.2	84.5
8.2	-10.768	-68.5	79.5
8.21	-10.785	-93.7	45.7
8.22	-10.799	-111.4	22.3
8.23	-10.813	-122.8	28.3
8.24	-10.827	-129.0	47.4
8.25	-10.841	-130.9	71.9
8.26	-10.854	-127.8	108.5
8.27	-10.867	-119.3	102.4
8.28	-10.879	-106.4	35.9
8.29	-10.889	-91.0	7.2
8.3	-10.896	-74.5	8.7
8.31	-10.903	-58.0	3.3
8.32	-10.910	-41.8	-3.8
8.33	-10.919	-26.3	-15.8
8.34	-10.931	-12.1	-7.6
8.35	-10.943	-0.4	-8.9
8.36	-10.953	7.8	-36.3
8.37	-10.961	11.8	-50.3
8.38	-10.963	11.6	-34.4
8.39	-10.964	7.3	2.2
8.4	-10.964	0.3	34.8
8.41	-10.964	-7.9	49.2
8.42	-10.964	-16.1	65.1
8.43	-10.963	-23.8	109.0
8.44	-10.961	-30.9	137.1
8.45	-10.960	-37.4	97.6
8.46	-10.959	-42.8	55.6
8.47	-10.958	-47.0	61.6
8.48	-10.954	-49.8	51.5
8.49	-10.951	-51.1	-124.3
8.5	-10.944	-50.7	-463.0
8.51	-10.934	-48.9	-465.4
8.52	-10.925	-46.2	59.9
8.53	-10.919	-43.0	398.4
8.54	-10.916	-39.8	260.0
8.55	-10.914	-36.9	54.1
8.56	-10.906	-34.6	-10.7
8.57	-10.890	-32.4	3.7
8.58	-10.866	-30.2	20.5
8.59	-10.839	-27.7	29.0
8.6	-10.811	-24.9	55.0
8.61	-10.785	-21.5	72.5
8.62	-10.762	-15.8	16.2
8.63	-10.743	-4.4	-42.6
8.64	-10.726	16.9	-59.5
8.65	-10.712	51.7	-85.6
8.66	-10.701	100.3	-117.4
8.67	-10.692	153.3	-148.0
8.68	-10.684	190.3	-137.7
8.69	-10.675	203.1	-95.4
8.7	-10.663	201.9	-99.6
8.71	-10.650	184.7	-131.1
8.72	-10.638	143.2	-124.9
8.73	-10.631	87.8	-77.0
8.74	-10.628	33.3	-13.4
8.75	-10.628	-14.1	46.1
8.76	-10.628	-52.5	84.6
8.77	-10.627	-81.8	96.7
8.78	-10.622	-103.1	95.1
8.79	-10.613	-118.0	75.2
8.8	-10.604	-128.1	57.9
8.81	-10.594	-134.1	58.2
8.82	-10.586	-135.1	59.4
8.83	-10.578	-129.5	50.1
8.84	-10.568	-117.7	77.1
8.85	-10.558	-101.9	93.1
8.86	-10.544	-84.5	37.4
8.87	-10.530	-67.1	-7.3
8.88	-10.514	-50.6	-3.6
8.89	-10.501	-35.2	23.2
8.9	-10.489	-21.1	24.6
8.91	-10.478	-8.5	9.2
8.92	-10.469	1.7	28.2
8.93	-10.459	8.4	34.7
8.94	-10.447	10.9	-21.9
8.95	-10.430	9.1	-68.4
8.96	-10.409	3.3	-42.8
8.97	-10.386	-5.2	16.8
8.98	-10.362	-14.6	50.4
8.99	-10.339	-23.4	62.7
9.0	-10.319	-30.8	93.2
9.01	-10.297	-36.6	115.3
9.02	-10.274	-41.1	88.9
9.03	-10.248	-44.5	60.4
9.04	-10.221	-46.8	74.4
9.05	-10.193	-48.0	105.5
9.06	-10.162	-48.3	98.5
9.07	-10.133	-47.4	-40.4
9.08	-10.106	-45.7	-347.0
9.09	-10.078	-43.6	-479.3
9.1	-10.050	-41.2	-73.2
9.11	-10.024	-38.8	342.7
9.12	-9.999	-36.5	281.2
9.13	-9.971	-34.5	87.5
9.14	-9.939	-32.5	19.7
9.15	-9.902	-30.1	30.7
9.16	-9.862	-27.3	64.5
9.17	-9.818	-24.4	80.7
9.18	-9.774	-21.4	68.5
9.19	-9.731	-17.9	35.9
9.2	-9.692	-11.9	-4.4
9.21	-9.658	0.7	-38.5
9.22	-9.626	25.1	-55.9
9.23	-9.598	64.9	-74.4
9.24	-9.572	118.6	-102.7
9.25	-9.547	170.1	-114.6
9.26	-9.524	198.0	-83.5
9.27	-9.499	204.2	-96.6
9.28	-9.473	200.7	-154.6
9.29	-9.443	179.4	-147.6
9.3	-9.413	132.7	-106.3
9.31	-9.383	74.2	-59.2
9.32	-9.353	19.1	-17.5
9.33	-9.324	-27.5	34.8
9.34	-9.297	-64.5	97.4
9.35	-9.273	-92.0	95.5
9.36	-9.251	-110.8	74.8
9.37	-9.228	-122.5	70.8
9.38	-9.203	-128.8	52.7
9.39	-9.179	-131.6	45.7
9.4	-9.155	-130.6	65.5
9.41	-9.131	-124.6	85.5
9.42	-9.108	-113.5	95.2
9.43	-9.086	-98.9	84.9
9.44	-9.064	-82.5	52.0
9.45	-9.043	-65.9	21.8
9.46	-9.021	-50.1	15.0
9.47	-9.000	-35.4	18.2
9.48	-8.979	-21.9	20.0
9.49	-8.959	-10.0	25.2
9.5	-8.938	-0.3	64.0
9.51	-8.918	6.0	101.4
9.52	-8.898	8.3	57.9
9.53	-8.877	6.1	-6.0
9.54	-8.858	-0.0	-45.7
9.55	-8.840	-9.0	-54.8
9.56	-8.822	-18.9	-41.8
9.57	-8.805	-28.0	-24.4
9.58	-8.788	-35.0	47.1
9.59	-8.771	-39.9	118.5
9.6	-8.756	-42.9	106.0
9.61	-8.741	-44.6	56.8
9.62	-8.725	-45.5	42.4
9.63	-8.709	-45.8	55.1
9.64	-8.691	-45.4	75.3
9.65	-8.673	-44.2	86.7
9.66	-8.652	-42.5	118.3
9.67	-8.632	-40.6	164.9
9.68	-8.613	-38.9	12.6
9.69	-8.594	-37.6	-402.6
9.7	-8.577	-36.8	-557.7
9.71	-8.559	-36.5	-91.8
9.72	-8.543	-36.0	358.6
9.73	-8.527	-34.7	288.5
9.74	-8.512	-32.5	99.0
9.75	-8.494	-29.7	82.7
9.76	-8.475	-26.8	77.6
9.77	-8.454	-24.3	33.2
9.78	-8.433	-22.3	12.8
9.79	-8.413	-20.4	7.3
9.8	-8.395	-17.4	12.9
9.81	-8.379	-10.0	16.5
9.82	-8.365	6.1	18.0
9.83	-8.351	35.2	-12.3
9.84	-8.337	79.0	-56.2
9.85	-8.322	133.1	-88.2
9.86	-8.308	179.3	-124.4
9.87	-8.294	200.7	-145.6
9.88	-8.282	204.1	-126.7
9.89	-8.271	197.3	-95.1
9.9	-8.259	169.0	-87.4
9.91	-8.244	117.3	-83.8
9.92	-8.231	57.8	-73.7
9.93	-8.219	2.4	-46.7
9.94	-8.209	-44.2	-10.0
9.95	-8.203	-79.9	18.7
9.96	-8.197	-104.4	55.4
9.97	-8.194	-118.6	114.8
9.98	-8.190	-124.8	124.9
9.99	-8.185	-126.1	63.3
10.0	-8.179	-125.0	35.6
10.01	-8.172	-122.0	41.3
10.02	-8.164	-116.0	37.2
10.03	-8.156	-106.3	27.3
10.04	-8.147	-93.2	29.1
10.05	-8.139	-77.7	69.0
10.06	-8.132	-61.4	89.3
10.07	-8.126	-45.6	49.9
10.08	-8.121	-31.2	9.5
10.09	-8.117	-19.0	-2.6
10.1	-8.113	-9.2	4.4
10.11	-8.110	-2.0	11.3
10.12	-8.106	2.7	8.6
10.13	-8.103	4.6	30.3
10.14	-8.100	3.4	67.2
10.15	-8.097	-1.1	18.4
10.16	-8.094	-8.2	-65.5
10.17	-8.092	-16.9	-71.6
10.18	-8.091	-26.1	-47.3
10.19	-8.090	-34.5	-20.3
10.2	-8.090	-40.8	32.9
10.21	-8.091	-44.2	62.7
10.22	-8.093	-45.0	99.7
10.23	-8.096	-44.2	119.9
10.24	-8.098	-42.8	68.9
10.25	-8.101	-41.6	51.4
10.26	-8.104	-40.9	65.3
10.27	-8.107	-40.4	83.6
10.28	-8.107	-39.7	104.0
10.29	-8.109	-38.6	1.4
10.3	-8.115	-37.1	-296.3
10.31	-8.125	-35.5	-486.4
10.32	-8.137	-34.2	-143.1
10.33	-8.152	-33.3	333.3
10.34	-8.167	-32.6	317.4
10.35	-8.181	-31.9	87.8
10.36	-8.190	-30.9	11.5
10.37	-8.193	-29.2	7.4
10.38	-8.190	-26.7	57.6
10.39	-8.186	-23.9	105.3
10.4	-8.182	-21.0	60.3
10.41	-8.181	-17.7	5.8
10.42	-8.183	-11.9	-15.6
10.43	-8.186	0.3	-28.2
10.44	-8.191	23.7	-52.3
10.45	-8.196	61.5	-79.7
10.46	-8.201	112.7	-97.0
10.47	-8.205	164.3	-103.6
10.48	-8.209	195.5	-99.3
10.49	-8.214	203.9	-133.2
10.5	-8.219	200.0	-171.1
10.51	-8.223	177.4	-154.0
10.52	-8.227	130.3	-112.8
10.53	-8.233	72.2	-78.1
10.54	-8.242	17.3	-33.5
10.55	-8.251	-29.9	53.7
10.56	-8.261	-67.6	88.0
10.57	-8.272	-95.4	46.0
10.58	-8.283	-113.3	45.2
10.59	-8.289	-122.4	66.3
10.6	-8.294	-125.1	71.6
10.61	-8.297	-123.7	77.6
10.62	-8.300	-119.7	71.7
10.63	-8.305	-113.5	43.7
10.64	-8.311	-104.6	42.3
10.65	-8.318	-93.1	77.0
10.66	-8.326	-79.5	58.3
10.67	-8.333	-64.9	30.8
10.68	-8.342	-50.6	51.7
10.69	-8.353	-37.3	33.8
10.7	-8.367	-25.1	-6.4
10.71	-8.385	-14.5	6.6
10.72	-8.404	-5.9	28.7
10.73	-8.424	0.2	15.5
10.74	-8.444	3.2	4.8
10.75	-8.461	2.6	-15.8
10.76	-8.478	-1.2	-36.9
10.77	-8.491	-7.4	-51.9
10.78	-8.504	-14.7	-38.1
10.79	-8.518	-22.2	16.3
10.8	-8.533	-28.8	57.7
10.81	-8.550	-34.0	91.3
10.82	-8.569	-38.0	96.0
10.83	-8.588	-40.5	61.2
10.84	-8.606	-41.8	59.2
10.85	-8.624	-42.1	90.3
10.86	-8.642	-41.7	101.0
10.87	-8.658	-40.7	133.4
10.88	-8.673	-39.9	121.8
10.89	-8.690	-39.5	-96.3
10.9	-8.711	-39.2	-476.5
10.91	-8.736	-38.6	-500.7
10.92	-8.764	-37.5	63.0
10.93	-8.793	-35.7	449.8
10.94	-8.824	-33.7	302.1
10.95	-8.853	-31.8	73.6
10.96	-8.879	-30.0	2.1
10.97	-8.901	-28.2	11.5
10.98	-8.920	-26.4	28.6
10.99	-8.938	-24.3	31.6
11.0	-8.958	-22.1	31.7
11.01	-8.982	-19.2	26.2
11.02	-9.010	-13.7	-6.3
11.03	-9.041	-1.9	-38.3
11.04	-9.074	20.0	-68.2
11.05	-9.109	54.8	-96.0
11.06	-9.144	101.4	-84.3
11.07	-9.179	151.6	-95.5
11.08	-9.213	188.3	-156.7
11.09	-9.248	202.3	-188.8
11.1	-9.283	198.1	-189.1
11.11	-9.318	173.3	-163.0
11.12	-9.351	127.0	-119.8
11.13	-9.388	72.0	-50.6
11.14	-9.424	19.0	26.1
11.15	-9.462	-27.8	47.0
11.16	-9.499	-66.2	45.0
11.17	-9.537	-95.1	51.8
11.18	-9.574	-114.2	56.6
11.19	-9.609	-123.6	47.4
11.2	-9.643	-125.1	37.5
11.21	-9.676	-121.4	51.6
11.22	-9.707	-115.2	102.1
11.23	-9.738	-107.1	105.3
11.24	-9.768	-97.4	51.3
11.25	-9.798	-86.3	22.7
11.26	-9.829	-74.2	14.7
11.27	-9.859	-61.3	18.2
11.28	-9.889	-48.0	13.1
11.29	-9.920	-34.9	16.1
11.3	-9.951	-22.9	28.2
11.31	-9.982	-12.7	2.8
11.32	-10.013	-4.7	-25.2
11.33	-10.044	0.4	-44.1
11.34	-10.072	2.2	-50.0
11.35	-10.098	0.8	-33.2
11.36	-10.124	-3.1	-28.6
11.37	-10.149	-8.5	-18.8
11.38	-10.175	-14.2	31.9
11.39	-10.202	-19.9	102.2
11.4	-10.229	-25.0	108.6
11.41	-10.255	-29.6	71.3
11.42	-10.280	-33.6	79.8
11.43	-10.306	-37.1	75.6
11.44	-10.333	-39.6	59.4
11.45	-10.359	-40.7	74.4
11.46	-10.384	-40.7	66.8
11.47	-10.409	-39.8	-67.2
11.48	-10.433	-38.8	-398.8
11.49	-10.456	-37.7	-476.5
11.5	-10.479	-36.7	22.6
11.51	-10.504	-35.8	394.6
11.52	-10.531	-35.0	258.2
11.53	-10.558	-33.9	55.6
11.54	-10.583	-32.4	2.2
11.55	-10.604	-30.4	28.5
11.56	-10.625	-28.1	79.0
11.57	-10.644	-26.0	70.1
11.58	-10.662	-24.2	12.0
11.59	-10.679	-22.5	-22.4
11.6	-10.696	-19.1	-25.0
11.61	-10.715	-11.0	-28.1
11.62	-10.736	5.6	-50.2
11.63	-10.760	33.6	-83.8
11.64	-10.785	73.9	-98.0
11.65	-10.809	122.1	-101.9
11.66	-10.832	166.9	-134.4
11.67	-10.854	194.5	-164.7
11.68	-10.874	200.0	-165.2
11.69	-10.893	183.2	-134.8
11.7	-10.911	144.6	-101.6
11.71	-10.932	93.0	-58.9
11.72	-10.954	39.4	1.1
11.73	-10.977	-10.2	43.8
11.74	-11.000	-52.2	52.0
11.75	-11.024	-84.7	55.3
11.76	-11.048	-106.8	86.3
11.77	-11.071	-118.5	86.6
11.78	-11.093	-121.7	81.6
11.79	-11.113	-119.5	95.2
11.8	-11.133	-114.2	81.1
11.81	-11.153	-106.7	44.7
11.82	-11.173	-97.4	25.6
11.83	-11.193	-86.4	34.4
11.84	-11.211	-74.1	27.8
11.85	-11.228	-60.7	11.0
11.86	-11.244	-46.7	12.1
11.87	-11.263	-33.0	45.0
11.88	-11.281	-20.9	36.2
11.89	-11.301	-10.9	-34.2
11.9	-11.319	-3.8	-72.4
11.91	-11.334	0.4	-56.8
11.92	-11.348	1.8	-27.1
11.93	-11.360	0.9	0.7
11.94	-11.372	-1.6	67.5
11.95	-11.384	-5.4	118.9
11.96	-11.396	-10.3	108.3
11.97	-11.408	-16.0	83.6
11.98	-11.418	-21.9	76.5
11.99	-11.428	-27.5	76.1
12.0	-11.437	-32.5	74.3
12.01	-11.445	-36.6	88.0
12.02	-11.454	-39.5	61.1
12.03	-11.463	-41.0	-138.6
12.04	-11.470	-41.0	-453.1
12.05	-11.476	-39.8	-393.3
12.06	-11.483	-38.1	139.9
12.07	-11.491	-36.5	410.3
12.08	-11.500	-35.3	214.2
12.09	-11.507	-34.2	21.3
12.1	-11.509	-33.1	-2.4
12.11	-11.508	-31.8	25.2
12.12	-11.504	-29.8	43.1
12.13	-11.499	-27.4	77.3
12.14	-11.496	-24.9	65.3
12.15	-11.493	-22.4	22.8
12.16	-11.489	-19.0	1.5
12.17	-11.486	-12.5	-44.4
12.18	-11.481	0.9	-72.5
12.19	-11.477	24.3	-74.9
12.2	-11.474	59.1	-95.9
12.21	-11.471	102.6	-101.1
12.22	-11.471	146.6	-87.2
12.23	-11.471	180.2	-124.8
12.24	-11.469	194.1	-161.5
12.25	-11.466	183.3	-128.0
12.26	-11.460	150.4	-81.8
12.27	-11.454	103.9	-48.2
12.28	-11.448	52.7	-2.8
12.29	-11.440	3.5	47.5
12.3	-11.432	-39.4	68.4
12.31	-11.424	-73.4	85.5
12.32	-11.414	-97.4	113.9
12.33	-11.406	-111.5	99.1
12.34	-11.399	-117.6	83.1
12.35	-11.392	-118.0	82.8
12.36	-11.384	-114.5	65.7
12.37	-11.375	-108.1	55.7
12.38	-11.364	-98.9	45.1
12.39	-11.352	-87.3	30.2
12.4	-11.338	-74.0	46.6
12.41	-11.325	-59.8	50.2
12.42	-11.314	-45.8	-1.3
12.43	-11.304	-32.9	-30.9
12.44	-11.294	-21.8	-27.7
12.45	-11.281	-12.6	-43.5
12.46	-11.264	-5.4	-41.5
12.47	-11.244	-0.2	13.6
12.48	-11.224	2.8	69.6
12.49	-11.208	3.4	93.8
12.5	-11.196	1.3	97.1
12.51	-11.186	-3.3	80.0
12.52	-11.176	-9.5	71.3
12.53	-11.168	-16.6	79.1
12.54	-11.158	-23.5	87.0
12.55	-11.144	-29.6	116.2
12.56	-11.125	-34.4	133.2
12.57	-11.105	-37.9	31.5
12.58	-11.084	-40.1	-259.6
12.59	-11.064	-41.2	-480.4
12.6	-11.043	-41.4	-162.0
12.61	-11.025	-40.8	314.9
12.62	-11.013	-39.5	330.7
12.63	-11.004	-37.6	123.5
12.64	-10.991	-35.4	27.3
12.65	-10.973	-33.2	51.0
12.66	-10.946	-31.1	77.6
12.67	-10.914	-29.0	48.9
12.68	-10.879	-26.9	28.1
12.69	-10.845	-24.8	51.9
12.7	-10.813	-22.2	35.0
12.71	-10.783	-17.5	-41.7
12.72	-10.756	-8.0	-34.2
12.73	-10.731	9.1	-14.5
12.74	-10.708	36.0	-75.1
12.75	-10.686	72.7	-125.8
12.76	-10.664	114.4	-137.0
12.77	-10.644	151.9	-125.5
12.78	-10.623	175.8	-129.0
12.79	-10.600	179.3	-127.1
12.8	-10.577	160.1	-73.7
12.81	-10.554	123.1	-20.3
12.82	-10.533	76.5	0.9
12.83	-10.511	27.9	19.2
12.84	-10.489	-17.2	34.8
12.85	-10.465	-55.2	52.1
12.86	-10.439	-83.9	78.1
12.87	-10.411	-102.7	107.6
12.88	-10.382	-112.9	133.9
12.89	-10.349	-116.4	101.9
12.9	-10.315	-114.9	48.7
12.91	-10.280	-109.5	33.8
12.92	-10.246	-101.0	35.7
12.93	-10.212	-90.1	38.2
12.94	-10.177	-77.5	63.2
12.95	-10.142	-64.2	76.7
12.96	-10.107	-51.0	24.4
12.97	-10.073	-38.4	-34.3
12.98	-10.039	-26.8	-46.6
12.99	-10.006	-16.5	-37.0
13.0	-9.970	-7.7	-22.8
13.01	-9.934	-0.9	20.8
13.02	-9.899	3.4	54.0
13.03	-9.864	4.9	62.3
13.04	-9.831	3.4	91.6
13.05	-9.796	-0.7	98.7
13.06	-9.761	-6.8	76.7
13.07	-9.728	-13.6	78.2
13.08	-9.694	-20.2	105.0
13.09	-9.661	-26.3	144.3
13.1	-9.626	-31.4	154.4
13.11	-9.591	-35.4	67.2
13.12	-9.559	-38.3	-207.5
13.13	-9.527	-40.3	-451.1
13.14	-9.496	-41.5	-173.1
13.15	-9.467	-41.7	310.4
13.16	-9.442	-40.9	355.4
13.17	-9.419	-39.2	150.7
13.18	-9.397	-36.5	60.1
13.19	-9.373	-33.4	75.9
13.2	-9.344	-30.2	74.6
13.21	-9.313	-27.4	47.0
13.22	-9.277	-25.3	30.4
13.23	-9.242	-23.8	6.8
13.24	-9.209	-22.2	-7.4
13.25	-9.179	-18.4	-13.1
13.26	-9.154	-9.4	-19.0
13.27	-9.133	7.8	-5.2
13.28	-9.113	34.9	-28.5
13.29	-9.092	71.0	-108.4
13.3	-9.073	111.2	-144.8
13.31	-9.054	146.2	-140.0
13.32	-9.033	167.1	-137.8
13.33	-9.011	168.4	-119.5
13.34	-8.989	148.7	-65.4
13.35	-8.971	112.9	-5.1
13.36	-8.956	68.8	8.9
13.37	-8.941	23.1	9.6
13.38	-8.927	-19.7	49.2
13.39	-8.913	-56.4	67.2
13.4	-8.899	-84.6	62.7
13.41	-8.883	-103.4	75.6
13.42	-8.869	-112.8	93.1
13.43	-8.854	-114.5	120.8
13.44	-8.840	-110.8	108.6
13.45	-8.826	-103.9	50.0
13.46	-8.811	-95.1	23.7
13.47	-8.794	-84.9	27.5
13.48	-8.777	-73.4	26.0
13.49	-8.759	-60.7	16.8
13.5	-8.742	-47.5	12.9
13.51	-8.726	-34.5	16.3
13.52	-8.711	-22.7	7.3
13.53	-8.697	-12.8	-31.5
13.54	-8.683	-5.3	-61.2
13.55	-8.667	-0.5	-54.7
13.56	-8.650	1.5	-2.8
13.57	-8.634	0.8	60.6
13.58	-8.619	-1.7	79.1
13.59	-8.604	-5.2	83.2
13.6	-8.591	-9.6	135.9
13.61	-8.576	-14.7	159.2
13.62	-8.561	-20.3	100.6
13.63	-8.546	-26.0	64.4
13.64	-8.529	-31.2	87.2
13.65	-8.509	-35.6	111.3
13.66	-8.488	-38.6	-20.4
13.67	-8.470	-39.9	-364.8
13.68	-8.454	-39.7	-394.6
13.69	-8.440	-38.6	159.7
13.7	-8.430	-37.2	482.6
13.71	-8.421	-35.8	253.9
13.72	-8.412	-34.5	34.5
13.73	-8.401	-33.3	4.2
13.74	-8.386	-31.7	21.8
13.75	-8.370	-29.5	26.7
13.76	-8.351	-26.8	67.7
13.77	-8.329	-24.0	102.5
13.78	-8.308	-21.1	43.4
13.79	-8.288	-17.3	-18.6
13.8	-8.271	-9.8	-40.8
13.81	-8.256	4.7	-56.9
13.82	-8.244	29.1	-66.4
13.83	-8.233	64.2	-96.9
13.84	-8.223	106.3	-126.1
13.85	-8.214	145.8	-98.5
13.86	-8.204	172.0	-74.8
13.87	-8.195	177.8	-110.4
13.88	-8.187	160.7	-127.2
13.89	-8.181	124.4	-91.7
13.9	-8.176	77.7	-40.1
13.91	-8.172	28.9	-3.4
13.92	-8.170	-15.9	32.4
13.93	-8.168	-53.4	82.9
13.94	-8.166	-81.8	101.4
13.95	-8.162	-100.7	79.5
13.96	-8.156	-110.6	55.7
13.97	-8.150	-113.3	53.6
13.98	-8.144	-110.9	57.6
13.99	-8.139	-105.2	42.3
14.0	-8.135	-96.8	33.0
14.01	-8.133	-86.0	66.6
14.02	-8.131	-73.3	78.6
14.03	-8.130	-59.8	26.2
14.04	-8.129	-46.5	-17.6
14.05	-8.129	-34.3	-43.4
14.06	-8.129	-23.7	-66.3
14.07	-8.129	-14.9	-70.3
14.08	-8.128	-7.6	-55.8
14.09	-8.127	-1.8	-24.5
14.1	-8.127	2.1	54.1
14.11	-8.127	3.6	118.1
14.12	-8.127	2.1	91.5
14.13	-8.127	-1.9	64.8
14.14	-8.127	-7.8	66.9
14.15	-8.125	-14.8	61.4
14.16	-8.124	-21.9	71.9
14.17	-8.123	-28.0	95.0
14.18	-8.119	-32.5	141.0
14.19	-8.114	-35.5	169.0
14.2	-8.109	-37.4	5.1
14.21	-8.107	-38.5	-356.3
14.22	-8.107	-39.0	-398.1
14.23	-8.111	-39.1	117.2
14.24	-8.115	-38.7	452.9
14.25	-8.119	-37.5	284.5
14.26	-8.122	-35.6	63.3
14.27	-8.123	-32.9	33.4
14.28	-8.121	-29.9	101.0
14.29	-8.117	-27.2	68.5
14.3	-8.112	-25.2	8.8
14.31	-8.106	-23.8	7.4
14.32	-8.102	-22.3	-0.7
14.33	-8.098	-18.9	-22.9
14.34	-8.097	-10.4	-44.7
14.35	-8.097	6.2	-11.8
14.36	-8.098	32.7	4.4
14.37	-8.101	69.0	-91.2
14.38	-8.105	110.6	-162.9
14.39	-8.110	147.6	-167.7
14.4	-8.115	170.2	-162.7
14.41	-8.121	172.8	-130.0
14.42	-8.126	154.1	-93.4
14.43	-8.133	118.6	-46.4
14.44	-8.141	74.0	11.5
14.45	-8.149	27.4	21.5
14.46	-8.156	-16.2	9.6
14.47	-8.164	-53.5	24.4
14.48	-8.172	-82.2	47.2
14.49	-8.179	-100.9	56.6
14.5	-8.186	-110.1	76.2
14.51	-8.194	-111.5	93.0
14.52	-8.203	-108.0	80.3
14.53	-8.210	-101.7	60.0
14.54	-8.216	-93.6	47.4
14.55	-8.223	-83.8	22.2
14.56	-8.230	-72.5	2.8
14.57	-8.240	-60.3	-23.8
14.58	-8.253	-47.7	-57.0
14.59	-8.271	-35.4	-71.3
14.6	-8.292	-23.8	-73.0
14.61	-8.313	-13.7	-46.7
14.62	-8.331	-5.7	-24.6
14.63	-8.349	-0.4	-1.4
14.64	-8.366	2.2	40.3
14.65	-8.382	2.3	61.7
14.66	-8.399	0.5	59.7
14.67	-8.418	-3.1	90.6
14.68	-8.439	-8.2	147.2
14.69	-8.464	-14.6	125.7
14.7	-8.491	-21.6	69.5
14.71	-8.520	-28.3	81.1
14.72	-8.547	-33.9	115.1
14.73	-8.575	-37.7	18.9
14.74	-8.607	-39.8	-283.5
14.75	-8.642	-40.3	-383.1
14.76	-8.681	-40.0	68.2
14.77	-8.721	-39.3	449.6
14.78	-8.762	-38.3	314.2
14.79	-8.802	-37.0	64.9
14.8	-8.842	-34.9	-10.6
14.81	-8.880	-32.1	37.3
14.82	-8.916	-29.3	93.0
14.83	-8.949	-26.9	80.0
14.84	-8.981	-24.7	30.3
14.85	-9.013	-22.3	-5.8
14.86	-9.046	-18.7	-28.2
14.87	-9.081	-11.9	-47.5
14.88	-9.117	1.2	-74.1
14.89	-9.153	24.0	-104.9
14.9	-9.189	57.5	-115.8
14.91	-9.227	98.3	-106.4
14.92	-9.264	137.4	-112.2
14.93	-9.303	164.7	-138.8
14.94	-9.340	173.2	-155.6
14.95	-9.378	160.1	-131.1
14.96	-9.416	128.3	-75.9
14.97	-9.454	85.4	-56.2
14.98	-9.492	39.6	-29.6
14.99	-9.529	-4.6	34.7
15.0	-9.566	-43.2	75.0
15.01	-9.602	-73.2	74.3
15.02	-9.638	-94.2	52.4
15.03	-9.674	-106.4	41.4
15.04	-9.709	-110.6	54.4
15.05	-9.743	-109.1	77.5
15.06	-9.777	-104.0	81.3
15.07	-9.811	-96.4	54.3
15.08	-9.844	-86.6	30.3
15.09	-9.876	-75.3	6.8
15.1	-9.907	-63.3	-32.4
15.11	-9.938	-50.8	-77.8
15.12	-9.969	-38.6	-87.9
15.13	-10.001	-27.1	-51.2
15.14	-10.032	-16.8	-39.8
15.15	-10.063	-8.1	-19.7
15.16	-10.092	-1.4	29.5
15.17	-10.121	2.6	47.0
15.18	-10.151	3.7	49.5
15.19	-10.180	2.0	47.4
15.2	-10.208	-2.0	55.4
15.21	-10.235	-7.2	68.8
15.22	-10.263	-13.1	88.2
15.23	-10.289	-19.3	120.9
15.24	-10.315	-25.4	125.9
15.25	-10.339	-30.9	81.7
15.26	-10.363	-35.6	-131.8
15.27	-10.386	-38.9	-482.1
15.28	-10.408	-40.6	-436.8
15.29	-10.431	-40.5	141.9
15.3	-10.456	-39.1	475.1
15.31	-10.485	-36.9	266.2
15.32	-10.512	-34.5	42.1
15.33	-10.536	-32.4	5.2
15.34	-10.555	-30.6	9.4
15.35	-10.571	-29.3	-4.1
15.36	-10.586	-28.1	-13.5
15.37	-10.602	-26.7	-19.4
15.38	-10.619	-24.1	-11.2
15.39	-10.638	-19.3	39.8
15.4	-10.658	-9.9	22.9
15.41	-10.679	7.1	-75.0
15.42	-10.700	34.3	-128.2
15.43	-10.721	71.7	-157.2
15.44	-10.743	114.3	-172.6
15.45	-10.765	152.4	-171.9
15.46	-10.787	176.2	-164.4
15.47	-10.808	179.8	-108.5
15.48	-10.827	161.3	-64.7
15.49	-10.847	125.4	-78.4
15.5	-10.869	80.0	-81.1
15.51	-10.891	32.6	-43.4
15.52	-10.915	-11.5	-3.3
15.53	-10.939	-48.5	29.4
15.54	-10.963	-76.7	86.8
15.55	-10.984	-95.9	113.3
15.56	-11.006	-107.4	78.9
15.57	-11.028	-112.6	43.4
15.58	-11.048	-112.6	34.4
15.59	-11.069	-108.2	23.9
15.6	-11.091	-100.1	-6.7
15.61	-11.113	-89.1	-24.6
15.62	-11.135	-75.8	-24.1
15.63	-11.158	-61.3	-32.6
15.64	-11.178	-46.9	-41.3
15.65	-11.196	-33.5	-60.8
15.66	-11.213	-21.7	-75.0
15.67	-11.227	-11.8	-49.2
15.68	-11.241	-3.8	-11.7
15.69	-11.255	2.2	28.2
15.7	-11.270	6.1	82.3
15.71	-11.284	7.0	104.8
15.72	-11.296	4.8	71.0
15.73	-11.306	-0.2	35.1
15.74	-11.315	-7.6	32.5
15.75	-11.323	-16.1	54.4
15.76	-11.328	-24.2	79.9
15.77	-11.333	-30.7	42.9
15.78	-11.337	-35.4	-151.9
15.79	-11.339	-38.4	-423.0
15.8	-11.336	-40.0	-300.6
15.81	-11.332	-40.5	181.6
15.82	-11.330	-40.3	336.5
15.83	-11.331	-39.2	143.9
15.84	-11.333	-37.3	24.2
15.85	-11.333	-34.8	45.6
15.86	-11.332	-32.1	53.3
15.87	-11.328	-29.5	16.9
15.88	-11.323	-27.3	6.2
15.89	-11.319	-25.6	-0.4
15.9	-11.314	-23.6	-14.7
15.91	-11.311	-19.4	-33.3
15.92	-11.308	-10.1	-53.2
15.93	-11.306	7.7	-51.6
15.94	-11.304	36.6	-70.2
15.95	-11.303	76.2	-109.8
15.96	-11.303	120.0	-131.1
15.97	-11.302	158.4	-147.5
15.98	-11.300	182.0	-145.4
15.99	-11.296	183.5	-135.2
16.0	-11.291	161.9	-113.8
16.01	-11.288	123.9	-79.0
16.02	-11.286	78.5	-40.9
16.03	-11.284	32.5	11.5
16.04	-11.283	-9.3	69.8
16.05	-11.279	-44.8	69.6
16.06	-11.274	-72.9	41.4
16.07	-11.266	-94.0	66.7
16.08	-11.258	-108.8	73.0
16.09	-11.249	-118.0	40.9
16.1	-11.238	-120.6	36.9
16.11	-11.227	-116.0	48.4
16.12	-11.215	-105.3	64.1
16.13	-11.203	-91.3	77.6
16.14	-11.190	-76.1	19.1
16.15	-11.180	-61.0	-71.6
16.16	-11.172	-46.6	-94.1
16.17	-11.167	-33.3	-74.0
16.18	-11.161	-21.2	-57.2
16.19	-11.151	-10.5	-33.8
16.2	-11.139	-1.9	29.2
16.21	-11.125	3.9	69.8
16.22	-11.111	6.7	51.5
16.23	-11.098	6.7	38.5
16.24	-11.085	3.7	75.3
16.25	-11.074	-2.1	108.8
16.26	-11.065	-9.6	88.9
16.27	-11.056	-17.7	70.0
16.28	-11.041	-25.8	111.9
16.29	-11.019	-33.2	112.0
16.3	-10.994	-39.0	-133.1
16.31	-10.967	-42.6	-482.4
16.32	-10.938	-43.9	-375.8
16.33	-10.910	-43.6	181.9
16.34	-10.886	-42.5	401.2
16.35	-10.865	-41.0	180.6
16.36	-10.844	-39.2	16.9
16.37	-10.817	-37.2	9.3
16.38	-10.784	-34.9	43.4
16.39	-10.746	-32.0	44.8
16.4	-10.707	-28.8	55.4
16.41	-10.668	-25.8	64.4
16.42	-10.631	-22.1	22.4
16.43	-10.596	-16.0	-13.1
16.44	-10.563	-4.4	-26.8
16.45	-10.529	16.9	-57.2
16.46	-10.496	50.2	-94.1
16.47	-10.464	93.5	-97.9
16.48	-10.434	138.9	-113.1
16.49	-10.405	176.0	-142.2
16.5	-10.378	194.5	-129.7
16.51	-10.350	188.1	-109.9
16.52	-10.320	159.6	-99.1
16.53	-10.289	117.7	-76.4
16.54	-10.259	70.5	-34.0
16.55	-10.228	24.3	-0.3
16.56	-10.198	-17.0	39.6
16.57	-10.169	-51.1	83.7
16.58	-10.139	-77.2	85.4
16.59	-10.108	-96.0	96.6
16.6	-10.077	-108.9	98.8
16.61	-10.046	-117.3	51.9
16.62	-10.013	-121.1	38.9
16.63	-9.980	-119.1	63.0
16.64	-9.944	-110.7	66.1
16.65	-9.908	-97.6	39.8
16.66	-9.870	-81.7	22.3
16.67	-9.834	-65.1	22.2
16.68	-9.800	-49.1	-16.9
16.69	-9.768	-34.3	-61.8
16.7	-9.738	-21.2	-44.9
16.71	-9.707	-10.4	-28.7
16.72	-9.674	-2.1	-22.6
16.73	-9.641	3.8	6.9
16.74	-9.607	7.0	52.5
16.75	-9.574	7.4	102.5
16.76	-9.541	4.8	96.9
16.77	-9.509	-0.4	95.2
16.78	-9.477	-7.7	120.2
16.79	-9.447	-16.3	105.4
16.8	-9.418	-25.4	98.6
16.81	-9.387	-33.9	105.6
16.82	-9.356	-40.9	74.1
16.83	-9.328	-45.5	-130.7
16.84	-9.302	-47.7	-416.9
16.85	-9.276	-48.0	-259.8
16.86	-9.252	-46.9	256.7
16.87	-9.231	-44.9	396.2
16.88	-9.211	-42.9	175.4
16.89	-9.191	-40.9	42.4
16.9	-9.169	-38.7	23.6
16.91	-9.143	-35.8	19.5
16.92	-9.114	-32.1	44.1
16.93	-9.082	-28.1	94.3
16.94	-9.048	-24.3	71.9
16.95	-9.014	-20.4	10.8
16.96	-8.981	-14.3	-3.4
16.97	-8.952	-2.5	-26.9
16.98	-8.926	19.1	-66.4
16.99	-8.903	52.7	-83.6
17.0	-8.883	96.3	-109.3
17.01	-8.864	141.9	-123.3
17.02	-8.848	178.6	-81.1
17.03	-8.832	195.1	-71.2
17.04	-8.815	185.9	-105.8
17.05	-8.798	155.1	-103.4
17.06	-8.783	111.2	-71.8
17.07	-8.769	62.6	-32.4
17.08	-8.755	15.7	9.2
17.09	-8.742	-25.2	54.2
17.1	-8.732	-58.2	91.1
17.11	-8.720	-83.2	108.5
17.12	-8.706	-101.3	107.7
17.13	-8.691	-113.8	68.2
17.14	-8.674	-121.8	43.4
17.15	-8.656	-124.6	53.6
17.16	-8.638	-121.0	52.1
17.17	-8.621	-111.3	48.7
17.18	-8.603	-97.3	44.6
17.19	-8.586	-81.1	59.0
17.2	-8.568	-64.5	75.2
17.21	-8.552	-48.6	38.9
17.22	-8.536	-33.9	-16.2
17.23	-8.521	-20.7	-37.2
17.24	-8.506	-9.4	-18.9
17.25	-8.492	-0.9	-8.6
17.26	-8.476	4.4	-16.8
17.27	-8.460	6.0	-15.4
17.28	-8.443	4.4	15.6
17.29	-8.424	0.2	52.9
17.3	-8.406	-5.7	74.1
17.31	-8.389	-12.5	89.8
17.32	-8.373	-19.5	97.6
17.33	-8.356	-26.3	110.9
17.34	-8.341	-32.4	117.5
17.35	-8.324	-37.7	103.5
17.36	-8.306	-41.9	110.8
17.37	-8.286	-44.8	100.1
17.38	-8.267	-46.4	-94.4
17.39	-8.249	-46.6	-424.0
17.4	-8.232	-45.2	-339.2
17.41	-8.219	-42.9	226.5
17.42	-8.209	-40.2	464.4
17.43	-8.201	-37.6	230.3
17.44	-8.194	-35.3	40.9
17.45	-8.185	-33.4	6.5
17.46	-8.174	-31.4	26.0
17.47	-8.159	-29.0	35.9
17.48	-8.142	-26.0	28.8
17.49	-8.125	-22.3	58.6
17.5	-8.110	-17.0	76.4
17.51	-8.098	-7.2	15.3
17.52	-8.089	11.2	-53.2
17.53	-8.081	42.3	-78.1
17.54	-8.076	86.2	-88.1
17.55	-8.071	136.5	-111.6
17.56	-8.066	178.6	-107.5
17.57	-8.063	199.5	-76.8
17.58	-8.059	199.7	-95.8
17.59	-8.056	179.9	-126.6
17.6	-8.053	139.1	-115.1
17.61	-8.051	87.3	-89.4
17.62	-8.050	35.5	-44.2
17.63	-8.049	-10.7	0.1
17.64	-8.049	-48.3	49.7
17.65	-8.049	-76.8	111.7
17.66	-8.049	-96.7	103.2
17.67	-8.048	-109.2	56.4
17.68	-8.046	-116.5	40.8
17.69	-8.044	-120.3	54.2
17.7	-8.041	-120.5	60.7
17.71	-8.039	-115.8	41.2
17.72	-8.037	-105.7	22.9
17.73	-8.036	-91.6	42.1
17.74	-8.036	-75.7	78.2
17.75	-8.036	-59.5	46.8
17.76	-8.036	-43.8	4.7
17.77	-8.037	-29.7	4.1
17.78	-8.039	-17.7	-5.5
17.79	-8.041	-8.2	-42.0
17.8	-8.043	-1.5	-65.7
17.81	-8.046	2.6	-52.0
17.82	-8.048	3.9	-19.2
17.83	-8.051	2.3	20.8
17.84	-8.053	-2.0	38.8
17.85	-8.056	-8.1	39.0
17.86	-8.059	-15.3	47.8
17.87	-8.063	-22.7	67.2
17.88	-8.066	-29.7	80.5
17.89	-8.069	-35.6	83.7
17.9	-8.073	-40.0	102.3
17.91	-8.078	-42.9	111.9
17.92	-8.081	-44.4	128.9
17.93	-8.082	-44.8	131.4
17.94	-8.087	-44.7	-31.3
17.95	-8.095	-44.2	-387.4
17.96	-8.105	-43.2	-454.2
17.97	-8.117	-41.8	60.5
17.98	-8.129	-40.0	433.8
17.99	-8.141	-37.7	282.7
18.0	-8.152	-35.0	90.3
18.01	-8.159	-32.2	52.1
18.02	-8.160	-29.5	56.7
18.03	-8.158	-26.9	45.1
18.04	-8.154	-24.8	16.3
18.05	-8.148	-22.5	9.9
18.06	-8.144	-18.6	11.5
18.07	-8.141	-10.2	3.9
18.08	-8.141	6.8	7.6
18.09	-8.143	36.3	-13.1
18.1	-8.146	79.2	-71.0
18.11	-8.149	130.2	-115.2
18.12	-8.153	174.9	-139.6
18.13	-8.158	198.6	-158.2
18.14	-8.162	202.1	-145.4
18.15	-8.168	188.3	-115.9
18.16	-8.174	153.5	-84.9
18.17	-8.181	104.2	-27.7
18.18	-8.188	52.1	-6.3
18.19	-8.196	3.5	-21.6
18.2	-8.203	-38.3	-0.9
18.21	-8.212	-71.4	33.4
18.22	-8.221	-94.9	52.6
18.23	-8.230	-109.2	68.1
18.24	-8.236	-116.6	99.5
18.25	-8.241	-119.6	121.2
18.26	-8.244	-119.5	89.3
18.27	-8.247	-115.9	36.6
18.28	-8.251	-108.4	23.5
18.29	-8.256	-97.0	34.8
18.3	-8.262	-83.0	31.9
18.31	-8.269	-67.6	30.7
18.32	-8.278	-51.9	30.2
18.33	-8.289	-36.8	44.3
18.34	-8.303	-23.4	61.6
18.35	-8.318	-12.4	11.0
18.36	-8.334	-4.4	-47.3
18.37	-8.354	0.6	-64.6
18.38	-8.376	2.7	-71.2
18.39	-8.401	2.0	-39.9
18.4	-8.428	-1.2	22.6
18.41	-8.455	-6.6	44.4
18.42	-8.484	-13.4	47.1
18.43	-8.516	-20.8	51.3
18.44	-8.548	-28.0	49.9
18.45	-8.581	-34.2	62.2
18.46	-8.614	-38.8	85.8
18.47	-8.647	-41.7	125.3
18.48	-8.681	-43.2	130.6
18.49	-8.715	-43.7	104.5
18.5	-8.748	-43.6	125.0
18.51	-8.781	-43.5	67.9
18.52	-8.816	-43.5	-251.8
18.53	-8.853	-43.2	-542.4
18.54	-8.891	-42.1	-212.9
18.55	-8.931	-40.3	360.4
18.56	-8.969	-37.8	406.2
18.57	-9.006	-35.0	187.1
18.58	-9.042	-32.3	71.3
18.59	-9.073	-30.0	31.0
18.6	-9.101	-28.1	31.6
18.61	-9.126	-26.4	24.7
18.62	-9.149	-24.2	14.8
18.63	-9.174	-20.6	16.6
18.64	-9.200	-14.1	41.5
18.65	-9.227	-1.3	29.8
18.66	-9.256	22.1	-38.0
18.67	-9.287	59.1	-89.0
18.68	-9.320	107.6	-112.9
18.69	-9.353	157.6	-134.8
18.7	-9.386	191.5	-158.2
18.71	-9.419	203.0	-170.0
18.72	-9.452	199.3	-118.4
18.73	-9.484	177.0	-55.1
18.74	-9.516	133.3	-70.5
18.75	-9.547	79.6	-84.6
18.76	-9.581	26.9	-54.2
18.77	-9.613	-20.1	-15.5
18.78	-9.645	-58.4	29.3
18.79	-9.678	-86.9	60.3
18.8	-9.713	-105.3	72.2
18.81	-9.748	-115.4	105.3
18.82	-9.781	-119.9	129.0
18.83	-9.814	-121.2	90.9
18.84	-9.846	-119.7	47.1
18.85	-9.877	-114.9	30.8
18.86	-9.908	-105.8	25.2
18.87	-9.938	-93.0	24.7
18.88	-9.968	-77.8	39.3
18.89	-9.999	-61.7	54.6
18.9	-10.031	-45.8	56.4
18.91	-10.065	-31.1	34.2
18.92	-10.102	-18.3	0.5
18.93	-10.142	-8.1	-9.6
18.94	-10.185	-1.0	-29.1
18.95	-10.231	2.9	-59.8
18.96	-10.277	3.6	-67.2
18.97	-10.320	1.4	-42.6
18.98	-10.360	-3.0	2.3
18.99	-10.397	-8.8	46.3
19.0	-10.433	-15.5	84.5
19.01	-10.467	-22.4	85.6
19.02	-10.499	-28.9	64.6
19.03	-10.531	-34.4	64.2
19.04	-10.559	-38.7	76.1
19.05	-10.587	-41.5	93.9
19.06	-10.613	-43.2	97.0
19.07	-10.638	-43.9	96.7
19.08	-10.661	-43.8	92.5
19.09	-10.684	-43.2	-57.2
19.1	-10.705	-42.2	-401.9
19.11	-10.723	-40.9	-515.2
19.12	-10.742	-39.4	-26.9
19.13	-10.763	-37.6	429.4
19.14	-10.785	-35.7	324.2
19.15	-10.808	-33.5	90.4
19.16	-10.826	-31.5	40.3
19.17	-10.841	-29.7	34.3
19.18	-10.853	-27.9	8.9
19.19	-10.863	-26.0	-3.4
19.2	-10.873	-23.8	-5.1
19.21	-10.883	-20.6	17.2
19.22	-10.894	-14.5	34.2
19.23	-10.906	-2.0	0.2
19.24	-10.920	20.8	-48.4
19.25	-10.934	57.0	-86.7
19.26	-10.949	104.8	-123.6
19.27	-10.965	154.7	-145.7
19.28	-10.983	189.9	-165.6
19.29	-11.000	202.7	-152.7
19.3	-11.017	198.8	-102.3
19.31	-11.033	176.1	-103.8
19.32	-11.046	132.8	-106.3
19.33	-11.061	79.9	-71.1
19.34	-11.076	27.4	-28.6
19.35	-11.090	-19.6	22.1
19.36	-11.104	-58.0	53.3
19.37	-11.119	-86.3	50.3
19.38	-11.136	-104.8	68.8
19.39	-11.151	-115.1	133.2
19.4	-11.167	-120.2	115.3
19.41	-11.180	-121.8	40.6
19.42	-11.191	-120.3	37.0
19.43	-11.200	-114.9	49.6
19.44	-11.209	-105.2	41.7
19.45	-11.217	-91.8	34.6
19.46	-11.226	-76.3	37.3
19.47	-11.234	-60.1	55.2
19.48	-11.244	-44.0	38.6
19.49	-11.254	-28.9	-6.5
19.5	-11.263	-15.8	-14.5
19.51	-11.271	-5.4	-22.0
19.52	-11.276	1.4	-43.9
19.53	-11.279	4.6	-48.4
19.54	-11.279	4.7	-50.9
19.55	-11.278	2.4	-22.4
19.56	-11.276	-1.8	54.8
19.57	-11.274	-7.5	84.4
19.58	-11.272	-14.2	62.3
19.59	-11.268	-21.3	54.5
19.6	-11.260	-28.4	53.9
19.61	-11.249	-34.8	54.8
19.62	-11.240	-39.8	57.1
19.63	-11.233	-42.9	73.8
19.64	-11.224	-44.3	135.3
19.65	-11.215	-44.7	138.2
19.66	-11.207	-44.4	-60.5
19.67	-11.198	-43.6	-427.7
19.68	-11.185	-42.7	-523.2
19.69	-11.170	-41.5	-52.1
19.7	-11.156	-40.1	343.0
19.71	-11.147	-38.1	254.5
19.72	-11.139	-35.5	99.4
19.73	-11.127	-32.7	81.4
19.74	-11.108	-30.2	69.6
19.75	-11.082	-28.0	27.2
19.76	-11.053	-26.2	5.3
19.77	-11.023	-24.6	-5.9
19.78	-10.995	-22.5	-13.3
19.79	-10.969	-17.7	-16.2
19.8	-10.946	-7.4	-16.6
19.81	-10.926	12.3	0.9
19.82	-10.908	44.4	-24.4
19.83	-10.893	88.5	-90.3
19.84	-10.878	138.1	-151.3
19.85	-10.862	179.3	-184.8
19.86	-10.846	199.6	-176.7
19.87	-10.828	199.7	-160.2
19.88	-10.809	180.4	-119.1
19.89	-10.789	141.4	-57.2
19.9	-10.772	91.4	-2.4
19.91	-10.759	40.0	14.1
19.92	-10.748	-7.8	10.6
19.93	-10.738	-48.5	30.4
19.94	-10.728	-80.5	52.4
19.95	-10.716	-102.9	54.7
19.96	-10.702	-116.5	77.3
19.97	-10.687	-123.4	122.5
19.98	-10.671	-125.3	108.4
19.99	-10.653	-123.0	52.4
20.0	-10.634	-116.6	36.3
20.01	-10.615	-106.2	38.4
20.02	-10.594	-93.0	29.0
20.03	-10.574	-78.3	26.4
20.04	-10.554	-63.0	39.3
20.05	-10.537	-47.5	47.7
20.06	-10.520	-32.7	57.2
20.07	-10.504	-19.3	42.2
20.08	-10.489	-8.2	5.1
20.09	-10.473	-0.0	-9.6
20.1	-10.457	4.5	-17.5
20.11	-10.438	5.1	-28.5
20.12	-10.416	2.4	-39.8
20.13	-10.391	-2.8	-32.1
20.14	-10.368	-9.1	14.7
20.15	-10.345	-15.8	69.4
20.16	-10.325	-22.3	104.9
20.17	-10.307	-28.2	93.4
20.18	-10.287	-33.3	74.9
20.19	-10.265	-37.8	82.1
20.2	-10.241	-41.4	74.2
20.21	-10.218	-43.7	62.5
20.22	-10.193	-44.4	91.2
20.23	-10.167	-43.7	130.4
20.24	-10.140	-42.4	51.9
20.25	-10.113	-41.1	-253.9
20.26	-10.084	-39.9	-506.2
20.27	-10.057	-38.9	-194.3
20.28	-10.031	-37.8	297.9
20.29	-10.008	-36.6	319.1
20.3	-9.985	-34.8	113.9
20.31	-9.959	-32.2	42.5
20.32	-9.929	-29.0	76.4
20.33	-9.894	-25.9	80.0
20.34	-9.855	-23.3	43.4
20.35	-9.814	-21.4	10.9
20.36	-9.771	-19.6	-10.6
20.37	-9.730	-15.8	-6.4
20.38	-9.691	-6.6	-14.8
20.39	-9.654	12.8	-30.5
20.4	-9.621	45.8	-17.4
20.41	-9.589	91.7	-37.5
20.42	-9.560	142.9	-106.6
20.43	-9.533	183.2	-166.2
20.44	-9.506	201.0	-174.0
20.45	-9.479	199.5	-162.8
20.46	-9.452	178.7	-144.7
20.47	-9.425	137.2	-106.8
20.48	-9.400	85.7	-39.9
20.49	-9.377	34.3	39.6
20.5	-9.355	-12.0	67.0
20.51	-9.334	-51.0	60.8
20.52	-9.314	-81.7	49.2
20.53	-9.294	-103.6	49.9
20.54	-9.273	-117.1	67.9
20.55	-9.251	-123.5	62.9
20.56	-9.229	-124.5	74.3
20.57	-9.207	-121.2	121.1
20.58	-9.184	-113.8	111.4
20.59	-9.161	-102.8	64.8
20.6	-9.138	-89.5	47.8
20.61	-9.114	-75.5	37.5
20.62	-9.091	-61.5	30.6
20.63	-9.070	-48.0	24.0
20.64	-9.049	-35.3	17.0
20.65	-9.031	-23.3	27.0
20.66	-9.015	-12.5	56.0
20.67	-9.000	-3.7	47.3
20.68	-8.986	2.1	-0.7
20.69	-8.974	4.1	-38.8
20.7	-8.960	2.4	-56.6
20.71	-8.945	-2.4	-49.6
20.72	-8.928	-9.2	-8.3
20.73	-8.911	-16.6	47.5
20.74	-8.895	-23.4	106.3
20.75	-8.879	-29.0	132.8
20.76	-8.864	-33.5	106.0
20.77	-8.848	-36.9	95.2
20.78	-8.831	-39.7	97.5
20.79	-8.815	-41.9	81.8
20.8	-8.796	-43.3	88.8
20.81	-8.776	-43.8	106.9
20.82	-8.756	-43.5	14.9
20.83	-8.737	-42.2	-273.8
20.84	-8.721	-40.5	-454.8
20.85	-8.706	-38.7	-109.6
20.86	-8.693	-36.9	350.9
20.87	-8.681	-35.3	340.5
20.88	-8.670	-33.8	111.6
20.89	-8.658	-32.2	19.7
20.9	-8.643	-30.2	18.9
20.91	-8.626	-27.8	42.9
20.92	-8.606	-25.0	85.0
20.93	-8.583	-22.2	63.8
20.94	-8.559	-19.5	14.9
20.95	-8.536	-15.6	-3.0
20.96	-8.514	-7.7	-25.7
20.97	-8.495	8.6	-40.3
20.98	-8.479	37.0	-55.8
20.99	-8.464	78.4	-87.6
21.0	-8.452	127.2	-68.8
21.01	-8.441	170.9	-71.5
21.02	-8.432	196.1	-150.3
21.03	-8.423	198.0	-177.3
21.04	-8.413	176.4	-140.4
21.05	-8.403	134.5	-91.2
21.06	-8.394	82.8	-50.4
21.07	-8.386	31.0	-10.2
21.08	-8.380	-15.4	63.3
21.09	-8.375	-53.7	110.7
21.1	-8.371	-83.0	91.6
21.11	-8.367	-103.0	53.8
21.12	-8.361	-114.6	47.2
21.13	-8.354	-119.4	60.7
21.14	-8.346	-119.3	68.1
21.15	-8.337	-115.2	73.8
21.16	-8.329	-107.4	99.5
21.17	-8.322	-96.9	112.3
21.18	-8.315	-84.6	57.5
21.19	-8.308	-71.3	12.1
21.2	-8.301	-58.1	11.2
21.21	-8.294	-45.4	7.8
21.22	-8.288	-33.5	12.6
21.23	-8.284	-22.3	21.2
21.24	-8.280	-12.2	49.8
21.25	-8.277	-4.0	69.1
21.26	-8.273	1.1	9.7
21.27	-8.269	2.7	-55.0
21.28	-8.266	0.8	-63.8
21.29	-8.262	-4.0	-43.0
21.3	-8.259	-10.5	-1.2
21.31	-8.256	-17.3	42.9
21.32	-8.253	-23.3	76.1
21.33	-8.252	-28.1	113.6
21.34	-8.251	-31.9	128.9
21.35	-8.248	-34.7	99.1
21.36	-8.246	-36.8	74.4
21.37	-8.244	-38.3	72.4
21.38	-8.240	-39.3	102.8
21.39	-8.235	-39.8	119.4
21.4	-8.231	-39.7	33.6
21.41	-8.230	-39.1	-249.4
21.42	-8.231	-38.2	-476.4
21.43	-8.234	-37.0	-134.2
21.44	-8.240	-35.6	360.5
21.45	-8.246	-34.0	358.4
21.46	-8.252	-32.4	130.7
21.47	-8.255	-30.7	41.3
21.48	-8.254	-29.1	39.1
21.49	-8.248	-27.5	31.2
21.5	-8.239	-25.6	46.4
21.51	-8.230	-23.5	44.6
21.52	-8.222	-20.6	22.5
21.53	-8.215	-15.2	2.7
21.54	-8.211	-4.1	-24.2
21.55	-8.209	16.7	-31.6
21.56	-8.209	49.7	-38.5
21.57	-8.209	93.8	-75.6
21.58	-8.211	141.7	-129.8
21.59	-8.213	180.2	-164.3
21.6	-8.215	198.9	-160.7
21.61	-8.217	195.2	-130.5
21.62	-8.221	169.3	-103.5
21.63	-8.224	125.5	-81.7
21.64	-8.229	74.3	-48.2
21.65	-8.236	23.3	-12.4
21.66	-8.243	-22.7	24.5
21.67	-8.251	-61.0	43.4
21.68	-8.260	-89.6	39.8
21.69	-8.269	-107.6	57.1
21.7	-8.277	-115.8	69.8
21.71	-8.283	-116.7	99.7
21.72	-8.287	-113.5	144.1
21.73	-8.291	-108.1	92.2
21.74	-8.295	-101.0	25.3
21.75	-8.299	-92.1	17.5
21.76	-8.303	-81.4	33.1
21.77	-8.308	-69.4	37.8
21.78	-8.314	-56.6	41.8
21.79	-8.321	-43.7	61.8
21.8	-8.331	-31.5	47.0
21.81	-8.343	-20.7	12.9
21.82	-8.357	-12.0	-17.6
21.83	-8.371	-5.6	-55.3
21.84	-8.387	-1.8	-60.1
21.85	-8.402	-0.6	-44.5
21.86	-8.415	-1.8	-13.3
21.87	-8.427	-5.0	27.0
21.88	-8.438	-9.7	57.9
21.89	-8.448	-15.3	79.4
21.9	-8.459	-21.1	71.3
21.91	-8.470	-26.6	65.9
21.92	-8.481	-31.2	85.3
21.93	-8.492	-34.6	109.1
21.94	-8.506	-36.8	125.0
21.95	-8.521	-38.2	127.9
21.96	-8.533	-39.1	127.6
21.97	-8.545	-39.7	53.3
21.98	-8.561	-40.2	-228.3
21.99	-8.582	-40.0	-492.9
22.0	-8.609	-39.1	-198.3
22.01	-8.639	-37.4	369.5
22.02	-8.671	-35.5	430.1
22.03	-8.703	-33.4	160.1
22.04	-8.732	-31.5	26.9
22.05	-8.759	-29.9	23.6
22.06	-8.780	-28.2	29.9
22.07	-8.797	-26.4	26.8
22.08	-8.814	-24.3	55.1
22.09	-8.832	-22.0	58.8
22.1	-8.853	-18.3	2.8
22.11	-8.877	-10.9	-40.0
22.12	-8.906	3.9	-41.4
22.13	-8.935	29.4	-44.8
22.14	-8.966	66.5	-57.3
22.15	-8.999	111.3	-100.7
22.16	-9.033	154.1	-159.2
22.17	-9.069	184.1	-180.7
22.18	-9.106	193.0	-173.1
22.19	-9.143	177.3	-134.2
22.2	-9.181	141.6	-72.6
22.21	-9.219	94.4	-34.9
22.22	-9.257	43.9	-41.1
22.23	-9.293	-4.1	-29.8
22.24	-9.329	-45.6	17.7
22.25	-9.364	-77.6	48.6
22.26	-9.399	-98.8	56.3
22.27	-9.434	-109.9	109.6
22.28	-9.469	-113.5	163.5
22.29	-9.504	-112.1	104.8
22.3	-9.537	-108.0	32.3
22.31	-9.571	-101.9	21.5
22.32	-9.603	-93.8	35.3
22.33	-9.633	-83.9	47.1
22.34	-9.662	-72.4	56.3
22.35	-9.692	-59.5	63.3
22.36	-9.721	-46.4	59.0
22.37	-9.751	-34.0	26.6
22.38	-9.782	-23.3	-30.4
22.39	-9.814	-14.6	-64.1
22.4	-9.846	-8.1	-66.9
22.41	-9.877	-3.5	-56.6
22.42	-9.907	-0.9	-27.8
22.43	-9.934	-0.3	42.7
22.44	-9.961	-1.9	108.1
22.45	-9.986	-5.5	104.8
22.46	-10.011	-10.5	81.7
22.47	-10.036	-16.5	63.8
22.48	-10.061	-22.7	63.3
22.49	-10.088	-28.4	80.7
22.5	-10.114	-33.0	104.8
22.51	-10.140	-36.2	136.2
22.52	-10.166	-38.1	127.3
22.53	-10.192	-39.0	-16.0
22.54	-10.217	-39.2	-361.0
22.55	-10.242	-38.9	-465.9
22.56	-10.265	-38.5	39.5
22.57	-10.289	-37.8	436.3
22.58	-10.313	-36.6	288.2
22.59	-10.337	-34.8	60.5
22.6	-10.358	-32.4	13.3
22.61	-10.374	-29.7	78.2
22.62	-10.389	-27.2	102.8
22.63	-10.402	-25.2	45.4
22.64	-10.415	-23.8	-0.4
22.65	-10.428	-22.5	-7.7
22.66	-10.441	-19.9	-7.9
22.67	-10.454	-13.4	-28.9
22.68	-10.468	0.6	-49.8
22.69	-10.484	25.0	-41.8
22.7	-10.503	60.5	-54.6
22.71	-10.523	103.5	-107.0
22.72	-10.543	144.8	-152.6
22.73	-10.563	173.9	-179.6
22.74	-10.584	183.0	-171.5
22.75	-10.604	169.3	-135.3
22.76	-10.626	136.3	-104.2
22.77	-10.649	92.2	-39.4
22.78	-10.672	44.8	52.4
22.79	-10.694	-0.5	73.5
22.8	-10.716	-40.4	65.1
22.81	-10.738	-72.7	63.7
22.82	-10.759	-95.9	55.5
22.83	-10.781	-109.7	64.5
22.84	-10.801	-115.0	72.8
22.85	-10.823	-113.6	80.6
22.86	-10.843	-108.0	116.1
22.87	-10.864	-99.8	106.8
22.88	-10.884	-90.0	41.2
22.89	-10.903	-79.0	11.3
22.9	-10.919	-67.0	12.5
22.91	-10.937	-54.5	-1.3
22.92	-10.956	-41.8	-29.3
22.93	-10.977	-29.4	-46.8
22.94	-10.998	-18.1	-8.3
22.95	-11.018	-8.6	26.4
22.96	-11.037	-1.8	-12.0
22.97	-11.053	2.1	-17.2
22.98	-11.067	2.8	28.9
22.99	-11.081	0.8	49.5
23.0	-11.094	-3.3	56.4
23.01	-11.107	-8.5	61.6
23.02	-11.118	-13.8	74.2
23.03	-11.130	-19.0	137.0
23.04	-11.142	-23.9	164.3
23.05	-11.153	-28.6	103.4
23.06	-11.161	-32.7	73.9
23.07	-11.168	-36.2	-0.9
23.08	-11.172	-38.7	-287.2
23.09	-11.172	-40.0	-518.6
23.1	-11.171	-39.9	-206.1
23.11	-11.170	-38.5	332.0
23.12	-11.171	-36.4	406.5
23.13	-11.173	-34.2	158.2
23.14	-11.173	-32.4	13.1
23.15	-11.168	-31.0	12.4
23.16	-11.157	-29.8	36.8
23.17	-11.141	-28.4	32.8
23.18	-11.123	-26.6	34.5
23.19	-11.107	-24.4	48.8
23.2	-11.094	-21.2	44.8
23.21	-11.084	-15.6	5.2
23.22	-11.077	-4.9	-55.6
23.23	-11.070	14.2	-104.4
23.24	-11.063	44.0	-125.9
23.25	-11.056	83.7	-128.9
23.26	-11.047	126.6	-131.8
23.27	-11.038	162.5	-123.1
23.28	-11.026	182.1	-109.6
23.29	-11.014	179.8	-111.7
23.3	-11.001	155.5	-98.5
23.31	-10.991	115.2	-65.8
23.32	-10.986	67.3	-25.0
23.33	-10.984	18.7	10.9
23.34	-10.983	-25.3	30.7
23.35	-10.983	-61.2	64.9
23.36	-10.980	-87.5	107.6
23.37	-10.976	-104.1	112.6
23.38	-10.970	-112.6	89.4
23.39	-10.963	-114.6	60.6
23.4	-10.953	-112.0	43.7
23.41	-10.944	-105.8	45.0
23.42	-10.933	-96.9	46.5
23.43	-10.922	-85.7	47.4
23.44	-10.912	-72.7	53.3
23.45	-10.901	-58.9	40.1
23.46	-10.892	-45.5	-0.8
23.47	-10.884	-33.3	-46.7
23.48	-10.879	-22.8	-65.4
23.49	-10.873	-13.8	-61.3
23.5	-10.864	-6.3	-22.2
23.51	-10.852	-0.6	34.3
23.52	-10.839	2.8	65.8
23.53	-10.827	3.4	84.2
23.54	-10.815	1.1	71.3
23.55	-10.803	-3.7	53.6
23.56	-10.789	-10.1	59.2
23.57	-10.774	-17.2	70.3
23.58	-10.760	-23.7	94.3
23.59	-10.746	-29.0	105.5
23.6	-10.729	-33.1	135.7
23.61	-10.713	-36.2	109.6
23.62	-10.697	-38.4	-181.6
23.63	-10.681	-39.8	-492.0
23.64	-10.661	-40.5	-245.4
23.65	-10.642	-40.4	274.5
23.66	-10.627	-39.5	338.0
23.67	-10.614	-37.6	126.4
23.68	-10.599	-35.2	48.4
23.69	-10.578	-32.6	64.4
23.7	-10.551	-30.0	80.9
23.71	-10.518	-27.7	42.8
23.72	-10.484	-25.7	5.8
23.73	-10.449	-24.0	18.6
23.74	-10.416	-21.5	19.8
23.75	-10.386	-16.0	-10.1
23.76	-10.358	-4.3	-27.7
23.77	-10.332	16.7	-24.9
23.78	-10.308	49.2	-62.9
23.79	-10.284	91.3	-131.0
23.8	-10.261	134.9	-160.5
23.81	-10.237	169.0	-158.8
23.82	-10.213	184.8	-153.1
23.83	-10.187	177.8	-139.3
23.84	-10.161	149.7	-107.1
23.85	-10.138	108.0	-41.1
23.86	-10.116	60.9	39.0
23.87	-10.094	14.4	53.0
23.88	-10.073	-27.5	25.7
23.89	-10.051	-62.2	40.8
23.9	-10.026	-88.4	66.9
23.91	-9.999	-105.7	71.5
23.92	-9.971	-114.8	70.7
23.93	-9.942	-117.0	70.8
23.94	-9.912	-113.6	84.2
23.95	-9.882	-106.0	87.4
23.96	-9.853	-95.5	66.7
23.97	-9.823	-83.3	44.9
23.98	-9.794	-70.1	25.8
23.99	-9.767	-56.6	1.3
24.0	-9.740	-43.5	-6.9
24.01	-9.714	-31.4	-15.8
24.02	-9.688	-20.4	-23.4
24.03	-9.662	-10.9	-28.6
24.04	-9.636	-3.3	-35.7
24.05	-9.607	1.6	1.5
24.06	-9.578	3.5	42.4
24.07	-9.548	2.6	46.5
24.08	-9.520	-0.8	42.5
24.09	-9.493	-6.1	69.3
24.1	-9.469	-12.2	102.7
24.11	-9.446	-18.2	105.4
24.12	-9.426	-23.8	124.4
24.13	-9.406	-28.8	121.0
24.14	-9.383	-33.2	102.4
24.15	-9.359	-37.0	100.9
24.16	-9.336	-40.1	-64.2
24.17	-9.314	-42.2	-405.8
24.18	-9.294	-43.0	-405.7
24.19	-9.276	-42.3	127.3
24.2	-9.259	-40.3	457.7
24.21	-9.245	-37.7	275.0
24.22	-9.231	-35.1	64.7
24.23	-9.214	-32.9	7.1
24.24	-9.194	-31.1	9.2
24.25	-9.169	-29.3	29.2
24.26	-9.141	-27.5	27.9
24.27	-9.111	-25.2	27.1
24.28	-9.082	-22.2	38.1
24.29	-9.056	-17.1	31.5
24.3	-9.034	-7.4	0.9
24.31	-9.015	10.2	-48.7
24.32	-8.998	38.3	-90.3
24.33	-8.984	76.8	-119.4
24.34	-8.971	120.0	-144.2
24.35	-8.958	157.9	-150.0
24.36	-8.946	181.0	-127.2
24.37	-8.936	182.6	-99.8
24.38	-8.925	161.2	-79.8
24.39	-8.916	122.4	-72.3
24.4	-8.909	74.8	-53.2
24.41	-8.901	25.8	-13.8
24.42	-8.894	-19.4	17.5
24.43	-8.888	-57.1	40.2
24.44	-8.882	-85.1	67.7
24.45	-8.876	-103.2	132.4
24.46	-8.869	-112.8	160.8
24.47	-8.863	-115.9	95.0
24.48	-8.856	-114.1	38.0
24.49	-8.848	-108.7	23.0
24.5	-8.839	-100.3	34.1
24.51	-8.832	-89.6	36.8
24.52	-8.826	-76.8	21.8
24.53	-8.819	-62.5	50.7
24.54	-8.812	-48.1	75.1
24.55	-8.804	-34.6	17.1
24.56	-8.796	-22.9	-41.8
24.57	-8.787	-13.4	-64.2
24.58	-8.777	-6.3	-69.1
24.59	-8.768	-1.8	-63.4
24.6	-8.758	0.4	-43.6
24.61	-8.748	0.5	18.0
24.62	-8.738	-1.0	96.9
24.63	-8.729	-4.1	134.4
24.64	-8.720	-8.6	106.3
24.65	-8.711	-14.2	61.1
24.66	-8.700	-20.5	61.6
24.67	-8.689	-26.8	77.7
24.68	-8.679	-32.6	81.5
24.69	-8.668	-36.9	112.5
24.7	-8.654	-39.6	127.8
24.71	-8.640	-40.6	-11.9
24.72	-8.627	-40.6	-319.4
24.73	-8.614	-39.9	-372.4
24.74	-8.602	-38.8	99.2
24.75	-8.592	-37.7	420.7
24.76	-8.584	-36.7	247.8
24.77	-8.577	-35.4	38.8
24.78	-8.567	-33.6	-16.0
24.79	-8.553	-31.3	19.9
24.8	-8.537	-28.6	76.8
24.81	-8.521	-25.9	77.9
24.82	-8.504	-23.3	34.1
24.83	-8.488	-20.4	0.7
24.84	-8.473	-15.3	-21.1
24.85	-8.459	-4.4	-45.7
24.86	-8.449	16.2	-59.8
24.87	-8.439	49.1	-81.2
24.88	-8.431	92.3	-91.8
24.89	-8.424	137.7	-81.5
24.9	-8.418	173.7	-120.7
24.91	-8.412	190.7	-175.6
24.92	-8.409	183.4	-173.3
24.93	-8.407	153.5	-131.2
24.94	-8.408	109.1	-74.8
24.95	-8.409	59.6	-15.1
24.96	-8.411	11.9	46.1
24.97	-8.412	-29.8	70.5
24.98	-8.414	-63.7	64.7
24.99	-8.416	-88.8	62.0
25.0	-8.414	-105.3	43.9
25.01	-8.412	-114.1	32.0
25.02	-8.411	-116.6	35.0
25.03	-8.410	-114.0	38.2
25.04	-8.410	-107.3	61.8
25.05	-8.412	-97.4	98.5
25.06	-8.416	-85.4	80.3
25.07	-8.419	-72.1	20.6
25.08	-8.421	-58.4	2.7
25.09	-8.424	-45.3	10.2
25.1	-8.428	-33.3	-1.9
25.11	-8.431	-22.8	-36.2
25.12	-8.434	-13.9	-66.5
25.13	-8.438	-6.6	-54.8
25.14	-8.441	-1.2	-1.7
25.15	-8.446	1.5	16.9
25.16	-8.452	1.5	-11.1
25.17	-8.457	-1.0	-0.6
25.18	-8.462	-5.5	34.2
25.19	-8.464	-11.2	59.4
25.2	-8.466	-17.6	79.9
25.21	-8.465	-23.8	80.2
25.22	-8.464	-29.2	88.1
25.23	-8.466	-33.3	96.6
25.24	-8.467	-36.1	120.2
25.25	-8.467	-38.0	153.3
25.26	-8.467	-39.3	78.7
25.27	-8.471	-40.1	-214.3
25.28	-8.478	-40.2	-494.7
25.29	-8.489	-39.7	-213.8
25.3	-8.500	-38.7	353.1
25.31	-8.511	-37.3	423.3
25.32	-8.521	-35.5	160.3
25.33	-8.530	-33.4	21.5
25.34	-8.534	-30.8	21.9
25.35	-8.533	-28.3	45.4
25.36	-8.527	-26.0	37.5
25.37	-8.520	-23.8	9.9
25.38	-8.514	-21.5	-2.9
25.39	-8.512	-17.4	-10.7
25.4	-8.512	-8.6	-30.3
25.41	-8.515	8.3	-10.2
25.42	-8.519	36.1	-20.9
25.43	-8.523	75.2	-96.9
25.44	-8.527	120.4	-146.4
25.45	-8.532	161.2	-178.8
25.46	-8.537	187.3	-173.6
25.47	-8.542	191.6	-137.2
25.48	-8.547	172.0	-99.1
25.49	-8.555	133.9	-54.0
25.5	-8.566	85.9	-51.5
25.51	-8.581	35.7	-56.9
25.52	-8.597	-11.3	-17.2
25.53	-8.615	-51.1	32.2
25.54	-8.636	-81.2	49.3
25.55	-8.656	-101.1	63.9
25.56	-8.675	-111.9	103.3
25.57	-8.693	-115.3	93.1
25.58	-8.711	-113.6	50.4
25.59	-8.731	-109.0	50.7
25.6	-8.753	-102.3	52.6
25.61	-8.777	-93.3	12.7
25.62	-8.804	-81.8	6.8
25.63	-8.834	-68.7	52.3
25.64	-8.866	-55.1	50.0
25.65	-8.900	-41.6	4.4
25.66	-8.937	-28.8	-23.9
25.67	-8.976	-17.9	-58.6
25.68	-9.016	-9.8	-75.3
25.69	-9.054	-4.6	-63.0
25.7	-9.091	-1.6	-49.4
25.71	-9.126	-0.4	-12.2
25.72	-9.160	-1.1	54.8
25.73	-9.194	-4.1	74.7
25.74	-9.229	-8.7	43.3
25.75	-9.265	-14.4	50.7
25.76	-9.300	-20.5	87.3
25.77	-9.335	-26.3	101.0
25.78	-9.371	-31.1	98.8
25.79	-9.406	-34.6	112.9
25.8	-9.439	-37.2	139.6
25.81	-9.472	-39.2	109.2
25.82	-9.504	-40.6	-111.5
25.83	-9.536	-41.3	-468.9
25.84	-9.566	-41.1	-393.5
25.85	-9.595	-39.9	167.1
25.86	-9.626	-37.7	425.1
25.87	-9.658	-35.1	265.2
25.88	-9.689	-32.6	94.8
25.89	-9.719	-30.4	18.2
25.9	-9.746	-28.7	8.5
25.91	-9.768	-27.2	19.1
25.92	-9.788	-25.7	23.0
25.93	-9.808	-24.0	9.1
25.94	-9.828	-21.2	4.1
25.95	-9.850	-15.4	5.3
25.96	-9.874	-3.8	-23.2
25.97	-9.899	16.8	-65.0
25.98	-9.925	48.6	-112.9
25.99	-9.952	90.2	-148.0
26.0	-9.979	134.1	-170.4
26.01	-10.008	169.4	-178.8
26.02	-10.035	187.2	-144.4
26.03	-10.063	182.3	-104.3
26.04	-10.088	155.4	-81.5
26.05	-10.115	113.4	-74.4
26.06	-10.143	64.8	-58.5
26.07	-10.171	16.4	-21.6
26.08	-10.198	-27.4	2.7
26.09	-10.226	-63.7	25.7
26.1	-10.256	-90.4	46.2
26.11	-10.284	-106.9	65.6
26.12	-10.313	-114.3	111.9
26.13	-10.340	-114.9	129.0
26.14	-10.367	-111.0	81.0
26.15	-10.392	-104.4	28.3
26.16	-10.416	-96.0	7.5
26.17	-10.441	-85.8	-1.6
26.18	-10.465	-74.1	4.5
26.19	-10.490	-61.3	8.3
26.2	-10.515	-47.9	-5.8
26.21	-10.541	-34.7	3.0
26.22	-10.569	-22.5	11.0
26.23	-10.596	-12.1	-20.6
26.24	-10.621	-4.1	-57.3
26.25	-10.643	1.0	-65.0
26.26	-10.662	3.1	-26.3
26.27	-10.681	2.4	14.8
26.28	-10.700	-0.6	41.5
26.29	-10.719	-4.9	65.8
26.3	-10.739	-9.8	87.4
26.31	-10.758	-15.1	111.3
26.32	-10.778	-20.7	116.1
26.33	-10.799	-26.2	97.7
26.34	-10.818	-31.2	86.7
26.35	-10.834	-35.5	80.2
26.36	-10.851	-38.8	-3.1
26.37	-10.866	-41.1	-269.4
26.38	-10.880	-41.8	-512.4
26.39	-10.893	-40.8	-219.9
26.4	-10.908	-38.5	357.7
26.41	-10.926	-35.9	451.5
26.42	-10.946	-33.6	171.8
26.43	-10.962	-31.9	-0.8
26.44	-10.974	-30.6	-14.6
26.45	-10.982	-29.6	6.7
26.46	-10.989	-28.3	7.8
26.47	-10.997	-26.6	12.1
26.48	-11.006	-24.2	35.7
26.49	-11.016	-20.3	50.2
26.5	-11.028	-13.2	24.0
26.51	-11.039	0.3	-44.0
26.52	-11.051	23.2	-96.5
26.53	-11.064	57.7	-112.6
26.54	-11.078	100.8	-130.5
26.55	-11.092	144.0	-164.6
26.56	-11.109	176.4	-170.6
26.57	-11.126	189.8	-113.8
26.58	-11.143	179.8	-90.9
26.59	-11.158	148.9	-111.0
26.6	-11.174	105.1	-75.3
26.61	-11.190	56.0	-15.4
26.62	-11.203	8.0	15.3
26.63	-11.215	-34.4	26.5
26.64	-11.228	-68.4	37.4
26.65	-11.242	-92.5	75.8
26.66	-11.256	-107.0	133.2
26.67	-11.269	-113.7	115.0
26.68	-11.281	-114.7	48.6
26.69	-11.293	-111.4	25.6
26.7	-11.303	-104.8	24.4
26.71	-11.313	-95.6	27.2
26.72	-11.322	-84.2	27.8
26.73	-11.330	-70.9	15.9
26.74	-11.339	-56.5	23.8
26.75	-11.349	-42.2	11.3
26.76	-11.361	-29.0	-27.8
26.77	-11.371	-17.7	-57.2
26.78	-11.381	-8.5	-69.4
26.79	-11.387	-1.8	-40.0
26.8	-11.391	2.4	0.0
26.81	-11.394	4.3	28.3
26.82	-11.399	3.9	68.4
26.83	-11.405	1.2	107.7
26.84	-11.411	-3.7	93.6
26.85	-11.415	-10.1	59.2
26.86	-11.419	-17.4	61.8
26.87	-11.424	-24.7	76.0
26.88	-11.428	-31.0	98.8
26.89	-11.430	-35.7	95.7
26.9	-11.432	-38.8	-5.6
26.91	-11.433	-40.6	-290.8
26.92	-11.432	-41.3	-467.3
26.93	-11.431	-40.9	-84.8
26.94	-11.434	-39.9	347.0
26.95	-11.440	-38.4	289.6
26.96	-11.446	-36.9	80.9
26.97	-11.449	-35.3	0.6
26.98	-11.448	-33.5	13.7
26.99	-11.441	-31.2	30.7
27.0	-11.428	-28.7	45.9
27.01	-11.413	-25.9	61.9
27.02	-11.396	-22.8	54.7
27.03	-11.380	-18.7	24.7
27.04	-11.366	-11.4	-25.4
27.05	-11.355	2.4	-65.9
27.06	-11.348	26.3	-83.0
27.07	-11.344	61.6	-102.3
27.08	-11.340	104.7	-135.2
27.09	-11.336	147.1	-159.5
27.1	-11.330	178.6	-134.1
27.11	-11.323	190.5	-98.0
27.12	-11.314	178.2	-104.3
27.13	-11.303	145.4	-86.3
27.14	-11.293	100.5	-47.5
27.15	-11.285	51.9	-25.1
27.16	-11.279	5.7	17.9
27.17	-11.276	-34.1	63.8
27.18	-11.274	-65.6	93.8
27.19	-11.271	-88.5	87.2
27.2	-11.264	-103.5	73.1
27.21	-11.256	-112.4	82.0
27.22	-11.243	-116.5	61.6
27.23	-11.227	-115.4	44.4
27.24	-11.210	-109.0	63.7
27.25	-11.191	-98.3	58.2
27.26	-11.172	-85.0	59.6
27.27	-11.153	-70.7	69.2
27.28	-11.135	-56.5	23.6
27.29	-11.119	-42.8	-25.7
27.3	-11.106	-30.2	-37.1
27.31	-11.093	-18.8	-40.8
27.32	-11.079	-9.0	-40.5
27.33	-11.061	-1.6	-4.7
27.34	-11.039	2.9	38.0
27.35	-11.014	4.2	39.7
27.36	-10.988	2.5	38.8
27.37	-10.962	-1.7	60.1
27.38	-10.938	-7.4	73.3
27.39	-10.913	-13.7	67.9
27.4	-10.887	-19.9	98.8
27.41	-10.862	-25.6	139.7
27.42	-10.835	-30.8	119.9
27.43	-10.804	-35.2	102.2
27.44	-10.770	-38.7	74.6
27.45	-10.736	-41.1	-142.4
27.46	-10.699	-42.4	-451.6
27.47	-10.660	-42.5	-330.9
27.48	-10.624	-41.5	179.0
27.49	-10.592	-39.7	357.6
27.5	-10.564	-37.5	194.9
27.51	-10.535	-35.6	89.6
27.52	-10.501	-33.5	44.5
27.53	-10.463	-30.9	12.6
27.54	-10.421	-27.9	28.7
27.55	-10.376	-25.3	90.5
27.56	-10.331	-23.0	68.3
27.57	-10.286	-20.1	-11.3
27.58	-10.244	-14.7	-34.5
27.59	-10.204	-2.9	-40.6
27.6	-10.166	19.3	-60.8
27.61	-10.130	54.0	-83.8
27.62	-10.094	98.7	-77.8
27.63	-10.059	144.5	-83.3
27.64	-10.025	180.4	-123.3
27.65	-9.991	196.2	-144.8
27.66	-9.958	187.1	-141.6
27.67	-9.926	156.2	-118.0
27.68	-9.896	112.4	-73.7
27.69	-9.869	64.6	-23.3
27.7	-9.845	18.7	56.6
27.71	-9.821	-21.9	92.7
27.72	-9.796	-55.7	55.8
27.73	-9.771	-82.1	43.1
27.74	-9.744	-101.4	53.2
27.75	-9.717	-113.9	66.4
27.76	-9.691	-120.4	76.1
27.77	-9.665	-121.2	85.0
27.78	-9.641	-116.1	111.1
27.79	-9.618	-105.8	99.5
27.8	-9.596	-92.2	53.0
27.81	-9.572	-77.0	32.2
27.82	-9.549	-61.8	29.9
27.83	-9.524	-47.4	25.0
27.84	-9.499	-34.1	18.0
27.85	-9.474	-22.1	3.3
27.86	-9.451	-11.7	9.5
27.87	-9.429	-3.6	18.4
27.88	-9.409	1.7	0.1
27.89	-9.388	3.7	-4.7
27.9	-9.367	2.3	-4.5
27.91	-9.346	-2.0	1.0
27.92	-9.324	-7.9	28.3
27.93	-9.304	-14.4	50.9
27.94	-9.284	-20.4	83.9
27.95	-9.266	-25.7	128.4
27.96	-9.246	-30.3	129.6
27.97	-9.226	-34.2	93.2
27.98	-9.206	-37.5	72.4
27.99	-9.186	-40.0	83.9
28.0	-9.163	-41.8	114.6
28.01	-9.141	-42.6	71.5
28.02	-9.122	-42.5	-180.4
28.03	-9.103	-41.5	-430.8
28.04	-9.085	-40.1	-196.2
28.05	-9.068	-38.3	283.1
28.06	-9.053	-36.3	369.6
28.07	-9.040	-34.3	166.2
28.08	-9.026	-32.4	35.2
28.09	-9.011	-30.6	22.6
28.1	-8.993	-28.8	40.6
28.11	-8.973	-26.6	25.7
28.12	-8.951	-24.0	27.9
28.13	-8.928	-20.9	54.1
28.14	-8.905	-16.4	35.9
28.15	-8.881	-7.8	-1.1
28.16	-8.860	8.4	-28.8
28.17	-8.839	35.5	-57.9
28.18	-8.821	74.3	-96.5
28.19	-8.804	119.7	-126.4
28.2	-8.791	162.1	-115.2
28.21	-8.778	190.1	-113.2
28.22	-8.766	195.5	-123.4
28.23	-8.755	176.1	-121.2
28.24	-8.744	137.5	-96.5
28.25	-8.733	89.0	-57.9
28.26	-8.723	38.7	-30.1
28.27	-8.712	-7.7	5.5
28.28	-8.701	-46.9	46.5
28.29	-8.691	-77.2	87.4
28.3	-8.679	-98.2	99.0
28.31	-8.666	-110.8	73.3
28.32	-8.651	-116.7	64.7
28.33	-8.636	-117.7	67.8
28.34	-8.621	-114.5	62.8
28.35	-8.606	-107.4	53.8
28.36	-8.590	-96.9	56.4
28.37	-8.576	-84.1	53.2
28.38	-8.563	-69.9	29.9
28.39	-8.551	-55.4	40.8
28.4	-8.541	-41.3	64.1
28.41	-8.531	-28.3	51.4
28.42	-8.521	-16.9	32.9
28.43	-8.511	-8.0	6.7
28.44	-8.499	-1.6	-2.8
28.45	-8.488	1.8	10.0
28.46	-8.477	2.1	-11.7
28.47	-8.467	-0.2	-20.2
28.48	-8.458	-4.6	-11.8
28.49	-8.449	-10.5	-15.2
28.5	-8.438	-17.1	23.8
28.51	-8.428	-23.7	50.3
28.52	-8.417	-29.5	44.3
28.53	-8.407	-34.0	47.0
28.54	-8.397	-36.8	58.6
28.55	-8.388	-38.2	103.4
28.56	-8.379	-38.6	135.4
28.57	-8.371	-38.5	114.4
28.58	-8.361	-38.1	104.7
28.59	-8.351	-37.8	112.1
28.6	-8.341	-37.9	15.2
28.61	-8.334	-38.1	-301.8
28.62	-8.327	-37.9	-512.7
28.63	-8.321	-36.9	-145.6
28.64	-8.318	-35.2	362.9
28.65	-8.314	-33.0	395.1
28.66	-8.311	-30.7	163.1
28.67	-8.307	-28.6	21.0
28.68	-8.299	-26.7	9.5
28.69	-8.287	-25.0	38.4
28.7	-8.273	-23.4	39.3
28.71	-8.258	-21.3	23.3
28.72	-8.242	-18.1	21.7
28.73	-8.228	-11.7	9.3
28.74	-8.216	1.3	-10.7
28.75	-8.205	24.9	-48.5
28.76	-8.196	61.1	-77.2
28.77	-8.188	107.2	-85.7
28.78	-8.182	153.8	-116.2
28.79	-8.178	187.6	-136.6
28.8	-8.176	200.6	-144.3
28.81	-8.175	192.4	-124.9
28.82	-8.174	162.7	-74.8
28.83	-8.174	116.9	-66.3
28.84	-8.175	65.1	-76.0
28.85	-8.176	14.4	-50.0
28.86	-8.175	-30.8	-4.4
28.87	-8.175	-67.1	30.9
28.88	-8.176	-92.6	50.3
28.89	-8.176	-107.3	90.7
28.9	-8.177	-113.4	145.8
28.91	-8.178	-114.2	116.4
28.92	-8.179	-112.4	47.4
28.93	-8.180	-108.2	36.2
28.94	-8.181	-101.2	28.1
28.95	-8.183	-91.1	27.6
28.96	-8.186	-78.5	63.4
28.97	-8.190	-64.7	50.8
28.98	-8.195	-50.9	20.2
28.99	-8.201	-37.8	23.2
29.0	-8.206	-26.0	22.2
29.01	-8.211	-16.1	28.1
29.02	-8.216	-8.2	30.9
29.03	-8.222	-2.6	-10.8
29.04	-8.228	0.5	-62.7
29.05	-8.233	0.7	-48.1
29.06	-8.239	-2.0	-1.7
29.07	-8.246	-6.8	-17.8
29.08	-8.251	-12.9	-36.5
29.09	-8.258	-19.8	10.7
29.1	-8.265	-26.1	40.7
29.11	-8.273	-30.8	34.0
29.12	-8.278	-33.5	87.1
29.13	-8.283	-35.2	157.4
29.14	-8.286	-36.8	127.4
29.15	-8.291	-38.4	55.9
29.16	-8.294	-39.6	55.6
29.17	-8.297	-40.2	102.3
29.18	-8.299	-39.8	101.5
29.19	-8.306	-38.7	-60.5
29.2	-8.316	-37.3	-392.7
29.21	-8.332	-36.1	-376.4
29.22	-8.349	-35.4	145.4
29.23	-8.367	-34.8	399.2
29.24	-8.384	-33.9	197.5
29.25	-8.399	-32.1	48.2
29.26	-8.409	-29.2	75.5
29.27	-8.412	-25.7	101.0
29.28	-8.407	-22.1	61.9
29.29	-8.396	-19.2	4.8
29.3	-8.383	-17.5	-39.8
29.31	-8.373	-15.5	-76.2
29.32	-8.366	-9.5	-60.6
29.33	-8.362	4.6	-34.8
29.34	-8.362	30.2	-23.7
29.35	-8.363	68.0	-25.0
29.36	-8.366	113.9	-87.5
29.37	-8.369	158.1	-137.1
29.38	-8.373	188.9	-141.2
29.39	-8.376	198.1	-154.3
29.4	-8.380	183.1	-179.8
29.41	-8.384	147.2	-171.8
29.42	-8.388	99.2	-102.2
29.43	-8.394	48.6	-53.3
29.44	-8.402	1.7	-11.7
29.45	-8.412	-38.3	42.3
29.46	-8.424	-69.3	50.6
29.47	-8.438	-90.9	70.1
29.48	-8.452	-103.4	99.7
29.49	-8.463	-108.9	82.8
29.5	-8.469	-110.8	49.3
29.51	-8.473	-109.9	33.1
29.52	-8.474	-105.3	28.3
29.53	-8.473	-96.8	33.7
29.54	-8.475	-85.6	78.3
29.55	-8.478	-73.3	65.7
29.56	-8.482	-60.4	-11.9
29.57	-8.486	-48.0	-19.0
29.58	-8.491	-36.2	-2.8
29.59	-8.500	-25.3	33.3
29.6	-8.513	-15.9	60.2
29.61	-8.529	-8.4	-15.5
29.62	-8.550	-2.6	-76.4
29.63	-8.575	0.3	-53.3
29.64	-8.601	-0.2	-22.3
29.65	-8.626	-3.5	-38.6
29.66	-8.651	-8.4	-36.6
29.67	-8.675	-14.2	40.2
29.68	-8.699	-20.3	68.3
29.69	-8.721	-25.7	41.8
29.7	-8.739	-29.8	84.2
29.71	-8.756	-33.1	108.7
29.72	-8.769	-35.6	82.4
29.73	-8.783	-37.3	100.6
29.74	-8.793	-38.2	123.2
29.75	-8.801	-38.6	118.4
29.76	-8.809	-38.6	47.3
29.77	-8.821	-38.3	-232.0
29.78	-8.835	-37.8	-508.0
29.79	-8.853	-36.8	-223.4
29.8	-8.871	-35.3	349.3
29.81	-8.888	-34.0	421.2
29.82	-8.904	-32.9	141.4
29.83	-8.921	-31.9	-2.8
29.84	-8.935	-30.5	18.8
29.85	-8.947	-28.5	62.3
29.86	-8.956	-26.1	77.6
29.87	-8.965	-23.5	57.9
29.88	-8.974	-20.5	1.3
29.89	-8.985	-16.2	-27.4
29.9	-8.996	-8.4	-48.2
29.91	-9.008	6.7	-85.9
29.92	-9.016	32.5	-88.8
29.93	-9.022	70.0	-90.4
29.94	-9.025	114.2	-97.7
29.95	-9.028	155.5	-113.8
29.96	-9.033	183.5	-157.1
29.97	-9.039	190.1	-168.0
29.98	-9.046	172.9	-140.1
29.99	-9.053	137.0	-114.5
30.0	-9.062	91.1	-74.5
30.01	-9.072	42.9	-15.3
30.02	-9.084	-1.8	10.2
30.03	-9.094	-39.8	8.8
30.04	-9.104	-68.5	49.2
30.05	-9.114	-86.9	97.9
30.06	-9.118	-96.8	91.3
30.07	-9.116	-101.2	84.8
30.08	-9.110	-101.9	84.7
30.09	-9.101	-100.3	43.7
30.1	-9.092	-96.8	20.0
30.11	-9.086	-90.5	21.3
30.12	-9.083	-81.6	14.4
30.13	-9.082	-73.8	44.1
30.14	-9.084	-66.9	80.3
30.15	-9.087	-55.5	43.5
30.16	-9.091	-41.1	-21.8
30.17	-9.095	-28.9	-61.7
30.18	-9.098	-21.1	-86.3
30.19	-9.100	-16.4	-80.3
30.2	-9.102	-12.6	-58.1
30.21	-9.105	-10.3	-25.5
30.22	-9.109	-10.5	50.4
30.23	-9.114	-12.1	103.3
30.24	-9.121	-13.3	109.3
30.25	-9.125	-14.7	96.3
30.26	-9.127	-17.4	76.7
30.27	-9.129	-20.7	77.4
30.28	-9.127	-23.3	83.3
30.29	-9.129	-26.1	88.3
30.3	-9.130	-30.0	126.6
30.31	-9.130	-33.8	152.4
30.32	-9.131	-36.0	27.0
30.33	-9.139	-36.9	-312.2
30.34	-9.149	-37.1	-467.9
30.35	-9.161	-37.1	3.2
30.36	-9.171	-37.1	485.5
30.37	-9.178	-36.6	386.0
30.38	-9.179	-35.6	124.0
30.39	-9.178	-34.0	29.8
30.4	-9.175	-32.2	36.3
30.41	-9.169	-30.7	47.8
30.42	-9.158	-29.0	42.5
30.43	-9.142	-26.8	49.6
30.44	-9.124	-23.7	55.0
30.45	-9.107	-18.7	23.5
30.46	-9.092	-9.7	-13.1
30.47	-9.081	5.7	-16.8
30.48	-9.071	30.2	-42.2
30.49	-9.063	64.4	-96.3
30.5	-9.058	104.7	-142.6
30.51	-9.057	142.4	-175.7
30.52	-9.061	168.6	-177.2
30.53	-9.068	176.6	-157.6
30.54	-9.076	163.3	-129.6
30.55	-9.082	131.5	-98.2
30.56	-9.090	88.8	-64.1
30.57	-9.099	42.5	-11.3
30.58	-9.108	-2.3	47.2
30.59	-9.117	-41.5	72.8
30.6	-9.127	-72.3	79.8
30.61	-9.136	-93.5	92.6
30.62	-9.140	-105.4	90.1
30.63	-9.135	-110.0	57.7
30.64	-9.123	-110.1	10.0
30.65	-9.106	-107.4	12.9
30.66	-9.086	-102.6	63.1
30.67	-9.064	-94.6	83.4
30.68	-9.042	-84.1	74.3
30.69	-9.021	-72.3	47.9
30.7	-9.004	-58.9	11.2
30.71	-8.988	-45.1	-37.7
30.72	-8.972	-33.3	-88.0
30.73	-8.959	-23.4	-81.0
30.74	-8.950	-15.1	-70.2
30.75	-8.945	-10.3	-106.0
30.76	-8.941	-10.4	-74.8
30.77	-8.939	-13.7	17.7
30.78	-8.938	-19.1	74.5
30.79	-8.933	-28.6	100.0
30.8	-8.922	-40.8	93.3
30.81	-8.905	-48.4	61.0
30.82	-8.884	-49.5	55.8
30.83	-8.861	-49.1	64.2
30.84	-8.834	-48.9	68.9
30.85	-8.799	-48.2	108.2
30.86	-8.761	-47.4	94.0
30.87	-8.729	-46.4	-167.9
30.88	-8.709	-44.7	-525.7
30.89	-8.700	-41.7	-370.8
30.9	-8.699	-37.9	227.1
30.91	-8.702	-33.4	438.4
30.92	-8.704	-28.9	210.5
30.93	-8.706	-28.1	13.2
30.94	-8.706	-33.3	-20.5
30.95	-8.700	-42.0	4.0
30.96	-8.679	-50.7	-42.3
30.97	-8.641	-56.0	-88.2
30.98	-8.600	-54.6	-50.8
30.99	-8.568	-48.4	-28.0
31.0	-8.553	-43.6	-63.3
31.01	-8.553	-40.2	-116.3
31.02	-8.563	-33.3	-158.1
31.03	-8.576	-25.2	-146.1
31.04	-8.588	-15.4	-128.3
31.05	-8.603	5.5	-174.0
31.06	-8.623	37.0	-186.4
31.07	-8.647	66.5	-131.0
31.08	-8.669	81.8	-150.9
31.09	-8.691	77.9	-176.0
31.1	-8.711	57.5	-173.4
31.11	-8.729	26.0	-185.7
31.12	-8.740	-9.4	-103.1
31.13	-8.746	-40.8	-2.9
31.14	-8.750	-63.0	39.3
31.15	-8.756	-74.4	31.0
31.16	-8.764	-76.0	-4.0
31.17	-8.778	-70.5	70.5
31.18	-8.797	-62.9	131.2
31.19	-8.819	-58.3	41.6
31.2	-8.841	-58.9	-12.7
31.21	-8.861	-62.9	-31.1
31.22	-8.873	-66.6	-48.7
31.23	-8.876	-65.9	-74.8
31.24	-8.867	-59.7	-125.1
31.25	-8.854	-47.1	-80.8
31.26	-8.841	-25.4	-50.7
31.27	-8.828	-0.5	-104.4
31.28	-8.816	20.6	-104.6
31.29	-8.804	34.5	-150.8
31.3	-8.793	35.8	-270.7
31.31	-8.781	40.3	-316.8
31.32	-8.763	74.1	-294.3
31.33	-8.747	114.9	-235.3
31.34	-8.736	107.5	-169.7
31.35	-8.734	47.3	-142.3
31.36	-8.738	-26.1	-241.3
31.37	-8.741	-88.9	-294.9
31.38	-8.742	-127.3	-222.9
31.39	-8.741	-121.8	-303.5
31.4	-8.744	-69.4	-590.6
31.41	-8.752	-13.3	-759.5
31.42	-8.762	12.6	-358.5
31.43	-8.769	27.2	154.1
31.44	-8.778	28.7	195.6
31.45	-8.796	3.6	60.9
31.46	-8.822	-45.6	-54.6
31.47	-8.851	-72.2	-116.2
31.48	-8.872	-1.9	-164.2
31.49	-8.876	82.1	-169.1
31.5	-8.864	82.6	-112.4
31.51	-8.836	50.5	-29.7
31.52	-8.797	28.4	31.5
31.53	-8.749	17.1	-19.6
31.54	-8.696	13.3	-34.0
31.55	-8.646	11.0	-0.2
31.56	-8.604	3.4	-110.3
31.57	-8.568	-3.9	-306.1
31.58	-8.534	-4.8	-277.9
31.59	-8.501	-3.3	-118.8
31.6	-8.468	-1.7	-35.2
31.61	-8.427	-2.4	56.5
31.62	-8.377	-7.8	8.8
31.63	-8.333	-11.9	-90.5
31.64	-8.301	-9.8	4.3
31.65	-8.276	-8.4	54.9
31.66	-8.255	-11.2	54.7
31.67	-8.244	-14.0	107.5
31.68	-8.248	-16.3	119.1
31.69	-8.264	-16.4	118.1
31.7	-8.280	-12.7	72.2
31.71	-8.287	-9.1	77.3
31.72	-8.284	-10.1	83.2
31.73	-8.277	-14.0	-3.1
31.74	-8.270	-16.4	-6.5
31.75	-8.271	-16.6	-6.1
31.76	-8.286	-16.7	-80.0
31.77	-8.314	-17.1	-56.8
31.78	-8.348	-16.6	-50.5
31.79	-8.377	-15.5	-88.1
31.8	-8.402	-14.5	-26.9
31.81	-8.423	-13.9	36.6
31.82	-8.439	-13.6	74.1
31.83	-8.451	-13.2	53.8
31.84	-8.460	-12.8	59.4
31.85	-8.467	-12.1	89.1
31.86	-8.474	-11.5	67.4
31.87	-8.482	-10.3	104.4
31.88	-8.489	-8.3	141.7
31.89	-8.493	-7.3	154.8
31.9	-8.499	-7.9	115.7
31.91	-8.514	-8.8	-218.5
31.92	-8.539	-9.2	-573.8
31.93	-8.562	-8.8	-266.9
31.94	-8.574	-8.8	296.5
31.95	-8.574	-10.6	361.3
31.96	-8.568	-12.8	146.8
31.97	-8.558	-13.8	1.0
31.98	-8.543	-12.9	-45.8
31.99	-8.523	-10.7	-0.9
32.0	-8.499	-9.6	-22.2
32.01	-8.474	-10.7	-104.9
32.02	-8.453	-11.8	-65.5
32.03	-8.437	-12.2	-51.8
32.04	-8.424	-12.5	-63.8
32.05	-8.416	-13.4	-52.7
32.06	-8.411	-13.9	-155.4
32.07	-8.411	-12.7	-240.7
32.08	-8.412	-10.5	-206.0
32.09	-8.416	-6.7	-198.1
32.1	-8.419	1.1	-253.3
32.11	-8.422	10.4	-296.8
32.12	-8.424	16.9	-252.9
32.13	-8.425	20.8	-150.7
32.14	-8.428	22.2	-131.4
32.15	-8.435	20.1	-131.1
32.16	-8.443	14.7	-68.6
32.17	-8.452	5.4	-43.3
32.18	-8.462	-10.5	-27.7
32.19	-8.471	-31.5	33.0
32.2	-8.474	-49.8	32.8
32.21	-8.473	-58.8	-15.1
32.22	-8.469	-58.3	-29.5
32.23	-8.465	-52.3	-33.4
32.24	-8.461	-43.0	-32.6
32.25	-8.457	-27.4	-97.8
32.26	-8.456	-12.5	-205.7
32.27	-8.459	-7.9	-176.7
32.28	-8.468	-9.6	-126.4
32.29	-8.479	-11.4	-139.0
32.3	-8.491	-11.8	-82.4
32.31	-8.502	-11.3	-30.3
32.32	-8.512	-11.2	-6.8
32.33	-8.519	-12.5	21.2
32.34	-8.523	-14.7	34.8
32.35	-8.525	-15.3	48.9
32.36	-8.531	-13.7	32.0
32.37	-8.540	-12.3	30.4
32.38	-8.548	-11.4	42.3
32.39	-8.551	-10.7	108.4
32.4	-8.554	-10.1	110.1
32.41	-8.564	-10.0	-280.3
32.42	-8.582	-10.9	-596.3
32.43	-8.601	-11.3	-213.3
32.44	-8.618	-10.9	346.0
32.45	-8.631	-11.3	430.3
32.46	-8.641	-12.1	167.7
32.47	-8.649	-12.8	-48.7
32.48	-8.658	-13.1	-38.4
32.49	-8.663	-12.7	13.0
32.5	-8.662	-11.7	1.1
32.51	-8.658	-10.6	-63.7
32.52	-8.655	-10.0	-79.2
32.53	-8.659	-9.9	-62.6
32.54	-8.668	-10.3	-117.9
32.55	-8.681	-11.4	-199.5
32.56	-8.699	-12.8	-222.7
32.57	-8.721	-13.6	-178.3
32.58	-8.746	-12.7	-185.5
32.59	-8.774	-10.9	-203.0
32.6	-8.806	-9.5	-209.3
32.61	-8.839	-9.2	-177.9
32.62	-8.871	-9.9	-143.3
32.63	-8.905	-10.7	-148.9
32.64	-8.940	-11.5	-181.8
32.65	-8.975	-12.4	-145.2
32.66	-9.009	-13.1	-84.7
32.67	-9.046	-13.2	-67.6
32.68	-9.086	-13.0	38.6
32.69	-9.127	-12.7	80.0
32.7	-9.167	-12.7	29.4
32.71	-9.203	-12.8	-1.9
32.72	-9.236	-13.0	-38.9
32.73	-9.267	-13.4	-61.6
32.74	-9.296	-13.3	-126.1
32.75	-9.325	-12.0	-169.2
32.76	-9.354	-11.1	-142.6
32.77	-9.384	-11.7	-153.3
32.78	-9.414	-11.6	-147.5
32.79	-9.443	-10.9	-98.8
32.8	-9.471	-10.5	-103.4
32.81	-9.498	-9.9	-32.7
32.82	-9.526	-9.6	43.6
32.83	-9.551	-10.0	27.4
32.84	-9.576	-10.6	93.7
32.85	-9.604	-11.3	115.2
32.86	-9.635	-12.3	33.9
32.87	-9.668	-12.8	51.1
32.88	-9.698	-12.0	102.2
32.89	-9.723	-11.3	74.7
32.9	-9.746	-11.7	-140.9
32.91	-9.768	-12.5	-521.0
32.92	-9.789	-12.6	-454.3
32.93	-9.813	-11.9	169.8
32.94	-9.841	-11.2	562.0
32.95	-9.872	-11.0	397.8
32.96	-9.906	-12.1	100.0
32.97	-9.938	-12.9	-33.2
32.98	-9.963	-12.2	-40.2
32.99	-9.981	-11.3	-6.0
33.0	-9.992	-10.9	8.1
33.01	-10.003	-11.2	14.8
33.02	-10.014	-12.6	-35.0
33.03	-10.028	-13.2	-117.2
33.04	-10.043	-11.6	-168.9
33.05	-10.060	-10.8	-199.5
33.06	-10.079	-12.0	-133.3
33.07	-10.099	-12.6	-147.6
33.08	-10.121	-11.8	-210.6
33.09	-10.141	-9.9	-203.2
33.1	-10.159	-8.0	-285.3
33.11	-10.174	-7.2	-258.0
33.12	-10.186	-8.1	-129.2
33.13	-10.198	-10.1	-111.8
33.14	-10.211	-11.4	-115.3
33.15	-10.222	-12.0	-121.5
33.16	-10.232	-12.5	-29.9
33.17	-10.243	-12.7	99.8
33.18	-10.254	-13.2	132.9
33.19	-10.262	-13.4	107.7
33.2	-10.266	-12.8	24.3
33.21	-10.268	-11.7	51.3
33.22	-10.264	-10.3	9.8
33.23	-10.258	-9.6	-117.5
33.24	-10.250	-10.1	-68.4
33.25	-10.241	-10.6	-131.4
33.26	-10.233	-10.7	-168.0
33.27	-10.224	-10.6	-46.3
33.28	-10.216	-10.8	-13.6
33.29	-10.206	-12.4	25.6
33.3	-10.193	-14.8	111.8
33.31	-10.175	-14.9	85.1
33.32	-10.151	-12.3	11.8
33.33	-10.121	-9.1	66.4
33.34	-10.087	-7.8	130.0
33.35	-10.050	-8.2	173.7
33.36	-10.010	-8.0	201.5
33.37	-9.964	-7.0	190.4
33.38	-9.914	-6.5	162.0
33.39	-9.866	-8.1	-78.7
33.4	-9.821	-11.6	-504.2
33.41	-9.778	-14.5	-440.1
33.42	-9.736	-16.2	171.9
33.43	-9.697	-17.5	481.7
33.44	-9.661	-18.7	335.1
33.45	-9.626	-19.6	139.1
33.46	-9.588	-19.5	53.5
33.47	-9.543	-17.6	60.5
33.48	-9.490	-15.0	71.6
33.49	-9.433	-12.2	56.1
33.5	-9.374	-9.6	32.8
33.51	-9.316	-9.5	0.5
33.52	-9.264	-12.0	-42.9
33.53	-9.218	-14.8	-52.0
33.54	-9.180	-17.1	-39.7
33.55	-9.150	-17.6	-51.9
33.56	-9.125	-15.8	-75.2
33.57	-9.102	-13.3	-113.8
33.58	-9.079	-12.0	-154.8
33.59	-9.056	-11.6	-156.4
33.6	-9.035	-11.8	-106.2
33.61	-9.018	-13.0	-72.9
33.62	-9.006	-15.3	-59.1
33.63	-8.998	-17.8	-35.6
33.64	-8.988	-19.8	1.0
33.65	-8.976	-20.9	64.3
33.66	-8.964	-20.3	118.0
33.67	-8.954	-18.6	150.6
33.68	-8.944	-17.5	151.0
33.69	-8.932	-17.2	124.4
33.7	-8.919	-16.2	72.5
33.71	-8.907	-14.8	39.3
33.72	-8.897	-13.8	34.2
33.73	-8.889	-16.0	9.7
33.74	-8.884	-5.7	-29.1
33.75	-8.876	5.8	-50.9
33.76	-8.864	-10.3	-54.1
33.77	-8.852	-25.9	-47.5
33.78	-8.845	-26.3	33.9
33.79	-8.844	-26.3	124.3
33.8	-8.846	-26.7	161.9
33.81	-8.848	-27.6	182.3
33.82	-8.848	-29.1	187.9
33.83	-8.850	-28.8	195.9
33.84	-8.854	-22.5	179.4
33.85	-8.860	-11.5	155.5
33.86	-8.864	-1.2	154.1
33.87	-8.866	4.5	77.2
33.88	-8.872	5.3	-169.3
33.89	-8.882	2.5	-413.4
33.9	-8.896	-3.6	-134.2
33.91	-8.915	-10.6	440.4
33.92	-8.936	-14.0	511.4
33.93	-8.958	-14.4	256.3
33.94	-8.982	-14.9	110.1
33.95	-9.008	-15.0	69.5
33.96	-9.027	-12.9	82.4
33.97	-9.041	-6.0	106.3
33.98	-9.056	1.9	87.7
33.99	-9.076	-2.2	36.5
34.0	-9.103	-12.5	31.2
34.01	-9.135	-17.2	20.4
34.02	-9.170	-18.4	-24.2
34.03	-9.206	-17.9	-40.3
34.04	-9.243	-16.3	-82.2
34.05	-9.281	-14.9	-142.9
34.06	-9.321	-13.8	-139.3
34.07	-9.360	-12.1	-126.4
34.08	-9.399	-10.5	-130.8
34.09	-9.439	-10.2	-96.8
34.1	-9.483	-10.1	-49.3
34.11	-9.529	-10.8	-9.7
34.12	-9.572	-12.9	33.9
34.13	-9.613	-14.1	76.7
34.14	-9.650	-13.1	130.0
34.15	-9.688	-11.4	150.3
34.16	-9.725	-10.7	110.7
34.17	-9.763	-12.6	69.4
34.18	-9.800	-15.3	58.7
34.19	-9.836	-16.2	79.6
34.2	-9.871	-16.1	89.8
34.21	-9.904	-15.4	26.5
34.22	-9.939	-14.4	-39.1
34.23	-9.975	-13.4	-34.0
34.24	-10.011	-11.8	-28.7
34.25	-10.046	-9.6	-30.8
34.26	-10.083	-7.4	13.7
34.27	-10.119	-6.2	64.2
34.28	-10.158	-6.3	91.3
34.29	-10.200	-7.4	148.0
34.3	-10.244	-9.3	188.7
34.31	-10.288	-11.1	175.6
34.32	-10.329	-12.0	154.6
34.33	-10.367	-12.3	146.4
34.34	-10.402	-12.1	185.0
34.35	-10.432	-11.6	235.4
34.36	-10.459	-10.6	183.0
34.37	-10.488	-9.2	-129.4
34.38	-10.517	-8.1	-452.6
34.39	-10.544	-7.8	-126.4
34.4	-10.573	-8.0	483.8
34.41	-10.605	-8.4	520.9
34.42	-10.640	-8.5	249.0
34.43	-10.673	-8.6	140.3
34.44	-10.701	-9.0	125.0
34.45	-10.720	-9.3	107.2
34.46	-10.734	-9.1	117.6
34.47	-10.748	-9.2	111.7
34.48	-10.761	-9.8	64.5
34.49	-10.773	-10.3	79.0
34.5	-10.784	-9.2	96.9
34.51	-10.793	-5.8	35.1
34.52	-10.801	0.0	-22.4
34.53	-10.806	11.1	-36.6
34.54	-10.811	30.3	-49.4
34.55	-10.815	56.2	-63.8
34.56	-10.818	84.8	-29.1
34.57	-10.818	109.2	-9.3
34.58	-10.814	121.1	-31.3
34.59	-10.806	115.4	-20.0
34.6	-10.794	93.0	27.8
34.61	-10.778	60.4	89.2
34.62	-10.754	25.9	136.8
34.63	-10.728	-5.3	164.2
34.64	-10.696	-30.8	194.8
34.65	-10.662	-49.6	209.1
34.66	-10.624	-61.5	200.4
34.67	-10.586	-68.1	198.3
34.68	-10.544	-71.2	197.8
34.69	-10.501	-72.1	151.3
34.7	-10.458	-70.5	84.2
34.71	-10.416	-66.1	48.5
34.72	-10.375	-59.3	57.6
34.73	-10.336	-50.5	80.8
34.74	-10.299	-41.5	83.8
34.75	-10.265	-34.1	118.2
34.76	-10.236	-28.3	186.3
34.77	-10.212	-22.7	205.3
34.78	-10.193	-17.1	169.6
34.79	-10.177	-12.2	179.3
34.8	-10.161	-8.1	226.8
34.81	-10.146	-4.7	237.4
34.82	-10.131	-2.5	234.6
34.83	-10.113	-1.9	279.6
34.84	-10.088	-2.4	350.5
34.85	-10.061	-3.5	243.4
34.86	-10.036	-4.5	-122.4
34.87	-10.011	-5.8	-322.9
34.88	-9.985	-8.9	67.7
34.89	-9.961	-13.9	554.4
34.9	-9.940	-19.5	543.0
34.91	-9.922	-23.6	299.1
34.92	-9.902	-25.6	172.2
34.93	-9.876	-25.9	170.1
34.94	-9.845	-25.1	235.7
34.95	-9.811	-24.1	261.5
34.96	-9.777	-23.2	190.5
34.97	-9.746	-21.8	132.6
34.98	-9.719	-19.2	127.8
34.99	-9.694	-14.5	124.7
35.0	-9.672	-6.2	109.3
35.01	-9.653	7.6	84.3
35.02	-9.636	27.0	25.2
35.03	-9.619	51.1	-33.5
35.04	-9.603	77.3	-45.3
35.05	-9.584	100.4	-9.2
35.06	-9.563	113.7	40.8
35.07	-9.539	112.7	20.6
35.08	-9.516	96.6	4.7
35.09	-9.496	68.9	52.9
35.1	-9.474	35.5	117.3
35.11	-9.452	2.0	165.7
35.12	-9.433	-28.6	211.7
35.13	-9.417	-54.5	233.2
35.14	-9.405	-74.3	207.4
35.15	-9.394	-87.2	184.8
35.16	-9.383	-93.0	174.9
35.17	-9.372	-92.8	178.0
35.18	-9.361	-88.7	171.1
35.19	-9.349	-82.5	141.3
35.2	-9.336	-74.6	94.9
35.21	-9.322	-64.8	41.3
35.22	-9.308	-54.2	15.5
35.23	-9.293	-44.0	31.5
35.24	-9.279	-34.8	84.8
