Interval=	0.01 s
ExcelDateTime=	3.9777678913085707e+004	25/11/2008 16:17:38.090605
TimeFormat=	StartOfBlock
ChannelTitle=	Channel 1	Channel 2	Channel 3
Range=	20.000 mV	200.0 mV	1000.0 µV
0.0	-9.973	-31.4	7.1
0.01	-10.007	-31.5	30.4
0.02	-10.041	-31.6	71.2
0.03	-10.074	-31.9	96.1
0.04	-10.108	-32.3	-20.1
0.05	-10.141	-32.8	-375.3
0.06	-10.172	-33.3	-660.9
0.07	-10.205	-33.5	-316.1
0.08	-10.239	-33.5	300.3
0.09	-10.273	-33.0	409.5
0.1	-10.305	-32.2	186.9
0.11	-10.333	-31.1	40.0
0.12	-10.358	-29.7	8.8
0.13	-10.381	-28.1	11.4
0.14	-10.404	-26.5	-1.4
0.15	-10.426	-24.6	-3.3
0.16	-10.448	-22.2	-9.9
0.17	-10.470	-17.5	-34.0
0.18	-10.494	-7.7	-48.5
0.19	-10.519	9.5	-69.4
0.2	-10.545	33.3	-112.7
0.21	-10.573	58.9	-152.0
0.22	-10.603	80.6	-168.6
0.23	-10.633	94.0	-186.5
0.24	-10.661	97.9	-213.5
0.25	-10.689	93.1	-217.8
0.26	-10.716	81.1	-201.8
0.27	-10.741	64.3	-166.5
0.28	-10.767	45.2	-120.0
0.29	-10.794	25.6	-86.5
0.3	-10.820	7.1	-37.8
0.31	-10.845	-9.3	12.7
0.32	-10.871	-22.8	23.0
0.33	-10.897	-33.2	28.3
0.34	-10.922	-41.1	31.5
0.35	-10.946	-46.9	16.7
0.36	-10.970	-51.4	20.4
0.37	-10.992	-55.4	33.3
0.38	-11.013	-58.8	26.7
0.39	-11.034	-60.6	10.1
0.4	-11.055	-59.9	1.7
0.41	-11.074	-56.1	-3.8
0.42	-11.091	-49.4	-5.3
0.43	-11.108	-40.5	-0.8
0.44	-11.124	-30.6	-10.1
0.45	-11.141	-20.9	-34.5
0.46	-11.158	-12.4	-44.3
0.47	-11.176	-5.7	-39.5
0.48	-11.194	-1.1	-64.4
0.49	-11.211	1.3	-82.3
0.5	-11.228	1.6	-57.9
0.51	-11.241	0.2	-51.9
0.52	-11.254	-2.5	-56.1
0.53	-11.264	-6.0	-44.5
0.54	-11.276	-9.8	-16.7
0.55	-11.286	-13.5	30.3
0.56	-11.296	-17.1	53.1
0.57	-11.304	-20.4	60.6
0.58	-11.311	-23.3	71.5
0.59	-11.320	-25.8	65.2
0.6	-11.329	-28.0	57.3
0.61	-11.338	-29.9	48.8
0.62	-11.344	-31.4	27.3
0.63	-11.348	-32.5	-77.8
0.64	-11.350	-33.4	-391.8
0.65	-11.349	-34.0	-624.9
0.66	-11.348	-34.2	-270.8
0.67	-11.348	-34.2	287.3
0.68	-11.349	-34.0	353.2
0.69	-11.351	-33.5	125.4
0.7	-11.347	-32.6	-1.7
0.71	-11.339	-31.6	-26.2
0.72	-11.326	-30.3	-3.1
0.73	-11.311	-28.7	18.4
0.74	-11.293	-27.0	6.8
0.75	-11.276	-24.8	-14.8
0.76	-11.260	-21.5	-37.8
0.77	-11.245	-15.1	-59.5
0.78	-11.233	-2.9	-84.1
0.79	-11.225	16.0	-115.7
0.8	-11.221	39.3	-154.0
0.81	-11.220	62.1	-188.5
0.82	-11.219	79.6	-200.4
0.83	-11.217	89.1	-203.4
0.84	-11.215	90.0	-201.3
0.85	-11.211	83.4	-178.7
0.86	-11.204	70.7	-149.6
0.87	-11.197	54.1	-108.5
0.88	-11.191	35.5	-69.5
0.89	-11.186	16.7	-46.5
0.9	-11.182	-0.6	-9.3
0.91	-11.179	-15.7	19.2
0.92	-11.179	-27.9	37.1
0.93	-11.178	-37.5	66.3
0.94	-11.175	-44.8	67.0
0.95	-11.171	-50.6	50.3
0.96	-11.163	-55.5	39.0
0.97	-11.153	-59.6	21.3
0.98	-11.140	-62.2	7.0
0.99	-11.124	-62.2	-0.1
1.0	-11.104	-59.2	4.3
1.01	-11.082	-53.2	8.2
1.02	-11.058	-44.9	-1.6
1.03	-11.035	-35.2	-11.2
1.04	-11.012	-25.3	-25.4
1.05	-10.989	-16.3	-38.1
1.06	-10.967	-8.9	-47.4
1.07	-10.945	-3.5	-66.3
1.08	-10.921	-0.2	-71.9
1.09	-10.891	1.0	-62.2
1.1	-10.856	0.3	-55.0
1.11	-10.816	-1.9	-28.5
1.12	-10.776	-4.9	14.6
1.13	-10.737	-8.6	39.3
1.14	-10.699	-12.4	51.8
1.15	-10.663	-16.3	59.2
1.16	-10.624	-20.1	59.0
1.17	-10.585	-23.5	62.0
1.18	-10.547	-26.6	73.2
1.19	-10.511	-29.3	74.6
1.2	-10.474	-31.4	69.6
1.21	-10.437	-33.0	18.7
1.22	-10.399	-34.2	-221.6
1.23	-10.360	-35.0	-557.7
1.24	-10.321	-35.4	-432.4
1.25	-10.282	-35.5	163.0
1.26	-10.246	-35.1	420.3
1.27	-10.211	-34.4	222.9
1.28	-10.176	-33.6	51.9
1.29	-10.140	-32.5	15.0
1.3	-10.102	-31.2	18.2
1.31	-10.061	-29.5	13.2
1.32	-10.018	-27.7	3.6
1.33	-9.975	-25.8	-0.2
1.34	-9.933	-23.3	-8.7
1.35	-9.892	-18.4	-25.8
1.36	-9.853	-8.2	-47.2
1.37	-9.816	8.9	-74.8
1.38	-9.783	31.5	-101.5
1.39	-9.751	55.1	-131.1
1.4	-9.721	74.6	-179.3
1.41	-9.693	86.4	-221.4
1.42	-9.666	89.3	-216.6
1.43	-9.638	84.1	-178.0
1.44	-9.609	72.3	-139.4
1.45	-9.581	55.9	-104.8
1.46	-9.556	37.4	-66.7
1.47	-9.533	18.6	-27.7
1.48	-9.509	1.1	4.8
1.49	-9.488	-14.2	24.7
1.5	-9.467	-26.8	38.8
1.51	-9.447	-36.9	58.9
1.52	-9.426	-44.8	76.5
1.53	-9.404	-51.1	62.0
1.54	-9.382	-56.4	45.5
1.55	-9.359	-60.8	46.6
1.56	-9.336	-63.5	25.0
1.57	-9.314	-63.6	6.4
1.58	-9.292	-60.5	16.8
1.59	-9.270	-54.4	29.1
1.6	-9.248	-45.9	24.9
1.61	-9.225	-36.3	10.8
1.62	-9.203	-26.5	-4.9
1.63	-9.181	-17.5	-4.1
1.64	-9.161	-10.1	-20.2
1.65	-9.143	-4.6	-64.3
1.66	-9.124	-1.2	-71.5
1.67	-9.104	0.1	-58.7
1.68	-9.082	-0.5	-33.8
1.69	-9.061	-2.4	9.6
1.7	-9.041	-5.3	42.9
1.71	-9.023	-8.7	58.6
1.72	-9.006	-12.4	62.8
1.73	-8.988	-16.0	77.1
1.74	-8.971	-19.5	78.3
1.75	-8.953	-22.6	79.0
1.76	-8.934	-25.6	107.8
1.77	-8.916	-28.4	114.2
1.78	-8.895	-30.8	115.9
1.79	-8.874	-32.8	72.6
1.8	-8.856	-34.4	-196.4
1.81	-8.838	-35.4	-540.2
1.82	-8.821	-36.0	-345.9
1.83	-8.806	-36.0	307.4
1.84	-8.791	-35.7	540.1
1.85	-8.778	-35.0	288.3
1.86	-8.763	-34.1	81.3
1.87	-8.746	-32.8	19.8
1.88	-8.727	-31.4	24.3
1.89	-8.704	-29.8	35.6
1.9	-8.680	-28.0	27.8
1.91	-8.655	-25.9	17.0
1.92	-8.633	-23.3	0.0
1.93	-8.613	-18.7	-27.2
1.94	-8.594	-9.6	-56.7
1.95	-8.580	6.0	-82.0
1.96	-8.569	27.3	-104.0
1.97	-8.560	50.5	-135.2
1.98	-8.550	70.4	-176.7
1.99	-8.539	83.2	-202.2
2.0	-8.526	87.4	-206.4
2.01	-8.513	83.3	-185.1
2.02	-8.499	72.5	-156.3
2.03	-8.487	57.0	-128.6
2.04	-8.477	38.9	-82.3
2.05	-8.466	20.2	-25.3
2.06	-8.456	2.4	23.6
2.07	-8.447	-13.5	46.3
2.08	-8.439	-26.9	62.2
2.09	-8.431	-37.7	72.6
2.1	-8.422	-46.2	66.3
2.11	-8.414	-53.0	60.3
2.12	-8.404	-58.7	58.7
2.13	-8.393	-63.1	57.6
2.14	-8.383	-65.7	43.3
2.15	-8.372	-65.5	21.6
2.16	-8.361	-62.1	14.3
2.17	-8.351	-55.7	20.5
2.18	-8.342	-46.8	29.7
2.19	-8.334	-36.5	25.8
2.2	-8.326	-26.1	17.6
2.21	-8.319	-16.5	3.5
2.22	-8.313	-8.6	-35.2
2.23	-8.306	-2.8	-71.5
2.24	-8.301	0.8	-76.8
2.25	-8.296	2.1	-56.0
2.26	-8.289	1.5	-17.7
2.27	-8.283	-0.7	29.3
2.28	-8.276	-3.8	71.0
2.29	-8.270	-7.6	87.8
2.3	-8.265	-11.5	90.2
2.31	-8.259	-15.4	88.6
2.32	-8.252	-19.2	76.0
2.33	-8.246	-22.7	78.3
2.34	-8.240	-25.9	103.5
2.35	-8.234	-28.8	128.2
2.36	-8.227	-31.3	146.0
2.37	-8.219	-33.4	72.9
2.38	-8.214	-35.0	-232.9
2.39	-8.213	-36.0	-531.6
2.4	-8.213	-36.5	-251.2
2.41	-8.213	-36.6	346.8
2.42	-8.215	-36.1	470.9
2.43	-8.216	-35.3	224.4
2.44	-8.214	-34.1	63.3
2.45	-8.211	-32.7	41.7
2.46	-8.204	-31.2	58.9
2.47	-8.194	-29.8	54.9
2.48	-8.184	-28.3	34.2
2.49	-8.173	-26.2	17.2
2.5	-8.164	-22.7	-1.8
2.51	-8.158	-15.3	-18.0
2.52	-8.152	-1.3	-18.4
2.53	-8.150	19.9	-49.0
2.54	-8.148	45.2	-104.9
2.55	-8.146	68.8	-135.3
2.56	-8.145	85.9	-155.4
2.57	-8.145	93.8	-175.1
2.58	-8.146	92.6	-167.7
2.59	-8.149	83.7	-131.7
2.6	-8.154	69.1	-101.4
2.61	-8.165	51.0	-77.0
2.62	-8.180	31.6	-38.4
2.63	-8.199	12.6	-0.6
2.64	-8.223	-4.9	31.9
2.65	-8.256	-19.9	53.9
2.66	-8.293	-32.1	67.8
2.67	-8.329	-41.7	76.4
2.68	-8.366	-49.1	65.4
2.69	-8.401	-54.9	60.9
2.7	-8.439	-59.6	65.8
2.71	-8.478	-63.0	49.3
2.72	-8.517	-64.5	38.9
2.73	-8.556	-63.3	36.0
2.74	-8.594	-59.1	32.1
2.75	-8.630	-52.0	40.5
2.76	-8.666	-42.8	28.3
2.77	-8.701	-32.8	5.6
2.78	-8.734	-23.0	-14.8
2.79	-8.769	-14.3	-45.8
2.8	-8.803	-7.1	-63.6
2.81	-8.837	-1.9	-63.3
2.82	-8.870	1.2	-49.5
2.83	-8.902	2.2	-13.3
2.84	-8.934	1.6	45.3
2.85	-8.964	-0.2	85.9
2.86	-8.994	-2.9	96.0
2.87	-9.021	-6.3	97.7
2.88	-9.046	-10.1	88.7
2.89	-9.071	-14.3	92.8
2.9	-9.096	-18.5	104.1
2.91	-9.124	-22.6	111.3
2.92	-9.150	-26.3	138.6
2.93	-9.176	-29.6	145.7
2.94	-9.202	-32.4	14.4
2.95	-9.229	-34.4	-358.9
2.96	-9.255	-35.8	-593.3
2.97	-9.281	-36.3	-135.4
2.98	-9.307	-36.2	462.6
2.99	-9.332	-35.6	454.5
3.0	-9.358	-34.7	185.3
3.01	-9.381	-33.5	74.6
3.02	-9.399	-32.1	66.2
3.03	-9.415	-30.6	62.3
3.04	-9.429	-29.1	45.4
3.05	-9.442	-27.6	16.7
3.06	-9.457	-25.8	7.4
3.07	-9.474	-22.6	7.4
3.08	-9.492	-15.4	-8.0
3.09	-9.512	-1.6	-24.7
3.1	-9.532	19.4	-62.2
3.11	-9.553	44.4	-109.5
3.12	-9.576	67.8	-145.3
3.13	-9.599	84.7	-167.8
3.14	-9.623	92.7	-182.3
3.15	-9.646	91.6	-184.2
3.16	-9.669	82.6	-146.9
3.17	-9.691	67.8	-95.6
3.18	-9.716	49.6	-61.0
3.19	-9.740	30.2	-26.1
3.2	-9.763	11.3	14.1
3.21	-9.785	-5.9	53.6
3.22	-9.808	-20.7	87.4
3.23	-9.831	-32.7	86.0
3.24	-9.851	-42.0	64.1
3.25	-9.870	-49.3	58.8
3.26	-9.886	-55.3	59.6
3.27	-9.899	-60.4	52.3
3.28	-9.914	-64.0	47.9
3.29	-9.928	-65.4	46.7
3.3	-9.942	-63.6	28.1
3.31	-9.956	-58.2	6.8
3.32	-9.971	-49.8	2.5
3.33	-9.987	-39.4	-12.5
3.34	-10.003	-28.5	-52.0
3.35	-10.018	-18.3	-71.3
3.36	-10.034	-9.9	-61.7
3.37	-10.047	-3.7	-48.0
3.38	-10.058	0.3	-23.0
3.39	-10.068	2.2	20.5
3.4	-10.079	2.4	61.3
3.41	-10.090	1.1	76.6
3.42	-10.101	-1.2	88.2
3.43	-10.111	-4.3	95.8
3.44	-10.121	-8.2	94.8
3.45	-10.131	-12.5	98.0
3.46	-10.140	-17.1	96.4
3.47	-10.149	-21.5	109.9
3.48	-10.156	-25.5	122.3
3.49	-10.162	-28.8	-5.7
3.5	-10.169	-31.4	-361.7
3.51	-10.174	-33.2	-561.3
3.52	-10.179	-34.2	-120.9
3.53	-10.184	-34.6	414.3
3.54	-10.191	-34.5	388.0
3.55	-10.196	-33.9	145.3
3.56	-10.194	-33.1	48.7
3.57	-10.184	-32.2	55.3
3.58	-10.165	-31.2	60.9
3.59	-10.140	-30.0	47.2
3.6	-10.112	-28.8	39.9
3.61	-10.081	-27.1	30.8
3.62	-10.049	-24.0	4.8
3.63	-10.015	-17.0	-38.5
3.64	-9.981	-3.3	-72.3
3.65	-9.947	17.6	-89.8
3.66	-9.915	42.6	-104.5
3.67	-9.884	66.2	-133.2
3.68	-9.854	83.5	-164.1
3.69	-9.822	92.0	-172.2
3.7	-9.789	91.4	-162.0
3.71	-9.754	83.0	-146.4
3.72	-9.718	68.7	-114.8
3.73	-9.684	50.7	-78.5
3.74	-9.652	31.2	-49.0
3.75	-9.619	12.2	1.8
3.76	-9.589	-5.1	41.7
3.77	-9.562	-19.9	64.2
3.78	-9.537	-31.8	87.1
3.79	-9.512	-41.2	93.1
3.8	-9.487	-48.4	83.6
3.81	-9.461	-54.3	70.4
3.82	-9.435	-59.3	61.8
3.83	-9.410	-63.1	43.6
3.84	-9.385	-64.4	23.8
3.85	-9.360	-62.5	11.5
3.86	-9.334	-57.1	8.6
3.87	-9.309	-48.7	8.8
3.88	-9.286	-38.4	-33.3
3.89	-9.262	-27.8	-88.7
3.9	-9.239	-18.0	-92.3
3.91	-9.215	-9.9	-61.3
3.92	-9.191	-3.8	-28.4
3.93	-9.169	0.3	10.3
3.94	-9.148	2.5	66.8
3.95	-9.128	3.0	105.4
3.96	-9.109	1.9	106.7
3.97	-9.089	-0.4	104.3
3.98	-9.068	-3.9	98.3
3.99	-9.048	-8.3	95.2
4.0	-9.029	-13.0	108.6
4.01	-9.010	-17.9	126.2
4.02	-8.989	-22.6	131.3
4.03	-8.970	-26.9	7.7
4.04	-8.952	-30.5	-358.4
4.05	-8.934	-33.4	-512.2
4.06	-8.916	-35.4	5.4
4.07	-8.900	-36.5	534.5
4.08	-8.888	-36.8	463.4
4.09	-8.881	-36.4	181.8
4.1	-8.875	-35.4	62.9
4.11	-8.864	-33.9	52.6
4.12	-8.848	-32.2	54.7
4.13	-8.825	-30.3	57.0
4.14	-8.799	-28.2	45.3
4.15	-8.773	-25.6	16.2
4.16	-8.750	-21.6	5.4
4.17	-8.731	-14.0	5.7
4.18	-8.716	-0.4	-31.0
4.19	-8.704	19.6	-75.1
4.2	-8.694	42.9	-112.5
4.21	-8.683	64.6	-149.4
4.22	-8.671	80.3	-163.8
4.23	-8.661	87.6	-176.1
4.24	-8.652	86.4	-172.5
4.25	-8.644	77.8	-138.0
4.26	-8.636	63.7	-94.1
4.27	-8.629	46.1	-55.7
4.28	-8.623	27.4	-13.5
4.29	-8.614	9.2	27.6
4.3	-8.607	-7.3	58.0
4.31	-8.603	-21.4	77.2
4.32	-8.598	-32.6	94.3
4.33	-8.591	-41.5	110.4
4.34	-8.586	-48.6	101.2
4.35	-8.579	-54.5	84.8
4.36	-8.571	-59.4	80.6
4.37	-8.563	-62.6	78.6
4.38	-8.556	-63.1	82.0
4.39	-8.551	-60.5	73.1
4.4	-8.546	-54.7	40.0
4.41	-8.543	-46.3	12.5
4.42	-8.541	-36.3	-17.6
4.43	-8.539	-26.1	-45.2
4.44	-8.538	-16.7	-25.0
4.45	-8.536	-9.0	-9.6
4.46	-8.533	-3.2	-7.9
4.47	-8.531	0.4	43.8
4.48	-8.528	2.1	95.9
4.49	-8.526	2.1	114.0
4.5	-8.523	0.6	116.3
4.51	-8.518	-2.1	123.0
4.52	-8.513	-5.8	147.1
4.53	-8.508	-10.0	160.6
4.54	-8.504	-14.7	163.5
4.55	-8.501	-19.4	173.2
4.56	-8.496	-24.0	185.2
4.57	-8.491	-28.2	128.4
4.58	-8.488	-31.7	-142.1
4.59	-8.488	-34.4	-475.8
4.6	-8.488	-36.1	-266.1
4.61	-8.489	-36.8	383.6
4.62	-8.492	-36.7	609.0
4.63	-8.494	-36.0	363.8
4.64	-8.495	-34.7	145.9
4.65	-8.493	-33.1	86.0
4.66	-8.488	-31.5	85.5
4.67	-8.482	-29.8	89.1
4.68	-8.476	-28.0	88.9
4.69	-8.469	-25.6	69.3
4.7	-8.464	-21.7	43.7
4.71	-8.464	-13.9	27.3
4.72	-8.468	0.4	16.3
4.73	-8.476	21.3	-18.5
4.74	-8.485	45.7	-66.8
4.75	-8.496	68.4	-89.9
4.76	-8.508	84.8	-111.1
4.77	-8.524	92.5	-144.4
4.78	-8.545	91.5	-143.0
4.79	-8.569	82.8	-104.9
4.8	-8.596	68.4	-88.7
4.81	-8.626	50.6	-71.6
4.82	-8.656	31.5	-10.4
4.83	-8.684	12.9	44.8
4.84	-8.713	-4.0	70.2
4.85	-8.746	-18.3	82.9
4.86	-8.781	-29.6	102.8
4.87	-8.816	-38.2	124.9
4.88	-8.851	-44.7	127.0
4.89	-8.885	-50.1	114.0
4.9	-8.919	-54.8	98.7
4.91	-8.953	-58.5	97.9
4.92	-8.986	-60.0	102.5
4.93	-9.020	-58.7	95.4
4.94	-9.054	-54.3	70.6
4.95	-9.088	-47.1	33.6
4.96	-9.121	-38.2	-1.3
4.97	-9.156	-28.6	-33.6
4.98	-9.193	-19.5	-40.5
4.99	-9.230	-11.7	-22.6
5.0	-9.269	-5.5	-6.2
5.01	-9.311	-1.1	30.5
5.02	-9.354	1.3	80.1
5.03	-9.398	1.8	106.6
5.04	-9.438	0.7	116.1
5.05	-9.476	-1.7	126.8
5.06	-9.511	-5.2	139.7
5.07	-9.545	-9.2	158.8
5.08	-9.578	-13.6	169.2
5.09	-9.609	-18.1	152.4
5.1	-9.638	-22.6	153.0
5.11	-9.664	-26.6	146.3
5.12	-9.691	-30.1	-38.9
5.13	-9.718	-33.0	-412.5
5.14	-9.745	-35.0	-460.0
5.15	-9.773	-36.1	106.1
5.16	-9.803	-36.2	535.8
5.17	-9.834	-35.5	386.7
5.18	-9.863	-34.2	139.8
5.19	-9.886	-32.5	61.4
5.2	-9.904	-30.7	58.2
5.21	-9.917	-29.0	60.1
5.22	-9.929	-27.5	63.1
5.23	-9.942	-26.1	67.2
5.24	-9.957	-23.8	54.9
5.25	-9.976	-18.8	32.4
5.26	-9.997	-8.1	17.3
5.27	-10.021	9.8	-11.9
5.28	-10.044	33.2	-75.3
5.29	-10.068	57.6	-126.5
5.3	-10.092	77.7	-140.1
5.31	-10.116	90.0	-146.5
5.32	-10.138	93.3	-146.5
5.33	-10.158	88.1	-133.8
5.34	-10.176	76.2	-121.0
5.35	-10.194	59.8	-87.2
5.36	-10.214	41.3	-30.1
5.37	-10.233	22.5	13.9
5.38	-10.253	4.8	32.7
5.39	-10.274	-10.6	50.3
5.4	-10.297	-23.5	69.9
5.41	-10.321	-33.8	68.2
5.42	-10.344	-41.9	73.4
5.43	-10.364	-48.5	92.9
5.44	-10.384	-54.3	86.0
5.45	-10.402	-58.9	63.0
5.46	-10.421	-61.3	48.4
5.47	-10.439	-60.6	45.5
5.48	-10.454	-56.5	43.0
5.49	-10.468	-49.4	20.3
5.5	-10.481	-40.2	-8.0
5.51	-10.493	-30.3	-49.1
5.52	-10.505	-20.7	-82.8
5.53	-10.518	-12.3	-62.5
5.54	-10.529	-5.7	-39.2
5.55	-10.538	-1.1	-25.9
5.56	-10.544	1.6	8.9
5.57	-10.551	2.5	46.4
5.58	-10.560	1.8	73.8
5.59	-10.569	-0.3	89.2
5.6	-10.576	-3.6	84.6
5.61	-10.583	-7.7	73.9
5.62	-10.589	-12.3	84.5
5.63	-10.596	-17.0	90.6
5.64	-10.603	-21.6	93.8
5.65	-10.607	-25.7	122.8
5.66	-10.610	-29.2	69.5
5.67	-10.613	-32.0	-209.6
5.68	-10.614	-34.1	-562.8
5.69	-10.614	-35.3	-414.6
5.7	-10.616	-35.8	187.2
5.71	-10.618	-35.7	422.9
5.72	-10.620	-35.1	228.8
5.73	-10.617	-33.9	73.3
5.74	-10.606	-32.3	34.2
5.75	-10.586	-30.5	33.8
5.76	-10.558	-28.5	38.0
5.77	-10.524	-26.6	27.1
5.78	-10.489	-24.5	9.7
5.79	-10.454	-20.9	-5.7
5.8	-10.421	-13.2	-23.9
5.81	-10.390	1.2	-46.6
5.82	-10.359	22.3	-76.5
5.83	-10.329	46.7	-110.6
5.84	-10.299	69.3	-151.8
5.85	-10.268	85.9	-179.6
5.86	-10.236	93.9	-186.2
5.87	-10.202	93.0	-185.5
5.88	-10.166	84.4	-170.6
5.89	-10.129	70.0	-150.7
5.9	-10.093	52.3	-111.6
5.91	-10.059	33.6	-58.9
5.92	-10.028	15.4	-10.1
5.93	-9.996	-1.1	24.4
5.94	-9.967	-15.0	34.6
5.95	-9.940	-26.2	42.8
5.96	-9.913	-35.0	51.6
5.97	-9.885	-42.2	60.8
5.98	-9.856	-48.4	58.1
5.99	-9.826	-54.0	33.0
6.0	-9.796	-58.4	18.7
6.01	-9.766	-60.5	25.9
6.02	-9.736	-59.4	28.5
6.03	-9.705	-55.0	13.0
6.04	-9.674	-47.7	-5.9
6.05	-9.643	-38.6	-15.3
6.06	-9.613	-29.0	-25.6
6.07	-9.585	-19.8	-50.6
6.08	-9.559	-11.9	-78.6
6.09	-9.534	-5.9	-78.4
6.1	-9.511	-2.0	-71.7
6.11	-9.486	-0.2	-71.7
6.12	-9.461	-0.1	-47.0
6.13	-9.435	-1.4	-8.9
6.14	-9.411	-3.9	21.0
6.15	-9.386	-7.2	43.3
6.16	-9.363	-11.0	52.1
6.17	-9.338	-15.0	62.4
6.18	-9.313	-19.0	66.1
6.19	-9.288	-22.8	57.0
6.2	-9.265	-26.3	65.0
6.21	-9.241	-29.4	101.5
6.22	-9.216	-32.0	105.1
6.23	-9.194	-34.1	-73.2
6.24	-9.174	-35.7	-462.3
6.25	-9.152	-36.8	-606.9
6.26	-9.132	-37.3	-95.6
6.27	-9.114	-37.0	442.7
6.28	-9.098	-36.2	403.3
6.29	-9.082	-35.0	153.3
6.3	-9.065	-33.3	41.3
6.31	-9.046	-31.3	18.0
6.32	-9.027	-29.2	9.3
6.33	-9.005	-27.0	0.7
6.34	-8.979	-24.7	-19.3
6.35	-8.953	-21.5	-39.3
6.36	-8.926	-15.3	-53.2
6.37	-8.902	-3.6	-75.8
6.38	-8.881	15.1	-100.8
6.39	-8.861	38.6	-123.5
6.4	-8.843	62.3	-155.5
6.41	-8.827	81.5	-193.0
6.42	-8.812	92.8	-209.0
6.43	-8.798	95.1	-209.4
6.44	-8.785	89.0	-217.5
6.45	-8.773	76.2	-224.5
6.46	-8.763	58.9	-186.5
6.47	-8.752	39.8	-120.3
6.48	-8.744	20.7	-79.7
6.49	-8.734	3.1	-42.2
6.5	-8.724	-12.1	-3.7
6.51	-8.717	-24.5	8.1
6.52	-8.713	-34.0	9.5
6.53	-8.706	-41.4	21.3
6.54	-8.699	-47.4	25.3
6.55	-8.692	-52.7	28.4
6.56	-8.686	-57.2	33.1
6.57	-8.681	-60.1	18.6
6.58	-8.676	-60.3	4.4
6.59	-8.672	-57.3	-6.1
6.6	-8.668	-51.5	-18.2
6.61	-8.665	-43.6	-26.3
6.62	-8.662	-34.8	-33.9
6.63	-8.659	-26.1	-38.7
6.64	-8.656	-18.2	-41.8
6.65	-8.654	-11.6	-22.8
6.66	-8.651	-6.7	1.6
6.67	-8.648	-3.6	4.3
6.68	-8.644	-2.5	-12.7
6.69	-8.643	-3.3	-58.3
6.7	-8.640	-5.6	-96.9
6.71	-8.639	-9.0	-102.3
6.72	-8.638	-13.1	-108.3
6.73	-8.636	-17.4	-101.2
6.74	-8.634	-21.4	-38.5
6.75	-8.633	-24.8	13.5
6.76	-8.632	-27.3	29.2
6.77	-8.631	-29.2	35.9
6.78	-8.628	-30.6	41.3
6.79	-8.624	-31.6	55.1
6.8	-8.622	-32.4	49.0
6.81	-8.620	-33.2	40.2
6.82	-8.619	-33.9	66.1
6.83	-8.616	-34.5	88.1
6.84	-8.614	-34.9	5.4
6.85	-8.617	-35.1	-293.2
6.86	-8.621	-35.1	-658.1
6.87	-8.626	-34.9	-481.4
6.88	-8.630	-34.4	169.8
6.89	-8.634	-33.6	419.3
6.9	-8.639	-32.6	219.1
6.91	-8.640	-31.4	41.6
6.92	-8.636	-30.0	-20.4
6.93	-8.629	-28.2	-19.4
6.94	-8.622	-26.1	-3.7
6.95	-8.615	-23.6	6.0
6.96	-8.608	-19.9	-6.9
6.97	-8.605	-12.5	-23.8
6.98	-8.606	1.5	-38.7
6.99	-8.609	23.1	-64.2
7.0	-8.614	49.3	-83.6
7.01	-8.620	74.5	-114.1
7.02	-8.627	93.7	-170.7
7.03	-8.636	103.7	-209.0
7.04	-8.648	104.0	-217.8
7.05	-8.664	95.5	-214.2
7.06	-8.683	80.3	-195.0
7.07	-8.706	61.0	-177.4
7.08	-8.731	40.3	-145.4
7.09	-8.761	20.3	-84.5
7.1	-8.791	2.4	-46.0
7.11	-8.820	-12.7	-23.6
7.12	-8.851	-24.4	-1.9
7.13	-8.885	-33.1	-3.2
7.14	-8.919	-39.5	-1.6
7.15	-8.950	-44.2	8.0
7.16	-8.980	-48.3	12.4
7.17	-9.010	-52.3	13.7
7.18	-9.039	-55.7	15.7
7.19	-9.070	-57.2	10.7
7.2	-9.102	-56.1	-10.5
7.21	-9.134	-52.2	-29.4
7.22	-9.166	-45.9	-29.3
7.23	-9.197	-38.3	-27.2
7.24	-9.228	-30.0	-26.8
7.25	-9.259	-22.1	-19.2
7.26	-9.290	-15.1	-14.3
7.27	-9.322	-9.5	-13.5
7.28	-9.355	-5.6	-8.4
7.29	-9.388	-3.4	-5.9
7.3	-9.421	-3.2	-18.4
7.31	-9.454	-4.7	-25.9
7.32	-9.488	-7.6	-38.3
7.33	-9.523	-11.5	-76.4
7.34	-9.559	-15.9	-105.5
7.35	-9.595	-20.4	-106.7
7.36	-9.631	-24.6	-95.2
7.37	-9.665	-28.1	-79.2
7.38	-9.697	-30.8	-42.8
7.39	-9.729	-32.6	0.2
7.4	-9.761	-33.6	22.2
7.41	-9.794	-33.9	22.4
7.42	-9.824	-33.6	11.4
7.43	-9.852	-33.2	16.0
7.44	-9.880	-32.9	40.0
7.45	-9.909	-32.7	49.4
7.46	-9.938	-32.6	45.7
7.47	-9.966	-32.8	56.0
7.48	-9.992	-33.3	6.6
7.49	-10.018	-33.8	-270.3
7.5	-10.043	-34.1	-659.8
7.51	-10.068	-34.0	-531.3
7.52	-10.094	-33.5	113.5
7.53	-10.121	-32.7	418.5
7.54	-10.147	-31.5	245.9
7.55	-10.170	-30.0	53.8
7.56	-10.189	-28.4	-1.8
7.57	-10.204	-26.7	3.3
7.58	-10.217	-25.0	-0.9
7.59	-10.229	-23.2	-16.1
7.6	-10.243	-21.0	-30.6
7.61	-10.258	-16.3	-41.0
7.62	-10.273	-6.3	-69.7
7.63	-10.291	11.1	-91.8
7.64	-10.311	35.0	-94.2
7.65	-10.332	60.7	-126.0
7.66	-10.353	82.8	-174.5
7.67	-10.375	97.3	-211.4
7.68	-10.394	102.4	-235.5
7.69	-10.413	98.4	-239.4
7.7	-10.432	86.8	-221.0
7.71	-10.449	69.7	-196.4
7.72	-10.467	49.8	-163.2
7.73	-10.487	29.5	-104.8
7.74	-10.508	10.3	-60.1
7.75	-10.526	-6.6	-36.0
7.76	-10.546	-20.5	-11.7
7.77	-10.567	-31.2	9.2
7.78	-10.588	-38.9	27.3
7.79	-10.609	-44.5	26.8
7.8	-10.629	-49.0	12.7
7.81	-10.645	-53.1	12.9
7.82	-10.659	-56.8	18.1
7.83	-10.672	-59.1	20.0
7.84	-10.683	-59.0	14.7
7.85	-10.693	-55.8	-2.7
7.86	-10.703	-49.9	-19.1
7.87	-10.713	-41.7	-27.9
7.88	-10.723	-32.4	-19.3
7.89	-10.733	-23.2	-16.8
7.9	-10.745	-14.9	-22.0
7.91	-10.757	-8.3	-1.7
7.92	-10.768	-3.7	8.4
7.93	-10.777	-1.2	-2.6
7.94	-10.785	-0.8	-6.9
7.95	-10.791	-2.1	-22.3
7.96	-10.797	-4.9	-56.8
7.97	-10.803	-8.6	-79.3
7.98	-10.808	-12.7	-82.6
7.99	-10.811	-17.0	-73.7
8.0	-10.810	-21.2	-55.6
8.01	-10.807	-25.1	-33.6
8.02	-10.803	-28.5	-10.4
8.03	-10.799	-31.2	9.2
8.04	-10.794	-33.1	22.5
8.05	-10.788	-34.4	32.8
8.06	-10.778	-35.2	44.9
8.07	-10.767	-35.5	55.4
8.08	-10.756	-35.9	55.2
8.09	-10.744	-36.3	52.5
8.1	-10.728	-36.4	62.4
8.11	-10.706	-36.2	40.1
8.12	-10.683	-35.6	-153.9
8.13	-10.658	-34.7	-541.8
8.14	-10.633	-34.1	-624.7
8.15	-10.606	-34.0	-84.7
8.16	-10.580	-33.4	374.3
8.17	-10.554	-32.5	291.7
8.18	-10.525	-31.3	78.2
8.19	-10.490	-29.7	-12.7
8.2	-10.449	-27.9	-16.6
8.21	-10.403	-25.9	15.7
8.22	-10.355	-23.8	15.9
8.23	-10.307	-21.5	-4.1
8.24	-10.262	-18.3	-16.3
8.25	-10.219	-11.9	-32.5
8.26	-10.179	0.1	-53.5
8.27	-10.142	18.9	-76.0
8.28	-10.106	42.4	-109.5
8.29	-10.072	66.0	-145.8
8.3	-10.040	85.0	-183.3
8.31	-10.009	96.2	-216.3
8.32	-9.978	98.6	-222.3
8.33	-9.946	92.7	-204.6
8.34	-9.912	80.2	-172.1
8.35	-9.879	63.1	-148.3
8.36	-9.847	43.7	-117.7
8.37	-9.818	24.2	-66.8
8.38	-9.789	5.9	-27.3
8.39	-9.760	-9.9	15.8
8.4	-9.732	-22.7	42.3
8.41	-9.706	-32.4	35.0
8.42	-9.679	-39.4	48.7
8.43	-9.651	-44.6	66.8
8.44	-9.622	-49.1	61.2
8.45	-9.592	-53.5	51.2
8.46	-9.563	-57.2	40.3
8.47	-9.534	-59.1	27.1
8.48	-9.506	-58.2	18.4
8.49	-9.480	-54.3	21.3
8.5	-9.454	-47.8	6.5
8.51	-9.429	-39.5	-17.3
8.52	-9.405	-30.4	-8.1
8.53	-9.382	-21.5	5.5
8.54	-9.360	-14.0	0.1
8.55	-9.339	-8.2	8.0
8.56	-9.318	-4.3	25.0
8.57	-9.298	-2.4	25.5
8.58	-9.279	-2.3	24.4
8.59	-9.259	-3.9	24.4
8.6	-9.236	-6.7	17.8
8.61	-9.212	-10.4	13.8
8.62	-9.189	-14.5	-7.8
8.63	-9.169	-18.7	-50.8
8.64	-9.152	-22.8	-72.7
8.65	-9.136	-26.6	-76.0
8.66	-9.118	-29.9	-76.0
8.67	-9.100	-32.3	-42.3
8.68	-9.082	-33.9	7.4
8.69	-9.064	-34.6	29.8
8.7	-9.048	-34.6	49.0
8.71	-9.033	-34.1	67.1
8.72	-9.015	-33.4	61.9
8.73	-8.996	-32.5	58.7
8.74	-8.978	-31.9	64.2
8.75	-8.961	-31.4	63.7
8.76	-8.944	-31.3	70.6
8.77	-8.928	-31.5	76.5
8.78	-8.913	-31.9	-55.3
8.79	-8.900	-32.3	-430.4
8.8	-8.888	-32.6	-670.5
8.81	-8.876	-32.7	-242.9
8.82	-8.867	-32.4	347.7
8.83	-8.859	-31.8	378.7
8.84	-8.850	-30.7	150.1
8.85	-8.841	-29.4	34.7
8.86	-8.828	-27.8	22.7
8.87	-8.811	-26.0	43.6
8.88	-8.793	-24.1	37.9
8.89	-8.773	-22.2	3.6
8.9	-8.755	-19.5	-23.8
8.91	-8.739	-14.4	-30.8
8.92	-8.726	-3.8	-38.0
8.93	-8.713	13.9	-54.4
8.94	-8.701	37.5	-78.2
8.95	-8.689	62.5	-109.6
8.96	-8.678	83.5	-151.9
8.97	-8.667	96.9	-188.8
8.98	-8.658	101.0	-204.7
8.99	-8.648	96.2	-218.6
9.0	-8.638	83.9	-213.6
9.01	-8.627	66.4	-167.0
9.02	-8.618	46.2	-109.4
9.03	-8.611	25.6	-63.9
9.04	-8.604	6.4	-36.7
9.05	-8.594	-10.2	-10.3
9.06	-8.587	-23.5	24.0
9.07	-8.581	-33.4	39.7
9.08	-8.577	-40.4	38.6
9.09	-8.571	-45.4	47.0
9.1	-8.564	-49.3	52.7
9.11	-8.556	-52.9	41.9
9.12	-8.546	-56.3	33.4
9.13	-8.537	-58.3	32.1
9.14	-8.529	-57.9	15.5
9.15	-8.523	-54.6	-17.8
9.16	-8.517	-48.6	-20.5
9.17	-8.511	-40.7	20.0
9.18	-8.506	-32.0	30.1
9.19	-8.502	-23.5	11.6
9.2	-8.499	-15.9	5.8
9.21	-8.496	-9.8	8.6
9.22	-8.494	-5.4	6.1
9.23	-8.491	-3.0	0.0
9.24	-8.488	-2.4	22.4
9.25	-8.484	-3.6	44.2
9.26	-8.480	-6.3	43.8
9.27	-8.476	-9.9	44.5
9.28	-8.473	-14.1	40.6
9.29	-8.471	-18.6	18.4
9.3	-8.468	-22.9	-6.9
9.31	-8.467	-26.8	-17.2
9.32	-8.466	-30.1	-47.2
9.33	-8.466	-32.7	-79.2
9.34	-8.466	-34.6	-74.9
9.35	-8.467	-35.9	-63.7
9.36	-8.468	-36.5	-38.9
9.37	-8.469	-36.6	11.5
9.38	-8.473	-36.1	41.9
9.39	-8.476	-35.1	42.3
9.4	-8.478	-33.7	40.3
9.41	-8.478	-32.4	52.1
9.42	-8.478	-31.2	78.7
9.43	-8.480	-30.2	86.5
9.44	-8.485	-29.7	68.3
9.45	-8.490	-29.5	82.7
9.46	-8.496	-29.6	76.4
9.47	-8.505	-30.0	-104.5
9.48	-8.521	-30.4	-502.3
9.49	-8.545	-30.5	-666.9
9.5	-8.574	-30.5	-142.5
9.51	-8.604	-30.2	416.3
9.52	-8.634	-29.7	388.1
9.53	-8.659	-29.1	149.1
9.54	-8.680	-28.4	37.3
9.55	-8.694	-27.4	18.5
9.56	-8.703	-26.1	19.4
9.57	-8.710	-24.5	12.8
9.58	-8.719	-22.4	7.0
9.59	-8.733	-19.0	11.1
9.6	-8.754	-12.4	-5.3
9.61	-8.778	0.7	-30.9
9.62	-8.806	21.1	-47.7
9.63	-8.835	46.6	-83.8
9.64	-8.865	71.9	-130.3
9.65	-8.896	91.7	-169.8
9.66	-8.928	103.0	-203.1
9.67	-8.961	104.8	-218.7
9.68	-8.992	98.0	-214.3
9.69	-9.024	84.3	-181.2
9.7	-9.053	66.0	-142.3
9.71	-9.082	45.6	-112.5
9.72	-9.114	25.1	-77.7
9.73	-9.147	6.1	-39.5
9.74	-9.179	-10.4	-3.6
9.75	-9.213	-23.8	4.5
9.76	-9.248	-33.9	22.1
9.77	-9.283	-41.0	62.7
9.78	-9.317	-45.9	71.5
9.79	-9.350	-49.6	60.5
9.8	-9.383	-53.0	46.1
9.81	-9.412	-56.1	25.7
9.82	-9.443	-58.2	22.8
9.83	-9.472	-58.0	20.4
9.84	-9.501	-55.1	-5.5
9.85	-9.529	-49.4	-6.1
9.86	-9.557	-41.7	10.4
9.87	-9.585	-32.9	9.8
9.88	-9.613	-24.2	6.3
9.89	-9.641	-16.2	10.3
9.9	-9.669	-9.6	12.9
9.91	-9.697	-4.8	3.7
9.92	-9.724	-1.8	12.6
9.93	-9.749	-0.8	20.6
9.94	-9.774	-1.6	3.1
9.95	-9.799	-4.0	-19.9
9.96	-9.824	-7.5	-55.1
9.97	-9.849	-11.8	-83.7
9.98	-9.874	-16.4	-83.0
9.99	-9.899	-20.8	-77.9
10.0	-9.922	-24.7	-68.9
10.01	-9.943	-28.0	-20.0
10.02	-9.964	-30.5	25.8
10.03	-9.986	-32.1	28.7
10.04	-10.006	-33.1	34.5
10.05	-10.026	-33.5	50.2
10.06	-10.046	-33.6	57.3
10.07	-10.066	-33.5	61.6
10.08	-10.086	-33.3	63.3
10.09	-10.105	-33.2	72.8
10.1	-10.123	-33.2	77.1
10.11	-10.140	-33.3	-23.1
10.12	-10.158	-33.6	-345.2
10.13	-10.175	-33.9	-683.8
10.14	-10.192	-33.9	-443.3
10.15	-10.211	-33.6	214.8
10.16	-10.231	-32.9	445.7
10.17	-10.251	-31.8	251.7
10.18	-10.269	-30.4	73.5
10.19	-10.283	-28.9	10.6
10.2	-10.292	-27.3	-3.7
10.21	-10.299	-25.9	-9.2
10.22	-10.303	-24.5	-4.4
10.23	-10.307	-23.1	-11.3
10.24	-10.310	-20.8	-33.2
10.25	-10.314	-15.4	-44.2
10.26	-10.319	-4.2	-47.9
10.27	-10.326	14.2	-84.5
10.28	-10.332	38.2	-139.8
10.29	-10.338	63.1	-183.6
10.3	-10.344	83.7	-219.1
10.31	-10.349	96.4	-243.1
10.32	-10.352	100.0	-235.9
10.33	-10.353	95.0	-211.7
10.34	-10.349	82.8	-189.4
10.35	-10.342	65.8	-149.3
10.36	-10.334	46.2	-100.8
10.37	-10.326	26.1	-63.8
10.38	-10.314	6.8	-28.6
10.39	-10.301	-10.2	5.3
10.4	-10.288	-24.1	29.2
10.41	-10.273	-34.8	40.0
10.42	-10.258	-42.6	43.6
10.43	-10.241	-48.1	56.7
10.44	-10.224	-52.4	60.8
10.45	-10.204	-56.1	49.5
10.46	-10.181	-58.9	42.6
10.47	-10.155	-60.2	26.8
10.48	-10.127	-59.2	6.6
10.49	-10.099	-55.4	5.1
10.5	-10.071	-49.0	7.1
10.51	-10.045	-40.7	5.8
10.52	-10.021	-31.5	8.9
10.53	-9.998	-22.4	10.0
10.54	-9.976	-14.4	0.6
10.55	-9.956	-8.0	-20.8
10.56	-9.934	-3.4	-60.1
10.57	-9.912	-0.8	-101.6
10.58	-9.886	-0.2	-103.9
10.59	-9.857	-1.6	-82.9
10.6	-9.824	-4.3	-46.9
10.61	-9.791	-7.7	3.5
10.62	-9.760	-11.4	36.8
10.63	-9.731	-15.1	59.4
10.64	-9.704	-18.6	67.4
10.65	-9.675	-21.9	56.7
10.66	-9.645	-24.9	36.4
10.67	-9.615	-27.7	38.9
10.68	-9.586	-30.2	69.2
10.69	-9.556	-32.3	91.3
10.7	-9.525	-33.9	100.8
10.71	-9.494	-35.0	26.8
10.72	-9.466	-35.8	-272.5
10.73	-9.438	-36.2	-612.3
10.74	-9.413	-36.3	-398.9
10.75	-9.390	-36.0	216.2
10.76	-9.368	-35.4	408.9
10.77	-9.347	-34.6	200.0
10.78	-9.323	-33.7	45.7
10.79	-9.297	-32.6	22.5
10.8	-9.269	-31.3	39.7
10.81	-9.239	-29.9	28.1
10.82	-9.207	-28.5	4.2
10.83	-9.175	-26.8	-12.1
10.84	-9.146	-24.5	-24.3
10.85	-9.119	-20.0	-36.5
10.86	-9.096	-10.7	-63.6
10.87	-9.074	5.3	-89.8
10.88	-9.055	27.2	-109.6
10.89	-9.036	51.2	-145.3
10.9	-9.017	72.4	-199.0
10.91	-9.001	86.9	-235.9
10.92	-8.986	93.0	-234.4
10.93	-8.969	90.6	-215.0
10.94	-8.953	81.0	-172.9
10.95	-8.936	66.1	-121.7
10.96	-8.921	47.9	-76.6
10.97	-8.907	28.7	-30.6
10.98	-8.893	9.9	1.3
10.99	-8.881	-7.0	16.2
11.0	-8.871	-21.3	27.0
11.01	-8.863	-32.8	39.7
11.02	-8.855	-41.5	49.6
11.03	-8.847	-48.2	56.1
11.04	-8.838	-53.6	61.3
11.05	-8.828	-58.2	47.3
11.06	-8.814	-62.0	28.4
11.07	-8.801	-63.8	13.6
11.08	-8.790	-62.6	8.0
11.09	-8.781	-58.3	21.2
11.1	-8.771	-51.3	9.7
11.11	-8.763	-42.4	0.6
11.12	-8.754	-32.9	5.0
11.13	-8.746	-23.6	-8.1
11.14	-8.739	-15.4	-25.6
11.15	-8.734	-8.8	-52.8
11.16	-8.729	-4.2	-76.0
11.17	-8.723	-1.7	-89.0
11.18	-8.717	-1.2	-92.0
11.19	-8.711	-2.4	-60.4
11.2	-8.703	-4.9	-15.6
11.21	-8.696	-8.2	17.8
11.22	-8.690	-11.9	44.5
11.23	-8.684	-15.6	55.4
11.24	-8.679	-19.3	53.3
11.25	-8.672	-22.6	51.8
11.26	-8.666	-25.6	65.0
11.27	-8.659	-28.3	82.5
11.28	-8.652	-30.6	91.6
11.29	-8.644	-32.5	113.8
11.3	-8.638	-34.0	80.7
11.31	-8.632	-35.2	-145.3
11.32	-8.628	-36.1	-544.8
11.33	-8.625	-36.6	-575.6
11.34	-8.623	-36.7	32.5
11.35	-8.623	-36.4	464.0
11.36	-8.623	-35.7	315.0
11.37	-8.620	-34.7	89.8
11.38	-8.616	-33.4	21.2
11.39	-8.608	-31.9	18.2
11.4	-8.599	-30.4	17.3
11.41	-8.586	-29.0	11.0
11.42	-8.573	-27.3	5.8
11.43	-8.562	-24.7	-14.1
11.44	-8.553	-19.4	-34.6
11.45	-8.546	-8.6	-43.3
11.46	-8.542	9.8	-63.8
11.47	-8.539	34.3	-93.5
11.48	-8.536	60.2	-135.0
11.49	-8.533	82.1	-192.0
11.5	-8.531	96.2	-230.8
11.51	-8.530	101.0	-237.7
11.52	-8.529	96.9	-216.5
11.53	-8.528	85.4	-176.6
11.54	-8.528	68.7	-130.5
11.55	-8.531	49.1	-87.8
11.56	-8.535	29.0	-51.8
11.57	-8.539	9.9	-15.6
11.58	-8.544	-7.2	8.2
11.59	-8.551	-21.4	25.5
11.6	-8.558	-32.5	38.3
11.61	-8.564	-40.9	24.8
11.62	-8.569	-47.2	23.4
11.63	-8.574	-52.1	43.7
11.64	-8.581	-56.4	45.7
11.65	-8.589	-59.8	39.9
11.66	-8.599	-61.5	38.4
11.67	-8.612	-60.6	31.6
11.68	-8.628	-56.9	6.9
11.69	-8.647	-50.5	-12.9
11.7	-8.668	-42.1	-25.7
11.71	-8.690	-32.9	-28.7
11.72	-8.716	-23.9	-36.9
11.73	-8.746	-15.8	-77.6
11.74	-8.777	-9.2	-95.1
11.75	-8.809	-4.4	-85.6
11.76	-8.842	-1.6	-80.8
11.77	-8.876	-0.6	-63.8
11.78	-8.910	-1.4	-17.3
11.79	-8.943	-3.5	40.4
11.8	-8.976	-6.5	71.0
11.81	-9.008	-10.2	74.9
11.82	-9.038	-14.1	73.0
11.83	-9.068	-18.3	78.4
11.84	-9.099	-22.4	69.7
11.85	-9.134	-26.4	37.6
11.86	-9.169	-30.0	54.1
11.87	-9.204	-33.2	98.0
11.88	-9.239	-35.7	-16.5
11.89	-9.273	-37.4	-387.5
11.9	-9.308	-38.3	-607.3
11.91	-9.341	-38.7	-173.8
11.92	-9.376	-38.4	399.9
11.93	-9.409	-37.4	406.3
11.94	-9.441	-36.1	142.8
11.95	-9.469	-34.4	27.7
11.96	-9.493	-32.7	16.5
11.97	-9.513	-31.0	27.8
11.98	-9.530	-29.3	35.8
11.99	-9.545	-27.6	30.0
12.0	-9.561	-25.6	3.8
12.01	-9.578	-22.1	-22.3
12.02	-9.598	-14.8	-31.7
12.03	-9.619	-0.9	-59.3
12.04	-9.643	20.0	-100.4
12.05	-9.667	45.0	-141.0
12.06	-9.692	69.0	-176.7
12.07	-9.717	87.1	-200.8
12.08	-9.742	96.7	-211.3
12.09	-9.766	97.2	-205.4
12.1	-9.791	89.6	-183.3
12.11	-9.814	75.8	-148.5
12.12	-9.837	57.9	-112.2
12.13	-9.861	38.2	-69.2
12.14	-9.885	18.6	-23.5
12.15	-9.906	0.4	15.3
12.16	-9.928	-15.4	45.3
12.17	-9.951	-28.5	63.5
12.18	-9.974	-38.7	64.6
12.19	-10.000	-46.3	63.8
12.2	-10.025	-52.2	68.0
12.21	-10.049	-57.0	60.8
12.22	-10.071	-60.9	53.0
12.23	-10.092	-63.1	52.2
12.24	-10.113	-62.7	53.1
12.25	-10.133	-59.1	45.0
12.26	-10.151	-52.7	17.8
12.27	-10.170	-44.3	-6.7
12.28	-10.190	-35.0	-34.5
12.29	-10.211	-25.6	-73.3
12.3	-10.233	-17.0	-81.0
12.31	-10.254	-9.8	-71.1
12.32	-10.274	-4.3	-49.4
12.33	-10.292	-0.7	8.7
12.34	-10.309	1.0	58.2
12.35	-10.326	1.0	72.8
12.36	-10.342	-0.5	83.1
12.37	-10.358	-3.2	89.9
12.38	-10.373	-7.0	82.5
12.39	-10.388	-11.5	88.0
12.4	-10.406	-16.2	102.1
12.41	-10.425	-20.9	103.4
12.42	-10.443	-25.3	114.3
12.43	-10.458	-29.2	88.9
12.44	-10.473	-32.5	-104.8
12.45	-10.486	-35.0	-460.3
12.46	-10.498	-36.6	-526.7
12.47	-10.510	-37.2	16.0
12.48	-10.524	-37.1	479.2
12.49	-10.538	-36.4	380.3
12.5	-10.552	-35.4	139.5
12.51	-10.561	-34.3	40.9
12.52	-10.566	-33.0	40.2
12.53	-10.566	-31.6	50.1
12.54	-10.563	-30.2	36.3
12.55	-10.559	-28.7	31.9
12.56	-10.554	-26.8	29.4
12.57	-10.549	-23.0	-5.4
12.58	-10.546	-14.8	-28.0
12.59	-10.544	0.2	-26.7
12.6	-10.543	21.9	-61.2
12.61	-10.543	46.7	-115.7
12.62	-10.542	69.6	-152.5
12.63	-10.541	86.2	-182.1
12.64	-10.537	94.1	-207.1
12.65	-10.528	93.3	-197.4
12.66	-10.515	84.8	-153.9
12.67	-10.498	70.6	-118.6
12.68	-10.480	52.8	-65.8
12.69	-10.463	33.5	-4.2
12.7	-10.445	14.5	21.9
12.71	-10.427	-3.0	39.2
12.72	-10.409	-18.1	53.9
12.73	-10.392	-30.4	70.3
12.74	-10.372	-40.1	84.1
12.75	-10.350	-47.7	77.6
12.76	-10.326	-53.8	86.2
12.77	-10.298	-59.0	95.0
12.78	-10.268	-62.8	84.1
12.79	-10.236	-64.5	70.3
12.8	-10.202	-63.2	38.6
12.81	-10.166	-58.6	7.1
12.82	-10.130	-51.1	-11.5
12.83	-10.096	-41.8	-32.8
12.84	-10.064	-31.8	-56.0
12.85	-10.032	-22.1	-59.9
12.86	-10.001	-13.5	-53.8
12.87	-9.967	-6.5	-37.3
12.88	-9.933	-1.5	7.6
12.89	-9.897	1.4	45.0
12.9	-9.862	2.4	65.9
12.91	-9.828	1.5	79.1
12.92	-9.793	-1.1	82.5
12.93	-9.758	-5.0	100.5
12.94	-9.724	-9.7	120.5
12.95	-9.692	-14.8	117.8
12.96	-9.662	-19.7	110.8
12.97	-9.630	-24.3	138.9
12.98	-9.596	-28.5	130.7
12.99	-9.564	-32.2	-79.6
13.0	-9.534	-35.1	-450.3
13.01	-9.506	-37.0	-472.8
13.02	-9.479	-38.1	86.8
13.03	-9.455	-38.4	495.4
13.04	-9.434	-38.1	347.6
13.05	-9.414	-37.2	110.3
13.06	-9.393	-35.8	45.5
13.07	-9.369	-34.2	51.2
13.08	-9.342	-32.5	54.6
13.09	-9.313	-30.8	48.2
13.1	-9.284	-28.9	36.4
13.11	-9.256	-26.6	28.8
13.12	-9.231	-22.0	7.4
13.13	-9.210	-12.9	-24.6
13.14	-9.191	2.8	-40.6
13.15	-9.172	24.5	-69.2
13.16	-9.155	48.6	-112.8
13.17	-9.139	69.9	-146.5
13.18	-9.123	84.6	-170.5
13.19	-9.109	90.6	-188.5
13.2	-9.095	88.0	-189.5
13.21	-9.081	78.1	-160.2
13.22	-9.066	63.0	-117.6
13.23	-9.054	45.0	-66.7
13.24	-9.043	26.1	-13.2
13.25	-9.031	7.9	40.8
13.26	-9.019	-8.4	68.8
13.27	-9.011	-22.2	64.1
13.28	-9.002	-33.3	64.0
13.29	-8.992	-41.9	58.2
13.3	-8.983	-49.0	51.9
13.31	-8.973	-55.2	60.1
13.32	-8.963	-60.3	66.3
13.33	-8.954	-63.7	69.5
13.34	-8.946	-64.4	62.4
13.35	-8.938	-61.8	50.8
13.36	-8.929	-56.0	24.3
13.37	-8.921	-47.7	-10.6
13.38	-8.912	-38.1	-15.0
13.39	-8.904	-28.5	-34.1
13.4	-8.897	-19.7	-69.0
13.41	-8.889	-12.3	-74.0
13.42	-8.881	-6.7	-62.9
13.43	-8.873	-2.9	-41.5
13.44	-8.866	-1.1	-4.3
13.45	-8.857	-1.0	39.9
13.46	-8.848	-2.4	64.7
13.47	-8.839	-5.0	67.2
13.48	-8.829	-8.6	69.5
13.49	-8.819	-12.8	84.2
13.5	-8.810	-17.3	104.2
13.51	-8.802	-21.8	112.2
13.52	-8.794	-26.0	106.8
13.53	-8.783	-29.8	130.0
13.54	-8.773	-33.1	102.9
13.55	-8.764	-35.7	-162.3
13.56	-8.757	-37.5	-535.1
13.57	-8.751	-38.5	-425.2
13.58	-8.746	-38.7	195.5
13.59	-8.742	-38.3	490.0
13.6	-8.738	-37.4	280.9
13.61	-8.733	-36.1	79.5
13.62	-8.726	-34.6	23.5
13.63	-8.717	-32.9	33.8
13.64	-8.705	-31.1	38.1
13.65	-8.691	-29.1	11.7
13.66	-8.675	-26.6	23.9
13.67	-8.660	-22.7	32.3
13.68	-8.648	-15.2	-1.5
13.69	-8.638	-1.5	-29.9
13.7	-8.629	18.9	-56.2
13.71	-8.623	43.1	-97.5
13.72	-8.617	66.2	-141.5
13.73	-8.611	83.7	-167.2
13.74	-8.607	92.9	-194.4
13.75	-8.604	93.1	-191.4
13.76	-8.601	85.2	-149.4
13.77	-8.598	71.0	-137.2
13.78	-8.596	52.8	-126.0
13.79	-8.597	32.9	-82.4
13.8	-8.596	13.4	-35.0
13.81	-8.596	-4.4	-0.6
13.82	-8.596	-19.5	20.4
13.83	-8.599	-31.3	20.5
13.84	-8.604	-40.0	28.8
13.85	-8.607	-46.2	59.1
13.86	-8.611	-50.8	59.7
13.87	-8.616	-54.8	53.2
13.88	-8.624	-58.1	46.9
13.89	-8.633	-59.9	22.3
13.9	-8.647	-59.1	7.5
13.91	-8.665	-55.5	5.9
13.92	-8.688	-49.3	3.2
13.93	-8.714	-41.5	-19.4
13.94	-8.742	-32.9	-46.1
13.95	-8.774	-24.5	-58.5
13.96	-8.807	-17.1	-72.9
13.97	-8.842	-11.1	-92.8
13.98	-8.875	-6.8	-99.6
13.99	-8.907	-4.1	-75.6
14.0	-8.936	-3.3	-39.8
14.01	-8.963	-3.9	-5.8
14.02	-8.988	-5.8	20.8
14.03	-9.013	-8.5	42.2
14.04	-9.037	-11.9	75.2
14.05	-9.063	-15.5	94.9
14.06	-9.087	-19.3	88.2
14.07	-9.112	-22.9	81.2
14.08	-9.139	-26.3	85.4
14.09	-9.167	-29.3	109.2
14.1	-9.193	-32.0	122.5
14.11	-9.219	-34.3	0.3
14.12	-9.248	-36.1	-372.1
14.13	-9.276	-37.4	-648.2
14.14	-9.305	-38.1	-260.9
14.15	-9.336	-38.2	353.8
14.16	-9.367	-37.5	410.8
14.17	-9.400	-36.1	162.3
14.18	-9.431	-34.2	46.1
14.19	-9.459	-32.0	30.4
14.2	-9.481	-29.8	28.2
14.21	-9.500	-27.8	9.7
14.22	-9.517	-25.8	0.9
14.23	-9.534	-23.1	-2.0
14.24	-9.554	-18.0	-21.8
14.25	-9.575	-7.6	-41.7
14.26	-9.598	10.1	-68.1
14.27	-9.623	33.8	-101.2
14.28	-9.651	58.8	-143.7
14.29	-9.678	79.8	-182.6
14.3	-9.706	92.8	-206.5
14.31	-9.734	96.4	-217.8
14.32	-9.762	91.1	-207.4
14.33	-9.788	78.5	-185.4
14.34	-9.814	61.1	-160.0
14.35	-9.841	41.5	-128.5
14.36	-9.869	21.8	-90.0
14.37	-9.897	3.6	-42.9
14.38	-9.922	-11.9	-0.4
14.39	-9.948	-24.6	24.4
14.4	-9.976	-34.2	37.9
14.41	-10.003	-41.3	49.3
14.42	-10.029	-46.6	42.6
14.43	-10.055	-51.0	25.6
14.44	-10.079	-55.0	30.9
14.45	-10.103	-58.1	31.5
14.46	-10.128	-59.2	11.6
14.47	-10.151	-57.4	2.8
14.48	-10.173	-52.7	-0.8
14.49	-10.193	-45.5	-5.5
14.5	-10.212	-37.0	-18.5
14.51	-10.233	-28.1	-36.6
14.52	-10.253	-19.8	-47.3
14.53	-10.273	-12.7	-74.7
14.54	-10.295	-7.3	-97.3
14.55	-10.318	-3.6	-85.1
14.56	-10.338	-1.8	-69.9
14.57	-10.358	-1.7	-62.9
14.58	-10.375	-2.9	-30.9
14.59	-10.391	-5.3	23.9
14.6	-10.408	-8.4	49.3
14.61	-10.424	-12.1	44.6
14.62	-10.439	-16.2	54.1
14.63	-10.454	-20.4	69.2
14.64	-10.471	-24.3	67.1
14.65	-10.488	-27.7	56.4
14.66	-10.506	-30.6	58.1
14.67	-10.523	-32.8	87.7
14.68	-10.540	-34.4	25.2
14.69	-10.559	-35.5	-287.1
14.7	-10.576	-36.2	-616.8
14.71	-10.591	-36.6	-384.2
14.72	-10.608	-36.7	229.1
14.73	-10.624	-36.4	421.7
14.74	-10.638	-35.5	195.4
14.75	-10.649	-34.2	12.4
14.76	-10.657	-32.7	-4.0
14.77	-10.660	-30.9	34.3
14.78	-10.662	-28.6	31.5
14.79	-10.663	-26.2	13.5
14.8	-10.665	-23.4	-4.3
14.81	-10.668	-18.7	-28.6
14.82	-10.672	-9.5	-49.5
14.83	-10.679	6.7	-77.1
14.84	-10.688	29.1	-110.2
14.85	-10.697	53.8	-138.8
14.86	-10.705	75.7	-174.3
14.87	-10.714	90.4	-197.8
14.88	-10.723	96.2	-204.7
14.89	-10.731	93.0	-208.9
14.9	-10.734	82.4	-197.9
14.91	-10.735	66.4	-162.9
14.92	-10.735	47.5	-127.6
14.93	-10.736	27.8	-95.0
14.94	-10.736	9.3	-47.4
14.95	-10.734	-7.1	-1.2
14.96	-10.735	-20.6	22.0
14.97	-10.737	-31.1	30.8
14.98	-10.738	-39.0	38.8
14.99	-10.738	-44.9	44.0
15.0	-10.736	-49.6	39.8
15.01	-10.732	-53.9	28.7
15.02	-10.725	-57.3	26.2
15.03	-10.716	-59.0	28.1
15.04	-10.703	-57.9	27.3
15.05	-10.686	-53.8	16.3
15.06	-10.667	-47.0	-7.4
15.07	-10.646	-38.5	-17.1
15.08	-10.625	-29.2	-19.4
15.09	-10.604	-20.3	-39.3
15.1	-10.584	-12.6	-63.6
15.11	-10.562	-6.6	-82.5
15.12	-10.538	-2.6	-86.0
15.13	-10.509	-0.6	-78.3
15.14	-10.476	-0.7	-69.2
15.15	-10.441	-2.3	-42.9
15.16	-10.404	-5.0	0.7
15.17	-10.371	-8.4	35.9
15.18	-10.339	-12.1	50.7
15.19	-10.308	-16.0	50.7
15.2	-10.277	-19.9	38.3
15.21	-10.243	-23.5	54.9
15.22	-10.209	-26.9	71.6
15.23	-10.174	-29.8	57.6
15.24	-10.139	-32.2	78.9
15.25	-10.102	-34.2	97.1
15.26	-10.066	-35.7	-63.7
15.27	-10.034	-36.7	-431.8
15.28	-10.002	-37.0	-585.9
15.29	-9.972	-36.7	-125.2
15.3	-9.944	-36.0	367.8
15.31	-9.916	-35.0	315.3
15.32	-9.889	-33.8	108.1
15.33	-9.857	-32.3	28.3
15.34	-9.822	-30.6	6.0
15.35	-9.784	-28.7	16.6
15.36	-9.745	-26.9	15.1
15.37	-9.706	-24.8	-5.4
15.38	-9.668	-21.8	-12.8
15.39	-9.633	-15.9	-21.9
15.4	-9.599	-4.6	-44.8
15.41	-9.568	13.6	-70.5
15.42	-9.537	36.9	-101.7
15.43	-9.509	60.7	-136.6
15.44	-9.485	80.0	-166.1
15.45	-9.462	91.5	-194.0
15.46	-9.439	94.0	-226.5
15.47	-9.416	88.1	-229.2
15.48	-9.393	75.5	-184.3
15.49	-9.369	58.6	-138.1
15.5	-9.351	39.7	-100.6
15.51	-9.334	20.8	-65.7
15.52	-9.318	3.2	-32.1
15.53	-9.301	-12.1	1.6
15.54	-9.288	-24.5	23.5
15.55	-9.276	-33.9	27.3
15.56	-9.264	-40.8	25.6
15.57	-9.251	-45.9	47.7
15.58	-9.237	-50.1	60.4
15.59	-9.223	-53.9	47.5
15.6	-9.207	-56.7	35.0
15.61	-9.193	-57.5	27.4
15.62	-9.177	-55.6	14.3
15.63	-9.162	-51.0	-2.8
15.64	-9.148	-44.3	-12.6
15.65	-9.133	-36.2	-10.4
15.66	-9.121	-27.9	-3.4
15.67	-9.108	-20.0	5.6
15.68	-9.097	-13.1	5.8
15.69	-9.086	-7.7	-15.9
15.7	-9.073	-3.9	-35.8
15.71	-9.061	-2.2	-54.0
15.72	-9.050	-2.3	-83.4
15.73	-9.039	-4.1	-115.2
15.74	-9.029	-7.0	-103.3
15.75	-9.016	-10.6	-39.9
15.76	-9.003	-14.5	18.1
15.77	-8.991	-18.3	54.5
15.78	-8.980	-21.8	58.4
15.79	-8.970	-24.9	42.0
15.8	-8.959	-27.4	40.3
15.81	-8.945	-29.5	47.5
15.82	-8.931	-31.2	53.5
15.83	-8.918	-32.6	76.1
15.84	-8.906	-33.7	111.4
15.85	-8.893	-34.5	112.8
15.86	-8.881	-35.1	-46.8
15.87	-8.871	-35.6	-447.6
15.88	-8.861	-35.9	-638.5
15.89	-8.853	-35.9	-155.1
15.9	-8.846	-35.5	374.1
15.91	-8.839	-34.6	346.0
15.92	-8.832	-33.2	115.0
15.93	-8.824	-31.6	21.4
15.94	-8.813	-29.7	31.8
15.95	-8.797	-27.8	38.6
15.96	-8.780	-25.9	20.2
15.97	-8.762	-23.7	0.8
15.98	-8.744	-20.5	-15.1
15.99	-8.729	-13.9	-36.1
16.0	-8.716	-1.1	-60.2
16.01	-8.705	18.9	-70.0
16.02	-8.697	43.7	-82.1
16.03	-8.689	68.1	-110.8
16.04	-8.682	86.8	-151.6
16.05	-8.675	96.9	-189.7
16.06	-8.669	97.6	-209.0
16.07	-8.664	89.7	-215.2
16.08	-8.659	75.2	-189.3
16.09	-8.654	56.6	-147.6
16.1	-8.651	36.4	-113.6
16.11	-8.649	16.5	-72.4
16.12	-8.647	-1.6	-35.9
16.13	-8.645	-16.8	-2.0
16.14	-8.646	-28.6	27.0
16.15	-8.647	-37.2	36.8
16.16	-8.648	-43.3	38.8
16.17	-8.646	-47.7	32.1
16.18	-8.644	-51.5	26.8
16.19	-8.641	-55.2	18.4
16.2	-8.638	-57.9	-4.9
16.21	-8.635	-58.5	4.8
16.22	-8.633	-56.2	19.1
16.23	-8.632	-51.1	3.8
16.24	-8.633	-43.5	0.3
16.25	-8.634	-34.6	13.9
16.26	-8.638	-25.5	8.4
16.27	-8.643	-17.2	-27.9
16.28	-8.649	-10.3	-31.4
16.29	-8.655	-5.3	5.7
16.3	-8.661	-2.4	12.8
16.31	-8.668	-1.5	-6.9
16.32	-8.676	-2.4	-38.1
16.33	-8.688	-4.9	-80.2
16.34	-8.704	-8.4	-93.1
16.35	-8.726	-12.6	-82.5
16.36	-8.750	-16.9	-81.2
16.37	-8.776	-21.1	-64.6
16.38	-8.804	-24.8	-21.4
16.39	-8.832	-27.8	17.3
16.4	-8.863	-30.0	34.4
16.41	-8.892	-31.3	49.2
16.42	-8.920	-32.1	61.8
16.43	-8.947	-32.5	68.4
16.44	-8.975	-32.7	68.5
16.45	-9.005	-32.9	50.9
16.46	-9.037	-33.3	69.6
16.47	-9.068	-33.8	109.5
16.48	-9.100	-34.4	26.1
16.49	-9.134	-34.7	-285.8
16.5	-9.168	-34.9	-648.0
16.51	-9.201	-34.7	-452.8
16.52	-9.236	-34.2	218.5
16.53	-9.271	-33.3	460.4
16.54	-9.304	-32.2	217.9
16.55	-9.334	-30.8	34.6
16.56	-9.361	-29.2	12.4
16.57	-9.381	-27.5	24.8
16.58	-9.399	-25.6	15.1
16.59	-9.418	-23.3	10.3
16.6	-9.437	-20.3	1.2
16.61	-9.459	-14.8	-46.1
16.62	-9.483	-4.0	-80.7
16.63	-9.508	14.2	-70.3
16.64	-9.533	38.5	-77.5
16.65	-9.558	64.3	-117.0
16.66	-9.582	85.9	-158.3
16.67	-9.607	99.3	-195.0
16.68	-9.633	103.0	-218.3
16.69	-9.658	97.5	-235.6
16.7	-9.681	84.7	-216.7
16.71	-9.703	66.8	-170.9
16.72	-9.724	46.5	-135.8
16.73	-9.747	25.9	-97.4
16.74	-9.769	6.7	-59.6
16.75	-9.789	-9.9	-35.7
16.76	-9.811	-23.2	-20.9
16.77	-9.835	-33.1	12.3
16.78	-9.861	-40.1	47.8
16.79	-9.886	-44.9	57.6
16.8	-9.912	-48.8	45.6
16.81	-9.936	-52.6	33.8
16.82	-9.961	-56.0	28.8
16.83	-9.984	-58.0	8.3
16.84	-10.008	-57.5	-5.3
16.85	-10.032	-53.9	7.3
16.86	-10.055	-47.5	11.4
16.87	-10.077	-38.9	8.9
16.88	-10.097	-29.4	7.8
16.89	-10.116	-20.3	3.4
16.9	-10.135	-12.6	-8.6
16.91	-10.154	-6.8	-24.0
16.92	-10.173	-2.8	-21.6
16.93	-10.192	-0.9	-31.8
16.94	-10.211	-1.0	-65.6
16.95	-10.231	-2.6	-72.2
16.96	-10.249	-5.3	-59.6
16.97	-10.264	-8.7	-52.8
16.98	-10.277	-12.3	-32.4
16.99	-10.288	-16.0	-13.2
17.0	-10.299	-19.6	13.7
17.01	-10.311	-22.9	47.1
17.02	-10.323	-25.8	53.4
17.03	-10.333	-28.4	60.5
17.04	-10.342	-30.4	67.3
17.05	-10.354	-31.8	73.3
17.06	-10.366	-32.7	78.3
17.07	-10.376	-33.2	76.8
17.08	-10.384	-33.6	81.4
17.09	-10.392	-33.9	-17.0
17.1	-10.399	-34.2	-345.6
17.11	-10.406	-34.5	-642.4
17.12	-10.413	-34.7	-343.8
17.13	-10.421	-34.7	286.4
17.14	-10.430	-34.5	424.8
17.15	-10.439	-33.8	188.8
17.16	-10.444	-32.7	50.6
17.17	-10.444	-31.2	25.4
17.18	-10.439	-29.4	23.6
17.19	-10.432	-27.4	15.2
17.2	-10.424	-25.3	6.6
17.21	-10.418	-22.9	-4.4
17.22	-10.414	-18.9	-19.8
17.23	-10.412	-11.1	-47.7
17.24	-10.412	3.2	-67.6
17.25	-10.413	24.2	-62.4
17.26	-10.414	48.8	-89.9
17.27	-10.418	71.7	-147.1
17.28	-10.421	88.4	-193.7
17.29	-10.424	96.1	-222.3
17.3	-10.424	94.7	-220.0
17.31	-10.422	85.3	-197.7
17.32	-10.416	70.1	-168.9
17.33	-10.411	51.5	-130.5
17.34	-10.406	31.8	-79.5
17.35	-10.404	12.6	-9.2
17.36	-10.399	-4.6	36.0
17.37	-10.396	-19.1	40.9
17.38	-10.394	-30.5	42.5
17.39	-10.389	-39.2	50.9
17.4	-10.382	-45.6	42.6
17.41	-10.372	-50.8	40.1
17.42	-10.358	-55.3	60.5
17.43	-10.339	-59.1	61.9
17.44	-10.318	-61.5	47.3
17.45	-10.293	-61.2	31.5
17.46	-10.264	-57.7	24.7
17.47	-10.234	-51.1	18.2
17.48	-10.203	-42.2	-7.3
17.49	-10.171	-32.3	-6.7
17.5	-10.139	-22.5	11.3
17.51	-10.109	-13.8	-6.1
17.52	-10.078	-6.6	-17.6
17.53	-10.048	-1.8	-22.1
17.54	-10.018	0.4	-65.4
17.55	-9.988	0.5	-85.0
17.56	-9.956	-1.3	-64.4
17.57	-9.922	-4.4	-56.8
17.58	-9.889	-8.2	-16.8
17.59	-9.856	-12.3	50.4
17.6	-9.825	-16.3	63.8
17.61	-9.794	-19.8	53.2
17.62	-9.764	-22.8	70.4
17.63	-9.731	-25.3	92.9
17.64	-9.697	-27.5	103.0
17.65	-9.665	-29.5	91.7
17.66	-9.634	-31.2	68.1
17.67	-9.601	-32.6	95.9
17.68	-9.568	-33.9	103.8
17.69	-9.536	-35.0	-87.8
17.7	-9.508	-35.8	-469.8
17.71	-9.481	-36.3	-563.5
17.72	-9.456	-36.5	-20.2
17.73	-9.434	-36.3	450.7
17.74	-9.413	-35.6	341.0
17.75	-9.392	-34.5	101.2
17.76	-9.368	-33.0	6.2
17.77	-9.342	-31.4	12.7
17.78	-9.314	-29.8	39.9
17.79	-9.283	-28.1	26.3
17.8	-9.252	-26.2	10.3
17.81	-9.222	-23.6	21.7
17.82	-9.194	-18.9	17.1
17.83	-9.170	-9.5	-18.4
17.84	-9.149	6.9	-62.2
17.85	-9.129	29.5	-95.5
17.86	-9.112	54.1	-111.0
17.87	-9.096	75.4	-134.2
17.88	-9.082	89.3	-168.3
17.89	-9.069	94.1	-194.7
17.9	-9.055	90.1	-200.9
17.91	-9.041	78.9	-167.3
17.92	-9.029	62.5	-112.8
17.93	-9.018	43.4	-84.6
17.94	-9.010	23.7	-57.6
17.95	-9.001	5.1	-9.4
17.96	-8.992	-11.2	23.7
17.97	-8.985	-24.6	43.0
17.98	-8.978	-35.0	54.8
17.99	-8.967	-42.8	59.4
18.0	-8.955	-48.7	61.8
18.01	-8.941	-53.4	55.6
18.02	-8.928	-57.5	47.8
18.03	-8.916	-60.8	42.1
18.04	-8.906	-62.1	35.8
18.05	-8.898	-60.6	29.8
18.06	-8.891	-56.0	24.8
18.07	-8.885	-48.6	26.3
18.08	-8.880	-39.3	32.7
18.09	-8.877	-29.5	31.3
18.1	-8.874	-20.2	17.7
18.11	-8.871	-12.3	-6.3
18.12	-8.867	-6.2	-24.6
18.13	-8.863	-2.4	-31.8
18.14	-8.860	-0.7	-49.1
18.15	-8.859	-1.1	-72.0
18.16	-8.858	-3.2	-72.8
18.17	-8.857	-6.5	-47.4
18.18	-8.857	-10.3	-10.3
18.19	-8.857	-14.2	23.8
18.2	-8.857	-18.0	35.8
18.21	-8.857	-21.5	43.2
18.22	-8.856	-24.6	62.2
18.23	-8.853	-27.2	71.8
18.24	-8.848	-29.5	82.2
18.25	-8.844	-31.4	102.8
18.26	-8.841	-32.9	96.3
18.27	-8.838	-34.0	95.5
18.28	-8.834	-34.8	96.4
18.29	-8.834	-35.3	-63.3
18.3	-8.834	-35.7	-445.2
18.31	-8.837	-35.8	-579.4
18.32	-8.839	-35.5	-66.3
18.33	-8.842	-35.1	428.7
18.34	-8.844	-34.4	355.5
18.35	-8.846	-33.5	120.9
18.36	-8.846	-32.4	24.5
18.37	-8.841	-31.0	16.3
18.38	-8.834	-29.4	24.2
18.39	-8.827	-27.6	21.6
18.4	-8.821	-25.5	19.8
18.41	-8.818	-22.5	5.4
18.42	-8.817	-17.0	-16.3
18.43	-8.819	-6.2	-31.6
18.44	-8.825	11.9	-59.7
18.45	-8.832	35.8	-98.9
18.46	-8.841	60.9	-133.1
18.47	-8.851	81.8	-165.3
18.48	-8.862	94.6	-194.9
18.49	-8.877	97.9	-213.0
18.5	-8.898	92.4	-196.7
18.51	-8.921	79.7	-171.7
18.52	-8.949	62.2	-147.9
18.53	-8.980	42.3	-97.0
18.54	-9.016	22.1	-54.4
18.55	-9.054	3.3	-27.7
18.56	-9.094	-13.2	-2.3
18.57	-9.136	-26.7	26.9
18.58	-9.179	-37.2	43.2
18.59	-9.222	-45.1	39.9
18.6	-9.261	-50.8	43.0
18.61	-9.299	-55.3	49.7
18.62	-9.335	-59.0	51.9
18.63	-9.370	-61.6	36.3
18.64	-9.404	-62.3	20.3
18.65	-9.437	-60.2	15.1
18.66	-9.467	-55.1	10.8
18.67	-9.495	-47.4	6.1
18.68	-9.522	-38.1	-15.6
18.69	-9.547	-28.5	-29.3
18.7	-9.573	-19.5	-32.6
18.71	-9.599	-11.6	-53.8
18.72	-9.626	-5.3	-80.4
18.73	-9.654	-1.0	-86.9
18.74	-9.683	1.1	-80.3
18.75	-9.709	1.4	-63.6
18.76	-9.734	0.0	-44.2
18.77	-9.758	-2.6	-18.4
18.78	-9.781	-6.1	27.2
18.79	-9.804	-10.0	54.5
18.8	-9.826	-14.0	55.8
18.81	-9.847	-18.1	59.7
18.82	-9.868	-22.5	64.7
18.83	-9.891	-26.7	55.7
18.84	-9.915	-30.2	56.6
18.85	-9.938	-33.1	87.7
18.86	-9.959	-35.5	88.4
18.87	-9.980	-37.2	-89.8
18.88	-10.001	-38.4	-481.8
18.89	-10.023	-39.1	-596.9
18.9	-10.044	-39.0	-61.8
18.91	-10.068	-38.2	425.6
18.92	-10.091	-37.0	333.9
18.93	-10.115	-35.6	82.0
18.94	-10.135	-34.0	-10.7
18.95	-10.151	-32.3	1.6
18.96	-10.163	-30.6	19.5
18.97	-10.172	-28.8	14.7
18.98	-10.182	-27.0	-2.8
18.99	-10.193	-24.6	-24.8
19.0	-10.205	-20.6	-34.8
19.01	-10.218	-12.4	-41.5
19.02	-10.233	2.3	-75.2
19.03	-10.247	23.8	-123.5
19.04	-10.262	48.7	-162.4
19.05	-10.279	71.5	-205.2
19.06	-10.297	87.7	-234.3
19.07	-10.314	95.0	-226.5
19.08	-10.329	93.3	-216.4
19.09	-10.342	83.9	-191.0
19.1	-10.354	68.9	-148.3
19.11	-10.366	50.4	-110.2
19.12	-10.379	30.5	-71.2
19.13	-10.392	11.1	-48.7
19.14	-10.404	-6.6	-25.8
19.15	-10.418	-21.7	1.4
19.16	-10.433	-33.7	7.4
19.17	-10.447	-42.7	23.8
19.18	-10.461	-49.4	42.2
19.19	-10.474	-54.6	43.4
19.2	-10.486	-58.9	54.9
19.21	-10.496	-62.2	49.7
19.22	-10.506	-63.5	20.3
19.23	-10.513	-61.9	-3.4
19.24	-10.519	-57.0	-22.6
19.25	-10.524	-49.4	-36.7
19.26	-10.529	-40.0	-49.2
19.27	-10.534	-29.9	-72.7
19.28	-10.541	-20.3	-98.2
19.29	-10.547	-11.8	-99.0
19.3	-10.552	-5.1	-87.7
19.31	-10.554	-0.4	-80.5
19.32	-10.554	2.2	-48.5
19.33	-10.552	2.9	-2.6
19.34	-10.549	1.9	19.1
19.35	-10.546	-0.6	30.3
19.36	-10.543	-4.3	41.3
19.37	-10.538	-8.6	50.5
19.38	-10.531	-13.2	55.8
19.39	-10.527	-17.7	53.2
19.4	-10.525	-22.0	61.3
19.41	-10.521	-25.9	88.8
19.42	-10.513	-29.4	79.1
19.43	-10.504	-32.4	-82.1
19.44	-10.495	-35.0	-447.7
19.45	-10.483	-36.9	-594.7
19.46	-10.469	-38.0	-106.6
19.47	-10.454	-38.2	390.9
19.48	-10.441	-37.6	340.3
19.49	-10.427	-36.4	119.6
19.5	-10.407	-34.8	14.9
19.51	-10.378	-32.8	-0.7
19.52	-10.341	-30.8	10.3
19.53	-10.298	-28.8	0.3
19.54	-10.254	-27.1	-5.9
19.55	-10.210	-25.1	-7.8
19.56	-10.169	-21.7	-30.1
19.57	-10.132	-14.3	-59.9
19.58	-10.098	-0.4	-84.5
19.59	-10.066	20.5	-101.2
19.6	-10.038	45.1	-121.5
19.61	-10.011	68.3	-160.6
19.62	-9.984	85.4	-205.5
19.63	-9.959	94.0	-225.2
19.64	-9.931	93.5	-209.4
19.65	-9.902	85.0	-189.3
19.66	-9.873	70.5	-158.5
19.67	-9.843	52.1	-101.6
19.68	-9.816	32.2	-59.5
19.69	-9.789	12.6	-27.4
19.7	-9.763	-5.0	11.5
19.71	-9.739	-19.8	39.1
19.72	-9.716	-31.6	50.8
19.73	-9.694	-40.6	54.1
19.74	-9.671	-47.5	52.3
19.75	-9.646	-53.1	47.8
19.76	-9.621	-58.0	45.4
19.77	-9.594	-61.8	32.0
19.78	-9.568	-63.6	19.1
19.79	-9.541	-62.3	27.9
19.8	-9.513	-57.6	22.4
19.81	-9.486	-49.8	-6.2
19.82	-9.458	-39.9	-37.9
19.83	-9.433	-29.3	-70.2
19.84	-9.409	-19.3	-86.7
19.85	-9.386	-10.6	-82.3
19.86	-9.363	-4.0	-68.1
19.87	-9.339	0.4	-55.3
19.88	-9.316	2.5	-27.7
19.89	-9.293	2.8	17.0
19.9	-9.270	1.4	43.4
19.91	-9.249	-1.2	56.3
19.92	-9.228	-4.8	51.0
19.93	-9.207	-9.0	59.8
19.94	-9.187	-13.7	92.7
19.95	-9.168	-18.5	94.5
19.96	-9.150	-23.2	89.5
19.97	-9.129	-27.5	108.5
19.98	-9.107	-31.3	67.8
19.99	-9.088	-34.6	-191.5
20.0	-9.072	-37.1	-553.9
20.01	-9.056	-38.6	-406.8
20.02	-9.042	-39.1	256.3
20.03	-9.029	-38.8	535.6
20.04	-9.019	-38.0	299.6
20.05	-9.009	-36.6	85.9
20.06	-8.995	-34.8	22.2
20.07	-8.979	-32.6	19.0
20.08	-8.961	-30.3	24.0
20.09	-8.938	-28.0	7.5
20.1	-8.916	-25.7	-16.1
20.11	-8.894	-22.8	-22.5
20.12	-8.876	-17.7	-26.8
20.13	-8.861	-7.7	-44.2
20.14	-8.848	9.1	-78.3
20.15	-8.836	31.6	-118.0
20.16	-8.824	55.6	-154.8
20.17	-8.814	75.9	-197.4
20.18	-8.806	88.7	-233.8
20.19	-8.797	92.5	-233.7
20.2	-8.790	87.7	-198.4
20.21	-8.783	75.7	-166.2
20.22	-8.776	59.0	-141.7
20.23	-8.771	39.8	-95.3
20.24	-8.765	20.4	-40.9
20.25	-8.757	2.4	1.7
20.26	-8.749	-13.4	27.0
20.27	-8.744	-26.3	31.6
20.28	-8.739	-36.5	36.6
20.29	-8.732	-44.5	52.4
20.3	-8.727	-51.0	59.8
20.31	-8.721	-56.6	46.8
20.32	-8.715	-61.1	27.4
20.33	-8.710	-63.7	22.0
20.34	-8.706	-63.2	21.5
20.35	-8.703	-59.3	16.8
20.36	-8.698	-52.4	0.8
20.37	-8.694	-43.5	-25.4
20.38	-8.691	-33.6	-47.3
20.39	-8.691	-23.9	-80.8
20.4	-8.691	-15.3	-99.5
20.41	-8.691	-8.2	-82.3
20.42	-8.691	-3.1	-69.4
20.43	-8.691	0.0	-53.0
20.44	-8.689	1.2	-5.1
20.45	-8.686	0.6	29.0
20.46	-8.684	-1.5	39.5
20.47	-8.681	-4.8	65.5
20.48	-8.677	-9.1	75.9
20.49	-8.674	-13.9	78.2
20.5	-8.672	-18.7	94.3
20.51	-8.672	-23.3	94.6
20.52	-8.671	-27.5	103.4
20.53	-8.666	-31.0	122.0
20.54	-8.662	-33.8	-2.6
20.55	-8.662	-35.9	-369.3
20.56	-8.664	-37.3	-563.8
20.57	-8.667	-38.0	-96.4
20.58	-8.669	-38.2	491.1
20.59	-8.672	-37.7	485.1
20.6	-8.676	-36.6	191.7
20.61	-8.678	-35.1	37.8
20.62	-8.675	-33.2	11.5
20.63	-8.670	-31.0	17.8
20.64	-8.663	-28.8	0.9
20.65	-8.654	-26.6	-16.1
20.66	-8.644	-24.1	-6.8
20.67	-8.636	-20.4	-6.5
20.68	-8.631	-13.0	-31.5
20.69	-8.626	0.6	-64.2
20.7	-8.625	20.9	-103.3
20.71	-8.625	44.7	-141.2
20.72	-8.626	67.1	-181.1
20.73	-8.627	83.5	-220.3
20.74	-8.629	91.3	-222.9
20.75	-8.633	90.2	-215.9
20.76	-8.638	81.0	-198.3
20.77	-8.645	65.9	-154.1
20.78	-8.656	47.3	-115.2
20.79	-8.671	27.7	-70.8
20.8	-8.686	8.8	-31.5
20.81	-8.704	-8.0	-5.8
20.82	-8.725	-22.0	16.7
20.83	-8.749	-33.1	22.4
20.84	-8.774	-41.7	35.7
20.85	-8.799	-48.4	53.2
20.86	-8.828	-54.0	40.8
20.87	-8.857	-58.9	28.5
20.88	-8.889	-62.3	40.9
20.89	-8.921	-63.2	36.1
20.9	-8.956	-60.8	1.0
20.91	-8.992	-55.2	-26.9
20.92	-9.031	-47.1	-38.8
20.93	-9.069	-37.5	-62.9
20.94	-9.107	-27.6	-96.7
20.95	-9.146	-18.4	-122.7
20.96	-9.183	-10.6	-108.8
20.97	-9.217	-4.6	-54.6
20.98	-9.251	-0.7	-24.6
20.99	-9.284	1.2	-11.7
21.0	-9.316	1.3	14.9
21.01	-9.346	-0.3	56.5
21.02	-9.375	-3.3	78.5
21.03	-9.403	-7.3	69.8
21.04	-9.430	-12.0	71.0
21.05	-9.459	-16.8	69.8
21.06	-9.489	-21.7	58.3
21.07	-9.517	-26.3	82.5
21.08	-9.544	-30.4	98.2
21.09	-9.572	-33.9	-69.9
21.1	-9.599	-36.5	-463.7
21.11	-9.627	-38.0	-550.8
21.12	-9.655	-38.5	6.7
21.13	-9.685	-38.1	452.3
21.14	-9.716	-37.0	334.9
21.15	-9.743	-35.6	96.8
21.16	-9.768	-34.0	2.6
21.17	-9.789	-32.3	1.1
21.18	-9.806	-30.7	6.2
21.19	-9.821	-29.1	7.8
21.2	-9.835	-27.5	4.6
21.21	-9.851	-25.4	-23.8
21.22	-9.868	-21.5	-46.4
21.23	-9.886	-13.6	-62.2
21.24	-9.907	0.7	-81.6
21.25	-9.929	21.2	-112.1
21.26	-9.951	44.5	-157.8
21.27	-9.974	65.7	-202.6
21.28	-9.997	80.5	-222.8
21.29	-10.020	86.9	-225.4
21.3	-10.042	84.7	-219.8
21.31	-10.062	75.3	-179.5
21.32	-10.081	60.7	-130.4
21.33	-10.101	42.9	-92.7
21.34	-10.119	24.0	-57.1
21.35	-10.138	5.7	-24.0
21.36	-10.156	-10.8	-2.8
21.37	-10.176	-24.7	2.2
21.38	-10.197	-35.9	6.8
21.39	-10.217	-44.5	18.8
21.4	-10.238	-51.4	25.7
21.41	-10.256	-57.2	41.4
21.42	-10.273	-61.8	47.9
21.43	-10.289	-64.5	19.9
21.44	-10.305	-64.1	-2.9
21.45	-10.320	-60.3	-7.3
21.46	-10.335	-53.2	-25.8
21.47	-10.349	-43.6	-60.2
21.48	-10.364	-32.9	-92.6
21.49	-10.378	-22.4	-110.3
21.5	-10.393	-13.3	-103.0
21.51	-10.408	-6.1	-93.7
21.52	-10.421	-1.1	-78.0
21.53	-10.433	1.7	-41.9
21.54	-10.445	2.4	1.3
21.55	-10.458	1.4	24.2
21.56	-10.471	-1.1	33.0
21.57	-10.483	-4.6	61.4
21.58	-10.494	-8.9	74.3
21.59	-10.504	-13.6	66.0
21.6	-10.517	-18.4	62.9
21.61	-10.529	-22.9	63.8
21.62	-10.539	-27.0	86.4
21.63	-10.549	-30.6	69.3
21.64	-10.560	-33.5	-140.9
21.65	-10.569	-35.6	-518.4
21.66	-10.578	-36.8	-525.6
21.67	-10.585	-37.1	71.6
21.68	-10.594	-36.7	454.8
21.69	-10.604	-35.7	275.6
21.7	-10.610	-34.4	64.9
21.71	-10.611	-32.9	17.3
21.72	-10.608	-31.2	26.2
21.73	-10.600	-29.4	23.7
21.74	-10.589	-27.8	-1.7
21.75	-10.578	-26.1	-16.4
21.76	-10.567	-23.7	-24.5
21.77	-10.557	-18.4	-35.0
21.78	-10.551	-7.6	-55.7
21.79	-10.546	10.3	-84.5
21.8	-10.542	33.5	-103.8
21.81	-10.538	57.4	-136.3
21.82	-10.535	76.8	-182.2
21.83	-10.529	88.3	-201.5
21.84	-10.521	90.7	-205.3
21.85	-10.508	84.7	-195.3
21.86	-10.490	72.0	-166.6
21.87	-10.471	55.1	-135.1
21.88	-10.454	36.1	-86.3
21.89	-10.437	17.1	-30.3
21.9	-10.419	-0.5	0.8
21.91	-10.403	-15.5	9.1
21.92	-10.388	-27.6	20.8
21.93	-10.370	-37.0	36.1
21.94	-10.349	-44.4	37.2
21.95	-10.326	-50.4	35.0
21.96	-10.301	-55.5	38.2
21.97	-10.274	-59.6	38.3
21.98	-10.247	-61.7	41.8
21.99	-10.218	-60.8	37.3
22.0	-10.188	-56.5	1.2
22.01	-10.157	-49.1	-32.0
22.02	-10.127	-39.6	-52.3
22.03	-10.097	-29.4	-93.7
22.04	-10.068	-19.9	-113.5
22.05	-10.039	-11.9	-90.6
22.06	-10.008	-5.8	-81.3
22.07	-9.977	-1.8	-63.4
22.08	-9.944	0.5	-12.3
22.09	-9.913	1.0	27.8
22.1	-9.882	-0.1	54.8
22.11	-9.852	-2.4	66.7
22.12	-9.821	-5.8	59.8
22.13	-9.789	-10.0	65.4
22.14	-9.758	-14.6	76.0
22.15	-9.728	-19.5	76.9
22.16	-9.697	-24.2	90.5
22.17	-9.664	-28.3	97.8
22.18	-9.632	-31.7	-14.8
22.19	-9.602	-34.3	-330.2
22.2	-9.573	-36.1	-535.0
22.21	-9.546	-37.0	-141.1
22.22	-9.521	-37.2	427.4
22.23	-9.499	-36.8	463.0
22.24	-9.479	-36.1	185.3
22.25	-9.457	-35.0	26.5
22.26	-9.433	-33.5	9.2
22.27	-9.406	-31.6	23.5
22.28	-9.376	-29.4	29.6
22.29	-9.344	-27.0	21.6
22.3	-9.312	-24.4	0.5
22.31	-9.282	-20.5	-21.3
22.32	-9.254	-13.1	-39.0
22.33	-9.230	0.0	-71.9
22.34	-9.208	19.1	-109.0
22.35	-9.188	41.3	-128.1
22.36	-9.169	62.0	-168.3
22.37	-9.153	77.0	-209.0
22.38	-9.137	84.0	-205.7
22.39	-9.121	82.6	-197.9
22.4	-9.105	74.0	-187.9
22.41	-9.089	60.2	-148.9
22.42	-9.076	43.3	-102.9
22.43	-9.065	25.4	-60.1
22.44	-9.052	7.9	-28.2
22.45	-9.037	-7.8	-3.8
22.46	-9.025	-21.0	13.1
22.47	-9.014	-31.5	35.7
22.48	-9.004	-39.8	62.7
22.49	-8.992	-46.3	68.0
22.5	-8.982	-51.9	61.5
22.51	-8.971	-56.8	47.0
22.52	-8.959	-60.3	37.7
22.53	-8.947	-61.3	32.5
22.54	-8.936	-59.2	12.5
22.55	-8.924	-53.9	4.3
22.56	-8.913	-46.0	-9.4
22.57	-8.902	-36.5	-27.4
22.58	-8.891	-26.6	-23.3
22.59	-8.881	-17.4	-45.5
22.6	-8.872	-9.9	-79.7
22.61	-8.863	-4.4	-80.8
22.62	-8.855	-1.1	-78.4
22.63	-8.844	0.1	-61.3
22.64	-8.831	-0.6	-17.8
22.65	-8.816	-2.6	18.7
22.66	-8.803	-5.7	58.4
22.67	-8.789	-9.5	78.0
22.68	-8.777	-13.6	70.8
22.69	-8.763	-17.8	73.1
22.7	-8.750	-21.9	83.7
22.71	-8.737	-25.8	89.3
22.72	-8.723	-29.3	99.9
22.73	-8.706	-32.3	114.4
22.74	-8.691	-34.8	13.4
22.75	-8.678	-36.5	-321.1
22.76	-8.668	-37.6	-592.8
22.77	-8.658	-37.9	-239.8
22.78	-8.649	-37.5	396.0
22.79	-8.642	-36.5	502.8
22.8	-8.634	-35.1	225.6
22.81	-8.626	-33.4	50.3
22.82	-8.614	-31.5	22.8
22.83	-8.601	-29.5	33.0
22.84	-8.584	-27.4	28.8
22.85	-8.566	-25.3	19.2
22.86	-8.549	-22.7	3.8
22.87	-8.534	-17.9	-28.9
22.88	-8.521	-8.3	-40.8
22.89	-8.511	8.1	-52.9
22.9	-8.503	30.4	-81.8
22.91	-8.496	54.2	-103.6
22.92	-8.488	74.3	-146.3
22.93	-8.481	86.9	-186.5
22.94	-8.474	90.4	-193.6
22.95	-8.467	85.2	-193.5
22.96	-8.461	73.1	-188.0
22.97	-8.455	56.5	-165.1
22.98	-8.451	37.6	-129.9
22.99	-8.448	18.7	-84.9
23.0	-8.445	1.1	-35.7
23.01	-8.443	-14.0	-1.8
23.02	-8.442	-26.1	16.7
23.03	-8.444	-35.1	39.3
23.04	-8.445	-41.9	56.5
23.05	-8.444	-47.1	53.9
23.06	-8.443	-51.6	42.5
23.07	-8.439	-55.7	25.6
23.08	-8.436	-58.5	3.9
23.09	-8.435	-59.1	-9.1
23.1	-8.436	-56.7	-6.0
23.11	-8.439	-51.3	17.1
23.12	-8.446	-43.6	25.5
23.13	-8.457	-34.5	-4.9
23.14	-8.471	-25.3	-21.2
23.15	-8.488	-17.0	-32.3
23.16	-8.508	-10.2	-79.7
23.17	-8.531	-5.4	-103.1
23.18	-8.555	-2.6	-83.5
23.19	-8.581	-1.9	-73.7
23.2	-8.606	-2.8	-66.0
23.21	-8.632	-5.0	-33.2
23.22	-8.658	-8.0	11.4
23.23	-8.684	-11.5	48.2
23.24	-8.711	-15.1	50.6
23.25	-8.736	-18.8	41.7
23.26	-8.759	-22.4	58.8
23.27	-8.783	-25.7	72.2
23.28	-8.809	-28.6	70.6
23.29	-8.837	-31.1	87.9
23.3	-8.865	-33.2	117.7
23.31	-8.893	-34.8	87.8
23.32	-8.923	-36.1	-125.8
23.33	-8.954	-36.9	-532.6
23.34	-8.985	-37.1	-567.0
23.35	-9.016	-36.7	41.4
23.36	-9.046	-35.7	455.8
23.37	-9.077	-34.2	307.7
23.38	-9.106	-32.5	81.6
23.39	-9.131	-30.5	11.5
23.4	-9.154	-28.5	20.6
23.41	-9.172	-26.6	18.8
23.42	-9.189	-24.8	4.8
23.43	-9.207	-22.9	-0.3
23.44	-9.227	-19.4	-11.0
23.45	-9.249	-11.7	-30.6
23.46	-9.274	2.9	-57.0
23.47	-9.301	24.5	-67.7
23.48	-9.328	49.4	-76.7
23.49	-9.356	72.1	-124.1
23.5	-9.385	88.0	-183.9
23.51	-9.414	94.5	-220.2
23.52	-9.442	91.6	-208.3
23.53	-9.469	80.7	-178.9
23.54	-9.496	64.2	-160.9
23.55	-9.523	44.9	-125.5
23.56	-9.551	25.2	-80.3
23.57	-9.578	6.7	-53.6
23.58	-9.601	-9.4	-37.0
23.59	-9.626	-22.6	-12.5
23.6	-9.653	-32.7	15.5
23.61	-9.682	-40.0	32.7
23.62	-9.711	-45.2	49.2
23.63	-9.740	-49.2	55.7
23.64	-9.768	-52.8	44.1
23.65	-9.794	-55.9	36.9
23.66	-9.819	-57.6	8.9
23.67	-9.845	-56.8	-14.1
23.68	-9.870	-53.0	-0.3
23.69	-9.893	-46.7	6.1
23.7	-9.914	-38.6	-0.6
23.71	-9.935	-29.7	-5.8
23.72	-9.957	-20.8	-12.7
23.73	-9.979	-13.0	-25.0
23.74	-10.001	-6.8	-58.2
23.75	-10.024	-2.5	-95.8
23.76	-10.048	-0.4	-95.9
23.77	-10.071	-0.2	-81.8
23.78	-10.090	-1.8	-71.7
23.79	-10.108	-4.8	-36.4
23.8	-10.124	-8.6	10.0
23.81	-10.143	-12.7	41.3
23.82	-10.162	-16.6	46.7
23.83	-10.181	-20.3	39.4
23.84	-10.200	-23.5	55.3
23.85	-10.218	-26.5	78.7
23.86	-10.236	-29.0	70.8
23.87	-10.253	-31.1	60.1
23.88	-10.270	-32.8	81.8
23.89	-10.286	-34.2	72.5
23.9	-10.301	-35.3	-101.1
23.91	-10.316	-35.9	-470.2
23.92	-10.330	-36.1	-591.8
23.93	-10.343	-35.9	-80.4
23.94	-10.358	-35.4	401.8
23.95	-10.373	-34.7	317.9
23.96	-10.386	-33.7	94.0
23.97	-10.396	-32.3	4.7
23.98	-10.401	-30.6	-6.7
23.99	-10.404	-28.7	15.5
24.0	-10.406	-26.7	23.2
24.01	-10.409	-24.5	10.2
24.02	-10.413	-21.2	-13.8
24.03	-10.419	-14.9	-37.8
24.04	-10.427	-2.7	-58.6
24.05	-10.437	16.6	-71.3
24.06	-10.448	40.7	-95.7
24.07	-10.459	64.5	-141.4
24.08	-10.469	82.7	-168.5
24.09	-10.479	92.2	-189.2
24.1	-10.487	92.4	-207.8
24.11	-10.493	84.2	-206.8
24.12	-10.495	69.8	-187.9
24.13	-10.496	51.6	-145.5
24.14	-10.497	32.0	-97.5
24.15	-10.498	12.9	-61.4
24.16	-10.498	-4.2	-30.5
24.17	-10.496	-18.5	0.4
24.18	-10.497	-29.7	28.7
24.19	-10.498	-38.0	47.1
24.2	-10.497	-43.9	38.4
24.21	-10.494	-48.4	27.2
24.22	-10.487	-52.2	32.1
24.23	-10.475	-55.6	32.9
24.24	-10.458	-58.0	30.0
24.25	-10.434	-58.1	16.9
24.26	-10.407	-55.3	4.8
24.27	-10.375	-49.4	14.6
24.28	-10.340	-41.2	18.2
24.29	-10.304	-31.8	2.8
24.3	-10.266	-22.3	-25.8
24.31	-10.229	-13.8	-48.8
24.32	-10.193	-7.1	-64.9
24.33	-10.156	-2.5	-78.6
24.34	-10.121	-0.1	-78.5
24.35	-10.084	0.4	-75.2
24.36	-10.045	-1.1	-60.8
24.37	-10.006	-3.9	-21.9
24.38	-9.967	-7.4	14.8
24.39	-9.931	-11.0	33.8
24.4	-9.895	-14.7	38.2
24.41	-9.860	-18.3	38.3
24.42	-9.824	-21.9	54.8
24.43	-9.787	-25.4	78.9
24.44	-9.751	-28.7	85.3
24.45	-9.716	-31.4	78.5
24.46	-9.681	-33.5	90.1
24.47	-9.644	-35.0	92.6
24.48	-9.609	-36.2	-40.4
24.49	-9.576	-36.8	-400.2
24.5	-9.546	-36.9	-596.0
24.51	-9.517	-36.3	-132.5
24.52	-9.491	-35.2	405.0
24.53	-9.467	-34.0	374.1
24.54	-9.443	-32.6	131.4
24.55	-9.415	-31.0	31.6
24.56	-9.386	-29.2	20.5
24.57	-9.354	-27.3	16.2
24.58	-9.321	-25.6	28.8
24.59	-9.287	-23.9	29.9
24.6	-9.254	-21.6	8.1
24.61	-9.224	-16.9	-13.9
24.62	-9.197	-7.2	-29.4
24.63	-9.172	9.4	-42.2
24.64	-9.149	31.4	-67.1
24.65	-9.127	54.6	-109.4
24.66	-9.107	73.6	-158.6
24.67	-9.089	84.9	-191.8
24.68	-9.072	87.3	-184.8
24.69	-9.056	81.5	-169.1
24.7	-9.039	69.2	-160.3
24.71	-9.023	52.8	-115.9
24.72	-9.008	34.5	-72.4
24.73	-8.994	16.2	-45.5
24.74	-8.978	-0.5	-9.0
24.75	-8.961	-15.0	15.6
24.76	-8.946	-26.7	28.4
24.77	-8.934	-35.7	37.4
24.78	-8.924	-42.3	52.3
24.79	-8.914	-47.2	70.0
24.8	-8.902	-51.4	59.2
24.81	-8.889	-55.0	47.8
24.82	-8.875	-57.4	48.1
24.83	-8.862	-57.8	39.9
24.84	-8.849	-55.4	26.4
24.85	-8.839	-50.1	21.4
24.86	-8.828	-42.6	19.0
24.87	-8.816	-33.7	5.3
24.88	-8.805	-24.7	11.0
24.89	-8.795	-16.5	13.8
24.9	-8.786	-9.7	-10.1
24.91	-8.776	-4.7	-30.5
24.92	-8.768	-1.8	-57.6
24.93	-8.761	-0.9	-73.7
24.94	-8.753	-1.8	-61.8
24.95	-8.743	-4.2	-53.3
24.96	-8.733	-7.5	-35.4
24.97	-8.723	-11.3	15.8
24.98	-8.713	-15.2	50.8
24.99	-8.702	-18.8	54.8
25.0	-8.692	-22.0	58.5
25.01	-8.681	-25.0	69.7
25.02	-8.671	-27.7	84.4
25.03	-8.661	-30.0	93.9
25.04	-8.652	-32.0	95.9
25.05	-8.643	-33.5	108.2
25.06	-8.632	-34.7	122.3
25.07	-8.623	-35.5	-8.8
25.08	-8.616	-36.0	-389.8
25.09	-8.611	-36.1	-607.6
25.1	-8.606	-35.7	-177.2
25.11	-8.604	-35.0	382.3
25.12	-8.601	-34.0	401.8
25.13	-8.598	-32.7	162.8
25.14	-8.592	-31.2	48.0
25.15	-8.584	-29.5	36.5
25.16	-8.572	-27.8	52.1
25.17	-8.559	-25.9	47.7
25.18	-8.545	-23.8	2.3
25.19	-8.531	-20.9	-22.8
25.2	-8.518	-15.6	-3.5
25.21	-8.508	-5.2	-8.8
25.22	-8.499	12.2	-45.9
25.23	-8.493	35.3	-63.4
25.24	-8.488	59.1	-83.4
25.25	-8.484	78.3	-131.5
25.26	-8.480	89.1	-179.7
25.27	-8.477	90.6	-208.0
25.28	-8.475	83.6	-197.1
25.29	-8.473	70.0	-156.2
25.3	-8.471	52.4	-123.3
25.31	-8.471	33.2	-91.3
25.32	-8.473	14.4	-43.3
25.33	-8.473	-2.8	-8.1
25.34	-8.473	-17.3	13.7
25.35	-8.474	-28.9	19.3
25.36	-8.476	-37.5	6.8
25.37	-8.476	-43.8	19.8
25.38	-8.476	-48.3	37.1
25.39	-8.474	-51.9	47.4
25.4	-8.474	-55.0	50.9
25.41	-8.474	-57.1	37.2
25.42	-8.475	-57.2	31.2
25.43	-8.478	-54.6	26.6
25.44	-8.481	-49.3	17.2
25.45	-8.487	-41.8	9.8
25.46	-8.496	-33.1	1.4
25.47	-8.509	-24.4	-9.6
25.48	-8.527	-16.4	-19.5
25.49	-8.551	-9.8	-37.4
25.5	-8.577	-4.9	-68.8
25.51	-8.606	-1.9	-79.1
25.52	-8.637	-1.0	-82.6
25.53	-8.670	-1.8	-84.3
25.54	-8.706	-4.2	-66.2
25.55	-8.743	-7.5	-30.2
25.56	-8.782	-11.4	13.9
25.57	-8.821	-15.3	44.9
25.58	-8.859	-19.0	74.4
25.59	-8.895	-22.4	86.1
25.6	-8.929	-25.3	66.5
25.61	-8.963	-28.0	47.3
25.62	-8.999	-30.3	62.9
25.63	-9.036	-32.2	92.4
25.64	-9.072	-33.7	117.4
25.65	-9.109	-35.0	102.0
25.66	-9.147	-35.9	-120.2
25.67	-9.184	-36.4	-533.7
25.68	-9.220	-36.3	-571.7
25.69	-9.256	-35.8	19.1
25.7	-9.293	-34.9	445.0
25.71	-9.329	-33.7	312.7
25.72	-9.364	-32.2	91.3
25.73	-9.395	-30.5	22.6
25.74	-9.421	-28.7	29.3
25.75	-9.443	-26.9	35.0
25.76	-9.462	-24.9	26.8
25.77	-9.481	-22.7	8.9
25.78	-9.502	-19.6	-11.0
25.79	-9.524	-13.7	-27.3
25.8	-9.547	-2.2	-45.9
25.81	-9.572	16.3	-70.7
25.82	-9.596	39.7	-102.3
25.83	-9.621	63.0	-156.6
25.84	-9.646	81.0	-201.4
25.85	-9.672	90.4	-196.5
25.86	-9.699	90.4	-189.4
25.87	-9.724	82.1	-190.7
25.88	-9.746	67.8	-168.8
25.89	-9.769	49.8	-128.6
25.9	-9.792	30.5	-89.8
25.91	-9.815	11.8	-66.6
25.92	-9.838	-5.1	-48.7
25.93	-9.860	-19.3	-3.5
25.94	-9.884	-30.5	45.8
25.95	-9.909	-38.7	54.6
25.96	-9.935	-44.6	43.8
25.97	-9.960	-49.1	41.2
25.98	-9.984	-52.9	37.8
25.99	-10.008	-56.3	27.4
26.0	-10.031	-58.4	16.2
26.01	-10.055	-58.2	4.5
26.02	-10.078	-55.1	2.9
26.03	-10.098	-49.1	17.8
26.04	-10.117	-40.7	16.1
26.05	-10.136	-31.1	-10.8
26.06	-10.156	-21.5	-36.9
26.07	-10.175	-13.0	-62.8
26.08	-10.194	-6.3	-89.6
26.09	-10.214	-1.7	-104.4
26.1	-10.234	0.7	-104.2
26.11	-10.251	0.9	-89.9
26.12	-10.266	-0.4	-56.6
26.13	-10.283	-2.8	4.3
26.14	-10.299	-6.0	49.3
26.15	-10.314	-9.6	64.7
26.16	-10.328	-13.4	65.8
26.17	-10.340	-17.4	59.9
26.18	-10.352	-21.2	60.3
26.19	-10.366	-24.7	56.8
26.2	-10.381	-27.9	56.4
26.21	-10.394	-30.7	74.1
26.22	-10.407	-32.9	70.3
26.23	-10.421	-34.6	-118.1
26.24	-10.434	-35.6	-493.7
26.25	-10.445	-36.1	-539.6
26.26	-10.456	-36.0	7.1
26.27	-10.469	-35.5	423.5
26.28	-10.483	-34.7	298.4
26.29	-10.494	-33.5	89.0
26.3	-10.501	-32.1	28.4
26.31	-10.503	-30.6	23.2
26.32	-10.499	-28.9	13.4
26.33	-10.493	-27.3	7.3
26.34	-10.485	-25.6	5.3
26.35	-10.478	-23.3	-19.7
26.36	-10.472	-19.0	-50.1
26.37	-10.466	-9.9	-63.4
26.38	-10.463	6.0	-72.6
26.39	-10.459	28.0	-98.6
26.4	-10.456	51.9	-132.6
26.41	-10.451	72.3	-163.6
26.42	-10.444	85.2	-198.4
26.43	-10.433	89.1	-219.7
26.44	-10.416	84.5	-206.2
26.45	-10.395	73.1	-184.8
26.46	-10.371	57.1	-148.4
26.47	-10.348	38.8	-97.5
26.48	-10.326	20.2	-56.3
26.49	-10.303	2.8	-16.9
26.5	-10.280	-12.5	12.5
26.51	-10.258	-25.1	30.8
26.52	-10.235	-34.9	37.7
26.53	-10.211	-42.3	32.8
26.54	-10.186	-48.0	33.5
26.55	-10.159	-52.8	35.1
26.56	-10.131	-57.0	26.7
26.57	-10.102	-60.0	22.0
26.58	-10.072	-60.5	25.3
26.59	-10.040	-58.0	19.4
26.6	-10.008	-52.3	2.3
26.61	-9.976	-43.9	-7.1
26.62	-9.944	-34.1	-14.1
26.63	-9.912	-24.1	-55.7
26.64	-9.882	-15.1	-123.9
26.65	-9.852	-7.7	-122.4
26.66	-9.822	-2.4	-81.8
26.67	-9.790	0.7	-71.5
26.68	-9.758	1.8	-34.6
26.69	-9.726	1.2	21.4
26.7	-9.696	-0.7	47.6
26.71	-9.667	-3.7	48.3
26.72	-9.639	-7.4	46.5
26.73	-9.612	-11.5	60.2
26.74	-9.584	-15.8	74.4
26.75	-9.558	-19.9	71.2
26.76	-9.533	-23.8	81.8
26.77	-9.506	-27.3	114.5
26.78	-9.477	-30.3	95.8
26.79	-9.450	-32.9	-89.7
26.8	-9.426	-34.8	-453.7
26.81	-9.402	-36.0	-505.4
26.82	-9.381	-36.5	60.1
26.83	-9.363	-36.4	517.7
26.84	-9.345	-35.7	403.2
26.85	-9.328	-34.7	136.1
26.86	-9.308	-33.4	24.3
26.87	-9.286	-31.8	14.2
26.88	-9.263	-30.1	13.5
26.89	-9.236	-28.3	4.2
26.9	-9.207	-26.3	-14.2
26.91	-9.178	-23.9	-25.8
26.92	-9.153	-20.0	-21.0
26.93	-9.131	-12.1	-28.3
26.94	-9.112	1.9	-65.8
26.95	-9.094	22.0	-107.1
26.96	-9.079	45.0	-137.2
26.97	-9.065	65.8	-178.3
26.98	-9.053	80.0	-210.0
26.99	-9.041	85.5	-203.7
27.0	-9.031	82.4	-189.0
27.01	-9.019	72.3	-183.8
27.02	-9.008	57.4	-151.5
27.03	-8.998	39.8	-102.1
27.04	-8.989	21.4	-70.7
27.05	-8.980	3.9	-23.4
27.06	-8.971	-11.8	18.2
27.07	-8.964	-24.6	30.1
27.08	-8.957	-34.6	35.7
27.09	-8.949	-42.2	44.6
27.1	-8.941	-48.0	56.3
27.11	-8.934	-52.9	47.6
27.12	-8.926	-56.8	26.3
27.13	-8.916	-59.3	15.6
27.14	-8.904	-59.5	20.9
27.15	-8.894	-56.8	25.1
27.16	-8.884	-51.3	13.6
27.17	-8.874	-43.6	-10.6
27.18	-8.865	-34.4	-23.2
27.19	-8.858	-25.1	-28.1
27.2	-8.853	-16.4	-55.7
27.21	-8.849	-9.2	-98.9
27.22	-8.844	-3.7	-120.6
27.23	-8.838	-0.2	-87.5
27.24	-8.831	1.0	-29.7
27.25	-8.824	0.2	25.6
27.26	-8.816	-2.0	41.5
27.27	-8.808	-5.2	27.1
27.28	-8.801	-8.7	31.4
27.29	-8.793	-12.4	71.0
27.3	-8.785	-16.3	109.5
27.31	-8.777	-20.1	108.9
27.32	-8.770	-23.8	92.8
27.33	-8.761	-27.3	98.1
27.34	-8.751	-30.5	107.5
27.35	-8.742	-33.4	-24.9
27.36	-8.737	-35.6	-381.5
27.37	-8.733	-36.9	-568.7
27.38	-8.731	-37.3	-97.2
27.39	-8.729	-37.0	496.4
27.4	-8.729	-36.1	482.3
27.41	-8.728	-34.8	183.3
27.42	-8.724	-33.3	25.7
27.43	-8.718	-31.8	-3.5
27.44	-8.710	-30.2	0.0
27.45	-8.700	-28.5	-4.0
27.46	-8.688	-26.2	-1.6
27.47	-8.674	-23.2	7.0
27.48	-8.661	-18.9	-1.2
27.49	-8.651	-10.6	-42.7
27.5	-8.643	4.4	-94.5
27.51	-8.636	25.8	-135.4
27.52	-8.631	50.0	-155.1
27.53	-8.626	71.5	-167.6
27.54	-8.623	86.0	-193.8
27.55	-8.620	91.4	-207.4
27.56	-8.618	87.8	-179.4
27.57	-8.617	77.3	-165.6
27.58	-8.616	62.0	-188.0
27.59	-8.616	43.9	-151.9
27.6	-8.616	25.0	-73.6
27.61	-8.614	6.8	-30.0
27.62	-8.610	-9.4	-10.6
27.63	-8.608	-23.0	7.6
27.64	-8.609	-33.6	12.8
27.65	-8.610	-41.8	4.9
27.66	-8.611	-47.9	19.3
27.67	-8.611	-52.9	28.6
27.68	-8.609	-57.0	11.8
27.69	-8.609	-59.6	2.0
27.7	-8.607	-59.9	0.8
27.71	-8.606	-57.2	-7.1
27.72	-8.605	-51.7	-40.6
27.73	-8.604	-43.8	-56.3
27.74	-8.605	-34.4	-47.7
27.75	-8.607	-24.7	-72.8
27.76	-8.613	-15.9	-121.5
27.77	-8.619	-8.5	-144.1
27.78	-8.626	-3.1	-150.5
27.79	-8.633	0.2	-132.9
27.8	-8.639	1.6	-65.2
27.81	-8.644	1.2	2.3
27.82	-8.648	-0.7	28.0
27.83	-8.651	-3.7	21.5
27.84	-8.654	-7.7	24.5
27.85	-8.655	-12.7	27.4
27.86	-8.656	-17.5	12.5
27.87	-8.658	-21.4	19.3
27.88	-8.661	-25.0	42.5
27.89	-8.661	-28.5	67.7
27.9	-8.661	-31.7	44.7
27.91	-8.666	-34.2	-191.1
27.92	-8.679	-35.8	-571.3
27.93	-8.698	-36.5	-512.8
27.94	-8.719	-36.5	101.3
27.95	-8.741	-36.0	446.5
27.96	-8.760	-35.2	240.8
27.97	-8.776	-34.1	7.3
27.98	-8.787	-32.6	-31.8
27.99	-8.791	-31.0	-15.4
28.0	-8.789	-29.3	-26.2
28.01	-8.781	-27.6	-29.6
28.02	-8.769	-25.3	-11.0
28.03	-8.759	-21.4	-7.0
28.04	-8.751	-14.3	-38.7
28.05	-8.748	-1.9	-71.7
28.06	-8.746	16.6	-94.6
28.07	-8.744	39.9	-125.2
28.08	-8.744	63.4	-159.9
28.09	-8.745	81.4	-179.6
28.1	-8.746	90.8	-169.5
28.11	-8.750	91.0	-165.3
28.12	-8.755	83.3	-167.7
28.13	-8.763	70.0	-141.6
28.14	-8.774	53.9	-98.2
28.15	-8.789	36.8	-69.1
28.16	-8.803	18.9	-40.4
28.17	-8.813	0.8	2.0
28.18	-8.821	-15.2	33.2
28.19	-8.829	-27.5	38.0
28.2	-8.836	-36.0	36.2
28.21	-8.840	-41.8	47.2
28.22	-8.844	-46.9	57.3
28.23	-8.849	-52.2	54.8
28.24	-8.855	-56.9	23.4
28.25	-8.863	-59.6	10.5
28.26	-8.873	-59.3	23.5
28.27	-8.884	-55.7	-1.0
28.28	-8.896	-49.1	-14.3
28.29	-8.908	-40.4	-12.8
28.3	-8.917	-30.8	-56.5
28.31	-8.925	-21.6	-102.5
28.32	-8.933	-13.7	-110.0
28.33	-8.939	-7.5	-98.1
28.34	-8.946	-3.1	-70.9
28.35	-8.952	-0.4	-33.7
28.36	-8.959	0.6	12.1
28.37	-8.967	0.2	43.8
28.38	-8.974	-1.4	46.6
28.39	-8.981	-4.3	57.1
28.4	-8.986	-8.1	85.3
28.41	-8.989	-12.5	98.5
28.42	-8.994	-17.2	80.5
28.43	-8.999	-21.8	81.7
28.44	-9.000	-26.1	122.1
28.45	-8.994	-30.1	123.5
28.46	-8.991	-33.6	-67.6
28.47	-8.994	-36.3	-443.4
28.48	-9.004	-37.9	-478.7
28.49	-9.017	-38.7	106.9
28.5	-9.031	-38.6	530.9
28.51	-9.045	-38.0	358.8
28.52	-9.058	-36.9	85.7
28.53	-9.067	-35.6	-9.9
28.54	-9.068	-33.9	-0.7
28.55	-9.059	-31.7	23.2
28.56	-9.043	-29.2	31.6
28.57	-9.024	-26.7	13.6
28.58	-9.006	-23.8	-15.0
28.59	-8.992	-18.5	-31.3
28.6	-8.984	-7.8	-49.8
28.61	-8.979	9.7	-81.3
28.62	-8.975	32.5	-105.3
28.63	-8.972	56.2	-117.4
28.64	-8.968	75.5	-159.7
28.65	-8.964	86.9	-191.9
28.66	-8.961	89.4	-185.9
28.67	-8.958	83.7	-184.8
28.68	-8.956	71.4	-181.7
28.69	-8.954	54.7	-136.5
28.7	-8.955	36.0	-66.5
28.71	-8.956	17.1	-32.6
28.72	-8.955	-0.4	-12.0
28.73	-8.956	-15.4	10.1
28.74	-8.961	-27.5	18.0
28.75	-8.966	-36.9	30.1
28.76	-8.968	-44.1	24.6
28.77	-8.967	-49.9	24.5
28.78	-8.963	-54.8	26.9
28.79	-8.958	-58.2	24.8
28.8	-8.954	-59.3	36.9
28.81	-8.951	-58.6	9.7
28.82	-8.952	-55.6	-30.9
28.83	-8.956	-48.4	-48.3
28.84	-8.964	-38.1	-61.8
28.85	-8.978	-27.3	-81.3
28.86	-8.993	-17.4	-108.1
28.87	-9.009	-9.1	-116.6
28.88	-9.026	-2.8	-100.2
28.89	-9.043	1.0	-66.9
28.9	-9.060	2.6	-25.4
28.91	-9.078	2.4	5.3
28.92	-9.098	0.8	40.0
28.93	-9.119	-2.0	78.5
28.94	-9.142	-5.7	89.9
28.95	-9.165	-10.1	75.4
28.96	-9.189	-14.7	65.7
28.97	-9.216	-19.3	65.1
28.98	-9.242	-23.8	88.3
28.99	-9.264	-27.9	117.5
29.0	-9.287	-31.6	-0.1
29.01	-9.313	-34.7	-334.7
29.02	-9.340	-37.1	-510.7
29.03	-9.369	-38.6	-78.5
29.04	-9.399	-39.1	454.4
29.05	-9.430	-38.9	420.6
29.06	-9.460	-37.9	146.0
29.07	-9.489	-36.4	15.9
29.08	-9.514	-34.5	2.6
29.09	-9.536	-32.6	21.7
29.1	-9.554	-30.9	15.1
29.11	-9.572	-29.1	-8.3
29.12	-9.591	-26.3	-43.4
29.13	-9.613	-22.0	-73.1
29.14	-9.637	-14.3	-74.8
29.15	-9.662	-0.8	-79.4
29.16	-9.689	18.9	-103.8
29.17	-9.716	42.3	-145.7
29.18	-9.743	64.2	-188.6
29.19	-9.771	80.1	-213.8
29.2	-9.798	87.4	-238.9
29.21	-9.826	86.1	-218.0
29.22	-9.854	77.0	-164.5
29.23	-9.881	62.2	-147.2
29.24	-9.909	44.4	-126.3
29.25	-9.938	25.5	-85.8
29.26	-9.964	7.1	-49.9
29.27	-9.990	-9.4	-27.8
29.28	-10.017	-23.4	-7.3
29.29	-10.043	-34.7	9.0
29.3	-10.069	-43.6	14.1
29.31	-10.095	-50.6	22.7
29.32	-10.121	-56.1	26.6
29.33	-10.147	-60.4	18.6
29.34	-10.172	-63.0	-4.0
29.35	-10.196	-63.2	-30.5
29.36	-10.221	-60.4	-43.9
29.37	-10.245	-54.7	-76.2
29.38	-10.271	-46.5	-125.7
29.39	-10.297	-36.7	-144.3
29.4	-10.324	-26.5	-140.2
29.41	-10.348	-17.0	-128.2
29.42	-10.370	-9.1	-100.4
29.43	-10.389	-3.0	-52.2
29.44	-10.409	0.8	-7.1
29.45	-10.429	2.6	19.0
29.46	-10.449	2.6	30.8
29.47	-10.468	0.7	21.9
29.48	-10.487	-2.7	13.7
29.49	-10.504	-7.1	25.3
29.5	-10.520	-12.3	35.3
29.51	-10.534	-17.5	55.3
29.52	-10.547	-22.6	63.1
29.53	-10.561	-27.3	-49.3
29.54	-10.578	-31.5	-362.6
29.55	-10.595	-34.4	-568.5
29.56	-10.611	-35.8	-147.9
29.57	-10.629	-36.1	443.3
29.58	-10.650	-35.6	445.1
29.59	-10.671	-34.7	159.2
29.6	-10.691	-33.3	9.7
29.61	-10.708	-31.7	-22.2
29.62	-10.723	-30.0	-25.8
29.63	-10.738	-28.6	-36.3
29.64	-10.756	-27.4	-33.6
29.65	-10.775	-26.3	-35.7
29.66	-10.797	-24.5	-63.3
29.67	-10.823	-19.9	-95.1
29.68	-10.851	-9.9	-115.0
29.69	-10.883	7.0	-140.3
29.7	-10.916	28.9	-188.8
29.71	-10.950	51.3	-226.7
29.72	-10.984	69.5	-224.5
29.73	-11.018	80.2	-223.7
29.74	-11.049	82.1	-235.5
29.75	-11.076	76.0	-222.5
29.76	-11.106	64.0	-180.7
29.77	-11.139	48.1	-147.4
29.78	-11.177	30.3	-125.7
29.79	-11.215	12.4	-62.0
29.8	-11.253	-4.0	-5.4
29.81	-11.291	-18.1	2.6
29.82	-11.329	-29.7	12.8
29.83	-11.366	-38.9	17.5
29.84	-11.401	-46.3	13.8
29.85	-11.435	-52.7	16.3
29.86	-11.469	-58.3	10.4
29.87	-11.505	-62.4	-10.6
29.88	-11.541	-63.7	-37.3
29.89	-11.578	-61.6	-70.0
29.9	-11.614	-56.1	-106.4
29.91	-11.652	-47.6	-124.0
29.92	-11.688	-37.3	-133.3
29.93	-11.724	-26.7	-129.4
29.94	-11.758	-16.9	-105.2
29.95	-11.791	-8.4	-74.4
29.96	-11.826	-1.9	-24.8
29.97	-11.861	2.4	8.8
29.98	-11.898	4.4	18.4
29.99	-11.933	4.0	24.2
30.0	-11.967	1.8	22.6
30.01	-12.002	-1.7	31.3
30.02	-12.038	-6.1	24.4
30.03	-12.071	-11.1	13.4
30.04	-12.102	-16.4	23.5
30.05	-12.133	-21.5	-71.2
30.06	-12.162	-26.0	-387.3
30.07	-12.189	-29.7	-574.4
30.08	-12.218	-32.7	-167.1
30.09	-12.249	-34.6	346.5
30.1	-12.282	-35.5	321.3
30.11	-12.313	-35.5	58.4
30.12	-12.342	-34.8	-54.4
30.13	-12.369	-33.7	-35.9
30.14	-12.393	-32.2	-19.8
30.15	-12.414	-30.6	-43.8
30.16	-12.434	-28.9	-51.9
30.17	-12.453	-27.0	-53.7
30.18	-12.473	-24.4	-79.4
30.19	-12.492	-19.3	-105.2
30.2	-12.513	-9.1	-127.6
30.21	-12.534	7.8	-159.1
30.22	-12.556	29.6	-179.0
30.23	-12.576	52.1	-209.5
30.24	-12.595	70.6	-234.9
30.25	-12.613	82.0	-228.8
30.26	-12.631	85.0	-216.7
30.27	-12.651	80.2	-196.0
30.28	-12.674	69.0	-166.8
30.29	-12.699	53.5	-127.8
30.3	-12.725	35.6	-82.4
30.31	-12.749	17.5	-59.3
30.32	-12.772	0.5	-44.3
30.33	-12.791	-14.5	-23.3
30.34	-12.806	-27.0	-19.5
30.35	-12.815	-37.4	-2.7
30.36	-12.819	-46.0	11.0
30.37	-12.819	-53.4	9.1
30.38	-12.813	-59.6	-0.6
30.39	-12.803	-63.9	-32.3
30.4	-12.791	-65.1	-60.8
30.41	-12.778	-62.5	-89.7
30.42	-12.762	-56.0	-125.0
30.43	-12.744	-46.6	-144.7
30.44	-12.724	-35.6	-139.1
30.45	-12.704	-24.5	-113.1
30.46	-12.688	-14.1	-73.7
30.47	-12.674	-5.3	-29.7
30.48	-12.666	1.5	7.3
30.49	-12.659	5.9	25.8
30.5	-12.653	7.8	13.9
30.51	-12.644	7.4	5.7
30.52	-12.634	4.9	18.6
30.53	-12.623	1.0	36.3
30.54	-12.613	-4.2	51.7
30.55	-12.599	-10.0	71.9
30.56	-12.582	-16.0	46.7
30.57	-12.563	-21.6	-161.3
30.58	-12.541	-26.6	-490.4
30.59	-12.516	-30.4	-435.3
30.6	-12.493	-33.1	106.2
30.61	-12.476	-34.6	417.2
30.62	-12.463	-35.2	261.0
30.63	-12.449	-34.9	66.1
30.64	-12.429	-34.1	17.3
30.65	-12.401	-32.8	16.7
30.66	-12.364	-31.2	1.3
30.67	-12.321	-29.4	-7.4
30.68	-12.278	-27.4	1.2
30.69	-12.235	-25.2	23.9
30.7	-12.196	-21.6	12.0
30.71	-12.161	-14.5	-35.3
30.72	-12.129	-1.8	-74.9
30.73	-12.099	16.8	-92.2
30.74	-12.072	38.4	-110.4
30.75	-12.046	58.7	-142.4
30.76	-12.023	73.8	-153.9
30.77	-12.002	81.6	-149.6
30.78	-11.981	81.5	-135.8
30.79	-11.961	74.0	-109.1
30.8	-11.943	60.7	-75.9
30.81	-11.928	44.0	-40.0
30.82	-11.912	26.0	-14.1
30.83	-11.893	8.4	9.6
30.84	-11.872	-7.8	40.0
30.85	-11.849	-22.0	64.3
30.86	-11.823	-34.0	68.2
30.87	-11.793	-43.9	45.1
30.88	-11.761	-52.2	35.7
30.89	-11.726	-59.2	54.8
30.9	-11.690	-64.4	45.8
30.91	-11.653	-66.9	22.6
30.92	-11.617	-65.7	-6.6
30.93	-11.581	-60.7	-43.5
30.94	-11.544	-52.3	-49.0
30.95	-11.511	-41.8	-67.1
30.96	-11.478	-30.7	-60.4
30.97	-11.447	-20.0	-0.9
30.98	-11.417	-10.6	29.3
30.99	-11.388	-2.9	57.0
31.0	-11.358	2.5	88.4
31.01	-11.324	5.5	102.1
31.02	-11.289	6.0	117.1
31.03	-11.251	4.3	111.1
31.04	-11.213	1.0	98.3
31.05	-11.176	-3.6	90.7
31.06	-11.134	-8.9	87.8
31.07	-11.090	-14.5	87.1
31.08	-11.043	-19.9	-61.4
31.09	-10.996	-24.8	-361.5
31.1	-10.947	-28.9	-314.3
31.11	-10.899	-32.0	223.8
31.12	-10.856	-34.2	531.5
31.13	-10.818	-35.4	345.8
31.14	-10.784	-35.8	104.4
31.15	-10.749	-35.5	37.8
31.16	-10.711	-34.9	65.5
31.17	-10.671	-34.1	79.0
31.18	-10.628	-33.1	75.2
31.19	-10.584	-31.6	57.1
31.2	-10.541	-29.8	23.4
31.21	-10.499	-27.0	9.6
31.22	-10.458	-21.8	2.4
31.23	-10.419	-11.8	-29.8
31.24	-10.385	4.2	-55.1
31.25	-10.354	24.7	-87.8
31.26	-10.324	45.8	-123.0
31.27	-10.296	63.0	-115.9
31.28	-10.269	73.4	-104.3
31.29	-10.240	75.9	-104.0
31.3	-10.210	71.0	-81.9
31.31	-10.182	60.3	-54.0
31.32	-10.154	45.4	-35.0
31.33	-10.124	28.5	7.5
31.34	-10.094	11.3	56.1
31.35	-10.064	-4.8	74.8
31.36	-10.033	-19.2	77.9
31.37	-10.001	-31.8	95.5
31.38	-9.970	-42.6	107.2
31.39	-9.940	-52.0	91.5
31.4	-9.909	-60.0	72.0
31.41	-9.879	-65.9	55.4
31.42	-9.851	-68.7	39.2
31.43	-9.821	-67.8	22.6
31.44	-9.793	-63.2	-19.6
31.45	-9.764	-55.5	-47.9
31.46	-9.736	-45.9	-43.2
31.47	-9.706	-36.0	-39.0
31.48	-9.674	-27.0	-9.9
31.49	-9.643	-19.2	36.8
31.5	-9.613	-12.7	73.6
31.51	-9.585	-7.4	110.7
31.52	-9.557	-3.5	129.4
31.53	-9.529	-1.4	145.0
31.54	-9.502	-1.3	150.0
31.55	-9.473	-2.7	124.8
31.56	-9.445	-5.4	118.5
31.57	-9.416	-9.1	139.9
31.58	-9.386	-13.8	155.8
31.59	-9.356	-19.1	61.1
31.6	-9.327	-24.4	-240.3
31.61	-9.299	-29.2	-421.4
31.62	-9.273	-33.1	-8.4
31.63	-9.247	-35.7	535.8
31.64	-9.224	-37.1	515.9
31.65	-9.203	-37.6	234.8
31.66	-9.179	-37.3	102.0
31.67	-9.151	-36.5	87.5
31.68	-9.122	-35.4	104.6
31.69	-9.091	-34.2	103.3
31.7	-9.061	-33.0	89.0
31.71	-9.033	-31.7	61.6
31.72	-9.006	-29.3	31.1
31.73	-8.981	-24.0	22.4
31.74	-8.958	-13.1	15.8
31.75	-8.936	4.4	13.3
31.76	-8.914	26.4	-4.9
31.77	-8.892	48.4	-61.7
31.78	-8.870	65.7	-104.8
31.79	-8.850	75.3	-109.8
31.8	-8.831	76.2	-95.7
31.81	-8.812	69.1	-86.2
31.82	-8.794	56.0	-72.2
31.83	-8.776	39.3	-11.3
31.84	-8.759	21.2	42.3
31.85	-8.739	3.5	67.8
31.86	-8.721	-12.5	95.3
31.87	-8.702	-26.3	107.4
31.88	-8.683	-37.8	103.3
31.89	-8.665	-47.4	102.1
31.9	-8.647	-55.6	112.0
31.91	-8.629	-62.3	115.3
31.92	-8.611	-67.1	93.0
31.93	-8.594	-69.2	73.0
31.94	-8.576	-67.8	78.4
31.95	-8.559	-62.9	48.7
31.96	-8.541	-54.9	-18.3
31.97	-8.525	-44.8	-46.1
31.98	-8.510	-34.0	-28.3
31.99	-8.494	-24.0	-29.8
32.0	-8.476	-15.6	-19.2
32.01	-8.458	-9.0	50.0
32.02	-8.441	-4.4	107.9
32.03	-8.422	-1.9	121.8
32.04	-8.404	-1.4	127.0
32.05	-8.384	-2.6	136.4
32.06	-8.363	-5.3	139.4
32.07	-8.343	-9.4	128.6
32.08	-8.324	-14.3	117.5
32.09	-8.305	-19.5	145.6
32.1	-8.286	-24.6	188.2
32.11	-8.267	-29.2	114.3
32.12	-8.251	-33.0	-198.6
32.13	-8.236	-36.0	-438.6
32.14	-8.223	-38.0	-68.8
32.15	-8.212	-39.1	500.6
32.16	-8.202	-39.4	531.3
32.17	-8.192	-38.9	247.7
32.18	-8.181	-37.9	76.8
32.19	-8.169	-36.5	48.6
32.2	-8.154	-34.9	81.0
32.21	-8.137	-33.2	95.9
32.22	-8.118	-31.5	79.9
32.23	-8.098	-29.3	61.8
32.24	-8.080	-25.9	30.0
32.25	-8.065	-19.2	-0.1
32.26	-8.053	-7.0	-18.2
32.27	-8.041	10.7	-53.9
32.28	-8.033	31.1	-76.6
32.29	-8.027	49.7	-87.1
32.3	-8.024	62.6	-117.4
32.31	-8.027	67.7	-131.5
32.32	-8.031	64.7	-126.2
32.33	-8.034	55.1	-116.6
32.34	-8.033	40.8	-83.9
32.35	-8.031	24.3	-42.6
32.36	-8.026	7.5	-6.0
32.37	-8.020	-8.3	24.9
32.38	-8.013	-22.2	37.5
32.39	-8.006	-33.2	49.3
32.4	-7.996	-41.7	58.2
32.41	-7.987	-48.3	66.3
32.42	-7.980	-53.6	80.7
32.43	-7.974	-57.7	84.9
32.44	-7.971	-60.5	67.6
32.45	-7.969	-61.3	36.1
32.46	-7.969	-59.6	18.4
32.47	-7.969	-55.0	-3.8
32.48	-7.968	-47.9	-48.8
32.49	-7.967	-39.3	-87.0
32.5	-7.967	-30.2	-96.2
32.51	-7.967	-21.8	-76.3
32.52	-7.965	-14.9	-45.0
32.53	-7.963	-9.8	-15.9
32.54	-7.959	-6.7	21.4
32.55	-7.958	-5.3	57.2
32.56	-7.956	-5.7	65.0
32.57	-7.956	-7.5	73.5
32.58	-7.956	-10.5	91.9
32.59	-7.957	-14.2	86.6
32.6	-7.961	-18.4	88.6
32.61	-7.967	-22.7	117.2
32.62	-7.974	-26.8	154.8
32.63	-7.984	-30.6	115.6
32.64	-8.006	-33.7	-152.0
32.65	-8.043	-36.2	-459.9
32.66	-8.086	-37.8	-242.7
32.67	-8.131	-38.6	358.3
32.68	-8.176	-38.5	532.4
32.69	-8.220	-37.7	297.0
32.7	-8.262	-36.4	110.7
32.71	-8.301	-34.8	56.4
32.72	-8.335	-33.0	58.7
32.73	-8.364	-31.2	51.3
32.74	-8.391	-29.3	37.1
32.75	-8.418	-27.3	5.8
32.76	-8.447	-24.0	-36.5
32.77	-8.479	-17.4	-47.4
32.78	-8.512	-5.3	-46.3
32.79	-8.546	12.3	-62.2
32.8	-8.580	32.3	-89.8
32.81	-8.614	50.1	-133.7
32.82	-8.649	61.6	-177.5
32.83	-8.686	65.3	-193.3
32.84	-8.723	61.3	-188.1
32.85	-8.759	51.2	-158.1
32.86	-8.796	37.0	-112.3
32.87	-8.832	20.9	-79.0
32.88	-8.869	5.0	-60.2
32.89	-8.902	-9.5	-36.4
32.9	-8.936	-21.8	-4.3
32.91	-8.969	-31.5	11.2
32.92	-9.004	-38.8	32.0
32.93	-9.039	-44.1	65.2
32.94	-9.074	-48.0	76.9
32.95	-9.110	-51.1	60.1
32.96	-9.144	-53.5	40.3
32.97	-9.177	-54.7	30.4
32.98	-9.210	-54.0	12.7
32.99	-9.243	-51.0	-20.6
33.0	-9.277	-45.8	-61.7
33.01	-9.310	-39.0	-96.7
33.02	-9.344	-31.0	-122.2
33.03	-9.377	-22.8	-112.3
33.04	-9.409	-15.4	-79.7
33.05	-9.441	-9.4	-41.2
33.06	-9.470	-5.1	23.4
33.07	-9.500	-2.7	50.3
33.08	-9.530	-2.4	36.7
33.09	-9.560	-3.7	51.5
33.1	-9.588	-6.4	75.8
33.11	-9.614	-10.0	78.5
33.12	-9.641	-14.1	78.2
33.13	-9.668	-18.2	93.7
33.14	-9.693	-22.0	107.7
33.15	-9.717	-25.6	93.2
33.16	-9.741	-28.7	-75.2
33.17	-9.764	-31.3	-443.2
33.18	-9.787	-33.1	-513.7
33.19	-9.811	-34.2	48.9
33.2	-9.836	-34.5	533.3
33.21	-9.863	-34.0	425.7
33.22	-9.888	-33.0	144.3
33.23	-9.908	-31.6	32.3
33.24	-9.922	-29.9	16.5
33.25	-9.931	-28.3	-5.4
33.26	-9.937	-26.7	-7.7
33.27	-9.939	-25.1	-1.8
33.28	-9.941	-23.0	-18.0
33.29	-9.943	-19.1	-45.4
33.3	-9.944	-10.9	-64.3
33.31	-9.947	3.2	-76.5
33.32	-9.947	21.6	-101.5
33.33	-9.946	40.1	-125.4
33.34	-9.942	54.0	-164.0
33.35	-9.933	60.5	-198.3
33.36	-9.917	59.1	-200.9
33.37	-9.893	50.9	-188.1
33.38	-9.860	37.9	-158.8
33.39	-9.824	22.5	-121.0
33.4	-9.789	6.8	-93.3
33.41	-9.752	-7.6	-64.0
33.42	-9.714	-19.7	-17.2
33.43	-9.677	-29.3	15.9
33.44	-9.641	-36.3	34.5
33.45	-9.604	-41.1	55.8
33.46	-9.568	-44.3	66.6
33.47	-9.531	-46.7	65.8
33.48	-9.494	-48.5	52.9
33.49	-9.459	-49.7	32.6
33.5	-9.426	-49.6	22.5
33.51	-9.393	-47.5	7.6
33.52	-9.362	-43.3	-28.4
33.53	-9.332	-37.3	-60.9
33.54	-9.305	-30.2	-98.0
33.55	-9.278	-22.7	-116.5
33.56	-9.252	-15.7	-99.2
33.57	-9.226	-9.8	-68.2
33.58	-9.199	-5.5	-11.8
33.59	-9.175	-2.9	37.8
33.6	-9.152	-2.1	51.8
33.61	-9.132	-3.0	49.4
33.62	-9.111	-5.4	53.0
33.63	-9.090	-8.8	77.3
33.64	-9.069	-12.7	85.7
33.65	-9.049	-16.7	85.2
33.66	-9.031	-20.7	111.9
33.67	-9.011	-24.3	138.4
33.68	-8.989	-27.3	102.7
33.69	-8.969	-29.6	-114.2
33.7	-8.952	-31.1	-461.7
33.71	-8.934	-31.9	-365.2
33.72	-8.916	-32.2	260.3
33.73	-8.900	-32.0	553.5
33.74	-8.885	-31.3	329.5
33.75	-8.870	-30.2	98.2
33.76	-8.853	-28.8	31.0
33.77	-8.834	-27.1	43.8
33.78	-8.813	-25.5	39.8
33.79	-8.789	-23.9	26.8
33.8	-8.764	-22.1	12.3
33.81	-8.739	-19.4	-22.4
33.82	-8.718	-14.2	-37.3
33.83	-8.700	-4.4	-33.0
33.84	-8.683	10.3	-52.7
33.85	-8.668	27.6	-89.4
33.86	-8.654	42.9	-118.8
33.87	-8.643	52.6	-149.5
33.88	-8.631	54.9	-174.9
33.89	-8.622	49.9	-183.7
33.9	-8.613	39.4	-171.3
33.91	-8.603	25.6	-124.3
33.92	-8.596	10.7	-72.1
33.93	-8.591	-3.4	-40.6
33.94	-8.583	-15.7	-8.3
33.95	-8.576	-25.5	26.5
33.96	-8.570	-32.7	40.0
33.97	-8.566	-37.8	42.8
33.98	-8.561	-41.2	56.6
33.99	-8.554	-43.4	65.1
34.0	-8.548	-45.3	54.3
34.01	-8.541	-46.7	50.7
34.02	-8.534	-47.3	54.2
34.03	-8.529	-46.2	43.9
34.04	-8.526	-43.1	25.2
34.05	-8.523	-38.0	-1.3
34.06	-8.521	-31.5	-29.4
34.07	-8.522	-24.4	-64.0
34.08	-8.524	-17.5	-96.8
34.09	-8.526	-11.4	-98.3
34.1	-8.528	-6.7	-81.1
34.11	-8.529	-3.6	-36.3
34.12	-8.528	-2.1	21.5
34.13	-8.527	-2.1	54.7
34.14	-8.525	-3.6	73.4
34.15	-8.522	-6.2	83.6
34.16	-8.518	-9.6	94.3
34.17	-8.515	-13.3	109.9
34.18	-8.514	-17.2	112.7
34.19	-8.514	-20.8	104.9
34.2	-8.512	-24.0	125.8
34.21	-8.508	-26.7	146.3
34.22	-8.506	-28.8	0.4
34.23	-8.508	-30.2	-353.3
34.24	-8.510	-31.1	-485.2
34.25	-8.512	-31.4	9.1
34.26	-8.516	-31.0	520.4
34.27	-8.519	-30.1	453.2
34.28	-8.521	-28.8	183.5
34.29	-8.519	-27.3	45.5
34.3	-8.515	-25.6	34.7
34.31	-8.509	-23.8	50.5
34.32	-8.501	-22.0	24.5
34.33	-8.491	-20.2	18.8
34.34	-8.481	-17.8	19.6
34.35	-8.473	-13.5	0.0
34.36	-8.467	-5.1	-19.7
34.37	-8.465	8.4	-46.7
34.38	-8.464	25.1	-79.6
34.39	-8.465	40.8	-111.7
34.4	-8.466	51.4	-150.1
34.41	-8.466	54.6	-185.0
34.42	-8.467	50.3	-183.7
34.43	-8.467	40.1	-149.6
34.44	-8.467	26.3	-123.9
34.45	-8.469	11.3	-96.3
34.46	-8.473	-2.9	-59.6
34.47	-8.476	-15.2	-31.6
34.48	-8.478	-25.0	-2.9
34.49	-8.481	-32.3	12.6
34.5	-8.484	-37.1	24.6
34.51	-8.488	-40.0	26.5
34.52	-8.489	-41.7	30.7
34.53	-8.491	-43.0	60.9
34.54	-8.490	-44.0	70.5
34.55	-8.490	-44.6	53.0
34.56	-8.491	-43.9	25.2
34.57	-8.492	-41.4	13.3
34.58	-8.497	-36.9	13.7
34.59	-8.504	-31.0	-9.0
34.6	-8.513	-24.5	-44.8
34.61	-8.525	-17.9	-78.2
34.62	-8.541	-12.0	-108.6
34.63	-8.558	-7.1	-111.5
34.64	-8.576	-3.9	-84.2
34.65	-8.594	-2.3	-57.4
34.66	-8.613	-2.2	-12.7
34.67	-8.631	-3.4	37.6
34.68	-8.649	-5.6	53.6
34.69	-8.670	-8.5	64.8
34.7	-8.693	-11.7	78.6
34.71	-8.717	-15.1	87.4
34.72	-8.746	-18.3	93.7
34.73	-8.777	-21.2	92.7
34.74	-8.808	-23.9	110.7
34.75	-8.838	-26.3	130.8
34.76	-8.868	-28.3	22.0
34.77	-8.902	-29.6	-308.5
34.78	-8.938	-30.2	-535.2
34.79	-8.974	-30.1	-134.1
34.8	-9.012	-29.5	461.7
34.81	-9.049	-28.3	491.7
34.82	-9.084	-26.7	206.9
34.83	-9.117	-25.0	42.4
34.84	-9.147	-23.3	18.5
34.85	-9.171	-21.7	51.2
34.86	-9.191	-20.3	53.3
34.87	-9.210	-19.0	24.3
34.88	-9.231	-17.1	-5.2
34.89	-9.256	-13.4	-36.6
34.9	-9.285	-5.7	-63.3
34.91	-9.316	7.2	-82.8
34.92	-9.346	23.8	-94.5
34.93	-9.377	39.9	-106.6
34.94	-9.408	51.1	-139.1
34.95	-9.437	55.0	-173.9
34.96	-9.466	51.3	-188.0
34.97	-9.494	41.4	-187.1
34.98	-9.523	27.6	-181.0
34.99	-9.553	12.4	-164.3
