Interval=	0.01 s
ExcelDateTime=	3.9777677020898256e+004	25/11/2008 16:14:54.605609
TimeFormat=	StartOfBlock
ChannelTitle=	Channel 1	Channel 2	Channel 3
Range=	20.000 mV	200.0 mV	1000.0 µV
0.0	-11.134	-45.0	-2.3
0.01	-11.109	-47.9	-22.0
0.02	-11.083	-49.0	-15.7
0.03	-11.056	-47.8	-21.7
0.04	-11.028	-44.2	-55.8
0.05	-10.998	-38.3	-91.3
0.06	-10.967	-31.0	-100.8
0.07	-10.934	-23.2	-91.4
0.08	-10.900	-15.8	-78.5
0.09	-10.864	-9.5	-42.6
0.1	-10.829	-5.0	-1.4
0.11	-10.796	-2.0	13.8
0.12	-10.766	-0.5	31.5
0.13	-10.734	-0.5	54.6
0.14	-10.703	-1.8	60.5
0.15	-10.671	-4.3	71.5
0.16	-10.639	-7.8	74.6
0.17	-10.606	-11.8	77.8
0.18	-10.571	-16.1	103.7
0.19	-10.533	-20.2	54.3
0.2	-10.498	-24.1	-195.6
0.21	-10.462	-27.2	-516.8
0.22	-10.425	-29.4	-359.1
0.23	-10.391	-30.8	270.7
0.24	-10.361	-31.5	517.9
0.25	-10.336	-31.6	265.0
0.26	-10.310	-31.1	54.7
0.27	-10.280	-30.0	10.1
0.28	-10.244	-28.3	12.9
0.29	-10.205	-26.0	16.2
0.3	-10.164	-23.5	5.9
0.31	-10.122	-20.9	-15.7
0.32	-10.082	-17.8	-22.5
0.33	-10.044	-12.7	-29.9
0.34	-10.008	-3.5	-58.1
0.35	-9.975	10.4	-98.8
0.36	-9.944	26.9	-134.3
0.37	-9.914	42.2	-163.7
0.38	-9.886	52.8	-186.9
0.39	-9.859	56.8	-191.8
0.4	-9.831	53.9	-180.3
0.41	-9.804	45.3	-157.8
0.42	-9.778	33.2	-132.0
0.43	-9.754	19.5	-100.2
0.44	-9.729	5.8	-72.3
0.45	-9.704	-6.9	-45.0
0.46	-9.679	-17.8	-14.3
0.47	-9.654	-26.7	7.3
0.48	-9.630	-33.6	26.8
0.49	-9.606	-38.9	40.9
0.5	-9.583	-43.2	36.0
0.51	-9.559	-46.8	29.0
0.52	-9.536	-49.3	14.9
0.53	-9.512	-49.6	-15.0
0.54	-9.488	-47.3	-36.3
0.55	-9.464	-42.4	-59.5
0.56	-9.440	-35.7	-91.8
0.57	-9.417	-28.0	-110.3
0.58	-9.394	-20.3	-108.6
0.59	-9.370	-13.4	-103.6
0.6	-9.346	-7.9	-81.5
0.61	-9.322	-3.9	-29.0
0.62	-9.299	-1.3	25.1
0.63	-9.277	-0.3	59.9
0.64	-9.256	-0.9	64.3
0.65	-9.236	-2.9	58.7
0.66	-9.214	-6.0	48.9
0.67	-9.194	-9.7	44.7
0.68	-9.174	-13.5	61.2
0.69	-9.152	-17.3	100.7
0.7	-9.129	-20.9	117.0
0.71	-9.107	-24.4	-43.4
0.72	-9.086	-27.5	-401.2
0.73	-9.064	-29.9	-440.7
0.74	-9.043	-31.3	122.6
0.75	-9.023	-31.7	519.3
0.76	-9.006	-31.4	344.1
0.77	-8.991	-30.5	98.5
0.78	-8.976	-29.5	24.5
0.79	-8.959	-28.2	16.1
0.8	-8.940	-26.6	17.5
0.81	-8.918	-24.4	13.5
0.82	-8.893	-21.8	-5.2
0.83	-8.867	-18.5	-26.2
0.84	-8.843	-13.7	-51.3
0.85	-8.822	-5.6	-61.8
0.86	-8.802	6.8	-63.3
0.87	-8.784	22.5	-111.8
0.88	-8.767	38.2	-160.5
0.89	-8.751	50.4	-179.7
0.9	-8.738	56.3	-198.6
0.91	-8.724	55.2	-194.3
0.92	-8.711	47.7	-169.7
0.93	-8.701	35.9	-136.2
0.94	-8.691	22.0	-105.0
0.95	-8.682	8.0	-81.9
0.96	-8.671	-4.9	-46.6
0.97	-8.659	-16.0	-11.4
0.98	-8.646	-25.4	10.8
0.99	-8.633	-32.9	20.2
1.0	-8.617	-38.7	16.7
1.01	-8.603	-43.3	11.5
1.02	-8.588	-46.9	23.8
1.03	-8.572	-49.3	35.9
1.04	-8.557	-49.7	4.3
1.05	-8.543	-47.6	-32.7
1.06	-8.528	-43.0	-41.5
1.07	-8.514	-36.3	-59.3
1.08	-8.501	-28.5	-92.9
1.09	-8.489	-20.7	-109.2
1.1	-8.479	-13.7	-114.2
1.11	-8.469	-8.0	-117.0
1.12	-8.458	-3.7	-75.4
1.13	-8.446	-1.0	-3.8
1.14	-8.434	0.2	34.1
1.15	-8.422	-0.2	54.9
1.16	-8.408	-1.9	76.2
1.17	-8.393	-4.8	71.4
1.18	-8.376	-8.3	66.9
1.19	-8.363	-12.2	75.1
1.2	-8.350	-16.4	74.2
1.21	-8.336	-20.4	99.7
1.22	-8.321	-23.9	115.5
1.23	-8.307	-26.8	-61.5
1.24	-8.296	-29.1	-397.7
1.25	-8.286	-30.8	-343.4
1.26	-8.279	-31.8	242.8
1.27	-8.275	-31.9	559.1
1.28	-8.271	-31.3	336.5
1.29	-8.266	-30.2	80.8
1.3	-8.259	-28.9	2.6
1.31	-8.248	-27.3	7.6
1.32	-8.234	-25.5	22.4
1.33	-8.217	-23.4	29.2
1.34	-8.202	-20.8	19.0
1.35	-8.188	-17.1	-9.7
1.36	-8.174	-11.1	-40.8
1.37	-8.162	-0.8	-61.4
1.38	-8.151	14.1	-84.4
1.39	-8.143	31.2	-114.7
1.4	-8.136	46.6	-150.8
1.41	-8.133	56.6	-156.1
1.42	-8.133	59.5	-137.1
1.43	-8.133	55.4	-151.7
1.44	-8.134	45.7	-170.4
1.45	-8.137	32.5	-141.4
1.46	-8.142	18.0	-93.3
1.47	-8.146	3.8	-68.2
1.48	-8.149	-9.1	-38.8
1.49	-8.151	-19.9	-0.8
1.5	-8.152	-28.5	8.1
1.51	-8.154	-35.0	8.8
1.52	-8.157	-39.9	30.9
1.53	-8.159	-43.6	54.9
1.54	-8.161	-46.4	46.5
1.55	-8.161	-47.8	8.8
1.56	-8.161	-47.2	-13.0
1.57	-8.161	-44.3	-27.2
1.58	-8.161	-39.4	-45.4
1.59	-8.161	-32.9	-57.2
1.6	-8.163	-25.6	-92.4
1.61	-8.167	-18.4	-118.4
1.62	-8.174	-12.0	-106.9
1.63	-8.181	-6.8	-85.0
1.64	-8.189	-3.0	-50.9
1.65	-8.196	-0.8	9.6
1.66	-8.203	-0.0	60.5
1.67	-8.206	-0.7	76.8
1.68	-8.206	-2.6	80.8
1.69	-8.204	-5.6	72.8
1.7	-8.202	-9.3	74.4
1.71	-8.203	-13.4	88.8
1.72	-8.206	-17.6	103.9
1.73	-8.208	-21.5	140.1
1.74	-8.208	-24.9	126.8
1.75	-8.211	-27.8	-106.8
1.76	-8.221	-29.9	-435.0
1.77	-8.234	-31.2	-238.2
1.78	-8.251	-31.7	406.3
1.79	-8.268	-31.4	602.2
1.8	-8.283	-30.5	298.3
1.81	-8.298	-29.2	58.9
1.82	-8.309	-27.6	21.3
1.83	-8.311	-26.0	36.4
1.84	-8.304	-24.4	37.4
1.85	-8.292	-22.4	25.6
1.86	-8.279	-19.9	-4.5
1.87	-8.270	-16.1	-25.9
1.88	-8.266	-9.4	-40.5
1.89	-8.262	2.0	-64.3
1.9	-8.262	17.7	-90.1
1.91	-8.264	34.8	-100.2
1.92	-8.266	49.3	-118.5
1.93	-8.270	58.2	-166.0
1.94	-8.274	59.9	-187.2
1.95	-8.279	54.8	-163.1
1.96	-8.284	44.2	-143.1
1.97	-8.292	30.4	-128.2
1.98	-8.304	15.6	-98.5
1.99	-8.316	1.5	-59.4
2.0	-8.328	-10.9	-18.2
2.01	-8.339	-21.2	6.2
2.02	-8.351	-29.4	19.7
2.03	-8.361	-35.7	32.3
2.04	-8.371	-40.5	37.1
2.05	-8.380	-44.2	29.6
2.06	-8.391	-46.9	21.2
2.07	-8.404	-48.1	25.0
2.08	-8.419	-47.3	12.4
2.09	-8.436	-44.3	-12.4
2.1	-8.456	-39.1	-43.7
2.11	-8.480	-32.3	-87.3
2.12	-8.508	-24.6	-115.4
2.13	-8.538	-17.0	-118.5
2.14	-8.570	-10.4	-102.9
2.15	-8.601	-5.1	-71.9
2.16	-8.632	-1.5	-13.0
2.17	-8.662	0.3	42.3
2.18	-8.691	0.5	72.5
2.19	-8.719	-0.8	87.0
2.2	-8.744	-3.3	81.4
2.21	-8.770	-6.7	79.3
2.22	-8.798	-10.8	89.0
2.23	-8.831	-15.0	97.8
2.24	-8.865	-19.2	122.9
2.25	-8.898	-22.9	156.4
2.26	-8.929	-26.2	42.9
2.27	-8.960	-28.8	-307.8
2.28	-8.992	-30.8	-448.9
2.29	-9.024	-32.0	62.6
2.3	-9.058	-32.3	572.4
2.31	-9.092	-31.7	460.3
2.32	-9.126	-30.4	167.9
2.33	-9.159	-28.8	52.5
2.34	-9.188	-27.1	26.9
2.35	-9.210	-25.4	22.3
2.36	-9.227	-23.6	24.9
2.37	-9.241	-21.4	10.9
2.38	-9.257	-18.4	-8.2
2.39	-9.274	-13.4	-32.7
2.4	-9.296	-4.6	-52.0
2.41	-9.321	9.0	-56.9
2.42	-9.348	25.9	-93.8
2.43	-9.377	42.4	-143.7
2.44	-9.406	54.9	-187.4
2.45	-9.437	60.5	-207.9
2.46	-9.467	58.6	-191.1
2.47	-9.496	50.2	-174.0
2.48	-9.524	37.3	-145.6
2.49	-9.553	22.6	-101.9
2.5	-9.582	7.8	-70.0
2.51	-9.609	-5.5	-43.3
2.52	-9.634	-16.8	-7.5
2.53	-9.661	-25.9	20.8
2.54	-9.688	-33.0	31.3
2.55	-9.715	-38.3	35.3
2.56	-9.742	-42.4	33.1
2.57	-9.770	-45.5	31.6
2.58	-9.797	-47.6	27.6
2.59	-9.824	-47.9	18.2
2.6	-9.852	-46.1	11.5
2.61	-9.880	-42.0	-21.2
2.62	-9.908	-36.0	-78.0
2.63	-9.936	-28.7	-118.6
2.64	-9.964	-21.0	-123.3
2.65	-9.991	-13.8	-106.7
2.66	-10.018	-7.8	-76.8
2.67	-10.043	-3.5	-24.8
2.68	-10.066	-0.7	17.4
2.69	-10.090	0.4	46.9
2.7	-10.114	-0.1	79.0
2.71	-10.137	-2.0	71.7
2.72	-10.160	-5.1	60.3
2.73	-10.183	-8.8	73.3
2.74	-10.207	-12.7	74.3
2.75	-10.231	-16.7	100.5
2.76	-10.255	-20.5	130.7
2.77	-10.278	-23.8	47.5
2.78	-10.303	-26.7	-257.8
2.79	-10.325	-29.0	-524.2
2.8	-10.346	-30.5	-187.8
2.81	-10.369	-31.0	428.1
2.82	-10.395	-30.7	514.8
2.83	-10.422	-30.0	227.8
2.84	-10.450	-29.0	55.6
2.85	-10.475	-27.9	22.1
2.86	-10.496	-26.5	19.1
2.87	-10.514	-24.6	15.6
2.88	-10.531	-22.4	3.9
2.89	-10.547	-19.8	-10.9
2.9	-10.564	-15.9	-22.4
2.91	-10.583	-8.5	-34.5
2.92	-10.604	4.1	-59.6
2.93	-10.628	21.1	-94.8
2.94	-10.653	38.9	-128.1
2.95	-10.678	52.8	-164.4
2.96	-10.703	59.8	-198.5
2.97	-10.726	59.1	-202.9
2.98	-10.748	51.7	-184.8
2.99	-10.770	40.0	-150.8
3.0	-10.793	26.0	-92.3
3.01	-10.816	11.5	-51.2
3.02	-10.837	-2.1	-39.3
3.03	-10.856	-14.1	-20.1
3.04	-10.875	-24.0	9.1
3.05	-10.894	-31.4	30.8
3.06	-10.913	-36.9	48.9
3.07	-10.932	-41.1	48.3
3.08	-10.949	-44.5	19.9
3.09	-10.965	-47.2	4.9
3.1	-10.981	-48.5	24.3
3.11	-10.997	-47.5	20.3
3.12	-11.013	-44.2	-3.9
3.13	-11.028	-38.7	-32.9
3.14	-11.041	-31.5	-83.7
3.15	-11.053	-23.6	-104.3
3.16	-11.062	-16.0	-91.9
3.17	-11.069	-9.5	-78.2
3.18	-11.074	-4.6	-45.2
3.19	-11.079	-1.6	-3.4
3.2	-11.087	0.0	22.3
3.21	-11.095	0.1	60.6
3.22	-11.103	-1.1	88.6
3.23	-11.110	-3.7	79.4
3.24	-11.115	-7.2	76.2
3.25	-11.120	-11.2	80.3
3.26	-11.124	-15.2	87.7
3.27	-11.126	-19.0	102.2
3.28	-11.128	-22.6	39.7
3.29	-11.130	-25.8	-242.7
3.3	-11.129	-28.4	-526.3
3.31	-11.126	-30.2	-250.7
3.32	-11.124	-31.0	340.5
3.33	-11.128	-31.0	470.8
3.34	-11.133	-30.6	230.3
3.35	-11.135	-29.8	58.3
3.36	-11.133	-28.6	18.5
3.37	-11.126	-26.7	30.9
3.38	-11.116	-24.5	31.2
3.39	-11.108	-22.1	38.8
3.4	-11.100	-19.4	38.1
3.41	-11.093	-15.4	-3.7
3.42	-11.086	-8.0	-48.1
3.43	-11.079	4.4	-81.6
3.44	-11.074	21.0	-105.0
3.45	-11.071	38.3	-126.4
3.46	-11.069	51.9	-156.3
3.47	-11.068	58.8	-162.8
3.48	-11.066	58.0	-144.4
3.49	-11.061	50.5	-150.2
3.5	-11.054	38.6	-158.1
3.51	-11.047	24.5	-128.3
3.52	-11.043	10.1	-81.8
3.53	-11.036	-3.4	-35.7
3.54	-11.029	-14.9	-8.3
3.55	-11.023	-24.0	3.3
3.56	-11.016	-30.9	24.5
3.57	-11.007	-36.1	51.3
3.58	-10.998	-40.0	54.5
3.59	-10.988	-43.1	42.9
3.6	-10.976	-45.5	36.3
3.61	-10.963	-46.5	28.3
3.62	-10.951	-45.6	9.3
3.63	-10.939	-42.5	-21.3
3.64	-10.928	-37.4	-49.9
3.65	-10.918	-31.0	-61.3
3.66	-10.907	-23.8	-79.0
3.67	-10.896	-16.8	-98.6
3.68	-10.884	-10.7	-88.7
3.69	-10.870	-6.1	-47.1
3.7	-10.856	-3.1	4.0
3.71	-10.843	-1.7	42.7
3.72	-10.830	-1.5	72.4
3.73	-10.818	-2.4	78.3
3.74	-10.803	-4.5	79.5
3.75	-10.789	-7.6	86.6
3.76	-10.774	-11.2	84.0
3.77	-10.757	-15.2	97.6
3.78	-10.734	-19.1	107.5
3.79	-10.712	-22.9	13.4
3.8	-10.691	-26.1	-287.0
3.81	-10.669	-28.7	-513.1
3.82	-10.646	-30.5	-144.4
3.83	-10.626	-31.3	413.1
3.84	-10.613	-31.4	451.7
3.85	-10.605	-30.9	201.2
3.86	-10.596	-29.7	44.4
3.87	-10.578	-28.1	4.8
3.88	-10.554	-26.2	25.5
3.89	-10.526	-24.0	38.0
3.9	-10.498	-21.7	24.4
3.91	-10.473	-19.2	5.2
3.92	-10.448	-15.4	-16.1
3.93	-10.425	-8.3	-36.1
3.94	-10.404	3.6	-51.5
3.95	-10.388	19.4	-82.8
3.96	-10.373	35.9	-133.1
3.97	-10.362	48.9	-163.4
3.98	-10.352	55.5	-180.1
3.99	-10.342	54.7	-185.1
4.0	-10.331	47.4	-165.9
4.01	-10.319	35.4	-146.0
4.02	-10.308	21.3	-123.2
4.03	-10.298	7.2	-82.9
4.04	-10.287	-5.5	-30.2
4.05	-10.276	-16.3	15.5
4.06	-10.266	-25.0	33.2
4.07	-10.253	-31.6	38.9
4.08	-10.239	-36.6	44.1
4.09	-10.224	-40.4	41.1
4.1	-10.209	-43.6	34.2
4.11	-10.193	-46.2	31.8
4.12	-10.176	-47.4	21.0
4.13	-10.159	-46.2	12.9
4.14	-10.143	-42.6	12.5
4.15	-10.125	-36.9	1.8
4.16	-10.108	-30.0	-23.4
4.17	-10.091	-22.6	-71.5
4.18	-10.076	-15.7	-101.1
4.19	-10.058	-9.8	-95.0
4.2	-10.040	-5.4	-80.4
4.21	-10.021	-2.8	-46.2
4.22	-10.002	-1.7	7.2
4.23	-9.985	-2.1	52.6
4.24	-9.970	-3.6	67.7
4.25	-9.955	-5.9	68.7
4.26	-9.940	-8.7	73.7
4.27	-9.924	-12.0	68.8
4.28	-9.909	-15.6	63.8
4.29	-9.893	-19.0	81.2
4.3	-9.874	-22.3	114.6
4.31	-9.855	-25.2	68.8
4.32	-9.838	-27.5	-167.1
4.33	-9.821	-29.4	-482.8
4.34	-9.803	-30.7	-329.9
4.35	-9.784	-31.3	287.0
4.36	-9.770	-31.1	509.3
4.37	-9.759	-30.4	262.5
4.38	-9.746	-29.4	62.8
4.39	-9.727	-28.0	6.3
4.4	-9.703	-26.3	19.1
4.41	-9.675	-24.2	40.5
4.42	-9.646	-21.5	34.5
4.43	-9.617	-18.5	10.1
4.44	-9.589	-14.1	-25.5
4.45	-9.563	-6.6	-53.8
4.46	-9.538	5.5	-67.8
4.47	-9.514	21.6	-89.2
4.48	-9.491	38.4	-122.0
4.49	-9.468	51.5	-155.1
4.5	-9.447	58.0	-172.7
4.51	-9.426	56.8	-174.6
4.52	-9.406	48.9	-169.2
4.53	-9.385	36.5	-148.7
4.54	-9.367	22.1	-124.2
4.55	-9.350	7.7	-94.6
4.56	-9.332	-5.4	-65.7
4.57	-9.312	-16.5	-42.2
4.58	-9.293	-25.3	-9.3
4.59	-9.274	-32.0	11.2
4.6	-9.255	-36.8	31.7
4.61	-9.235	-40.5	47.8
4.62	-9.215	-43.5	31.7
4.63	-9.194	-45.7	11.3
4.64	-9.172	-46.5	5.9
4.65	-9.150	-45.3	-1.6
4.66	-9.127	-41.9	-10.9
4.67	-9.104	-36.6	-9.8
4.68	-9.081	-30.0	-11.8
4.69	-9.057	-23.0	-21.0
4.7	-9.033	-16.2	-49.7
4.71	-9.011	-10.5	-94.9
4.72	-8.988	-6.2	-111.4
4.73	-8.966	-3.3	-99.7
4.74	-8.945	-1.9	-80.9
4.75	-8.924	-2.0	-38.7
4.76	-8.902	-3.4	23.1
4.77	-8.883	-5.7	52.9
4.78	-8.863	-8.5	40.8
4.79	-8.844	-11.3	33.7
4.8	-8.825	-14.1	42.2
4.81	-8.806	-16.9	50.6
4.82	-8.788	-19.9	70.9
4.83	-8.771	-22.8	101.6
4.84	-8.751	-25.5	115.3
4.85	-8.730	-27.7	87.3
4.86	-8.711	-29.2	-111.3
4.87	-8.694	-30.3	-451.3
4.88	-8.679	-30.9	-356.3
4.89	-8.665	-31.0	245.6
4.9	-8.652	-30.4	519.8
4.91	-8.641	-29.4	289.3
4.92	-8.629	-28.0	57.9
4.93	-8.614	-26.6	14.4
4.94	-8.597	-25.0	25.3
4.95	-8.575	-23.2	11.6
4.96	-8.550	-21.1	6.6
4.97	-8.523	-18.4	-5.9
4.98	-8.496	-14.5	-34.7
4.99	-8.470	-7.5	-50.2
5.0	-8.446	4.3	-63.6
5.01	-8.425	20.3	-100.0
5.02	-8.408	37.2	-137.8
5.03	-8.393	50.6	-164.1
5.04	-8.379	57.5	-172.2
5.05	-8.366	56.7	-165.1
5.06	-8.353	49.0	-159.3
5.07	-8.339	36.6	-155.5
5.08	-8.328	22.1	-141.8
5.09	-8.317	7.4	-111.8
5.1	-8.307	-6.1	-88.6
5.11	-8.295	-17.7	-63.1
5.12	-8.283	-26.8	-21.1
5.13	-8.272	-33.5	-8.0
5.14	-8.259	-38.2	3.1
5.15	-8.246	-41.3	37.9
5.16	-8.233	-43.7	23.8
5.17	-8.221	-45.3	-7.2
5.18	-8.209	-45.9	-4.8
5.19	-8.199	-44.8	-7.3
5.2	-8.189	-41.5	-18.8
5.21	-8.180	-36.4	-16.4
5.22	-8.172	-29.9	-24.6
5.23	-8.164	-22.8	-32.7
5.24	-8.157	-16.1	-22.4
5.25	-8.151	-10.2	-47.9
5.26	-8.146	-5.8	-100.2
5.27	-8.142	-2.9	-116.1
5.28	-8.139	-1.5	-101.8
5.29	-8.136	-1.5	-97.1
5.3	-8.133	-2.8	-59.4
5.31	-8.128	-5.2	19.8
5.32	-8.124	-8.2	48.0
5.33	-8.119	-11.6	33.2
5.34	-8.115	-14.9	39.0
5.35	-8.110	-17.9	51.7
5.36	-8.105	-20.6	66.8
5.37	-8.102	-23.1	72.3
5.38	-8.100	-25.2	86.7
5.39	-8.096	-27.1	137.2
5.4	-8.091	-28.5	112.0
5.41	-8.089	-29.4	-117.5
5.42	-8.091	-29.9	-459.8
5.43	-8.096	-30.0	-378.5
5.44	-8.104	-29.8	245.1
5.45	-8.112	-29.0	560.8
5.46	-8.119	-27.9	331.1
5.47	-8.124	-26.5	101.7
5.48	-8.124	-25.1	25.1
5.49	-8.119	-23.7	4.0
5.5	-8.110	-22.2	3.8
5.51	-8.100	-20.3	-2.3
5.52	-8.089	-17.6	-12.8
5.53	-8.078	-13.3	-36.9
5.54	-8.071	-5.4	-59.2
5.55	-8.068	7.3	-71.8
5.56	-8.068	23.7	-90.4
5.57	-8.069	40.4	-117.1
5.58	-8.071	53.2	-162.0
5.59	-8.074	59.3	-193.0
5.6	-8.077	57.8	-195.3
5.61	-8.081	49.5	-180.6
5.62	-8.084	36.7	-166.5
5.63	-8.091	21.8	-130.3
5.64	-8.100	6.9	-81.5
5.65	-8.111	-6.4	-77.7
5.66	-8.124	-17.5	-74.6
5.67	-8.137	-26.2	-38.0
5.68	-8.151	-32.7	-7.2
5.69	-8.166	-37.4	3.2
5.7	-8.179	-40.5	7.7
5.71	-8.194	-42.6	11.9
5.72	-8.211	-44.0	24.6
5.73	-8.229	-44.6	17.6
5.74	-8.251	-43.7	-3.8
5.75	-8.276	-40.8	-8.0
5.76	-8.303	-36.1	-23.8
5.77	-8.332	-29.9	-45.3
5.78	-8.365	-22.9	-67.7
5.79	-8.401	-16.0	-83.5
5.8	-8.438	-9.9	-79.2
5.81	-8.475	-5.2	-90.3
5.82	-8.512	-2.1	-110.3
5.83	-8.547	-0.9	-107.5
5.84	-8.579	-1.1	-82.1
5.85	-8.609	-2.5	-33.9
5.86	-8.638	-4.6	23.8
5.87	-8.666	-7.3	62.1
5.88	-8.696	-10.4	78.3
5.89	-8.726	-13.7	68.4
5.9	-8.756	-17.0	49.4
5.91	-8.787	-20.1	47.6
5.92	-8.821	-22.9	63.2
5.93	-8.852	-25.2	103.4
5.94	-8.881	-26.9	112.5
5.95	-8.909	-28.2	-38.1
5.96	-8.938	-29.1	-388.9
5.97	-8.969	-29.8	-475.8
5.98	-9.002	-30.0	83.3
5.99	-9.036	-29.5	559.4
6.0	-9.069	-28.4	407.3
6.01	-9.102	-27.0	110.8
6.02	-9.133	-25.6	15.3
6.03	-9.160	-24.3	15.1
6.04	-9.181	-22.9	9.0
6.05	-9.197	-21.2	1.8
6.06	-9.213	-19.0	-9.9
6.07	-9.231	-16.1	-36.2
6.08	-9.252	-11.4	-58.0
6.09	-9.275	-2.8	-76.3
6.1	-9.301	10.7	-99.7
6.11	-9.328	27.5	-125.8
6.12	-9.355	43.6	-156.0
6.13	-9.383	54.9	-179.3
6.14	-9.412	58.9	-197.6
6.15	-9.440	55.4	-210.9
6.16	-9.468	45.8	-194.9
6.17	-9.496	32.5	-160.3
6.18	-9.525	17.8	-135.9
6.19	-9.554	3.6	-107.0
6.2	-9.581	-9.1	-62.5
6.21	-9.607	-19.6	-35.5
6.22	-9.634	-27.9	-12.7
6.23	-9.659	-34.0	19.7
6.24	-9.684	-38.5	29.7
6.25	-9.710	-41.7	32.1
6.26	-9.735	-44.0	23.3
6.27	-9.760	-45.3	6.9
6.28	-9.786	-45.1	-1.9
6.29	-9.811	-42.9	-16.7
6.3	-9.835	-38.8	-17.8
6.31	-9.860	-33.2	-16.6
6.32	-9.884	-26.6	-34.5
6.33	-9.907	-19.5	-59.3
6.34	-9.929	-12.8	-90.4
6.35	-9.952	-7.2	-110.8
6.36	-9.974	-3.2	-110.8
6.37	-9.995	-0.8	-92.4
6.38	-10.014	0.1	-49.9
6.39	-10.033	-0.3	3.6
6.4	-10.051	-1.9	40.9
6.41	-10.071	-4.2	56.9
6.42	-10.090	-7.1	62.4
6.43	-10.109	-10.4	66.0
6.44	-10.128	-13.9	69.3
6.45	-10.148	-17.3	69.0
6.46	-10.169	-20.4	74.6
6.47	-10.188	-23.1	79.4
6.48	-10.205	-25.3	53.3
6.49	-10.223	-27.0	-135.5
6.5	-10.241	-28.2	-480.8
6.51	-10.258	-28.8	-407.9
6.52	-10.276	-28.9	211.4
6.53	-10.294	-28.8	522.7
6.54	-10.314	-28.3	306.9
6.55	-10.334	-27.5	75.6
6.56	-10.349	-26.4	9.0
6.57	-10.361	-24.9	23.8
6.58	-10.371	-23.2	45.3
6.59	-10.381	-21.3	26.6
6.6	-10.391	-19.2	-20.5
6.61	-10.403	-16.1	-51.3
6.62	-10.418	-10.4	-69.5
6.63	-10.434	-0.0	-78.4
6.64	-10.451	15.4	-95.4
6.65	-10.469	33.0	-123.1
6.66	-10.489	48.4	-138.9
6.67	-10.509	57.9	-156.0
6.68	-10.530	59.8	-180.4
6.69	-10.550	54.6	-188.8
6.7	-10.569	44.1	-180.7
6.71	-10.588	30.5	-154.2
6.72	-10.608	16.0	-113.0
6.73	-10.628	2.1	-82.0
6.74	-10.647	-10.2	-42.5
6.75	-10.666	-20.6	-0.2
6.76	-10.686	-28.7	21.3
6.77	-10.704	-34.6	27.6
6.78	-10.721	-38.6	25.2
6.79	-10.739	-41.4	23.8
6.8	-10.756	-43.4	27.3
6.81	-10.772	-44.7	20.7
6.82	-10.788	-44.7	7.8
6.83	-10.803	-42.7	-2.8
6.84	-10.818	-38.6	-18.1
6.85	-10.831	-32.6	-31.2
6.86	-10.844	-25.3	-42.5
6.87	-10.856	-17.8	-70.7
6.88	-10.868	-11.2	-80.5
6.89	-10.881	-6.1	-85.4
6.9	-10.890	-2.6	-101.4
6.91	-10.897	-0.5	-75.1
6.92	-10.903	0.3	-13.6
6.93	-10.908	-0.1	30.6
6.94	-10.915	-1.7	44.6
6.95	-10.921	-4.1	73.6
6.96	-10.926	-7.2	92.7
6.97	-10.928	-10.6	69.5
6.98	-10.931	-14.0	56.7
6.99	-10.934	-17.4	67.6
7.0	-10.934	-20.5	83.2
7.01	-10.933	-23.2	52.4
7.02	-10.933	-25.7	-148.4
7.03	-10.931	-27.7	-482.7
7.04	-10.928	-29.1	-425.5
7.05	-10.924	-29.8	169.8
7.06	-10.924	-29.7	503.1
7.07	-10.926	-28.9	310.5
7.08	-10.926	-27.7	82.7
7.09	-10.919	-26.5	5.1
7.1	-10.903	-25.4	5.4
7.11	-10.879	-24.1	11.4
7.12	-10.854	-22.3	-0.6
7.13	-10.833	-19.9	-16.3
7.14	-10.812	-16.6	-13.5
7.15	-10.793	-11.0	2.8
7.16	-10.774	-1.1	-37.4
7.17	-10.756	13.8	-98.9
7.18	-10.739	31.4	-124.9
7.19	-10.723	47.5	-155.7
7.2	-10.706	57.8	-184.0
7.21	-10.689	60.6	-191.3
7.22	-10.669	56.1	-183.9
7.23	-10.648	46.0	-162.0
7.24	-10.624	32.8	-119.1
7.25	-10.603	18.6	-83.4
7.26	-10.580	5.0	-69.7
7.27	-10.557	-7.2	-45.4
7.28	-10.536	-17.6	-16.9
7.29	-10.515	-26.0	4.8
7.3	-10.493	-32.4	28.7
7.31	-10.470	-36.8	47.9
7.32	-10.446	-39.8	50.5
7.33	-10.421	-42.1	45.8
7.34	-10.393	-43.8	41.8
7.35	-10.363	-44.4	23.1
7.36	-10.332	-42.9	-2.5
7.37	-10.299	-39.2	-16.2
7.38	-10.266	-33.6	-28.1
7.39	-10.234	-26.8	-52.9
7.4	-10.203	-19.7	-71.1
7.41	-10.174	-13.2	-78.8
7.42	-10.146	-7.8	-85.4
7.43	-10.116	-3.8	-81.7
7.44	-10.086	-1.4	-64.6
7.45	-10.054	-0.3	-14.4
7.46	-10.024	-0.4	28.3
7.47	-9.994	-1.6	37.8
7.48	-9.966	-3.7	60.2
7.49	-9.938	-6.6	77.5
7.5	-9.910	-9.9	74.3
7.51	-9.883	-13.6	73.0
7.52	-9.854	-17.2	79.7
7.53	-9.822	-20.5	97.7
7.54	-9.787	-23.5	76.3
7.55	-9.752	-26.0	-99.9
7.56	-9.719	-28.1	-421.3
7.57	-9.684	-29.6	-392.3
7.58	-9.651	-30.5	190.1
7.59	-9.621	-30.6	527.7
7.6	-9.596	-30.2	318.4
7.61	-9.571	-29.2	70.7
7.62	-9.544	-27.9	3.0
7.63	-9.515	-26.3	14.7
7.64	-9.483	-24.5	29.1
7.65	-9.449	-22.4	33.1
7.66	-9.414	-19.8	9.7
7.67	-9.379	-16.4	-23.0
7.68	-9.347	-10.8	-49.0
7.69	-9.316	-0.9	-66.1
7.7	-9.287	13.6	-77.1
7.71	-9.261	30.5	-111.3
7.72	-9.235	45.9	-158.6
7.73	-9.211	56.2	-184.1
7.74	-9.189	59.5	-180.9
7.75	-9.169	55.9	-158.4
7.76	-9.148	46.7	-144.8
7.77	-9.127	33.9	-146.9
7.78	-9.106	19.9	-125.9
7.79	-9.084	6.2	-76.8
7.8	-9.061	-6.4	-32.2
7.81	-9.037	-17.0	1.5
7.82	-9.018	-25.5	31.1
7.83	-8.999	-32.0	38.8
7.84	-8.983	-36.8	28.3
7.85	-8.968	-40.3	32.4
7.86	-8.953	-43.1	40.6
7.87	-8.938	-44.9	27.2
7.88	-8.922	-45.3	7.9
7.89	-8.906	-43.7	-5.5
7.9	-8.890	-39.9	-23.3
7.91	-8.874	-34.2	-33.8
7.92	-8.857	-27.4	-32.2
7.93	-8.840	-20.6	-41.4
7.94	-8.824	-14.5	-64.8
7.95	-8.808	-9.3	-86.0
7.96	-8.793	-5.3	-90.4
7.97	-8.778	-2.5	-75.6
7.98	-8.762	-1.0	-24.8
7.99	-8.745	-0.9	36.3
8.0	-8.729	-2.1	53.8
8.01	-8.712	-4.3	57.8
8.02	-8.696	-7.0	73.6
8.03	-8.681	-10.0	83.4
8.04	-8.667	-13.1	76.4
8.05	-8.656	-16.3	74.0
8.06	-8.644	-19.8	115.3
8.07	-8.631	-23.3	159.0
8.08	-8.614	-26.4	80.0
8.09	-8.600	-28.6	-255.0
8.1	-8.586	-30.0	-511.3
8.11	-8.574	-30.5	-118.4
8.12	-8.563	-30.5	465.5
8.13	-8.554	-30.3	490.8
8.14	-8.546	-29.7	202.8
8.15	-8.536	-28.7	39.1
8.16	-8.523	-27.3	17.1
8.17	-8.507	-25.6	20.8
8.18	-8.490	-23.8	23.7
8.19	-8.470	-21.9	17.9
8.2	-8.449	-19.4	-7.9
8.21	-8.429	-15.1	-20.1
8.22	-8.410	-7.0	-34.0
8.23	-8.394	6.2	-71.7
8.24	-8.380	23.2	-96.5
8.25	-8.368	40.2	-109.2
8.26	-8.358	53.3	-137.4
8.27	-8.350	60.0	-168.4
8.28	-8.343	59.7	-181.6
8.29	-8.337	53.0	-168.6
8.3	-8.332	41.8	-134.0
8.31	-8.328	28.0	-88.3
8.32	-8.326	13.4	-59.5
8.33	-8.323	-0.4	-51.0
8.34	-8.319	-12.4	-30.8
8.35	-8.315	-22.3	-5.8
8.36	-8.312	-30.0	6.3
8.37	-8.309	-35.6	19.6
8.38	-8.307	-39.7	33.9
8.39	-8.306	-42.9	35.3
8.4	-8.305	-45.4	38.4
8.41	-8.304	-46.7	22.5
8.42	-8.303	-45.9	-3.2
8.43	-8.301	-42.9	-10.4
8.44	-8.299	-37.7	-24.0
8.45	-8.296	-31.1	-34.1
8.46	-8.296	-23.9	-40.6
8.47	-8.297	-16.7	-66.8
8.48	-8.301	-10.4	-90.8
8.49	-8.305	-5.4	-100.6
8.5	-8.309	-1.9	-92.7
8.51	-8.313	0.0	-75.5
8.52	-8.315	0.3	-38.8
8.53	-8.315	-0.7	21.5
8.54	-8.314	-2.9	55.9
8.55	-8.312	-5.8	66.3
8.56	-8.310	-9.0	77.8
8.57	-8.308	-12.2	77.0
8.58	-8.308	-15.6	79.9
8.59	-8.309	-18.9	99.0
8.6	-8.311	-22.3	119.3
8.61	-8.309	-25.4	121.1
8.62	-8.308	-27.9	-14.0
8.63	-8.312	-29.7	-353.7
8.64	-8.319	-30.8	-454.5
8.65	-8.330	-31.2	80.1
8.66	-8.342	-31.2	588.7
8.67	-8.354	-30.7	469.1
8.68	-8.366	-29.7	141.3
8.69	-8.375	-28.3	1.0
8.7	-8.377	-26.6	4.5
8.71	-8.371	-24.8	31.3
8.72	-8.361	-22.9	29.3
8.73	-8.351	-20.8	9.6
8.74	-8.343	-17.9	-17.1
8.75	-8.337	-12.6	-50.8
8.76	-8.334	-2.8	-78.4
8.77	-8.335	12.2	-96.3
8.78	-8.338	30.2	-120.6
8.79	-8.342	47.0	-143.7
8.8	-8.349	58.8	-158.6
8.81	-8.356	63.6	-165.9
8.82	-8.363	61.1	-163.8
8.83	-8.371	52.4	-167.1
8.84	-8.378	39.4	-154.3
8.85	-8.388	24.6	-119.1
8.86	-8.400	9.9	-94.4
8.87	-8.411	-3.4	-66.6
8.88	-8.421	-14.9	-20.2
8.89	-8.433	-24.2	9.2
8.9	-8.444	-31.6	14.2
8.91	-8.455	-37.1	16.6
8.92	-8.464	-40.8	14.7
8.93	-8.474	-43.5	7.1
8.94	-8.482	-45.2	7.6
8.95	-8.489	-45.7	12.3
8.96	-8.498	-44.7	7.1
8.97	-8.507	-41.6	-14.5
8.98	-8.519	-36.4	-46.0
8.99	-8.534	-29.6	-74.0
9.0	-8.554	-22.1	-105.9
9.01	-8.576	-14.9	-121.9
9.02	-8.599	-8.8	-114.4
9.03	-8.622	-4.1	-99.8
9.04	-8.644	-1.2	-65.0
9.05	-8.665	0.2	-16.3
9.06	-8.684	0.2	23.6
9.07	-8.703	-0.8	37.1
9.08	-8.721	-2.9	42.7
9.09	-8.737	-5.9	57.7
9.1	-8.753	-9.7	73.5
9.11	-8.773	-13.9	79.5
9.12	-8.796	-17.9	75.3
9.13	-8.821	-21.5	107.5
9.14	-8.844	-24.5	136.9
9.15	-8.866	-27.0	4.2
9.16	-8.889	-29.1	-331.4
9.17	-8.916	-30.7	-463.5
9.18	-8.946	-31.6	38.8
9.19	-8.978	-31.6	555.0
9.2	-9.009	-30.9	452.3
9.21	-9.041	-29.8	149.4
9.22	-9.072	-28.4	21.4
9.23	-9.099	-27.1	2.3
9.24	-9.120	-25.8	-0.3
9.25	-9.138	-24.3	-7.4
9.26	-9.154	-22.3	-9.4
9.27	-9.174	-19.5	-14.8
9.28	-9.197	-15.1	-34.7
9.29	-9.224	-7.3	-49.1
9.3	-9.253	5.1	-79.6
9.31	-9.285	21.4	-128.8
9.32	-9.319	38.2	-162.1
9.33	-9.354	51.6	-190.7
9.34	-9.392	58.8	-211.1
9.35	-9.433	59.0	-206.5
9.36	-9.474	52.7	-186.1
9.37	-9.516	41.7	-145.9
9.38	-9.560	28.1	-92.1
9.39	-9.603	13.8	-80.3
9.4	-9.644	0.3	-82.1
9.41	-9.682	-11.6	-48.4
9.42	-9.718	-21.5	-13.3
9.43	-9.752	-29.4	2.9
9.44	-9.785	-35.5	16.8
9.45	-9.818	-40.1	31.2
9.46	-9.851	-43.7	33.5
9.47	-9.884	-46.2	22.3
9.48	-9.917	-47.3	13.7
9.49	-9.949	-46.4	-2.5
9.5	-9.979	-43.2	-22.3
9.51	-10.007	-38.0	-47.3
9.52	-10.035	-31.3	-81.8
9.53	-10.062	-24.2	-112.4
9.54	-10.088	-17.3	-126.4
9.55	-10.113	-11.3	-115.3
9.56	-10.137	-6.4	-89.3
9.57	-10.160	-2.8	-34.7
9.58	-10.183	-0.7	22.0
9.59	-10.205	-0.1	39.6
9.6	-10.226	-0.9	39.7
9.61	-10.246	-3.0	36.7
9.62	-10.265	-5.8	42.3
9.63	-10.284	-9.3	61.4
9.64	-10.304	-13.1	72.4
9.65	-10.325	-17.1	94.2
9.66	-10.344	-20.8	128.3
9.67	-10.361	-24.1	60.2
9.68	-10.380	-26.8	-227.3
9.69	-10.399	-29.0	-523.5
9.7	-10.418	-30.4	-260.1
9.71	-10.437	-31.1	367.6
9.72	-10.457	-31.2	516.6
9.73	-10.478	-30.6	238.5
9.74	-10.499	-29.7	48.3
9.75	-10.515	-28.6	17.2
9.76	-10.528	-27.3	21.4
9.77	-10.537	-25.8	2.5
9.78	-10.547	-24.0	-14.4
9.79	-10.557	-21.8	-16.1
9.8	-10.568	-18.5	-28.4
9.81	-10.580	-12.4	-45.2
9.82	-10.593	-1.5	-66.3
9.83	-10.608	14.2	-97.6
9.84	-10.623	32.0	-130.7
9.85	-10.639	47.8	-174.3
9.86	-10.656	58.0	-196.8
9.87	-10.672	61.1	-201.6
9.88	-10.688	57.1	-200.9
9.89	-10.704	47.6	-178.8
9.9	-10.720	34.6	-141.4
9.91	-10.738	20.3	-87.0
9.92	-10.755	6.1	-42.5
9.93	-10.771	-6.9	-27.0
9.94	-10.788	-18.0	-19.3
9.95	-10.805	-27.0	-5.5
9.96	-10.822	-34.1	12.5
9.97	-10.839	-39.5	19.8
9.98	-10.856	-43.7	7.9
9.99	-10.872	-46.9	2.9
10.0	-10.888	-48.7	11.2
10.01	-10.905	-48.6	12.6
10.02	-10.921	-46.1	-10.8
10.03	-10.937	-41.2	-45.2
10.04	-10.953	-34.5	-80.1
10.05	-10.967	-26.6	-116.0
10.06	-10.980	-18.7	-119.1
10.07	-10.991	-11.8	-107.7
10.08	-11.001	-6.4	-90.1
10.09	-11.009	-2.9	-46.9
10.1	-11.018	-0.9	-8.6
10.11	-11.028	-0.0	20.4
10.12	-11.041	-0.3	57.4
10.13	-11.054	-1.8	66.1
10.14	-11.067	-4.3	64.1
10.15	-11.081	-7.5	71.3
10.16	-11.095	-11.0	59.8
10.17	-11.108	-14.7	63.4
10.18	-11.118	-18.4	83.4
10.19	-11.129	-22.3	-2.5
10.2	-11.141	-25.8	-303.3
10.21	-11.149	-28.6	-530.6
10.22	-11.156	-30.4	-159.0
10.23	-11.164	-31.2	416.1
10.24	-11.177	-31.2	445.8
10.25	-11.190	-30.7	170.0
10.26	-11.199	-29.9	21.5
10.27	-11.203	-28.7	4.1
10.28	-11.201	-26.9	17.0
10.29	-11.196	-24.7	11.1
10.3	-11.194	-22.3	10.0
10.31	-11.194	-19.8	4.5
10.32	-11.196	-16.3	-17.7
10.33	-11.197	-9.8	-40.6
10.34	-11.198	1.8	-79.1
10.35	-11.198	18.0	-118.0
10.36	-11.201	35.7	-145.2
10.37	-11.205	50.8	-176.4
10.38	-11.211	60.0	-193.1
10.39	-11.216	62.1	-167.3
10.4	-11.221	57.5	-130.4
10.41	-11.224	47.7	-126.8
10.42	-11.228	34.6	-125.6
10.43	-11.231	20.2	-98.0
10.44	-11.233	5.8	-55.4
10.45	-11.233	-7.2	-18.8
10.46	-11.233	-18.3	-0.6
10.47	-11.231	-27.1	13.5
10.48	-11.229	-33.9	29.4
10.49	-11.227	-39.0	43.9
10.5	-11.225	-43.1	46.7
10.51	-11.221	-46.3	31.1
10.52	-11.218	-47.8	12.6
10.53	-11.214	-47.2	-7.4
10.54	-11.210	-44.1	-16.1
10.55	-11.206	-38.9	-23.1
10.56	-11.203	-32.0	-67.5
10.57	-11.199	-24.4	-103.4
10.58	-11.194	-16.8	-104.1
10.59	-11.186	-10.2	-98.9
10.6	-11.177	-5.1	-71.1
10.61	-11.167	-1.8	-25.1
10.62	-11.157	0.1	25.2
10.63	-11.149	0.5	44.6
10.64	-11.141	-0.2	55.9
10.65	-11.133	-2.0	84.3
10.66	-11.124	-4.7	87.6
10.67	-11.118	-8.1	91.6
10.68	-11.110	-11.9	87.8
10.69	-11.098	-15.8	83.8
10.7	-11.084	-19.7	55.9
10.71	-11.072	-23.3	-146.4
10.72	-11.059	-26.5	-492.6
10.73	-11.044	-29.1	-444.6
10.74	-11.027	-30.7	160.0
10.75	-11.014	-31.4	500.5
10.76	-11.008	-31.1	317.3
10.77	-11.004	-30.2	98.3
10.78	-10.994	-28.9	16.5
10.79	-10.974	-27.3	18.1
10.8	-10.948	-25.4	30.3
10.81	-10.918	-23.2	26.9
10.82	-10.891	-20.8	12.2
10.83	-10.866	-17.8	-11.5
10.84	-10.841	-13.0	-22.0
10.85	-10.815	-4.1	-34.6
10.86	-10.791	9.6	-72.8
10.87	-10.769	26.5	-114.3
10.88	-10.749	42.7	-143.2
10.89	-10.731	54.7	-163.6
10.9	-10.713	60.3	-165.9
10.91	-10.695	59.0	-158.0
10.92	-10.676	51.9	-153.4
10.93	-10.656	40.5	-121.4
10.94	-10.638	27.0	-58.2
10.95	-10.621	13.0	-23.8
10.96	-10.604	-0.0	-12.5
10.97	-10.589	-11.5	2.3
10.98	-10.573	-21.2	21.2
10.99	-10.554	-28.9	37.8
11.0	-10.536	-34.9	53.1
11.01	-10.519	-39.8	56.7
11.02	-10.501	-43.7	51.1
11.03	-10.481	-46.5	55.9
11.04	-10.461	-47.4	39.3
11.05	-10.438	-45.8	2.6
11.06	-10.414	-41.6	-21.8
11.07	-10.389	-35.5	-35.7
11.08	-10.364	-28.2	-56.5
11.09	-10.338	-20.7	-77.6
11.1	-10.311	-13.8	-79.8
11.11	-10.284	-8.1	-68.7
11.12	-10.257	-3.8	-32.6
11.13	-10.229	-1.1	24.4
11.14	-10.201	0.0	54.2
11.15	-10.173	-0.1	56.5
11.16	-10.146	-1.3	66.4
11.17	-10.119	-3.4	82.2
11.18	-10.092	-6.2	100.9
11.19	-10.068	-9.7	110.4
11.2	-10.042	-13.7	109.3
11.21	-10.013	-17.8	116.2
11.22	-9.981	-21.6	90.8
11.23	-9.949	-24.8	-101.2
11.24	-9.916	-27.5	-435.7
11.25	-9.883	-29.5	-375.7
11.26	-9.850	-30.9	224.5
11.27	-9.821	-31.5	549.0
11.28	-9.797	-31.3	334.6
11.29	-9.775	-30.3	93.2
11.3	-9.749	-28.8	34.6
11.31	-9.720	-27.0	39.1
11.32	-9.687	-24.9	30.9
11.33	-9.652	-22.6	35.4
11.34	-9.616	-20.1	34.8
11.35	-9.582	-17.0	4.0
11.36	-9.549	-11.7	-20.8
11.37	-9.518	-2.3	-33.0
11.38	-9.488	11.6	-63.4
11.39	-9.459	28.1	-95.3
11.4	-9.432	43.7	-110.2
11.41	-9.406	55.0	-130.8
11.42	-9.381	59.9	-159.2
11.43	-9.354	58.2	-163.9
11.44	-9.329	50.7	-135.9
11.45	-9.304	39.1	-108.6
11.46	-9.283	25.4	-79.6
11.47	-9.260	11.4	-32.2
11.48	-9.236	-1.7	5.4
11.49	-9.213	-13.0	19.5
11.5	-9.193	-22.3	39.3
11.51	-9.175	-29.8	50.9
11.52	-9.159	-35.6	49.2
11.53	-9.145	-40.4	48.8
11.54	-9.130	-44.3	58.0
11.55	-9.113	-46.9	55.8
11.56	-9.095	-47.6	24.1
11.57	-9.076	-45.8	15.2
11.58	-9.056	-41.3	24.9
11.59	-9.036	-34.9	7.8
11.6	-9.016	-27.5	-30.0
11.61	-8.998	-20.1	-71.9
11.62	-8.981	-13.3	-89.5
11.63	-8.965	-7.7	-78.9
11.64	-8.949	-3.5	-56.8
11.65	-8.933	-0.7	-2.5
11.66	-8.918	0.4	52.0
11.67	-8.902	0.0	75.9
11.68	-8.888	-1.6	86.3
11.69	-8.872	-4.0	76.9
11.7	-8.854	-7.0	74.1
11.71	-8.838	-10.4	92.2
11.72	-8.822	-14.4	107.2
11.73	-8.808	-18.4	123.9
11.74	-8.791	-22.2	155.7
11.75	-8.773	-25.4	109.2
11.76	-8.755	-27.8	-180.2
11.77	-8.739	-29.6	-487.5
11.78	-8.722	-30.9	-193.3
11.79	-8.704	-31.6	431.9
11.8	-8.688	-31.7	532.6
11.81	-8.674	-31.1	239.6
11.82	-8.660	-30.0	62.6
11.83	-8.645	-28.5	34.3
11.84	-8.629	-26.6	46.7
11.85	-8.613	-24.5	53.8
11.86	-8.594	-22.1	36.2
11.87	-8.574	-19.3	11.7
11.88	-8.554	-15.7	-4.0
11.89	-8.534	-9.8	-34.8
11.9	-8.516	0.0	-64.1
11.91	-8.501	13.9	-73.9
11.92	-8.488	29.9	-90.6
11.93	-8.476	44.4	-119.1
11.94	-8.466	54.3	-150.3
11.95	-8.456	57.9	-165.6
11.96	-8.446	55.1	-151.5
11.97	-8.438	46.8	-126.9
11.98	-8.430	35.0	-100.1
11.99	-8.423	21.5	-70.3
12.0	-8.416	8.0	-35.0
12.01	-8.409	-4.6	6.0
12.02	-8.402	-15.6	26.2
12.03	-8.395	-24.8	28.4
12.04	-8.387	-32.4	33.1
12.05	-8.380	-38.4	36.2
12.06	-8.373	-43.2	33.4
12.07	-8.364	-46.8	28.2
12.08	-8.356	-48.9	33.8
12.09	-8.348	-48.7	35.2
12.1	-8.341	-46.0	18.6
12.11	-8.335	-40.8	-0.0
12.12	-8.330	-33.6	-10.5
12.13	-8.326	-25.7	-38.9
12.14	-8.322	-18.0	-82.6
12.15	-8.318	-11.4	-100.1
12.16	-8.315	-6.3	-84.0
12.17	-8.312	-2.7	-60.8
12.18	-8.308	-0.7	-42.8
12.19	-8.303	-0.1	-3.4
12.2	-8.297	-1.0	47.2
12.21	-8.291	-3.2	76.9
12.22	-8.285	-6.1	83.1
12.23	-8.279	-9.3	82.1
12.24	-8.273	-12.6	87.6
12.25	-8.267	-16.0	103.6
12.26	-8.265	-19.5	111.2
12.27	-8.262	-22.9	115.8
12.28	-8.258	-26.0	138.3
12.29	-8.253	-28.4	41.6
12.3	-8.251	-30.2	-295.0
12.31	-8.252	-31.3	-455.6
12.32	-8.256	-31.7	26.5
12.33	-8.260	-31.7	559.7
12.34	-8.265	-31.1	494.1
12.35	-8.271	-30.1	187.7
12.36	-8.275	-28.8	36.8
12.37	-8.275	-27.1	11.8
12.38	-8.271	-25.3	27.2
12.39	-8.265	-23.2	30.0
12.4	-8.258	-20.9	8.2
12.41	-8.249	-17.9	-7.1
12.42	-8.241	-12.8	-4.2
12.43	-8.237	-3.8	-15.6
12.44	-8.234	10.1	-63.2
12.45	-8.234	27.3	-114.8
12.46	-8.236	44.0	-137.4
12.47	-8.239	56.7	-155.2
12.48	-8.244	63.0	-164.3
12.49	-8.251	62.2	-151.9
12.5	-8.258	55.0	-135.8
12.51	-8.265	43.2	-115.6
12.52	-8.274	28.9	-97.9
12.53	-8.284	14.2	-75.2
12.54	-8.294	0.3	-43.3
12.55	-8.302	-11.8	-12.1
12.56	-8.309	-21.8	11.5
12.57	-8.318	-29.6	24.4
12.58	-8.326	-35.5	40.1
12.59	-8.332	-40.0	51.3
12.6	-8.340	-43.4	48.2
12.61	-8.347	-45.8	35.6
12.62	-8.353	-46.8	15.1
12.63	-8.359	-45.9	-0.1
12.64	-8.366	-42.7	-8.1
12.65	-8.374	-37.3	-19.7
12.66	-8.386	-30.4	-30.7
12.67	-8.399	-22.8	-46.8
12.68	-8.417	-15.7	-54.6
12.69	-8.437	-9.8	-66.7
12.7	-8.457	-5.4	-87.7
12.71	-8.478	-2.6	-87.2
12.72	-8.496	-1.1	-69.4
12.73	-8.512	-1.0	-20.5
12.74	-8.527	-2.2	28.5
12.75	-8.542	-4.5	59.7
12.76	-8.556	-7.6	85.4
12.77	-8.569	-11.1	85.8
12.78	-8.584	-14.8	70.7
12.79	-8.601	-18.4	67.0
12.8	-8.621	-21.9	82.4
12.81	-8.643	-25.0	122.2
12.82	-8.662	-27.7	147.3
12.83	-8.682	-29.9	15.5
12.84	-8.705	-31.5	-333.7
12.85	-8.731	-32.3	-459.3
12.86	-8.760	-32.4	61.9
12.87	-8.789	-32.0	567.1
12.88	-8.819	-31.1	448.2
12.89	-8.849	-29.9	143.2
12.9	-8.877	-28.5	25.4
12.91	-8.902	-26.9	19.6
12.92	-8.921	-25.1	21.1
12.93	-8.934	-23.1	10.8
12.94	-8.943	-20.9	-6.9
12.95	-8.954	-18.1	-20.6
12.96	-8.970	-13.0	-40.5
12.97	-8.991	-3.8	-62.1
12.98	-9.014	10.3	-71.1
12.99	-9.041	27.6	-98.3
13.0	-9.068	44.4	-137.3
13.01	-9.096	57.0	-181.1
13.02	-9.126	63.2	-213.1
13.03	-9.157	62.1	-205.1
13.04	-9.188	54.5	-162.8
13.05	-9.221	42.4	-127.2
13.06	-9.254	27.8	-108.0
13.07	-9.287	12.9	-81.1
13.08	-9.318	-1.1	-57.0
13.09	-9.346	-13.0	-28.2
13.1	-9.374	-22.7	-3.7
13.11	-9.400	-30.1	1.0
13.12	-9.426	-35.9	13.1
13.13	-9.453	-40.4	32.7
13.14	-9.478	-43.9	27.6
13.15	-9.504	-46.3	15.3
13.16	-9.530	-47.3	14.3
13.17	-9.556	-46.3	-1.6
13.18	-9.582	-43.1	-18.7
13.19	-9.606	-37.9	-24.8
13.2	-9.630	-30.9	-42.6
13.21	-9.653	-23.3	-69.3
13.22	-9.678	-15.9	-78.8
13.23	-9.703	-9.8	-72.6
13.24	-9.728	-5.4	-90.6
13.25	-9.752	-2.7	-112.3
13.26	-9.774	-1.6	-95.1
13.27	-9.794	-1.8	-52.2
13.28	-9.814	-3.1	-3.9
13.29	-9.834	-5.2	43.3
13.3	-9.856	-8.0	75.8
13.31	-9.876	-11.2	78.7
13.32	-9.896	-14.7	65.5
13.33	-9.916	-18.3	52.3
13.34	-9.938	-21.7	46.2
13.35	-9.959	-24.6	77.1
13.36	-9.978	-27.1	95.8
13.37	-9.998	-29.1	-44.6
13.38	-10.019	-30.6	-379.0
13.39	-10.039	-31.7	-536.3
13.4	-10.057	-32.2	-72.1
13.41	-10.076	-31.9	477.2
13.42	-10.098	-31.0	444.2
13.43	-10.119	-29.9	154.9
13.44	-10.138	-28.7	4.6
13.45	-10.151	-27.2	-8.0
13.46	-10.160	-25.5	14.2
13.47	-10.168	-23.6	16.0
13.48	-10.176	-21.5	11.3
13.49	-10.187	-18.6	-6.3
13.5	-10.198	-13.7	-42.4
13.51	-10.211	-4.7	-80.9
13.52	-10.224	9.6	-106.3
13.53	-10.238	27.5	-124.5
13.54	-10.252	45.3	-158.8
13.55	-10.268	58.7	-182.9
13.56	-10.283	65.1	-185.3
13.57	-10.299	63.7	-183.4
13.58	-10.315	55.8	-172.9
13.59	-10.331	43.7	-163.8
13.6	-10.347	29.3	-136.3
13.61	-10.363	14.4	-85.7
13.62	-10.378	0.1	-49.9
13.63	-10.393	-12.5	-22.9
13.64	-10.407	-22.8	4.0
13.65	-10.422	-30.8	18.0
13.66	-10.439	-36.6	21.9
13.67	-10.456	-40.9	28.8
13.68	-10.474	-44.2	36.9
13.69	-10.491	-46.7	35.5
13.7	-10.509	-48.0	34.4
13.71	-10.526	-47.4	22.7
13.72	-10.543	-44.2	-5.5
13.73	-10.558	-38.8	-25.1
13.74	-10.571	-31.8	-29.0
13.75	-10.584	-24.3	-43.8
13.76	-10.597	-17.1	-72.9
13.77	-10.611	-10.8	-87.3
13.78	-10.624	-5.9	-81.7
13.79	-10.637	-2.5	-63.6
13.8	-10.646	-1.0	-42.8
13.81	-10.654	-1.2	-8.6
13.82	-10.661	-2.4	25.7
13.83	-10.669	-4.4	32.6
13.84	-10.678	-7.1	47.9
13.85	-10.687	-10.3	72.5
13.86	-10.696	-13.9	71.9
13.87	-10.706	-17.6	68.9
13.88	-10.717	-21.1	72.2
13.89	-10.727	-24.2	91.6
13.9	-10.734	-26.9	94.6
13.91	-10.741	-29.0	-47.4
13.92	-10.747	-30.5	-387.0
13.93	-10.750	-31.5	-541.3
13.94	-10.753	-32.1	-78.0
13.95	-10.759	-32.0	447.8
13.96	-10.769	-31.4	406.8
13.97	-10.779	-30.4	138.3
13.98	-10.785	-29.2	17.6
13.99	-10.784	-27.7	-8.8
14.0	-10.779	-25.7	-1.8
14.01	-10.772	-23.4	17.9
14.02	-10.767	-21.0	5.2
14.03	-10.765	-18.0	-11.6
14.04	-10.765	-12.9	-8.3
14.05	-10.766	-3.4	-28.4
14.06	-10.766	11.3	-75.4
14.07	-10.767	29.3	-110.1
14.08	-10.768	46.7	-142.1
14.09	-10.769	59.6	-176.4
14.1	-10.773	65.5	-190.0
14.11	-10.777	64.0	-187.0
14.12	-10.781	56.1	-156.8
14.13	-10.783	43.7	-123.6
14.14	-10.784	29.2	-111.2
14.15	-10.787	14.3	-90.1
14.16	-10.788	0.2	-47.7
14.17	-10.789	-12.2	-7.7
14.18	-10.792	-22.3	10.0
14.19	-10.794	-29.7	23.3
14.2	-10.797	-35.0	35.8
14.21	-10.799	-38.9	63.3
14.22	-10.801	-42.1	79.4
14.23	-10.800	-44.9	50.5
14.24	-10.799	-46.4	19.3
14.25	-10.797	-46.0	6.0
14.26	-10.794	-43.5	2.1
14.27	-10.789	-39.0	-5.9
14.28	-10.783	-33.0	-9.8
14.29	-10.779	-26.0	-7.1
14.3	-10.776	-19.1	-19.9
14.31	-10.776	-12.9	-53.7
14.32	-10.776	-8.0	-80.9
14.33	-10.774	-4.7	-81.1
14.34	-10.768	-3.1	-69.9
14.35	-10.760	-2.9	-52.0
14.36	-10.749	-3.8	-19.0
14.37	-10.739	-5.6	24.1
14.38	-10.731	-8.0	61.1
14.39	-10.724	-10.9	71.4
14.4	-10.718	-14.2	67.5
14.41	-10.710	-17.7	73.2
14.42	-10.700	-21.1	77.4
14.43	-10.690	-24.0	73.6
14.44	-10.678	-26.4	91.8
14.45	-10.663	-28.4	109.5
14.46	-10.648	-30.0	-2.3
14.47	-10.633	-31.3	-340.3
14.48	-10.616	-32.1	-573.3
14.49	-10.598	-32.3	-186.1
14.5	-10.583	-31.9	391.7
14.51	-10.574	-31.3	439.2
14.52	-10.567	-30.5	180.7
14.53	-10.554	-29.3	28.7
14.54	-10.531	-27.6	6.6
14.55	-10.500	-25.3	30.5
14.56	-10.466	-22.8	52.5
14.57	-10.433	-20.3	28.2
14.58	-10.402	-17.1	-15.5
14.59	-10.372	-11.6	-32.2
14.6	-10.344	-1.3	-44.9
14.61	-10.319	14.3	-74.1
14.62	-10.296	32.8	-111.3
14.63	-10.274	50.1	-124.3
14.64	-10.253	62.1	-129.1
14.65	-10.231	66.9	-166.9
14.66	-10.207	64.4	-191.3
14.67	-10.181	55.7	-174.6
14.68	-10.152	42.8	-139.4
14.69	-10.123	27.9	-105.6
14.7	-10.096	12.9	-77.9
14.71	-10.069	-1.2	-45.0
14.72	-10.043	-13.4	-17.0
14.73	-10.017	-23.2	16.1
14.74	-9.991	-30.5	45.0
14.75	-9.966	-35.5	44.6
14.76	-9.940	-39.1	53.6
14.77	-9.914	-42.1	68.9
14.78	-9.888	-44.7	52.4
14.79	-9.860	-46.4	24.5
14.8	-9.832	-46.1	14.0
14.81	-9.804	-43.6	21.2
14.82	-9.773	-38.9	20.0
14.83	-9.740	-32.7	4.6
14.84	-9.707	-25.6	0.2
14.85	-9.673	-18.7	21.5
14.86	-9.640	-12.6	13.8
14.87	-9.607	-7.9	-21.0
14.88	-9.577	-4.9	-30.0
14.89	-9.548	-3.5	-43.2
14.9	-9.521	-3.6	-58.8
14.91	-9.496	-4.8	-63.3
14.92	-9.469	-7.1	-51.6
14.93	-9.441	-9.9	-15.6
14.94	-9.413	-12.8	22.2
14.95	-9.386	-15.4	50.7
14.96	-9.359	-17.9	67.7
14.97	-9.331	-20.5	72.6
14.98	-9.303	-22.9	64.3
14.99	-9.274	-25.0	61.9
15.0	-9.246	-26.6	76.6
15.01	-9.219	-27.9	96.3
15.02	-9.191	-29.1	123.9
15.03	-9.163	-30.5	102.7
15.04	-9.137	-31.6	-115.2
15.05	-9.113	-32.3	-488.7
15.06	-9.088	-32.2	-451.3
15.07	-9.066	-31.6	156.0
15.08	-9.047	-30.7	528.4
15.09	-9.030	-29.6	352.8
15.1	-9.013	-28.4	95.4
15.11	-8.994	-27.0	5.0
15.12	-8.971	-25.3	6.9
15.13	-8.945	-23.2	18.8
15.14	-8.916	-20.8	10.3
15.15	-8.886	-17.9	-2.1
15.16	-8.858	-13.6	-0.0
15.17	-8.833	-5.8	-18.3
15.18	-8.811	7.4	-54.1
15.19	-8.790	24.9	-77.8
15.2	-8.771	43.2	-105.6
15.21	-8.752	58.0	-152.7
15.22	-8.736	66.2	-190.1
15.23	-8.721	66.7	-194.0
15.24	-8.706	60.0	-173.0
15.25	-8.691	48.1	-144.6
15.26	-8.675	33.1	-126.7
15.27	-8.662	17.5	-111.8
15.28	-8.649	2.7	-79.3
15.29	-8.636	-10.3	-47.5
15.3	-8.622	-21.1	-17.0
15.31	-8.609	-29.3	16.7
15.32	-8.596	-35.2	30.5
15.33	-8.583	-39.1	36.4
15.34	-8.570	-41.8	43.3
15.35	-8.557	-44.0	47.6
15.36	-8.543	-45.6	35.3
15.37	-8.528	-46.0	-2.2
15.38	-8.514	-44.7	-22.1
15.39	-8.499	-41.4	-15.3
15.4	-8.485	-36.2	-18.2
15.41	-8.471	-29.8	-20.8
15.42	-8.457	-22.8	-6.5
15.43	-8.444	-16.2	14.7
15.44	-8.432	-10.7	27.3
15.45	-8.419	-6.6	15.7
15.46	-8.406	-4.2	2.6
15.47	-8.393	-3.2	-6.6
15.48	-8.379	-3.5	-11.0
15.49	-8.364	-5.0	-20.0
15.5	-8.350	-7.7	-54.2
15.51	-8.337	-11.1	-73.1
15.52	-8.323	-14.8	-73.4
15.53	-8.309	-18.2	-75.5
15.54	-8.296	-21.2	-52.9
15.55	-8.283	-23.7	-0.9
15.56	-8.271	-25.6	27.5
15.57	-8.258	-26.9	37.8
15.58	-8.246	-27.5	62.8
15.59	-8.234	-27.7	74.0
15.6	-8.223	-27.8	69.2
15.61	-8.213	-27.8	62.9
15.62	-8.202	-27.9	79.2
15.63	-8.191	-28.1	104.9
15.64	-8.179	-28.5	61.6
15.65	-8.169	-29.0	-186.2
15.66	-8.161	-29.4	-559.6
15.67	-8.156	-29.6	-429.1
15.68	-8.152	-29.3	235.6
15.69	-8.151	-28.8	535.2
15.7	-8.151	-27.9	316.1
15.71	-8.148	-26.9	96.9
15.72	-8.143	-25.7	24.2
15.73	-8.134	-24.2	2.9
15.74	-8.121	-22.4	-2.7
15.75	-8.106	-20.1	-3.1
15.76	-8.091	-16.7	-14.6
15.77	-8.076	-10.3	-30.8
15.78	-8.063	1.2	-30.5
15.79	-8.053	18.1	-36.5
15.8	-8.046	37.9	-87.1
15.81	-8.040	56.1	-147.3
15.82	-8.036	68.7	-169.7
15.83	-8.032	73.4	-178.3
15.84	-8.029	70.0	-184.4
15.85	-8.028	60.0	-179.8
15.86	-8.027	45.6	-164.9
15.87	-8.027	29.4	-118.0
15.88	-8.029	13.4	-89.4
15.89	-8.033	-1.2	-92.0
15.9	-8.036	-13.9	-62.4
15.91	-8.037	-24.1	-30.0
15.92	-8.038	-31.5	-20.7
15.93	-8.039	-36.3	-5.3
15.94	-8.040	-39.2	11.7
15.95	-8.041	-41.1	32.8
15.96	-8.043	-42.7	47.5
15.97	-8.044	-43.9	30.9
15.98	-8.047	-44.0	-5.8
15.99	-8.050	-42.5	-26.5
16.0	-8.054	-39.0	-34.0
16.01	-8.059	-33.8	-39.1
16.02	-8.064	-27.3	-29.1
16.03	-8.071	-20.4	-10.1
16.04	-8.080	-13.9	6.3
16.05	-8.090	-8.7	2.0
16.06	-8.101	-5.0	-16.3
16.07	-8.111	-2.8	-24.0
16.08	-8.123	-2.2	-21.0
16.09	-8.134	-3.0	-43.2
16.1	-8.146	-5.1	-84.2
16.11	-8.159	-8.1	-93.5
16.12	-8.174	-11.6	-84.8
16.13	-8.187	-15.0	-75.1
16.14	-8.199	-18.1	-40.9
16.15	-8.211	-21.0	5.1
16.16	-8.221	-23.6	35.3
16.17	-8.230	-25.6	36.3
16.18	-8.237	-26.8	38.1
16.19	-8.241	-27.5	69.7
16.2	-8.247	-27.9	79.7
16.21	-8.256	-28.3	70.2
16.22	-8.268	-28.6	82.3
16.23	-8.278	-28.9	99.5
16.24	-8.287	-29.1	31.3
16.25	-8.300	-29.2	-265.3
16.26	-8.320	-29.2	-580.9
16.27	-8.344	-29.2	-289.0
16.28	-8.371	-28.9	390.3
16.29	-8.396	-28.4	535.7
16.3	-8.421	-27.7	235.5
16.31	-8.444	-26.7	38.6
16.32	-8.461	-25.4	-8.9
16.33	-8.469	-23.7	-5.4
16.34	-8.470	-21.8	5.3
16.35	-8.465	-19.7	0.7
16.36	-8.461	-17.0	-24.3
16.37	-8.463	-12.3	-48.5
16.38	-8.471	-3.4	-64.2
16.39	-8.486	11.2	-83.8
16.4	-8.504	29.6	-101.8
16.41	-8.526	47.9	-130.4
16.42	-8.547	61.9	-174.9
16.43	-8.571	69.1	-207.3
16.44	-8.596	68.6	-220.4
16.45	-8.623	61.4	-209.2
16.46	-8.650	49.1	-177.7
16.47	-8.679	34.1	-146.7
16.48	-8.711	18.4	-120.3
16.49	-8.743	3.5	-83.5
16.5	-8.775	-9.8	-49.9
16.51	-8.806	-20.7	-24.6
16.52	-8.836	-28.8	-0.0
16.53	-8.867	-34.6	16.6
16.54	-8.899	-38.5	26.8
16.55	-8.935	-41.2	19.7
16.56	-8.973	-43.4	13.5
16.57	-9.011	-45.0	19.1
16.58	-9.049	-45.4	4.6
16.59	-9.088	-44.0	-13.3
16.6	-9.126	-40.5	-14.2
16.61	-9.162	-35.2	-7.0
16.62	-9.197	-28.6	-11.3
16.63	-9.231	-21.4	-17.8
16.64	-9.264	-14.7	-10.6
16.65	-9.295	-9.2	-18.8
16.66	-9.325	-5.2	-42.2
16.67	-9.355	-2.5	-83.6
16.68	-9.385	-1.3	-101.6
16.69	-9.416	-1.7	-75.9
16.7	-9.445	-3.3	-70.7
16.71	-9.473	-5.8	-61.3
16.72	-9.500	-8.7	-18.6
16.73	-9.526	-11.6	33.8
16.74	-9.552	-14.5	47.2
16.75	-9.576	-17.4	25.5
16.76	-9.601	-20.1	32.7
16.77	-9.625	-22.6	56.5
16.78	-9.649	-24.8	65.3
16.79	-9.674	-26.5	74.6
16.8	-9.699	-28.0	102.6
16.81	-9.723	-29.1	118.4
16.82	-9.746	-29.9	-16.4
16.83	-9.770	-30.4	-394.2
16.84	-9.794	-30.6	-634.0
16.85	-9.817	-30.4	-183.8
16.86	-9.842	-29.9	458.7
16.87	-9.869	-29.2	483.6
16.88	-9.897	-28.3	187.0
16.89	-9.923	-27.3	31.4
16.9	-9.946	-26.2	-0.6
16.91	-9.964	-24.7	-0.6
16.92	-9.979	-23.0	-2.5
16.93	-9.994	-21.1	-8.5
16.94	-10.009	-18.8	-13.5
16.95	-10.026	-15.2	-18.8
16.96	-10.044	-8.3	-54.7
16.97	-10.065	3.9	-93.3
16.98	-10.087	21.1	-122.3
16.99	-10.109	40.2	-159.0
17.0	-10.132	56.4	-190.0
17.01	-10.154	66.3	-202.9
17.02	-10.177	68.4	-202.6
17.03	-10.199	63.4	-205.0
17.04	-10.221	52.8	-191.4
17.05	-10.243	38.8	-155.4
17.06	-10.266	23.4	-122.6
17.07	-10.289	8.2	-84.2
17.08	-10.311	-5.9	-34.8
17.09	-10.335	-17.9	-3.9
17.1	-10.360	-27.5	2.6
17.11	-10.386	-34.7	10.0
17.12	-10.411	-39.7	32.5
17.13	-10.436	-43.2	44.0
17.14	-10.459	-45.9	35.3
17.15	-10.481	-47.9	34.5
17.16	-10.503	-48.6	21.9
17.17	-10.524	-47.2	-8.1
17.18	-10.544	-43.4	-22.9
17.19	-10.562	-37.7	-21.8
17.2	-10.579	-30.6	-31.9
17.21	-10.596	-22.9	-49.0
17.22	-10.614	-15.5	-55.7
17.23	-10.633	-9.0	-68.2
17.24	-10.651	-4.1	-74.4
17.25	-10.669	-1.0	-69.4
17.26	-10.685	0.3	-70.2
17.27	-10.698	0.1	-57.3
17.28	-10.709	-1.3	-20.1
17.29	-10.720	-3.6	16.8
17.3	-10.731	-6.5	31.7
17.31	-10.744	-9.7	45.8
17.32	-10.758	-13.0	57.4
17.33	-10.771	-16.4	72.7
17.34	-10.786	-19.5	89.8
17.35	-10.800	-22.5	82.6
17.36	-10.813	-25.1	85.1
17.37	-10.826	-27.6	59.4
17.38	-10.839	-29.6	-126.3
17.39	-10.851	-31.1	-482.9
17.4	-10.861	-31.8	-508.5
17.41	-10.873	-31.9	85.7
17.42	-10.885	-31.6	516.9
17.43	-10.901	-31.0	362.3
17.44	-10.916	-29.9	97.3
17.45	-10.925	-28.5	-5.2
17.46	-10.929	-26.9	-5.2
17.47	-10.929	-25.3	14.3
17.48	-10.930	-23.7	11.5
17.49	-10.932	-22.0	-7.7
17.5	-10.937	-19.7	-14.4
17.51	-10.944	-15.6	-11.7
17.52	-10.951	-7.8	-40.6
17.53	-10.959	5.5	-93.6
17.54	-10.969	23.2	-138.1
17.55	-10.979	41.9	-168.5
17.56	-10.989	57.2	-189.1
17.57	-11.000	66.1	-207.7
17.58	-11.011	67.7	-216.7
17.59	-11.022	62.5	-199.5
17.6	-11.032	52.1	-157.5
17.61	-11.043	38.4	-96.8
17.62	-11.056	23.3	-52.5
17.63	-11.066	8.5	-39.9
17.64	-11.076	-5.0	-29.3
17.65	-11.086	-16.5	-9.8
17.66	-11.094	-25.8	12.1
17.67	-11.102	-33.3	26.5
17.68	-11.110	-39.0	38.2
17.69	-11.118	-43.5	55.0
17.7	-11.126	-46.9	48.9
17.71	-11.134	-48.9	30.1
17.72	-11.142	-49.2	25.4
17.73	-11.148	-47.3	22.6
17.74	-11.153	-43.1	5.2
17.75	-11.156	-36.6	-27.6
17.76	-11.160	-28.9	-48.1
17.77	-11.164	-21.0	-73.0
17.78	-11.169	-13.9	-99.9
17.79	-11.174	-8.1	-89.9
17.8	-11.179	-3.7	-74.4
17.81	-11.182	-0.8	-39.8
17.82	-11.183	0.5	8.6
17.83	-11.183	0.6	30.1
17.84	-11.182	-0.6	45.8
17.85	-11.183	-2.8	47.4
17.86	-11.183	-5.9	46.0
17.87	-11.183	-9.5	60.8
17.88	-11.183	-13.3	72.4
17.89	-11.184	-17.1	72.1
17.9	-11.184	-20.7	92.8
17.91	-11.183	-24.0	112.7
17.92	-11.181	-26.8	-21.1
17.93	-11.179	-29.0	-386.1
17.94	-11.174	-30.7	-580.8
17.95	-11.167	-31.7	-123.0
17.96	-11.161	-31.9	415.3
17.97	-11.161	-31.6	396.2
17.98	-11.161	-30.9	150.3
17.99	-11.158	-29.8	38.9
18.0	-11.146	-28.4	40.8
18.01	-11.129	-26.5	42.3
18.02	-11.107	-24.3	22.2
18.03	-11.084	-22.0	-2.0
18.04	-11.064	-19.6	-17.3
18.05	-11.044	-16.3	-32.7
18.06	-11.024	-10.2	-54.3
18.07	-11.006	0.7	-68.9
18.08	-10.990	16.7	-98.7
18.09	-10.977	35.2	-136.7
18.1	-10.967	52.0	-166.6
18.11	-10.959	63.6	-189.2
18.12	-10.952	68.2	-201.1
18.13	-10.943	65.7	-194.4
18.14	-10.933	57.1	-159.9
18.15	-10.922	44.3	-115.5
18.16	-10.913	29.4	-83.5
18.17	-10.904	14.1	-57.2
18.18	-10.896	-0.2	-20.9
18.19	-10.890	-12.8	20.1
18.2	-10.883	-23.2	49.8
18.21	-10.874	-31.4	60.9
18.22	-10.863	-37.7	50.6
18.23	-10.849	-42.6	38.7
18.24	-10.834	-46.6	35.7
18.25	-10.818	-49.3	30.0
18.26	-10.799	-50.2	9.4
18.27	-10.780	-48.6	7.3
18.28	-10.759	-44.7	18.7
18.29	-10.737	-38.6	1.6
18.3	-10.715	-31.2	-26.1
18.31	-10.694	-23.1	-43.8
18.32	-10.674	-15.5	-66.7
18.33	-10.653	-9.1	-84.4
18.34	-10.629	-4.4	-77.0
18.35	-10.600	-1.6	-54.2
18.36	-10.566	-0.2	-15.2
18.37	-10.531	-0.0	32.3
18.38	-10.498	-0.9	53.1
18.39	-10.464	-2.8	59.6
18.4	-10.432	-5.6	66.3
18.41	-10.399	-8.9	60.1
18.42	-10.365	-12.5	64.4
18.43	-10.333	-16.2	76.3
18.44	-10.299	-19.7	95.3
18.45	-10.263	-22.9	125.4
18.46	-10.227	-25.9	51.3
18.47	-10.192	-28.5	-254.3
18.48	-10.155	-30.6	-548.9
18.49	-10.118	-31.8	-274.4
18.5	-10.083	-32.2	330.5
18.51	-10.051	-31.9	478.6
18.52	-10.023	-31.1	240.1
18.53	-9.994	-30.1	72.7
18.54	-9.959	-28.9	22.6
18.55	-9.921	-27.5	1.2
18.56	-9.880	-25.6	0.0
18.57	-9.837	-23.3	6.9
18.58	-9.795	-20.8	-0.4
18.59	-9.756	-17.7	-19.7
18.6	-9.718	-12.0	-49.5
18.61	-9.684	-1.5	-63.1
18.62	-9.652	14.5	-78.1
18.63	-9.621	33.6	-114.6
18.64	-9.592	51.3	-154.0
18.65	-9.563	63.8	-189.8
18.66	-9.535	68.9	-205.9
18.67	-9.506	66.6	-198.1
18.68	-9.476	58.3	-172.1
18.69	-9.446	45.8	-134.9
18.7	-9.419	31.1	-76.7
18.71	-9.393	16.0	-29.0
18.72	-9.365	1.7	-9.6
18.73	-9.339	-11.1	6.7
18.74	-9.314	-21.9	15.3
18.75	-9.287	-30.3	27.2
18.76	-9.262	-36.7	34.6
18.77	-9.236	-41.7	38.1
18.78	-9.211	-45.9	39.0
18.79	-9.184	-49.2	50.6
18.8	-9.157	-50.7	47.0
18.81	-9.131	-49.7	16.3
18.82	-9.104	-45.8	-0.7
18.83	-9.077	-39.5	-0.2
18.84	-9.051	-31.8	-13.7
18.85	-9.024	-23.7	-52.4
18.86	-9.000	-16.3	-83.8
18.87	-8.976	-10.0	-79.3
18.88	-8.953	-5.2	-70.8
18.89	-8.929	-1.8	-73.8
18.9	-8.904	0.1	-39.8
18.91	-8.880	0.6	27.0
18.92	-8.854	-0.3	60.1
18.93	-8.829	-2.4	56.7
18.94	-8.804	-5.4	60.2
18.95	-8.781	-8.8	68.6
18.96	-8.757	-12.5	70.2
18.97	-8.735	-16.2	75.6
18.98	-8.714	-20.0	86.5
18.99	-8.692	-23.5	124.9
19.0	-8.668	-26.7	132.6
19.01	-8.645	-29.2	-78.0
19.02	-8.624	-31.0	-451.7
19.03	-8.603	-32.3	-378.5
19.04	-8.581	-33.0	234.6
19.05	-8.563	-32.9	530.0
19.06	-8.548	-32.3	313.5
19.07	-8.534	-31.3	80.7
19.08	-8.519	-30.1	16.8
19.09	-8.502	-28.7	36.1
19.1	-8.482	-27.0	29.5
19.11	-8.459	-24.8	2.8
19.12	-8.433	-22.1	-14.6
19.13	-8.406	-19.0	-26.9
19.14	-8.380	-14.5	-44.5
19.15	-8.355	-6.4	-62.1
19.16	-8.332	6.9	-84.5
19.17	-8.311	24.3	-105.4
19.18	-8.292	42.4	-121.3
19.19	-8.274	57.1	-148.9
19.2	-8.259	65.5	-185.5
19.21	-8.244	66.5	-199.6
19.22	-8.229	60.9	-182.5
19.23	-8.215	50.1	-149.5
19.24	-8.204	36.4	-109.6
19.25	-8.194	21.5	-62.6
19.26	-8.183	6.8	-17.3
19.27	-8.172	-6.8	8.6
19.28	-8.162	-18.6	13.2
19.29	-8.151	-28.3	8.6
19.3	-8.141	-35.8	14.3
19.31	-8.129	-41.6	27.6
19.32	-8.118	-46.3	25.0
19.33	-8.106	-49.8	15.8
19.34	-8.094	-51.7	20.5
19.35	-8.083	-51.3	35.6
19.36	-8.072	-48.2	23.3
19.37	-8.062	-42.5	-7.5
19.38	-8.051	-35.0	-42.5
19.39	-8.039	-26.6	-70.8
19.4	-8.028	-18.6	-86.8
19.41	-8.018	-11.6	-99.0
19.42	-8.009	-6.2	-88.2
19.43	-8.002	-2.3	-75.8
19.44	-7.994	-0.1	-47.3
19.45	-7.986	0.5	1.9
19.46	-7.976	-0.3	30.2
19.47	-7.966	-2.1	42.5
19.48	-7.958	-4.8	46.6
19.49	-7.949	-8.0	65.0
19.5	-7.941	-11.8	94.0
19.51	-7.933	-15.7	99.9
19.52	-7.927	-19.6	84.1
19.53	-7.922	-23.1	98.8
19.54	-7.914	-26.2	126.3
19.55	-7.905	-28.9	4.4
19.56	-7.899	-31.0	-341.9
19.57	-7.897	-32.4	-466.9
19.58	-7.896	-33.1	40.3
19.59	-7.898	-33.2	543.1
19.6	-7.899	-32.7	444.8
19.61	-7.901	-31.7	155.3
19.62	-7.901	-30.3	28.4
19.63	-7.896	-28.8	3.4
19.64	-7.888	-27.2	-2.5
19.65	-7.878	-25.4	-9.2
19.66	-7.865	-23.2	-1.6
19.67	-7.853	-20.2	0.1
19.68	-7.841	-15.5	-23.8
19.69	-7.832	-7.1	-45.5
19.7	-7.827	6.5	-77.4
19.71	-7.823	24.6	-121.3
19.72	-7.822	43.8	-154.7
19.73	-7.822	59.9	-180.5
19.74	-7.823	69.5	-191.1
19.75	-7.824	71.5	-179.1
19.76	-7.826	66.3	-171.0
19.77	-7.829	55.4	-173.1
19.78	-7.832	41.1	-148.2
19.79	-7.838	25.3	-93.6
19.8	-7.844	9.6	-58.0
19.81	-7.849	-4.8	-32.5
19.82	-7.853	-17.2	4.7
19.83	-7.857	-27.3	47.1
19.84	-7.860	-35.1	51.3
19.85	-7.862	-41.2	21.3
19.86	-7.864	-45.9	9.6
19.87	-7.866	-49.4	12.0
19.88	-7.867	-51.5	10.9
19.89	-7.868	-51.4	1.9
19.9	-7.871	-48.8	1.6
19.91	-7.876	-43.5	1.7
19.92	-7.881	-36.3	-14.4
19.93	-7.889	-28.1	-51.5
19.94	-7.898	-19.7	-98.2
19.95	-7.909	-12.2	-111.7
19.96	-7.921	-6.1	-108.6
19.97	-7.934	-1.8	-97.0
19.98	-7.944	0.8	-61.9
19.99	-7.953	1.5	-6.7
20.0	-7.960	0.8	35.4
20.01	-7.964	-1.2	44.1
20.02	-7.967	-3.9	54.3
20.03	-7.968	-7.2	65.9
20.04	-7.968	-10.9	72.0
20.05	-7.969	-14.8	89.2
20.06	-7.976	-19.0	94.2
20.07	-7.983	-23.0	107.6
20.08	-7.986	-26.5	137.7
20.09	-7.989	-29.5	26.8
20.1	-7.997	-31.6	-318.4
20.11	-8.014	-33.1	-483.6
20.12	-8.036	-33.8	-14.3
20.13	-8.063	-33.8	541.0
20.14	-8.087	-33.2	505.3
20.15	-8.111	-32.0	182.9
20.16	-8.132	-30.5	12.3
20.17	-8.147	-28.7	4.8
20.18	-8.154	-27.0	9.8
20.19	-8.154	-25.2	0.3
20.2	-8.151	-23.3	-0.4
20.21	-8.150	-20.5	-8.0
20.22	-8.157	-15.8	-26.1
20.23	-8.171	-7.0	-55.7
20.24	-8.192	7.4	-81.0
20.25	-8.218	26.1	-118.1
20.26	-8.248	45.6	-159.5
20.27	-8.281	61.9	-183.3
20.28	-8.316	71.9	-193.8
20.29	-8.352	74.2	-186.8
20.3	-8.387	69.3	-179.4
20.31	-8.422	58.5	-161.3
20.32	-8.459	43.9	-135.3
20.33	-8.498	27.7	-103.8
20.34	-8.536	11.7	-61.2
20.35	-8.574	-3.0	-18.1
20.36	-8.612	-15.8	7.6
20.37	-8.649	-26.3	15.7
20.38	-8.686	-34.6	25.6
20.39	-8.723	-40.8	33.9
20.4	-8.761	-45.5	26.8
20.41	-8.799	-49.0	19.5
20.42	-8.838	-51.2	12.7
20.43	-8.876	-51.5	6.9
20.44	-8.914	-49.3	2.5
20.45	-8.949	-44.5	-15.7
20.46	-8.983	-37.3	-45.5
20.47	-9.018	-28.8	-80.0
20.48	-9.053	-20.2	-93.4
20.49	-9.088	-12.6	-89.6
20.5	-9.123	-6.6	-103.2
20.51	-9.156	-2.4	-91.1
20.52	-9.188	0.3	-50.3
20.53	-9.218	1.4	-4.3
20.54	-9.249	1.1	38.9
20.55	-9.281	-0.6	57.3
20.56	-9.313	-3.3	80.0
20.57	-9.342	-6.7	99.2
20.58	-9.373	-10.6	86.9
20.59	-9.403	-14.6	73.0
20.6	-9.434	-18.7	71.5
20.61	-9.463	-22.7	95.2
20.62	-9.489	-26.3	66.6
20.63	-9.518	-29.3	-191.7
20.64	-9.546	-31.6	-541.4
20.65	-9.577	-33.0	-352.3
20.66	-9.609	-33.6	317.5
20.67	-9.641	-33.4	574.1
20.68	-9.674	-32.7	300.3
20.69	-9.707	-31.6	43.8
20.7	-9.735	-30.1	-3.9
20.71	-9.758	-28.4	27.0
20.72	-9.776	-26.4	33.3
20.73	-9.793	-24.5	20.7
20.74	-9.810	-22.3	0.3
20.75	-9.829	-19.1	-28.3
20.76	-9.850	-13.1	-58.4
20.77	-9.873	-2.0	-78.7
20.78	-9.898	14.9	-101.6
20.79	-9.924	35.0	-138.2
20.8	-9.952	54.2	-179.2
20.81	-9.980	68.5	-195.4
20.82	-10.009	75.4	-199.6
20.83	-10.037	74.5	-189.2
20.84	-10.063	66.9	-171.6
20.85	-10.089	54.2	-163.7
20.86	-10.115	38.5	-124.8
20.87	-10.142	22.0	-76.6
20.88	-10.167	6.0	-46.3
20.89	-10.191	-8.3	-4.7
20.9	-10.216	-20.5	23.3
20.91	-10.242	-30.3	28.1
20.92	-10.268	-37.8	32.0
20.93	-10.293	-43.6	33.4
20.94	-10.318	-48.1	37.8
20.95	-10.342	-51.4	28.1
20.96	-10.367	-52.9	17.0
20.97	-10.391	-51.8	10.1
20.98	-10.415	-48.0	-18.0
20.99	-10.436	-41.6	-34.3
21.0	-10.458	-33.4	-60.1
21.01	-10.479	-24.7	-100.2
21.02	-10.499	-16.6	-112.1
21.03	-10.519	-9.9	-97.0
21.04	-10.538	-4.7	-71.0
21.05	-10.556	-1.0	-37.7
21.06	-10.573	1.3	27.7
21.07	-10.591	2.0	85.6
21.08	-10.610	1.1	64.5
21.09	-10.629	-1.1	33.3
21.1	-10.647	-4.4	47.0
21.11	-10.664	-8.2	73.0
21.12	-10.683	-12.4	76.6
21.13	-10.701	-16.9	74.6
21.14	-10.716	-21.1	98.7
21.15	-10.732	-25.1	85.4
21.16	-10.748	-28.5	-143.8
21.17	-10.761	-31.1	-516.9
21.18	-10.773	-32.9	-418.5
21.19	-10.786	-33.8	202.9
21.2	-10.801	-33.9	495.0
21.21	-10.819	-33.5	287.5
21.22	-10.836	-32.5	69.1
21.23	-10.847	-31.1	21.9
21.24	-10.854	-29.3	46.6
21.25	-10.858	-27.2	43.0
21.26	-10.864	-24.9	10.8
21.27	-10.871	-22.3	-22.2
21.28	-10.879	-18.6	-40.9
21.29	-10.888	-11.7	-47.2
21.3	-10.898	0.8	-57.5
21.31	-10.909	19.1	-85.9
21.32	-10.923	40.5	-116.9
21.33	-10.938	60.5	-142.5
21.34	-10.954	74.7	-176.2
21.35	-10.970	81.0	-202.9
21.36	-10.985	79.2	-202.5
21.37	-10.998	70.5	-174.4
21.38	-11.009	56.9	-143.9
21.39	-11.023	40.8	-105.9
21.4	-11.037	23.8	-54.9
21.41	-11.052	7.5	-6.3
21.42	-11.066	-6.9	24.8
21.43	-11.082	-18.7	30.8
21.44	-11.096	-28.1	19.4
21.45	-11.109	-35.3	19.1
21.46	-11.121	-41.2	32.6
21.47	-11.131	-46.1	37.4
21.48	-11.138	-49.9	35.3
21.49	-11.144	-51.7	36.8
21.5	-11.149	-51.0	27.7
21.51	-11.153	-47.4	17.3
21.52	-11.154	-41.2	-2.8
21.53	-11.156	-33.1	-58.6
21.54	-11.157	-24.3	-109.5
21.55	-11.158	-16.1	-114.3
21.56	-11.156	-9.4	-98.1
21.57	-11.154	-4.4	-67.9
21.58	-11.150	-1.0	-19.8
21.59	-11.146	0.9	28.9
21.6	-11.143	1.6	52.7
21.61	-11.138	1.0	70.9
21.62	-11.133	-1.0	74.3
21.63	-11.126	-4.0	64.3
21.64	-11.119	-7.9	72.8
21.65	-11.111	-12.2	68.6
21.66	-11.100	-16.9	73.5
21.67	-11.087	-21.5	84.8
21.68	-11.075	-25.7	-32.6
21.69	-11.064	-29.5	-352.4
21.7	-11.051	-32.4	-541.7
21.71	-11.037	-34.3	-118.2
21.72	-11.026	-35.0	420.8
21.73	-11.021	-34.6	401.4
21.74	-11.017	-33.6	147.5
21.75	-11.008	-32.2	31.6
21.76	-10.991	-30.7	8.2
21.77	-10.966	-29.0	11.0
21.78	-10.938	-26.9	15.7
21.79	-10.911	-24.2	11.7
21.8	-10.888	-20.8	-2.3
21.81	-10.868	-15.8	-19.1
21.82	-10.848	-7.2	-30.8
21.83	-10.830	6.8	-55.4
21.84	-10.813	25.8	-98.8
21.85	-10.798	46.5	-145.6
21.86	-10.785	64.4	-187.3
21.87	-10.772	75.8	-213.6
21.88	-10.759	79.4	-199.1
21.89	-10.744	75.2	-160.9
21.9	-10.729	64.8	-142.8
21.91	-10.714	50.4	-124.7
21.92	-10.699	34.1	-90.4
21.93	-10.685	17.8	-48.9
21.94	-10.671	2.6	-6.7
21.95	-10.659	-10.6	28.6
21.96	-10.646	-21.5	42.6
21.97	-10.629	-30.2	56.7
21.98	-10.611	-37.3	62.5
21.99	-10.594	-43.3	45.9
22.0	-10.575	-48.4	38.8
22.01	-10.556	-52.0	34.7
22.02	-10.535	-53.2	8.1
22.03	-10.513	-51.3	-8.7
22.04	-10.489	-46.4	2.4
22.05	-10.465	-39.2	-5.7
22.06	-10.441	-30.9	-34.9
22.07	-10.418	-22.4	-56.9
22.08	-10.396	-14.9	-79.0
22.09	-10.374	-8.8	-84.6
22.1	-10.351	-4.6	-80.4
22.11	-10.326	-2.1	-56.2
22.12	-10.300	-1.1	-6.4
22.13	-10.274	-1.2	40.8
22.14	-10.249	-2.3	62.6
22.15	-10.224	-4.4	68.0
22.16	-10.200	-7.4	79.4
22.17	-10.174	-11.0	85.0
22.18	-10.149	-14.9	76.6
22.19	-10.124	-19.0	71.5
22.2	-10.097	-23.1	85.8
22.21	-10.068	-27.1	86.9
22.22	-10.039	-30.5	-67.7
22.23	-10.012	-33.3	-415.9
22.24	-9.983	-35.1	-496.4
22.25	-9.955	-35.8	42.3
22.26	-9.931	-35.7	497.2
22.27	-9.910	-34.9	376.2
22.28	-9.890	-33.7	122.6
22.29	-9.866	-32.0	17.5
22.3	-9.838	-29.8	10.0
22.31	-9.805	-27.2	14.4
22.32	-9.770	-24.3	22.8
22.33	-9.735	-21.3	36.5
22.34	-9.702	-17.4	-3.7
22.35	-9.671	-10.9	-41.3
22.36	-9.643	0.7	-51.5
22.37	-9.617	18.0	-77.6
22.38	-9.592	38.7	-112.2
22.39	-9.568	58.6	-142.3
22.4	-9.546	73.6	-173.8
22.41	-9.526	81.2	-191.8
22.42	-9.506	80.8	-189.4
22.43	-9.488	73.1	-165.5
22.44	-9.468	59.9	-136.2
22.45	-9.451	43.3	-111.6
22.46	-9.434	25.7	-82.0
22.47	-9.419	9.0	-49.6
22.48	-9.405	-5.5	-21.4
22.49	-9.394	-17.5	-0.3
22.5	-9.386	-27.0	33.8
22.51	-9.378	-34.6	70.4
22.52	-9.371	-40.8	74.3
22.53	-9.363	-45.8	54.2
22.54	-9.353	-49.8	31.2
22.55	-9.341	-52.1	41.0
22.56	-9.327	-52.1	40.0
22.57	-9.311	-49.4	11.3
22.58	-9.294	-44.2	-1.6
22.59	-9.275	-37.1	-9.4
22.6	-9.256	-29.0	-19.2
22.61	-9.238	-21.0	-21.2
22.62	-9.222	-14.0	-29.4
22.63	-9.207	-8.3	-41.5
22.64	-9.194	-4.2	-57.3
22.65	-9.182	-1.9	-77.4
22.66	-9.169	-1.5	-83.8
22.67	-9.154	-2.5	-71.1
22.68	-9.138	-4.8	-36.3
22.69	-9.121	-7.7	12.0
22.7	-9.103	-10.9	36.9
22.71	-9.086	-14.3	51.4
22.72	-9.069	-17.8	88.4
22.73	-9.053	-21.2	106.9
22.74	-9.036	-24.4	78.1
22.75	-9.021	-27.4	50.7
22.76	-9.006	-29.9	56.9
22.77	-8.989	-31.9	99.4
22.78	-8.971	-33.3	60.8
22.79	-8.954	-34.3	-210.1
22.8	-8.938	-34.9	-494.2
22.81	-8.922	-35.3	-221.3
22.82	-8.908	-35.3	374.9
22.83	-8.896	-34.7	483.7
22.84	-8.884	-33.4	204.5
22.85	-8.871	-31.7	26.9
22.86	-8.856	-29.7	2.1
22.87	-8.839	-27.6	22.0
22.88	-8.818	-25.2	41.3
22.89	-8.796	-22.5	37.4
22.9	-8.773	-18.9	-5.1
22.91	-8.751	-12.9	-41.8
22.92	-8.731	-1.8	-57.6
22.93	-8.713	15.4	-73.3
22.94	-8.697	36.9	-99.4
22.95	-8.683	58.5	-114.5
22.96	-8.670	75.7	-135.6
22.97	-8.658	85.5	-165.6
22.98	-8.647	86.7	-189.4
22.99	-8.636	79.8	-205.1
23.0	-8.624	66.6	-181.4
23.01	-8.613	49.6	-148.1
23.02	-8.604	31.3	-125.6
23.03	-8.598	13.7	-62.9
23.04	-8.591	-2.2	-1.2
23.05	-8.583	-15.4	14.7
23.06	-8.578	-25.7	15.2
23.07	-8.573	-33.4	18.1
23.08	-8.568	-39.3	19.3
23.09	-8.563	-44.2	23.3
23.1	-8.557	-48.6	20.0
23.11	-8.551	-52.0	9.0
23.12	-8.544	-53.3	23.3
23.13	-8.538	-52.0	28.7
23.14	-8.531	-47.8	-5.8
23.15	-8.524	-41.3	-21.0
23.16	-8.519	-33.4	-20.6
23.17	-8.514	-25.1	-27.1
23.18	-8.511	-17.4	-24.4
23.19	-8.508	-10.8	-6.4
23.2	-8.506	-5.9	20.7
23.21	-8.502	-2.8	32.3
23.22	-8.496	-1.6	16.6
23.23	-8.489	-2.3	-7.1
23.24	-8.482	-4.5	-42.2
23.25	-8.474	-7.9	-73.8
23.26	-8.467	-11.8	-89.7
23.27	-8.459	-15.9	-94.6
23.28	-8.451	-19.9	-60.6
23.29	-8.441	-23.6	-3.6
23.3	-8.430	-26.6	26.4
23.31	-8.420	-28.8	41.8
23.32	-8.411	-30.0	46.5
23.33	-8.403	-30.6	53.1
23.34	-8.393	-30.7	67.2
23.35	-8.384	-30.7	93.1
23.36	-8.376	-30.8	94.1
23.37	-8.368	-31.2	82.1
23.38	-8.359	-31.7	103.6
23.39	-8.349	-32.2	32.6
23.4	-8.341	-32.6	-275.7
23.41	-8.336	-32.8	-588.2
23.42	-8.334	-32.8	-316.8
23.43	-8.336	-32.7	352.6
23.44	-8.339	-32.1	545.7
23.45	-8.342	-31.0	262.0
23.46	-8.342	-29.3	50.3
23.47	-8.338	-27.5	26.4
23.48	-8.330	-25.5	28.9
23.49	-8.320	-23.2	7.7
23.5	-8.308	-20.4	-3.8
23.51	-8.296	-15.7	-1.8
23.52	-8.286	-6.9	-13.5
23.53	-8.281	8.3	-42.1
23.54	-8.279	29.7	-66.8
23.55	-8.279	53.7	-94.6
23.56	-8.281	75.2	-125.8
23.57	-8.284	90.0	-147.4
23.58	-8.286	95.6	-176.2
23.59	-8.289	92.0	-192.9
23.6	-8.293	80.6	-192.7
23.61	-8.296	64.1	-178.1
23.62	-8.301	45.0	-145.1
23.63	-8.308	25.8	-93.7
23.64	-8.316	7.7	-62.4
23.65	-8.324	-8.0	-57.6
23.66	-8.330	-20.5	-35.5
23.67	-8.336	-29.4	0.7
23.68	-8.341	-35.4	27.9
23.69	-8.346	-39.4	45.3
23.7	-8.350	-42.7	63.4
23.71	-8.353	-45.8	57.9
23.72	-8.356	-48.3	22.7
23.73	-8.358	-49.3	3.6
23.74	-8.361	-48.0	12.4
23.75	-8.364	-44.4	11.1
23.76	-8.369	-38.7	-12.1
23.77	-8.376	-31.6	-22.4
23.78	-8.384	-24.1	-16.8
23.79	-8.393	-16.9	0.8
23.8	-8.403	-10.9	16.8
23.81	-8.413	-6.6	23.7
23.82	-8.423	-4.0	22.9
23.83	-8.432	-3.4	11.8
23.84	-8.440	-4.3	-10.2
23.85	-8.447	-6.4	-24.1
23.86	-8.454	-9.6	-29.8
23.87	-8.461	-13.6	-49.8
23.88	-8.468	-18.0	-68.7
23.89	-8.476	-22.1	-82.7
23.9	-8.483	-25.4	-68.8
23.91	-8.490	-28.0	-10.9
23.92	-8.496	-29.8	37.4
23.93	-8.500	-31.0	69.2
23.94	-8.503	-31.6	69.7
23.95	-8.504	-31.7	60.1
23.96	-8.502	-31.5	58.0
23.97	-8.502	-31.3	77.8
23.98	-8.506	-31.4	101.8
23.99	-8.510	-31.8	117.4
24.0	-8.512	-32.2	110.6
24.01	-8.517	-32.5	-17.0
24.02	-8.527	-32.8	-365.0
24.03	-8.544	-32.8	-611.7
24.04	-8.564	-32.6	-161.8
24.05	-8.585	-32.2	488.6
24.06	-8.605	-31.5	504.7
24.07	-8.624	-30.4	203.0
24.08	-8.640	-29.0	43.7
24.09	-8.649	-27.2	11.8
24.1	-8.648	-25.1	20.8
24.11	-8.642	-22.8	30.2
24.12	-8.634	-20.0	9.5
24.13	-8.631	-15.9	-27.0
24.14	-8.635	-8.3	-33.4
24.15	-8.647	5.4	-31.8
24.16	-8.666	25.0	-61.3
24.17	-8.689	47.7	-91.2
24.18	-8.716	68.7	-123.9
24.19	-8.744	83.8	-177.0
24.2	-8.775	90.5	-219.3
24.21	-8.809	88.4	-211.9
24.22	-8.845	78.7	-181.1
24.23	-8.881	63.6	-159.1
24.24	-8.916	45.7	-138.8
24.25	-8.953	27.2	-104.8
24.26	-8.990	9.7	-73.7
24.27	-9.025	-5.6	-45.5
24.28	-9.059	-18.1	-9.3
24.29	-9.091	-27.4	23.8
24.3	-9.123	-33.9	40.3
24.31	-9.155	-38.6	46.4
24.32	-9.186	-42.5	46.1
24.33	-9.216	-46.2	34.1
24.34	-9.246	-49.4	20.9
24.35	-9.274	-51.0	6.8
24.36	-9.301	-50.2	2.7
24.37	-9.328	-46.7	18.9
24.38	-9.353	-40.8	18.8
24.39	-9.377	-33.2	6.6
24.4	-9.402	-25.0	-4.8
24.41	-9.427	-17.4	-8.0
24.42	-9.451	-11.2	-7.4
24.43	-9.476	-6.7	-4.3
24.44	-9.501	-4.0	7.8
24.45	-9.526	-3.0	5.0
24.46	-9.549	-3.5	3.7
24.47	-9.573	-5.7	9.4
24.48	-9.598	-9.1	-31.8
24.49	-9.621	-13.1	-74.3
24.5	-9.644	-17.2	-85.2
24.51	-9.666	-21.0	-81.7
24.52	-9.686	-24.4	-56.4
24.53	-9.705	-27.2	-6.9
24.54	-9.725	-29.1	33.8
24.55	-9.745	-30.4	60.6
24.56	-9.766	-31.0	75.8
24.57	-9.784	-31.3	62.9
24.58	-9.802	-31.3	58.3
24.59	-9.819	-31.3	69.7
24.6	-9.837	-31.4	73.7
24.61	-9.854	-31.7	95.1
24.62	-9.873	-32.2	101.8
24.63	-9.892	-32.8	-33.7
24.64	-9.912	-33.2	-413.1
24.65	-9.931	-33.1	-670.7
24.66	-9.949	-32.6	-250.1
24.67	-9.970	-31.7	375.3
24.68	-9.992	-30.7	435.1
24.69	-10.014	-29.7	171.0
24.7	-10.033	-28.3	26.2
24.71	-10.046	-26.4	17.6
24.72	-10.055	-24.2	22.8
24.73	-10.063	-22.0	15.5
24.74	-10.070	-19.8	9.8
24.75	-10.077	-16.8	-13.5
24.76	-10.085	-10.6	-46.4
24.77	-10.094	1.3	-50.1
24.78	-10.106	19.7	-57.1
24.79	-10.119	42.1	-91.7
24.8	-10.132	63.8	-142.6
24.81	-10.145	80.2	-185.3
24.82	-10.159	88.7	-206.1
24.83	-10.175	88.5	-213.1
24.84	-10.190	80.6	-210.5
24.85	-10.205	66.8	-176.8
24.86	-10.219	49.4	-123.6
24.87	-10.234	31.0	-90.9
24.88	-10.248	13.1	-63.6
24.89	-10.261	-3.0	-31.9
24.9	-10.275	-16.4	-3.7
24.91	-10.289	-26.9	26.5
24.92	-10.304	-34.8	31.3
24.93	-10.319	-41.0	24.2
24.94	-10.336	-46.2	47.6
24.95	-10.353	-50.6	58.8
24.96	-10.368	-53.6	30.9
24.97	-10.384	-54.4	10.6
24.98	-10.399	-52.5	8.1
24.99	-10.414	-48.0	1.4
25.0	-10.428	-41.1	-17.0
25.01	-10.440	-32.8	-5.3
25.02	-10.453	-24.2	27.4
25.03	-10.466	-16.5	33.0
25.04	-10.479	-10.2	20.5
25.05	-10.494	-5.6	10.1
25.06	-10.508	-2.8	-5.0
25.07	-10.523	-1.8	-1.5
25.08	-10.537	-2.4	13.9
25.09	-10.551	-4.4	23.6
25.1	-10.564	-7.6	15.4
25.11	-10.578	-11.6	-29.3
25.12	-10.591	-15.8	-72.2
25.13	-10.604	-19.7	-86.4
25.14	-10.617	-23.2	-89.3
25.15	-10.627	-26.3	-45.0
25.16	-10.635	-28.8	14.7
25.17	-10.642	-30.6	26.4
25.18	-10.648	-31.5	28.6
25.19	-10.654	-31.8	46.3
25.2	-10.659	-31.7	52.8
25.21	-10.663	-31.4	58.8
25.22	-10.667	-31.1	73.7
25.23	-10.671	-31.0	72.7
25.24	-10.674	-31.0	74.1
25.25	-10.674	-31.3	87.3
25.26	-10.673	-31.5	-4.6
25.27	-10.671	-31.6	-317.9
25.28	-10.667	-31.4	-638.9
25.29	-10.662	-31.2	-366.6
25.3	-10.658	-30.9	274.1
25.31	-10.656	-30.4	423.1
25.32	-10.656	-29.6	184.4
25.33	-10.649	-28.3	49.5
25.34	-10.632	-26.4	28.0
25.35	-10.605	-24.1	11.2
25.36	-10.572	-21.6	2.7
25.37	-10.539	-19.0	28.1
25.38	-10.507	-15.7	14.6
25.39	-10.476	-9.8	-36.6
25.4	-10.447	1.4	-67.2
25.41	-10.419	19.3	-79.7
25.42	-10.393	41.9	-96.9
25.43	-10.368	64.5	-145.5
25.44	-10.344	82.1	-192.5
25.45	-10.322	91.6	-198.8
25.46	-10.301	92.3	-199.8
25.47	-10.279	84.9	-192.5
25.48	-10.257	71.5	-161.7
25.49	-10.237	54.4	-124.4
25.5	-10.220	36.1	-79.2
25.51	-10.206	17.9	-34.7
25.52	-10.194	1.4	-33.2
25.53	-10.184	-12.5	-27.3
25.54	-10.173	-23.3	7.8
25.55	-10.161	-31.0	29.9
25.56	-10.147	-36.7	42.7
25.57	-10.131	-41.4	47.8
25.58	-10.115	-45.9	50.5
25.59	-10.098	-49.8	50.8
25.6	-10.081	-52.2	34.3
25.61	-10.063	-52.4	29.9
25.62	-10.044	-49.8	39.6
25.63	-10.022	-44.6	31.5
25.64	-9.998	-37.5	5.7
25.65	-9.974	-29.4	-7.0
25.66	-9.949	-21.3	3.4
25.67	-9.924	-14.0	18.5
25.68	-9.900	-8.2	24.9
25.69	-9.876	-4.3	30.4
25.7	-9.850	-2.3	25.8
25.71	-9.822	-2.1	28.6
25.72	-9.794	-3.4	22.2
25.73	-9.766	-5.8	6.5
25.74	-9.736	-9.2	-1.5
25.75	-9.708	-13.1	-39.9
25.76	-9.682	-17.3	-96.1
25.77	-9.656	-21.3	-101.8
25.78	-9.629	-25.0	-51.1
25.79	-9.599	-28.0	-10.7
25.8	-9.569	-30.2	15.3
25.81	-9.539	-31.3	48.4
25.82	-9.511	-31.8	64.1
25.83	-9.482	-31.8	79.8
25.84	-9.453	-31.6	86.9
25.85	-9.424	-31.3	81.7
25.86	-9.397	-30.9	67.6
25.87	-9.371	-30.8	57.7
25.88	-9.344	-31.2	87.6
25.89	-9.319	-31.9	47.8
25.9	-9.296	-32.6	-209.0
25.91	-9.273	-33.1	-563.6
25.92	-9.251	-33.2	-445.8
25.93	-9.233	-33.0	206.2
25.94	-9.219	-32.5	516.1
25.95	-9.206	-31.6	307.4
25.96	-9.192	-30.1	91.3
25.97	-9.176	-28.0	15.9
25.98	-9.158	-25.7	9.6
25.99	-9.136	-23.4	29.2
26.0	-9.111	-21.2	10.6
26.01	-9.084	-18.6	-18.1
26.02	-9.058	-14.3	-21.0
26.03	-9.034	-6.0	-22.1
26.04	-9.013	8.2	-24.7
26.05	-8.994	28.3	-58.8
26.06	-8.979	50.9	-119.1
26.07	-8.963	71.1	-168.3
26.08	-8.948	84.8	-204.9
26.09	-8.933	90.3	-212.6
26.1	-8.919	87.5	-204.8
26.11	-8.906	77.6	-181.5
26.12	-8.893	62.4	-153.0
26.13	-8.880	44.5	-145.1
26.14	-8.869	26.0	-112.3
26.15	-8.863	8.5	-58.1
26.16	-8.857	-6.8	-11.4
26.17	-8.852	-19.1	19.6
26.18	-8.848	-28.4	23.4
26.19	-8.845	-35.1	40.8
26.2	-8.841	-39.9	74.7
26.21	-8.837	-43.9	82.8
26.22	-8.832	-47.4	60.9
26.23	-8.827	-50.1	35.5
26.24	-8.822	-51.4	13.8
26.25	-8.818	-50.5	27.5
26.26	-8.816	-47.2	39.7
26.27	-8.814	-41.5	20.3
26.28	-8.813	-33.9	15.7
26.29	-8.811	-25.6	15.8
26.3	-8.808	-17.6	15.6
26.31	-8.807	-10.8	19.6
26.32	-8.806	-5.8	17.3
26.33	-8.809	-2.8	23.6
26.34	-8.814	-1.6	32.0
26.35	-8.820	-2.0	27.9
26.36	-8.821	-3.8	9.3
26.37	-8.818	-7.0	-2.4
26.38	-8.811	-11.0	-45.3
26.39	-8.806	-15.5	-84.1
26.4	-8.802	-19.9	-75.9
26.41	-8.798	-23.8	-67.0
26.42	-8.794	-27.0	-42.0
26.43	-8.788	-29.3	7.7
26.44	-8.781	-30.7	51.6
26.45	-8.773	-31.5	84.0
26.46	-8.764	-31.9	74.9
26.47	-8.756	-31.9	58.8
26.48	-8.746	-31.7	70.0
26.49	-8.739	-31.7	75.5
26.5	-8.735	-32.4	83.8
26.51	-8.729	-33.3	118.8
26.52	-8.719	-33.6	113.9
26.53	-8.707	-33.6	-42.9
26.54	-8.698	-34.0	-434.4
26.55	-8.689	-34.5	-638.1
26.56	-8.681	-34.9	-114.3
26.57	-8.672	-34.6	498.3
26.58	-8.662	-33.6	469.4
26.59	-8.654	-32.0	195.3
26.6	-8.644	-30.1	63.6
26.61	-8.630	-28.3	40.0
26.62	-8.613	-26.3	31.1
26.63	-8.593	-24.0	17.0
26.64	-8.573	-21.4	8.8
26.65	-8.555	-17.9	-13.2
26.66	-8.538	-11.8	-31.7
26.67	-8.523	-0.3	-45.6
26.68	-8.509	17.9	-67.2
26.69	-8.497	40.6	-79.7
26.7	-8.486	63.0	-120.9
26.71	-8.478	80.3	-177.9
26.72	-8.471	89.7	-222.1
26.73	-8.467	90.6	-247.6
26.74	-8.464	83.6	-222.4
26.75	-8.459	70.3	-186.2
26.76	-8.451	53.2	-158.7
26.77	-8.444	34.5	-117.0
26.78	-8.439	16.1	-66.1
26.79	-8.437	-0.7	-23.0
26.8	-8.437	-14.6	-1.6
26.81	-8.441	-25.3	28.2
26.82	-8.447	-33.0	58.1
26.83	-8.455	-38.5	66.2
26.84	-8.459	-42.7	64.8
26.85	-8.459	-46.6	63.0
26.86	-8.456	-50.4	47.1
26.87	-8.449	-53.5	36.6
26.88	-8.439	-54.7	30.9
26.89	-8.430	-53.2	15.8
26.9	-8.424	-49.0	19.1
26.91	-8.420	-42.4	35.7
26.92	-8.418	-34.4	29.8
26.93	-8.414	-26.0	16.8
26.94	-8.409	-18.2	13.6
26.95	-8.403	-11.7	21.0
26.96	-8.395	-6.5	18.8
26.97	-8.387	-3.3	7.8
26.98	-8.381	-2.1	-9.0
26.99	-8.376	-2.9	-47.4
27.0	-8.373	-5.1	-86.9
27.01	-8.371	-8.2	-97.1
27.02	-8.369	-12.0	-88.9
27.03	-8.366	-16.7	-50.1
27.04	-8.363	-21.7	13.5
27.05	-8.359	-26.3	52.9
27.06	-8.354	-29.9	67.1
27.07	-8.349	-32.1	86.0
27.08	-8.341	-33.3	97.0
27.09	-8.331	-34.4	98.4
27.1	-8.321	-35.7	95.0
27.11	-8.314	-36.9	96.2
27.12	-8.306	-37.7	118.8
27.13	-8.296	-38.1	136.1
27.14	-8.285	-38.6	26.7
27.15	-8.277	-39.2	-332.8
27.16	-8.271	-39.8	-607.8
27.17	-8.263	-40.1	-172.3
27.18	-8.253	-39.6	513.3
27.19	-8.242	-38.4	577.3
27.2	-8.231	-36.9	255.0
27.21	-8.220	-35.5	62.7
27.22	-8.206	-34.2	30.5
27.23	-8.188	-32.4	39.8
27.24	-8.165	-29.7	40.2
27.25	-8.140	-26.4	26.0
27.26	-8.116	-22.7	8.1
27.27	-8.095	-18.2	-10.3
27.28	-8.079	-11.0	-31.2
27.29	-8.069	1.9	-54.4
27.3	-8.063	21.6	-89.9
27.31	-8.058	45.2	-133.8
27.32	-8.055	67.4	-171.5
27.33	-8.053	83.1	-205.7
27.34	-8.049	90.1	-237.3
27.35	-8.044	88.5	-240.9
27.36	-8.039	79.4	-217.0
27.37	-8.037	64.7	-176.0
27.38	-8.043	46.4	-125.5
27.39	-8.055	27.2	-73.7
27.4	-8.071	9.1	-23.8
27.41	-8.086	-6.3	10.2
27.42	-8.099	-18.6	27.9
27.43	-8.110	-28.3	50.2
27.44	-8.118	-35.8	58.9
27.45	-8.123	-41.7	55.6
27.46	-8.126	-46.5	45.5
27.47	-8.127	-50.5	43.0
27.48	-8.127	-53.2	49.0
27.49	-8.127	-53.8	44.4
27.5	-8.129	-51.9	30.2
27.51	-8.133	-47.7	17.8
27.52	-8.138	-41.3	19.1
27.53	-8.143	-33.6	23.5
27.54	-8.147	-25.5	16.7
27.55	-8.149	-18.0	-2.4
27.56	-8.148	-11.5	-50.5
27.57	-8.144	-6.6	-96.4
27.58	-8.139	-3.7	-100.9
27.59	-8.134	-2.7	-80.9
27.6	-8.129	-3.4	-61.6
27.61	-8.125	-5.5	-20.5
27.62	-8.120	-8.7	37.8
27.63	-8.115	-12.4	69.7
27.64	-8.111	-15.8	76.8
27.65	-8.107	-19.0	86.5
27.66	-8.104	-21.9	96.6
27.67	-8.102	-24.9	101.2
27.68	-8.102	-27.9	107.3
27.69	-8.105	-30.5	115.8
27.7	-8.107	-32.1	150.4
27.71	-8.106	-32.2	157.1
27.72	-8.106	-31.8	-40.8
27.73	-8.112	-31.7	-447.8
27.74	-8.125	-32.5	-511.9
27.75	-8.143	-33.4	131.2
27.76	-8.162	-33.7	652.9
27.77	-8.180	-33.4	487.3
27.78	-8.196	-32.7	171.5
27.79	-8.211	-31.8	45.6
27.8	-8.219	-30.3	33.0
27.81	-8.215	-27.7	41.9
27.82	-8.201	-24.6	34.2
27.83	-8.184	-21.5	18.2
27.84	-8.168	-19.4	5.0
27.85	-8.154	-17.3	-6.8
27.86	-8.140	-12.1	-40.6
27.87	-8.127	-0.6	-78.6
27.88	-8.120	17.7	-101.0
27.89	-8.118	39.6	-141.8
27.9	-8.123	59.8	-190.9
27.91	-8.132	74.2	-220.2
27.92	-8.141	81.1	-230.7
27.93	-8.147	80.2	-214.0
27.94	-8.147	71.8	-177.7
27.95	-8.143	57.3	-143.8
27.96	-8.139	39.1	-102.6
27.97	-8.139	20.5	-45.8
27.98	-8.143	2.2	0.8
27.99	-8.148	-15.1	38.7
28.0	-8.150	-28.4	68.4
28.01	-8.148	-37.4	79.5
28.02	-8.140	-44.3	86.3
28.03	-8.129	-49.9	89.8
28.04	-8.117	-55.0	80.3
28.05	-8.110	-59.8	70.6
28.06	-8.107	-62.9	65.4
28.07	-8.107	-62.9	51.5
28.08	-8.107	-58.0	26.7
28.09	-8.108	-49.9	-4.4
28.1	-8.114	-41.4	-39.2
28.11	-8.126	-32.9	-75.4
28.12	-8.144	-23.8	-91.6
28.13	-8.164	-14.9	-82.3
28.14	-8.183	-6.3	-69.0
28.15	-8.204	1.2	-33.8
28.16	-8.230	5.1	27.3
28.17	-8.261	5.5	65.7
28.18	-8.296	4.2	84.2
28.19	-8.332	1.7	92.4
28.2	-8.368	-2.5	93.6
28.21	-8.403	-7.7	106.3
28.22	-8.440	-13.8	117.8
28.23	-8.479	-20.4	122.2
28.24	-8.516	-26.6	130.6
28.25	-8.546	-32.1	129.9
28.26	-8.568	-36.5	-14.0
28.27	-8.582	-39.1	-399.2
28.28	-8.592	-39.2	-519.8
28.29	-8.601	-37.5	59.5
28.3	-8.610	-35.7	587.9
28.31	-8.620	-34.5	477.3
28.32	-8.628	-33.7	166.7
28.33	-8.629	-32.9	12.0
28.34	-8.612	-32.0	-5.5
28.35	-8.577	-30.8	15.4
28.36	-8.527	-29.5	20.4
28.37	-8.473	-28.7	9.3
28.38	-8.419	-28.2	-9.4
28.39	-8.369	-26.3	-28.1
28.4	-8.324	-22.0	-68.6
28.41	-8.286	-11.4	-112.5
28.42	-8.253	10.2	-136.9
28.43	-8.224	39.1	-180.2
28.44	-8.200	70.8	-238.2
28.45	-8.179	94.1	-268.4
28.46	-8.159	100.5	-258.6
28.47	-8.141	98.6	-237.7
28.48	-8.122	93.6	-210.9
28.49	-8.101	79.9	-170.8
28.5	-8.085	56.6	-131.2
28.51	-8.076	32.1	-82.5
28.52	-8.072	11.0	-60.7
28.53	-8.072	-9.2	-37.6
28.54	-8.077	-27.4	31.0
28.55	-8.094	-40.6	83.3
28.56	-8.123	-49.5	85.9
28.57	-8.149	-55.7	59.6
28.58	-8.171	-59.2	51.0
28.59	-8.188	-60.6	11.1
28.6	-8.206	-61.5	-14.2
28.61	-8.224	-63.6	7.2
28.62	-8.241	-67.2	-53.1
28.63	-8.252	-68.9	-95.6
28.64	-8.261	-65.0	-88.6
28.65	-8.271	-55.4	-123.1
28.66	-8.282	-42.6	-101.0
28.67	-8.294	-30.4	9.6
28.68	-8.304	-20.6	57.3
28.69	-8.312	-13.0	42.5
28.7	-8.314	-6.8	98.9
28.71	-8.310	-1.9	147.4
28.72	-8.304	-0.1	131.4
28.73	-8.299	-2.5	142.4
28.74	-8.294	-8.5	170.3
28.75	-8.286	-15.8	173.7
28.76	-8.269	-21.7	190.6
28.77	-8.247	-25.5	186.3
28.78	-8.227	-29.1	-28.0
28.79	-8.212	-33.1	-452.4
28.8	-8.204	-36.6	-500.2
28.81	-8.199	-38.6	138.0
28.82	-8.197	-39.1	610.8
28.83	-8.194	-39.1	434.2
28.84	-8.191	-38.4	132.1
28.85	-8.186	-36.4	13.7
28.86	-8.180	-33.4	14.3
28.87	-8.171	-30.2	41.6
28.88	-8.157	-27.7	29.5
28.89	-8.141	-27.1	-10.3
28.9	-8.129	-29.1	-38.0
28.91	-8.125	-30.4	-56.9
28.92	-8.131	-25.5	-85.5
28.93	-8.146	-11.9	-126.2
28.94	-8.171	9.2	-159.5
28.95	-8.203	33.1	-189.6
28.96	-8.240	54.6	-238.3
28.97	-8.279	70.2	-274.4
28.98	-8.315	78.7	-273.5
28.99	-8.346	79.6	-255.2
29.0	-8.374	73.0	-219.5
29.01	-8.401	60.4	-177.9
29.02	-8.428	44.8	-141.4
29.03	-8.455	27.6	-95.5
29.04	-8.481	8.7	-48.5
29.05	-8.506	-10.1	-9.9
29.06	-8.532	-26.0	29.2
29.07	-8.559	-38.9	53.1
29.08	-8.586	-49.7	49.3
29.09	-8.614	-58.1	35.4
29.1	-8.641	-63.6	5.6
29.11	-8.669	-65.9	-17.2
29.12	-8.695	-65.5	-49.0
29.13	-8.720	-63.7	-108.0
29.14	-8.744	-60.8	-140.7
29.15	-8.769	-56.3	-125.4
29.16	-8.793	-50.8	-99.6
29.17	-8.818	-42.9	-82.9
29.18	-8.842	-31.1	-42.5
29.19	-8.867	-18.1	5.0
29.2	-8.895	-7.3	23.5
29.21	-8.924	-0.6	38.4
29.22	-8.952	2.2	62.2
29.23	-8.979	2.7	83.5
29.24	-9.005	0.8	87.0
29.25	-9.032	-2.7	79.9
29.26	-9.058	-7.0	103.0
29.27	-9.082	-11.3	140.1
29.28	-9.104	-15.1	68.2
29.29	-9.124	-19.0	-261.4
29.3	-9.141	-23.5	-569.0
29.31	-9.156	-27.8	-227.0
29.32	-9.170	-30.6	447.2
29.33	-9.188	-31.6	565.4
29.34	-9.207	-31.2	257.6
29.35	-9.223	-30.1	54.0
29.36	-9.234	-29.2	9.8
29.37	-9.238	-28.5	25.3
29.38	-9.238	-26.9	20.6
29.39	-9.236	-24.5	-12.7
29.4	-9.234	-21.3	-30.1
29.41	-9.232	-17.1	-36.5
29.42	-9.230	-11.4	-58.3
29.43	-9.228	-1.9	-83.2
29.44	-9.227	13.4	-104.3
29.45	-9.226	34.1	-143.7
29.46	-9.227	55.4	-196.8
29.47	-9.228	71.1	-239.6
29.48	-9.229	78.8	-259.3
29.49	-9.226	80.0	-243.0
29.5	-9.219	76.4	-208.3
29.51	-9.211	67.5	-173.4
29.52	-9.202	53.7	-123.5
29.53	-9.192	36.7	-80.3
29.54	-9.177	18.6	-46.4
29.55	-9.158	0.9	-1.1
29.56	-9.134	-15.0	41.8
29.57	-9.107	-28.2	51.3
29.58	-9.078	-38.7	38.2
29.59	-9.046	-47.1	36.9
29.6	-9.013	-54.3	32.7
29.61	-8.978	-60.4	10.3
29.62	-8.940	-64.6	-44.9
29.63	-8.903	-65.8	-106.1
29.64	-8.866	-64.0	-124.3
29.65	-8.830	-59.4	-116.3
29.66	-8.794	-52.0	-95.3
29.67	-8.757	-42.5	-50.7
29.68	-8.720	-32.3	-1.9
29.69	-8.684	-23.5	34.3
29.7	-8.650	-16.6	54.4
29.71	-8.616	-10.7	64.1
29.72	-8.582	-5.3	70.5
29.73	-8.547	-1.6	80.8
29.74	-8.515	-0.7	95.8
29.75	-8.484	-2.7	101.8
29.76	-8.453	-6.8	131.0
29.77	-8.418	-12.1	143.0
29.78	-8.384	-17.9	-50.0
29.79	-8.353	-23.5	-437.0
29.8	-8.322	-28.8	-434.5
29.81	-8.295	-33.4	205.2
29.82	-8.272	-36.8	625.5
29.83	-8.251	-38.5	421.9
29.84	-8.230	-38.8	132.1
29.85	-8.207	-38.2	36.6
29.86	-8.178	-37.0	41.2
29.87	-8.144	-35.4	53.3
29.88	-8.106	-33.2	56.8
29.89	-8.068	-30.3	41.4
29.9	-8.031	-26.1	13.0
29.91	-7.997	-19.7	-3.4
29.92	-7.966	-10.0	-27.6
29.93	-7.938	5.1	-66.4
29.94	-7.911	25.8	-106.1
29.95	-7.886	48.3	-141.9
29.96	-7.863	67.1	-165.3
29.97	-7.843	78.8	-181.4
29.98	-7.824	82.2	-195.6
29.99	-7.805	77.5	-186.6
30.0	-7.786	66.3	-149.9
30.01	-7.770	50.9	-99.3
30.02	-7.756	33.6	-39.2
30.03	-7.742	16.0	8.2
30.04	-7.726	-0.7	35.0
30.05	-7.713	-15.3	55.8
30.06	-7.701	-27.1	66.3
30.07	-7.691	-36.1	78.3
30.08	-7.679	-42.9	76.9
30.09	-7.666	-48.5	52.2
30.1	-7.652	-53.6	35.3
30.11	-7.639	-57.8	2.4
30.12	-7.626	-60.0	-61.8
30.13	-7.615	-59.4	-97.8
30.14	-7.606	-55.8	-89.3
30.15	-7.598	-49.4	-66.6
30.16	-7.591	-40.6	-30.8
30.17	-7.586	-30.6	25.4
30.18	-7.583	-20.4	76.3
30.19	-7.579	-11.3	89.2
30.2	-7.574	-4.1	93.6
30.21	-7.567	0.1	110.2
30.22	-7.556	1.3	111.8
30.23	-7.547	-0.2	106.8
30.24	-7.539	-3.6	120.3
30.25	-7.531	-8.1	164.6
30.26	-7.521	-13.2	170.3
30.27	-7.513	-18.8	-32.7
30.28	-7.508	-24.7	-399.8
30.29	-7.504	-30.0	-334.1
30.3	-7.502	-34.1	297.1
30.31	-7.501	-37.2	621.4
30.32	-7.499	-39.4	394.3
30.33	-7.498	-40.3	139.0
30.34	-7.492	-39.8	54.0
30.35	-7.482	-38.3	60.3
30.36	-7.469	-36.5	58.6
30.37	-7.453	-34.5	36.7
30.38	-7.438	-32.0	24.9
30.39	-7.424	-28.4	10.4
30.4	-7.413	-22.2	-8.8
30.41	-7.406	-11.1	-29.3
30.42	-7.401	5.9	-53.8
30.43	-7.399	27.0	-85.7
30.44	-7.399	49.0	-125.0
30.45	-7.400	69.6	-160.2
30.46	-7.402	86.1	-178.6
30.47	-7.403	93.9	-174.3
30.48	-7.403	92.1	-158.6
30.49	-7.403	82.0	-135.1
30.5	-7.407	66.5	-85.6
30.51	-7.413	51.2	-16.9
30.52	-7.421	39.2	34.0
30.53	-7.432	28.5	66.8
30.54	-7.449	16.1	98.6
30.55	-7.471	0.5	99.1
30.56	-7.498	-17.1	91.8
30.57	-7.530	-35.0	103.1
30.58	-7.567	-51.4	83.9
30.59	-7.608	-63.4	37.4
30.6	-7.649	-69.6	-8.2
30.61	-7.692	-70.4	-43.8
30.62	-7.736	-66.3	-53.8
30.63	-7.778	-58.6	-53.8
30.64	-7.820	-48.4	-47.8
30.65	-7.861	-36.4	1.3
30.66	-7.902	-25.0	66.5
30.67	-7.941	-16.3	102.8
30.68	-7.979	-10.1	115.7
30.69	-8.014	-5.3	118.0
30.7	-8.050	-0.7	120.2
30.71	-8.089	3.9	133.6
30.72	-8.131	6.5	145.3
30.73	-8.172	4.9	157.1
30.74	-8.209	1.1	192.3
30.75	-8.242	-2.9	147.4
30.76	-8.273	-6.6	-155.8
30.77	-8.303	-9.3	-481.7
30.78	-8.331	-9.3	-191.5
30.79	-8.359	-6.2	472.0
30.8	-8.391	-1.0	623.1
30.81	-8.425	5.1	327.4
30.82	-8.458	9.8	101.4
30.83	-8.487	10.6	55.4
30.84	-8.509	7.4	74.9
30.85	-8.527	2.8	68.6
30.86	-8.541	-0.2	37.0
30.87	-8.555	-1.2	4.3
30.88	-8.568	1.3	-5.1
30.89	-8.581	9.4	-5.2
30.9	-8.594	22.0	-27.9
30.91	-8.608	37.5	-68.9
30.92	-8.626	53.8	-119.6
30.93	-8.646	67.8	-165.4
30.94	-8.667	75.6	-187.1
30.95	-8.689	74.9	-185.0
30.96	-8.711	66.2	-180.0
30.97	-8.733	51.8	-170.2
30.98	-8.756	34.6	-140.9
30.99	-8.780	16.2	-106.2
31.0	-8.804	-2.0	-63.1
31.01	-8.828	-18.0	-18.3
31.02	-8.853	-30.6	15.7
31.03	-8.878	-40.5	46.8
31.04	-8.903	-48.4	61.5
31.05	-8.929	-54.0	47.1
31.06	-8.954	-57.1	28.8
31.07	-8.978	-57.3	15.6
31.08	-8.999	-54.3	-27.4
31.09	-9.020	-48.9	-84.1
31.1	-9.038	-41.1	-121.5
31.11	-9.056	-30.8	-150.8
31.12	-9.072	-19.3	-150.4
31.13	-9.086	-7.8	-107.3
31.14	-9.099	0.1	-45.7
31.15	-9.111	0.8	1.0
31.16	-9.123	-0.2	16.4
31.17	-9.138	3.2	32.1
31.18	-9.152	5.8	45.1
31.19	-9.166	3.3	37.3
31.2	-9.178	-0.7	42.4
31.21	-9.188	-5.1	52.9
31.22	-9.194	-11.0	56.9
31.23	-9.194	-17.8	65.3
31.24	-9.193	-24.2	-44.8
31.25	-9.192	-30.4	-392.7
31.26	-9.189	-35.4	-575.3
31.27	-9.189	-38.3	-86.8
31.28	-9.193	-30.6	483.0
31.29	-9.201	5.4	440.3
31.3	-9.209	54.8	141.3
31.31	-9.212	82.0	-6.2
31.32	-9.207	92.8	-24.0
31.33	-9.194	97.6	-13.5
31.34	-9.179	90.1	-13.3
31.35	-9.165	79.5	-16.8
31.36	-9.157	71.2	-25.6
31.37	-9.154	67.3	-56.0
31.38	-9.156	70.9	-88.9
31.39	-9.166	76.2	-95.1
31.4	-9.182	78.1	-119.5
31.41	-9.201	76.1	-171.8
31.42	-9.221	70.0	-208.2
31.43	-9.239	59.5	-221.5
31.44	-9.256	47.0	-229.2
