Interval=	0.01 s
ExcelDateTime=	3.9777690406349458e+004	25/11/2008 16:34:11.108593
TimeFormat=	StartOfBlock
ChannelTitle=	Channel 1	Channel 2	Channel 3
Range=	20.000 mV	200.0 mV	1000.0 µV
0.0	-10.951	-33.2	3.4
0.01	-10.919	-31.4	53.0
0.02	-10.881	-29.5	98.1
0.03	-10.839	-27.4	81.4
0.04	-10.795	-25.5	41.1
0.05	-10.749	-23.8	22.8
0.06	-10.705	-21.8	10.8
0.07	-10.665	-17.9	-2.9
0.08	-10.629	-9.6	-25.4
0.09	-10.595	6.3	-38.0
0.1	-10.563	32.3	-42.9
0.11	-10.533	68.5	-99.1
0.12	-10.503	110.1	-172.6
0.13	-10.474	146.5	-182.8
0.14	-10.446	167.8	-144.2
0.15	-10.417	167.6	-103.2
0.16	-10.389	145.6	-67.8
0.17	-10.363	108.0	-10.2
0.18	-10.338	63.7	31.1
0.19	-10.314	19.2	36.5
0.2	-10.291	-21.4	36.3
0.21	-10.269	-56.1	37.4
0.22	-10.248	-83.5	65.4
0.23	-10.225	-102.6	84.5
0.24	-10.202	-113.0	72.4
0.25	-10.177	-115.0	76.3
0.26	-10.152	-110.7	82.2
0.27	-10.127	-101.9	59.6
0.28	-10.101	-90.7	52.5
0.29	-10.074	-78.4	66.5
0.3	-10.046	-65.5	40.6
0.31	-10.018	-52.6	-7.3
0.32	-9.991	-40.5	-35.2
0.33	-9.967	-29.5	-51.3
0.34	-9.944	-19.6	-50.7
0.35	-9.922	-11.2	-31.2
0.36	-9.899	-4.6	-19.8
0.37	-9.876	0.1	10.8
0.38	-9.853	2.4	56.3
0.39	-9.831	2.2	79.3
0.4	-9.811	-0.2	107.9
0.41	-9.789	-4.5	107.3
0.42	-9.765	-10.2	71.6
0.43	-9.741	-16.3	80.8
0.44	-9.718	-22.3	106.4
0.45	-9.697	-27.5	130.9
0.46	-9.674	-31.7	153.4
0.47	-9.650	-34.8	68.2
0.48	-9.627	-36.6	-200.5
0.49	-9.606	-37.4	-406.1
0.5	-9.585	-37.4	-99.9
0.51	-9.565	-36.7	423.7
0.52	-9.549	-35.6	479.8
0.53	-9.537	-34.1	220.4
0.54	-9.522	-32.4	58.3
0.55	-9.503	-30.5	38.1
0.56	-9.481	-28.5	81.5
0.57	-9.456	-26.5	87.5
0.58	-9.431	-24.5	38.2
0.59	-9.406	-22.6	7.5
0.6	-9.380	-20.5	1.9
0.61	-9.355	-16.5	-4.3
0.62	-9.332	-8.2	-33.3
0.63	-9.311	7.3	-69.2
0.64	-9.291	32.1	-92.3
0.65	-9.272	66.4	-131.1
0.66	-9.254	105.5	-160.4
0.67	-9.236	139.3	-156.8
0.68	-9.219	158.5	-151.1
0.69	-9.202	157.4	-135.2
0.7	-9.186	135.3	-95.8
0.71	-9.172	97.5	-54.5
0.72	-9.158	52.7	-25.1
0.73	-9.142	8.0	-2.2
0.74	-9.127	-32.2	43.2
0.75	-9.112	-65.5	91.0
0.76	-9.098	-90.1	89.2
0.77	-9.083	-105.1	82.2
0.78	-9.068	-110.7	68.3
0.79	-9.050	-109.0	37.2
0.8	-9.031	-102.8	36.6
0.81	-9.011	-94.4	55.1
0.82	-8.991	-84.6	58.1
0.83	-8.971	-73.5	49.3
0.84	-8.951	-61.2	42.1
0.85	-8.930	-48.8	34.3
0.86	-8.910	-36.8	24.5
0.87	-8.891	-25.8	-27.8
0.88	-8.872	-16.2	-64.4
0.89	-8.854	-8.3	-46.3
0.9	-8.834	-2.5	-37.2
0.91	-8.814	1.0	-18.3
0.92	-8.793	2.1	16.3
0.93	-8.773	0.9	71.5
0.94	-8.752	-2.3	104.6
0.95	-8.731	-6.8	92.5
0.96	-8.711	-12.2	102.3
0.97	-8.691	-17.7	124.5
0.98	-8.671	-22.9	123.0
0.99	-8.654	-27.2	106.9
1.0	-8.635	-30.5	107.2
1.01	-8.613	-32.9	148.2
1.02	-8.590	-34.5	81.2
1.03	-8.569	-35.3	-223.9
1.04	-8.551	-35.4	-421.5
1.05	-8.533	-35.0	-43.0
1.06	-8.518	-34.1	495.4
1.07	-8.504	-33.0	501.6
1.08	-8.492	-31.7	207.4
1.09	-8.479	-30.2	61.1
1.1	-8.464	-28.5	55.4
1.11	-8.445	-26.7	77.2
1.12	-8.422	-24.9	60.1
1.13	-8.400	-23.1	26.2
1.14	-8.377	-21.3	25.1
1.15	-8.354	-18.6	15.5
1.16	-8.332	-13.3	-19.9
1.17	-8.313	-2.7	-50.5
1.18	-8.295	16.1	-70.0
1.19	-8.279	44.9	-103.6
1.2	-8.265	82.3	-124.3
1.21	-8.252	121.7	-107.0
1.22	-8.240	151.9	-134.7
1.23	-8.229	164.0	-174.4
1.24	-8.219	154.4	-156.3
1.25	-8.211	124.6	-112.8
1.26	-8.207	82.2	-69.2
1.27	-8.203	35.8	-27.8
1.28	-8.197	-8.3	28.7
1.29	-8.191	-46.6	88.3
1.3	-8.184	-76.9	104.8
1.31	-8.179	-97.6	85.3
1.32	-8.172	-107.9	61.8
1.33	-8.166	-109.3	39.7
1.34	-8.159	-104.9	29.6
1.35	-8.152	-98.0	45.3
1.36	-8.145	-90.0	77.7
1.37	-8.139	-80.5	83.3
1.38	-8.134	-69.6	60.1
1.39	-8.129	-57.6	40.5
1.4	-8.124	-45.6	13.9
1.41	-8.121	-34.2	-24.0
1.42	-8.119	-24.0	-46.7
1.43	-8.118	-15.2	-54.0
1.44	-8.118	-8.0	-45.4
1.45	-8.119	-2.8	-3.4
1.46	-8.118	0.5	25.8
1.47	-8.117	1.4	30.5
1.48	-8.116	0.1	31.4
1.49	-8.114	-3.3	39.9
1.5	-8.112	-8.1	58.2
1.51	-8.111	-13.5	76.5
1.52	-8.109	-18.9	105.2
1.53	-8.109	-23.7	137.1
1.54	-8.112	-27.5	139.9
1.55	-8.114	-30.3	133.2
1.56	-8.114	-32.4	145.9
1.57	-8.112	-33.8	80.1
1.58	-8.113	-34.8	-187.8
1.59	-8.117	-35.2	-460.7
1.6	-8.124	-35.1	-221.0
1.61	-8.133	-34.4	377.8
1.62	-8.144	-33.1	563.6
1.63	-8.159	-31.4	316.3
1.64	-8.173	-29.6	91.2
1.65	-8.182	-27.8	16.5
1.66	-8.182	-26.1	19.5
1.67	-8.174	-24.7	45.7
1.68	-8.163	-23.3	48.5
1.69	-8.153	-21.7	15.5
1.7	-8.147	-19.2	14.9
1.71	-8.146	-14.2	30.2
1.72	-8.151	-3.8	-19.2
1.73	-8.159	14.6	-84.5
1.74	-8.171	43.0	-119.9
1.75	-8.184	80.6	-154.5
1.76	-8.199	121.2	-176.3
1.77	-8.216	153.4	-176.9
1.78	-8.237	167.6	-174.3
1.79	-8.259	159.8	-146.8
1.8	-8.284	131.4	-86.3
1.81	-8.314	89.8	-48.9
1.82	-8.344	43.4	-34.8
1.83	-8.373	-1.5	10.7
1.84	-8.402	-41.3	44.3
1.85	-8.434	-73.7	46.7
1.86	-8.465	-96.3	55.5
1.87	-8.495	-108.1	60.7
1.88	-8.524	-109.9	68.3
1.89	-8.551	-105.4	75.7
1.9	-8.576	-98.4	58.2
1.91	-8.601	-90.6	43.7
1.92	-8.627	-81.7	51.3
1.93	-8.655	-71.5	47.9
1.94	-8.682	-60.4	17.9
1.95	-8.709	-48.9	-16.9
1.96	-8.735	-37.9	-37.0
1.97	-8.763	-27.8	-36.7
1.98	-8.792	-19.0	-55.8
1.99	-8.821	-11.5	-55.2
2.0	-8.849	-5.8	-26.9
2.01	-8.876	-1.9	-23.0
2.02	-8.899	0.0	-8.3
2.03	-8.922	-0.1	37.5
2.04	-8.945	-2.2	80.8
2.05	-8.967	-5.8	92.8
2.06	-8.989	-10.4	103.5
2.07	-9.011	-15.5	107.8
2.08	-9.034	-20.6	100.7
2.09	-9.058	-25.2	108.2
2.1	-9.080	-29.0	120.3
2.11	-9.100	-32.0	108.3
2.12	-9.120	-34.0	-37.1
2.13	-9.141	-35.0	-335.6
2.14	-9.161	-35.2	-408.6
2.15	-9.181	-34.7	64.4
2.16	-9.203	-33.7	521.1
2.17	-9.228	-32.5	429.3
2.18	-9.253	-31.1	148.7
2.19	-9.276	-29.6	38.2
2.2	-9.293	-28.1	49.0
2.21	-9.306	-26.5	55.6
2.22	-9.316	-24.8	46.3
2.23	-9.327	-23.2	41.5
2.24	-9.339	-21.5	8.9
2.25	-9.352	-18.9	-33.8
2.26	-9.368	-13.4	-55.8
2.27	-9.386	-2.3	-70.8
2.28	-9.405	17.3	-89.0
2.29	-9.424	46.8	-109.5
2.3	-9.443	85.1	-133.6
2.31	-9.460	124.8	-152.0
2.32	-9.478	154.5	-178.5
2.33	-9.496	165.2	-182.3
2.34	-9.512	153.9	-138.6
2.35	-9.530	123.1	-103.8
2.36	-9.549	80.6	-79.4
2.37	-9.569	34.6	-30.6
2.38	-9.589	-9.1	24.5
2.39	-9.609	-47.2	65.4
2.4	-9.631	-77.3	53.8
2.41	-9.652	-97.6	32.1
2.42	-9.674	-107.2	66.4
2.43	-9.694	-107.7	91.1
2.44	-9.713	-103.0	72.8
2.45	-9.731	-96.4	62.4
2.46	-9.749	-88.7	34.7
2.47	-9.765	-79.6	0.2
2.48	-9.780	-69.1	6.9
2.49	-9.795	-57.6	16.6
2.5	-9.811	-45.8	6.0
2.51	-9.828	-34.6	-40.0
2.52	-9.846	-24.6	-89.9
2.53	-9.863	-15.9	-87.4
2.54	-9.879	-8.7	-68.5
2.55	-9.894	-3.2	-33.5
2.56	-9.908	0.6	40.3
2.57	-9.922	2.4	91.4
2.58	-9.936	1.9	88.5
2.59	-9.950	-1.0	84.6
2.6	-9.963	-5.7	85.8
2.61	-9.975	-11.6	71.8
2.62	-9.989	-17.8	63.9
2.63	-10.004	-23.4	79.8
2.64	-10.018	-27.9	120.6
2.65	-10.031	-31.3	123.5
2.66	-10.043	-33.6	-59.2
2.67	-10.055	-35.0	-397.2
2.68	-10.065	-35.5	-380.6
2.69	-10.075	-35.3	159.9
2.7	-10.088	-34.5	465.2
2.71	-10.103	-33.4	268.7
2.72	-10.115	-31.9	68.0
2.73	-10.121	-30.3	47.1
2.74	-10.124	-28.7	73.5
2.75	-10.123	-27.0	58.7
2.76	-10.121	-25.4	40.6
2.77	-10.121	-23.9	28.6
2.78	-10.121	-22.0	-2.2
2.79	-10.122	-18.6	-26.5
2.8	-10.124	-11.5	-34.8
2.81	-10.130	2.1	-46.4
2.82	-10.136	24.8	-73.3
2.83	-10.142	57.5	-103.3
2.84	-10.148	97.2	-141.6
2.85	-10.152	134.8	-175.2
2.86	-10.156	159.1	-171.6
2.87	-10.158	163.3	-135.9
2.88	-10.160	146.1	-102.5
2.89	-10.164	111.9	-59.4
2.9	-10.167	68.7	-11.8
2.91	-10.169	24.0	10.5
2.92	-10.169	-17.5	33.2
2.93	-10.168	-53.0	63.8
2.94	-10.166	-80.5	77.7
2.95	-10.162	-98.6	70.8
2.96	-10.155	-106.9	47.9
2.97	-10.144	-106.9	42.0
2.98	-10.129	-102.2	68.6
2.99	-10.110	-95.3	71.8
3.0	-10.089	-86.8	41.2
3.01	-10.068	-76.9	30.2
3.02	-10.043	-65.8	23.8
3.03	-10.017	-54.1	-10.6
3.04	-9.992	-42.5	-55.9
3.05	-9.969	-31.6	-62.0
3.06	-9.944	-21.8	-46.8
3.07	-9.919	-13.5	-47.0
3.08	-9.892	-6.7	-29.0
3.09	-9.863	-1.6	12.4
3.1	-9.835	1.6	59.7
3.11	-9.809	2.6	78.7
3.12	-9.783	1.5	74.2
3.13	-9.758	-1.9	83.7
3.14	-9.733	-6.9	95.5
3.15	-9.709	-13.0	109.3
3.16	-9.688	-19.3	102.5
3.17	-9.664	-24.9	100.8
3.18	-9.639	-29.5	124.9
3.19	-9.612	-32.8	38.0
3.2	-9.586	-34.9	-253.9
3.21	-9.562	-36.0	-430.1
3.22	-9.538	-36.1	-34.1
3.23	-9.517	-35.5	487.2
3.24	-9.500	-34.6	455.2
3.25	-9.485	-33.3	171.7
3.26	-9.467	-31.8	56.3
3.27	-9.445	-30.2	48.1
3.28	-9.419	-28.4	56.1
3.29	-9.392	-26.5	65.0
3.3	-9.363	-24.6	35.2
3.31	-9.332	-22.6	13.5
3.32	-9.304	-19.9	18.8
3.33	-9.277	-14.7	-4.8
3.34	-9.252	-4.4	-48.2
3.35	-9.231	13.8	-74.1
3.36	-9.211	42.0	-106.2
3.37	-9.193	79.1	-152.3
3.38	-9.178	118.5	-168.6
3.39	-9.163	149.2	-161.8
3.4	-9.149	162.2	-154.5
3.41	-9.135	153.7	-132.6
3.42	-9.121	125.8	-92.9
3.43	-9.109	85.6	-42.7
3.44	-9.096	41.3	6.6
3.45	-9.082	-1.4	43.2
3.46	-9.068	-39.0	60.4
3.47	-9.056	-69.4	56.4
3.48	-9.044	-91.1	59.3
3.49	-9.033	-103.4	72.1
3.5	-9.020	-106.9	74.3
3.51	-9.008	-104.3	77.8
3.52	-8.994	-98.4	68.3
3.53	-8.981	-90.7	47.4
3.54	-8.966	-81.2	64.3
3.55	-8.951	-70.2	69.2
3.56	-8.936	-58.3	13.5
3.57	-8.922	-46.5	-18.6
3.58	-8.908	-35.4	-32.7
3.59	-8.894	-25.3	-55.6
3.6	-8.879	-16.4	-57.7
3.61	-8.866	-8.9	-47.2
3.62	-8.852	-3.0	0.1
3.63	-8.839	1.0	63.5
3.64	-8.824	2.8	73.8
3.65	-8.810	2.1	53.0
3.66	-8.796	-0.8	67.1
3.67	-8.782	-5.6	91.9
3.68	-8.768	-11.4	101.1
3.69	-8.754	-17.5	109.2
3.7	-8.742	-23.1	122.0
3.71	-8.728	-27.9	154.6
3.72	-8.711	-31.6	161.0
3.73	-8.693	-34.2	36.4
3.74	-8.679	-35.9	-278.8
3.75	-8.668	-36.7	-417.3
3.76	-8.656	-36.7	12.4
3.77	-8.647	-36.0	499.9
3.78	-8.641	-34.7	473.6
3.79	-8.636	-33.1	190.4
3.8	-8.629	-31.2	51.7
3.81	-8.621	-29.2	62.3
3.82	-8.609	-27.1	71.8
3.83	-8.598	-25.2	41.3
3.84	-8.588	-23.4	14.1
3.85	-8.578	-21.5	12.0
3.86	-8.570	-18.6	-3.0
3.87	-8.563	-13.0	-14.3
3.88	-8.558	-1.7	-17.0
3.89	-8.554	18.0	-45.2
3.9	-8.550	47.6	-90.6
3.91	-8.545	85.4	-145.2
3.92	-8.539	123.7	-190.3
3.93	-8.533	151.6	-193.3
3.94	-8.527	160.9	-154.7
3.95	-8.522	149.0	-105.8
3.96	-8.519	119.0	-70.0
3.97	-8.519	78.2	-31.1
3.98	-8.517	34.3	6.2
3.99	-8.513	-7.4	8.8
4.0	-8.509	-43.9	14.6
4.01	-8.505	-73.2	46.7
4.02	-8.500	-93.6	66.8
4.03	-8.496	-104.4	86.6
4.04	-8.492	-106.5	97.8
4.05	-8.487	-102.9	89.9
4.06	-8.479	-96.4	84.8
4.07	-8.473	-88.0	50.3
4.08	-8.466	-78.1	8.5
4.09	-8.461	-67.0	2.7
4.1	-8.457	-55.5	4.5
4.11	-8.452	-43.9	15.4
4.12	-8.447	-32.8	6.8
4.13	-8.444	-22.7	-38.7
4.14	-8.441	-13.9	-55.5
4.15	-8.439	-6.6	-60.9
4.16	-8.435	-1.3	-66.1
4.17	-8.432	1.7	-18.5
4.18	-8.428	2.2	44.4
4.19	-8.424	0.5	81.1
4.2	-8.419	-3.0	100.9
4.21	-8.416	-7.9	122.3
4.22	-8.411	-13.7	120.3
4.23	-8.408	-19.5	98.2
4.24	-8.404	-24.9	80.1
4.25	-8.401	-29.3	84.3
4.26	-8.396	-32.5	140.8
4.27	-8.389	-34.6	137.7
4.28	-8.384	-35.6	-94.0
4.29	-8.382	-36.0	-399.1
4.3	-8.382	-35.7	-233.9
4.31	-8.383	-35.0	346.0
4.32	-8.386	-33.7	534.8
4.33	-8.392	-32.2	288.7
4.34	-8.396	-30.4	106.7
4.35	-8.396	-28.4	63.2
4.36	-8.391	-26.4	69.0
4.37	-8.384	-24.5	67.3
4.38	-8.374	-22.9	44.3
4.39	-8.363	-21.4	18.2
4.4	-8.354	-19.1	-9.5
4.41	-8.347	-14.3	-11.1
4.42	-8.342	-4.3	0.2
4.43	-8.340	14.1	-25.8
4.44	-8.339	42.8	-79.8
4.45	-8.339	80.9	-133.8
4.46	-8.338	121.6	-178.3
4.47	-8.337	153.4	-194.8
4.48	-8.336	167.2	-163.2
4.49	-8.336	159.4	-107.8
4.5	-8.336	132.0	-79.8
4.51	-8.339	92.4	-57.8
4.52	-8.342	48.3	-20.3
4.53	-8.345	5.5	12.8
4.54	-8.347	-32.6	36.1
4.55	-8.349	-64.1	47.4
4.56	-8.352	-87.3	63.7
4.57	-8.353	-101.2	81.0
4.58	-8.354	-106.4	97.5
4.59	-8.354	-104.9	98.3
4.6	-8.354	-99.5	68.8
4.61	-8.355	-92.1	41.6
4.62	-8.357	-83.0	28.8
4.63	-8.361	-72.5	37.1
4.64	-8.366	-61.1	38.5
4.65	-8.373	-49.3	24.0
4.66	-8.383	-37.8	-9.2
4.67	-8.394	-27.2	-64.9
4.68	-8.410	-17.8	-87.6
4.69	-8.428	-9.8	-59.8
4.7	-8.446	-3.6	-29.2
4.71	-8.464	0.6	0.2
4.72	-8.483	2.4	36.7
4.73	-8.502	1.7	68.5
4.74	-8.521	-1.3	79.1
4.75	-8.540	-6.1	82.2
4.76	-8.559	-11.9	95.8
4.77	-8.579	-18.0	109.3
4.78	-8.602	-23.7	114.3
4.79	-8.628	-28.5	118.6
4.8	-8.654	-32.3	154.9
4.81	-8.676	-34.9	129.2
4.82	-8.699	-36.6	-101.1
4.83	-8.725	-37.4	-413.8
4.84	-8.752	-37.3	-302.3
4.85	-8.781	-36.4	295.1
4.86	-8.810	-34.9	594.8
4.87	-8.841	-33.0	375.6
4.88	-8.871	-31.0	116.3
4.89	-8.899	-29.1	25.6
4.9	-8.921	-27.2	34.4
4.91	-8.937	-25.4	44.4
4.92	-8.949	-23.7	41.9
4.93	-8.959	-22.0	34.4
4.94	-8.972	-19.8	18.3
4.95	-8.987	-15.8	-2.2
4.96	-9.004	-7.5	-36.9
4.97	-9.025	8.0	-82.8
4.98	-9.047	33.1	-114.1
4.99	-9.071	68.5	-129.0
5.0	-9.094	109.1	-154.0
5.01	-9.116	144.6	-175.8
5.02	-9.139	164.6	-165.8
5.03	-9.162	163.6	-157.8
5.04	-9.184	141.7	-147.3
5.05	-9.206	104.7	-85.9
5.06	-9.230	61.2	-32.1
5.07	-9.254	17.7	-7.3
5.08	-9.277	-21.8	36.2
5.09	-9.301	-54.9	69.5
5.1	-9.326	-80.3	73.9
5.11	-9.350	-97.1	67.7
5.12	-9.374	-105.4	59.9
5.13	-9.397	-106.4	54.4
5.14	-9.419	-102.2	59.1
5.15	-9.441	-95.2	63.4
5.16	-9.463	-86.5	53.5
5.17	-9.483	-76.2	40.1
5.18	-9.502	-64.7	20.5
5.19	-9.523	-52.7	6.4
5.2	-9.543	-40.9	-25.8
5.21	-9.563	-29.9	-70.9
5.22	-9.584	-20.0	-81.8
5.23	-9.605	-11.4	-61.8
5.24	-9.625	-4.5	-38.3
5.25	-9.644	0.3	-18.0
5.26	-9.661	2.8	18.3
5.27	-9.678	2.8	47.1
5.28	-9.695	0.4	55.7
5.29	-9.712	-4.0	64.5
5.3	-9.728	-9.9	72.3
5.31	-9.742	-16.3	93.5
5.32	-9.758	-22.4	100.3
5.33	-9.774	-27.5	103.8
5.34	-9.790	-31.5	143.1
5.35	-9.804	-34.1	141.0
5.36	-9.819	-35.7	15.8
5.37	-9.835	-36.5	-283.5
5.38	-9.851	-36.7	-485.9
5.39	-9.866	-36.4	-122.5
5.4	-9.883	-35.4	405.2
5.41	-9.903	-33.9	429.8
5.42	-9.922	-32.1	195.2
5.43	-9.938	-30.1	77.8
5.44	-9.949	-28.1	49.5
5.45	-9.957	-26.2	35.0
5.46	-9.963	-24.6	21.8
5.47	-9.967	-23.2	20.7
5.48	-9.972	-21.6	23.3
5.49	-9.978	-18.7	10.6
5.5	-9.986	-11.9	-11.0
5.51	-9.996	2.0	-36.3
5.52	-10.006	25.9	-59.6
5.53	-10.016	61.2	-94.1
5.54	-10.027	104.3	-151.6
5.55	-10.039	144.8	-178.3
5.56	-10.050	171.1	-162.8
5.57	-10.061	176.3	-148.5
5.58	-10.071	158.7	-137.4
5.59	-10.081	124.1	-86.4
5.6	-10.092	80.9	-22.9
5.61	-10.104	36.2	16.7
5.62	-10.116	-5.8	35.3
5.63	-10.126	-42.3	33.9
5.64	-10.137	-71.7	40.0
5.65	-10.148	-93.2	52.9
5.66	-10.159	-106.1	59.1
5.67	-10.171	-111.0	56.2
5.68	-10.180	-109.2	68.5
5.69	-10.189	-102.6	92.5
5.7	-10.197	-93.4	68.3
5.71	-10.204	-82.9	25.2
5.72	-10.209	-71.4	17.9
5.73	-10.213	-59.4	17.0
5.74	-10.216	-47.3	-1.6
5.75	-10.220	-35.7	-34.6
5.76	-10.226	-25.0	-72.1
5.77	-10.233	-15.4	-57.7
5.78	-10.238	-7.3	-31.7
5.79	-10.241	-1.2	-44.3
5.8	-10.243	2.5	-22.7
5.81	-10.242	3.7	30.7
5.82	-10.241	2.2	52.0
5.83	-10.239	-1.5	48.8
5.84	-10.236	-6.9	67.2
5.85	-10.232	-13.3	103.7
5.86	-10.227	-19.7	121.8
5.87	-10.224	-25.6	112.1
5.88	-10.221	-30.4	92.8
5.89	-10.214	-34.1	105.1
5.9	-10.203	-36.6	78.1
5.91	-10.193	-38.1	-124.0
5.92	-10.183	-38.6	-433.8
5.93	-10.172	-38.2	-362.4
5.94	-10.162	-37.1	198.4
5.95	-10.154	-35.5	484.2
5.96	-10.149	-33.5	278.9
5.97	-10.141	-31.5	70.6
5.98	-10.124	-29.5	22.3
5.99	-10.099	-27.7	39.1
6.0	-10.070	-26.0	47.8
6.01	-10.038	-24.5	36.1
6.02	-10.006	-22.9	25.0
6.03	-9.975	-20.5	25.4
6.04	-9.947	-15.4	33.6
6.05	-9.922	-4.9	15.5
6.06	-9.901	14.4	-50.4
6.07	-9.879	45.0	-96.4
6.08	-9.859	85.8	-121.3
6.09	-9.839	129.3	-156.0
6.1	-9.821	163.9	-167.6
6.11	-9.803	180.0	-158.8
6.12	-9.783	172.6	-123.3
6.13	-9.764	144.2	-77.2
6.14	-9.746	103.1	-50.5
6.15	-9.729	57.7	-10.3
6.16	-9.714	13.5	35.4
6.17	-9.698	-26.0	59.8
6.18	-9.684	-58.8	62.6
6.19	-9.671	-83.7	60.8
6.2	-9.656	-100.4	73.5
6.21	-9.641	-109.1	74.1
6.22	-9.626	-110.9	72.7
6.23	-9.609	-107.4	80.1
6.24	-9.592	-100.1	70.2
6.25	-9.576	-90.2	54.5
6.26	-9.559	-78.9	43.0
6.27	-9.541	-67.0	37.9
6.28	-9.523	-55.0	41.8
6.29	-9.506	-43.1	35.8
6.3	-9.488	-31.8	8.5
6.31	-9.472	-21.6	-17.6
6.32	-9.456	-12.9	-41.0
6.33	-9.442	-6.0	-50.3
6.34	-9.427	-1.3	-46.1
6.35	-9.410	0.8	-31.8
6.36	-9.393	0.4	9.7
6.37	-9.375	-2.2	53.7
6.38	-9.358	-6.5	81.2
6.39	-9.342	-11.7	97.8
6.4	-9.326	-17.3	107.6
6.41	-9.311	-22.7	113.4
6.42	-9.294	-27.4	111.5
6.43	-9.279	-31.3	109.1
6.44	-9.263	-34.3	116.5
6.45	-9.243	-36.3	116.7
6.46	-9.221	-37.6	66.5
6.47	-9.201	-38.1	-149.9
6.48	-9.182	-38.0	-430.1
6.49	-9.164	-37.3	-237.9
6.5	-9.148	-36.1	339.6
6.51	-9.136	-34.6	534.7
6.52	-9.126	-32.8	288.3
6.53	-9.114	-31.0	68.9
6.54	-9.099	-29.1	25.3
6.55	-9.081	-27.1	54.2
6.56	-9.061	-25.1	73.6
6.57	-9.036	-23.0	67.8
6.58	-9.012	-20.7	53.4
6.59	-8.989	-17.4	23.9
6.6	-8.967	-10.5	-5.5
6.61	-8.949	3.3	-21.0
6.62	-8.933	27.3	-65.9
6.63	-8.917	63.0	-108.7
6.64	-8.902	106.7	-112.8
6.65	-8.891	148.2	-126.9
6.66	-8.881	176.1	-155.8
6.67	-8.873	182.2	-156.9
6.68	-8.862	164.4	-133.9
6.69	-8.851	128.7	-99.6
6.7	-8.842	84.3	-59.4
6.71	-8.835	38.2	-28.6
6.72	-8.828	-4.9	6.1
6.73	-8.819	-42.2	40.9
6.74	-8.812	-71.8	74.9
6.75	-8.805	-92.7	101.6
6.76	-8.797	-104.9	102.1
6.77	-8.790	-109.5	104.1
6.78	-8.781	-108.4	89.2
6.79	-8.773	-103.4	63.3
6.8	-8.766	-96.0	45.3
6.81	-8.756	-86.7	37.5
6.82	-8.746	-75.8	58.4
6.83	-8.736	-64.0	62.9
6.84	-8.728	-52.2	42.2
6.85	-8.720	-40.7	38.8
6.86	-8.713	-30.0	42.6
6.87	-8.707	-20.4	34.6
6.88	-8.701	-12.2	19.5
6.89	-8.695	-5.9	8.4
6.9	-8.691	-1.9	-6.8
6.91	-8.686	-0.5	-30.3
6.92	-8.681	-1.8	-37.4
6.93	-8.675	-5.3	-21.7
6.94	-8.669	-10.3	-3.6
6.95	-8.662	-15.8	35.0
6.96	-8.656	-21.2	83.1
6.97	-8.651	-25.8	93.4
6.98	-8.645	-29.4	103.9
6.99	-8.640	-32.1	119.3
7.0	-8.636	-33.9	102.7
7.01	-8.632	-35.0	99.7
7.02	-8.627	-35.5	111.6
7.03	-8.621	-35.7	128.2
7.04	-8.613	-35.7	114.0
7.05	-8.607	-35.4	-68.4
7.06	-8.605	-34.9	-416.7
7.07	-8.603	-34.2	-454.4
7.08	-8.603	-33.3	74.8
7.09	-8.603	-32.1	461.4
7.1	-8.604	-30.7	326.0
7.11	-8.603	-29.2	111.1
7.12	-8.599	-27.5	47.7
7.13	-8.591	-25.8	70.1
7.14	-8.581	-24.1	88.8
7.15	-8.570	-22.2	63.2
7.16	-8.558	-20.2	38.6
7.17	-8.547	-16.7	37.3
7.18	-8.539	-9.4	19.7
7.19	-8.533	5.5	-7.3
7.2	-8.527	31.1	-19.0
7.21	-8.522	69.0	-44.3
7.22	-8.518	114.7	-90.1
7.23	-8.513	157.3	-123.8
7.24	-8.509	184.6	-146.0
7.25	-8.507	188.4	-143.0
7.26	-8.506	167.6	-113.1
7.27	-8.506	129.3	-67.9
7.28	-8.508	83.2	-22.6
7.29	-8.510	36.1	-2.4
7.3	-8.512	-7.5	6.2
7.31	-8.514	-45.1	22.5
7.32	-8.515	-74.7	47.5
7.33	-8.518	-95.2	69.2
7.34	-8.519	-106.3	93.6
7.35	-8.519	-109.5	108.6
7.36	-8.519	-106.9	86.8
7.37	-8.518	-101.1	61.0
7.38	-8.517	-93.8	43.7
7.39	-8.516	-85.3	34.3
7.4	-8.517	-75.5	30.6
7.41	-8.518	-64.8	26.7
7.42	-8.520	-53.7	47.3
7.43	-8.522	-42.8	59.9
7.44	-8.524	-32.5	38.4
7.45	-8.527	-23.2	22.0
7.46	-8.532	-15.2	13.3
7.47	-8.536	-8.9	3.8
7.48	-8.543	-4.6	-9.5
7.49	-8.549	-2.6	-20.3
7.5	-8.556	-3.0	-15.4
7.51	-8.563	-5.6	-27.3
7.52	-8.569	-9.9	-39.9
7.53	-8.572	-15.2	-15.8
7.54	-8.576	-20.6	16.5
7.55	-8.579	-25.4	37.5
7.56	-8.584	-29.2	67.8
7.57	-8.588	-31.8	96.3
7.58	-8.592	-33.5	102.8
7.59	-8.594	-34.3	116.9
7.6	-8.597	-34.7	115.0
7.61	-8.602	-34.8	97.3
7.62	-8.604	-34.8	118.1
7.63	-8.604	-34.6	117.3
7.64	-8.604	-34.2	-41.1
7.65	-8.611	-33.8	-388.1
7.66	-8.622	-33.2	-506.4
7.67	-8.636	-32.4	-14.5
7.68	-8.652	-31.3	454.3
7.69	-8.669	-30.0	373.4
7.7	-8.685	-28.6	151.2
7.71	-8.696	-27.1	53.4
7.72	-8.697	-25.5	22.0
7.73	-8.691	-23.8	36.8
7.74	-8.679	-22.2	63.3
7.75	-8.668	-20.3	54.0
7.76	-8.658	-17.4	32.1
7.77	-8.653	-11.5	23.3
7.78	-8.654	0.6	-5.3
7.79	-8.658	22.0	-43.0
7.8	-8.665	54.7	-73.1
7.81	-8.672	96.8	-104.5
7.82	-8.678	139.7	-127.8
7.83	-8.686	171.5	-133.8
7.84	-8.697	183.1	-131.8
7.85	-8.711	171.1	-132.2
7.86	-8.726	138.9	-121.4
7.87	-8.744	95.2	-84.7
7.88	-8.767	48.5	-45.9
7.89	-8.791	4.0	-7.5
7.9	-8.814	-35.1	39.3
7.91	-8.839	-66.6	63.2
7.92	-8.866	-89.1	63.5
7.93	-8.891	-102.0	69.3
7.94	-8.916	-106.4	78.5
7.95	-8.941	-104.6	65.3
7.96	-8.965	-99.5	49.2
7.97	-8.989	-92.9	66.8
7.98	-9.013	-85.3	69.1
7.99	-9.036	-76.4	37.8
8.0	-9.060	-66.4	21.8
8.01	-9.083	-56.1	22.9
8.02	-9.106	-45.8	21.6
8.03	-9.129	-35.6	19.3
8.04	-9.151	-26.1	28.1
8.05	-9.175	-17.8	30.9
8.06	-9.199	-11.0	15.6
8.07	-9.223	-6.1	-7.9
8.08	-9.246	-3.4	-53.3
8.09	-9.270	-3.2	-70.7
8.1	-9.293	-5.4	-44.6
8.11	-9.314	-9.3	-25.9
8.12	-9.333	-14.0	-4.8
8.13	-9.353	-18.8	23.1
8.14	-9.371	-23.2	49.8
8.15	-9.391	-26.7	68.2
8.16	-9.412	-29.4	74.4
8.17	-9.431	-31.4	81.3
8.18	-9.451	-32.7	83.8
8.19	-9.471	-33.6	98.0
8.2	-9.491	-34.1	109.9
8.21	-9.511	-34.3	119.2
8.22	-9.527	-34.3	100.5
8.23	-9.544	-34.1	-71.4
8.24	-9.563	-33.7	-412.1
8.25	-9.581	-33.1	-502.1
8.26	-9.600	-32.3	3.2
8.27	-9.621	-31.2	460.0
8.28	-9.643	-29.9	355.3
8.29	-9.665	-28.5	123.8
8.3	-9.683	-27.1	51.2
8.31	-9.696	-25.7	30.1
8.32	-9.707	-24.2	21.4
8.33	-9.715	-22.7	43.3
8.34	-9.722	-21.2	39.6
8.35	-9.729	-19.1	-0.6
8.36	-9.739	-14.9	-21.0
8.37	-9.750	-5.9	-25.2
8.38	-9.764	10.7	-48.4
8.39	-9.780	37.2	-76.1
8.4	-9.796	73.5	-110.3
8.41	-9.814	114.7	-157.9
8.42	-9.830	150.1	-184.7
8.43	-9.847	169.6	-185.6
8.44	-9.862	167.6	-164.9
8.45	-9.877	144.4	-122.8
8.46	-9.891	105.8	-86.3
8.47	-9.908	60.2	-49.3
8.48	-9.924	14.9	-4.1
8.49	-9.940	-26.0	33.7
8.5	-9.956	-60.0	46.2
8.51	-9.973	-85.1	29.1
8.52	-9.990	-100.1	21.3
8.53	-10.007	-105.3	61.7
8.54	-10.023	-103.3	99.3
8.55	-10.039	-97.7	83.2
8.56	-10.053	-90.7	53.3
8.57	-10.067	-83.0	33.6
8.58	-10.080	-74.7	19.5
8.59	-10.092	-65.4	9.5
8.6	-10.103	-55.2	0.8
8.61	-10.112	-44.7	2.9
8.62	-10.121	-34.4	19.1
8.63	-10.131	-25.0	35.3
8.64	-10.141	-16.8	22.2
8.65	-10.153	-10.0	-1.2
8.66	-10.164	-5.2	-42.4
8.67	-10.176	-2.4	-78.5
8.68	-10.188	-2.0	-70.2
8.69	-10.198	-3.9	-46.1
8.7	-10.206	-7.5	-13.0
8.71	-10.211	-12.2	24.6
8.72	-10.216	-17.1	48.5
8.73	-10.221	-21.5	73.3
8.74	-10.226	-25.2	85.3
8.75	-10.229	-28.1	69.5
8.76	-10.233	-30.3	72.7
8.77	-10.238	-31.9	76.8
8.78	-10.244	-33.0	75.6
8.79	-10.248	-33.5	111.5
8.8	-10.249	-33.6	110.1
8.81	-10.249	-33.4	-11.9
8.82	-10.251	-33.0	-312.1
8.83	-10.251	-32.4	-522.8
8.84	-10.251	-31.7	-156.8
8.85	-10.251	-30.9	364.7
8.86	-10.253	-30.0	361.6
8.87	-10.254	-29.1	125.3
8.88	-10.248	-27.9	33.0
8.89	-10.234	-26.5	30.5
8.9	-10.211	-25.0	56.6
8.91	-10.182	-23.3	57.3
8.92	-10.151	-21.7	15.1
8.93	-10.119	-20.0	-11.2
8.94	-10.087	-17.0	-18.6
8.95	-10.058	-10.4	-25.9
8.96	-10.031	2.7	-48.9
8.97	-10.008	25.1	-75.5
8.98	-9.985	57.6	-90.2
8.99	-9.964	97.6	-124.5
9.0	-9.944	136.3	-168.0
9.01	-9.925	162.3	-194.5
9.02	-9.905	168.2	-189.3
9.03	-9.884	152.6	-146.6
9.04	-9.862	119.2	-96.4
9.05	-9.842	75.8	-46.9
9.06	-9.826	30.2	-7.0
9.07	-9.809	-12.1	25.0
9.08	-9.793	-48.0	46.1
9.09	-9.777	-75.6	48.6
9.1	-9.762	-93.6	53.2
9.11	-9.746	-101.8	49.0
9.12	-9.729	-102.0	53.2
9.13	-9.712	-97.5	81.9
9.14	-9.693	-91.1	98.3
9.15	-9.675	-84.2	79.8
9.16	-9.656	-76.6	40.7
9.17	-9.637	-67.9	25.2
9.18	-9.617	-58.3	12.7
9.19	-9.598	-48.2	12.2
9.2	-9.579	-38.3	23.3
9.21	-9.561	-29.0	4.1
9.22	-9.544	-20.6	-13.1
9.23	-9.529	-13.5	-26.3
9.24	-9.514	-8.0	-36.5
9.25	-9.500	-4.3	-46.0
9.26	-9.485	-2.8	-45.8
9.27	-9.469	-3.4	-25.7
9.28	-9.451	-6.0	2.3
9.29	-9.433	-9.9	53.5
9.3	-9.416	-14.3	89.5
9.31	-9.401	-18.7	86.2
9.32	-9.386	-22.7	90.8
9.33	-9.370	-26.2	94.8
9.34	-9.355	-29.0	82.9
9.35	-9.341	-31.2	89.6
9.36	-9.327	-32.7	101.9
9.37	-9.309	-33.8	122.7
9.38	-9.291	-34.4	53.9
9.39	-9.275	-34.5	-241.0
9.4	-9.259	-34.2	-485.3
9.41	-9.245	-33.6	-169.4
9.42	-9.232	-32.6	396.8
9.43	-9.223	-31.4	487.6
9.44	-9.216	-30.1	236.4
9.45	-9.206	-28.7	68.3
9.46	-9.193	-27.4	25.3
9.47	-9.176	-26.0	22.9
9.48	-9.158	-24.6	25.0
9.49	-9.138	-23.0	29.9
9.5	-9.116	-21.2	38.5
9.51	-9.094	-18.5	43.1
9.52	-9.074	-13.0	15.6
9.53	-9.058	-2.2	-39.2
9.54	-9.044	16.3	-76.6
9.55	-9.033	43.6	-109.0
9.56	-9.021	78.6	-156.9
9.57	-9.009	115.7	-185.3
9.58	-8.999	144.4	-178.0
9.59	-8.991	156.4	-143.0
9.6	-8.984	148.4	-118.1
9.61	-8.979	122.3	-122.4
9.62	-8.976	83.7	-102.8
9.63	-8.974	39.9	-47.0
9.64	-8.971	-3.0	7.0
9.65	-8.967	-40.4	46.0
9.66	-8.963	-69.4	78.9
9.67	-8.959	-88.5	105.1
9.68	-8.956	-97.2	111.5
9.69	-8.954	-97.8	87.0
9.7	-8.951	-94.0	51.8
9.71	-8.947	-89.1	40.8
9.72	-8.945	-83.6	38.6
9.73	-8.944	-77.0	44.1
9.74	-8.944	-68.9	69.6
9.75	-8.944	-59.5	68.7
9.76	-8.944	-49.2	42.3
9.77	-8.946	-39.0	24.0
9.78	-8.948	-29.5	9.8
9.79	-8.953	-21.2	-0.6
9.8	-8.958	-14.3	-26.9
9.81	-8.966	-9.0	-45.9
9.82	-8.972	-5.5	-42.9
9.83	-8.976	-4.0	-34.3
9.84	-8.976	-4.3	-12.7
9.85	-8.974	-6.3	19.2
9.86	-8.971	-9.6	48.3
9.87	-8.969	-13.4	77.3
9.88	-8.969	-17.5	101.0
9.89	-8.969	-21.3	106.3
9.9	-8.969	-24.7	98.1
9.91	-8.971	-27.6	102.6
9.92	-8.976	-29.8	94.8
9.93	-8.980	-31.4	107.4
9.94	-8.981	-32.4	152.4
9.95	-8.980	-33.0	62.5
9.96	-8.982	-33.2	-262.6
9.97	-8.988	-33.1	-534.7
9.98	-8.994	-32.6	-216.5
9.99	-9.003	-31.9	360.4
10.0	-9.015	-30.7	427.5
10.01	-9.030	-29.4	197.1
10.02	-9.043	-27.9	87.4
10.03	-9.049	-26.4	67.9
10.04	-9.044	-25.0	62.1
10.05	-9.031	-23.8	42.9
10.06	-9.013	-22.5	33.6
10.07	-8.996	-21.0	39.8
10.08	-8.985	-18.2	8.7
10.09	-8.979	-11.9	-11.4
10.1	-8.979	0.5	-5.7
10.11	-8.981	20.9	-38.8
10.12	-8.981	50.1	-85.1
10.13	-8.981	86.2	-135.8
10.14	-8.981	122.4	-178.8
10.15	-8.982	148.1	-171.9
10.16	-8.984	155.7	-131.4
10.17	-8.986	143.0	-106.0
10.18	-8.989	113.3	-84.1
10.19	-8.995	73.2	-42.5
10.2	-9.002	29.5	-2.2
10.21	-9.010	-12.1	22.1
10.22	-9.018	-47.5	36.8
10.23	-9.026	-74.1	41.8
10.24	-9.034	-90.2	52.6
10.25	-9.042	-96.2	95.5
10.26	-9.049	-95.3	109.1
10.27	-9.058	-91.1	87.6
10.28	-9.066	-85.9	58.2
10.29	-9.074	-80.2	36.6
10.3	-9.085	-73.5	34.9
10.31	-9.098	-65.7	34.0
10.32	-9.112	-56.6	39.3
10.33	-9.127	-46.9	45.3
10.34	-9.144	-37.1	52.2
10.35	-9.164	-28.0	33.3
10.36	-9.184	-19.9	-16.6
10.37	-9.207	-13.2	-52.8
10.38	-9.232	-8.3	-68.6
10.39	-9.256	-5.2	-59.6
10.4	-9.277	-4.0	-31.8
10.41	-9.297	-4.6	4.5
10.42	-9.316	-6.6	62.7
10.43	-9.334	-9.7	87.2
10.44	-9.353	-13.4	76.3
10.45	-9.373	-17.3	87.4
10.46	-9.392	-21.1	79.9
10.47	-9.411	-24.5	64.4
10.48	-9.431	-27.4	86.1
10.49	-9.451	-29.6	117.4
10.5	-9.471	-31.2	154.3
10.51	-9.488	-32.2	148.1
10.52	-9.506	-32.8	-40.2
10.53	-9.524	-32.9	-398.3
10.54	-9.543	-32.7	-467.2
10.55	-9.563	-32.2	46.4
10.56	-9.585	-31.4	441.9
10.57	-9.609	-30.4	308.4
10.58	-9.634	-29.1	114.9
10.59	-9.656	-27.7	57.4
10.6	-9.672	-26.2	53.6
10.61	-9.683	-24.7	59.9
10.62	-9.691	-23.3	48.3
10.63	-9.700	-21.9	35.6
10.64	-9.709	-20.1	23.2
10.65	-9.721	-16.5	1.0
10.66	-9.736	-8.8	-21.0
10.67	-9.752	5.5	-32.4
10.68	-9.771	27.9	-63.8
10.69	-9.791	58.5	-114.6
10.7	-9.811	94.3	-156.8
10.71	-9.830	127.5	-178.9
10.72	-9.850	148.1	-181.8
10.73	-9.869	149.8	-150.8
10.74	-9.888	132.1	-103.1
10.75	-9.908	99.3	-72.4
10.76	-9.928	58.5	-37.8
10.77	-9.948	16.1	-7.7
10.78	-9.967	-23.1	12.6
10.79	-9.985	-55.5	40.2
10.8	-10.004	-78.5	56.3
10.81	-10.023	-91.2	49.0
10.82	-10.043	-95.0	69.9
10.83	-10.062	-93.0	101.1
10.84	-10.079	-88.4	78.4
10.85	-10.096	-83.1	44.0
10.86	-10.112	-77.1	29.7
10.87	-10.128	-69.8	38.8
10.88	-10.144	-61.2	47.6
10.89	-10.159	-51.6	23.9
10.9	-10.176	-41.7	-2.2
10.91	-10.192	-32.2	-11.4
10.92	-10.208	-23.6	-22.0
10.93	-10.224	-16.1	-47.5
10.94	-10.240	-10.0	-48.0
10.95	-10.254	-5.4	-34.4
10.96	-10.267	-2.8	-35.7
10.97	-10.278	-2.1	3.8
10.98	-10.286	-3.4	31.9
10.99	-10.294	-6.4	38.0
11.0	-10.303	-10.4	66.9
11.01	-10.313	-14.8	75.3
11.02	-10.322	-19.0	77.9
11.03	-10.332	-22.6	130.5
11.04	-10.342	-25.5	151.6
11.05	-10.351	-27.9	97.7
11.06	-10.358	-29.7	80.1
11.07	-10.362	-31.3	46.0
11.08	-10.366	-32.3	-167.8
11.09	-10.369	-32.8	-458.8
11.1	-10.373	-32.5	-312.3
11.11	-10.379	-31.7	282.2
11.12	-10.388	-30.5	486.8
11.13	-10.399	-29.2	212.2
11.14	-10.406	-27.9	25.0
11.15	-10.408	-26.7	5.9
11.16	-10.403	-25.6	28.9
11.17	-10.393	-24.5	33.8
11.18	-10.382	-23.2	35.8
11.19	-10.370	-21.5	44.6
11.2	-10.359	-19.2	47.7
11.21	-10.349	-14.8	37.7
11.22	-10.343	-6.1	-33.2
11.23	-10.339	9.3	-106.7
11.24	-10.336	32.6	-126.6
11.25	-10.334	63.5	-135.9
11.26	-10.331	98.6	-160.1
11.27	-10.329	129.3	-159.5
11.28	-10.326	146.5	-107.4
11.29	-10.322	144.8	-84.8
11.3	-10.317	124.6	-102.8
11.31	-10.314	90.7	-99.7
11.32	-10.313	50.0	-64.4
11.33	-10.313	8.5	-4.0
11.34	-10.311	-28.9	40.2
11.35	-10.308	-59.1	56.5
11.36	-10.304	-80.0	80.9
11.37	-10.299	-91.0	101.1
11.38	-10.294	-93.6	83.7
11.39	-10.288	-91.0	57.4
11.4	-10.281	-86.5	62.1
11.41	-10.273	-81.2	54.1
11.42	-10.264	-75.1	41.4
11.43	-10.254	-67.5	43.9
11.44	-10.241	-58.6	17.3
11.45	-10.229	-48.9	5.5
11.46	-10.217	-39.1	-3.0
11.47	-10.208	-29.7	-40.1
11.48	-10.201	-21.4	-58.1
11.49	-10.194	-14.4	-57.6
11.5	-10.184	-9.1	-48.7
11.51	-10.171	-5.3	-34.7
11.52	-10.156	-3.1	-9.4
11.53	-10.140	-2.7	65.7
11.54	-10.124	-3.8	116.0
11.55	-10.106	-6.4	91.8
11.56	-10.087	-10.2	66.2
11.57	-10.068	-14.7	73.1
11.58	-10.049	-19.1	85.2
11.59	-10.032	-23.1	86.0
11.6	-10.014	-26.4	131.0
11.61	-9.992	-29.0	147.4
11.62	-9.969	-31.0	-28.0
11.63	-9.948	-32.3	-351.0
11.64	-9.926	-32.9	-448.6
11.65	-9.904	-32.9	-10.6
11.66	-9.883	-32.2	460.3
11.67	-9.865	-31.1	425.4
11.68	-9.849	-29.8	181.4
11.69	-9.830	-28.4	61.5
11.7	-9.806	-26.9	46.9
11.71	-9.777	-25.5	55.0
11.72	-9.748	-24.1	39.8
11.73	-9.717	-22.7	28.3
11.74	-9.686	-21.3	-1.4
11.75	-9.657	-19.0	-40.9
11.76	-9.632	-14.2	-24.7
11.77	-9.611	-4.6	-15.1
11.78	-9.592	11.7	-57.8
11.79	-9.576	35.5	-104.6
11.8	-9.561	65.9	-135.6
11.81	-9.548	98.3	-168.9
11.82	-9.535	124.5	-203.9
11.83	-9.523	136.6	-197.2
11.84	-9.510	131.1	-137.2
11.85	-9.498	109.2	-83.9
11.86	-9.488	75.6	-49.9
11.87	-9.477	36.8	-4.6
11.88	-9.464	-1.6	25.0
11.89	-9.453	-35.7	54.3
11.9	-9.441	-62.7	78.1
11.91	-9.430	-80.8	56.0
11.92	-9.418	-89.6	45.6
11.93	-9.406	-91.0	70.2
11.94	-9.394	-88.5	70.3
11.95	-9.381	-84.3	71.8
11.96	-9.367	-78.9	77.2
11.97	-9.354	-72.0	48.6
11.98	-9.340	-63.6	28.0
11.99	-9.325	-54.0	21.2
12.0	-9.311	-44.0	5.7
12.01	-9.297	-34.1	-13.2
12.02	-9.284	-25.0	-55.5
12.03	-9.273	-17.0	-69.2
12.04	-9.261	-10.7	-51.0
12.05	-9.249	-6.0	-40.8
12.06	-9.236	-3.2	7.8
12.07	-9.223	-2.3	57.3
12.08	-9.211	-2.9	78.0
12.09	-9.200	-4.9	93.7
12.1	-9.188	-7.9	99.9
12.11	-9.176	-11.8	109.9
12.12	-9.165	-16.1	107.4
12.13	-9.156	-20.3	96.4
12.14	-9.145	-24.1	106.6
12.15	-9.129	-27.3	131.6
12.16	-9.111	-29.9	93.3
12.17	-9.096	-31.6	-158.8
12.18	-9.082	-32.4	-445.9
12.19	-9.071	-32.5	-187.6
12.2	-9.063	-32.0	403.8
12.21	-9.059	-31.1	519.3
12.22	-9.057	-29.8	254.4
12.23	-9.051	-28.5	70.8
12.24	-9.039	-27.2	24.3
12.25	-9.024	-25.7	40.1
12.26	-9.006	-24.2	55.7
12.27	-8.986	-22.6	58.3
12.28	-8.964	-21.0	38.2
12.29	-8.944	-19.1	14.7
12.3	-8.925	-15.8	-16.2
12.31	-8.908	-9.0	-54.4
12.32	-8.894	3.6	-69.3
12.33	-8.883	23.1	-71.3
12.34	-8.873	49.3	-88.5
12.35	-8.864	79.8	-146.7
12.36	-8.856	108.7	-185.8
12.37	-8.847	127.2	-172.3
12.38	-8.838	129.6	-144.9
12.39	-8.830	115.2	-117.1
12.4	-8.825	86.9	-90.4
12.41	-8.822	50.6	-27.3
12.42	-8.819	12.5	58.3
12.43	-8.814	-22.6	80.1
12.44	-8.809	-51.6	57.2
12.45	-8.803	-72.4	54.7
12.46	-8.796	-84.3	59.5
12.47	-8.789	-88.3	61.7
12.48	-8.782	-87.4	53.2
12.49	-8.774	-84.1	67.9
12.5	-8.765	-79.1	100.9
12.51	-8.757	-72.6	73.8
12.52	-8.750	-64.3	19.6
12.53	-8.744	-54.6	-14.2
12.54	-8.738	-44.3	-12.6
12.55	-8.732	-34.1	-16.1
12.56	-8.726	-24.6	-52.0
12.57	-8.720	-16.4	-50.5
12.58	-8.714	-9.7	-37.3
12.59	-8.709	-4.9	-29.5
12.6	-8.705	-1.9	7.3
12.61	-8.703	-0.8	47.7
12.62	-8.696	-1.5	75.3
12.63	-8.684	-3.7	98.4
12.64	-8.665	-7.2	114.9
12.65	-8.644	-11.5	121.0
12.66	-8.626	-15.9	113.9
12.67	-8.613	-20.1	94.2
12.68	-8.603	-23.7	110.1
12.69	-8.592	-26.8	157.5
12.7	-8.582	-29.2	88.3
12.71	-8.573	-30.9	-184.2
12.72	-8.567	-31.9	-445.4
12.73	-8.561	-32.2	-170.1
12.74	-8.559	-31.8	447.2
12.75	-8.559	-30.7	573.4
12.76	-8.561	-29.2	267.5
12.77	-8.561	-27.5	69.6
12.78	-8.559	-25.8	55.9
12.79	-8.553	-24.2	60.7
12.8	-8.545	-22.7	43.2
12.81	-8.536	-21.4	30.8
12.82	-8.526	-20.0	24.4
12.83	-8.516	-18.2	25.9
12.84	-8.509	-14.7	-1.9
12.85	-8.504	-7.4	-43.1
12.86	-8.502	5.7	-70.5
12.87	-8.501	25.6	-102.1
12.88	-8.499	52.1	-153.5
12.89	-8.498	82.3	-170.5
12.9	-8.496	109.7	-132.4
12.91	-8.496	126.2	-133.0
12.92	-8.495	127.0	-146.8
12.93	-8.496	111.6	-111.8
12.94	-8.498	83.2	-60.0
12.95	-8.501	47.4	-10.7
12.96	-8.504	10.4	13.0
12.97	-8.508	-23.3	32.9
12.98	-8.513	-50.9	54.4
12.99	-8.518	-70.7	67.3
13.0	-8.522	-82.1	81.8
13.01	-8.525	-86.2	71.2
13.02	-8.527	-85.5	61.9
13.03	-8.530	-82.3	49.8
13.04	-8.533	-77.5	34.7
13.05	-8.537	-70.9	55.8
13.06	-8.544	-62.6	50.4
13.07	-8.555	-53.0	-8.0
13.08	-8.571	-43.0	-63.0
13.09	-8.591	-33.2	-82.6
13.1	-8.614	-24.3	-76.4
13.11	-8.639	-16.5	-73.2
13.12	-8.662	-10.1	-56.5
13.13	-8.685	-5.3	1.3
13.14	-8.708	-2.0	57.3
13.15	-8.731	-0.5	80.5
13.16	-8.753	-1.0	89.4
13.17	-8.774	-3.2	96.0
13.18	-8.794	-7.1	105.0
13.19	-8.814	-12.0	109.8
13.2	-8.835	-17.2	108.2
13.21	-8.859	-22.0	123.4
13.22	-8.880	-26.1	163.2
13.23	-8.900	-29.2	124.5
13.24	-8.921	-31.3	-144.4
13.25	-8.944	-32.5	-434.5
13.26	-8.968	-32.8	-186.4
13.27	-8.994	-32.4	431.8
13.28	-9.022	-31.3	601.3
13.29	-9.051	-29.8	300.2
13.3	-9.080	-28.0	66.5
13.31	-9.107	-26.1	44.1
13.32	-9.129	-24.2	51.8
13.33	-9.146	-22.6	41.9
13.34	-9.159	-21.3	49.5
13.35	-9.170	-20.2	21.6
13.36	-9.182	-18.9	-18.5
13.37	-9.196	-16.1	-39.5
13.38	-9.214	-9.8	-46.1
13.39	-9.236	2.3	-50.1
13.4	-9.259	21.4	-86.0
13.41	-9.284	47.2	-143.6
13.42	-9.309	77.4	-190.6
13.43	-9.332	105.8	-205.1
13.44	-9.356	124.2	-197.2
13.45	-9.379	127.5	-177.1
13.46	-9.402	115.0	-131.8
13.47	-9.427	89.2	-67.3
13.48	-9.452	55.4	-5.7
13.49	-9.476	19.3	15.4
13.5	-9.499	-14.7	16.0
13.51	-9.523	-43.7	34.6
13.52	-9.546	-65.8	54.0
13.53	-9.569	-79.9	62.2
13.54	-9.592	-86.2	60.2
13.55	-9.614	-86.8	66.6
13.56	-9.635	-84.0	71.7
13.57	-9.656	-79.3	69.7
13.58	-9.676	-72.9	43.1
13.59	-9.697	-64.8	-2.8
13.6	-9.717	-55.2	-35.2
13.61	-9.737	-45.0	-75.9
13.62	-9.758	-34.6	-84.3
13.63	-9.779	-24.7	-57.9
13.64	-9.799	-15.9	-73.8
13.65	-9.818	-8.6	-56.8
13.66	-9.837	-3.1	25.8
13.67	-9.855	0.4	58.8
13.68	-9.873	1.6	51.2
13.69	-9.890	0.4	49.1
13.7	-9.906	-2.8	56.4
13.71	-9.920	-7.4	92.0
13.72	-9.935	-12.5	114.2
13.73	-9.951	-17.5	119.3
13.74	-9.968	-21.9	124.8
13.75	-9.984	-25.6	121.8
13.76	-9.999	-28.6	56.4
13.77	-10.014	-30.8	-222.9
13.78	-10.030	-32.2	-475.4
13.79	-10.045	-32.6	-154.3
13.8	-10.061	-32.2	405.4
13.81	-10.079	-31.1	468.3
13.82	-10.099	-29.6	209.2
13.83	-10.116	-27.9	52.8
13.84	-10.128	-26.2	28.8
13.85	-10.136	-24.7	42.3
13.86	-10.141	-23.4	46.0
13.87	-10.144	-22.3	44.6
13.88	-10.148	-21.1	22.6
13.89	-10.152	-19.2	-6.7
13.9	-10.158	-14.8	-27.7
13.91	-10.166	-5.8	-65.8
13.92	-10.174	10.2	-96.2
13.93	-10.184	34.3	-104.3
13.94	-10.194	65.6	-123.0
13.95	-10.205	99.5	-137.3
13.96	-10.216	127.1	-139.8
13.97	-10.228	140.6	-143.9
13.98	-10.238	136.6	-146.1
13.99	-10.249	115.8	-126.0
14.0	-10.260	82.9	-84.3
14.01	-10.271	44.7	-30.7
14.02	-10.283	6.6	27.0
14.03	-10.294	-27.4	60.8
14.04	-10.306	-54.9	60.4
14.05	-10.319	-74.6	67.9
14.06	-10.331	-86.3	89.3
14.07	-10.341	-90.9	65.5
14.08	-10.351	-90.4	27.6
14.09	-10.358	-86.8	27.7
14.1	-10.366	-80.9	36.8
14.11	-10.373	-73.2	30.7
14.12	-10.381	-63.8	11.3
14.13	-10.388	-53.2	-19.5
14.14	-10.397	-42.1	-56.3
14.15	-10.406	-31.5	-86.6
14.16	-10.414	-21.8	-92.8
14.17	-10.421	-13.8	-66.7
14.18	-10.426	-7.5	-25.2
14.19	-10.432	-2.8	14.7
14.2	-10.438	0.1	38.8
14.21	-10.444	0.9	75.9
14.22	-10.450	-0.4	112.7
14.23	-10.453	-3.7	103.3
14.24	-10.456	-8.5	82.9
14.25	-10.459	-14.0	74.2
14.26	-10.464	-19.7	78.8
14.27	-10.467	-24.7	108.1
14.28	-10.467	-28.8	84.0
14.29	-10.468	-31.6	-96.7
14.3	-10.468	-33.2	-383.3
14.31	-10.467	-33.7	-339.1
14.32	-10.466	-33.3	184.3
14.33	-10.467	-32.3	462.6
14.34	-10.471	-31.0	267.0
14.35	-10.471	-29.5	80.3
14.36	-10.464	-27.9	46.9
14.37	-10.449	-26.3	79.7
14.38	-10.427	-24.7	73.3
14.39	-10.401	-23.2	23.4
14.4	-10.375	-21.8	11.7
14.41	-10.350	-20.1	5.4
14.42	-10.327	-16.4	-8.6
14.43	-10.306	-8.4	-25.3
14.44	-10.286	6.6	-54.5
14.45	-10.267	30.4	-70.3
14.46	-10.248	62.6	-106.2
14.47	-10.230	98.9	-145.9
14.48	-10.212	130.5	-155.0
14.49	-10.193	148.7	-161.8
14.5	-10.173	148.7	-148.7
14.51	-10.151	130.5	-112.8
14.52	-10.131	98.8	-63.4
14.53	-10.113	60.3	-8.0
14.54	-10.095	20.9	25.0
14.55	-10.077	-15.2	46.8
14.56	-10.060	-45.5	64.5
14.57	-10.043	-68.5	63.4
14.58	-10.025	-83.9	61.3
14.59	-10.008	-92.1	72.6
14.6	-9.989	-94.7	88.7
14.61	-9.969	-92.9	92.7
14.62	-9.949	-87.9	58.2
14.63	-9.928	-80.6	19.4
14.64	-9.908	-71.3	10.4
14.65	-9.888	-60.6	13.6
14.66	-9.867	-49.3	-7.1
14.67	-9.848	-38.2	-58.1
14.68	-9.829	-28.0	-78.0
14.69	-9.810	-19.1	-64.3
14.7	-9.790	-11.6	-39.7
14.71	-9.770	-5.7	1.2
14.72	-9.751	-1.6	34.0
14.73	-9.732	0.3	60.3
14.74	-9.714	0.1	86.8
14.75	-9.696	-2.3	100.7
14.76	-9.676	-6.4	98.9
14.77	-9.658	-11.7	93.3
14.78	-9.642	-17.5	95.7
14.79	-9.626	-22.9	101.5
14.8	-9.608	-27.5	132.3
14.81	-9.588	-31.1	98.5
14.82	-9.568	-33.6	-157.1
14.83	-9.550	-34.9	-442.4
14.84	-9.533	-35.3	-247.3
14.85	-9.517	-34.9	319.9
14.86	-9.504	-33.9	518.3
14.87	-9.496	-32.5	287.4
14.88	-9.484	-30.9	92.1
14.89	-9.469	-29.2	52.0
14.9	-9.450	-27.4	51.4
14.91	-9.428	-25.5	60.2
14.92	-9.404	-23.6	64.3
14.93	-9.379	-21.7	26.2
14.94	-9.356	-18.9	-12.2
14.95	-9.333	-13.3	-22.5
14.96	-9.313	-1.9	-36.2
14.97	-9.294	17.8	-71.0
14.98	-9.277	47.1	-93.0
14.99	-9.262	83.6	-100.9
15.0	-9.248	120.4	-149.0
15.01	-9.234	147.5	-187.2
15.02	-9.220	157.8	-160.2
15.03	-9.206	148.6	-136.1
15.04	-9.193	122.3	-129.8
15.05	-9.182	85.4	-78.2
15.06	-9.173	44.9	-27.3
15.07	-9.163	6.0	3.7
15.08	-9.153	-28.3	43.1
15.09	-9.144	-56.1	52.5
15.1	-9.135	-76.3	62.9
15.11	-9.126	-88.9	95.2
15.12	-9.117	-94.8	118.7
15.13	-9.106	-95.4	106.8
15.14	-9.092	-92.6	60.6
15.15	-9.079	-87.4	35.0
15.16	-9.066	-79.9	36.9
15.17	-9.054	-70.6	31.0
15.18	-9.042	-60.1	13.0
15.19	-9.031	-49.1	6.7
15.2	-9.022	-38.2	2.9
15.21	-9.015	-28.2	-25.8
15.22	-9.006	-19.3	-50.7
15.23	-8.996	-12.0	-47.2
15.24	-8.986	-6.6	-42.7
15.25	-8.975	-3.3	-36.9
15.26	-8.963	-2.2	-0.5
15.27	-8.951	-3.1	68.2
15.28	-8.941	-5.7	107.8
15.29	-8.930	-9.6	109.3
15.3	-8.917	-14.3	114.7
15.31	-8.904	-19.4	110.7
15.32	-8.894	-24.2	103.3
15.33	-8.884	-28.3	96.2
15.34	-8.872	-31.4	132.9
15.35	-8.858	-33.6	134.8
15.36	-8.845	-34.9	-82.1
15.37	-8.833	-35.6	-425.3
15.38	-8.823	-35.5	-393.1
15.39	-8.814	-34.9	175.4
15.4	-8.809	-33.7	528.2
15.41	-8.805	-32.3	360.1
15.42	-8.799	-30.6	134.3
15.43	-8.791	-28.8	54.9
15.44	-8.781	-26.8	57.8
15.45	-8.767	-24.8	53.3
15.46	-8.751	-22.9	30.9
15.47	-8.732	-21.0	18.9
15.48	-8.715	-18.0	0.2
15.49	-8.699	-11.5	-1.7
15.5	-8.687	1.7	5.3
15.51	-8.678	24.2	-30.6
15.52	-8.671	57.1	-64.2
15.53	-8.665	97.3	-88.0
15.54	-8.660	136.2	-140.7
15.55	-8.655	163.2	-171.5
15.56	-8.651	170.8	-163.6
15.57	-8.647	157.0	-154.4
15.58	-8.644	126.0	-121.5
15.59	-8.644	85.7	-60.9
15.6	-8.646	43.4	-16.3
15.61	-8.648	3.6	26.3
15.62	-8.649	-31.0	44.8
15.63	-8.651	-58.9	41.0
15.64	-8.652	-79.2	55.9
15.65	-8.651	-91.8	73.8
15.66	-8.649	-97.5	83.0
15.67	-8.647	-98.2	87.8
15.68	-8.644	-95.4	70.2
15.69	-8.641	-89.8	52.9
15.7	-8.639	-82.2	57.4
15.71	-8.638	-73.2	42.4
15.72	-8.638	-63.0	30.0
15.73	-8.639	-52.0	41.4
15.74	-8.641	-40.9	47.3
15.75	-8.644	-30.5	28.4
15.76	-8.649	-21.2	-9.1
15.77	-8.655	-13.5	-37.8
15.78	-8.663	-7.9	-59.8
15.79	-8.672	-4.7	-74.2
15.8	-8.679	-3.8	-77.7
15.81	-8.686	-5.0	-34.3
15.82	-8.691	-7.7	56.3
15.83	-8.695	-11.2	103.0
15.84	-8.697	-15.3	101.1
15.85	-8.698	-19.4	95.6
15.86	-8.697	-23.5	95.8
15.87	-8.696	-27.3	100.8
15.88	-8.696	-30.5	90.1
15.89	-8.697	-32.9	77.4
15.9	-8.697	-34.6	94.2
15.91	-8.695	-35.6	142.4
15.92	-8.693	-35.9	73.1
15.93	-8.697	-35.7	-288.3
15.94	-8.704	-35.0	-539.3
15.95	-8.714	-34.1	-135.5
15.96	-8.724	-32.9	400.9
15.97	-8.736	-31.5	400.6
15.98	-8.748	-29.9	163.0
15.99	-8.754	-28.1	61.1
16.0	-8.751	-26.1	64.9
16.01	-8.741	-24.0	65.5
16.02	-8.726	-22.1	55.5
16.03	-8.714	-20.2	46.4
16.04	-8.704	-17.2	15.6
16.05	-8.697	-10.2	-6.0
16.06	-8.694	4.2	-14.1
16.07	-8.692	28.9	-41.1
16.08	-8.691	64.7	-67.6
16.09	-8.689	108.2	-75.3
16.1	-8.688	149.7	-94.8
16.11	-8.686	177.7	-127.8
16.12	-8.684	184.3	-139.2
16.13	-8.684	167.9	-131.3
16.14	-8.685	134.3	-115.6
16.15	-8.689	92.1	-65.5
16.16	-8.695	48.3	-21.2
16.17	-8.701	7.4	-7.0
16.18	-8.707	-28.3	15.7
16.19	-8.714	-57.0	42.3
16.2	-8.722	-78.0	65.2
16.21	-8.729	-91.3	70.8
16.22	-8.734	-97.8	81.3
16.23	-8.737	-99.5	74.4
16.24	-8.739	-97.8	65.3
16.25	-8.742	-93.2	86.5
16.26	-8.748	-86.2	61.9
16.27	-8.756	-77.4	28.8
16.28	-8.767	-67.4	23.6
16.29	-8.783	-56.8	14.4
16.3	-8.801	-46.0	14.7
16.31	-8.823	-35.4	21.6
16.32	-8.848	-25.6	32.2
16.33	-8.874	-17.2	38.2
16.34	-8.901	-10.4	25.1
16.35	-8.930	-5.9	23.7
16.36	-8.959	-4.0	0.9
16.37	-8.989	-4.6	-40.6
16.38	-9.018	-7.5	-55.6
16.39	-9.046	-11.9	-56.8
16.4	-9.072	-17.0	-45.7
16.41	-9.098	-22.0	-6.3
16.42	-9.122	-26.3	60.8
16.43	-9.147	-29.6	96.8
16.44	-9.172	-31.8	83.7
16.45	-9.197	-33.2	84.2
16.46	-9.221	-33.8	102.3
16.47	-9.245	-34.0	98.7
16.48	-9.269	-33.9	89.5
16.49	-9.291	-33.8	115.3
16.5	-9.312	-33.7	146.0
16.51	-9.331	-33.6	59.3
16.52	-9.353	-33.5	-255.8
16.53	-9.374	-33.2	-580.9
16.54	-9.397	-32.6	-319.7
16.55	-9.421	-31.5	313.1
16.56	-9.447	-30.1	458.1
16.57	-9.471	-28.4	215.6
16.58	-9.492	-26.7	51.9
16.59	-9.508	-24.9	23.9
16.6	-9.519	-23.3	48.8
16.61	-9.527	-21.7	49.9
16.62	-9.534	-20.0	44.7
16.63	-9.544	-17.3	40.2
16.64	-9.557	-11.2	32.4
16.65	-9.572	1.6	11.4
16.66	-9.589	24.2	-24.9
16.67	-9.607	58.7	-67.0
16.68	-9.626	102.5	-109.7
16.69	-9.644	147.2	-137.9
16.7	-9.663	180.7	-157.5
16.71	-9.683	193.0	-147.8
16.72	-9.701	180.4	-127.0
16.73	-9.719	147.6	-125.6
16.74	-9.738	104.3	-121.3
16.75	-9.757	58.5	-87.7
16.76	-9.777	15.3	-22.7
16.77	-9.797	-22.8	15.3
16.78	-9.818	-54.1	15.3
16.79	-9.839	-77.6	25.6
16.8	-9.861	-93.0	50.7
16.81	-9.883	-101.2	91.4
16.82	-9.904	-104.0	109.1
16.83	-9.924	-103.4	76.2
16.84	-9.943	-100.1	44.1
16.85	-9.961	-94.3	30.4
16.86	-9.977	-86.2	34.4
16.87	-9.992	-75.8	46.2
16.88	-10.009	-63.3	45.0
16.89	-10.024	-49.6	52.2
16.9	-10.039	-36.6	40.4
16.91	-10.054	-25.6	5.2
16.92	-10.069	-16.4	-4.3
16.93	-10.086	-9.7	2.2
16.94	-10.102	-5.3	18.1
16.95	-10.119	-2.8	33.5
16.96	-10.136	-2.7	36.0
16.97	-10.154	-5.0	26.8
16.98	-10.171	-9.0	0.8
16.99	-10.188	-14.6	-28.8
17.0	-10.204	-20.9	-46.8
17.01	-10.217	-26.4	-46.0
17.02	-10.231	-30.6	-20.6
17.03	-10.244	-33.4	14.8
17.04	-10.258	-35.0	42.2
17.05	-10.272	-35.5	57.9
17.06	-10.286	-35.1	77.4
17.07	-10.298	-34.2	86.8
17.08	-10.311	-33.1	87.5
17.09	-10.324	-31.9	100.2
17.1	-10.337	-30.7	103.0
17.11	-10.349	-30.0	100.1
17.12	-10.360	-29.8	78.2
17.13	-10.371	-29.7	-72.8
17.14	-10.381	-29.6	-433.3
17.15	-10.390	-29.2	-572.5
17.16	-10.400	-28.3	-68.8
17.17	-10.412	-27.2	425.0
17.18	-10.425	-26.7	353.7
17.19	-10.436	-26.3	123.6
17.2	-10.442	-25.3	50.1
17.21	-10.444	-23.8	55.3
17.22	-10.443	-22.3	53.1
17.23	-10.442	-20.6	39.7
17.24	-10.441	-18.6	21.5
17.25	-10.441	-15.3	5.4
17.26	-10.443	-8.3	-3.5
17.27	-10.447	6.1	-9.0
17.28	-10.452	30.7	-26.3
17.29	-10.456	67.2	-68.6
17.3	-10.460	112.0	-117.8
17.31	-10.464	155.5	-138.7
17.32	-10.469	185.6	-148.4
17.33	-10.474	193.1	-167.4
17.34	-10.476	175.9	-161.7
17.35	-10.478	140.2	-137.6
17.36	-10.478	95.6	-105.0
17.37	-10.480	49.8	-57.2
17.38	-10.483	7.0	-7.1
17.39	-10.486	-30.3	32.8
17.4	-10.488	-60.6	43.4
17.41	-10.490	-82.6	39.8
17.42	-10.491	-96.1	65.3
17.43	-10.491	-102.4	75.0
17.44	-10.490	-103.5	60.0
17.45	-10.486	-101.4	73.9
17.46	-10.479	-96.9	76.6
17.47	-10.471	-90.3	58.2
17.48	-10.462	-81.6	48.0
17.49	-10.451	-71.1	35.9
17.5	-10.438	-59.7	26.4
17.51	-10.424	-48.0	21.2
17.52	-10.408	-36.8	29.3
17.53	-10.392	-26.6	32.3
17.54	-10.374	-17.7	7.8
17.55	-10.356	-10.6	10.4
17.56	-10.338	-5.6	37.9
17.57	-10.319	-3.2	48.2
17.58	-10.300	-3.2	40.7
17.59	-10.281	-5.6	22.3
17.6	-10.261	-9.9	-6.3
17.61	-10.241	-15.4	-38.0
17.62	-10.219	-21.3	-56.4
17.63	-10.193	-26.9	-48.2
17.64	-10.165	-31.4	-30.9
17.65	-10.136	-34.4	3.7
17.66	-10.108	-35.9	73.4
17.67	-10.083	-36.2	122.2
17.68	-10.059	-35.7	111.3
17.69	-10.036	-34.9	73.9
17.7	-10.011	-34.0	72.1
17.71	-9.988	-33.3	99.3
17.72	-9.966	-32.6	107.6
17.73	-9.943	-32.1	102.9
17.74	-9.918	-31.7	92.9
17.75	-9.894	-31.5	-32.3
17.76	-9.870	-31.2	-359.9
17.77	-9.848	-30.8	-537.3
17.78	-9.827	-30.1	-133.3
17.79	-9.809	-29.2	368.5
17.8	-9.793	-28.0	368.7
17.81	-9.777	-26.8	150.0
17.82	-9.758	-25.4	41.3
17.83	-9.734	-23.9	25.2
17.84	-9.707	-22.4	44.6
17.85	-9.680	-20.8	56.7
17.86	-9.651	-19.1	55.5
17.87	-9.623	-16.5	60.9
17.88	-9.596	-11.1	42.8
17.89	-9.572	0.4	-4.3
17.9	-9.551	21.0	-31.8
17.91	-9.531	53.0	-62.3
17.92	-9.513	94.6	-105.3
17.93	-9.496	138.4	-128.7
17.94	-9.479	172.7	-142.0
17.95	-9.464	187.4	-141.5
17.96	-9.450	178.1	-144.0
17.97	-9.434	147.9	-132.5
17.98	-9.418	105.6	-86.5
17.99	-9.404	59.7	-49.1
18.0	-9.391	15.9	-14.6
18.01	-9.379	-22.7	24.7
18.02	-9.367	-54.4	42.1
18.03	-9.357	-78.1	61.4
18.04	-9.348	-93.4	82.1
18.05	-9.339	-101.0	70.8
18.06	-9.329	-102.8	74.5
18.07	-9.317	-101.0	95.5
18.08	-9.304	-97.2	91.9
18.09	-9.290	-91.5	76.3
18.1	-9.276	-83.6	59.9
18.11	-9.261	-73.8	55.5
18.12	-9.247	-63.0	45.7
18.13	-9.234	-51.7	29.1
18.14	-9.221	-40.5	36.7
18.15	-9.210	-30.0	47.4
18.16	-9.199	-20.8	36.1
18.17	-9.189	-13.2	25.1
18.18	-9.179	-7.7	44.9
18.19	-9.168	-4.5	73.8
18.2	-9.156	-3.8	72.5
18.21	-9.145	-5.3	75.3
18.22	-9.134	-8.8	71.0
18.23	-9.124	-13.7	30.0
18.24	-9.112	-19.2	17.1
18.25	-9.101	-24.7	6.1
18.26	-9.090	-29.4	-26.4
18.27	-9.081	-33.1	-29.8
18.28	-9.071	-35.5	-13.1
18.29	-9.061	-36.7	10.0
18.3	-9.050	-37.0	32.3
18.31	-9.041	-36.7	52.9
18.32	-9.032	-35.7	61.2
18.33	-9.022	-34.2	57.3
18.34	-9.011	-32.6	70.4
18.35	-8.999	-31.1	89.9
18.36	-8.989	-29.9	104.2
18.37	-8.979	-28.9	127.0
18.38	-8.969	-28.2	143.4
18.39	-8.958	-27.8	127.3
18.4	-8.947	-27.6	17.7
18.41	-8.937	-27.6	-316.7
18.42	-8.927	-27.7	-628.6
18.43	-8.918	-27.5	-335.7
18.44	-8.912	-27.0	284.6
18.45	-8.909	-26.1	463.7
18.46	-8.906	-25.1	267.0
18.47	-8.899	-23.9	98.8
18.48	-8.889	-22.6	46.4
18.49	-8.876	-21.3	44.7
18.5	-8.860	-20.1	51.9
18.51	-8.843	-18.7	40.6
18.52	-8.827	-16.2	21.6
18.53	-8.812	-10.6	36.8
18.54	-8.800	1.5	38.5
18.55	-8.791	23.0	-2.6
18.56	-8.781	56.0	-44.8
18.57	-8.772	98.7	-85.6
18.58	-8.763	143.2	-116.6
18.59	-8.756	177.6	-137.6
18.6	-8.749	191.7	-144.5
18.61	-8.743	181.1	-132.6
18.62	-8.737	149.3	-104.9
18.63	-8.731	105.3	-67.0
18.64	-8.727	57.8	-53.0
18.65	-8.724	12.7	-37.6
18.66	-8.721	-26.8	-8.3
18.67	-8.717	-58.9	16.4
18.68	-8.715	-82.4	38.5
18.69	-8.713	-96.5	65.7
18.7	-8.710	-101.9	106.8
18.71	-8.706	-101.1	114.2
18.72	-8.702	-97.1	95.7
18.73	-8.698	-92.0	79.9
18.74	-8.694	-86.2	53.9
18.75	-8.691	-79.3	42.2
18.76	-8.687	-71.2	42.5
18.77	-8.684	-61.9	44.1
18.78	-8.681	-51.8	43.7
18.79	-8.678	-41.5	36.3
18.8	-8.676	-31.7	54.8
18.81	-8.675	-22.7	52.0
18.82	-8.674	-15.1	26.7
18.83	-8.674	-9.2	34.7
18.84	-8.674	-5.5	47.1
18.85	-8.674	-4.2	48.2
18.86	-8.673	-5.2	54.9
18.87	-8.671	-8.2	61.1
18.88	-8.669	-12.7	34.2
18.89	-8.668	-17.9	-16.0
18.9	-8.666	-23.0	-56.2
18.91	-8.666	-27.8	-66.1
18.92	-8.664	-31.7	-47.6
18.93	-8.664	-34.4	-5.1
18.94	-8.664	-36.0	29.7
18.95	-8.664	-36.4	62.5
18.96	-8.666	-35.8	109.1
18.97	-8.666	-34.5	107.7
18.98	-8.665	-33.0	82.9
18.99	-8.663	-31.7	80.8
19.0	-8.662	-30.8	90.4
19.01	-8.662	-30.2	101.6
19.02	-8.662	-29.8	123.1
19.03	-8.659	-29.5	103.5
19.04	-8.658	-29.3	-79.0
19.05	-8.659	-29.1	-451.7
19.06	-8.662	-28.8	-560.7
19.07	-8.669	-28.3	-31.2
19.08	-8.677	-27.8	427.2
19.09	-8.686	-27.0	323.6
19.1	-8.694	-26.0	118.3
19.11	-8.696	-24.8	71.9
19.12	-8.691	-23.2	75.6
19.13	-8.683	-21.6	67.4
19.14	-8.674	-20.1	52.6
19.15	-8.666	-18.4	38.1
19.16	-8.658	-15.8	22.6
19.17	-8.653	-9.7	-1.5
19.18	-8.651	3.0	-14.3
19.19	-8.650	24.8	-23.7
19.2	-8.650	57.1	-36.9
19.21	-8.651	97.8	-68.1
19.22	-8.652	139.6	-125.8
19.23	-8.655	171.0	-158.3
19.24	-8.657	182.7	-175.2
19.25	-8.660	170.8	-172.2
19.26	-8.663	138.7	-129.2
19.27	-8.668	94.6	-93.4
19.28	-8.677	47.2	-56.9
19.29	-8.689	2.6	15.0
19.3	-8.701	-35.8	49.4
19.31	-8.716	-66.0	26.7
19.32	-8.732	-86.6	43.7
19.33	-8.751	-97.8	68.2
19.34	-8.769	-100.8	71.7
19.35	-8.786	-98.6	75.4
19.36	-8.804	-93.8	69.5
19.37	-8.822	-88.3	72.3
19.38	-8.842	-82.4	75.4
19.39	-8.864	-75.7	58.6
19.4	-8.888	-67.7	31.1
19.41	-8.912	-58.6	25.0
19.42	-8.938	-48.8	45.0
19.43	-8.964	-38.9	50.5
19.44	-8.990	-29.6	38.2
19.45	-9.017	-21.4	13.7
19.46	-9.045	-14.6	-4.9
19.47	-9.072	-9.6	6.0
19.48	-9.101	-6.3	1.9
19.49	-9.129	-5.0	-27.6
19.5	-9.156	-5.8	-47.7
19.51	-9.183	-8.4	-44.3
19.52	-9.208	-12.4	-32.7
19.53	-9.232	-17.1	-7.4
19.54	-9.254	-21.6	31.6
19.55	-9.277	-25.4	66.9
19.56	-9.301	-28.3	78.1
19.57	-9.324	-30.2	61.8
19.58	-9.347	-31.5	79.1
19.59	-9.369	-32.2	105.7
19.6	-9.391	-32.6	101.1
19.61	-9.413	-32.8	94.4
19.62	-9.434	-32.9	113.1
19.63	-9.455	-33.0	109.8
19.64	-9.476	-33.0	-65.9
19.65	-9.496	-32.9	-464.3
19.66	-9.518	-32.6	-570.9
19.67	-9.540	-32.0	-0.6
19.68	-9.564	-31.1	468.3
19.69	-9.589	-29.9	345.5
19.7	-9.612	-28.5	122.2
19.71	-9.632	-27.0	59.1
19.72	-9.648	-25.3	69.4
19.73	-9.659	-23.7	67.0
19.74	-9.669	-22.3	55.0
19.75	-9.679	-20.8	26.3
19.76	-9.689	-18.9	-11.4
19.77	-9.701	-15.0	-13.3
19.78	-9.716	-6.5	-8.0
19.79	-9.731	9.2	-30.1
19.8	-9.748	33.7	-65.6
19.81	-9.766	66.9	-99.5
19.82	-9.784	105.5	-143.9
19.83	-9.802	141.0	-169.7
19.84	-9.820	163.2	-172.8
19.85	-9.838	165.7	-160.2
19.86	-9.854	147.2	-141.8
19.87	-9.873	111.9	-124.4
19.88	-9.891	67.7	-80.2
19.89	-9.911	21.9	-25.8
19.9	-9.929	-20.2	28.9
19.91	-9.949	-55.0	70.2
19.92	-9.971	-80.4	71.7
19.93	-9.992	-95.5	63.9
19.94	-10.013	-100.8	90.3
19.95	-10.034	-99.1	113.0
19.96	-10.055	-94.3	82.6
19.97	-10.076	-88.8	42.6
19.98	-10.098	-82.9	40.5
19.99	-10.122	-75.9	51.8
20.0	-10.146	-67.8	48.3
20.01	-10.169	-58.6	49.1
20.02	-10.191	-48.6	58.6
20.03	-10.211	-38.4	50.9
20.04	-10.231	-28.9	35.7
20.05	-10.249	-20.5	18.0
20.06	-10.267	-13.6	-11.5
20.07	-10.286	-8.5	-12.6
20.08	-10.304	-5.3	6.4
20.09	-10.324	-4.0	0.7
20.1	-10.343	-4.7	-23.5
20.11	-10.361	-7.0	-32.0
20.12	-10.377	-10.7	-5.5
20.13	-10.391	-15.0	35.9
20.14	-10.404	-19.3	74.3
20.15	-10.418	-23.1	76.2
20.16	-10.431	-26.1	57.2
20.17	-10.444	-28.3	84.7
20.18	-10.458	-29.9	112.2
20.19	-10.470	-30.9	97.3
20.2	-10.483	-31.4	94.4
20.21	-10.495	-31.7	115.4
20.22	-10.506	-31.9	111.4
20.23	-10.514	-32.0	-25.3
20.24	-10.524	-31.9	-346.0
20.25	-10.533	-31.8	-542.3
20.26	-10.543	-31.5	-163.5
20.27	-10.554	-30.7	384.9
20.28	-10.568	-29.7	425.7
20.29	-10.581	-28.5	197.4
20.3	-10.590	-27.2	82.4
20.31	-10.594	-25.9	51.4
20.32	-10.594	-24.6	43.8
20.33	-10.593	-23.3	41.6
20.34	-10.592	-22.0	42.8
20.35	-10.592	-20.5	42.4
20.36	-10.594	-17.4	17.8
20.37	-10.598	-10.5	-5.0
20.38	-10.604	3.1	-18.2
20.39	-10.611	25.3	-56.9
20.4	-10.619	56.3	-103.8
20.41	-10.628	94.0	-138.0
20.42	-10.637	131.3	-166.1
20.43	-10.644	157.9	-164.2
20.44	-10.651	166.2	-152.1
20.45	-10.656	153.7	-138.8
20.46	-10.662	123.0	-83.7
20.47	-10.668	81.1	-44.2
20.48	-10.675	35.4	-40.8
20.49	-10.681	-8.3	-0.2
20.5	-10.686	-45.9	48.6
20.51	-10.693	-74.7	59.5
20.52	-10.700	-93.0	68.0
20.53	-10.708	-100.6	104.3
20.54	-10.715	-100.1	130.0
20.55	-10.721	-95.4	91.1
20.56	-10.725	-89.6	50.3
20.57	-10.729	-83.6	52.1
20.58	-10.731	-77.0	49.6
20.59	-10.733	-69.0	52.8
20.6	-10.733	-59.7	76.9
20.61	-10.731	-49.6	67.3
20.62	-10.729	-39.3	17.9
20.63	-10.726	-29.7	-20.3
20.64	-10.723	-21.1	-33.5
20.65	-10.722	-14.0	-45.4
20.66	-10.721	-8.4	-58.4
20.67	-10.721	-4.6	-15.9
20.68	-10.719	-2.7	35.0
20.69	-10.715	-2.8	18.9
20.7	-10.709	-4.8	17.3
20.71	-10.701	-8.2	54.3
20.72	-10.694	-12.6	79.7
20.73	-10.686	-17.0	84.9
20.74	-10.679	-21.2	83.6
20.75	-10.670	-24.8	112.5
20.76	-10.663	-27.7	139.2
20.77	-10.657	-29.9	105.8
20.78	-10.646	-31.6	106.1
20.79	-10.631	-32.8	117.1
20.8	-10.616	-33.6	-53.4
20.81	-10.601	-33.8	-392.3
20.82	-10.585	-33.6	-465.7
20.83	-10.567	-32.8	33.5
20.84	-10.549	-31.8	477.0
20.85	-10.532	-30.6	360.3
20.86	-10.514	-29.5	124.3
20.87	-10.489	-28.4	41.7
20.88	-10.456	-27.2	26.1
20.89	-10.419	-25.9	49.4
20.9	-10.380	-24.4	64.3
20.91	-10.341	-22.8	68.5
20.92	-10.302	-20.7	65.1
20.93	-10.265	-17.3	34.7
20.94	-10.232	-10.2	-1.2
20.95	-10.201	3.1	-43.4
20.96	-10.173	24.2	-76.0
20.97	-10.147	53.6	-93.4
20.98	-10.123	89.1	-143.7
20.99	-10.099	124.3	-180.0
21.0	-10.075	149.2	-150.4
21.01	-10.051	156.7	-125.8
21.02	-10.026	144.6	-105.8
21.03	-10.001	115.4	-63.1
21.04	-9.977	75.3	-29.0
21.05	-9.954	31.5	-3.5
21.06	-9.933	-10.4	22.7
21.07	-9.911	-46.4	50.9
21.08	-9.891	-73.9	74.1
21.09	-9.872	-91.1	90.9
21.1	-9.853	-98.4	106.9
21.11	-9.832	-98.2	116.8
21.12	-9.812	-94.2	97.9
21.13	-9.791	-89.0	74.2
21.14	-9.769	-83.3	79.8
21.15	-9.749	-76.3	69.3
21.16	-9.728	-67.7	43.6
21.17	-9.707	-57.9	36.7
21.18	-9.686	-47.6	31.9
21.19	-9.666	-37.3	16.2
21.2	-9.647	-27.7	-18.3
21.21	-9.629	-19.3	-53.3
21.22	-9.611	-12.5	-41.8
21.23	-9.593	-7.5	-27.8
21.24	-9.574	-4.5	-28.1
21.25	-9.553	-3.4	10.0
21.26	-9.533	-4.1	57.6
21.27	-9.514	-6.2	95.8
21.28	-9.495	-9.4	111.0
21.29	-9.477	-13.4	102.7
21.3	-9.458	-17.5	112.0
21.31	-9.439	-21.4	111.8
21.32	-9.422	-25.0	115.2
21.33	-9.403	-28.0	137.1
21.34	-9.382	-30.5	143.3
21.35	-9.359	-32.3	77.7
21.36	-9.338	-33.5	-170.2
21.37	-9.319	-34.1	-460.7
21.38	-9.302	-34.1	-265.3
21.39	-9.286	-33.4	298.7
21.4	-9.274	-32.3	471.3
21.41	-9.263	-31.0	252.5
21.42	-9.251	-29.5	83.2
21.43	-9.236	-28.1	50.7
21.44	-9.218	-26.6	69.2
21.45	-9.196	-25.3	63.6
21.46	-9.173	-23.9	54.8
21.47	-9.150	-22.1	54.3
21.48	-9.129	-19.4	35.5
21.49	-9.109	-14.1	11.5
21.5	-9.091	-3.4	-17.2
21.51	-9.075	14.8	-43.9
21.52	-9.061	40.8	-66.8
21.53	-9.047	73.9	-96.6
21.54	-9.034	109.6	-120.7
21.55	-9.022	139.0	-143.2
21.56	-9.011	153.1	-143.3
21.57	-8.998	147.9	-130.8
21.58	-8.986	124.4	-111.7
21.59	-8.976	87.6	-62.4
21.6	-8.970	44.5	-24.4
21.61	-8.962	1.4	8.8
21.62	-8.952	-36.9	52.8
21.63	-8.942	-67.1	88.5
21.64	-8.933	-87.0	111.9
21.65	-8.924	-96.4	103.9
21.66	-8.915	-97.4	73.8
21.67	-8.906	-94.2	49.5
21.68	-8.894	-89.7	50.5
21.69	-8.882	-84.6	56.3
21.7	-8.870	-78.2	45.5
21.71	-8.860	-70.2	68.9
21.72	-8.851	-60.7	90.5
21.73	-8.842	-50.5	54.8
21.74	-8.833	-40.1	21.9
21.75	-8.824	-30.5	5.4
21.76	-8.817	-22.2	-36.3
21.77	-8.811	-15.5	-81.5
21.78	-8.805	-10.2	-83.4
21.79	-8.797	-6.3	-50.8
21.8	-8.789	-4.3	8.3
21.81	-8.781	-4.2	62.8
21.82	-8.773	-5.7	87.3
21.83	-8.766	-8.4	97.3
21.84	-8.758	-12.0	102.4
21.85	-8.749	-16.0	103.2
21.86	-8.741	-19.9	105.0
21.87	-8.735	-23.5	104.2
21.88	-8.729	-26.6	95.2
21.89	-8.721	-29.1	126.9
21.9	-8.711	-31.1	151.2
21.91	-8.701	-32.5	8.2
21.92	-8.694	-33.3	-339.4
21.93	-8.688	-33.5	-491.3
21.94	-8.684	-33.0	-27.0
21.95	-8.683	-32.0	457.2
21.96	-8.682	-30.8	394.7
21.97	-8.679	-29.4	162.5
21.98	-8.673	-27.9	66.5
21.99	-8.664	-26.3	57.4
22.0	-8.651	-25.1	48.1
22.01	-8.636	-24.0	44.0
22.02	-8.621	-23.0	54.9
22.03	-8.605	-21.2	51.7
22.04	-8.592	-17.0	37.5
22.05	-8.582	-7.7	9.3
22.06	-8.575	9.2	-16.5
22.07	-8.569	34.3	-42.7
22.08	-8.564	66.7	-75.8
22.09	-8.559	103.1	-116.8
22.1	-8.554	135.4	-164.2
22.11	-8.551	153.8	-153.6
22.12	-8.547	152.4	-107.3
22.13	-8.546	131.3	-87.6
22.14	-8.546	95.3	-66.6
22.15	-8.549	51.9	-22.5
22.16	-8.552	7.7	17.3
22.17	-8.555	-31.9	32.3
22.18	-8.559	-63.4	45.8
22.19	-8.563	-84.5	57.7
22.2	-8.566	-94.5	69.2
22.21	-8.569	-95.9	81.0
22.22	-8.571	-92.7	87.9
22.23	-8.572	-88.0	87.3
22.24	-8.572	-82.9	68.5
22.25	-8.571	-77.2	47.0
22.26	-8.571	-70.2	34.0
22.27	-8.572	-61.9	34.1
22.28	-8.576	-52.4	31.3
22.29	-8.579	-42.4	9.6
22.3	-8.584	-32.7	-14.8
22.31	-8.590	-23.9	-44.3
22.32	-8.597	-16.5	-60.6
22.33	-8.604	-10.7	-57.0
22.34	-8.612	-6.9	-53.9
22.35	-8.618	-4.8	-11.7
22.36	-8.623	-4.5	48.8
22.37	-8.627	-5.7	75.4
22.38	-8.631	-7.9	101.9
22.39	-8.634	-11.0	97.3
22.4	-8.637	-14.5	91.8
22.41	-8.638	-18.3	105.1
22.42	-8.642	-21.9	111.6
22.43	-8.648	-25.2	126.1
22.44	-8.651	-28.0	133.6
22.45	-8.648	-30.3	144.9
22.46	-8.646	-32.0	25.9
22.47	-8.649	-33.0	-347.6
22.48	-8.658	-33.3	-481.5
22.49	-8.671	-33.1	31.1
22.5	-8.685	-32.4	478.3
22.51	-8.699	-31.2	361.3
22.52	-8.712	-29.9	129.0
22.53	-8.719	-28.4	59.8
22.54	-8.717	-27.0	71.6
22.55	-8.707	-25.7	73.6
22.56	-8.693	-24.4	51.3
22.57	-8.677	-23.0	41.2
22.58	-8.665	-20.7	47.2
22.59	-8.659	-16.0	16.7
22.6	-8.656	-6.0	-16.6
22.61	-8.656	11.5	-16.0
22.62	-8.655	36.7	-45.9
22.63	-8.655	68.7	-81.7
22.64	-8.654	104.0	-99.6
22.65	-8.654	134.4	-146.8
22.66	-8.654	150.6	-162.0
22.67	-8.656	147.4	-115.8
22.68	-8.659	125.4	-104.3
22.69	-8.664	89.2	-89.6
22.7	-8.672	46.2	-19.5
22.71	-8.681	3.0	20.3
22.72	-8.688	-35.5	39.3
22.73	-8.696	-65.6	68.6
22.74	-8.704	-85.1	79.3
22.75	-8.711	-93.9	79.1
22.76	-8.717	-94.7	78.5
22.77	-8.723	-91.1	70.0
22.78	-8.728	-86.2	67.6
22.79	-8.734	-81.0	67.7
22.8	-8.741	-75.0	53.2
22.81	-8.749	-67.7	18.5
22.82	-8.761	-59.0	-13.3
22.83	-8.776	-49.4	-5.5
22.84	-8.793	-39.5	17.3
22.85	-8.813	-30.1	-7.8
22.86	-8.834	-21.8	-47.7
22.87	-8.857	-14.9	-53.5
22.88	-8.879	-9.7	-55.5
22.89	-8.902	-6.3	-50.0
22.9	-8.924	-4.6	4.8
22.91	-8.946	-4.6	75.1
22.92	-8.969	-5.9	99.6
22.93	-8.991	-8.2	103.3
22.94	-9.012	-11.4	108.1
22.95	-9.033	-15.1	95.8
22.96	-9.055	-19.0	97.4
22.97	-9.079	-22.9	107.2
22.98	-9.104	-26.3	132.6
22.99	-9.125	-29.0	177.5
23.0	-9.145	-31.0	96.3
23.01	-9.166	-32.3	-225.2
23.02	-9.190	-32.9	-468.1
23.03	-9.215	-32.9	-115.4
23.04	-9.241	-32.5	422.4
23.05	-9.266	-31.8	431.6
23.06	-9.291	-30.7	167.3
23.07	-9.314	-29.2	51.0
23.08	-9.332	-27.4	71.9
23.09	-9.346	-25.5	89.5
23.1	-9.355	-23.8	58.3
23.11	-9.363	-22.2	33.1
23.12	-9.371	-20.7	27.3
23.13	-9.383	-17.7	3.4
23.14	-9.398	-10.6	-8.3
23.15	-9.416	3.1	-17.1
23.16	-9.436	24.1	-58.4
23.17	-9.456	51.7	-105.4
23.18	-9.475	83.7	-142.0
23.19	-9.495	114.7	-145.2
23.2	-9.515	136.0	-135.8
23.21	-9.534	140.9	-131.3
23.22	-9.553	127.3	-111.3
23.23	-9.573	98.0	-76.1
23.24	-9.594	59.1	-48.7
23.25	-9.616	17.4	-29.3
23.26	-9.635	-21.3	2.7
23.27	-9.655	-53.3	40.8
23.28	-9.675	-76.2	60.2
23.29	-9.696	-88.7	62.2
23.3	-9.717	-92.2	71.5
23.31	-9.738	-90.4	78.4
23.32	-9.759	-86.6	80.5
23.33	-9.779	-81.9	71.5
23.34	-9.799	-76.2	38.1
23.35	-9.818	-69.1	22.3
23.36	-9.836	-60.5	18.5
23.37	-9.853	-50.9	-7.1
23.38	-9.871	-41.0	-21.4
23.39	-9.889	-31.3	-48.2
23.4	-9.906	-22.6	-75.6
23.41	-9.924	-15.1	-46.8
23.42	-9.942	-9.2	-25.5
23.43	-9.958	-5.1	-33.1
23.44	-9.974	-2.8	-7.8
23.45	-9.989	-2.3	17.6
23.46	-10.004	-3.5	51.4
23.47	-10.018	-6.1	101.0
23.48	-10.030	-9.6	107.8
23.49	-10.043	-13.6	104.4
23.5	-10.056	-17.6	116.2
23.51	-10.071	-21.3	112.8
23.52	-10.086	-24.6	109.3
23.53	-10.100	-27.3	104.6
23.54	-10.113	-29.3	19.3
23.55	-10.126	-30.8	-248.0
23.56	-10.139	-31.7	-458.3
23.57	-10.152	-31.9	-136.7
23.58	-10.168	-31.7	385.7
23.59	-10.185	-30.9	446.0
23.6	-10.203	-29.8	200.0
23.61	-10.217	-28.5	42.9
23.62	-10.227	-27.1	28.7
23.63	-10.231	-25.8	41.3
23.64	-10.234	-24.6	36.7
23.65	-10.236	-23.4	30.7
23.66	-10.240	-22.0	16.6
23.67	-10.246	-19.2	6.3
23.68	-10.254	-12.9	-1.9
23.69	-10.264	-0.3	-36.7
23.7	-10.276	20.0	-80.3
23.71	-10.290	47.2	-93.4
23.72	-10.304	79.2	-132.5
23.73	-10.318	110.9	-178.9
23.74	-10.330	133.7	-162.3
23.75	-10.342	140.4	-150.3
23.76	-10.353	128.7	-138.5
23.77	-10.366	101.0	-82.7
23.78	-10.379	63.0	-24.2
23.79	-10.393	21.6	-15.7
23.8	-10.406	-17.5	-17.1
23.81	-10.419	-50.5	24.4
23.82	-10.431	-74.3	62.4
23.83	-10.444	-87.6	61.5
23.84	-10.456	-91.6	66.6
23.85	-10.466	-90.0	79.3
23.86	-10.475	-86.1	55.9
23.87	-10.483	-81.4	31.8
23.88	-10.491	-75.8	12.8
23.89	-10.498	-68.7	-4.3
23.9	-10.503	-60.0	12.1
23.91	-10.508	-50.1	7.9
23.92	-10.511	-39.7	-40.0
23.93	-10.514	-29.4	-69.7
23.94	-10.518	-20.1	-58.3
23.95	-10.520	-12.2	-65.4
23.96	-10.521	-6.4	-74.2
23.97	-10.521	-2.6	-36.5
23.98	-10.519	-0.9	19.3
23.99	-10.518	-1.0	64.7
24.0	-10.514	-2.6	90.3
24.01	-10.508	-5.6	107.8
24.02	-10.498	-9.4	106.9
24.03	-10.484	-13.6	90.3
24.04	-10.471	-17.7	72.9
24.05	-10.455	-21.4	76.1
24.06	-10.432	-24.9	98.9
24.07	-10.404	-28.1	36.8
24.08	-10.378	-30.4	-190.3
24.09	-10.353	-31.5	-397.5
24.1	-10.326	-31.5	-145.3
24.11	-10.300	-31.0	367.2
24.12	-10.277	-30.4	439.2
24.13	-10.255	-29.6	178.3
24.14	-10.231	-28.2	37.4
24.15	-10.200	-26.7	11.5
24.16	-10.164	-25.3	17.3
24.17	-10.127	-24.1	40.8
24.18	-10.088	-22.8	42.9
24.19	-10.051	-21.1	13.5
24.2	-10.016	-18.4	-14.7
24.21	-9.984	-12.6	-20.8
24.22	-9.956	-1.4	-33.4
24.23	-9.930	16.9	-76.1
24.24	-9.906	42.2	-105.6
24.25	-9.883	73.1	-124.5
24.26	-9.861	104.8	-162.1
24.27	-9.840	129.0	-185.6
24.28	-9.819	138.2	-164.2
24.29	-9.798	129.6	-129.1
24.3	-9.779	105.1	-104.3
24.31	-9.764	69.7	-62.0
24.32	-9.748	30.1	-5.1
24.33	-9.732	-8.4	23.8
24.34	-9.716	-41.8	21.7
24.35	-9.701	-67.4	32.3
24.36	-9.686	-83.3	40.9
24.37	-9.671	-89.9	53.5
24.38	-9.656	-89.8	77.1
24.39	-9.640	-86.6	71.4
24.4	-9.624	-82.2	55.3
24.41	-9.607	-76.7	32.7
24.42	-9.590	-69.7	8.6
24.43	-9.571	-61.1	-8.4
24.44	-9.553	-51.4	-16.7
24.45	-9.534	-41.2	-37.2
24.46	-9.517	-31.2	-69.3
24.47	-9.500	-22.0	-69.7
24.48	-9.483	-14.1	-45.0
24.49	-9.466	-8.0	-35.9
24.5	-9.447	-4.0	-34.3
24.51	-9.429	-1.9	3.4
24.52	-9.410	-1.8	49.6
24.53	-9.393	-3.2	66.6
24.54	-9.375	-6.0	89.4
24.55	-9.357	-9.6	109.0
24.56	-9.339	-13.7	82.6
24.57	-9.323	-17.9	67.3
24.58	-9.308	-21.8	92.3
24.59	-9.289	-25.2	117.1
24.6	-9.268	-28.0	85.0
24.61	-9.249	-29.9	-102.3
24.62	-9.234	-31.2	-370.6
24.63	-9.222	-31.8	-251.2
24.64	-9.211	-31.7	273.8
24.65	-9.202	-31.1	462.6
24.66	-9.194	-30.1	246.0
24.67	-9.186	-29.0	75.6
24.68	-9.174	-27.8	36.6
24.69	-9.158	-26.3	56.6
24.7	-9.138	-24.7	54.7
24.71	-9.116	-23.0	32.5
24.72	-9.093	-21.0	34.4
24.73	-9.071	-18.1	17.1
24.74	-9.049	-12.4	-37.0
24.75	-9.031	-1.1	-67.6
24.76	-9.014	17.0	-63.4
24.77	-9.001	42.0	-63.0
24.78	-8.989	72.3	-82.5
24.79	-8.979	103.6	-145.1
24.8	-8.969	127.7	-201.2
24.81	-8.959	136.7	-185.2
24.82	-8.949	127.9	-148.1
24.83	-8.942	102.8	-133.9
24.84	-8.936	66.7	-89.4
24.85	-8.930	26.6	-20.2
24.86	-8.924	-11.5	48.2
24.87	-8.919	-43.9	90.8
24.88	-8.916	-68.1	64.1
24.89	-8.911	-82.7	32.7
24.9	-8.906	-88.4	27.2
24.91	-8.900	-88.1	27.3
24.92	-8.893	-85.1	55.7
24.93	-8.885	-81.1	69.3
24.94	-8.878	-76.0	34.0
24.95	-8.871	-69.2	9.3
24.96	-8.866	-60.6	19.8
24.97	-8.860	-50.7	-2.8
24.98	-8.856	-40.4	-58.0
24.99	-8.852	-30.4	-89.3
25.0	-8.849	-21.4	-77.8
25.01	-8.846	-14.2	-55.1
25.02	-8.842	-8.8	-53.4
25.03	-8.838	-5.3	-29.3
25.04	-8.835	-3.4	31.6
25.05	-8.832	-3.1	81.8
25.06	-8.828	-4.2	97.2
25.07	-8.823	-6.6	83.3
25.08	-8.818	-9.8	80.2
25.09	-8.813	-13.6	95.5
25.1	-8.809	-18.0	87.4
25.11	-8.806	-22.4	97.4
25.12	-8.799	-26.2	156.3
25.13	-8.791	-28.9	97.3
25.14	-8.784	-30.9	-198.3
25.15	-8.782	-32.2	-463.7
25.16	-8.781	-33.1	-177.8
25.17	-8.784	-33.2	406.9
25.18	-8.788	-32.5	519.8
25.19	-8.793	-31.1	261.8
25.2	-8.796	-29.3	83.8
25.21	-8.796	-27.4	31.9
25.22	-8.791	-25.7	28.6
25.23	-8.783	-24.2	22.3
25.24	-8.774	-22.5	-4.3
25.25	-8.764	-20.3	-11.9
25.26	-8.755	-16.8	30.8
25.27	-8.749	-10.0	16.3
25.28	-8.744	2.6	-62.5
25.29	-8.739	22.2	-104.7
25.3	-8.737	48.4	-146.8
25.31	-8.735	78.8	-180.3
25.32	-8.734	108.3	-172.6
25.33	-8.734	128.5	-159.3
25.34	-8.734	133.2	-147.2
25.35	-8.736	121.0	-135.5
25.36	-8.741	94.3	-85.6
25.37	-8.747	58.5	-54.3
25.38	-8.752	19.9	-68.3
25.39	-8.757	-16.3	-14.8
25.4	-8.760	-46.6	44.3
25.41	-8.763	-68.7	42.6
25.42	-8.763	-81.6	35.8
25.43	-8.764	-86.2	39.9
25.44	-8.764	-85.2	39.7
25.45	-8.764	-81.9	47.9
25.46	-8.764	-77.7	56.3
25.47	-8.765	-72.4	39.5
25.48	-8.766	-65.4	20.8
25.49	-8.768	-56.5	5.8
25.5	-8.770	-46.6	-27.6
25.51	-8.774	-36.4	-89.2
25.52	-8.777	-26.6	-112.9
25.53	-8.783	-17.6	-83.1
25.54	-8.788	-9.7	-30.4
25.55	-8.794	-3.1	-2.0
25.56	-8.799	1.5	-8.0
25.57	-8.803	3.9	-2.4
25.58	-8.806	4.6	25.3
25.59	-8.808	4.1	61.2
25.6	-8.809	2.3	107.4
25.61	-8.812	-0.7	153.6
25.62	-8.818	-4.2	141.8
25.63	-8.826	-7.7	89.3
25.64	-8.831	-10.4	87.1
25.65	-8.831	-10.5	101.7
25.66	-8.829	-6.1	-20.1
25.67	-8.831	-2.1	-331.6
25.68	-8.836	-3.6	-387.2
25.69	-8.846	-7.9	151.1
25.7	-8.859	-11.4	580.3
25.71	-8.875	-13.3	415.7
25.72	-8.893	-13.8	156.9
25.73	-8.909	-13.3	66.8
25.74	-8.917	-12.6	29.0
25.75	-8.915	-12.1	13.8
25.76	-8.906	-12.2	12.2
25.77	-8.891	-12.4	22.7
25.78	-8.876	-11.5	17.3
25.79	-8.865	-7.9	-16.1
25.8	-8.859	0.5	-25.5
25.81	-8.857	15.3	-11.4
25.82	-8.860	36.3	-23.2
25.83	-8.864	62.1	-110.6
25.84	-8.869	90.0	-213.3
25.85	-8.874	114.8	-212.1
25.86	-8.881	129.1	-160.8
25.87	-8.889	127.7	-138.0
25.88	-8.899	110.1	-124.8
25.89	-8.913	79.4	-97.1
25.9	-8.926	41.7	-26.6
25.91	-8.935	3.1	23.7
25.92	-8.941	-31.5	12.6
25.93	-8.947	-58.8	11.2
25.94	-8.951	-76.3	33.2
25.95	-8.954	-84.1	56.4
25.96	-8.954	-85.2	72.1
25.97	-8.954	-83.3	78.2
25.98	-8.955	-80.3	65.3
25.99	-8.956	-76.1	38.8
26.0	-8.959	-70.4	-4.6
26.01	-8.963	-63.0	-37.7
26.02	-8.969	-54.1	-36.8
26.03	-8.978	-44.0	-46.2
26.04	-8.987	-33.9	-61.3
26.05	-8.996	-24.9	-80.8
26.06	-9.005	-17.7	-82.6
26.07	-9.014	-12.1	-54.1
26.08	-9.023	-7.9	-4.7
26.09	-9.032	-5.3	54.6
26.1	-9.041	-4.3	97.5
26.11	-9.047	-5.0	101.9
26.12	-9.053	-7.0	82.2
26.13	-9.056	-10.1	75.5
26.14	-9.060	-14.1	92.3
26.15	-9.066	-18.4	109.8
26.16	-9.070	-22.4	145.0
26.17	-9.067	-25.8	165.3
26.18	-9.064	-28.5	21.8
26.19	-9.074	-30.6	-318.0
26.2	-9.098	-32.0	-440.2
26.21	-9.129	-32.7	46.7
26.22	-9.159	-32.5	550.2
26.23	-9.184	-31.5	492.9
26.24	-9.201	-29.8	224.4
26.25	-9.211	-27.8	80.7
26.26	-9.212	-25.8	47.8
26.27	-9.200	-24.1	32.7
26.28	-9.177	-22.7	12.9
26.29	-9.148	-21.2	16.6
26.3	-9.119	-19.2	35.7
26.31	-9.097	-15.3	25.0
26.32	-9.082	-7.2	-33.0
26.33	-9.072	7.1	-79.4
26.34	-9.066	28.0	-107.8
26.35	-9.060	54.0	-139.9
26.36	-9.055	82.9	-152.2
26.37	-9.050	109.6	-142.4
26.38	-9.045	126.8	-140.0
26.39	-9.041	129.2	-158.8
26.4	-9.039	115.3	-163.3
26.41	-9.044	87.2	-118.4
26.42	-9.056	50.1	-46.5
26.43	-9.072	10.5	-19.0
26.44	-9.084	-25.7	2.6
26.45	-9.089	-54.3	44.2
26.46	-9.086	-73.0	72.7
26.47	-9.076	-81.5	89.8
26.48	-9.065	-82.4	82.7
26.49	-9.054	-78.0	63.4
26.5	-9.044	-69.4	75.5
26.51	-9.034	-62.6	56.6
26.52	-9.029	-60.3	-3.6
26.53	-9.033	-58.1	-37.9
26.54	-9.044	-53.7	-71.1
26.55	-9.060	-47.4	-81.4
26.56	-9.074	-40.1	-73.2
26.57	-9.086	-32.9	-84.6
26.58	-9.094	-26.5	-66.8
26.59	-9.100	-21.2	17.1
26.6	-9.105	-17.1	92.8
26.61	-9.109	-14.5	90.1
26.62	-9.111	-13.6	67.1
26.63	-9.111	-14.1	58.9
26.64	-9.111	-16.1	79.2
26.65	-9.111	-19.3	101.4
26.66	-9.115	-23.1	92.6
26.67	-9.120	-26.7	102.0
26.68	-9.122	-29.7	167.1
26.69	-9.119	-32.1	152.3
26.7	-9.116	-34.1	-124.8
26.71	-9.113	-35.5	-452.1
26.72	-9.109	-36.4	-239.7
26.73	-9.106	-36.7	381.0
26.74	-9.104	-36.1	561.5
26.75	-9.104	-34.8	287.0
26.76	-9.103	-33.0	87.9
26.77	-9.098	-30.9	57.8
26.78	-9.089	-28.7	76.2
26.79	-9.077	-26.4	72.9
26.8	-9.064	-24.2	46.7
26.81	-9.052	-21.9	7.9
26.82	-9.041	-19.0	-6.3
26.83	-9.031	-13.7	-7.9
26.84	-9.023	-3.6	-27.8
26.85	-9.017	12.9	-67.3
26.86	-9.013	34.7	-116.1
26.87	-9.011	59.6	-134.0
26.88	-9.009	85.1	-148.3
26.89	-9.009	106.9	-162.4
26.9	-9.010	118.4	-127.4
26.91	-9.013	115.0	-116.9
26.92	-9.019	96.8	-134.7
26.93	-9.031	66.9	-92.6
26.94	-9.044	30.4	-30.2
26.95	-9.059	-6.9	22.1
26.96	-9.077	-39.1	62.7
26.97	-9.097	-62.1	61.9
26.98	-9.117	-74.8	81.7
26.99	-9.136	-79.3	123.7
27.0	-9.155	-79.5	102.5
27.01	-9.171	-78.0	46.6
27.02	-9.186	-75.6	18.1
27.03	-9.201	-71.8	24.4
27.04	-9.216	-65.8	23.8
27.05	-9.230	-57.4	-20.6
27.06	-9.244	-47.1	-37.1
27.07	-9.259	-36.1	-18.2
27.08	-9.274	-25.5	-50.2
27.09	-9.291	-16.2	-70.4
27.1	-9.307	-8.8	-29.9
27.11	-9.321	-3.3	11.7
27.12	-9.332	-0.0	54.2
27.13	-9.340	1.1	101.5
27.14	-9.349	0.3	131.7
27.15	-9.360	-2.4	139.3
27.16	-9.374	-6.4	145.8
27.17	-9.391	-11.1	129.3
27.18	-9.412	-16.0	80.9
27.19	-9.433	-20.9	82.5
27.2	-9.454	-25.4	61.9
27.21	-9.477	-29.1	-184.1
27.22	-9.502	-31.9	-389.5
27.23	-9.527	-33.5	-15.1
27.24	-9.554	-33.9	557.9
27.25	-9.583	-33.4	559.5
27.26	-9.614	-32.1	215.9
27.27	-9.645	-30.2	30.6
27.28	-9.674	-28.2	26.0
27.29	-9.697	-26.6	59.9
27.3	-9.717	-24.9	65.3
27.31	-9.734	-23.2	48.5
27.32	-9.752	-21.3	35.8
27.33	-9.773	-18.4	25.9
27.34	-9.797	-12.4	-17.0
27.35	-9.826	-0.7	-56.2
27.36	-9.857	17.2	-75.4
27.37	-9.891	39.8	-96.8
27.38	-9.924	65.2	-133.8
27.39	-9.957	90.7	-183.8
27.4	-9.988	111.1	-198.6
27.41	-10.018	119.7	-170.2
27.42	-10.046	113.2	-132.3
27.43	-10.077	92.5	-98.0
27.44	-10.108	61.2	-60.3
27.45	-10.138	24.4	-22.4
27.46	-10.166	-11.8	20.4
27.47	-10.193	-42.6	40.8
27.48	-10.219	-64.6	41.3
27.49	-10.244	-77.0	34.8
27.5	-10.270	-81.8	61.0
27.51	-10.296	-82.4	101.0
27.52	-10.321	-81.1	94.8
27.53	-10.346	-78.4	59.9
27.54	-10.372	-74.0	4.9
27.55	-10.396	-67.4	-51.0
27.56	-10.420	-58.7	-85.8
27.57	-10.443	-48.5	-90.8
27.58	-10.465	-37.7	-91.8
27.59	-10.486	-27.1	-57.3
27.6	-10.506	-17.6	25.8
27.61	-10.527	-9.8	55.8
27.62	-10.548	-4.0	57.3
27.63	-10.570	-0.5	63.0
27.64	-10.591	0.6	55.8
27.65	-10.612	-0.4	86.6
27.66	-10.632	-3.3	134.7
27.67	-10.653	-7.4	133.3
27.68	-10.672	-12.2	116.8
27.69	-10.690	-17.0	121.5
27.7	-10.706	-21.5	39.3
27.71	-10.723	-25.5	-258.4
27.72	-10.738	-28.8	-452.4
27.73	-10.753	-31.0	-45.0
27.74	-10.770	-32.3	526.2
27.75	-10.789	-32.5	522.6
27.76	-10.811	-32.1	222.4
27.77	-10.831	-31.4	73.9
27.78	-10.846	-30.5	43.0
27.79	-10.858	-29.3	37.4
27.8	-10.866	-27.8	10.8
27.81	-10.873	-26.3	-26.5
27.82	-10.879	-24.7	-33.0
27.83	-10.886	-22.2	-28.7
27.84	-10.893	-16.9	-14.7
27.85	-10.904	-6.3	-17.2
27.86	-10.917	11.1	-58.5
27.87	-10.931	34.2	-93.2
27.88	-10.946	61.1	-120.2
27.89	-10.962	88.3	-163.1
27.9	-10.978	110.0	-188.9
27.91	-10.993	119.5	-182.4
27.92	-11.008	113.4	-168.3
27.93	-11.026	92.7	-111.2
27.94	-11.046	61.4	-44.7
27.95	-11.065	24.8	-33.4
27.96	-11.084	-11.1	11.6
27.97	-11.103	-41.6	59.2
27.98	-11.123	-63.5	69.0
27.99	-11.144	-76.0	63.8
28.0	-11.164	-81.0	49.4
28.01	-11.182	-81.7	48.6
28.02	-11.199	-80.5	36.7
28.03	-11.216	-77.8	24.9
28.04	-11.234	-73.1	6.5
28.05	-11.253	-66.2	-24.3
28.06	-11.271	-57.2	-56.0
28.07	-11.288	-46.8	-108.6
28.08	-11.304	-36.1	-104.7
28.09	-11.318	-25.9	-26.2
28.1	-11.330	-17.0	32.1
28.11	-11.342	-9.8	53.7
28.12	-11.356	-4.5	81.9
28.13	-11.368	-1.5	102.0
28.14	-11.381	-0.7	99.4
28.15	-11.392	-1.9	94.3
28.16	-11.404	-4.8	88.3
28.17	-11.417	-8.9	85.2
28.18	-11.428	-13.7	110.5
28.19	-11.438	-18.7	77.3
28.2	-11.446	-23.1	-169.3
28.21	-11.453	-26.8	-424.6
28.22	-11.458	-29.4	-161.1
28.23	-11.464	-31.0	407.7
28.24	-11.474	-31.6	511.1
28.25	-11.486	-31.3	247.2
28.26	-11.494	-30.2	81.8
28.27	-11.497	-28.8	40.5
28.28	-11.494	-27.4	33.9
28.29	-11.488	-26.2	28.3
28.3	-11.479	-25.0	12.0
28.31	-11.471	-23.6	6.6
28.32	-11.464	-21.3	35.9
28.33	-11.458	-16.6	50.1
28.34	-11.454	-7.1	2.4
28.35	-11.450	8.9	-67.1
28.36	-11.444	30.8	-112.0
28.37	-11.438	56.5	-161.9
28.38	-11.428	83.7	-197.0
28.39	-11.416	107.3	-177.8
28.4	-11.400	120.6	-136.1
28.41	-11.381	119.2	-97.9
28.42	-11.362	103.0	-69.1
28.43	-11.345	74.6	-61.2
28.44	-11.328	38.9	-48.8
28.45	-11.309	1.8	-14.8
28.46	-11.289	-31.4	44.0
28.47	-11.267	-57.2	82.5
28.48	-11.242	-73.6	61.9
28.49	-11.213	-81.3	64.7
28.5	-11.183	-83.4	83.9
28.51	-11.151	-82.7	62.7
28.52	-11.119	-80.4	39.2
28.53	-11.088	-76.4	-4.2
28.54	-11.057	-70.1	-49.3
28.55	-11.025	-61.5	-75.3
28.56	-10.991	-51.1	-86.8
28.57	-10.957	-40.2	-46.5
28.58	-10.921	-29.4	-3.6
28.59	-10.885	-19.6	4.8
28.6	-10.850	-11.4	41.8
28.61	-10.817	-5.2	83.1
28.62	-10.785	-1.3	89.8
28.63	-10.753	0.3	82.4
28.64	-10.720	-0.4	72.9
28.65	-10.689	-3.0	69.3
28.66	-10.659	-7.2	90.9
28.67	-10.628	-12.1	117.1
28.68	-10.594	-17.1	88.4
28.69	-10.562	-21.7	-103.8
28.7	-10.529	-25.7	-400.7
28.71	-10.498	-28.7	-256.1
28.72	-10.468	-30.6	342.4
28.73	-10.443	-31.5	564.8
28.74	-10.421	-31.7	315.8
28.75	-10.397	-31.3	82.0
28.76	-10.369	-30.4	13.6
28.77	-10.336	-29.3	27.3
28.78	-10.300	-27.9	27.9
28.79	-10.264	-26.4	41.4
28.8	-10.228	-24.8	49.9
28.81	-10.192	-22.4	16.1
28.82	-10.158	-17.4	4.3
28.83	-10.126	-7.3	7.9
28.84	-10.096	9.6	-37.4
28.85	-10.068	32.7	-98.3
28.86	-10.042	60.4	-132.0
28.87	-10.016	89.5	-175.2
28.88	-9.989	114.2	-181.1
28.89	-9.963	127.2	-138.8
28.9	-9.937	124.2	-117.8
28.91	-9.913	105.4	-82.3
28.92	-9.892	74.1	-22.7
28.93	-9.871	36.4	0.1
28.94	-9.851	-1.5	13.5
28.95	-9.831	-34.9	46.7
28.96	-9.814	-60.8	84.2
28.97	-9.798	-77.2	106.3
28.98	-9.781	-84.8	84.7
28.99	-9.764	-86.6	81.0
29.0	-9.747	-85.4	109.3
29.01	-9.730	-82.6	73.9
29.02	-9.713	-77.7	35.7
29.03	-9.694	-70.8	-2.9
29.04	-9.675	-61.9	-65.2
29.05	-9.657	-51.5	-66.4
29.06	-9.639	-40.6	-27.6
29.07	-9.619	-30.0	-4.1
29.08	-9.599	-20.3	29.2
29.09	-9.580	-11.9	75.4
29.1	-9.562	-5.3	88.6
29.11	-9.545	-1.0	75.3
29.12	-9.528	1.0	93.5
29.13	-9.511	0.7	150.1
29.14	-9.494	-1.7	182.7
29.15	-9.478	-5.6	172.9
29.16	-9.461	-10.7	153.9
29.17	-9.440	-16.3	135.4
29.18	-9.417	-21.6	32.6
29.19	-9.393	-26.0	-240.8
29.2	-9.369	-29.6	-357.4
29.21	-9.347	-32.1	64.3
29.22	-9.327	-33.6	562.2
29.23	-9.311	-34.0	556.8
29.24	-9.300	-33.7	254.7
29.25	-9.287	-32.9	61.2
29.26	-9.271	-31.5	56.8
29.27	-9.251	-29.6	80.7
29.28	-9.228	-27.6	87.9
29.29	-9.201	-25.8	66.7
29.3	-9.173	-23.7	31.8
29.31	-9.145	-19.8	54.2
29.32	-9.119	-11.9	67.8
29.33	-9.095	2.4	24.4
29.34	-9.074	23.6	-31.4
29.35	-9.056	50.6	-65.6
29.36	-9.039	81.7	-96.0
29.37	-9.023	112.0	-131.1
29.38	-9.008	133.4	-159.7
29.39	-8.994	139.5	-140.8
29.4	-8.984	127.7	-71.6
29.41	-8.979	99.3	-19.2
29.42	-8.974	60.2	5.0
29.43	-8.967	18.1	22.1
29.44	-8.959	-20.9	33.2
29.45	-8.951	-52.9	42.3
29.46	-8.944	-75.6	80.8
29.47	-8.938	-88.2	120.8
29.48	-8.930	-92.4	123.2
29.49	-8.920	-91.8	97.2
29.5	-8.908	-88.6	70.4
29.51	-8.896	-83.3	21.9
29.52	-8.884	-76.0	-21.7
29.53	-8.872	-67.1	-29.4
29.54	-8.863	-56.9	-42.1
29.55	-8.854	-45.9	-48.2
29.56	-8.850	-34.8	-39.0
29.57	-8.848	-24.3	-26.6
29.58	-8.847	-15.1	-1.4
29.59	-8.846	-7.9	23.3
29.6	-8.845	-3.0	56.4
29.61	-8.842	-0.5	94.4
29.62	-8.836	-0.0	112.4
29.63	-8.829	-1.3	104.7
29.64	-8.821	-4.0	120.1
29.65	-8.813	-7.7	141.3
29.66	-8.807	-12.5	125.1
29.67	-8.799	-17.7	125.9
29.68	-8.791	-22.7	97.3
29.69	-8.785	-27.0	-135.2
29.7	-8.783	-30.2	-457.9
29.71	-8.779	-32.2	-275.8
29.72	-8.777	-33.3	354.8
29.73	-8.775	-33.5	577.7
29.74	-8.773	-32.7	309.2
29.75	-8.767	-31.5	55.9
29.76	-8.758	-30.2	11.4
29.77	-8.746	-28.3	66.7
29.78	-8.732	-26.2	93.1
29.79	-8.716	-23.9	79.4
