Interval=	0.01 s
ExcelDateTime=	3.9769396686893451e+004	17/11/2008 9:31:13.747594
TimeFormat=	StartOfBlock
ChannelTitle=	Channel 1	Channel 2	Channel 3
Range=	20.000 mV	20.000 mV	2.000 mV
0.0	-8.732	-11.349	-0.044
0.01	-8.739	-11.388	-0.083
0.02	-8.746	-11.408	-0.102
0.03	-8.754	-11.440	-0.098
0.04	-8.761	-11.324	-0.089
0.05	-8.768	-11.050	-0.081
0.06	-8.776	-10.678	-0.080
0.07	-8.782	-10.118	-0.054
0.08	-8.786	-9.092	-0.043
0.09	-8.790	-6.991	-0.048
0.1	-8.794	-3.075	-0.036
0.11	-8.799	3.152	-0.007
0.12	-8.805	11.147	0.007
0.13	-8.811	17.641	0.039
0.14	-8.816	20.159	0.056
0.15	-8.821	20.449	0.079
0.16	-8.826	20.456	0.129
0.17	-8.829	20.451	0.157
0.18	-8.833	20.247	0.173
0.19	-8.838	18.349	0.190
0.2	-8.842	12.998	0.181
0.21	-8.848	5.549	0.143
0.22	-8.853	-1.259	0.069
0.23	-8.857	-6.514	-0.000
0.24	-8.862	-10.276	-0.061
0.25	-8.867	-12.661	-0.084
0.26	-8.873	-13.946	-0.106
0.27	-8.879	-14.613	-0.115
0.28	-8.884	-15.098	-0.116
0.29	-8.888	-15.773	-0.114
0.3	-8.891	-16.991	-0.128
0.31	-8.896	-18.694	-0.125
0.32	-8.899	-20.008	-0.106
0.33	-8.901	-20.428	-0.101
0.34	-8.902	-20.455	-0.095
0.35	-8.903	-20.456	-0.096
0.36	-8.904	-20.454	-0.095
0.37	-8.905	-20.403	-0.091
0.38	-8.905	-19.825	-0.091
0.39	-8.904	-18.041	-0.089
0.4	-8.903	-15.411	-0.098
0.41	-8.899	-12.973	-0.086
0.42	-8.890	-11.217	-0.088
0.43	-8.877	-10.168	-0.091
0.44	-8.859	-9.746	-0.077
0.45	-8.839	-9.862	-0.076
0.46	-8.818	-10.353	-0.084
0.47	-8.796	-11.041	-0.090
0.48	-8.774	-11.784	-0.087
0.49	-8.751	-12.508	-0.078
0.5	-8.727	-13.160	-0.088
0.51	-8.704	-13.716	-0.082
0.52	-8.680	-14.133	-0.079
0.53	-8.656	-14.348	-0.079
0.54	-8.632	-14.409	-0.073
0.55	-8.609	-14.389	-0.062
0.56	-8.587	-14.268	-0.077
0.57	-8.566	-14.063	-0.072
0.58	-8.545	-13.818	-0.064
0.59	-8.524	-13.531	-0.074
0.6	-8.504	-13.198	-0.060
0.61	-8.486	-12.876	-0.059
0.62	-8.467	-12.591	-0.050
0.63	-8.447	-12.309	-0.009
0.64	-8.429	-12.058	-0.003
0.65	-8.410	-11.861	0.027
0.66	-8.393	-11.700	0.026
0.67	-8.377	-11.527	0.007
0.68	-8.361	-11.335	0.004
0.69	-8.345	-11.168	-0.024
0.7	-8.329	-10.999	-0.053
0.71	-8.313	-10.818	-0.058
0.72	-8.295	-10.674	-0.062
0.73	-8.277	-10.516	-0.070
0.74	-8.260	-10.319	-0.091
0.75	-8.244	-10.163	-0.087
0.76	-8.230	-10.079	-0.088
0.77	-8.217	-10.051	-0.078
0.78	-8.205	-10.101	-0.138
0.79	-8.195	-10.215	-0.027
0.8	-8.187	-10.378	0.503
0.81	-8.178	-10.562	1.037
0.82	-8.167	-10.731	0.755
0.83	-8.154	-10.901	0.132
0.84	-8.141	-11.058	0.038
0.85	-8.127	-11.173	-0.014
0.86	-8.115	-11.288	-0.087
0.87	-8.103	-11.380	-0.088
0.88	-8.091	-11.361	-0.098
0.89	-8.081	-11.254	-0.088
0.9	-8.072	-11.046	-0.074
0.91	-8.064	-10.687	-0.079
0.92	-8.056	-10.146	-0.065
0.93	-8.048	-9.136	-0.042
0.94	-8.040	-7.058	-0.048
0.95	-8.031	-3.300	-0.015
0.96	-8.023	2.552	-0.001
0.97	-8.016	10.211	0.004
0.98	-8.009	16.959	0.030
0.99	-8.002	19.993	0.065
1.0	-7.998	20.448	0.076
1.01	-7.994	20.454	0.124
1.02	-7.990	20.451	0.160
1.03	-7.987	20.191	0.162
1.04	-7.982	18.155	0.186
1.05	-7.977	12.985	0.194
1.06	-7.973	6.184	0.141
1.07	-7.969	-0.079	0.077
1.08	-7.966	-5.089	0.001
1.09	-7.962	-8.748	-0.037
1.1	-7.959	-11.213	-0.078
1.11	-7.957	-12.728	-0.112
1.12	-7.954	-13.582	-0.111
1.13	-7.951	-14.156	-0.117
1.14	-7.949	-14.802	-0.119
1.15	-7.946	-15.823	-0.108
1.16	-7.944	-17.448	-0.115
1.17	-7.941	-19.219	-0.119
1.18	-7.938	-20.229	-0.106
1.19	-7.936	-20.448	-0.109
1.2	-7.933	-20.456	-0.107
1.21	-7.929	-20.456	-0.090
1.22	-7.927	-20.449	-0.109
1.23	-7.926	-20.249	-0.099
1.24	-7.925	-19.171	-0.080
1.25	-7.924	-16.959	-0.083
1.26	-7.924	-14.421	-0.090
1.27	-7.924	-12.350	-0.095
1.28	-7.923	-10.967	-0.078
1.29	-7.923	-10.244	-0.084
1.3	-7.922	-10.098	-0.083
1.31	-7.921	-10.359	-0.073
1.32	-7.919	-10.824	-0.091
1.33	-7.918	-11.434	-0.092
1.34	-7.918	-12.121	-0.084
1.35	-7.917	-12.748	-0.084
1.36	-7.918	-13.294	-0.089
1.37	-7.918	-13.729	-0.082
1.38	-7.918	-13.991	-0.076
1.39	-7.918	-14.102	-0.080
1.4	-7.917	-14.081	-0.078
1.41	-7.916	-13.942	-0.067
1.42	-7.917	-13.729	-0.087
1.43	-7.918	-13.453	-0.069
1.44	-7.920	-13.172	-0.069
1.45	-7.922	-12.929	-0.090
1.46	-7.924	-12.647	-0.073
1.47	-7.926	-12.369	-0.061
1.48	-7.927	-12.163	-0.046
1.49	-7.928	-11.973	-0.013
1.5	-7.928	-11.792	-0.010
1.51	-7.929	-11.628	0.025
1.52	-7.929	-11.471	0.025
1.53	-7.930	-11.348	0.012
1.54	-7.931	-11.216	0.025
1.55	-7.932	-11.014	-0.025
1.56	-7.933	-10.808	-0.060
1.57	-7.933	-10.659	-0.072
1.58	-7.933	-10.512	-0.077
1.59	-7.934	-10.338	-0.081
1.6	-7.935	-10.148	-0.096
1.61	-7.936	-9.995	-0.088
1.62	-7.936	-9.941	-0.087
1.63	-7.936	-9.957	-0.083
1.64	-7.936	-10.008	-0.147
1.65	-7.939	-10.120	-0.072
1.66	-7.942	-10.272	0.399
1.67	-7.946	-10.459	1.076
1.68	-7.948	-10.688	1.006
1.69	-7.951	-10.864	0.253
1.7	-7.953	-10.987	0.031
1.71	-7.953	-11.122	-0.008
1.72	-7.955	-11.193	-0.103
1.73	-7.957	-11.196	-0.095
1.74	-7.958	-11.200	-0.116
1.75	-7.958	-11.111	-0.096
1.76	-7.955	-10.856	-0.090
1.77	-7.953	-10.455	-0.087
1.78	-7.953	-9.788	-0.080
1.79	-7.954	-8.459	-0.051
1.8	-7.955	-5.858	-0.043
1.81	-7.956	-1.401	-0.050
1.82	-7.958	5.167	-0.014
1.83	-7.961	12.811	0.002
1.84	-7.964	18.364	0.007
1.85	-7.966	20.268	0.044
1.86	-7.968	20.449	0.064
1.87	-7.970	20.454	0.097
1.88	-7.971	20.449	0.126
1.89	-7.973	20.110	0.149
1.9	-7.974	17.856	0.176
1.91	-7.975	12.608	0.173
1.92	-7.976	6.078	0.139
1.93	-7.976	0.267	0.082
1.94	-7.976	-4.271	0.013
1.95	-7.975	-7.544	-0.051
1.96	-7.974	-9.803	-0.090
1.97	-7.973	-11.301	-0.104
1.98	-7.973	-12.248	-0.128
1.99	-7.974	-12.928	-0.116
2.0	-7.977	-13.641	-0.114
2.01	-7.979	-14.603	-0.131
2.02	-7.982	-16.056	-0.114
2.03	-7.984	-18.024	-0.105
2.04	-7.986	-19.703	-0.107
2.05	-7.987	-20.375	-0.108
2.06	-7.988	-20.454	-0.101
2.07	-7.989	-20.456	-0.100
2.08	-7.989	-20.456	-0.106
2.09	-7.992	-20.442	-0.084
2.1	-7.994	-20.139	-0.080
2.11	-7.998	-18.852	-0.096
2.12	-8.002	-16.573	-0.101
2.13	-8.006	-14.293	-0.081
2.14	-8.011	-12.568	-0.079
2.15	-8.016	-11.414	-0.086
2.16	-8.021	-10.859	-0.086
2.17	-8.024	-10.783	-0.086
2.18	-8.028	-11.029	-0.075
2.19	-8.032	-11.501	-0.083
2.2	-8.036	-12.083	-0.092
2.21	-8.039	-12.667	-0.081
2.22	-8.042	-13.169	-0.084
2.23	-8.045	-13.602	-0.092
2.24	-8.048	-13.946	-0.079
2.25	-8.052	-14.111	-0.074
2.26	-8.057	-14.113	-0.087
2.27	-8.063	-14.019	-0.080
2.28	-8.069	-13.836	-0.068
2.29	-8.077	-13.576	-0.076
2.3	-8.085	-13.278	-0.078
2.31	-8.093	-13.022	-0.072
2.32	-8.100	-12.795	-0.077
2.33	-8.107	-12.538	-0.067
2.34	-8.116	-12.289	-0.057
2.35	-8.124	-12.065	-0.047
2.36	-8.133	-11.861	-0.029
2.37	-8.143	-11.697	0.000
2.38	-8.153	-11.547	0.023
2.39	-8.164	-11.389	0.020
2.4	-8.175	-11.259	0.007
2.41	-8.188	-11.149	0.022
2.42	-8.201	-11.044	-0.005
2.43	-8.215	-10.945	-0.059
2.44	-8.228	-10.814	-0.066
2.45	-8.239	-10.672	-0.072
2.46	-8.249	-10.550	-0.085
2.47	-8.259	-10.373	-0.087
2.48	-8.269	-10.161	-0.102
2.49	-8.279	-10.011	-0.110
2.5	-8.291	-9.938	-0.079
2.51	-8.304	-9.969	-0.132
2.52	-8.319	-10.096	-0.110
2.53	-8.336	-10.282	0.298
2.54	-8.353	-10.516	0.965
2.55	-8.369	-10.760	1.050
2.56	-8.384	-10.965	0.319
2.57	-8.398	-11.081	0.013
2.58	-8.408	-11.147	0.013
2.59	-8.417	-11.203	-0.098
2.6	-8.426	-11.193	-0.088
2.61	-8.436	-11.141	-0.113
2.62	-8.445	-11.043	-0.116
2.63	-8.454	-10.820	-0.101
2.64	-8.462	-10.483	-0.099
2.65	-8.470	-9.994	-0.076
2.66	-8.479	-9.091	-0.066
2.67	-8.487	-7.268	-0.056
2.68	-8.495	-3.863	-0.041
2.69	-8.503	1.598	-0.035
2.7	-8.511	8.978	-0.029
2.71	-8.519	16.041	-0.006
2.72	-8.527	19.704	0.027
2.73	-8.536	20.429	0.047
2.74	-8.546	20.453	0.090
2.75	-8.555	20.451	0.119
2.76	-8.564	20.163	0.141
2.77	-8.574	18.087	0.157
2.78	-8.584	13.066	0.156
2.79	-8.596	6.629	0.144
2.8	-8.607	0.780	0.085
2.81	-8.617	-3.929	-0.000
2.82	-8.626	-7.478	-0.054
2.83	-8.633	-9.933	-0.081
2.84	-8.640	-11.485	-0.110
2.85	-8.648	-12.434	-0.124
2.86	-8.655	-13.069	-0.124
2.87	-8.662	-13.664	-0.129
2.88	-8.669	-14.544	-0.123
2.89	-8.675	-15.981	-0.127
2.9	-8.681	-17.941	-0.133
2.91	-8.686	-19.638	-0.108
2.92	-8.691	-20.357	-0.099
2.93	-8.696	-20.454	-0.113
2.94	-8.699	-20.456	-0.111
2.95	-8.704	-20.454	-0.100
2.96	-8.709	-20.363	-0.109
2.97	-8.713	-19.605	-0.102
2.98	-8.718	-17.614	-0.098
2.99	-8.723	-15.005	-0.101
3.0	-8.728	-12.723	-0.081
3.01	-8.732	-11.098	-0.091
3.02	-8.737	-10.173	-0.093
3.03	-8.742	-9.836	-0.090
3.04	-8.748	-9.941	-0.099
3.05	-8.754	-10.348	-0.096
3.06	-8.761	-10.911	-0.089
3.07	-8.769	-11.536	-0.086
3.08	-8.776	-12.156	-0.086
3.09	-8.783	-12.718	-0.085
3.1	-8.789	-13.158	-0.085
3.11	-8.797	-13.480	-0.082
3.12	-8.805	-13.676	-0.070
3.13	-8.813	-13.759	-0.085
3.14	-8.820	-13.759	-0.087
3.15	-8.829	-13.584	-0.069
3.16	-8.839	-13.286	-0.073
3.17	-8.849	-13.038	-0.060
3.18	-8.858	-12.814	-0.061
3.19	-8.867	-12.554	-0.063
3.2	-8.875	-12.304	-0.054
3.21	-8.884	-12.046	-0.034
3.22	-8.892	-11.779	-0.010
3.23	-8.899	-11.573	0.016
3.24	-8.907	-11.394	0.028
3.25	-8.914	-11.196	0.018
3.26	-8.922	-11.026	0.013
3.27	-8.930	-10.897	-0.012
3.28	-8.937	-10.782	-0.048
3.29	-8.943	-10.664	-0.060
3.3	-8.948	-10.485	-0.066
3.31	-8.952	-10.268	-0.084
3.32	-8.954	-10.075	-0.084
3.33	-8.956	-9.906	-0.075
3.34	-8.958	-9.786	-0.090
3.35	-8.962	-9.736	-0.074
3.36	-8.966	-9.752	-0.109
3.37	-8.970	-9.834	-0.100
3.38	-8.977	-9.958	0.301
3.39	-8.983	-10.113	0.908
3.4	-8.987	-10.294	0.895
3.41	-8.988	-10.502	0.237
3.42	-8.986	-10.706	0.028
3.43	-8.982	-10.881	0.025
3.44	-8.978	-11.059	-0.076
3.45	-8.973	-11.224	-0.083
3.46	-8.966	-11.314	-0.094
3.47	-8.956	-11.280	-0.084
3.48	-8.944	-11.086	-0.090
3.49	-8.929	-10.794	-0.078
3.5	-8.910	-10.425	-0.052
3.51	-8.887	-9.787	-0.049
3.52	-8.861	-8.531	-0.039
3.53	-8.834	-6.150	-0.019
3.54	-8.808	-2.127	-0.017
3.55	-8.781	3.817	0.006
3.56	-8.756	11.196	0.032
3.57	-8.731	17.399	0.053
3.58	-8.707	20.070	0.091
3.59	-8.686	20.449	0.123
3.6	-8.663	20.448	0.142
3.61	-8.640	20.127	0.171
3.62	-8.617	17.978	0.185
3.63	-8.598	12.909	0.186
3.64	-8.579	6.404	0.170
3.65	-8.560	0.318	0.107
3.66	-8.542	-4.713	0.040
3.67	-8.524	-8.463	-0.023
3.68	-8.508	-10.973	-0.071
3.69	-8.490	-12.532	-0.088
3.7	-8.474	-13.421	-0.102
3.71	-8.458	-13.969	-0.114
3.72	-8.443	-14.586	-0.103
3.73	-8.427	-15.645	-0.101
3.74	-8.411	-17.362	-0.106
3.75	-8.393	-19.195	-0.107
3.76	-8.374	-20.219	-0.103
3.77	-8.356	-20.446	-0.097
3.78	-8.338	-20.456	-0.091
3.79	-8.321	-20.453	-0.091
3.8	-8.306	-20.303	-0.094
3.81	-8.291	-19.361	-0.090
3.82	-8.277	-17.234	-0.081
3.83	-8.264	-14.661	-0.083
3.84	-8.249	-12.434	-0.082
3.85	-8.234	-10.760	-0.069
3.86	-8.222	-9.686	-0.082
3.87	-8.210	-9.191	-0.089
3.88	-8.199	-9.187	-0.068
3.89	-8.189	-9.566	-0.083
3.9	-8.178	-10.175	-0.082
3.91	-8.168	-10.839	-0.078
3.92	-8.161	-11.474	-0.074
3.93	-8.154	-12.043	-0.065
3.94	-8.148	-12.506	-0.073
3.95	-8.141	-12.850	-0.079
3.96	-8.133	-13.069	-0.070
3.97	-8.125	-13.167	-0.066
3.98	-8.117	-13.194	-0.064
3.99	-8.111	-13.151	-0.063
4.0	-8.104	-13.012	-0.074
4.01	-8.098	-12.799	-0.071
4.02	-8.093	-12.551	-0.060
4.03	-8.089	-12.317	-0.055
4.04	-8.084	-12.112	-0.042
4.05	-8.080	-11.938	-0.026
4.06	-8.076	-11.777	0.004
4.07	-8.072	-11.591	0.014
4.08	-8.070	-11.418	0.023
4.09	-8.068	-11.257	0.020
4.1	-8.066	-11.082	0.030
4.11	-8.064	-10.924	0.012
4.12	-8.062	-10.788	-0.045
4.13	-8.059	-10.663	-0.061
4.14	-8.056	-10.498	-0.059
4.15	-8.053	-10.264	-0.075
4.16	-8.051	-10.031	-0.088
4.17	-8.049	-9.836	-0.076
4.18	-8.047	-9.683	-0.093
4.19	-8.046	-9.617	-0.085
4.2	-8.043	-9.637	-0.119
4.21	-8.041	-9.753	-0.129
4.22	-8.043	-9.907	0.224
4.23	-8.045	-10.028	0.879
4.24	-8.046	-10.213	1.089
4.25	-8.046	-10.467	0.418
4.26	-8.045	-10.659	0.036
4.27	-8.043	-10.784	0.037
4.28	-8.041	-10.916	-0.078
4.29	-8.039	-11.051	-0.081
4.3	-8.037	-11.112	-0.095
4.31	-8.036	-11.074	-0.103
4.32	-8.034	-10.935	-0.089
4.33	-8.034	-10.648	-0.075
4.34	-8.034	-10.163	-0.066
4.35	-8.034	-9.271	-0.062
4.36	-8.034	-7.493	-0.053
4.37	-8.034	-4.180	-0.032
4.38	-8.034	1.109	-0.008
4.39	-8.035	8.220	-0.010
4.4	-8.036	15.316	-0.002
4.41	-8.037	19.414	0.048
4.42	-8.037	20.408	0.068
4.43	-8.036	20.453	0.085
4.44	-8.036	20.452	0.134
4.45	-8.036	20.271	0.140
4.46	-8.036	18.701	0.166
4.47	-8.034	14.399	0.184
4.48	-8.033	8.415	0.155
4.49	-8.032	2.728	0.107
4.5	-8.031	-1.968	0.037
4.51	-8.028	-5.594	-0.030
4.52	-8.026	-8.206	-0.067
4.53	-8.024	-9.974	-0.100
4.54	-8.023	-11.144	-0.108
4.55	-8.023	-11.959	-0.121
4.56	-8.022	-12.668	-0.122
4.57	-8.021	-13.578	-0.107
4.58	-8.021	-14.944	-0.115
4.59	-8.021	-16.938	-0.108
4.6	-8.022	-19.048	-0.102
4.61	-8.023	-20.213	-0.101
4.62	-8.023	-20.448	-0.107
4.63	-8.021	-20.456	-0.108
4.64	-8.020	-20.455	-0.084
4.65	-8.019	-20.433	-0.104
4.66	-8.019	-20.038	-0.093
4.67	-8.020	-18.574	-0.079
4.68	-8.021	-16.166	-0.087
4.69	-8.023	-13.802	-0.087
4.7	-8.024	-11.991	-0.088
4.71	-8.026	-10.794	-0.090
4.72	-8.027	-10.234	-0.077
4.73	-8.027	-10.161	-0.069
4.74	-8.027	-10.416	-0.098
4.75	-8.027	-10.908	-0.084
4.76	-8.027	-11.506	-0.067
4.77	-8.029	-12.118	-0.082
4.78	-8.030	-12.689	-0.077
4.79	-8.031	-13.131	-0.080
4.8	-8.033	-13.407	-0.068
4.81	-8.034	-13.568	-0.076
4.82	-8.034	-13.631	-0.082
4.83	-8.034	-13.593	-0.077
4.84	-8.034	-13.446	-0.064
4.85	-8.034	-13.230	-0.065
4.86	-8.034	-13.019	-0.081
4.87	-8.035	-12.829	-0.063
4.88	-8.036	-12.633	-0.047
4.89	-8.037	-12.421	-0.064
4.9	-8.037	-12.221	-0.046
4.91	-8.039	-12.057	-0.017
4.92	-8.039	-11.876	0.005
4.93	-8.040	-11.684	0.034
4.94	-8.041	-11.538	0.041
4.95	-8.041	-11.391	0.025
4.96	-8.043	-11.194	0.015
4.97	-8.044	-11.035	-0.014
4.98	-8.045	-10.918	-0.038
4.99	-8.045	-10.762	-0.046
5.0	-8.046	-10.577	-0.070
5.01	-8.046	-10.363	-0.082
5.02	-8.047	-10.132	-0.078
5.03	-8.047	-9.978	-0.088
5.04	-8.047	-9.893	-0.075
5.05	-8.046	-9.842	-0.087
5.06	-8.046	-9.892	-0.148
5.07	-8.047	-10.039	-0.019
5.08	-8.051	-10.217	0.521
5.09	-8.054	-10.436	1.144
5.1	-8.058	-10.691	0.861
5.11	-8.061	-10.901	0.149
5.12	-8.063	-11.027	0.043
5.13	-8.063	-11.101	-0.027
5.14	-8.064	-11.126	-0.086
5.15	-8.066	-11.116	-0.088
5.16	-8.066	-11.084	-0.118
5.17	-8.066	-10.959	-0.101
5.18	-8.065	-10.683	-0.091
5.19	-8.064	-10.268	-0.084
5.2	-8.063	-9.599	-0.070
5.21	-8.062	-8.238	-0.047
5.22	-8.061	-5.601	-0.046
5.23	-8.061	-1.129	-0.047
5.24	-8.062	5.499	-0.009
5.25	-8.064	13.171	0.004
5.26	-8.067	18.578	0.019
5.27	-8.069	20.309	0.047
5.28	-8.071	20.449	0.074
5.29	-8.072	20.455	0.100
5.3	-8.074	20.451	0.135
5.31	-8.075	20.149	0.161
5.32	-8.076	18.054	0.177
5.33	-8.077	13.057	0.169
5.34	-8.078	6.756	0.128
5.35	-8.077	1.113	0.077
5.36	-8.076	-3.365	-0.003
5.37	-8.074	-6.668	-0.064
5.38	-8.072	-8.978	-0.097
5.39	-8.071	-10.552	-0.111
5.4	-8.069	-11.633	-0.113
5.41	-8.069	-12.445	-0.134
5.42	-8.069	-13.289	-0.115
5.43	-8.070	-14.518	-0.123
5.44	-8.071	-16.326	-0.113
5.45	-8.072	-18.444	-0.113
5.46	-8.074	-19.947	-0.121
5.47	-8.074	-20.421	-0.104
5.48	-8.073	-20.454	-0.109
5.49	-8.072	-20.456	-0.106
5.5	-8.072	-20.454	-0.111
5.51	-8.072	-20.387	-0.104
5.52	-8.073	-19.734	-0.093
5.53	-8.074	-17.912	-0.090
5.54	-8.076	-15.408	-0.084
5.55	-8.079	-13.169	-0.098
5.56	-8.080	-11.567	-0.090
5.57	-8.081	-10.643	-0.099
5.58	-8.082	-10.326	-0.101
5.59	-8.084	-10.466	-0.095
5.6	-8.086	-10.940	-0.088
5.61	-8.087	-11.559	-0.085
5.62	-8.089	-12.199	-0.083
5.63	-8.091	-12.850	-0.099
5.64	-8.094	-13.393	-0.089
5.65	-8.096	-13.769	-0.074
5.66	-8.099	-14.008	-0.097
5.67	-8.101	-14.125	-0.093
5.68	-8.104	-14.124	-0.068
5.69	-8.107	-14.011	-0.078
5.7	-8.110	-13.847	-0.080
5.71	-8.114	-13.632	-0.081
5.72	-8.117	-13.358	-0.085
5.73	-8.121	-13.095	-0.080
5.74	-8.124	-12.861	-0.086
5.75	-8.127	-12.621	-0.065
5.76	-8.129	-12.384	-0.049
5.77	-8.133	-12.188	-0.041
5.78	-8.136	-12.038	0.005
5.79	-8.139	-11.882	0.024
5.8	-8.143	-11.730	0.024
5.81	-8.148	-11.618	0.010
5.82	-8.153	-11.494	0.010
5.83	-8.158	-11.334	-0.012
5.84	-8.162	-11.161	-0.057
5.85	-8.167	-10.972	-0.064
5.86	-8.172	-10.780	-0.080
5.87	-8.178	-10.589	-0.085
5.88	-8.184	-10.368	-0.079
5.89	-8.189	-10.179	-0.104
5.9	-8.194	-10.072	-0.094
5.91	-8.198	-10.014	-0.093
5.92	-8.201	-10.041	-0.142
5.93	-8.207	-10.179	-0.075
5.94	-8.216	-10.371	0.393
5.95	-8.224	-10.581	1.063
5.96	-8.233	-10.804	0.983
5.97	-8.242	-11.004	0.232
5.98	-8.249	-11.145	0.028
5.99	-8.256	-11.237	0.002
6.0	-8.264	-11.292	-0.111
6.01	-8.272	-11.296	-0.102
6.02	-8.279	-11.247	-0.114
6.03	-8.286	-11.086	-0.096
6.04	-8.293	-10.745	-0.094
6.05	-8.300	-10.316	-0.097
6.06	-8.308	-9.776	-0.074
6.07	-8.315	-8.763	-0.066
6.08	-8.322	-6.702	-0.059
6.09	-8.329	-2.978	-0.051
6.1	-8.335	2.894	-0.037
6.11	-8.342	10.599	-0.007
6.12	-8.351	17.227	0.019
6.13	-8.360	20.059	0.032
6.14	-8.369	20.449	0.070
6.15	-8.379	20.455	0.097
6.16	-8.389	20.453	0.119
6.17	-8.398	20.405	0.149
6.18	-8.406	19.430	0.165
6.19	-8.414	15.658	0.165
6.2	-8.422	9.348	0.137
6.21	-8.430	2.917	0.064
6.22	-8.438	-2.376	0.005
6.23	-8.446	-6.379	-0.054
6.24	-8.454	-9.157	-0.094
6.25	-8.463	-10.988	-0.121
6.26	-8.474	-12.199	-0.121
6.27	-8.486	-13.048	-0.121
6.28	-8.499	-13.842	-0.124
6.29	-8.512	-14.968	-0.127
6.3	-8.525	-16.726	-0.133
6.31	-8.540	-18.755	-0.116
6.32	-8.556	-20.068	-0.116
6.33	-8.570	-20.435	-0.126
6.34	-8.584	-20.455	-0.106
6.35	-8.597	-20.456	-0.109
6.36	-8.609	-20.454	-0.110
6.37	-8.619	-20.375	-0.109
6.38	-8.626	-19.654	-0.101
6.39	-8.633	-17.709	-0.093
6.4	-8.641	-15.087	-0.098
6.41	-8.648	-12.785	-0.101
6.42	-8.656	-11.194	-0.098
6.43	-8.666	-10.316	-0.103
6.44	-8.676	-10.064	-0.095
6.45	-8.687	-10.263	-0.095
6.46	-8.697	-10.761	-0.100
6.47	-8.706	-11.430	-0.100
6.48	-8.716	-12.121	-0.104
6.49	-8.724	-12.784	-0.093
6.5	-8.733	-13.352	-0.083
6.51	-8.742	-13.777	-0.098
6.52	-8.752	-14.089	-0.085
6.53	-8.760	-14.286	-0.102
6.54	-8.766	-14.356	-0.087
6.55	-8.773	-14.321	-0.081
6.56	-8.779	-14.191	-0.092
6.57	-8.786	-13.980	-0.086
6.58	-8.794	-13.698	-0.080
6.59	-8.801	-13.389	-0.070
6.6	-8.809	-13.113	-0.074
6.61	-8.817	-12.836	-0.067
6.62	-8.825	-12.551	-0.066
6.63	-8.833	-12.283	-0.077
6.64	-8.842	-12.019	-0.024
6.65	-8.851	-11.773	-0.003
6.66	-8.861	-11.553	0.019
6.67	-8.873	-11.376	0.019
6.68	-8.884	-11.233	-0.003
6.69	-8.898	-11.108	-0.001
6.7	-8.911	-10.994	-0.035
6.71	-8.924	-10.853	-0.069
6.72	-8.936	-10.701	-0.075
6.73	-8.947	-10.549	-0.073
6.74	-8.954	-10.376	-0.079
6.75	-8.961	-10.223	-0.096
6.76	-8.966	-10.114	-0.091
6.77	-8.969	-10.059	-0.098
6.78	-8.971	-10.066	-0.084
6.79	-8.974	-10.154	-0.144
6.8	-8.979	-10.347	-0.005
6.81	-8.987	-10.561	0.563
6.82	-8.994	-10.741	1.023
6.83	-8.999	-10.918	0.627
6.84	-9.002	-11.052	0.073
6.85	-9.002	-11.141	0.036
6.86	-9.001	-11.231	-0.038
6.87	-9.001	-11.276	-0.092
6.88	-9.002	-11.260	-0.078
6.89	-9.003	-11.226	-0.102
6.9	-9.005	-11.105	-0.087
6.91	-9.008	-10.828	-0.078
6.92	-9.013	-10.481	-0.072
6.93	-9.016	-10.076	-0.053
6.94	-9.019	-9.348	-0.035
6.95	-9.020	-7.828	-0.037
6.96	-9.023	-4.889	-0.029
6.97	-9.025	0.041	-0.016
6.98	-9.027	7.179	0.026
6.99	-9.030	14.769	0.041
7.0	-9.032	19.301	0.064
7.01	-9.033	20.404	0.096
7.02	-9.034	20.453	0.117
7.03	-9.036	20.451	0.152
7.04	-9.036	20.359	0.171
7.05	-9.037	19.088	0.180
7.06	-9.038	14.781	0.181
7.07	-9.039	7.950	0.137
7.08	-9.040	1.030	0.071
7.09	-9.041	-4.611	-0.013
7.1	-9.043	-8.736	-0.068
7.11	-9.045	-11.544	-0.094
7.12	-9.047	-13.294	-0.103
7.13	-9.049	-14.294	-0.118
7.14	-9.052	-15.037	-0.129
7.15	-9.054	-15.970	-0.129
7.16	-9.057	-17.417	-0.124
7.17	-9.058	-19.113	-0.118
7.18	-9.059	-20.173	-0.122
7.19	-9.060	-20.442	-0.113
7.2	-9.061	-20.456	-0.094
7.21	-9.061	-20.456	-0.113
7.22	-9.063	-20.451	-0.116
7.23	-9.064	-20.249	-0.098
7.24	-9.066	-19.053	-0.093
7.25	-9.067	-16.538	-0.088
7.26	-9.068	-13.727	-0.091
7.27	-9.069	-11.474	-0.097
7.28	-9.071	-9.929	-0.089
7.29	-9.071	-9.086	-0.104
7.3	-9.072	-8.878	-0.085
7.31	-9.072	-9.222	-0.098
7.32	-9.072	-9.915	-0.099
7.33	-9.072	-10.726	-0.093
7.34	-9.072	-11.577	-0.098
7.35	-9.072	-12.379	-0.084
7.36	-9.071	-13.034	-0.074
7.37	-9.070	-13.550	-0.089
7.38	-9.068	-13.909	-0.087
7.39	-9.065	-14.087	-0.092
7.4	-9.061	-14.164	-0.085
7.41	-9.054	-14.143	-0.081
7.42	-9.044	-14.001	-0.083
7.43	-9.029	-13.801	-0.073
7.44	-9.009	-13.562	-0.070
7.45	-8.982	-13.289	-0.085
7.46	-8.955	-12.972	-0.071
7.47	-8.928	-12.616	-0.062
7.48	-8.900	-12.324	-0.066
7.49	-8.871	-12.116	-0.040
7.5	-8.844	-11.905	-0.028
7.51	-8.818	-11.694	0.001
7.52	-8.794	-11.496	0.025
7.53	-8.771	-11.314	0.010
7.54	-8.749	-11.149	0.005
7.55	-8.729	-10.990	-0.011
7.56	-8.707	-10.871	-0.043
7.57	-8.686	-10.777	-0.076
7.58	-8.664	-10.642	-0.066
7.59	-8.643	-10.458	-0.080
7.6	-8.622	-10.283	-0.089
7.61	-8.602	-10.140	-0.082
7.62	-8.582	-10.019	-0.093
7.63	-8.563	-9.975	-0.087
7.64	-8.545	-10.054	-0.122
7.65	-8.529	-10.204	-0.121
7.66	-8.516	-10.349	0.256
7.67	-8.504	-10.518	0.859
7.68	-8.489	-10.733	0.940
7.69	-8.473	-10.917	0.296
7.7	-8.454	-11.046	0.012
7.71	-8.434	-11.140	0.028
7.72	-8.415	-11.255	-0.073
7.73	-8.396	-11.377	-0.084
7.74	-8.377	-11.391	-0.093
7.75	-8.359	-11.280	-0.097
7.76	-8.342	-11.092	-0.088
7.77	-8.326	-10.821	-0.065
7.78	-8.310	-10.428	-0.075
7.79	-8.294	-9.791	-0.066
7.8	-8.279	-8.544	-0.036
7.81	-8.263	-6.069	-0.039
7.82	-8.248	-1.768	-0.012
7.83	-8.233	4.764	-0.000
7.84	-8.219	12.612	0.017
7.85	-8.206	18.354	0.041
7.86	-8.193	20.279	0.066
7.87	-8.180	20.449	0.095
7.88	-8.168	20.454	0.135
7.89	-8.156	20.442	0.160
7.9	-8.144	19.967	0.165
7.91	-8.133	17.168	0.173
7.92	-8.121	11.112	0.175
7.93	-8.113	3.942	0.104
7.94	-8.104	-2.261	0.019
7.95	-8.096	-7.036	-0.045
7.96	-8.088	-10.416	-0.088
7.97	-8.080	-12.580	-0.100
7.98	-8.072	-13.847	-0.109
7.99	-8.064	-14.606	-0.136
8.0	-8.057	-15.211	-0.140
8.01	-8.049	-16.053	-0.136
8.02	-8.042	-17.474	-0.120
8.03	-8.034	-19.153	-0.126
8.04	-8.026	-20.186	-0.122
8.05	-8.016	-20.443	-0.105
8.06	-8.009	-20.456	-0.104
8.07	-8.002	-20.456	-0.112
8.08	-7.996	-20.454	-0.102
8.09	-7.992	-20.313	-0.102
8.1	-7.987	-19.343	-0.104
8.11	-7.983	-17.118	-0.087
8.12	-7.979	-14.461	-0.092
8.13	-7.976	-12.299	-0.104
8.14	-7.971	-10.806	-0.082
8.15	-7.966	-9.908	-0.095
8.16	-7.961	-9.665	-0.093
8.17	-7.958	-10.333	-0.089
8.18	-7.954	-11.439	-0.092
8.19	-7.951	-11.923	-0.096
8.2	-7.947	-12.029	-0.087
8.21	-7.945	-12.493	-0.092
8.22	-7.942	-13.156	-0.094
8.23	-7.940	-13.728	-0.088
8.24	-7.938	-14.101	-0.079
8.25	-7.936	-14.235	-0.083
8.26	-7.934	-14.232	-0.091
8.27	-7.932	-14.198	-0.085
8.28	-7.931	-14.053	-0.080
8.29	-7.930	-13.784	-0.084
8.3	-7.929	-13.511	-0.075
8.31	-7.928	-13.236	-0.079
8.32	-7.926	-12.944	-0.061
8.33	-7.924	-12.682	-0.068
8.34	-7.923	-12.436	-0.047
8.35	-7.921	-12.220	-0.013
8.36	-7.919	-12.032	-0.007
8.37	-7.918	-11.830	0.020
8.38	-7.917	-11.623	0.018
8.39	-7.915	-11.437	-0.005
8.4	-7.914	-11.276	0.002
8.41	-7.913	-11.121	-0.049
8.42	-7.912	-10.954	-0.083
8.43	-7.911	-10.818	-0.079
8.44	-7.911	-10.666	-0.094
8.45	-7.911	-10.456	-0.096
8.46	-7.911	-10.259	-0.095
8.47	-7.911	-10.109	-0.103
8.48	-7.911	-10.010	-0.081
8.49	-7.910	-10.002	-0.126
8.5	-7.911	-10.110	-0.130
8.51	-7.914	-10.285	0.205
8.52	-7.916	-10.481	0.873
8.53	-7.918	-10.703	1.097
8.54	-7.920	-10.912	0.437
8.55	-7.921	-11.058	0.019
8.56	-7.920	-11.138	0.018
8.57	-7.919	-11.183	-0.086
8.58	-7.919	-11.239	-0.101
8.59	-7.918	-11.296	-0.108
8.6	-7.916	-11.236	-0.105
8.61	-7.915	-10.993	-0.106
8.62	-7.916	-10.614	-0.098
8.63	-7.917	-10.078	-0.093
8.64	-7.919	-9.092	-0.070
8.65	-7.922	-7.123	-0.047
8.66	-7.924	-3.502	-0.042
8.67	-7.926	2.349	-0.040
8.68	-7.928	10.157	-0.017
8.69	-7.929	17.009	-0.005
8.7	-7.931	20.021	0.028
8.71	-7.933	20.448	0.061
8.72	-7.934	20.454	0.079
8.73	-7.935	20.454	0.114
8.74	-7.935	20.444	0.148
8.75	-7.935	19.999	0.156
8.76	-7.935	17.297	0.168
8.77	-7.935	11.401	0.156
8.78	-7.934	4.485	0.099
8.79	-7.933	-1.338	0.026
8.8	-7.931	-5.732	-0.039
8.81	-7.929	-8.901	-0.092
8.82	-7.926	-11.133	-0.109
8.83	-7.924	-12.625	-0.116
8.84	-7.923	-13.611	-0.141
8.85	-7.924	-14.404	-0.145
8.86	-7.924	-15.299	-0.122
8.87	-7.925	-16.598	-0.130
8.88	-7.926	-18.326	-0.122
8.89	-7.927	-19.786	-0.120
8.9	-7.928	-20.380	-0.119
8.91	-7.929	-20.455	-0.122
8.92	-7.929	-20.456	-0.115
8.93	-7.928	-20.456	-0.113
8.94	-7.928	-20.454	-0.115
8.95	-7.928	-20.381	-0.103
8.96	-7.928	-19.679	-0.093
8.97	-7.929	-17.772	-0.101
8.98	-7.930	-15.259	-0.095
8.99	-7.931	-13.126	-0.104
9.0	-7.931	-11.689	-0.092
9.01	-7.932	-10.922	-0.091
9.02	-7.932	-10.753	-0.100
9.03	-7.931	-11.027	-0.086
9.04	-7.931	-11.546	-0.093
9.05	-7.932	-12.178	-0.098
9.06	-7.933	-12.866	-0.088
9.07	-7.934	-13.519	-0.097
9.08	-7.935	-14.031	-0.085
9.09	-7.936	-14.394	-0.087
9.1	-7.937	-14.639	-0.087
9.11	-7.938	-14.760	-0.078
9.12	-7.938	-14.699	-0.088
9.13	-7.939	-14.501	-0.081
9.14	-7.939	-14.290	-0.067
9.15	-7.939	-14.067	-0.085
9.16	-7.940	-13.786	-0.072
9.17	-7.941	-13.486	-0.076
9.18	-7.942	-13.210	-0.080
9.19	-7.943	-12.961	-0.063
9.2	-7.944	-12.714	-0.072
9.21	-7.945	-12.484	-0.051
9.22	-7.946	-12.281	-0.009
9.23	-7.947	-12.069	0.005
9.24	-7.948	-11.866	0.022
9.25	-7.949	-11.680	0.011
9.26	-7.951	-11.491	0.006
9.27	-7.954	-11.318	-0.009
9.28	-7.956	-11.159	-0.041
9.29	-7.959	-10.986	-0.077
9.3	-7.961	-10.839	-0.095
9.31	-7.964	-10.700	-0.098
9.32	-7.967	-10.500	-0.100
9.33	-7.971	-10.299	-0.109
9.34	-7.974	-10.164	-0.119
9.35	-7.978	-10.112	-0.096
9.36	-7.981	-10.147	-0.132
9.37	-7.986	-10.252	-0.157
9.38	-7.993	-10.406	0.157
9.39	-8.001	-10.569	0.841
9.4	-8.008	-10.764	1.148
9.41	-8.016	-11.003	0.479
9.42	-8.024	-11.171	0.029
9.43	-8.029	-11.251	0.012
9.44	-8.036	-11.317	-0.096
9.45	-8.041	-11.363	-0.102
9.46	-8.047	-11.364	-0.120
9.47	-8.052	-11.259	-0.128
9.48	-8.057	-11.001	-0.105
9.49	-8.063	-10.623	-0.098
9.5	-8.069	-10.101	-0.092
9.51	-8.075	-9.169	-0.079
9.52	-8.080	-7.259	-0.067
9.53	-8.085	-3.710	-0.056
9.54	-8.091	2.051	-0.026
9.55	-8.098	9.879	-0.024
9.56	-8.104	16.885	-0.007
9.57	-8.111	20.002	0.031
9.58	-8.119	20.448	0.051
9.59	-8.127	20.454	0.083
9.6	-8.136	20.454	0.123
9.61	-8.147	20.445	0.140
9.62	-8.159	20.009	0.173
9.63	-8.170	17.288	0.173
9.64	-8.183	11.294	0.154
9.65	-8.196	4.263	0.116
9.66	-8.210	-1.629	0.039
9.67	-8.223	-6.064	-0.026
9.68	-8.234	-9.198	-0.068
9.69	-8.244	-11.266	-0.104
9.7	-8.255	-12.650	-0.109
9.71	-8.267	-13.592	-0.112
9.72	-8.279	-14.303	-0.115
9.73	-8.292	-15.199	-0.112
9.74	-8.304	-16.550	-0.113
9.75	-8.318	-18.275	-0.113
9.76	-8.334	-19.743	-0.089
9.77	-8.348	-20.371	-0.103
9.78	-8.362	-20.454	-0.104
9.79	-8.376	-20.456	-0.098
9.8	-8.391	-20.456	-0.087
9.81	-8.407	-20.454	-0.089
9.82	-8.424	-20.326	-0.088
9.83	-8.441	-19.417	-0.094
9.84	-8.457	-17.274	-0.083
9.85	-8.472	-14.688	-0.071
9.86	-8.486	-12.628	-0.071
9.87	-8.500	-11.277	-0.070
9.88	-8.514	-10.607	-0.091
9.89	-8.528	-10.539	-0.087
9.9	-8.543	-10.849	-0.076
9.91	-8.558	-11.402	-0.078
9.92	-8.573	-12.094	-0.065
9.93	-8.588	-12.753	-0.065
9.94	-8.603	-13.379	-0.082
9.95	-8.619	-13.966	-0.078
9.96	-8.636	-14.360	-0.070
9.97	-8.651	-14.587	-0.069
9.98	-8.666	-14.726	-0.057
9.99	-8.680	-14.736	-0.072
10.0	-8.693	-14.633	-0.064
10.01	-8.706	-14.453	-0.063
10.02	-8.719	-14.199	-0.067
10.03	-8.731	-13.884	-0.059
10.04	-8.744	-13.527	-0.054
10.05	-8.756	-13.200	-0.059
10.06	-8.768	-12.915	-0.023
10.07	-8.780	-12.623	0.002
10.08	-8.793	-12.368	0.029
10.09	-8.804	-12.173	0.037
10.1	-8.814	-11.951	0.020
10.11	-8.824	-11.722	0.010
10.12	-8.834	-11.562	-0.018
10.13	-8.844	-11.397	-0.041
10.14	-8.852	-11.172	-0.062
10.15	-8.858	-10.908	-0.062
10.16	-8.863	-10.633	-0.061
10.17	-8.866	-10.396	-0.084
10.18	-8.869	-10.201	-0.062
10.19	-8.871	-10.069	-0.083
10.2	-8.874	-10.031	-0.085
10.21	-8.879	-10.083	-0.133
10.22	-8.887	-10.231	-0.040
10.23	-8.896	-10.416	0.454
10.24	-8.904	-10.613	1.001
10.25	-8.910	-10.837	0.781
10.26	-8.912	-11.016	0.145
10.27	-8.911	-11.156	0.034
10.28	-8.909	-11.276	0.012
10.29	-8.908	-11.328	-0.074
10.3	-8.908	-11.356	-0.077
10.31	-8.908	-11.353	-0.090
10.32	-8.908	-11.236	-0.085
10.33	-8.909	-10.979	-0.075
10.34	-8.911	-10.636	-0.067
10.35	-8.914	-10.216	-0.060
10.36	-8.916	-9.493	-0.024
10.37	-8.916	-7.999	-0.034
10.38	-8.916	-5.116	-0.021
10.39	-8.918	-0.218	0.004
10.4	-8.921	6.994	0.011
10.41	-8.926	14.701	0.029
10.42	-8.930	19.292	0.057
10.43	-8.936	20.404	0.095
10.44	-8.943	20.453	0.136
10.45	-8.951	20.454	0.162
10.46	-8.958	20.424	0.171
10.47	-8.966	19.656	0.187
10.48	-8.974	16.122	0.206
10.49	-8.982	9.481	0.155
10.5	-8.989	2.283	0.075
10.51	-8.994	-3.657	0.008
10.52	-8.998	-8.095	-0.044
10.53	-9.001	-11.086	-0.079
10.54	-9.006	-12.867	-0.105
10.55	-9.013	-13.833	-0.113
10.56	-9.019	-14.486	-0.105
10.57	-9.023	-15.318	-0.115
10.58	-9.027	-16.604	-0.108
10.59	-9.029	-18.328	-0.104
10.6	-9.031	-19.798	-0.110
10.61	-9.031	-20.386	-0.105
10.62	-9.030	-20.454	-0.088
10.63	-9.029	-20.456	-0.094
10.64	-9.026	-20.454	-0.094
10.65	-9.024	-20.409	-0.078
10.66	-9.021	-19.803	-0.078
10.67	-9.019	-17.825	-0.091
10.68	-9.018	-14.886	-0.078
10.69	-9.016	-12.217	-0.077
10.7	-9.014	-10.328	-0.074
10.71	-9.012	-9.237	-0.072
10.72	-9.009	-8.945	-0.085
10.73	-9.007	-9.238	-0.074
10.74	-9.004	-9.836	-0.071
10.75	-9.001	-10.643	-0.078
10.76	-8.999	-11.553	-0.068
10.77	-8.996	-12.414	-0.068
10.78	-8.992	-13.136	-0.077
10.79	-8.986	-13.703	-0.082
10.8	-8.978	-14.120	-0.058
10.81	-8.966	-14.381	-0.065
10.82	-8.951	-14.460	-0.084
10.83	-8.931	-14.396	-0.062
10.84	-8.909	-14.247	-0.061
10.85	-8.886	-14.009	-0.074
10.86	-8.863	-13.724	-0.052
10.87	-8.838	-13.457	-0.068
10.88	-8.814	-13.194	-0.043
10.89	-8.790	-12.894	-0.010
10.9	-8.768	-12.581	-0.003
10.91	-8.747	-12.308	0.015
10.92	-8.728	-12.063	0.020
10.93	-8.709	-11.877	0.017
10.94	-8.692	-11.719	0.007
10.95	-8.676	-11.527	-0.029
10.96	-8.659	-11.301	-0.055
10.97	-8.644	-11.032	-0.063
10.98	-8.629	-10.757	-0.081
10.99	-8.613	-10.506	-0.091
11.0	-8.599	-10.271	-0.102
11.01	-8.585	-10.097	-0.109
11.02	-8.573	-10.041	-0.096
11.03	-8.563	-10.066	-0.107
11.04	-8.554	-10.136	-0.158
11.05	-8.549	-10.264	0.026
11.06	-8.546	-10.422	0.570
11.07	-8.541	-10.600	1.006
11.08	-8.534	-10.811	0.606
11.09	-8.524	-11.015	0.038
11.1	-8.514	-11.193	0.024
11.11	-8.504	-11.332	-0.051
11.12	-8.493	-11.390	-0.080
11.13	-8.482	-11.401	-0.093
11.14	-8.469	-11.361	-0.100
11.15	-8.457	-11.194	-0.093
11.16	-8.444	-10.909	-0.098
11.17	-8.432	-10.532	-0.077
11.18	-8.419	-9.984	-0.064
11.19	-8.406	-8.964	-0.061
11.2	-8.393	-6.961	-0.058
11.21	-8.381	-3.346	-0.031
11.22	-8.368	2.464	-0.018
11.23	-8.356	10.259	0.001
11.24	-8.343	17.094	0.027
11.25	-8.331	20.046	0.053
11.26	-8.320	20.449	0.096
11.27	-8.308	20.455	0.123
11.28	-8.297	20.451	0.145
11.29	-8.285	20.370	0.163
11.3	-8.274	19.107	0.185
11.31	-8.263	14.671	0.179
11.32	-8.252	7.639	0.123
11.33	-8.242	0.779	0.040
11.34	-8.231	-4.583	-0.019
11.35	-8.220	-8.420	-0.054
11.36	-8.209	-10.949	-0.098
11.37	-8.199	-12.451	-0.125
11.38	-8.189	-13.281	-0.122
11.39	-8.180	-13.898	-0.127
11.4	-8.170	-14.743	-0.124
11.41	-8.160	-16.166	-0.122
11.42	-8.148	-18.161	-0.127
11.43	-8.136	-19.805	-0.118
11.44	-8.123	-20.400	-0.102
11.45	-8.109	-20.454	-0.120
11.46	-8.097	-20.456	-0.108
11.47	-8.084	-20.454	-0.091
11.48	-8.074	-20.410	-0.101
11.49	-8.064	-19.839	-0.084
11.5	-8.054	-17.973	-0.091
11.51	-8.044	-15.171	-0.092
11.52	-8.034	-12.628	-0.074
11.53	-8.026	-10.876	-0.091
11.54	-8.018	-9.893	-0.074
11.55	-8.009	-9.553	-0.082
11.56	-8.001	-9.733	-0.084
11.57	-7.993	-10.316	-0.074
11.58	-7.986	-11.094	-0.077
11.59	-7.979	-11.904	-0.083
11.6	-7.973	-12.706	-0.087
11.61	-7.966	-13.424	-0.076
11.62	-7.958	-14.006	-0.081
11.63	-7.951	-14.434	-0.073
11.64	-7.944	-14.668	-0.062
11.65	-7.938	-14.753	-0.083
11.66	-7.931	-14.713	-0.073
11.67	-7.924	-14.540	-0.068
11.68	-7.919	-14.306	-0.072
11.69	-7.914	-14.033	-0.061
11.7	-7.911	-13.698	-0.060
11.71	-7.906	-13.361	-0.052
11.72	-7.902	-13.032	-0.017
11.73	-7.899	-12.694	-0.002
11.74	-7.896	-12.423	0.020
11.75	-7.893	-12.203	0.034
11.76	-7.891	-11.976	0.019
11.77	-7.888	-11.779	0.023
11.78	-7.887	-11.612	-0.012
11.79	-7.885	-11.422	-0.063
11.8	-7.883	-11.199	-0.061
11.81	-7.881	-10.953	-0.067
11.82	-7.881	-10.699	-0.070
11.83	-7.880	-10.465	-0.081
11.84	-7.878	-10.273	-0.083
11.85	-7.876	-10.149	-0.100
11.86	-7.874	-10.107	-0.084
11.87	-7.873	-10.165	-0.135
11.88	-7.874	-10.301	-0.087
11.89	-7.878	-10.461	0.369
11.9	-7.882	-10.631	1.021
11.91	-7.884	-10.804	0.976
11.92	-7.884	-10.984	0.258
11.93	-7.884	-11.129	0.034
11.94	-7.884	-11.222	0.009
11.95	-7.884	-11.329	-0.090
11.96	-7.883	-11.437	-0.083
11.97	-7.882	-11.434	-0.112
11.98	-7.881	-11.263	-0.096
11.99	-7.883	-10.917	-0.088
12.0	-7.884	-10.439	-0.067
12.01	-7.886	-9.751	-0.066
12.02	-7.888	-8.419	-0.053
12.03	-7.888	-5.811	-0.044
12.04	-7.889	-1.271	-0.042
12.05	-7.889	5.769	-0.017
12.06	-7.891	13.842	-0.001
12.07	-7.893	19.013	0.030
12.08	-7.894	20.383	0.056
12.09	-7.895	20.452	0.071
12.1	-7.895	20.456	0.113
12.11	-7.895	20.454	0.132
12.12	-7.896	20.429	0.160
12.13	-7.896	19.753	0.182
12.14	-7.896	16.501	0.182
12.15	-7.896	10.346	0.161
12.16	-7.894	3.809	0.095
12.17	-7.894	-1.364	0.018
12.18	-7.892	-5.108	-0.039
12.19	-7.890	-7.746	-0.094
12.2	-7.888	-9.572	-0.110
12.21	-7.887	-10.817	-0.107
12.22	-7.888	-11.775	-0.117
12.23	-7.889	-12.758	-0.112
12.24	-7.889	-14.107	-0.113
12.25	-7.890	-16.095	-0.109
12.26	-7.892	-18.399	-0.101
12.27	-7.894	-19.968	-0.117
12.28	-7.895	-20.428	-0.104
12.29	-7.896	-20.455	-0.103
12.3	-7.896	-20.456	-0.101
12.31	-7.896	-20.456	-0.088
12.32	-7.896	-20.454	-0.092
12.33	-7.897	-20.335	-0.083
12.34	-7.898	-19.417	-0.077
12.35	-7.900	-17.227	-0.082
12.36	-7.901	-14.678	-0.086
12.37	-7.903	-12.728	-0.089
12.38	-7.904	-11.556	-0.078
12.39	-7.905	-11.143	-0.089
12.4	-7.905	-11.306	-0.078
12.41	-7.904	-11.805	-0.079
12.42	-7.905	-12.518	-0.086
12.43	-7.906	-13.306	-0.076
12.44	-7.907	-13.973	-0.072
12.45	-7.908	-14.487	-0.079
12.46	-7.909	-14.889	-0.085
12.47	-7.911	-15.150	-0.076
12.48	-7.913	-15.258	-0.078
12.49	-7.914	-15.246	-0.090
12.5	-7.915	-15.151	-0.066
12.51	-7.916	-14.991	-0.075
12.52	-7.916	-14.764	-0.070
12.53	-7.917	-14.489	-0.065
12.54	-7.918	-14.216	-0.075
12.55	-7.919	-13.969	-0.053
12.56	-7.921	-13.719	-0.060
12.57	-7.922	-13.446	-0.051
12.58	-7.923	-13.213	-0.010
12.59	-7.924	-13.018	0.007
12.6	-7.925	-12.758	0.028
12.61	-7.927	-12.464	0.025
12.62	-7.929	-12.220	0.010
12.63	-7.930	-11.985	0.023
12.64	-7.932	-11.741	-0.030
12.65	-7.934	-11.506	-0.058
12.66	-7.935	-11.254	-0.060
12.67	-7.936	-10.986	-0.075
12.68	-7.938	-10.731	-0.069
12.69	-7.939	-10.514	-0.098
12.7	-7.939	-10.364	-0.096
12.71	-7.939	-10.288	-0.097
12.72	-7.940	-10.321	-0.088
12.73	-7.942	-10.452	-0.132
12.74	-7.946	-10.623	0.032
12.75	-7.949	-10.820	0.638
12.76	-7.953	-11.029	1.189
12.77	-7.957	-11.230	0.779
12.78	-7.961	-11.362	0.106
12.79	-7.963	-11.419	0.030
12.8	-7.966	-11.456	-0.041
12.81	-7.968	-11.494	-0.100
12.82	-7.969	-11.518	-0.100
12.83	-7.969	-11.431	-0.114
12.84	-7.970	-11.158	-0.101
12.85	-7.970	-10.719	-0.081
12.86	-7.971	-10.136	-0.079
12.87	-7.972	-9.189	-0.078
12.88	-7.973	-7.291	-0.060
12.89	-7.973	-3.719	-0.046
12.9	-7.973	2.246	-0.031
12.91	-7.974	10.360	-0.023
12.92	-7.978	17.279	0.003
12.93	-7.981	20.098	0.024
12.94	-7.986	20.448	0.055
12.95	-7.991	20.455	0.081
12.96	-7.996	20.456	0.101
12.97	-8.003	20.450	0.143
12.98	-8.009	20.297	0.170
12.99	-8.016	18.658	0.181
13.0	-8.021	13.854	0.183
13.01	-8.026	7.215	0.119
13.02	-8.029	1.313	0.048
13.03	-8.033	-3.113	-0.011
13.04	-8.034	-6.282	-0.068
13.05	-8.037	-8.580	-0.107
13.06	-8.039	-10.189	-0.115
13.07	-8.043	-11.293	-0.126
13.08	-8.047	-12.291	-0.112
13.09	-8.051	-13.457	-0.114
13.1	-8.056	-15.091	-0.129
13.11	-8.061	-17.345	-0.111
13.12	-8.066	-19.387	-0.112
13.13	-8.072	-20.311	-0.116
13.14	-8.078	-20.454	-0.105
13.15	-8.083	-20.456	-0.107
13.16	-8.088	-20.456	-0.107
13.17	-8.094	-20.456	-0.099
13.18	-8.101	-20.454	-0.103
13.19	-8.109	-20.331	-0.090
13.2	-8.117	-19.343	-0.088
13.21	-8.126	-16.857	-0.093
13.22	-8.136	-13.843	-0.082
13.23	-8.144	-11.621	-0.088
13.24	-8.153	-10.500	-0.082
13.25	-8.162	-10.283	-0.086
13.26	-8.173	-10.671	-0.096
13.27	-8.184	-11.394	-0.088
13.28	-8.197	-12.278	-0.085
13.29	-8.212	-13.191	-0.081
13.3	-8.228	-13.984	-0.073
13.31	-8.246	-14.561	-0.080
13.32	-8.263	-14.974	-0.072
13.33	-8.279	-15.254	-0.083
13.34	-8.295	-15.363	-0.082
13.35	-8.312	-15.343	-0.074
13.36	-8.331	-15.221	-0.077
13.37	-8.351	-14.991	-0.062
13.38	-8.371	-14.726	-0.072
13.39	-8.391	-14.460	-0.070
13.4	-8.413	-14.183	-0.068
13.41	-8.435	-13.920	-0.062
13.42	-8.455	-13.653	-0.060
13.43	-8.470	-13.368	-0.061
13.44	-8.482	-13.073	-0.027
13.45	-8.494	-12.766	-0.006
13.46	-8.506	-12.461	0.016
13.47	-8.518	-12.190	0.033
13.48	-8.529	-11.965	0.019
13.49	-8.541	-11.736	0.011
13.5	-8.552	-11.531	-0.002
13.51	-8.563	-11.406	-0.041
13.52	-8.574	-11.287	-0.060
13.53	-8.586	-11.125	-0.067
13.54	-8.598	-10.923	-0.074
13.55	-8.610	-10.649	-0.079
13.56	-8.623	-10.354	-0.084
13.57	-8.636	-10.182	-0.102
13.58	-8.650	-10.166	-0.076
13.59	-8.664	-10.223	-0.100
13.6	-8.678	-10.328	-0.112
13.61	-8.693	-10.499	0.259
13.62	-8.707	-10.708	0.897
13.63	-8.719	-10.920	1.000
13.64	-8.728	-11.113	0.344
13.65	-8.735	-11.229	0.025
13.66	-8.740	-11.333	0.029
13.67	-8.746	-11.477	-0.075
13.68	-8.752	-11.558	-0.078
13.69	-8.758	-11.533	-0.096
13.7	-8.763	-11.403	-0.093
13.71	-8.769	-11.141	-0.087
13.72	-8.775	-10.724	-0.076
13.73	-8.781	-10.175	-0.070
13.74	-8.787	-9.305	-0.059
13.75	-8.793	-7.508	-0.038
13.76	-8.798	-4.042	-0.033
13.77	-8.805	1.756	-0.024
13.78	-8.813	9.759	0.005
13.79	-8.822	16.883	0.025
13.8	-8.832	20.008	0.040
13.81	-8.844	20.448	0.072
13.82	-8.855	20.454	0.101
13.83	-8.867	20.454	0.134
13.84	-8.879	20.443	0.155
13.85	-8.891	19.959	0.178
13.86	-8.903	17.066	0.192
13.87	-8.914	10.870	0.162
13.88	-8.926	3.764	0.106
13.89	-8.936	-2.016	0.020
13.9	-8.946	-6.183	-0.029
13.91	-8.955	-8.991	-0.076
13.92	-8.964	-10.746	-0.111
13.93	-8.973	-11.805	-0.109
13.94	-8.983	-12.576	-0.126
13.95	-8.993	-13.429	-0.125
13.96	-9.001	-14.687	-0.112
13.97	-9.009	-16.634	-0.119
13.98	-9.016	-18.819	-0.119
13.99	-9.023	-20.131	-0.110
14.0	-9.027	-20.442	-0.106
14.01	-9.030	-20.456	-0.104
14.02	-9.034	-20.456	-0.104
14.03	-9.039	-20.454	-0.106
14.04	-9.044	-20.411	-0.102
14.05	-9.051	-19.844	-0.101
14.06	-9.057	-18.024	-0.088
14.07	-9.063	-15.333	-0.089
14.08	-9.069	-12.909	-0.078
14.09	-9.076	-11.295	-0.087
14.1	-9.082	-10.533	-0.102
14.11	-9.090	-10.443	-0.084
14.12	-9.098	-10.800	-0.088
14.13	-9.105	-11.471	-0.085
14.14	-9.111	-12.291	-0.090
14.15	-9.116	-13.089	-0.085
14.16	-9.123	-13.818	-0.076
14.17	-9.129	-14.438	-0.082
14.18	-9.134	-14.922	-0.072
14.19	-9.139	-15.271	-0.085
14.2	-9.145	-15.397	-0.079
14.21	-9.151	-15.314	-0.072
14.22	-9.155	-15.172	-0.090
14.23	-9.160	-14.973	-0.075
14.24	-9.164	-14.686	-0.069
14.25	-9.168	-14.394	-0.066
14.26	-9.172	-14.117	-0.068
14.27	-9.178	-13.791	-0.074
14.28	-9.183	-13.406	-0.070
14.29	-9.189	-13.077	-0.061
14.3	-9.194	-12.829	-0.057
14.31	-9.200	-12.570	-0.037
14.32	-9.206	-12.326	-0.004
14.33	-9.211	-12.121	0.020
14.34	-9.215	-11.928	0.025
14.35	-9.220	-11.733	0.011
14.36	-9.226	-11.532	0.006
14.37	-9.232	-11.371	-0.024
14.38	-9.237	-11.227	-0.061
14.39	-9.240	-11.024	-0.076
14.4	-9.242	-10.802	-0.063
14.41	-9.243	-10.633	-0.073
14.42	-9.242	-10.490	-0.094
14.43	-9.241	-10.349	-0.086
14.44	-9.238	-10.242	-0.103
14.45	-9.236	-10.212	-0.084
14.46	-9.232	-10.283	-0.123
14.47	-9.227	-10.418	-0.075
14.48	-9.219	-10.571	0.367
14.49	-9.207	-10.767	0.919
14.5	-9.187	-11.011	0.830
14.51	-9.161	-11.211	0.191
14.52	-9.133	-11.337	0.014
14.53	-9.103	-11.449	-0.002
14.54	-9.074	-11.561	-0.098
14.55	-9.043	-11.667	-0.071
14.56	-9.011	-11.711	-0.085
14.57	-8.979	-11.566	-0.081
14.58	-8.950	-11.254	-0.079
14.59	-8.923	-10.849	-0.075
14.6	-8.896	-10.283	-0.064
14.61	-8.870	-9.361	-0.052
14.62	-8.844	-7.633	-0.036
14.63	-8.818	-4.414	-0.035
14.64	-8.793	1.004	-0.021
14.65	-8.770	8.756	0.013
14.66	-8.748	16.185	0.026
14.67	-8.727	19.819	0.057
14.68	-8.707	20.439	0.092
14.69	-8.688	20.454	0.105
14.7	-8.668	20.454	0.142
14.71	-8.648	20.420	0.167
14.72	-8.629	19.611	0.170
14.73	-8.609	16.024	0.191
14.74	-8.589	9.442	0.163
14.75	-8.569	2.499	0.094
14.76	-8.551	-3.044	0.026
14.77	-8.532	-7.039	-0.047
14.78	-8.514	-9.674	-0.094
14.79	-8.494	-11.295	-0.110
14.8	-8.476	-12.292	-0.121
14.81	-8.457	-13.034	-0.128
14.82	-8.439	-13.921	-0.118
14.83	-8.421	-15.326	-0.112
14.84	-8.403	-17.360	-0.130
14.85	-8.384	-19.336	-0.123
14.86	-8.365	-20.299	-0.102
14.87	-8.346	-20.453	-0.118
14.88	-8.328	-20.456	-0.100
14.89	-8.310	-20.456	-0.095
14.9	-8.293	-20.447	-0.110
14.91	-8.276	-20.199	-0.092
14.92	-8.261	-18.927	-0.086
14.93	-8.245	-16.413	-0.091
14.94	-8.228	-13.731	-0.086
14.95	-8.211	-11.767	-0.079
14.96	-8.196	-10.629	-0.087
14.97	-8.180	-10.174	-0.082
14.98	-8.165	-10.271	-0.082
14.99	-8.151	-10.796	-0.088
15.0	-8.138	-11.539	-0.079
15.01	-8.126	-12.331	-0.084
15.02	-8.114	-13.119	-0.084
15.03	-8.103	-13.865	-0.081
15.04	-8.091	-14.476	-0.080
15.05	-8.081	-14.888	-0.080
15.06	-8.071	-15.115	-0.086
15.07	-8.061	-15.175	-0.072
15.08	-8.051	-15.073	-0.069
15.09	-8.042	-14.847	-0.077
15.1	-8.033	-14.558	-0.071
15.11	-8.024	-14.264	-0.070
15.12	-8.016	-13.971	-0.070
15.13	-8.009	-13.648	-0.058
15.14	-8.002	-13.323	-0.066
15.15	-7.996	-13.047	-0.051
15.16	-7.989	-12.793	-0.033
15.17	-7.982	-12.529	-0.016
15.18	-7.976	-12.299	0.025
15.19	-7.970	-12.100	0.019
15.2	-7.964	-11.909	0.001
15.21	-7.958	-11.733	0.012
15.22	-7.953	-11.554	-0.002
15.23	-7.947	-11.358	-0.052
15.24	-7.941	-11.154	-0.074
15.25	-7.935	-10.949	-0.066
15.26	-7.929	-10.718	-0.082
15.27	-7.923	-10.479	-0.087
15.28	-7.917	-10.309	-0.086
15.29	-7.911	-10.246	-0.089
15.3	-7.905	-10.275	-0.079
15.31	-7.901	-10.326	-0.129
15.32	-7.899	-10.437	-0.057
15.33	-7.900	-10.622	0.379
15.34	-7.899	-10.783	1.011
15.35	-7.898	-10.929	0.960
15.36	-7.895	-11.075	0.240
15.37	-7.890	-11.208	0.022
15.38	-7.885	-11.312	-0.001
15.39	-7.881	-11.408	-0.087
15.4	-7.876	-11.510	-0.090
15.41	-7.872	-11.516	-0.110
15.42	-7.869	-11.368	-0.094
15.43	-7.868	-11.063	-0.091
15.44	-7.867	-10.589	-0.081
15.45	-7.866	-9.852	-0.065
15.46	-7.863	-8.534	-0.059
15.47	-7.860	-5.991	-0.054
15.48	-7.857	-1.499	-0.029
15.49	-7.854	5.446	-0.020
15.5	-7.853	13.514	-0.014
15.51	-7.853	18.871	0.015
15.52	-7.853	20.370	0.046
15.53	-7.852	20.451	0.081
15.54	-7.851	20.456	0.115
15.55	-7.849	20.454	0.140
15.56	-7.848	20.430	0.150
15.57	-7.846	19.762	0.174
15.58	-7.845	16.546	0.180
15.59	-7.844	10.440	0.148
15.6	-7.843	3.951	0.091
15.61	-7.843	-1.161	0.025
15.62	-7.841	-4.855	-0.038
15.63	-7.839	-7.446	-0.090
15.64	-7.838	-9.224	-0.111
15.65	-7.837	-10.495	-0.120
15.66	-7.838	-11.531	-0.131
15.67	-7.838	-12.584	-0.110
15.68	-7.839	-14.011	-0.116
15.69	-7.841	-16.026	-0.128
15.7	-7.843	-18.313	-0.110
15.71	-7.844	-19.913	-0.113
15.72	-7.845	-20.419	-0.110
15.73	-7.846	-20.454	-0.112
15.74	-7.845	-20.456	-0.114
15.75	-7.845	-20.456	-0.097
15.76	-7.846	-20.454	-0.095
15.77	-7.848	-20.390	-0.097
15.78	-7.851	-19.702	-0.092
15.79	-7.853	-17.733	-0.090
15.8	-7.854	-15.161	-0.092
15.81	-7.856	-13.083	-0.083
15.82	-7.857	-11.809	-0.091
15.83	-7.857	-11.339	-0.089
15.84	-7.857	-11.461	-0.090
15.85	-7.857	-11.946	-0.091
15.86	-7.858	-12.692	-0.081
15.87	-7.859	-13.468	-0.083
15.88	-7.859	-14.092	-0.086
15.89	-7.860	-14.641	-0.090
15.9	-7.861	-15.058	-0.081
15.91	-7.862	-15.268	-0.080
15.92	-7.863	-15.368	-0.089
15.93	-7.864	-15.396	-0.073
15.94	-7.865	-15.298	-0.076
15.95	-7.866	-15.100	-0.081
15.96	-7.868	-14.878	-0.076
15.97	-7.869	-14.591	-0.064
15.98	-7.870	-14.277	-0.062
15.99	-7.871	-14.016	-0.074
16.0	-7.873	-13.771	-0.071
16.01	-7.874	-13.506	-0.069
16.02	-7.875	-13.274	-0.052
16.03	-7.876	-13.041	-0.015
16.04	-7.878	-12.762	0.005
16.05	-7.878	-12.510	0.011
16.06	-7.879	-12.282	0.028
16.07	-7.880	-12.071	0.021
16.08	-7.881	-11.871	0.002
16.09	-7.883	-11.654	-0.001
16.1	-7.884	-11.478	-0.053
16.11	-7.885	-11.293	-0.065
16.12	-7.886	-11.071	-0.052
16.13	-7.888	-10.899	-0.081
16.14	-7.889	-10.740	-0.099
16.15	-7.889	-10.571	-0.087
16.16	-7.891	-10.456	-0.092
16.17	-7.891	-10.431	-0.080
16.18	-7.893	-10.519	-0.122
16.19	-7.896	-10.632	-0.092
16.2	-7.899	-10.736	0.311
16.21	-7.902	-10.924	0.999
16.22	-7.904	-11.137	1.097
16.23	-7.907	-11.276	0.358
16.24	-7.910	-11.351	0.025
16.25	-7.912	-11.414	0.014
16.26	-7.914	-11.493	-0.101
16.27	-7.916	-11.569	-0.096
16.28	-7.917	-11.577	-0.115
16.29	-7.917	-11.422	-0.097
16.3	-7.916	-11.123	-0.088
16.31	-7.914	-10.671	-0.092
16.32	-7.914	-9.842	-0.077
16.33	-7.915	-8.321	-0.075
16.34	-7.917	-5.589	-0.055
16.35	-7.919	-0.869	-0.034
16.36	-7.921	6.338	-0.031
16.37	-7.924	14.284	-0.015
16.38	-7.926	19.162	0.010
16.39	-7.928	20.394	0.037
16.4	-7.929	20.453	0.064
16.41	-7.931	20.456	0.101
16.42	-7.931	20.454	0.122
16.43	-7.933	20.430	0.145
16.44	-7.933	19.771	0.164
16.45	-7.934	16.601	0.176
16.46	-7.935	10.617	0.147
16.47	-7.936	4.285	0.099
16.48	-7.936	-0.831	0.015
16.49	-7.935	-4.667	-0.048
16.5	-7.934	-7.414	-0.088
16.51	-7.932	-9.369	-0.114
16.52	-7.932	-10.864	-0.117
16.53	-7.933	-12.426	-0.126
16.54	-7.936	-13.884	-0.130
16.55	-7.939	-14.981	-0.127
16.56	-7.942	-16.594	-0.109
16.57	-7.946	-18.690	-0.111
16.58	-7.949	-20.034	-0.128
16.59	-7.952	-20.418	-0.117
16.6	-7.954	-20.455	-0.109
16.61	-7.954	-20.456	-0.102
16.62	-7.956	-20.456	-0.103
16.63	-7.956	-20.456	-0.109
16.64	-7.959	-20.439	-0.096
16.65	-7.961	-20.074	-0.086
16.66	-7.964	-18.551	-0.104
16.67	-7.969	-15.942	-0.100
16.68	-7.974	-13.484	-0.101
16.69	-7.979	-11.873	-0.093
16.7	-7.984	-11.106	-0.097
16.71	-7.987	-11.047	-0.094
16.72	-7.991	-11.463	-0.082
16.73	-7.995	-12.168	-0.100
16.74	-7.999	-13.016	-0.096
16.75	-8.003	-13.846	-0.082
16.76	-8.008	-14.533	-0.104
16.77	-8.012	-15.028	-0.092
16.78	-8.018	-15.365	-0.083
16.79	-8.024	-15.599	-0.081
16.8	-8.031	-15.675	-0.081
16.81	-8.037	-15.571	-0.077
16.82	-8.044	-15.369	-0.073
16.83	-8.050	-15.086	-0.071
16.84	-8.058	-14.742	-0.082
16.85	-8.065	-14.418	-0.076
16.86	-8.072	-14.126	-0.071
16.87	-8.078	-13.837	-0.079
16.88	-8.083	-13.574	-0.072
16.89	-8.088	-13.331	-0.062
16.9	-8.093	-13.068	-0.059
16.91	-8.099	-12.792	-0.043
16.92	-8.104	-12.534	-0.011
16.93	-8.111	-12.320	0.023
16.94	-8.118	-12.132	0.023
16.95	-8.126	-11.936	0.015
16.96	-8.134	-11.766	0.011
16.97	-8.144	-11.655	0.012
16.98	-8.154	-11.527	-0.047
16.99	-8.164	-11.284	-0.070
17.0	-8.176	-10.978	-0.071
17.01	-8.188	-10.732	-0.085
17.02	-8.199	-10.545	-0.075
17.03	-8.210	-10.390	-0.095
17.04	-8.221	-10.297	-0.094
17.05	-8.233	-10.284	-0.074
17.06	-8.246	-10.351	-0.124
17.07	-8.260	-10.476	-0.119
17.08	-8.277	-10.621	0.224
17.09	-8.293	-10.769	0.899
17.1	-8.309	-10.923	1.110
17.11	-8.326	-11.106	0.428
17.12	-8.339	-11.285	0.040
17.13	-8.350	-11.421	0.034
17.14	-8.359	-11.511	-0.087
17.15	-8.369	-11.494	-0.076
17.16	-8.380	-11.411	-0.103
17.17	-8.390	-11.294	-0.107
17.18	-8.400	-11.038	-0.085
17.19	-8.409	-10.640	-0.088
17.2	-8.419	-10.114	-0.077
17.21	-8.429	-9.159	-0.048
17.22	-8.439	-7.189	-0.053
17.23	-8.448	-3.485	-0.047
17.24	-8.457	2.619	-0.017
17.25	-8.466	10.706	-0.007
17.26	-8.476	17.438	-0.002
17.27	-8.486	20.126	0.035
17.28	-8.498	20.448	0.064
17.29	-8.509	20.456	0.093
17.3	-8.519	20.454	0.122
17.31	-8.530	20.448	0.155
17.32	-8.541	20.056	0.176
17.33	-8.551	17.473	0.180
17.34	-8.563	11.609	0.159
17.35	-8.575	4.683	0.097
17.36	-8.586	-1.034	0.034
17.37	-8.596	-5.337	-0.015
17.38	-8.605	-8.429	-0.079
17.39	-8.614	-10.494	-0.102
17.4	-8.625	-11.849	-0.118
17.41	-8.636	-12.751	-0.125
17.42	-8.648	-13.520	-0.112
17.43	-8.659	-14.608	-0.117
17.44	-8.672	-16.291	-0.125
17.45	-8.685	-18.356	-0.109
17.46	-8.698	-19.893	-0.116
17.47	-8.711	-20.409	-0.124
17.48	-8.723	-20.454	-0.102
17.49	-8.733	-20.456	-0.101
17.5	-8.743	-20.456	-0.108
17.51	-8.753	-20.454	-0.088
17.52	-8.764	-20.347	-0.094
17.53	-8.774	-19.489	-0.089
17.54	-8.783	-17.366	-0.090
17.55	-8.792	-14.769	-0.096
17.56	-8.802	-12.678	-0.085
17.57	-8.812	-11.363	-0.085
17.58	-8.821	-10.842	-0.089
17.59	-8.832	-10.873	-0.081
17.6	-8.843	-11.219	-0.080
17.61	-8.854	-11.852	-0.080
17.62	-8.865	-12.613	-0.079
17.63	-8.876	-13.274	-0.080
17.64	-8.888	-13.849	-0.087
17.65	-8.898	-14.404	-0.077
17.66	-8.908	-14.822	-0.079
17.67	-8.917	-15.051	-0.070
17.68	-8.926	-15.137	-0.067
17.69	-8.933	-15.109	-0.077
17.7	-8.938	-15.013	-0.082
17.71	-8.943	-14.828	-0.073
17.72	-8.947	-14.556	-0.066
17.73	-8.951	-14.238	-0.058
17.74	-8.955	-13.874	-0.073
17.75	-8.959	-13.491	-0.072
17.76	-8.962	-13.154	-0.061
17.77	-8.964	-12.861	-0.039
17.78	-8.966	-12.579	-0.030
17.79	-8.969	-12.331	0.005
17.8	-8.973	-12.125	0.025
17.81	-8.976	-11.939	-0.009
17.82	-8.981	-11.752	0.004
17.83	-8.986	-11.550	0.008
17.84	-8.991	-11.330	-0.035
17.85	-8.994	-11.094	-0.057
17.86	-8.996	-10.898	-0.064
17.87	-8.998	-10.756	-0.060
17.88	-8.998	-10.641	-0.086
17.89	-8.998	-10.519	-0.094
17.9	-8.998	-10.406	-0.085
17.91	-8.999	-10.336	-0.086
17.92	-9.002	-10.279	-0.098
17.93	-9.006	-10.276	-0.141
17.94	-9.013	-10.420	0.079
17.95	-9.021	-10.639	0.673
17.96	-9.027	-10.851	1.003
17.97	-9.030	-11.044	0.512
17.98	-9.031	-11.189	0.039
17.99	-9.032	-11.339	0.036
18.0	-9.033	-11.533	-0.060
18.01	-9.036	-11.702	-0.085
18.02	-9.037	-11.768	-0.091
18.03	-9.037	-11.717	-0.101
18.04	-9.039	-11.544	-0.078
18.05	-9.041	-11.242	-0.064
18.06	-9.044	-10.823	-0.075
18.07	-9.047	-10.209	-0.063
18.08	-9.048	-9.165	-0.050
18.09	-9.049	-7.158	-0.038
18.1	-9.051	-3.499	-0.023
18.11	-9.053	2.351	-0.011
18.12	-9.054	10.191	0.015
18.13	-9.056	17.066	0.031
18.14	-9.057	20.038	0.053
18.15	-9.058	20.449	0.097
18.16	-9.059	20.454	0.127
18.17	-9.059	20.451	0.151
18.18	-9.061	20.231	0.178
18.19	-9.061	18.328	0.196
18.2	-9.061	13.150	0.174
18.21	-9.059	6.060	0.125
18.22	-9.054	-0.427	0.058
18.23	-9.048	-5.450	-0.026
18.24	-9.039	-9.010	-0.068
18.25	-9.025	-11.276	-0.087
18.26	-9.006	-12.578	-0.119
18.27	-8.986	-13.346	-0.113
18.28	-8.966	-14.034	-0.128
18.29	-8.943	-15.026	-0.122
18.3	-8.920	-16.593	-0.111
18.31	-8.896	-18.587	-0.122
18.32	-8.871	-20.019	-0.120
18.33	-8.847	-20.433	-0.107
18.34	-8.823	-20.455	-0.106
18.35	-8.799	-20.456	-0.100
18.36	-8.776	-20.454	-0.104
18.37	-8.754	-20.355	-0.096
18.38	-8.733	-19.547	-0.093
18.39	-8.711	-17.455	-0.086
18.4	-8.691	-14.767	-0.097
18.41	-8.670	-12.486	-0.094
18.42	-8.650	-10.908	-0.094
18.43	-8.630	-10.078	-0.095
18.44	-8.611	-9.894	-0.080
18.45	-8.592	-10.174	-0.090
18.46	-8.574	-10.764	-0.098
18.47	-8.558	-11.488	-0.092
18.48	-8.541	-12.231	-0.087
18.49	-8.525	-12.969	-0.083
18.5	-8.509	-13.587	-0.084
18.51	-8.491	-14.018	-0.083
18.52	-8.474	-14.338	-0.094
18.53	-8.457	-14.526	-0.078
18.54	-8.439	-14.552	-0.079
18.55	-8.422	-14.464	-0.081
18.56	-8.404	-14.281	-0.079
18.57	-8.388	-14.040	-0.078
18.58	-8.373	-13.789	-0.086
18.59	-8.358	-13.512	-0.060
18.6	-8.342	-13.246	-0.045
18.61	-8.328	-12.988	-0.034
18.62	-8.314	-12.708	0.001
18.63	-8.302	-12.475	0.025
18.64	-8.289	-12.251	0.002
18.65	-8.277	-12.014	0.004
18.66	-8.266	-11.808	-0.002
18.67	-8.254	-11.624	-0.036
18.68	-8.243	-11.434	-0.058
18.69	-8.231	-11.181	-0.077
18.7	-8.219	-10.936	-0.078
18.71	-8.206	-10.734	-0.072
18.72	-8.193	-10.517	-0.094
18.73	-8.180	-10.321	-0.110
18.74	-8.168	-10.208	-0.095
18.75	-8.155	-10.187	-0.109
18.76	-8.144	-10.245	-0.136
18.77	-8.136	-10.350	0.123
18.78	-8.128	-10.474	0.731
18.79	-8.119	-10.661	1.053
18.8	-8.109	-10.897	0.488
18.81	-8.097	-11.099	0.036
18.82	-8.084	-11.253	0.025
18.83	-8.072	-11.353	-0.074
18.84	-8.063	-11.414	-0.096
18.85	-8.053	-11.461	-0.096
18.86	-8.044	-11.457	-0.103
18.87	-8.037	-11.314	-0.093
18.88	-8.030	-11.034	-0.087
18.89	-8.024	-10.639	-0.073
18.9	-8.019	-9.953	-0.072
18.91	-8.013	-8.622	-0.056
18.92	-8.007	-6.090	-0.036
18.93	-8.000	-1.687	-0.026
18.94	-7.994	5.006	-0.013
18.95	-7.987	12.911	0.001
18.96	-7.982	18.519	0.017
18.97	-7.978	20.309	0.059
18.98	-7.974	20.449	0.090
18.99	-7.971	20.455	0.110
19.0	-7.968	20.451	0.151
19.01	-7.964	20.130	0.182
19.02	-7.960	17.869	0.165
19.03	-7.956	12.486	0.162
19.04	-7.952	5.741	0.115
19.05	-7.947	-0.183	0.036
19.06	-7.944	-4.771	-0.041
19.07	-7.939	-8.110	-0.082
19.08	-7.935	-10.392	-0.103
19.09	-7.931	-11.869	-0.118
19.1	-7.926	-12.809	-0.129
19.11	-7.923	-13.598	-0.125
19.12	-7.920	-14.569	-0.126
19.13	-7.917	-15.970	-0.109
19.14	-7.914	-17.908	-0.121
19.15	-7.914	-19.631	-0.136
19.16	-7.912	-20.359	-0.118
19.17	-7.909	-20.454	-0.110
19.18	-7.904	-20.456	-0.115
19.19	-7.901	-20.456	-0.114
19.2	-7.900	-20.450	-0.100
19.21	-7.900	-20.250	-0.098
19.22	-7.901	-19.156	-0.104
19.23	-7.901	-16.885	-0.099
19.24	-7.901	-14.323	-0.096
19.25	-7.901	-12.339	-0.091
19.26	-7.900	-11.091	-0.091
19.27	-7.899	-10.479	-0.089
19.28	-7.899	-10.402	-0.108
19.29	-7.899	-10.743	-0.089
19.3	-7.899	-11.371	-0.086
19.31	-7.899	-12.122	-0.081
19.32	-7.899	-12.808	-0.089
19.33	-7.899	-13.372	-0.096
19.34	-7.900	-13.888	-0.089
19.35	-7.901	-14.316	-0.086
19.36	-7.901	-14.543	-0.080
19.37	-7.902	-14.609	-0.083
19.38	-7.902	-14.562	-0.078
19.39	-7.903	-14.394	-0.073
19.4	-7.904	-14.177	-0.090
19.41	-7.905	-13.933	-0.068
19.42	-7.906	-13.654	-0.063
19.43	-7.906	-13.374	-0.058
19.44	-7.907	-13.090	-0.014
19.45	-7.907	-12.822	-0.001
19.46	-7.907	-12.591	0.008
19.47	-7.907	-12.378	0.010
19.48	-7.907	-12.180	-0.008
19.49	-7.908	-11.989	0.010
19.5	-7.909	-11.789	-0.034
19.51	-7.911	-11.565	-0.076
19.52	-7.912	-11.324	-0.079
19.53	-7.913	-11.062	-0.077
19.54	-7.914	-10.767	-0.098
19.55	-7.915	-10.488	-0.102
19.56	-7.916	-10.279	-0.096
19.57	-7.916	-10.165	-0.099
19.58	-7.916	-10.142	-0.123
19.59	-7.917	-10.160	-0.135
19.6	-7.921	-10.255	0.126
19.61	-7.924	-10.469	0.790
19.62	-7.926	-10.738	1.167
19.63	-7.929	-10.961	0.560
19.64	-7.931	-11.111	0.044
19.65	-7.932	-11.269	0.020
19.66	-7.933	-11.441	-0.084
19.67	-7.933	-11.508	-0.088
19.68	-7.934	-11.464	-0.121
19.69	-7.933	-11.340	-0.122
19.7	-7.932	-11.121	-0.089
19.71	-7.931	-10.813	-0.093
19.72	-7.933	-10.284	-0.088
19.73	-7.934	-9.261	-0.077
19.74	-7.936	-7.302	-0.064
19.75	-7.937	-3.743	-0.049
19.76	-7.938	2.011	-0.043
19.77	-7.939	9.784	-0.017
19.78	-7.942	16.778	-0.007
19.79	-7.944	19.966	0.022
19.8	-7.947	20.447	0.049
19.81	-7.949	20.454	0.085
19.82	-7.949	20.454	0.118
19.83	-7.949	20.446	0.135
19.84	-7.949	20.041	0.158
19.85	-7.949	17.497	0.164
19.86	-7.949	11.868	0.148
19.87	-7.950	5.282	0.103
19.88	-7.950	-0.181	0.033
19.89	-7.950	-4.299	-0.029
19.9	-7.949	-7.282	-0.080
19.91	-7.948	-9.357	-0.099
19.92	-7.948	-10.778	-0.120
19.93	-7.949	-11.850	-0.123
19.94	-7.951	-12.848	-0.122
19.95	-7.953	-13.983	-0.131
19.96	-7.956	-15.559	-0.128
19.97	-7.958	-17.697	-0.108
19.98	-7.961	-19.573	-0.107
19.99	-7.964	-20.354	-0.114
20.0	-7.967	-20.454	-0.111
20.01	-7.969	-20.456	-0.108
20.02	-7.970	-20.456	-0.110
20.03	-7.972	-20.454	-0.102
20.04	-7.974	-20.421	-0.103
20.05	-7.978	-19.910	-0.087
20.06	-7.981	-18.189	-0.100
20.07	-7.985	-15.611	-0.099
20.08	-7.989	-13.314	-0.091
20.09	-7.994	-11.786	-0.083
20.1	-7.999	-10.984	-0.089
20.11	-8.004	-10.809	-0.098
20.12	-8.009	-11.114	-0.092
20.13	-8.014	-11.676	-0.090
20.14	-8.018	-12.326	-0.087
20.15	-8.023	-12.944	-0.090
20.16	-8.027	-13.459	-0.099
20.17	-8.033	-13.910	-0.087
20.18	-8.037	-14.288	-0.081
20.19	-8.041	-14.526	-0.078
20.2	-8.046	-14.643	-0.076
20.21	-8.051	-14.690	-0.076
20.22	-8.058	-14.619	-0.083
20.23	-8.064	-14.395	-0.078
20.24	-8.072	-14.087	-0.068
20.25	-8.080	-13.819	-0.057
20.26	-8.087	-13.672	-0.042
20.27	-8.094	-13.507	-0.001
20.28	-8.099	-13.216	0.020
20.29	-8.105	-12.939	0.014
20.3	-8.112	-12.743	0.003
20.31	-8.120	-12.554	0.018
20.32	-8.128	-12.318	-0.019
20.33	-8.136	-12.031	-0.076
20.34	-8.144	-11.739	-0.092
20.35	-8.152	-11.507	-0.087
20.36	-8.162	-11.274	-0.087
20.37	-8.174	-10.983	-0.092
20.38	-8.186	-10.711	-0.115
20.39	-8.199	-10.503	-0.105
20.4	-8.213	-10.434	-0.095
20.41	-8.228	-10.486	-0.158
20.42	-8.247	-10.530	-0.003
20.43	-8.266	-10.613	0.560
20.44	-8.284	-10.804	1.127
20.45	-8.301	-11.033	0.784
20.46	-8.318	-11.213	0.088
20.47	-8.334	-11.327	0.020
20.48	-8.348	-11.426	-0.041
20.49	-8.361	-11.509	-0.106
20.5	-8.373	-11.503	-0.100
20.51	-8.386	-11.383	-0.117
20.52	-8.399	-11.153	-0.112
20.53	-8.416	-10.818	-0.108
20.54	-8.434	-10.382	-0.093
20.55	-8.456	-9.691	-0.081
20.56	-8.480	-8.363	-0.066
20.57	-8.504	-5.779	-0.048
20.58	-8.529	-1.208	-0.044
20.59	-8.551	5.956	-0.030
20.6	-8.569	14.073	-0.012
20.61	-8.585	19.122	0.021
20.62	-8.597	20.393	0.038
20.63	-8.607	20.453	0.068
20.64	-8.616	20.456	0.101
20.65	-8.625	20.453	0.127
20.66	-8.634	20.408	0.155
20.67	-8.643	19.451	0.161
20.68	-8.654	15.569	0.151
20.69	-8.666	8.968	0.117
20.7	-8.678	2.428	0.040
20.71	-8.688	-2.715	-0.024
20.72	-8.697	-6.560	-0.062
20.73	-8.706	-9.164	-0.102
20.74	-8.716	-10.758	-0.137
20.75	-8.726	-11.829	-0.128
20.76	-8.738	-12.783	-0.133
20.77	-8.749	-13.950	-0.128
20.78	-8.761	-15.681	-0.124
20.79	-8.772	-17.913	-0.109
20.8	-8.783	-19.706	-0.128
20.81	-8.793	-20.381	-0.131
20.82	-8.803	-20.454	-0.105
20.83	-8.811	-20.456	-0.112
20.84	-8.819	-20.456	-0.108
20.85	-8.829	-20.454	-0.106
20.86	-8.838	-20.379	-0.111
20.87	-8.848	-19.625	-0.097
20.88	-8.857	-17.502	-0.101
20.89	-8.867	-14.690	-0.094
20.9	-8.877	-12.398	-0.096
20.91	-8.888	-10.957	-0.101
20.92	-8.899	-10.291	-0.095
20.93	-8.909	-10.273	-0.096
20.94	-8.920	-10.648	-0.094
20.95	-8.931	-11.268	-0.097
20.96	-8.941	-12.069	-0.100
20.97	-8.951	-12.897	-0.087
20.98	-8.961	-13.637	-0.088
20.99	-8.972	-14.227	-0.088
21.0	-8.982	-14.676	-0.089
21.01	-8.992	-15.063	-0.085
21.02	-9.001	-15.288	-0.100
21.03	-9.009	-15.213	-0.083
21.04	-9.018	-15.016	-0.080
21.05	-9.027	-14.875	-0.073
21.06	-9.036	-14.726	-0.035
21.07	-9.045	-14.504	-0.021
21.08	-9.053	-14.226	-0.007
21.09	-9.061	-13.852	0.012
21.1	-9.069	-13.439	-0.007
21.11	-9.079	-13.141	-0.003
21.12	-9.088	-12.881	-0.022
21.13	-9.096	-12.583	-0.063
21.14	-9.103	-12.278	-0.079
21.15	-9.109	-11.916	-0.085
21.16	-9.113	-11.498	-0.075
21.17	-9.116	-11.114	-0.085
21.18	-9.117	-10.827	-0.109
21.19	-9.121	-10.601	-0.108
21.2	-9.124	-10.458	-0.087
21.21	-9.129	-10.496	-0.139
21.22	-9.135	-10.664	-0.085
21.23	-9.143	-10.849	0.367
21.24	-9.150	-11.021	0.947
21.25	-9.156	-11.204	0.845
21.26	-9.161	-11.397	0.169
21.27	-9.162	-11.613	0.017
21.28	-9.164	-11.818	0.004
21.29	-9.166	-11.941	-0.093
21.3	-9.168	-11.979	-0.089
21.31	-9.170	-11.939	-0.102
21.32	-9.171	-11.806	-0.097
21.33	-9.174	-11.541	-0.088
21.34	-9.178	-11.126	-0.077
21.35	-9.181	-10.605	-0.078
21.36	-9.183	-9.889	-0.048
21.37	-9.184	-8.506	-0.038
21.38	-9.186	-5.668	-0.038
21.39	-9.188	-0.563	-0.018
21.4	-9.192	7.144	0.008
21.41	-9.197	15.116	0.022
21.42	-9.201	19.491	0.042
21.43	-9.205	20.419	0.091
21.44	-9.209	20.454	0.111
21.45	-9.212	20.456	0.133
21.46	-9.215	20.450	0.159
21.47	-9.217	20.241	0.182
21.48	-9.218	18.209	0.181
21.49	-9.219	12.468	0.140
21.5	-9.219	4.708	0.072
21.51	-9.219	-2.043	0.001
21.52	-9.218	-6.978	-0.061
21.53	-9.217	-10.329	-0.090
21.54	-9.214	-12.451	-0.106
21.55	-9.212	-13.820	-0.123
21.56	-9.206	-14.928	-0.132
21.57	-9.198	-16.264	-0.126
21.58	-9.186	-18.054	-0.115
21.59	-9.171	-19.658	-0.117
21.6	-9.154	-20.358	-0.127
21.61	-9.135	-20.454	-0.116
21.62	-9.114	-20.456	-0.122
21.63	-9.089	-20.456	-0.100
21.64	-9.064	-20.454	-0.099
21.65	-9.041	-20.413	-0.105
21.66	-9.018	-19.843	-0.090
21.67	-8.995	-17.907	-0.097
21.68	-8.973	-14.933	-0.100
21.69	-8.951	-12.208	-0.086
21.7	-8.930	-10.357	-0.091
21.71	-8.909	-9.428	-0.086
21.72	-8.889	-9.270	-0.086
21.73	-8.869	-9.673	-0.075
21.74	-8.851	-10.504	-0.088
21.75	-8.831	-11.524	-0.098
21.76	-8.811	-12.501	-0.082
21.77	-8.789	-13.396	-0.087
21.78	-8.769	-14.174	-0.090
21.79	-8.749	-14.784	-0.076
21.8	-8.729	-15.213	-0.070
21.81	-8.709	-15.459	-0.089
21.82	-8.689	-15.552	-0.086
21.83	-8.668	-15.514	-0.066
21.84	-8.648	-15.346	-0.072
21.85	-8.629	-15.099	-0.048
21.86	-8.611	-14.826	-0.017
21.87	-8.592	-14.486	0.005
21.88	-8.574	-14.118	0.014
21.89	-8.555	-13.789	0.010
21.9	-8.536	-13.451	-0.007
21.91	-8.518	-13.113	-0.028
21.92	-8.501	-12.804	-0.070
21.93	-8.484	-12.481	-0.082
21.94	-8.467	-12.113	-0.080
21.95	-8.449	-11.721	-0.086
21.96	-8.430	-11.349	-0.094
21.97	-8.412	-11.033	-0.094
21.98	-8.395	-10.823	-0.100
21.99	-8.379	-10.761	-0.096
22.0	-8.364	-10.776	-0.146
22.01	-8.351	-10.849	-0.035
22.02	-8.338	-11.038	0.475
22.03	-8.324	-11.305	1.026
22.04	-8.309	-11.570	0.746
22.05	-8.294	-11.748	0.113
22.06	-8.277	-11.861	0.021
22.07	-8.261	-11.990	-0.027
22.08	-8.244	-12.062	-0.081
22.09	-8.227	-12.031	-0.089
22.1	-8.210	-11.958	-0.118
22.11	-8.192	-11.793	-0.094
22.12	-8.174	-11.479	-0.088
22.13	-8.158	-11.081	-0.077
22.14	-8.143	-10.510	-0.073
22.15	-8.127	-9.396	-0.056
22.16	-8.113	-7.158	-0.040
22.17	-8.098	-2.986	-0.035
22.18	-8.083	3.961	-0.013
22.19	-8.070	12.528	0.003
22.2	-8.059	18.524	0.009
22.21	-8.048	20.329	0.053
22.22	-8.037	20.449	0.080
22.23	-8.026	20.456	0.112
22.24	-8.017	20.454	0.140
22.25	-8.008	20.447	0.161
22.26	-8.000	20.004	0.170
22.27	-7.992	17.138	0.168
22.28	-7.983	10.764	0.128
22.29	-7.975	3.294	0.053
22.3	-7.969	-2.813	-0.013
22.31	-7.962	-7.178	-0.062
22.32	-7.955	-10.156	-0.092
22.33	-7.949	-12.181	-0.114
22.34	-7.943	-13.566	-0.121
22.35	-7.938	-14.704	-0.122
22.36	-7.932	-16.126	-0.121
22.37	-7.926	-18.008	-0.121
22.38	-7.921	-19.659	-0.128
22.39	-7.916	-20.362	-0.106
22.4	-7.912	-20.454	-0.105
22.41	-7.907	-20.456	-0.110
22.42	-7.902	-20.456	-0.102
22.43	-7.898	-20.456	-0.111
22.44	-7.893	-20.454	-0.099
22.45	-7.889	-20.361	-0.094
22.46	-7.886	-19.514	-0.099
22.47	-7.882	-17.252	-0.087
22.48	-7.879	-14.362	-0.091
22.49	-7.878	-12.089	-0.080
22.5	-7.875	-10.756	-0.085
22.51	-7.871	-10.264	-0.084
22.52	-7.867	-10.443	-0.091
22.53	-7.863	-11.052	-0.094
22.54	-7.861	-11.867	-0.080
22.55	-7.859	-12.745	-0.093
22.56	-7.858	-13.604	-0.086
22.57	-7.858	-14.376	-0.082
22.58	-7.858	-14.989	-0.076
22.59	-7.857	-15.437	-0.068
22.6	-7.857	-15.689	-0.077
22.61	-7.856	-15.780	-0.070
22.62	-7.855	-15.775	-0.080
22.63	-7.855	-15.647	-0.069
22.64	-7.855	-15.428	-0.069
22.65	-7.855	-15.164	-0.043
22.66	-7.855	-14.851	-0.016
22.67	-7.855	-14.530	0.001
22.68	-7.855	-14.219	0.029
22.69	-7.855	-13.886	0.012
22.7	-7.856	-13.520	0.016
22.71	-7.857	-13.202	0.015
22.72	-7.857	-12.974	-0.041
22.73	-7.857	-12.739	-0.049
22.74	-7.857	-12.448	-0.071
22.75	-7.858	-12.137	-0.082
22.76	-7.859	-11.791	-0.078
22.77	-7.860	-11.414	-0.084
22.78	-7.861	-11.070	-0.101
22.79	-7.861	-10.849	-0.095
22.8	-7.862	-10.751	-0.106
22.81	-7.863	-10.779	-0.142
22.82	-7.866	-10.959	0.145
22.83	-7.869	-11.203	0.813
22.84	-7.871	-11.453	1.151
22.85	-7.872	-11.691	0.552
22.86	-7.873	-11.862	0.044
22.87	-7.873	-11.962	0.028
22.88	-7.872	-12.036	-0.072
22.89	-7.871	-12.064	-0.102
22.9	-7.870	-12.030	-0.102
22.91	-7.868	-11.914	-0.110
22.92	-7.867	-11.628	-0.104
22.93	-7.868	-11.142	-0.083
22.94	-7.870	-10.446	-0.077
22.95	-7.873	-9.216	-0.069
22.96	-7.874	-6.733	-0.048
22.97	-7.876	-2.078	-0.041
22.98	-7.878	5.466	-0.040
22.99	-7.879	13.984	-0.014
23.0	-7.881	19.149	0.010
23.01	-7.883	20.398	0.028
23.02	-7.886	20.453	0.063
23.03	-7.888	20.456	0.092
23.04	-7.888	20.456	0.116
23.05	-7.889	20.451	0.146
23.06	-7.889	20.358	0.163
23.07	-7.890	18.969	0.183
23.08	-7.890	14.303	0.156
23.09	-7.890	7.319	0.102
23.1	-7.889	0.977	0.035
23.11	-7.888	-3.754	-0.035
23.12	-7.886	-7.205	-0.078
23.13	-7.884	-9.682	-0.100
23.14	-7.883	-11.471	-0.115
23.15	-7.883	-12.876	-0.127
23.16	-7.884	-14.277	-0.120
23.17	-7.886	-16.067	-0.106
23.18	-7.888	-18.201	-0.106
23.19	-7.889	-19.821	-0.101
23.2	-7.892	-20.397	-0.110
23.21	-7.894	-20.454	-0.112
23.22	-7.894	-20.456	-0.109
23.23	-7.894	-20.456	-0.106
23.24	-7.895	-20.456	-0.108
23.25	-7.896	-20.456	-0.101
23.26	-7.897	-20.445	-0.087
23.27	-7.898	-20.145	-0.087
23.28	-7.900	-18.704	-0.090
23.29	-7.902	-16.098	-0.088
23.3	-7.904	-13.644	-0.080
23.31	-7.905	-12.169	-0.084
23.32	-7.906	-11.632	-0.091
23.33	-7.907	-11.759	-0.089
23.34	-7.907	-12.266	-0.094
23.35	-7.909	-12.979	-0.083
23.36	-7.910	-13.785	-0.070
23.37	-7.911	-14.574	-0.072
23.38	-7.913	-15.239	-0.081
23.39	-7.915	-15.786	-0.088
23.4	-7.917	-16.202	-0.075
23.41	-7.919	-16.406	-0.086
23.42	-7.921	-16.399	-0.083
23.43	-7.922	-16.309	-0.067
23.44	-7.923	-16.201	-0.071
23.45	-7.924	-16.018	-0.048
23.46	-7.926	-15.794	-0.039
23.47	-7.927	-15.568	-0.013
23.48	-7.929	-15.313	0.017
23.49	-7.931	-15.035	0.019
23.5	-7.933	-14.737	0.012
23.51	-7.936	-14.423	0.013
23.52	-7.939	-14.092	-0.002
23.53	-7.941	-13.714	-0.044
23.54	-7.943	-13.327	-0.072
23.55	-7.946	-12.949	-0.072
23.56	-7.948	-12.516	-0.077
23.57	-7.951	-12.089	-0.095
23.58	-7.953	-11.763	-0.106
23.59	-7.954	-11.521	-0.108
23.6	-7.955	-11.369	-0.095
23.61	-7.957	-11.306	-0.121
23.62	-7.960	-11.346	-0.139
23.63	-7.965	-11.494	0.177
23.64	-7.969	-11.701	0.865
23.65	-7.974	-11.943	1.149
23.66	-7.981	-12.172	0.496
23.67	-7.986	-12.349	0.042
23.68	-7.991	-12.470	0.022
23.69	-7.996	-12.529	-0.083
23.7	-7.999	-12.520	-0.108
23.71	-8.003	-12.427	-0.107
23.72	-8.007	-12.180	-0.105
23.73	-8.011	-11.773	-0.104
23.74	-8.016	-11.274	-0.084
23.75	-8.021	-10.597	-0.086
23.76	-8.026	-9.384	-0.077
23.77	-8.032	-6.961	-0.046
23.78	-8.037	-2.341	-0.039
23.79	-8.044	5.213	-0.021
23.8	-8.051	13.788	-0.006
23.81	-8.059	19.073	0.014
23.82	-8.068	20.391	0.034
23.83	-8.076	20.453	0.045
23.84	-8.084	20.456	0.089
23.85	-8.093	20.456	0.126
23.86	-8.102	20.449	0.150
23.87	-8.111	20.322	0.177
23.88	-8.120	18.696	0.174
23.89	-8.127	13.584	0.159
23.9	-8.134	6.286	0.097
23.91	-8.141	-0.189	0.027
23.92	-8.149	-4.978	-0.032
23.93	-8.158	-8.430	-0.084
23.94	-8.166	-10.908	-0.104
23.95	-8.174	-12.719	-0.119
23.96	-8.184	-14.159	-0.121
23.97	-8.196	-15.553	-0.111
23.98	-8.207	-17.288	-0.121
23.99	-8.221	-19.122	-0.112
24.0	-8.236	-20.196	-0.096
24.01	-8.249	-20.446	-0.117
24.02	-8.262	-20.456	-0.109
24.03	-8.274	-20.456	-0.096
24.04	-8.284	-20.456	-0.108
24.05	-8.294	-20.456	-0.092
24.06	-8.303	-20.455	-0.091
24.07	-8.310	-20.435	-0.099
24.08	-8.317	-20.012	-0.089
24.09	-8.324	-18.342	-0.091
24.1	-8.331	-15.656	-0.085
24.11	-8.340	-13.336	-0.084
24.12	-8.351	-11.992	-0.084
24.13	-8.362	-11.479	-0.082
24.14	-8.374	-11.590	-0.087
24.15	-8.389	-12.113	-0.071
24.16	-8.405	-12.865	-0.084
24.17	-8.422	-13.672	-0.084
24.18	-8.440	-14.422	-0.075
24.19	-8.457	-15.067	-0.079
24.2	-8.473	-15.549	-0.077
24.21	-8.489	-15.849	-0.083
24.22	-8.508	-16.034	-0.074
24.23	-8.528	-16.136	-0.069
24.24	-8.549	-16.121	-0.077
24.25	-8.571	-16.019	-0.064
24.26	-8.593	-15.898	-0.060
24.27	-8.615	-15.754	-0.056
24.28	-8.637	-15.533	-0.024
24.29	-8.659	-15.231	-0.002
24.3	-8.683	-14.909	0.018
24.31	-8.707	-14.581	0.027
24.32	-8.731	-14.236	0.009
24.33	-8.756	-13.883	0.016
24.34	-8.783	-13.558	-0.015
24.35	-8.808	-13.240	-0.062
24.36	-8.830	-12.847	-0.070
24.37	-8.849	-12.411	-0.076
24.38	-8.867	-12.016	-0.073
24.39	-8.883	-11.672	-0.086
24.4	-8.898	-11.373	-0.101
24.41	-8.911	-11.181	-0.097
24.42	-8.922	-11.133	-0.076
24.43	-8.933	-11.214	-0.130
24.44	-8.944	-11.377	-0.072
24.45	-8.956	-11.572	0.378
24.46	-8.967	-11.768	0.974
24.47	-8.976	-11.967	0.878
24.48	-8.981	-12.136	0.195
24.49	-8.984	-12.168	0.033
24.5	-8.988	-12.134	-0.000
24.51	-8.991	-12.142	-0.108
24.52	-8.994	-12.152	-0.086
24.53	-8.996	-12.091	-0.097
24.54	-8.997	-11.898	-0.097
24.55	-8.998	-11.553	-0.098
24.56	-8.999	-11.127	-0.069
24.57	-9.001	-10.607	-0.074
24.58	-9.001	-9.603	-0.072
24.59	-9.000	-7.474	-0.045
24.6	-8.999	-3.378	-0.031
24.61	-9.000	3.640	-0.014
24.62	-9.003	12.420	-0.010
24.63	-9.008	18.547	0.007
24.64	-9.013	20.344	0.041
24.65	-9.019	20.450	0.075
24.66	-9.024	20.456	0.109
24.67	-9.030	20.455	0.145
24.68	-9.036	20.449	0.175
24.69	-9.041	20.062	0.176
24.7	-9.044	17.234	0.172
24.71	-9.047	10.534	0.141
24.72	-9.050	2.485	0.065
24.73	-9.053	-4.099	0.007
24.74	-9.056	-8.797	-0.051
24.75	-9.058	-11.928	-0.089
24.76	-9.060	-13.908	-0.100
24.77	-9.063	-15.171	-0.109
24.78	-9.067	-16.204	-0.121
24.79	-9.070	-17.551	-0.124
24.8	-9.073	-19.161	-0.118
24.81	-9.075	-20.191	-0.114
24.82	-9.076	-20.444	-0.113
24.83	-9.077	-20.456	-0.117
24.84	-9.077	-20.456	-0.117
24.85	-9.077	-20.456	-0.099
24.86	-9.079	-20.456	-0.103
24.87	-9.082	-20.454	-0.101
24.88	-9.088	-20.294	-0.092
24.89	-9.092	-19.171	-0.096
24.9	-9.097	-16.554	-0.093
24.91	-9.101	-13.566	-0.091
24.92	-9.106	-11.438	-0.098
24.93	-9.113	-10.313	-0.090
24.94	-9.119	-9.967	-0.087
24.95	-9.126	-10.199	-0.095
24.96	-9.133	-10.925	-0.090
24.97	-9.143	-11.922	-0.086
24.98	-9.152	-12.895	-0.089
24.99	-9.162	-13.828	-0.103
25.0	-9.172	-14.698	-0.091
25.01	-9.181	-15.355	-0.091
25.02	-9.189	-15.775	-0.087
25.03	-9.196	-16.021	-0.078
25.04	-9.203	-16.099	-0.084
25.05	-9.209	-16.048	-0.076
25.06	-9.216	-15.891	-0.076
25.07	-9.222	-15.629	-0.059
25.08	-9.227	-15.333	-0.043
25.09	-9.230	-15.008	-0.006
25.1	-9.232	-14.631	0.011
25.11	-9.233	-14.295	0.002
25.12	-9.233	-14.010	0.013
25.13	-9.231	-13.642	-0.018
25.14	-9.225	-13.175	-0.056
25.15	-9.216	-12.764	-0.079
25.16	-9.204	-12.401	-0.081
25.17	-9.187	-11.921	-0.079
25.18	-9.166	-11.429	-0.101
25.19	-9.142	-11.103	-0.089
25.2	-9.118	-10.858	-0.088
25.21	-9.095	-10.646	-0.079
25.22	-9.074	-10.536	-0.109
25.23	-9.054	-10.561	-0.156
25.24	-9.038	-10.726	0.115
25.25	-9.022	-10.973	0.721
25.26	-9.004	-11.241	1.024
25.27	-8.984	-11.521	0.462
25.28	-8.961	-11.786	0.021
25.29	-8.936	-12.033	0.025
25.3	-8.910	-12.269	-0.061
25.31	-8.884	-12.454	-0.095
25.32	-8.857	-12.484	-0.106
25.33	-8.829	-12.318	-0.099
25.34	-8.803	-12.002	-0.099
25.35	-8.776	-11.578	-0.089
25.36	-8.750	-11.047	-0.074
25.37	-8.723	-10.261	-0.070
25.38	-8.695	-8.821	-0.061
25.39	-8.668	-6.030	-0.050
25.4	-8.641	-0.906	-0.029
25.41	-8.616	7.039	-0.014
25.42	-8.591	15.203	-0.003
25.43	-8.566	19.552	0.029
25.44	-8.541	20.423	0.062
25.45	-8.516	20.453	0.077
25.46	-8.493	20.456	0.119
25.47	-8.471	20.451	0.147
25.48	-8.448	20.363	0.157
25.49	-8.427	18.886	0.174
25.5	-8.406	13.720	0.150
25.51	-8.386	5.742	0.091
25.52	-8.365	-1.678	0.029
25.53	-8.344	-7.131	-0.038
25.54	-8.324	-10.845	-0.086
25.55	-8.306	-13.278	-0.099
25.56	-8.288	-14.815	-0.116
25.57	-8.270	-15.878	-0.123
25.58	-8.252	-16.998	-0.117
25.59	-8.233	-18.466	-0.127
25.6	-8.213	-19.800	-0.115
25.61	-8.193	-20.381	-0.115
25.62	-8.171	-20.454	-0.126
25.63	-8.151	-20.456	-0.121
25.64	-8.133	-20.456	-0.117
25.65	-8.114	-20.456	-0.106
25.66	-8.097	-20.455	-0.098
25.67	-8.081	-20.431	-0.109
25.68	-8.065	-19.960	-0.102
25.69	-8.049	-18.198	-0.085
25.7	-8.034	-15.373	-0.098
25.71	-8.021	-12.823	-0.102
25.72	-8.008	-11.211	-0.087
25.73	-7.996	-10.466	-0.091
25.74	-7.985	-10.453	-0.095
25.75	-7.975	-11.037	-0.094
25.76	-7.966	-11.908	-0.086
25.77	-7.958	-12.759	-0.091
25.78	-7.951	-13.582	-0.098
25.79	-7.946	-14.432	-0.101
25.8	-7.941	-15.179	-0.093
25.81	-7.934	-15.669	-0.087
25.82	-7.928	-15.949	-0.098
25.83	-7.923	-16.108	-0.094
25.84	-7.918	-16.078	-0.082
25.85	-7.914	-15.904	-0.081
25.86	-7.911	-15.696	-0.065
25.87	-7.907	-15.458	-0.041
25.88	-7.904	-15.135	-0.025
25.89	-7.900	-14.726	0.010
25.9	-7.896	-14.368	0.008
25.91	-7.893	-14.056	-0.014
25.92	-7.890	-13.713	-0.006
25.93	-7.887	-13.365	-0.041
25.94	-7.884	-13.022	-0.075
25.95	-7.881	-12.659	-0.088
25.96	-7.878	-12.248	-0.094
25.97	-7.877	-11.843	-0.102
25.98	-7.876	-11.451	-0.111
25.99	-7.874	-10.982	-0.109
26.0	-7.871	-10.518	-0.113
26.01	-7.868	-10.265	-0.105
26.02	-7.865	-10.258	-0.156
26.03	-7.865	-10.327	-0.028
26.04	-7.866	-10.414	0.538
26.05	-7.866	-10.634	1.111
26.06	-7.867	-10.934	0.786
26.07	-7.867	-11.154	0.107
26.08	-7.866	-11.289	0.007
26.09	-7.864	-11.446	-0.052
26.1	-7.862	-11.609	-0.114
26.11	-7.859	-11.663	-0.106
26.12	-7.856	-11.614	-0.135
26.13	-7.854	-11.444	-0.130
26.14	-7.853	-11.077	-0.105
26.15	-7.853	-10.531	-0.104
26.16	-7.854	-9.603	-0.094
26.17	-7.854	-7.710	-0.080
26.18	-7.854	-4.100	-0.080
26.19	-7.852	2.121	-0.053
26.2	-7.851	10.620	-0.047
26.21	-7.851	17.561	-0.034
26.22	-7.851	20.170	-0.000
26.23	-7.851	20.448	0.012
26.24	-7.851	20.456	0.047
26.25	-7.851	20.456	0.084
26.26	-7.851	20.451	0.103
26.27	-7.850	20.353	0.124
26.28	-7.849	18.888	0.146
26.29	-7.848	13.969	0.147
26.3	-7.848	6.616	0.098
26.31	-7.846	-0.156	0.020
26.32	-7.845	-5.295	-0.041
26.33	-7.843	-8.999	-0.082
26.34	-7.840	-11.487	-0.117
26.35	-7.839	-12.754	-0.131
26.36	-7.838	-13.131	-0.132
26.37	-7.838	-13.648	-0.142
26.38	-7.838	-15.063	-0.129
26.39	-7.839	-17.270	-0.129
26.4	-7.839	-19.338	-0.129
26.41	-7.841	-20.308	-0.123
26.42	-7.843	-20.454	-0.126
26.43	-7.844	-20.456	-0.123
26.44	-7.843	-20.456	-0.116
26.45	-7.843	-20.456	-0.105
26.46	-7.844	-20.456	-0.106
26.47	-7.844	-20.454	-0.104
26.48	-7.846	-20.296	-0.095
26.49	-7.847	-19.216	-0.112
26.5	-7.848	-16.745	-0.102
26.51	-7.850	-13.973	-0.092
26.52	-7.851	-12.066	-0.096
26.53	-7.851	-11.161	-0.095
26.54	-7.851	-11.034	-0.086
26.55	-7.852	-11.441	-0.083
26.56	-7.852	-12.138	-0.085
26.57	-7.853	-12.944	-0.083
26.58	-7.853	-13.778	-0.086
26.59	-7.854	-14.561	-0.094
26.6	-7.856	-15.200	-0.086
26.61	-7.857	-15.614	-0.078
26.62	-7.858	-15.791	-0.072
26.63	-7.859	-15.816	-0.075
26.64	-7.861	-15.824	-0.073
26.65	-7.861	-15.838	-0.068
26.66	-7.862	-15.757	-0.048
26.67	-7.862	-15.606	-0.018
26.68	-7.863	-15.293	0.001
26.69	-7.864	-14.462	0.019
26.7	-7.865	-13.104	0.024
26.71	-7.867	-11.409	0.027
26.72	-7.869	-8.994	0.010
26.73	-7.869	-5.672	-0.038
26.74	-7.870	-1.666	-0.061
26.75	-7.871	2.554	-0.064
26.76	-7.871	6.362	-0.072
26.77	-7.873	9.816	-0.089
26.78	-7.874	12.694	-0.090
26.79	-7.875	14.082	-0.099
26.8	-7.876	12.791	-0.092
26.81	-7.876	8.196	-0.104
26.82	-7.878	2.168	-0.144
26.83	-7.881	-2.863	0.043
26.84	-7.885	-6.331	0.649
26.85	-7.888	-8.506	1.180
26.86	-7.891	-9.800	0.733
26.87	-7.896	-10.686	0.094
26.88	-7.899	-11.343	0.030
26.89	-7.901	-11.789	-0.047
26.9	-7.903	-12.086	-0.098
26.91	-7.905	-12.249	-0.099
26.92	-7.905	-12.291	-0.107
26.93	-7.904	-12.031	-0.103
26.94	-7.904	-11.429	-0.098
26.95	-7.904	-10.633	-0.073
26.96	-7.904	-9.367	-0.069
26.97	-7.905	-6.867	-0.065
26.98	-7.906	-2.307	-0.037
26.99	-7.909	4.788	-0.036
27.0	-7.913	13.074	-0.030
27.01	-7.917	18.704	-0.002
27.02	-7.922	20.352	0.022
27.03	-7.926	20.450	0.041
27.04	-7.930	20.456	0.086
27.05	-7.933	20.456	0.110
27.06	-7.937	20.456	0.127
27.07	-7.941	20.451	0.153
27.08	-7.946	20.354	0.164
27.09	-7.951	19.056	0.159
27.1	-7.956	14.764	0.110
27.11	-7.959	8.231	0.036
27.12	-7.962	1.829	-0.025
27.13	-7.963	-3.477	-0.076
27.14	-7.964	-7.387	-0.099
27.15	-7.967	-9.779	-0.114
27.16	-7.971	-11.023	-0.112
27.17	-7.975	-11.839	-0.121
27.18	-7.980	-13.026	-0.118
27.19	-7.984	-15.159	-0.110
27.2	-7.989	-17.904	-0.112
27.21	-7.995	-19.847	-0.109
27.22	-8.001	-20.421	-0.100
27.23	-8.008	-20.454	-0.114
27.24	-8.014	-20.456	-0.097
27.25	-8.023	-20.453	-0.092
27.26	-8.034	-20.224	-0.105
27.27	-8.046	-18.637	-0.092
27.28	-8.059	-15.116	-0.093
27.29	-8.072	-11.134	-0.087
27.3	-8.085	-7.652	-0.081
27.31	-8.099	-4.526	-0.095
27.32	-8.113	-1.992	-0.088
27.33	-8.126	0.342	-0.085
27.34	-8.139	1.428	-0.093
27.35	-8.152	-0.808	-0.093
27.36	-8.167	-3.633	-0.086
27.37	-8.181	-3.524	-0.080
27.38	-8.196	-1.078	-0.082
27.39	-8.212	0.982	-0.092
27.4	-8.226	0.826	-0.077
27.41	-8.241	1.032	-0.079
27.42	-8.256	1.740	-0.086
27.43	-8.272	-0.003	-0.082
27.44	-8.287	-2.671	-0.082
27.45	-8.305	-4.600	-0.079
27.46	-8.322	-6.117	-0.070
27.47	-8.339	-6.407	-0.066
27.48	-8.356	-4.917	-0.035
27.49	-8.373	-3.371	-0.020
27.5	-8.389	-2.453	0.002
27.51	-8.405	-1.205	0.015
27.52	-8.421	-0.338	-0.000
27.53	-8.439	-0.026	0.012
27.54	-8.457	0.387	-0.017
27.55	-8.475	0.946	-0.065
27.56	-8.491	1.709	-0.076
27.57	-8.504	2.054	-0.079
27.58	-8.518	2.208	-0.081
27.59	-8.530	2.736	-0.102
27.6	-8.543	2.091	-0.095
27.61	-8.556	1.302	-0.106
27.62	-8.569	3.118	-0.094
27.63	-8.582	6.411	-0.132
27.64	-8.600	9.971	-0.133
27.65	-8.620	14.118	0.256
27.66	-8.639	17.919	0.889
27.67	-8.656	19.960	0.971
27.68	-8.671	20.426	0.318
27.69	-8.684	20.394	0.004
27.7	-8.695	18.048	-0.003
27.71	-8.707	6.431	-0.093
27.72	-8.719	-10.501	-0.103
27.73	-8.729	-19.279	-0.118
27.74	-8.737	-20.433	-0.112
27.75	-8.744	-20.456	-0.093
27.76	-8.754	-20.456	-0.080
27.77	-8.763	-20.456	-0.087
27.78	-8.771	-20.450	-0.065
27.79	-8.776	-20.199	-0.059
27.8	-8.783	-18.119	-0.051
27.81	-8.790	-13.213	-0.031
27.82	-8.799	-5.829	-0.022
27.83	-8.809	4.830	-0.004
27.84	-8.820	15.161	0.026
27.85	-8.832	19.787	0.056
27.86	-8.844	20.441	0.091
27.87	-8.856	20.454	0.114
27.88	-8.868	20.456	0.140
27.89	-8.878	20.456	0.144
27.9	-8.887	20.456	0.156
27.91	-8.895	20.456	0.149
27.92	-8.903	20.456	0.078
27.93	-8.911	20.456	0.006
27.94	-8.917	20.456	-0.042
27.95	-8.923	20.456	-0.087
27.96	-8.929	20.456	-0.113
27.97	-8.936	20.456	-0.116
27.98	-8.943	20.456	-0.111
27.99	-8.948	20.451	-0.112
28.0	-8.953	20.359	-0.118
28.01	-8.957	19.205	-0.114
28.02	-8.961	15.576	-0.099
28.03	-8.964	9.863	-0.112
28.04	-8.967	3.699	-0.099
28.05	-8.970	-0.464	-0.091
28.06	-8.973	0.304	-0.095
28.07	-8.976	7.044	-0.088
28.08	-8.979	15.511	-0.093
28.09	-8.983	19.800	-0.088
28.1	-8.988	20.444	-0.087
28.11	-8.992	20.454	-0.102
28.12	-8.998	20.454	-0.084
28.13	-9.005	20.414	-0.080
28.14	-9.012	19.232	-0.078
28.15	-9.018	13.082	-0.092
28.16	-9.025	0.989	-0.089
28.17	-9.031	-10.597	-0.083
28.18	-9.038	-13.748	-0.088
28.19	-9.045	-6.219	-0.084
28.2	-9.051	4.503	-0.080
28.21	-9.056	11.809	-0.076
28.22	-9.062	16.250	-0.081
28.23	-9.068	17.191	-0.079
28.24	-9.075	13.801	-0.069
28.25	-9.081	9.049	-0.079
28.26	-9.086	6.736	-0.073
28.27	-9.090	8.430	-0.062
28.28	-9.094	13.660	-0.035
28.29	-9.098	18.573	-0.015
28.3	-9.101	20.308	0.006
28.31	-9.103	20.449	0.012
28.32	-9.104	20.456	0.013
28.33	-9.106	20.456	0.009
28.34	-9.107	20.456	-0.028
28.35	-9.103	20.447	-0.069
28.36	-9.096	20.288	-0.085
28.37	-9.084	18.605	-0.072
28.38	-9.067	16.351	-0.071
28.39	-9.044	17.372	-0.101
28.4	-9.017	19.777	-0.089
28.41	-8.986	20.426	-0.093
28.42	-8.957	20.407	-0.095
28.43	-8.933	20.402	-0.142
28.44	-8.911	20.434	-0.066
28.45	-8.891	20.454	0.404
28.46	-8.871	20.456	0.972
28.47	-8.849	20.456	0.798
28.48	-8.826	20.456	0.144
28.49	-8.801	20.456	0.013
28.5	-8.777	20.456	-0.023
28.51	-8.754	20.456	-0.104
28.52	-8.730	20.456	-0.090
28.53	-8.706	20.456	-0.128
28.54	-8.681	20.456	-0.099
28.55	-8.657	20.456	-0.091
28.56	-8.634	20.456	-0.091
28.57	-8.611	20.456	-0.073
28.58	-8.587	20.456	-0.075
28.59	-8.563	20.456	-0.067
28.6	-8.539	20.456	-0.045
28.61	-8.516	20.456	-0.035
28.62	-8.494	20.456	-0.006
28.63	-8.473	20.456	0.015
28.64	-8.451	20.456	0.037
28.65	-8.429	20.456	0.057
28.66	-8.406	20.456	0.095
28.67	-8.384	20.456	0.132
28.68	-8.363	20.456	0.139
28.69	-8.342	20.456	0.150
28.7	-8.322	20.456	0.171
28.71	-8.302	20.456	0.119
28.72	-8.282	20.456	0.052
28.73	-8.263	20.456	0.004
28.74	-8.245	20.456	-0.051
28.75	-8.228	20.449	-0.087
28.76	-8.211	20.345	-0.106
28.77	-8.196	18.564	-0.110
28.78	-8.180	12.172	-0.110
28.79	-8.164	1.761	-0.118
28.8	-8.149	-9.147	-0.102
28.81	-8.133	-17.037	-0.104
28.82	-8.119	-20.081	-0.102
28.83	-8.104	-20.446	-0.096
28.84	-8.090	-20.456	-0.096
28.85	-8.078	-20.456	-0.091
28.86	-8.067	-20.456	-0.095
28.87	-8.058	-20.456	-0.091
28.88	-8.047	-20.456	-0.077
28.89	-8.038	-20.456	-0.082
28.9	-8.029	-20.456	-0.080
28.91	-8.019	-20.456	-0.086
28.92	-8.011	-20.456	-0.070
28.93	-8.004	-20.456	-0.071
28.94	-7.996	-20.456	-0.093
28.95	-7.988	-20.456	-0.076
28.96	-7.981	-20.456	-0.070
28.97	-7.975	-20.456	-0.094
28.98	-7.970	-20.454	-0.072
28.99	-7.965	-20.408	-0.078
29.0	-7.959	-19.400	-0.082
29.01	-7.954	-13.956	-0.064
29.02	-7.950	-0.741	-0.070
29.03	-7.946	13.499	-0.059
29.04	-7.941	19.673	-0.062
29.05	-7.936	18.980	-0.073
29.06	-7.933	11.904	-0.048
29.07	-7.929	0.216	-0.033
29.08	-7.925	-9.089	-0.012
29.09	-7.923	-15.178	0.013
29.1	-7.921	-19.112	0.027
29.11	-7.919	-20.369	0.013
29.12	-7.917	-20.451	0.019
29.13	-7.916	-20.456	0.002
29.14	-7.914	-20.456	-0.047
29.15	-7.913	-20.456	-0.058
29.16	-7.911	-20.453	-0.068
29.17	-7.909	-20.373	-0.070
29.18	-7.909	-19.418	-0.081
29.19	-7.908	-16.719	-0.100
29.2	-7.906	-13.146	-0.094
29.21	-7.904	-9.033	-0.092
29.22	-7.902	-7.356	-0.107
29.23	-7.901	-11.849	-0.125
29.24	-7.902	-17.811	0.172
29.25	-7.902	-20.200	0.849
29.26	-7.902	-20.448	1.130
29.27	-7.902	-20.456	0.481
29.28	-7.901	-20.456	0.040
29.29	-7.899	-20.456	0.020
29.3	-7.898	-20.456	-0.076
29.31	-7.896	-20.456	-0.082
29.32	-7.894	-20.456	-0.100
29.33	-7.893	-20.456	-0.113
29.34	-7.891	-20.456	-0.090
29.35	-7.891	-20.456	-0.088
29.36	-7.891	-20.456	-0.083
29.37	-7.891	-20.456	-0.061
29.38	-7.891	-20.456	-0.056
29.39	-7.891	-20.451	-0.041
29.4	-7.892	-20.346	-0.024
29.41	-7.893	-19.083	-0.024
29.42	-7.895	-15.538	0.011
29.43	-7.897	-11.773	0.026
29.44	-7.898	-10.687	0.050
29.45	-7.898	-12.651	0.085
29.46	-7.899	-16.464	0.113
29.47	-7.898	-19.478	0.134
29.48	-7.898	-20.399	0.159
29.49	-7.897	-20.453	0.158
29.5	-7.896	-20.456	0.150
29.51	-7.895	-20.456	0.086
29.52	-7.893	-20.456	0.012
29.53	-7.891	-20.456	-0.030
29.54	-7.889	-20.456	-0.080
29.55	-7.888	-20.456	-0.109
29.56	-7.886	-20.456	-0.105
29.57	-7.886	-20.456	-0.113
29.58	-7.886	-20.456	-0.116
29.59	-7.886	-20.456	-0.107
29.6	-7.886	-20.456	-0.120
29.61	-7.887	-20.456	-0.120
29.62	-7.888	-20.456	-0.095
29.63	-7.888	-20.456	-0.107
29.64	-7.888	-20.456	-0.107
29.65	-7.886	-20.456	-0.087
29.66	-7.886	-20.453	-0.083
29.67	-7.887	-20.375	-0.118
29.68	-7.889	-18.503	-0.110
29.69	-7.890	-10.538	-0.095
29.7	-7.891	2.729	-0.102
29.71	-7.891	13.976	-0.092
29.72	-7.892	19.236	-0.086
29.73	-7.893	20.401	-0.095
29.74	-7.893	20.453	-0.104
29.75	-7.893	20.456	-0.089
29.76	-7.893	20.456	-0.084
29.77	-7.893	20.453	-0.098
29.78	-7.894	20.419	-0.091
29.79	-7.895	19.084	-0.089
29.8	-7.896	10.752	-0.085
29.81	-7.897	-5.287	-0.067
29.82	-7.898	-17.248	-0.072
29.83	-7.899	-20.283	-0.094
29.84	-7.899	-20.192	-0.088
29.85	-7.900	-20.021	-0.078
29.86	-7.901	-20.218	-0.052
29.87	-7.902	-20.427	-0.057
29.88	-7.902	-20.454	-0.024
29.89	-7.904	-20.456	0.011
29.9	-7.906	-20.456	0.027
29.91	-7.907	-20.456	0.024
29.92	-7.910	-20.456	0.008
29.93	-7.912	-20.456	-0.001
29.94	-7.913	-20.456	-0.035
29.95	-7.914	-20.456	-0.058
29.96	-7.914	-20.456	-0.074
29.97	-7.915	-20.456	-0.093
29.98	-7.916	-20.456	-0.078
29.99	-7.918	-20.456	-0.102
30.0	-7.919	-20.456	-0.103
30.01	-7.919	-20.456	-0.095
30.02	-7.919	-20.456	-0.116
30.03	-7.921	-20.456	-0.150
30.04	-7.925	-20.456	0.118
30.05	-7.928	-20.456	0.769
30.06	-7.931	-20.456	1.144
30.07	-7.936	-20.456	0.583
30.08	-7.939	-20.456	0.040
30.09	-7.941	-20.456	0.003
30.1	-7.944	-20.456	-0.074
30.11	-7.946	-20.455	-0.101
30.12	-7.948	-20.438	-0.128
30.13	-7.949	-19.913	-0.120
30.14	-7.949	-17.228	-0.107
30.15	-7.948	-12.782	-0.095
30.16	-7.948	-9.303	-0.070
30.17	-7.948	-6.134	-0.093
30.18	-7.948	-1.680	-0.060
30.19	-7.949	3.340	-0.030
30.2	-7.951	9.167	-0.021
30.21	-7.954	15.671	-0.011
30.22	-7.957	19.661	0.009
30.23	-7.959	20.439	0.023
30.24	-7.962	20.453	0.047
30.25	-7.964	20.456	0.070
30.26	-7.967	20.456	0.112
30.27	-7.969	20.450	0.147
30.28	-7.970	20.348	0.156
30.29	-7.971	18.689	0.157
30.3	-7.972	13.241	0.157
30.31	-7.973	5.791	0.110
30.32	-7.973	-0.183	0.018
30.33	-7.972	-4.040	-0.040
30.34	-7.971	-6.031	-0.068
30.35	-7.971	-5.904	-0.107
30.36	-7.971	-2.874	-0.110
30.37	-7.973	1.688	-0.108
30.38	-7.975	4.539	-0.109
30.39	-7.978	4.416	-0.116
30.4	-7.981	1.997	-0.103
30.41	-7.984	-1.266	-0.101
30.42	-7.987	-1.866	-0.086
30.43	-7.991	3.893	-0.095
30.44	-7.994	12.825	-0.102
30.45	-7.998	18.428	-0.092
30.46	-8.002	20.128	-0.094
30.47	-8.006	20.436	-0.086
30.48	-8.011	20.454	-0.086
30.49	-8.016	20.456	-0.080
30.5	-8.021	20.456	-0.080
30.51	-8.025	20.456	-0.080
30.52	-8.029	20.456	-0.067
30.53	-8.032	20.456	-0.086
30.54	-8.035	20.456	-0.082
30.55	-8.037	20.456	-0.081
30.56	-8.042	20.456	-0.073
30.57	-8.047	20.455	-0.072
30.58	-8.054	20.450	-0.077
30.59	-8.061	20.170	-0.080
30.6	-8.070	18.553	-0.078
30.61	-8.080	16.131	-0.076
30.62	-8.089	16.391	-0.071
30.63	-8.099	18.979	-0.068
30.64	-8.109	20.335	-0.079
30.65	-8.120	20.448	-0.075
30.66	-8.131	20.451	-0.050
30.67	-8.144	20.418	-0.046
30.68	-8.158	19.304	-0.026
30.69	-8.171	15.873	-0.003
30.7	-8.183	13.722	0.032
30.71	-8.194	10.209	0.035
30.72	-8.206	3.005	0.005
30.73	-8.220	1.480	0.009
30.74	-8.234	4.282	-0.014
30.75	-8.249	7.147	-0.057
30.76	-8.264	11.964	-0.066
30.77	-8.277	11.264	-0.087
30.78	-8.292	3.588	-0.076
30.79	-8.308	-2.563	-0.083
30.8	-8.324	-5.669	-0.094
30.81	-8.341	-8.288	-0.100
30.82	-8.355	-10.631	-0.085
30.83	-8.369	-11.640	-0.143
30.84	-8.386	-12.231	-0.059
30.85	-8.404	-14.360	0.435
30.86	-8.421	-17.699	1.045
30.87	-8.437	-19.912	0.872
30.88	-8.451	-20.429	0.171
30.89	-8.463	-20.354	0.018
30.9	-8.473	-18.622	-0.013
30.91	-8.483	-12.169	-0.091
30.92	-8.494	-1.418	-0.098
30.93	-8.506	9.010	-0.122
30.94	-8.517	15.851	-0.097
30.95	-8.527	19.143	-0.095
30.96	-8.538	20.266	-0.080
30.97	-8.549	20.451	-0.077
30.98	-8.558	20.455	-0.071
30.99	-8.565	20.456	-0.056
31.0	-8.572	20.449	-0.034
31.01	-8.582	20.426	-0.030
31.02	-8.592	20.413	-0.009
31.03	-8.603	20.343	0.016
31.04	-8.616	18.536	0.049
31.05	-8.629	10.007	0.067
31.06	-8.644	-5.322	0.094
31.07	-8.658	-16.988	0.126
31.08	-8.674	-20.278	0.149
31.09	-8.691	-20.446	0.166
