Interval=	0.01 s
ExcelDateTime=	3.9769408107252995e+004	17/11/2008 9:47:40.466659
TimeFormat=	StartOfBlock
ChannelTitle=	Channel 1	Channel 2	Channel 3
Range=	20.000 mV	50.000 mV	2.000 mV
0.0	-8.870	-15.142	-0.076
0.01	-8.856	-14.041	-0.100
0.02	-8.841	-14.236	-0.096
0.03	-8.824	-15.320	-0.106
0.04	-8.804	-16.842	-0.100
0.05	-8.784	-18.453	-0.095
0.06	-8.763	-19.952	-0.083
0.07	-8.740	-21.177	-0.096
0.08	-8.716	-22.047	-0.072
0.09	-8.693	-22.563	-0.078
0.1	-8.670	-22.802	-0.115
0.11	-8.646	-22.811	-0.086
0.12	-8.623	-22.592	-0.084
0.13	-8.599	-22.222	-0.082
0.14	-8.578	-21.784	-0.077
0.15	-8.558	-21.295	-0.063
0.16	-8.537	-20.800	-0.019
0.17	-8.519	-20.342	-0.028
0.18	-8.502	-19.900	0.009
0.19	-8.486	-19.508	0.003
0.2	-8.469	-19.178	0.017
0.21	-8.453	-18.823	-0.013
0.22	-8.437	-18.417	-0.052
0.23	-8.421	-17.942	-0.063
0.24	-8.406	-17.348	-0.069
0.25	-8.391	-16.645	-0.086
0.26	-8.375	-15.914	-0.101
0.27	-8.360	-15.272	-0.101
0.28	-8.345	-14.786	-0.096
0.29	-8.330	-14.494	-0.103
0.3	-8.316	-14.423	-0.088
0.31	-8.304	-14.544	-0.145
0.32	-8.293	-14.802	-0.008
0.33	-8.284	-15.155	0.543
0.34	-8.276	-15.514	1.071
0.35	-8.270	-15.828	0.718
0.36	-8.263	-16.130	0.094
0.37	-8.257	-16.447	0.039
0.38	-8.251	-16.780	-0.023
0.39	-8.246	-17.078	-0.089
0.4	-8.241	-17.242	-0.073
0.41	-8.237	-17.169	-0.096
0.42	-8.232	-16.805	-0.075
0.43	-8.226	-16.134	-0.084
0.44	-8.217	-15.145	-0.077
0.45	-8.208	-13.589	-0.071
0.46	-8.199	-10.559	-0.043
0.47	-8.191	-4.588	-0.021
0.48	-8.184	5.538	-0.015
0.49	-8.178	19.880	-0.008
0.5	-8.171	35.755	0.015
0.51	-8.166	46.939	0.028
0.52	-8.161	50.752	0.075
0.53	-8.158	51.128	0.090
0.54	-8.156	51.138	0.114
0.55	-8.153	51.130	0.155
0.56	-8.151	50.588	0.170
0.57	-8.150	46.656	0.193
0.58	-8.148	37.244	0.182
0.59	-8.146	25.503	0.103
0.6	-8.143	15.225	0.053
0.61	-8.142	7.238	-0.022
0.62	-8.141	1.305	-0.090
0.63	-8.141	-3.047	-0.106
0.64	-8.140	-6.270	-0.134
0.65	-8.140	-8.811	-0.126
0.66	-8.141	-11.170	-0.123
0.67	-8.141	-13.898	-0.138
0.68	-8.141	-17.611	-0.100
0.69	-8.142	-22.900	-0.130
0.7	-8.143	-30.002	-0.116
0.71	-8.143	-38.272	-0.115
0.72	-8.144	-45.680	-0.112
0.73	-8.144	-49.886	-0.083
0.74	-8.144	-50.864	-0.097
0.75	-8.146	-49.431	-0.093
0.76	-8.147	-45.222	-0.083
0.77	-8.148	-38.806	-0.075
0.78	-8.150	-31.780	-0.061
0.79	-8.151	-25.400	-0.092
0.8	-8.154	-20.411	-0.059
0.81	-8.156	-17.039	-0.064
0.82	-8.158	-15.244	-0.083
0.83	-8.159	-14.842	-0.075
0.84	-8.161	-15.475	-0.069
0.85	-8.163	-16.717	-0.086
0.86	-8.166	-18.216	-0.077
0.87	-8.168	-19.725	-0.068
0.88	-8.170	-21.055	-0.082
0.89	-8.172	-22.025	-0.084
0.9	-8.174	-22.616	-0.082
0.91	-8.176	-22.905	-0.090
0.92	-8.177	-22.927	-0.071
0.93	-8.178	-22.734	-0.074
0.94	-8.179	-22.402	-0.067
0.95	-8.181	-21.956	-0.074
0.96	-8.181	-21.431	-0.066
0.97	-8.183	-20.866	-0.053
0.98	-8.184	-20.309	-0.062
0.99	-8.185	-19.783	-0.041
1.0	-8.186	-19.294	-0.018
1.01	-8.188	-18.855	-0.010
1.02	-8.189	-18.463	0.017
1.03	-8.191	-18.117	0.022
1.04	-8.192	-17.819	0.029
1.05	-8.193	-17.509	-0.018
1.06	-8.195	-17.177	-0.048
1.07	-8.196	-16.795	-0.079
1.08	-8.197	-16.267	-0.073
1.09	-8.197	-15.634	-0.088
1.1	-8.198	-14.997	-0.097
1.11	-8.199	-14.359	-0.076
1.12	-8.201	-13.833	-0.086
1.13	-8.203	-13.595	-0.080
1.14	-8.204	-13.683	-0.112
1.15	-8.205	-14.030	-0.122
1.16	-8.207	-14.544	0.160
1.17	-8.208	-15.119	0.817
1.18	-8.209	-15.675	1.145
1.19	-8.211	-16.073	0.502
1.2	-8.214	-16.292	0.037
1.21	-8.217	-16.475	0.033
1.22	-8.221	-16.636	-0.048
1.23	-8.224	-16.731	-0.097
1.24	-8.228	-16.756	-0.109
1.25	-8.232	-16.617	-0.099
1.26	-8.236	-16.164	-0.091
1.27	-8.239	-15.339	-0.075
1.28	-8.241	-14.033	-0.078
1.29	-8.243	-11.588	-0.071
1.3	-8.245	-6.628	-0.039
1.31	-8.248	2.397	-0.051
1.32	-8.252	16.142	-0.018
1.33	-8.257	32.559	-0.016
1.34	-8.263	45.372	-0.025
1.35	-8.270	50.466	0.038
1.36	-8.278	51.127	0.070
1.37	-8.286	51.138	0.091
1.38	-8.296	51.136	0.144
1.39	-8.307	51.070	0.147
1.4	-8.319	49.606	0.178
1.41	-8.334	43.495	0.159
1.42	-8.351	32.834	0.153
1.43	-8.370	21.953	0.096
1.44	-8.390	13.233	0.010
1.45	-8.411	6.567	-0.039
1.46	-8.431	1.558	-0.085
1.47	-8.449	-2.231	-0.110
1.48	-8.467	-5.228	-0.127
1.49	-8.484	-7.827	-0.137
1.5	-8.502	-10.434	-0.135
1.51	-8.521	-13.509	-0.139
1.52	-8.538	-17.637	-0.118
1.53	-8.557	-23.428	-0.115
1.54	-8.576	-30.988	-0.112
1.55	-8.594	-39.423	-0.125
1.56	-8.611	-46.541	-0.145
1.57	-8.628	-50.225	-0.112
1.58	-8.646	-50.863	-0.107
1.59	-8.663	-49.147	-0.120
1.6	-8.680	-44.519	-0.086
1.61	-8.697	-37.831	-0.100
1.62	-8.713	-30.855	-0.093
1.63	-8.729	-24.692	-0.112
1.64	-8.746	-19.977	-0.099
1.65	-8.764	-16.989	-0.098
1.66	-8.782	-15.673	-0.097
1.67	-8.800	-15.592	-0.095
1.68	-8.818	-16.291	-0.113
1.69	-8.834	-17.508	-0.116
1.7	-8.849	-18.892	-0.098
1.71	-8.864	-20.189	-0.108
1.72	-8.879	-21.325	-0.109
1.73	-8.893	-22.202	-0.091
1.74	-8.906	-22.753	-0.088
1.75	-8.918	-23.017	-0.088
1.76	-8.931	-23.016	-0.102
1.77	-8.943	-22.745	-0.101
1.78	-8.954	-22.295	-0.097
1.79	-8.965	-21.780	-0.101
1.8	-8.976	-21.247	-0.075
1.81	-8.986	-20.730	-0.093
1.82	-8.994	-20.263	-0.074
1.83	-9.002	-19.848	-0.058
1.84	-9.011	-19.456	-0.043
1.85	-9.019	-19.034	-0.011
1.86	-9.027	-18.613	0.011
1.87	-9.036	-18.219	-0.021
1.88	-9.044	-17.786	-0.015
1.89	-9.053	-17.341	-0.015
1.9	-9.061	-16.914	-0.067
1.91	-9.067	-16.436	-0.082
1.92	-9.072	-15.902	-0.079
1.93	-9.078	-15.350	-0.106
1.94	-9.081	-14.822	-0.105
1.95	-9.084	-14.358	-0.093
1.96	-9.087	-14.006	-0.093
1.97	-9.091	-13.844	-0.111
1.98	-9.097	-13.861	-0.106
1.99	-9.103	-14.047	-0.152
2.0	-9.107	-14.388	0.018
2.01	-9.111	-14.775	0.567
2.02	-9.116	-15.167	1.035
2.03	-9.123	-15.531	0.594
2.04	-9.130	-15.806	0.068
2.05	-9.136	-16.097	0.035
2.06	-9.141	-16.464	-0.044
2.07	-9.145	-16.805	-0.085
2.08	-9.148	-16.988	-0.118
2.09	-9.149	-16.923	-0.096
2.1	-9.147	-16.544	-0.107
2.11	-9.143	-15.819	-0.096
2.12	-9.138	-14.830	-0.064
2.13	-9.133	-13.388	-0.081
2.14	-9.127	-10.645	-0.048
2.15	-9.121	-5.219	-0.074
2.16	-9.114	4.275	-0.033
2.17	-9.106	18.084	0.001
2.18	-9.099	33.914	0.017
2.19	-9.092	45.914	0.042
2.2	-9.086	50.552	0.069
2.21	-9.079	51.128	0.102
2.22	-9.072	51.136	0.136
2.23	-9.063	51.117	0.135
2.24	-9.054	50.308	0.140
2.25	-9.045	45.470	0.190
2.26	-9.034	34.994	0.174
2.27	-9.021	22.695	0.106
2.28	-9.008	12.227	0.058
2.29	-8.993	4.166	-0.043
2.3	-8.977	-1.759	-0.100
2.31	-8.958	-5.923	-0.107
2.32	-8.936	-8.828	-0.121
2.33	-8.912	-11.077	-0.128
2.34	-8.886	-13.227	-0.122
2.35	-8.859	-15.927	-0.116
2.36	-8.831	-19.994	-0.136
2.37	-8.802	-26.014	-0.140
2.38	-8.773	-33.747	-0.089
2.39	-8.744	-41.808	-0.111
2.4	-8.714	-47.884	-0.110
2.41	-8.684	-50.488	-0.102
2.42	-8.654	-49.911	-0.122
2.43	-8.624	-46.394	-0.096
2.44	-8.596	-40.411	-0.091
2.45	-8.568	-33.433	-0.091
2.46	-8.542	-26.764	-0.076
2.47	-8.516	-21.231	-0.108
2.48	-8.491	-17.264	-0.092
2.49	-8.467	-14.989	-0.103
2.5	-8.445	-14.217	-0.104
2.51	-8.424	-14.548	-0.084
2.52	-8.404	-15.603	-0.063
2.53	-8.386	-17.019	-0.095
2.54	-8.369	-18.498	-0.122
2.55	-8.353	-19.848	-0.100
2.56	-8.338	-20.956	-0.078
2.57	-8.321	-21.777	-0.079
2.58	-8.306	-22.283	-0.108
2.59	-8.293	-22.480	-0.091
2.6	-8.280	-22.441	-0.078
2.61	-8.268	-22.238	-0.108
2.62	-8.256	-21.891	-0.081
2.63	-8.243	-21.422	-0.093
2.64	-8.230	-20.872	-0.090
2.65	-8.218	-20.325	-0.072
2.66	-8.207	-19.847	-0.050
2.67	-8.198	-19.416	-0.040
2.68	-8.189	-18.995	-0.046
2.69	-8.182	-18.591	0.000
2.7	-8.174	-18.206	0.063
2.71	-8.167	-17.845	0.027
2.72	-8.160	-17.531	0.014
2.73	-8.154	-17.253	0.011
2.74	-8.149	-16.973	-0.035
2.75	-8.144	-16.647	-0.053
2.76	-8.140	-16.252	-0.055
2.77	-8.136	-15.761	-0.086
2.78	-8.130	-15.169	-0.066
2.79	-8.124	-14.614	-0.098
2.8	-8.121	-14.239	-0.102
2.81	-8.117	-14.047	-0.072
2.82	-8.115	-14.061	-0.091
2.83	-8.112	-14.278	-0.126
2.84	-8.110	-14.591	0.002
2.85	-8.109	-14.942	0.535
2.86	-8.109	-15.322	1.110
2.87	-8.110	-15.661	0.787
2.88	-8.111	-15.966	0.131
2.89	-8.111	-16.275	0.030
2.9	-8.111	-16.589	-0.014
2.91	-8.111	-16.942	-0.075
2.92	-8.111	-17.178	-0.071
2.93	-8.112	-17.097	-0.096
2.94	-8.112	-16.722	-0.075
2.95	-8.110	-16.048	-0.071
2.96	-8.107	-15.022	-0.068
2.97	-8.103	-13.384	-0.053
2.98	-8.099	-10.247	-0.027
2.99	-8.097	-4.161	-0.038
3.0	-8.094	6.222	-0.019
3.01	-8.091	20.970	0.008
3.02	-8.088	36.863	0.009
3.03	-8.086	47.488	0.035
3.04	-8.086	50.841	0.063
3.05	-8.086	51.128	0.094
3.06	-8.085	51.138	0.134
3.07	-8.085	51.130	0.163
3.08	-8.084	50.606	0.176
3.09	-8.084	46.739	0.165
3.1	-8.084	37.384	0.185
3.11	-8.084	25.698	0.126
3.12	-8.086	15.527	0.054
3.13	-8.087	7.578	-0.004
3.14	-8.088	1.553	-0.057
3.15	-8.088	-2.945	-0.082
3.16	-8.088	-6.348	-0.101
3.17	-8.088	-9.041	-0.145
3.18	-8.089	-11.398	-0.118
3.19	-8.089	-13.905	-0.092
3.2	-8.091	-17.169	-0.123
3.21	-8.092	-21.936	-0.131
3.22	-8.094	-28.538	-0.103
3.23	-8.096	-36.363	-0.105
3.24	-8.098	-43.836	-0.108
3.25	-8.099	-48.892	-0.116
3.26	-8.100	-50.631	-0.105
3.27	-8.102	-49.423	-0.099
3.28	-8.103	-45.520	-0.101
3.29	-8.105	-39.603	-0.089
3.3	-8.107	-32.988	-0.098
3.31	-8.109	-26.823	-0.110
3.32	-8.111	-21.836	-0.079
3.33	-8.114	-18.269	-0.088
3.34	-8.116	-16.094	-0.090
3.35	-8.119	-15.223	-0.102
3.36	-8.122	-15.386	-0.096
3.37	-8.126	-16.216	-0.083
3.38	-8.129	-17.503	-0.094
3.39	-8.133	-18.942	-0.074
3.4	-8.137	-20.216	-0.065
3.41	-8.140	-21.245	-0.101
3.42	-8.144	-21.988	-0.096
3.43	-8.148	-22.400	-0.064
3.44	-8.152	-22.516	-0.076
3.45	-8.156	-22.417	-0.094
3.46	-8.161	-22.125	-0.072
3.47	-8.166	-21.619	-0.071
3.48	-8.172	-21.017	-0.072
3.49	-8.179	-20.434	-0.085
3.5	-8.186	-19.873	-0.073
3.51	-8.193	-19.395	-0.058
3.52	-8.200	-19.005	-0.069
3.53	-8.209	-18.616	-0.061
3.54	-8.219	-18.295	-0.042
3.55	-8.229	-18.030	-0.016
3.56	-8.241	-17.713	-0.004
3.57	-8.252	-17.383	0.008
3.58	-8.264	-17.031	0.031
3.59	-8.276	-16.667	0.012
3.6	-8.289	-16.356	0.000
3.61	-8.302	-16.066	-0.036
3.62	-8.316	-15.738	-0.073
3.63	-8.331	-15.355	-0.080
3.64	-8.349	-14.892	-0.065
3.65	-8.367	-14.334	-0.084
3.66	-8.387	-13.773	-0.108
3.67	-8.406	-13.367	-0.094
3.68	-8.425	-13.186	-0.078
3.69	-8.446	-13.258	-0.101
3.7	-8.466	-13.555	-0.143
3.71	-8.485	-13.994	0.053
3.72	-8.504	-14.489	0.710
3.73	-8.525	-14.936	1.168
3.74	-8.549	-15.272	0.647
3.75	-8.573	-15.497	0.086
3.76	-8.596	-15.672	0.052
3.77	-8.619	-15.864	-0.042
3.78	-8.642	-16.038	-0.071
3.79	-8.664	-16.127	-0.103
3.8	-8.684	-16.030	-0.099
3.81	-8.704	-15.600	-0.076
3.82	-8.723	-14.859	-0.078
3.83	-8.739	-13.802	-0.085
3.84	-8.753	-11.975	-0.050
3.85	-8.767	-8.336	-0.048
3.86	-8.781	-1.353	-0.051
3.87	-8.794	10.238	-0.020
3.88	-8.806	25.905	-0.005
3.89	-8.820	40.920	0.008
3.9	-8.835	49.144	0.042
3.91	-8.852	51.050	0.071
3.92	-8.869	51.134	0.085
3.93	-8.886	51.136	0.129
3.94	-8.903	51.092	0.164
3.95	-8.920	49.900	0.166
3.96	-8.936	44.241	0.179
3.97	-8.951	33.531	0.172
3.98	-8.964	22.009	0.143
3.99	-8.978	12.447	0.048
4.0	-8.990	5.011	-0.009
4.01	-9.002	-0.450	-0.059
4.02	-9.013	-4.367	-0.090
4.03	-9.023	-7.241	-0.100
4.04	-9.031	-9.466	-0.105
4.05	-9.041	-11.531	-0.102
4.06	-9.050	-13.994	-0.116
4.07	-9.059	-17.503	-0.100
4.08	-9.066	-22.645	-0.083
4.09	-9.074	-29.455	-0.092
4.1	-9.082	-37.156	-0.098
4.11	-9.091	-44.144	-0.112
4.12	-9.099	-48.572	-0.091
4.13	-9.106	-49.511	-0.076
4.14	-9.113	-47.230	-0.086
4.15	-9.121	-42.495	-0.077
4.16	-9.130	-36.334	-0.074
4.17	-9.139	-29.931	-0.094
4.18	-9.148	-24.195	-0.074
4.19	-9.157	-19.683	-0.080
4.2	-9.166	-16.664	-0.093
4.21	-9.176	-15.094	-0.087
4.22	-9.186	-14.792	-0.066
4.23	-9.197	-15.427	-0.070
4.24	-9.206	-16.514	-0.102
4.25	-9.215	-17.780	-0.106
4.26	-9.224	-19.061	-0.062
4.27	-9.232	-20.105	-0.095
4.28	-9.240	-20.855	-0.092
4.29	-9.248	-21.366	-0.080
4.3	-9.256	-21.623	-0.074
4.31	-9.263	-21.648	-0.097
4.32	-9.270	-21.538	-0.093
4.33	-9.276	-21.342	-0.069
4.34	-9.283	-21.027	-0.081
4.35	-9.287	-20.595	-0.090
4.36	-9.293	-20.120	-0.089
4.37	-9.296	-19.606	-0.070
4.38	-9.299	-19.091	-0.086
4.39	-9.302	-18.628	-0.089
4.4	-9.305	-18.206	-0.049
4.41	-9.308	-17.842	-0.042
4.42	-9.309	-17.522	-0.016
4.43	-9.311	-17.169	-0.007
4.44	-9.311	-16.794	-0.008
4.45	-9.311	-16.463	0.009
4.46	-9.311	-16.178	-0.013
4.47	-9.309	-15.859	-0.043
4.48	-9.307	-15.459	-0.055
4.49	-9.301	-15.050	-0.077
4.5	-9.293	-14.717	-0.080
4.51	-9.281	-14.463	-0.097
4.52	-9.266	-14.175	-0.100
4.53	-9.249	-13.789	-0.100
4.54	-9.231	-13.492	-0.103
4.55	-9.211	-13.488	-0.096
4.56	-9.192	-13.631	-0.099
4.57	-9.170	-13.783	-0.138
4.58	-9.145	-14.044	0.233
4.59	-9.118	-14.330	0.849
4.6	-9.091	-14.547	0.924
4.61	-9.065	-14.848	0.309
4.62	-9.037	-15.275	0.022
4.63	-9.009	-15.738	0.023
4.64	-8.980	-16.272	-0.074
4.65	-8.949	-16.808	-0.065
4.66	-8.916	-17.088	-0.097
4.67	-8.881	-16.975	-0.102
4.68	-8.844	-16.511	-0.071
4.69	-8.805	-15.730	-0.089
4.7	-8.766	-14.694	-0.084
4.71	-8.729	-13.270	-0.060
4.72	-8.693	-10.552	-0.035
4.73	-8.657	-5.041	-0.035
4.74	-8.621	4.483	-0.019
4.75	-8.586	18.084	-0.001
4.76	-8.554	33.548	0.005
4.77	-8.523	45.502	0.048
4.78	-8.493	50.420	0.067
4.79	-8.464	51.127	0.111
4.8	-8.436	51.128	0.150
4.81	-8.410	50.956	0.132
4.82	-8.386	48.614	0.177
4.83	-8.362	40.872	0.182
4.84	-8.340	28.920	0.138
4.85	-8.320	17.080	0.085
4.86	-8.300	7.258	0.025
4.87	-8.281	-0.358	-0.045
4.88	-8.262	-5.906	-0.091
4.89	-8.244	-9.786	-0.097
4.9	-8.227	-12.483	-0.130
4.91	-8.211	-14.598	-0.153
4.92	-8.197	-16.811	-0.128
4.93	-8.184	-19.745	-0.127
4.94	-8.172	-24.022	-0.115
4.95	-8.161	-29.941	-0.120
4.96	-8.148	-36.794	-0.101
4.97	-8.136	-42.911	-0.088
4.98	-8.125	-46.652	-0.125
4.99	-8.115	-47.172	-0.120
5.0	-8.105	-44.664	-0.106
5.01	-8.096	-40.003	-0.103
5.02	-8.089	-34.220	-0.076
5.03	-8.082	-28.328	-0.091
5.04	-8.077	-23.103	-0.087
5.05	-8.071	-18.934	-0.083
5.06	-8.066	-15.991	-0.060
5.07	-8.061	-14.306	-0.099
5.08	-8.058	-13.714	-0.111
5.09	-8.055	-13.955	-0.082
5.1	-8.052	-14.788	-0.080
5.11	-8.049	-15.938	-0.077
5.12	-8.046	-17.167	-0.088
5.13	-8.043	-18.336	-0.083
5.14	-8.040	-19.325	-0.082
5.15	-8.036	-20.045	-0.079
5.16	-8.034	-20.495	-0.069
5.17	-8.031	-20.686	-0.084
5.18	-8.029	-20.656	-0.080
5.19	-8.026	-20.480	-0.097
5.2	-8.024	-20.217	-0.065
5.21	-8.023	-19.903	-0.050
5.22	-8.021	-19.552	-0.077
5.23	-8.019	-19.184	-0.080
5.24	-8.017	-18.836	-0.076
5.25	-8.016	-18.500	-0.070
5.26	-8.014	-18.175	-0.079
5.27	-8.012	-17.881	-0.063
5.28	-8.011	-17.600	-0.017
5.29	-8.011	-17.319	-0.030
5.3	-8.011	-17.059	-0.015
5.31	-8.011	-16.791	0.036
5.32	-8.011	-16.463	0.015
5.33	-8.011	-16.167	0.003
5.34	-8.011	-15.930	0.008
5.35	-8.012	-15.633	-0.042
5.36	-8.013	-15.311	-0.076
5.37	-8.013	-14.972	-0.087
5.38	-8.012	-14.538	-0.074
5.39	-8.010	-14.063	-0.095
5.4	-8.008	-13.658	-0.095
5.41	-8.008	-13.377	-0.093
5.42	-8.007	-13.259	-0.086
5.43	-8.006	-13.291	-0.082
5.44	-8.006	-13.467	-0.139
5.45	-8.007	-13.803	-0.039
5.46	-8.007	-14.223	0.460
5.47	-8.007	-14.622	1.107
5.48	-8.008	-14.963	0.896
5.49	-8.009	-15.220	0.171
5.5	-8.012	-15.430	0.038
5.51	-8.014	-15.645	0.008
5.52	-8.016	-15.867	-0.093
5.53	-8.017	-16.067	-0.102
5.54	-8.019	-16.144	-0.086
5.55	-8.021	-15.902	-0.091
5.56	-8.021	-15.277	-0.112
5.57	-8.020	-14.313	-0.074
5.58	-8.018	-12.736	-0.056
5.59	-8.017	-9.683	-0.062
5.6	-8.016	-3.783	-0.033
5.61	-8.014	6.291	-0.032
5.62	-8.012	20.802	-0.014
5.63	-8.011	36.686	-0.010
5.64	-8.009	47.403	0.016
5.65	-8.007	50.827	0.067
5.66	-8.006	51.128	0.072
5.67	-8.005	51.138	0.106
5.68	-8.006	51.131	0.131
5.69	-8.008	50.606	0.142
5.7	-8.010	46.803	0.198
5.71	-8.012	37.706	0.174
5.72	-8.016	26.305	0.125
5.73	-8.019	16.184	0.082
5.74	-8.023	8.200	0.004
5.75	-8.026	2.198	-0.076
5.76	-8.029	-2.239	-0.084
5.77	-8.033	-5.559	-0.109
5.78	-8.037	-8.166	-0.128
5.79	-8.041	-10.439	-0.111
5.8	-8.044	-12.778	-0.118
5.81	-8.049	-15.641	-0.121
5.82	-8.055	-19.611	-0.141
5.83	-8.061	-25.119	-0.113
5.84	-8.068	-31.967	-0.092
5.85	-8.074	-39.113	-0.123
5.86	-8.081	-44.905	-0.098
5.87	-8.088	-47.900	-0.103
5.88	-8.095	-47.642	-0.099
5.89	-8.103	-44.652	-0.096
5.9	-8.110	-39.777	-0.109
5.91	-8.118	-33.909	-0.077
5.92	-8.127	-28.039	-0.082
5.93	-8.137	-22.964	-0.100
5.94	-8.148	-19.066	-0.072
5.95	-8.158	-16.467	-0.073
5.96	-8.169	-15.138	-0.106
5.97	-8.179	-14.834	-0.092
5.98	-8.190	-15.228	-0.067
5.99	-8.201	-16.077	-0.105
6.0	-8.212	-17.194	-0.069
6.01	-8.224	-18.305	-0.079
6.02	-8.236	-19.266	-0.101
6.03	-8.249	-20.072	-0.075
6.04	-8.262	-20.628	-0.078
6.05	-8.277	-20.850	-0.082
6.06	-8.293	-20.798	-0.074
6.07	-8.312	-20.584	-0.087
6.08	-8.331	-20.233	-0.061
6.09	-8.350	-19.752	-0.062
6.1	-8.369	-19.263	-0.103
6.11	-8.387	-18.836	-0.073
6.12	-8.406	-18.483	-0.069
6.13	-8.424	-18.202	-0.077
6.14	-8.442	-17.908	-0.051
6.15	-8.460	-17.600	-0.067
6.16	-8.478	-17.319	-0.051
6.17	-8.493	-17.058	-0.016
6.18	-8.509	-16.791	-0.010
6.19	-8.526	-16.494	0.025
6.2	-8.544	-16.209	0.025
6.21	-8.562	-15.961	0.006
6.22	-8.581	-15.709	0.027
6.23	-8.599	-15.400	-0.029
6.24	-8.617	-15.048	-0.052
6.25	-8.635	-14.677	-0.053
6.26	-8.651	-14.266	-0.073
6.27	-8.663	-13.831	-0.077
6.28	-8.676	-13.442	-0.083
6.29	-8.688	-13.181	-0.075
6.3	-8.703	-13.048	-0.087
6.31	-8.717	-13.020	-0.089
6.32	-8.733	-13.138	-0.103
6.33	-8.748	-13.395	-0.139
6.34	-8.763	-13.747	0.232
6.35	-8.778	-14.136	0.896
6.36	-8.795	-14.506	1.038
6.37	-8.814	-14.814	0.369
6.38	-8.832	-15.014	0.035
6.39	-8.849	-15.183	0.044
6.4	-8.866	-15.406	-0.057
6.41	-8.885	-15.592	-0.095
6.42	-8.902	-15.633	-0.107
6.43	-8.916	-15.466	-0.083
6.44	-8.925	-15.072	-0.087
6.45	-8.933	-14.414	-0.064
6.46	-8.939	-13.431	-0.073
6.47	-8.945	-11.834	-0.063
6.48	-8.951	-8.567	-0.029
6.49	-8.957	-1.998	-0.039
6.5	-8.964	8.994	-0.037
6.51	-8.971	23.966	0.011
6.52	-8.981	39.147	0.029
6.53	-8.992	48.430	0.027
6.54	-9.004	50.978	0.087
6.55	-9.017	51.131	0.117
6.56	-9.029	51.134	0.134
6.57	-9.040	51.052	0.153
6.58	-9.051	49.372	0.173
6.59	-9.060	42.825	0.192
6.6	-9.070	31.650	0.161
6.61	-9.080	20.039	0.098
6.62	-9.090	10.436	0.032
6.63	-9.100	3.066	-0.032
6.64	-9.108	-2.367	-0.063
6.65	-9.116	-6.253	-0.097
6.66	-9.123	-9.014	-0.115
6.67	-9.131	-11.120	-0.138
6.68	-9.139	-13.064	-0.122
6.69	-9.146	-15.517	-0.111
6.7	-9.149	-19.228	-0.115
6.71	-9.151	-24.633	-0.127
6.72	-9.152	-31.531	-0.109
6.73	-9.154	-38.773	-0.098
6.74	-9.155	-44.530	-0.115
6.75	-9.154	-47.308	-0.095
6.76	-9.151	-46.689	-0.098
6.77	-9.147	-43.161	-0.101
6.78	-9.142	-37.675	-0.090
6.79	-9.136	-31.364	-0.091
6.8	-9.128	-25.309	-0.084
6.81	-9.119	-20.225	-0.082
6.82	-9.107	-16.484	-0.075
6.83	-9.094	-14.241	-0.087
6.84	-9.080	-13.339	-0.087
6.85	-9.064	-13.419	-0.095
6.86	-9.047	-14.147	-0.081
6.87	-9.029	-15.300	-0.084
6.88	-9.007	-16.631	-0.086
6.89	-8.982	-17.886	-0.083
6.9	-8.955	-19.005	-0.074
6.91	-8.926	-19.895	-0.062
6.92	-8.897	-20.463	-0.077
6.93	-8.867	-20.755	-0.077
6.94	-8.836	-20.816	-0.080
6.95	-8.808	-20.688	-0.069
6.96	-8.780	-20.450	-0.050
6.97	-8.753	-20.152	-0.076
6.98	-8.727	-19.813	-0.066
6.99	-8.701	-19.441	-0.048
7.0	-8.675	-19.014	-0.062
7.01	-8.648	-18.575	-0.067
7.02	-8.621	-18.241	-0.041
7.03	-8.596	-17.983	-0.036
7.04	-8.572	-17.709	-0.021
7.05	-8.549	-17.438	0.014
7.06	-8.526	-17.205	0.042
7.07	-8.504	-16.963	0.030
7.08	-8.482	-16.666	0.007
7.09	-8.463	-16.350	0.004
7.1	-8.443	-16.031	-0.018
7.11	-8.424	-15.644	-0.058
7.12	-8.406	-15.175	-0.049
7.13	-8.387	-14.709	-0.076
7.14	-8.367	-14.313	-0.073
7.15	-8.346	-13.978	-0.063
7.16	-8.328	-13.744	-0.097
7.17	-8.310	-13.673	-0.067
7.18	-8.294	-13.756	-0.086
7.19	-8.279	-13.931	-0.120
7.2	-8.265	-14.198	0.094
7.21	-8.254	-14.525	0.655
7.22	-8.244	-14.833	1.063
7.23	-8.234	-15.142	0.567
7.24	-8.225	-15.472	0.042
7.25	-8.215	-15.792	0.030
7.26	-8.206	-16.134	-0.072
7.27	-8.199	-16.470	-0.110
7.28	-8.191	-16.695	-0.111
7.29	-8.182	-16.734	-0.143
7.3	-8.172	-16.472	-0.113
7.31	-8.162	-15.886	-0.112
7.32	-8.152	-15.044	-0.108
7.33	-8.142	-13.702	-0.083
7.34	-8.132	-11.119	-0.061
7.35	-8.123	-6.063	-0.085
7.36	-8.116	2.870	-0.067
7.37	-8.109	16.198	-0.016
7.38	-8.103	32.064	-0.016
7.39	-8.098	44.841	-0.002
7.4	-8.093	50.298	0.038
7.41	-8.089	51.122	0.079
7.42	-8.086	51.136	0.095
7.43	-8.083	51.131	0.125
7.44	-8.081	50.770	0.171
7.45	-8.078	47.517	0.172
7.46	-8.075	38.559	0.147
7.47	-8.072	26.300	0.109
7.48	-8.070	14.998	0.050
7.49	-8.069	5.928	-0.031
7.5	-8.068	-1.022	-0.074
7.51	-8.066	-6.155	-0.084
7.52	-8.065	-9.817	-0.114
7.53	-8.063	-12.511	-0.122
7.54	-8.061	-14.755	-0.116
7.55	-8.059	-17.053	-0.123
7.56	-8.058	-20.130	-0.108
7.57	-8.057	-24.622	-0.104
7.58	-8.055	-30.695	-0.103
7.59	-8.054	-37.706	-0.102
7.6	-8.053	-44.070	-0.100
7.61	-8.053	-48.070	-0.107
7.62	-8.052	-48.870	-0.082
7.63	-8.052	-46.625	-0.078
7.64	-8.052	-42.103	-0.088
7.65	-8.052	-36.322	-0.078
7.66	-8.052	-30.209	-0.073
7.67	-8.052	-24.530	-0.082
7.68	-8.052	-19.869	-0.085
7.69	-8.053	-16.472	-0.051
7.7	-8.053	-14.361	-0.057
7.71	-8.054	-13.463	-0.074
7.72	-8.055	-13.575	-0.065
7.73	-8.056	-14.397	-0.067
7.74	-8.057	-15.631	-0.072
7.75	-8.058	-17.031	-0.077
7.76	-8.059	-18.397	-0.072
7.77	-8.062	-19.589	-0.051
7.78	-8.064	-20.520	-0.047
7.79	-8.066	-21.109	-0.057
7.8	-8.068	-21.344	-0.051
7.81	-8.069	-21.325	-0.030
7.82	-8.071	-21.114	-0.036
7.83	-8.072	-20.745	-0.064
7.84	-8.073	-20.317	-0.013
7.85	-8.074	-19.869	-0.032
7.86	-8.076	-19.409	-0.030
7.87	-8.078	-18.977	-0.017
7.88	-8.079	-18.570	-0.044
7.89	-8.080	-18.234	-0.031
7.9	-8.081	-17.970	-0.020
7.91	-8.082	-17.703	-0.003
7.92	-8.084	-17.438	0.002
7.93	-8.086	-17.186	0.042
7.94	-8.088	-16.909	0.070
7.95	-8.089	-16.595	0.047
7.96	-8.092	-16.264	0.047
7.97	-8.095	-15.900	0.029
7.98	-8.098	-15.534	-0.007
7.99	-8.101	-15.194	-0.020
8.0	-8.105	-14.855	-0.038
8.01	-8.108	-14.523	-0.039
8.02	-8.111	-14.156	-0.064
8.03	-8.113	-13.780	-0.100
8.04	-8.116	-13.473	-0.072
8.05	-8.118	-13.275	-0.066
8.06	-8.121	-13.242	-0.063
8.07	-8.124	-13.369	-0.112
8.08	-8.127	-13.645	-0.044
8.09	-8.131	-14.066	0.433
8.1	-8.134	-14.517	1.088
8.11	-8.139	-14.916	0.944
8.12	-8.144	-15.233	0.230
8.13	-8.150	-15.450	0.047
8.14	-8.157	-15.614	0.009
8.15	-8.163	-15.792	-0.076
8.16	-8.170	-15.945	-0.068
8.17	-8.177	-15.970	-0.107
8.18	-8.184	-15.811	-0.104
8.19	-8.190	-15.383	-0.071
8.2	-8.196	-14.570	-0.077
8.21	-8.201	-13.195	-0.065
8.22	-8.205	-10.513	-0.050
8.23	-8.209	-5.056	-0.040
8.24	-8.214	4.663	-0.030
8.25	-8.219	19.141	-0.023
8.26	-8.225	35.539	0.004
8.27	-8.231	46.984	0.019
8.28	-8.238	50.772	0.053
8.29	-8.246	51.128	0.077
8.3	-8.254	51.139	0.103
8.31	-8.263	51.134	0.131
8.32	-8.273	51.059	0.166
8.33	-8.283	49.436	0.192
8.34	-8.292	42.848	0.175
8.35	-8.301	31.555	0.144
8.36	-8.311	20.075	0.071
8.37	-8.322	10.748	-0.002
8.38	-8.334	3.498	-0.051
8.39	-8.346	-2.002	-0.099
8.4	-8.358	-6.138	-0.123
8.41	-8.371	-9.311	-0.126
8.42	-8.384	-11.908	-0.116
8.43	-8.399	-14.327	-0.140
8.44	-8.414	-17.028	-0.135
8.45	-8.429	-20.592	-0.132
8.46	-8.444	-25.577	-0.122
8.47	-8.459	-32.172	-0.116
8.48	-8.474	-39.709	-0.137
8.49	-8.489	-46.325	-0.117
8.5	-8.505	-50.028	-0.118
8.51	-8.519	-50.706	-0.120
8.52	-8.533	-48.842	-0.097
8.53	-8.547	-44.267	-0.111
8.54	-8.562	-37.834	-0.091
8.55	-8.578	-30.948	-0.087
8.56	-8.594	-24.605	-0.113
8.57	-8.612	-19.534	-0.105
8.58	-8.629	-16.073	-0.104
8.59	-8.648	-14.161	-0.097
8.6	-8.664	-13.569	-0.085
8.61	-8.682	-14.033	-0.092
8.62	-8.699	-15.144	-0.090
8.63	-8.716	-16.505	-0.109
8.64	-8.734	-17.942	-0.107
8.65	-8.752	-19.294	-0.089
8.66	-8.770	-20.375	-0.089
8.67	-8.787	-21.159	-0.096
8.68	-8.803	-21.692	-0.094
8.69	-8.819	-21.916	-0.073
8.7	-8.836	-21.831	-0.096
8.71	-8.851	-21.564	-0.087
8.72	-8.866	-21.173	-0.080
8.73	-8.879	-20.663	-0.079
8.74	-8.893	-20.130	-0.078
8.75	-8.906	-19.639	-0.075
8.76	-8.920	-19.109	-0.064
8.77	-8.935	-18.595	-0.105
8.78	-8.950	-18.209	-0.067
8.79	-8.964	-17.834	-0.045
8.8	-8.977	-17.416	-0.059
8.81	-8.989	-17.061	-0.002
8.82	-9.000	-16.753	0.022
8.83	-9.012	-16.416	0.017
8.84	-9.023	-16.063	0.014
8.85	-9.034	-15.755	-0.011
8.86	-9.046	-15.488	-0.025
8.87	-9.058	-15.166	-0.040
8.88	-9.069	-14.800	-0.076
8.89	-9.078	-14.423	-0.062
8.9	-9.085	-14.002	-0.067
8.91	-9.091	-13.583	-0.101
8.92	-9.094	-13.253	-0.090
8.93	-9.098	-13.009	-0.121
8.94	-9.100	-12.905	-0.095
8.95	-9.103	-13.006	-0.075
8.96	-9.107	-13.225	-0.125
8.97	-9.111	-13.517	0.158
8.98	-9.115	-13.900	0.787
8.99	-9.121	-14.288	0.998
9.0	-9.127	-14.622	0.388
9.01	-9.133	-14.953	0.007
9.02	-9.138	-15.298	0.049
9.03	-9.141	-15.656	-0.049
9.04	-9.143	-15.991	-0.104
9.05	-9.144	-16.205	-0.095
9.06	-9.143	-16.167	-0.089
9.07	-9.140	-15.809	-0.098
9.08	-9.135	-15.206	-0.080
9.09	-9.130	-14.361	-0.068
9.1	-9.126	-13.066	-0.053
9.11	-9.121	-10.617	-0.043
9.12	-9.116	-5.606	-0.038
9.13	-9.111	3.414	-0.033
9.14	-9.105	16.836	-0.009
9.15	-9.098	32.698	0.026
9.16	-9.091	45.253	0.048
9.17	-9.085	50.419	0.076
9.18	-9.079	51.128	0.098
9.19	-9.072	51.136	0.147
9.2	-9.063	51.128	0.159
9.21	-9.053	50.627	0.184
9.22	-9.040	46.606	0.183
9.23	-9.024	36.384	0.166
9.24	-9.006	23.131	0.137
9.25	-8.984	11.281	0.019
9.26	-8.958	1.933	-0.028
9.27	-8.929	-5.033	-0.068
9.28	-8.898	-9.966	-0.112
9.29	-8.865	-13.330	-0.109
9.3	-8.833	-15.664	-0.130
9.31	-8.803	-17.583	-0.131
9.32	-8.773	-19.781	-0.121
9.33	-8.742	-23.094	-0.142
9.34	-8.711	-28.109	-0.114
9.35	-8.681	-34.663	-0.110
9.36	-8.650	-41.627	-0.141
9.37	-8.620	-47.145	-0.126
9.38	-8.591	-49.678	-0.092
9.39	-8.563	-48.822	-0.102
9.4	-8.534	-45.091	-0.112
9.41	-8.509	-39.422	-0.099
9.42	-8.485	-32.969	-0.085
9.43	-8.462	-26.717	-0.096
9.44	-8.441	-21.292	-0.100
9.45	-8.422	-17.173	-0.093
9.46	-8.402	-14.539	-0.086
9.47	-8.384	-13.192	-0.074
9.48	-8.366	-12.994	-0.089
9.49	-8.349	-13.683	-0.076
9.5	-8.333	-14.813	-0.086
9.51	-8.318	-16.156	-0.098
9.52	-8.304	-17.566	-0.097
9.53	-8.291	-18.845	-0.102
9.54	-8.279	-19.922	-0.083
9.55	-8.268	-20.709	-0.084
9.56	-8.256	-21.164	-0.093
9.57	-8.245	-21.364	-0.088
9.58	-8.234	-21.353	-0.078
9.59	-8.224	-21.128	-0.094
9.6	-8.215	-20.789	-0.085
9.61	-8.206	-20.428	-0.068
9.62	-8.197	-19.998	-0.083
9.63	-8.190	-19.516	-0.086
9.64	-8.184	-19.066	-0.068
9.65	-8.178	-18.627	-0.056
9.66	-8.172	-18.202	-0.068
9.67	-8.166	-17.845	-0.052
9.68	-8.161	-17.519	-0.037
9.69	-8.156	-17.188	-0.002
9.7	-8.152	-16.872	0.030
9.71	-8.149	-16.555	0.007
9.72	-8.145	-16.245	0.018
9.73	-8.143	-15.978	0.009
9.74	-8.141	-15.728	-0.037
9.75	-8.139	-15.459	-0.068
9.76	-8.137	-15.158	-0.087
9.77	-8.135	-14.778	-0.103
9.78	-8.133	-14.345	-0.073
9.79	-8.131	-13.928	-0.075
9.8	-8.129	-13.592	-0.093
9.81	-8.127	-13.392	-0.068
9.82	-8.126	-13.355	-0.084
9.83	-8.124	-13.494	-0.149
9.84	-8.124	-13.798	-0.054
9.85	-8.124	-14.198	0.461
9.86	-8.124	-14.589	1.067
9.87	-8.126	-14.897	0.844
9.88	-8.126	-15.130	0.173
9.89	-8.127	-15.366	0.025
9.9	-8.127	-15.628	-0.008
9.91	-8.128	-15.880	-0.087
9.92	-8.129	-16.105	-0.082
9.93	-8.130	-16.209	-0.113
9.94	-8.131	-16.061	-0.111
9.95	-8.131	-15.583	-0.051
9.96	-8.130	-14.775	-0.079
9.97	-8.129	-13.466	-0.097
9.98	-8.127	-11.025	-0.065
9.99	-8.124	-6.211	-0.036
10.0	-8.120	2.520	-0.024
10.01	-8.117	15.944	-0.027
10.02	-8.113	32.206	0.016
10.03	-8.108	45.136	0.041
10.04	-8.106	50.409	0.042
10.05	-8.104	51.128	0.068
10.06	-8.103	51.138	0.108
10.07	-8.101	51.136	0.142
10.08	-8.101	51.064	0.164
10.09	-8.101	49.463	0.189
10.1	-8.101	42.736	0.182
10.11	-8.101	30.930	0.135
10.12	-8.101	18.706	0.088
10.13	-8.101	8.709	0.001
10.14	-8.102	1.030	-0.065
10.15	-8.103	-4.642	-0.080
10.16	-8.103	-8.753	-0.095
10.17	-8.103	-11.763	-0.122
10.18	-8.103	-14.114	-0.108
10.19	-8.103	-16.269	-0.102
10.2	-8.104	-18.736	-0.115
10.21	-8.105	-22.122	-0.113
10.22	-8.107	-27.005	-0.122
10.23	-8.107	-33.453	-0.090
10.24	-8.109	-40.581	-0.092
10.25	-8.109	-46.613	-0.099
10.26	-8.111	-49.909	-0.082
10.27	-8.113	-49.995	-0.102
10.28	-8.114	-47.173	-0.113
10.29	-8.116	-42.094	-0.101
10.3	-8.118	-35.772	-0.071
10.31	-8.121	-29.269	-0.079
10.32	-8.123	-23.450	-0.078
10.33	-8.126	-18.873	-0.080
10.34	-8.129	-15.773	-0.090
10.35	-8.133	-14.056	-0.084
10.36	-8.137	-13.508	-0.100
10.37	-8.141	-13.889	-0.075
10.38	-8.144	-14.927	-0.078
10.39	-8.147	-16.330	-0.089
10.4	-8.151	-17.834	-0.088
10.41	-8.154	-19.263	-0.088
10.42	-8.158	-20.477	-0.088
10.43	-8.161	-21.330	-0.085
10.44	-8.165	-21.808	-0.068
10.45	-8.169	-21.956	-0.091
10.46	-8.174	-21.809	-0.082
10.47	-8.178	-21.448	-0.082
10.48	-8.183	-20.988	-0.109
10.49	-8.189	-20.459	-0.067
10.5	-8.194	-19.873	-0.064
10.51	-8.201	-19.328	-0.098
10.52	-8.209	-18.839	-0.067
10.53	-8.217	-18.381	-0.068
10.54	-8.224	-18.045	-0.090
10.55	-8.233	-17.811	-0.071
10.56	-8.242	-17.545	-0.031
10.57	-8.252	-17.227	-0.045
10.58	-8.262	-16.900	-0.022
10.59	-8.273	-16.544	0.050
10.6	-8.284	-16.181	0.005
10.61	-8.296	-15.855	-0.010
10.62	-8.308	-15.545	-0.006
10.63	-8.321	-15.261	-0.061
10.64	-8.335	-14.986	-0.062
10.65	-8.349	-14.647	-0.071
10.66	-8.364	-14.242	-0.084
10.67	-8.379	-13.820	-0.065
10.68	-8.394	-13.369	-0.114
10.69	-8.412	-12.939	-0.105
10.7	-8.430	-12.703	-0.099
10.71	-8.447	-12.714	-0.114
10.72	-8.466	-12.923	-0.144
10.73	-8.484	-13.292	-0.064
10.74	-8.504	-13.745	0.419
10.75	-8.523	-14.198	1.053
10.76	-8.541	-14.608	0.924
10.77	-8.562	-14.909	0.206
10.78	-8.582	-15.111	0.009
10.79	-8.603	-15.298	-0.018
10.8	-8.622	-15.463	-0.081
10.81	-8.641	-15.530	-0.098
10.82	-8.659	-15.452	-0.133
10.83	-8.675	-15.177	-0.096
10.84	-8.689	-14.641	-0.111
10.85	-8.700	-13.891	-0.093
10.86	-8.709	-12.825	-0.065
10.87	-8.716	-10.694	-0.064
10.88	-8.724	-6.166	-0.058
10.89	-8.732	2.277	-0.057
10.9	-8.740	15.489	-0.028
10.91	-8.749	31.752	-0.021
10.92	-8.758	44.905	-0.005
10.93	-8.769	50.372	0.046
10.94	-8.781	51.127	0.058
10.95	-8.793	51.138	0.084
10.96	-8.804	51.134	0.120
10.97	-8.817	51.033	0.137
10.98	-8.831	49.080	0.158
10.99	-8.844	41.738	0.186
11.0	-8.856	29.678	0.139
11.01	-8.869	17.627	0.057
11.02	-8.882	7.833	-0.016
11.03	-8.894	0.339	-0.061
11.04	-8.906	-5.070	-0.111
11.05	-8.917	-8.825	-0.140
11.06	-8.928	-11.425	-0.138
11.07	-8.939	-13.344	-0.145
11.08	-8.951	-15.105	-0.140
11.09	-8.964	-17.327	-0.152
11.1	-8.976	-20.650	-0.125
11.11	-8.987	-25.672	-0.130
11.12	-8.998	-32.520	-0.139
11.13	-9.009	-40.192	-0.120
11.14	-9.019	-46.658	-0.128
11.15	-9.029	-50.119	-0.123
11.16	-9.038	-50.323	-0.106
11.17	-9.047	-47.473	-0.115
11.18	-9.056	-41.880	-0.126
11.19	-9.064	-34.813	-0.105
11.2	-9.074	-27.698	-0.094
11.21	-9.084	-21.500	-0.109
11.22	-9.093	-16.788	-0.110
11.23	-9.101	-13.844	-0.107
11.24	-9.109	-12.527	-0.116
11.25	-9.117	-12.467	-0.103
11.26	-9.125	-13.334	-0.090
11.27	-9.133	-14.717	-0.093
11.28	-9.141	-16.272	-0.111
11.29	-9.149	-17.825	-0.104
11.3	-9.156	-19.200	-0.109
11.31	-9.165	-20.275	-0.114
11.32	-9.175	-21.063	-0.095
11.33	-9.184	-21.514	-0.093
11.34	-9.191	-21.642	-0.100
11.35	-9.197	-21.548	-0.069
11.36	-9.201	-21.259	-0.093
11.37	-9.205	-20.866	-0.114
11.38	-9.208	-20.430	-0.065
11.39	-9.211	-19.913	-0.082
11.4	-9.213	-19.388	-0.095
11.41	-9.215	-18.919	-0.070
11.42	-9.216	-18.467	-0.079
11.43	-9.216	-18.025	-0.068
11.44	-9.214	-17.623	-0.044
11.45	-9.213	-17.241	-0.012
11.46	-9.211	-16.842	0.006
11.47	-9.208	-16.427	-0.003
11.48	-9.204	-16.028	0.007
11.49	-9.199	-15.666	0.014
11.5	-9.192	-15.320	-0.024
11.51	-9.183	-14.994	-0.083
11.52	-9.171	-14.638	-0.071
11.53	-9.158	-14.217	-0.068
11.54	-9.143	-13.784	-0.088
11.55	-9.127	-13.381	-0.076
11.56	-9.110	-13.088	-0.111
11.57	-9.091	-12.972	-0.102
11.58	-9.071	-12.994	-0.074
11.59	-9.047	-13.169	-0.120
11.6	-9.023	-13.503	-0.100
11.61	-8.996	-13.856	0.260
11.62	-8.969	-14.133	0.856
11.63	-8.944	-14.372	0.882
11.64	-8.919	-14.608	0.218
11.65	-8.894	-14.869	0.035
11.66	-8.868	-15.191	0.040
11.67	-8.842	-15.545	-0.093
11.68	-8.816	-15.867	-0.058
11.69	-8.790	-16.042	-0.089
11.7	-8.763	-15.984	-0.090
11.71	-8.734	-15.647	-0.081
11.72	-8.704	-15.048	-0.064
11.73	-8.674	-14.277	-0.048
11.74	-8.644	-13.144	-0.066
11.75	-8.614	-10.964	-0.027
11.76	-8.586	-6.455	-0.006
11.77	-8.557	1.820	-0.013
11.78	-8.529	14.269	0.006
11.79	-8.502	29.503	0.028
11.8	-8.479	42.953	0.050
11.81	-8.458	49.716	0.078
11.82	-8.439	51.086	0.126
11.83	-8.421	51.133	0.159
11.84	-8.404	51.106	0.182
11.85	-8.387	50.111	0.207
11.86	-8.371	44.686	0.200
11.87	-8.356	33.422	0.168
11.88	-8.342	20.350	0.112
11.89	-8.331	9.055	0.040
11.9	-8.319	0.173	-0.033
11.91	-8.308	-6.444	-0.069
11.92	-8.296	-11.089	-0.088
11.93	-8.286	-14.256	-0.112
11.94	-8.276	-16.480	-0.124
11.95	-8.267	-18.322	-0.098
11.96	-8.258	-20.611	-0.120
11.97	-8.249	-24.091	-0.115
11.98	-8.241	-29.142	-0.108
11.99	-8.232	-35.473	-0.113
12.0	-8.224	-41.727	-0.103
12.01	-8.216	-46.094	-0.099
12.02	-8.209	-47.441	-0.105
12.03	-8.201	-45.645	-0.087
12.04	-8.194	-41.289	-0.079
12.05	-8.189	-35.417	-0.107
12.06	-8.185	-29.183	-0.087
12.07	-8.179	-23.428	-0.093
12.08	-8.175	-18.723	-0.088
12.09	-8.171	-15.381	-0.093
12.1	-8.168	-13.389	-0.084
12.11	-8.165	-12.534	-0.069
12.12	-8.162	-12.634	-0.107
12.13	-8.159	-13.464	-0.082
12.14	-8.157	-14.661	-0.075
12.15	-8.155	-15.941	-0.086
12.16	-8.154	-17.216	-0.081
12.17	-8.152	-18.389	-0.085
12.18	-8.151	-19.331	-0.103
12.19	-8.149	-20.027	-0.073
12.2	-8.148	-20.463	-0.065
12.21	-8.146	-20.577	-0.086
12.22	-8.144	-20.430	-0.077
12.23	-8.142	-20.134	-0.081
12.24	-8.141	-19.753	-0.063
12.25	-8.139	-19.380	-0.066
12.26	-8.138	-19.020	-0.087
12.27	-8.137	-18.627	-0.073
12.28	-8.136	-18.253	-0.058
12.29	-8.135	-17.913	-0.035
12.3	-8.134	-17.578	-0.057
12.31	-8.133	-17.291	-0.017
12.32	-8.133	-17.022	0.010
12.33	-8.133	-16.697	0.016
12.34	-8.134	-16.395	0.041
12.35	-8.134	-16.137	0.025
12.36	-8.135	-15.825	0.005
12.37	-8.136	-15.503	-0.039
12.38	-8.138	-15.192	-0.041
12.39	-8.139	-14.816	-0.061
12.4	-8.140	-14.367	-0.086
12.41	-8.141	-13.900	-0.056
12.42	-8.141	-13.463	-0.101
12.43	-8.142	-13.097	-0.105
12.44	-8.143	-12.864	-0.097
12.45	-8.143	-12.831	-0.129
12.46	-8.144	-13.013	-0.170
12.47	-8.144	-13.344	-0.053
12.48	-8.146	-13.773	0.412
12.49	-8.146	-14.236	1.043
12.5	-8.148	-14.644	0.873
12.51	-8.151	-14.958	0.148
12.52	-8.153	-15.172	-0.014
12.53	-8.155	-15.341	-0.036
12.54	-8.156	-15.545	-0.119
12.55	-8.158	-15.716	-0.113
12.56	-8.159	-15.764	-0.122
12.57	-8.162	-15.650	-0.138
12.58	-8.164	-15.250	-0.097
12.59	-8.164	-14.442	-0.085
12.6	-8.162	-13.094	-0.111
12.61	-8.160	-10.553	-0.056
12.62	-8.158	-5.397	-0.060
12.63	-8.156	3.838	-0.049
12.64	-8.154	17.556	-0.029
12.65	-8.151	33.577	0.000
12.66	-8.149	45.811	0.031
12.67	-8.146	50.542	0.026
12.68	-8.145	51.128	0.061
12.69	-8.144	51.138	0.099
12.7	-8.145	51.131	0.133
12.71	-8.146	50.966	0.168
12.72	-8.147	48.630	0.169
12.73	-8.148	40.881	0.187
12.74	-8.149	29.173	0.152
12.75	-8.151	18.080	0.049
12.76	-8.153	9.275	0.004
12.77	-8.155	2.553	-0.062
12.78	-8.157	-2.392	-0.107
12.79	-8.159	-5.991	-0.112
12.8	-8.160	-8.720	-0.149
12.81	-8.162	-10.920	-0.100
12.82	-8.164	-13.002	-0.116
12.83	-8.168	-15.456	-0.147
12.84	-8.171	-18.761	-0.109
12.85	-8.174	-23.439	-0.101
12.86	-8.178	-29.702	-0.109
12.87	-8.181	-36.928	-0.106
12.88	-8.185	-43.603	-0.102
12.89	-8.189	-48.031	-0.093
12.9	-8.194	-49.247	-0.112
12.91	-8.198	-47.286	-0.099
12.92	-8.203	-42.833	-0.077
12.93	-8.210	-36.863	-0.092
12.94	-8.217	-30.458	-0.092
12.95	-8.225	-24.584	-0.064
12.96	-8.233	-19.888	-0.068
12.97	-8.242	-16.608	-0.074
12.98	-8.253	-14.764	-0.073
12.99	-8.264	-14.191	-0.078
13.0	-8.276	-14.583	-0.060
13.01	-8.287	-15.570	-0.061
13.02	-8.299	-16.845	-0.075
13.03	-8.311	-18.200	-0.060
13.04	-8.322	-19.461	-0.054
13.05	-8.334	-20.488	-0.049
13.06	-8.346	-21.222	-0.063
13.07	-8.360	-21.658	-0.044
13.08	-8.375	-21.766	-0.066
13.09	-8.392	-21.538	-0.069
13.1	-8.409	-21.083	-0.062
13.11	-8.426	-20.516	-0.077
13.12	-8.442	-19.863	-0.044
13.13	-8.459	-19.200	-0.050
13.14	-8.476	-18.653	-0.082
13.15	-8.494	-18.222	-0.059
13.16	-8.513	-17.886	-0.044
13.17	-8.530	-17.670	-0.043
13.18	-8.547	-17.478	-0.023
13.19	-8.564	-17.219	-0.010
13.2	-8.581	-16.920	0.030
13.21	-8.599	-16.644	0.022
13.22	-8.619	-16.381	0.013
13.23	-8.639	-16.078	0.012
13.24	-8.659	-15.752	-0.035
13.25	-8.678	-15.419	-0.045
13.26	-8.696	-15.038	-0.071
13.27	-8.711	-14.600	-0.083
13.28	-8.726	-14.123	-0.071
13.29	-8.741	-13.572	-0.075
13.3	-8.756	-13.034	-0.110
13.31	-8.772	-12.698	-0.116
13.32	-8.789	-12.611	-0.071
13.33	-8.805	-12.772	-0.119
13.34	-8.821	-13.164	-0.087
13.35	-8.836	-13.633	0.398
13.36	-8.851	-14.116	0.996
13.37	-8.865	-14.563	0.878
13.38	-8.880	-14.836	0.215
13.39	-8.894	-15.008	0.002
13.4	-8.906	-15.211	-0.004
13.41	-8.919	-15.436	-0.066
13.42	-8.933	-15.633	-0.083
13.43	-8.944	-15.702	-0.113
13.44	-8.953	-15.542	-0.111
13.45	-8.958	-15.059	-0.086
13.46	-8.961	-14.292	-0.087
13.47	-8.964	-13.258	-0.089
13.48	-8.967	-11.431	-0.053
13.49	-8.970	-7.667	-0.043
13.5	-8.974	-0.488	-0.059
13.51	-8.976	11.116	-0.012
13.52	-8.981	26.375	0.000
13.53	-8.986	40.939	0.005
13.54	-8.992	49.083	0.054
13.55	-8.998	51.042	0.093
13.56	-9.006	51.134	0.110
13.57	-9.015	51.133	0.134
13.58	-9.024	51.022	0.167
13.59	-9.033	49.005	0.184
13.6	-9.043	41.633	0.180
13.61	-9.053	29.764	0.152
13.62	-9.063	18.005	0.098
13.63	-9.072	8.547	0.006
13.64	-9.081	1.406	-0.073
13.65	-9.088	-3.808	-0.065
13.66	-9.093	-7.444	-0.107
13.67	-9.098	-9.881	-0.143
13.68	-9.104	-11.725	-0.132
13.69	-9.112	-13.539	-0.127
13.7	-9.120	-15.864	-0.118
13.71	-9.126	-19.405	-0.141
13.72	-9.130	-24.747	-0.129
13.73	-9.135	-31.770	-0.101
13.74	-9.139	-39.264	-0.112
13.75	-9.143	-45.295	-0.127
13.76	-9.147	-48.325	-0.134
13.77	-9.151	-47.828	-0.107
13.78	-9.155	-44.223	-0.099
13.79	-9.158	-38.550	-0.104
13.8	-9.160	-31.992	-0.112
13.81	-9.162	-25.620	-0.099
13.82	-9.166	-20.327	-0.103
13.83	-9.168	-16.548	-0.108
13.84	-9.171	-14.239	-0.102
13.85	-9.172	-13.227	-0.109
13.86	-9.172	-13.306	-0.126
13.87	-9.172	-14.150	-0.082
13.88	-9.171	-15.416	-0.074
13.89	-9.168	-16.858	-0.107
13.9	-9.163	-18.264	-0.089
13.91	-9.156	-19.481	-0.122
13.92	-9.146	-20.450	-0.118
13.93	-9.132	-21.083	-0.078
13.94	-9.116	-21.338	-0.093
13.95	-9.099	-21.342	-0.079
13.96	-9.081	-21.186	-0.087
13.97	-9.062	-20.845	-0.084
13.98	-9.040	-20.392	-0.091
13.99	-9.016	-19.934	-0.101
14.0	-8.990	-19.483	-0.070
14.01	-8.963	-19.041	-0.063
14.02	-8.934	-18.630	-0.096
14.03	-8.905	-18.250	-0.056
14.04	-8.877	-17.895	-0.017
14.05	-8.849	-17.570	0.013
14.06	-8.823	-17.259	0.001
14.07	-8.797	-16.941	-0.006
14.08	-8.772	-16.630	0.016
14.09	-8.748	-16.330	-0.038
14.1	-8.723	-15.972	-0.082
14.11	-8.697	-15.522	-0.089
14.12	-8.672	-15.042	-0.088
14.13	-8.647	-14.581	-0.083
14.14	-8.623	-14.180	-0.110
14.15	-8.598	-13.898	-0.087
14.16	-8.574	-13.813	-0.101
14.17	-8.551	-13.888	-0.078
14.18	-8.528	-14.003	-0.152
14.19	-8.508	-14.208	-0.089
14.2	-8.489	-14.508	0.417
14.21	-8.472	-14.798	0.976
14.22	-8.456	-15.105	0.785
14.23	-8.440	-15.438	0.139
14.24	-8.424	-15.763	0.052
14.25	-8.409	-16.103	0.004
14.26	-8.393	-16.481	-0.105
14.27	-8.377	-16.750	-0.068
14.28	-8.361	-16.756	-0.102
14.29	-8.345	-16.534	-0.100
14.3	-8.329	-16.111	-0.066
14.31	-8.314	-15.459	-0.041
14.32	-8.298	-14.531	-0.066
14.33	-8.283	-12.953	-0.065
14.34	-8.267	-9.750	-0.038
14.35	-8.252	-3.527	-0.023
14.36	-8.238	6.788	-0.003
14.37	-8.224	21.052	0.003
14.38	-8.213	36.453	0.023
14.39	-8.202	47.123	0.079
14.4	-8.193	50.759	0.085
14.41	-8.184	51.130	0.101
14.42	-8.177	51.134	0.145
14.43	-8.171	51.052	0.180
14.44	-8.165	49.352	0.198
14.45	-8.161	42.613	0.183
14.46	-8.156	31.031	0.149
14.47	-8.153	19.033	0.087
14.48	-8.151	9.138	0.002
14.49	-8.148	1.516	-0.047
14.5	-8.145	-4.111	-0.106
14.51	-8.142	-8.144	-0.109
14.52	-8.138	-11.038	-0.114
14.53	-8.134	-13.263	-0.135
14.54	-8.131	-15.322	-0.124
14.55	-8.129	-17.861	-0.122
14.56	-8.128	-21.584	-0.121
14.57	-8.126	-27.034	-0.104
14.58	-8.123	-34.141	-0.126
14.59	-8.119	-41.670	-0.135
14.6	-8.117	-47.527	-0.108
14.61	-8.115	-50.133	-0.109
14.62	-8.114	-49.194	-0.108
14.63	-8.113	-45.131	-0.091
14.64	-8.111	-38.917	-0.094
14.65	-8.111	-31.900	-0.105
14.66	-8.111	-25.205	-0.108
14.67	-8.110	-19.572	-0.093
14.68	-8.110	-15.452	-0.105
14.69	-8.109	-13.005	-0.094
14.7	-8.109	-12.044	-0.086
14.71	-8.109	-12.211	-0.086
14.72	-8.109	-13.220	-0.096
14.73	-8.109	-14.741	-0.089
14.74	-8.109	-16.405	-0.082
14.75	-8.109	-17.975	-0.098
14.76	-8.110	-19.327	-0.097
14.77	-8.110	-20.375	-0.075
14.78	-8.111	-21.073	-0.086
14.79	-8.111	-21.417	-0.083
14.8	-8.112	-21.461	-0.087
14.81	-8.113	-21.252	-0.089
14.82	-8.114	-20.833	-0.080
14.83	-8.115	-20.295	-0.057
14.84	-8.116	-19.734	-0.088
14.85	-8.116	-19.248	-0.084
14.86	-8.116	-18.834	-0.054
14.87	-8.117	-18.430	-0.071
14.88	-8.118	-18.083	-0.066
14.89	-8.119	-17.753	-0.021
14.9	-8.120	-17.372	-0.004
14.91	-8.121	-17.028	-0.001
14.92	-8.123	-16.741	0.036
14.93	-8.124	-16.456	0.019
14.94	-8.126	-16.178	-0.011
14.95	-8.129	-15.864	-0.039
14.96	-8.131	-15.466	-0.089
14.97	-8.133	-14.998	-0.066
14.98	-8.134	-14.483	-0.081
14.99	-8.136	-13.942	-0.106
15.0	-8.137	-13.455	-0.066
15.01	-8.139	-13.116	-0.078
15.02	-8.141	-12.955	-0.097
15.03	-8.144	-12.997	-0.073
15.04	-8.146	-13.239	-0.137
15.05	-8.149	-13.566	0.028
15.06	-8.151	-13.959	0.614
15.07	-8.154	-14.445	1.170
15.08	-8.158	-14.881	0.740
15.09	-8.162	-15.170	0.106
15.1	-8.168	-15.389	0.029
15.11	-8.172	-15.623	-0.030
15.12	-8.178	-15.864	-0.077
15.13	-8.184	-16.041	-0.113
15.14	-8.193	-16.066	-0.105
15.15	-8.200	-15.798	-0.080
15.16	-8.207	-15.138	-0.091
15.17	-8.213	-14.058	-0.080
15.18	-8.219	-12.278	-0.057
15.19	-8.224	-8.834	-0.063
15.2	-8.229	-2.111	-0.054
15.21	-8.235	9.145	-0.022
15.22	-8.242	24.506	-0.021
15.23	-8.248	39.802	0.005
15.24	-8.256	48.752	0.023
15.25	-8.264	51.022	0.050
15.26	-8.273	51.133	0.074
15.27	-8.283	51.139	0.109
15.28	-8.293	51.130	0.145
15.29	-8.303	50.711	0.156
15.3	-8.313	47.286	0.197
15.31	-8.322	38.533	0.188
15.32	-8.331	27.264	0.130
15.33	-8.341	17.350	0.062
15.34	-8.351	9.594	-0.038
15.35	-8.361	3.708	-0.071
15.36	-8.373	-0.692	-0.100
15.37	-8.383	-3.989	-0.116
15.38	-8.394	-6.561	-0.132
15.39	-8.406	-8.773	-0.138
15.4	-8.418	-11.033	-0.125
15.41	-8.429	-13.734	-0.128
15.42	-8.441	-17.414	-0.138
15.43	-8.453	-22.702	-0.122
15.44	-8.464	-29.700	-0.113
15.45	-8.476	-37.639	-0.126
15.46	-8.489	-44.827	-0.103
15.47	-8.501	-49.302	-0.118
15.48	-8.512	-50.200	-0.118
15.49	-8.523	-47.747	-0.093
15.5	-8.533	-42.634	-0.128
15.51	-8.544	-36.033	-0.110
15.52	-8.556	-29.259	-0.107
15.53	-8.569	-23.384	-0.102
15.54	-8.583	-18.980	-0.083
15.55	-8.598	-16.170	-0.097
15.56	-8.613	-14.920	-0.135
15.57	-8.627	-14.930	-0.091
15.58	-8.641	-15.722	-0.083
15.59	-8.655	-16.967	-0.111
15.6	-8.668	-18.408	-0.108
15.61	-8.682	-19.822	-0.091
15.62	-8.695	-21.009	-0.107
15.63	-8.708	-21.820	-0.110
15.64	-8.721	-22.289	-0.095
15.65	-8.734	-22.472	-0.095
15.66	-8.748	-22.405	-0.076
15.67	-8.762	-22.147	-0.081
15.68	-8.776	-21.752	-0.097
15.69	-8.792	-21.278	-0.075
15.7	-8.807	-20.766	-0.081
15.71	-8.822	-20.263	-0.082
15.72	-8.837	-19.780	-0.072
15.73	-8.851	-19.295	-0.063
15.74	-8.865	-18.831	-0.046
15.75	-8.879	-18.416	0.008
15.76	-8.892	-18.050	0.014
15.77	-8.905	-17.711	0.007
15.78	-8.918	-17.370	0.008
15.79	-8.931	-16.991	-0.010
15.8	-8.944	-16.567	-0.036
15.81	-8.956	-16.152	-0.069
15.82	-8.966	-15.672	-0.058
15.83	-8.976	-15.055	-0.081
15.84	-8.984	-14.420	-0.094
15.85	-8.993	-13.867	-0.072
15.86	-9.002	-13.436	-0.087
15.87	-9.009	-13.219	-0.085
15.88	-9.018	-13.238	-0.078
15.89	-9.028	-13.423	-0.104
15.9	-9.037	-13.734	-0.023
15.91	-9.045	-14.150	0.488
15.92	-9.053	-14.597	1.056
15.93	-9.063	-14.978	0.779
15.94	-9.072	-15.281	0.133
15.95	-9.082	-15.600	0.049
15.96	-9.091	-15.969	-0.012
15.97	-9.099	-16.322	-0.082
15.98	-9.105	-16.539	-0.069
15.99	-9.108	-16.508	-0.084
16.0	-9.109	-16.194	-0.094
16.01	-9.108	-15.584	-0.077
16.02	-9.105	-14.719	-0.055
16.03	-9.103	-13.597	-0.075
16.04	-9.101	-11.747	-0.049
16.05	-9.099	-7.981	-0.029
16.06	-9.097	-0.808	-0.035
16.07	-9.094	10.622	-0.009
16.08	-9.092	25.606	-0.018
16.09	-9.090	40.255	0.023
16.1	-9.089	48.828	0.045
16.11	-9.087	51.023	0.062
16.12	-9.086	51.133	0.109
16.13	-9.084	51.130	0.148
16.14	-9.081	50.903	0.180
16.15	-9.076	48.238	0.169
16.16	-9.069	39.964	0.171
16.17	-9.059	27.884	0.133
16.18	-9.047	16.522	0.037
16.19	-9.033	7.509	-0.030
16.2	-9.016	0.780	-0.084
16.21	-8.998	-3.991	-0.111
16.22	-8.977	-7.264	-0.135
16.23	-8.953	-9.561	-0.149
16.24	-8.926	-11.402	-0.145
16.25	-8.900	-13.361	-0.164
16.26	-8.874	-16.119	-0.145
16.27	-8.846	-20.344	-0.129
16.28	-8.819	-26.453	-0.150
16.29	-8.791	-34.105	-0.122
16.3	-8.763	-41.806	-0.134
16.31	-8.735	-47.552	-0.126
16.32	-8.706	-49.914	-0.138
16.33	-8.677	-48.550	-0.134
16.34	-8.649	-44.108	-0.094
16.35	-8.623	-37.831	-0.108
16.36	-8.598	-31.006	-0.127
16.37	-8.575	-24.681	-0.098
16.38	-8.553	-19.647	-0.096
16.39	-8.531	-16.228	-0.108
16.4	-8.511	-14.389	-0.117
16.41	-8.491	-13.977	-0.101
16.42	-8.473	-14.591	-0.124
16.43	-8.456	-15.756	-0.089
16.44	-8.440	-17.197	-0.084
16.45	-8.424	-18.675	-0.111
16.46	-8.409	-19.973	-0.074
16.47	-8.393	-21.006	-0.096
16.48	-8.378	-21.784	-0.112
16.49	-8.364	-22.256	-0.066
16.5	-8.351	-22.384	-0.099
16.51	-8.337	-22.280	-0.088
16.52	-8.324	-21.986	-0.050
16.53	-8.311	-21.542	-0.063
16.54	-8.300	-21.064	-0.068
16.55	-8.289	-20.567	-0.066
16.56	-8.279	-20.083	-0.068
16.57	-8.269	-19.641	-0.047
16.58	-8.261	-19.159	-0.059
16.59	-8.252	-18.639	-0.030
16.6	-8.245	-18.178	0.002
16.61	-8.238	-17.784	0.033
16.62	-8.232	-17.414	0.035
16.63	-8.226	-17.127	0.015
16.64	-8.222	-16.913	0.001
16.65	-8.219	-16.678	-0.046
16.66	-8.216	-16.386	-0.058
16.67	-8.212	-15.992	-0.076
16.68	-8.208	-15.506	-0.082
16.69	-8.204	-15.000	-0.067
16.7	-8.199	-14.545	-0.099
16.71	-8.195	-14.213	-0.084
16.72	-8.192	-14.027	-0.082
16.73	-8.189	-13.988	-0.083
16.74	-8.188	-14.097	-0.116
16.75	-8.184	-14.336	-0.045
16.76	-8.183	-14.670	0.390
16.77	-8.182	-15.005	1.028
16.78	-8.182	-15.270	0.930
16.79	-8.181	-15.517	0.230
16.8	-8.181	-15.789	0.049
16.81	-8.179	-16.048	0.041
16.82	-8.179	-16.288	-0.071
16.83	-8.179	-16.511	-0.074
16.84	-8.179	-16.619	-0.083
16.85	-8.178	-16.484	-0.083
16.86	-8.176	-16.020	-0.079
16.87	-8.174	-15.205	-0.060
16.88	-8.170	-13.917	-0.076
16.89	-8.166	-11.564	-0.040
16.9	-8.161	-6.930	-0.039
16.91	-8.158	1.461	-0.025
16.92	-8.155	14.295	-0.024
16.93	-8.152	30.166	-0.001
16.94	-8.149	43.745	0.024
16.95	-8.146	50.030	0.049
16.96	-8.144	51.106	0.079
16.97	-8.143	51.136	0.089
16.98	-8.141	51.133	0.135
16.99	-8.139	51.000	0.167
17.0	-8.139	48.892	0.172
17.01	-8.139	41.584	0.177
17.02	-8.139	30.225	0.145
17.03	-8.141	19.288	0.094
17.04	-8.142	10.608	-0.012
17.05	-8.143	4.027	-0.061
17.06	-8.143	-0.850	-0.104
17.07	-8.143	-4.406	-0.122
17.08	-8.143	-7.017	-0.116
17.09	-8.143	-9.130	-0.132
17.1	-8.143	-11.209	-0.133
17.11	-8.143	-13.695	-0.125
17.12	-8.144	-17.145	-0.144
17.13	-8.146	-22.202	-0.148
17.14	-8.147	-29.039	-0.105
17.15	-8.148	-36.886	-0.114
17.16	-8.149	-44.106	-0.137
17.17	-8.150	-48.858	-0.108
17.18	-8.151	-50.122	-0.102
17.19	-8.152	-48.017	-0.120
17.2	-8.154	-43.302	-0.111
17.21	-8.156	-37.055	-0.095
17.22	-8.158	-30.459	-0.131
17.23	-8.160	-24.542	-0.094
17.24	-8.162	-19.922	-0.095
17.25	-8.164	-16.819	-0.119
17.26	-8.167	-15.203	-0.088
17.27	-8.170	-14.847	-0.100
17.28	-8.173	-15.438	-0.113
17.29	-8.176	-16.620	-0.088
17.3	-8.179	-18.092	-0.083
17.31	-8.183	-19.595	-0.075
17.32	-8.186	-20.877	-0.094
17.33	-8.189	-21.831	-0.078
17.34	-8.193	-22.439	-0.066
17.35	-8.197	-22.703	-0.087
17.36	-8.201	-22.695	-0.085
17.37	-8.206	-22.456	-0.062
17.38	-8.209	-22.025	-0.065
17.39	-8.214	-21.461	-0.057
17.4	-8.219	-20.809	-0.058
17.41	-8.225	-20.166	-0.063
17.42	-8.231	-19.591	-0.061
17.43	-8.238	-19.092	-0.077
17.44	-8.246	-18.652	-0.062
17.45	-8.254	-18.283	-0.052
17.46	-8.263	-18.005	-0.056
17.47	-8.273	-17.736	-0.016
17.48	-8.283	-17.433	-0.004
17.49	-8.294	-17.155	0.022
17.5	-8.306	-16.875	0.023
17.51	-8.318	-16.555	0.028
17.52	-8.329	-16.247	0.001
17.53	-8.342	-15.922	-0.046
17.54	-8.354	-15.525	-0.050
17.55	-8.367	-15.116	-0.065
17.56	-8.381	-14.645	-0.077
17.57	-8.394	-14.102	-0.090
17.58	-8.408	-13.648	-0.101
17.59	-8.421	-13.333	-0.084
17.6	-8.436	-13.134	-0.103
17.61	-8.451	-13.131	-0.097
17.62	-8.466	-13.336	-0.131
17.63	-8.482	-13.694	-0.057
17.64	-8.500	-14.139	0.375
17.65	-8.516	-14.617	1.048
17.66	-8.533	-15.073	0.979
17.67	-8.551	-15.380	0.247
17.68	-8.571	-15.531	0.038
17.69	-8.590	-15.678	-0.003
17.7	-8.608	-15.847	-0.105
17.71	-8.627	-15.959	-0.066
17.72	-8.645	-15.919	-0.116
17.73	-8.661	-15.613	-0.143
17.74	-8.674	-15.011	-0.096
17.75	-8.684	-14.128	-0.053
17.76	-8.693	-12.834	-0.081
17.77	-8.701	-10.402	-0.068
17.78	-8.709	-5.388	-0.046
17.79	-8.718	3.695	-0.037
17.8	-8.728	17.398	-0.036
17.81	-8.738	33.548	-0.013
17.82	-8.748	45.848	0.025
17.83	-8.760	50.555	0.030
17.84	-8.773	51.128	0.066
17.85	-8.787	51.138	0.120
17.86	-8.801	51.130	0.129
17.87	-8.816	50.905	0.155
17.88	-8.831	48.333	0.163
17.89	-8.847	40.461	0.167
17.9	-8.863	29.070	0.132
17.91	-8.878	18.486	0.072
17.92	-8.894	10.161	-0.012
17.93	-8.909	3.913	-0.050
17.94	-8.923	-0.583	-0.111
17.95	-8.936	-3.725	-0.142
17.96	-8.949	-5.963	-0.126
17.97	-8.960	-7.825	-0.155
17.98	-8.973	-9.794	-0.147
17.99	-8.986	-12.256	-0.139
18.0	-8.998	-15.772	-0.137
18.01	-9.011	-20.925	-0.133
18.02	-9.023	-27.850	-0.143
18.03	-9.035	-35.853	-0.121
18.04	-9.047	-43.284	-0.116
18.05	-9.058	-48.216	-0.137
18.06	-9.069	-49.564	-0.141
18.07	-9.078	-47.375	-0.099
18.08	-9.087	-42.463	-0.115
18.09	-9.096	-36.020	-0.134
18.1	-9.105	-29.323	-0.114
18.11	-9.115	-23.436	-0.105
18.12	-9.126	-18.973	-0.100
18.13	-9.137	-16.139	-0.114
18.14	-9.148	-14.866	-0.134
18.15	-9.158	-14.842	-0.108
18.16	-9.168	-15.648	-0.132
18.17	-9.179	-16.923	-0.122
18.18	-9.189	-18.416	-0.117
18.19	-9.199	-19.864	-0.116
18.2	-9.207	-21.025	-0.110
18.21	-9.216	-21.853	-0.131
18.22	-9.224	-22.369	-0.126
18.23	-9.231	-22.559	-0.133
18.24	-9.236	-22.478	-0.132
18.25	-9.241	-22.219	-0.093
18.26	-9.244	-21.838	-0.123
18.27	-9.247	-21.348	-0.108
18.28	-9.248	-20.800	-0.121
18.29	-9.249	-20.213	-0.111
18.3	-9.248	-19.591	-0.105
18.31	-9.248	-18.922	-0.122
18.32	-9.246	-18.291	-0.070
18.33	-9.243	-18.014	-0.076
18.34	-9.240	-17.936	-0.065
18.35	-9.236	-17.663	0.021
18.36	-9.231	-17.283	-0.028
18.37	-9.224	-16.936	-0.010
18.38	-9.216	-16.591	0.027
18.39	-9.207	-16.213	-0.048
18.4	-9.196	-15.813	-0.068
18.41	-9.183	-15.397	-0.083
18.42	-9.168	-14.958	-0.082
18.43	-9.151	-14.563	-0.079
18.44	-9.133	-14.220	-0.097
18.45	-9.112	-13.889	-0.070
18.46	-9.089	-13.677	-0.088
18.47	-9.062	-13.655	-0.074
18.48	-9.034	-13.764	-0.104
18.49	-9.007	-13.966	-0.120
18.5	-8.979	-14.236	0.173
18.51	-8.951	-14.534	0.775
18.52	-8.923	-14.850	0.988
18.53	-8.897	-15.244	0.381
18.54	-8.871	-15.717	0.052
18.55	-8.844	-16.177	0.074
18.56	-8.818	-16.583	-0.086
18.57	-8.793	-16.933	-0.078
18.58	-8.768	-17.103	-0.065
18.59	-8.742	-16.966	-0.059
18.6	-8.716	-16.517	-0.078
18.61	-8.688	-15.795	-0.063
18.62	-8.662	-14.888	-0.057
18.63	-8.639	-13.675	-0.035
18.64	-8.616	-11.434	-0.035
18.65	-8.594	-6.917	-0.032
18.66	-8.572	1.172	0.006
18.67	-8.551	13.342	0.011
18.68	-8.531	28.361	0.032
18.69	-8.513	42.013	0.069
18.7	-8.497	49.363	0.070
18.71	-8.481	51.061	0.103
18.72	-8.465	51.133	0.140
18.73	-8.449	51.102	0.163
18.74	-8.434	50.098	0.202
18.75	-8.420	44.933	0.233
18.76	-8.406	34.453	0.174
18.77	-8.391	22.455	0.120
18.78	-8.376	12.103	0.035
18.79	-8.363	3.948	-0.025
18.8	-8.348	-2.030	-0.068
18.81	-8.334	-6.194	-0.132
18.82	-8.322	-9.098	-0.096
18.83	-8.309	-11.247	-0.094
18.84	-8.296	-13.228	-0.131
18.85	-8.284	-15.666	-0.104
18.86	-8.274	-19.189	-0.107
18.87	-8.264	-24.361	-0.106
18.88	-8.254	-31.153	-0.126
18.89	-8.244	-38.461	-0.084
18.9	-8.234	-44.473	-0.074
18.91	-8.226	-47.630	-0.108
18.92	-8.217	-47.286	-0.079
18.93	-8.210	-43.880	-0.083
18.94	-8.203	-38.500	-0.089
18.95	-8.197	-32.266	-0.068
18.96	-8.193	-26.200	-0.092
18.97	-8.189	-21.102	-0.069
18.98	-8.185	-17.358	-0.088
18.99	-8.181	-15.028	-0.053
19.0	-8.177	-14.003	-0.070
19.01	-8.172	-14.059	-0.091
19.02	-8.169	-14.875	-0.065
19.03	-8.166	-16.056	-0.077
19.04	-8.162	-17.342	-0.086
19.05	-8.159	-18.609	-0.070
19.06	-8.157	-19.705	-0.073
19.07	-8.154	-20.548	-0.081
19.08	-8.152	-21.105	-0.043
19.09	-8.151	-21.341	-0.086
19.1	-8.149	-21.384	-0.105
19.11	-8.147	-21.295	-0.047
19.12	-8.144	-20.986	-0.060
19.13	-8.142	-20.544	-0.064
19.14	-8.139	-20.091	-0.075
19.15	-8.138	-19.611	-0.061
19.16	-8.137	-19.141	-0.071
19.17	-8.136	-18.750	-0.085
19.18	-8.136	-18.417	-0.049
19.19	-8.135	-18.108	-0.027
19.2	-8.134	-17.838	-0.015
19.21	-8.133	-17.561	0.012
19.22	-8.132	-17.231	0.015
19.23	-8.131	-16.913	0.005
19.24	-8.131	-16.594	0.015
19.25	-8.131	-16.242	0.033
19.26	-8.131	-15.923	-0.023
19.27	-8.131	-15.638	-0.061
19.28	-8.131	-15.308	-0.044
19.29	-8.131	-14.886	-0.052
19.3	-8.130	-14.452	-0.085
19.31	-8.129	-14.064	-0.074
19.32	-8.128	-13.702	-0.100
19.33	-8.128	-13.455	-0.103
19.34	-8.127	-13.417	-0.081
19.35	-8.127	-13.580	-0.101
19.36	-8.127	-13.895	-0.117
19.37	-8.127	-14.256	0.177
19.38	-8.127	-14.616	0.849
19.39	-8.126	-14.984	1.097
19.4	-8.127	-15.281	0.460
19.41	-8.129	-15.445	0.051
19.42	-8.130	-15.622	0.004
19.43	-8.132	-15.875	-0.045
19.44	-8.134	-16.089	-0.088
19.45	-8.136	-16.175	-0.114
19.46	-8.137	-16.063	-0.098
19.47	-8.137	-15.655	-0.109
19.48	-8.137	-14.900	-0.093
19.49	-8.135	-13.719	-0.087
19.5	-8.133	-11.622	-0.068
19.51	-8.129	-7.459	-0.040
19.52	-8.127	0.250	-0.052
19.53	-8.125	12.439	-0.035
19.54	-8.123	28.127	-0.011
19.55	-8.120	42.331	0.014
19.56	-8.117	49.575	0.021
19.57	-8.117	51.080	0.070
19.58	-8.116	51.136	0.101
19.59	-8.117	51.136	0.126
19.6	-8.118	51.070	0.146
19.61	-8.120	49.633	0.161
19.62	-8.123	43.642	0.193
19.63	-8.127	33.136	0.164
19.64	-8.131	22.294	0.117
19.65	-8.136	13.558	0.056
19.66	-8.141	6.922	-0.037
19.67	-8.145	1.984	-0.051
19.68	-8.149	-1.656	-0.086
19.69	-8.154	-4.394	-0.119
19.7	-8.158	-6.620	-0.123
19.71	-8.163	-8.736	-0.105
19.72	-8.168	-11.083	-0.104
19.73	-8.174	-14.103	-0.084
19.74	-8.181	-18.400	-0.118
19.75	-8.188	-24.330	-0.082
19.76	-8.196	-31.722	-0.095
19.77	-8.204	-39.577	-0.108
19.78	-8.214	-46.027	-0.067
19.79	-8.223	-49.427	-0.098
19.8	-8.234	-49.269	-0.100
19.81	-8.244	-46.003	-0.067
19.82	-8.256	-40.563	-0.077
19.83	-8.268	-34.134	-0.112
19.84	-8.279	-27.870	-0.096
19.85	-8.291	-22.564	-0.083
19.86	-8.303	-18.667	-0.099
19.87	-8.316	-16.341	-0.089
19.88	-8.329	-15.425	-0.106
19.89	-8.341	-15.575	-0.093
19.9	-8.354	-16.425	-0.115
19.91	-8.367	-17.639	-0.135
19.92	-8.381	-18.925	-0.090
19.93	-8.396	-20.103	-0.116
19.94	-8.412	-21.028	-0.127
19.95	-8.430	-21.620	-0.097
19.96	-8.447	-21.913	-0.119
19.97	-8.466	-21.948	-0.099
19.98	-8.485	-21.761	-0.107
19.99	-8.504	-21.391	-0.105
20.0	-8.522	-20.927	-0.099
20.01	-8.541	-20.416	-0.088
20.02	-8.561	-19.850	-0.110
20.03	-8.580	-19.308	-0.103
20.04	-8.598	-18.847	-0.076
20.05	-8.616	-18.439	-0.078
20.06	-8.635	-18.088	-0.059
20.07	-8.654	-17.794	-0.068
20.08	-8.672	-17.509	-0.044
20.09	-8.691	-17.225	-0.006
20.1	-8.710	-16.992	-0.013
20.11	-8.729	-16.756	0.039
20.12	-8.747	-16.463	0.029
20.13	-8.766	-16.200	0.034
20.14	-8.786	-15.966	0.045
20.15	-8.806	-15.652	-0.019
20.16	-8.824	-15.292	-0.046
20.17	-8.840	-14.927	-0.034
20.18	-8.854	-14.494	-0.057
20.19	-8.867	-14.030	-0.049
20.2	-8.881	-13.633	-0.072
20.21	-8.896	-13.344	-0.068
20.22	-8.911	-13.219	-0.069
20.23	-8.927	-13.273	-0.065
20.24	-8.944	-13.472	-0.117
20.25	-8.960	-13.792	-0.013
20.26	-8.976	-14.164	0.503
20.27	-8.992	-14.531	1.045
20.28	-9.010	-14.870	0.781
20.29	-9.027	-15.142	0.143
20.3	-9.043	-15.356	0.027
20.31	-9.058	-15.550	-0.047
20.32	-9.073	-15.769	-0.127
20.33	-9.088	-15.977	-0.083
20.34	-9.100	-16.006	-0.114
20.35	-9.108	-15.742	-0.103
20.36	-9.113	-15.164	-0.068
20.37	-9.115	-14.316	-0.094
20.38	-9.117	-13.133	-0.106
20.39	-9.120	-11.050	-0.065
20.4	-9.121	-6.881	-0.077
20.41	-9.123	0.853	-0.051
20.42	-9.126	12.958	-0.036
20.43	-9.129	28.264	-0.019
20.44	-9.134	42.150	0.026
20.45	-9.141	49.445	0.032
20.46	-9.150	51.067	0.038
20.47	-9.158	51.134	0.099
20.48	-9.167	51.131	0.105
20.49	-9.177	50.627	0.151
20.5	-9.187	46.902	0.170
20.51	-9.196	37.789	0.166
20.52	-9.206	26.111	0.145
20.53	-9.214	15.602	0.041
20.54	-9.220	7.270	-0.030
20.55	-9.227	1.069	-0.052
20.56	-9.234	-3.320	-0.106
20.57	-9.240	-6.319	-0.126
20.58	-9.245	-8.412	-0.134
20.59	-9.251	-10.103	-0.123
20.6	-9.257	-11.913	-0.137
20.61	-9.263	-14.430	-0.150
20.62	-9.266	-18.308	-0.141
20.63	-9.268	-24.006	-0.133
20.64	-9.271	-31.303	-0.137
20.65	-9.273	-38.931	-0.112
20.66	-9.274	-44.884	-0.109
20.67	-9.273	-47.598	-0.109
20.68	-9.270	-46.713	-0.122
20.69	-9.265	-42.816	-0.106
20.7	-9.259	-37.031	-0.119
20.71	-9.251	-30.584	-0.093
20.72	-9.239	-24.533	-0.090
20.73	-9.226	-19.622	-0.102
20.74	-9.209	-16.217	-0.101
20.75	-9.191	-14.339	-0.102
20.76	-9.171	-13.734	-0.088
20.77	-9.146	-14.083	-0.079
20.78	-9.117	-15.070	-0.084
20.79	-9.086	-16.358	-0.087
20.8	-9.054	-17.672	-0.075
20.81	-9.021	-18.878	-0.094
20.82	-8.988	-19.917	-0.085
20.83	-8.955	-20.703	-0.074
20.84	-8.923	-21.178	-0.092
20.85	-8.892	-21.397	-0.076
20.86	-8.861	-21.397	-0.082
20.87	-8.832	-21.195	-0.076
20.88	-8.804	-20.909	-0.093
20.89	-8.777	-20.559	-0.063
20.9	-8.749	-20.127	-0.063
20.91	-8.721	-19.691	-0.078
20.92	-8.694	-19.272	-0.066
20.93	-8.669	-18.856	-0.052
20.94	-8.644	-18.505	-0.072
20.95	-8.620	-18.230	-0.018
20.96	-8.596	-17.958	0.001
20.97	-8.572	-17.659	0.005
20.98	-8.549	-17.336	0.035
20.99	-8.527	-16.992	0.002
21.0	-8.508	-16.641	0.007
21.01	-8.487	-16.270	-0.016
21.02	-8.466	-15.902	-0.078
21.03	-8.446	-15.528	-0.080
21.04	-8.426	-15.152	-0.071
21.05	-8.407	-14.798	-0.059
21.06	-8.387	-14.459	-0.095
21.07	-8.369	-14.144	-0.087
21.08	-8.351	-13.955	-0.085
21.09	-8.335	-13.969	-0.060
21.1	-8.321	-14.127	-0.127
21.11	-8.308	-14.397	-0.119
21.12	-8.295	-14.748	0.311
21.13	-8.284	-15.084	0.897
21.14	-8.274	-15.363	0.937
21.15	-8.264	-15.591	0.303
21.16	-8.254	-15.830	0.018
21.17	-8.243	-16.116	0.027
21.18	-8.233	-16.395	-0.078
21.19	-8.224	-16.623	-0.076
21.2	-8.216	-16.752	-0.104
21.21	-8.207	-16.630	-0.084
21.22	-8.200	-16.180	-0.071
21.23	-8.193	-15.503	-0.062
21.24	-8.184	-14.541	-0.059
21.25	-8.175	-12.859	-0.051
21.26	-8.166	-9.650	-0.064
21.27	-8.158	-3.606	-0.006
21.28	-8.150	6.483	0.003
21.29	-8.143	20.491	0.027
21.3	-8.136	35.711	0.059
21.31	-8.132	46.625	0.048
21.32	-8.127	50.647	0.112
21.33	-8.121	51.130	0.134
21.34	-8.117	51.131	0.145
21.35	-8.114	51.002	0.185
21.36	-8.111	49.020	0.189
21.37	-8.109	42.167	0.220
21.38	-8.107	31.317	0.182
21.39	-8.106	20.455	0.119
21.4	-8.104	11.467	0.051
21.41	-8.103	4.491	-0.052
21.42	-8.103	-0.725	-0.069
21.43	-8.101	-4.517	-0.076
21.44	-8.099	-7.256	-0.116
21.45	-8.097	-9.411	-0.102
21.46	-8.095	-11.411	-0.118
21.47	-8.094	-13.661	-0.117
21.48	-8.093	-16.819	-0.158
21.49	-8.092	-21.525	-0.136
21.5	-8.091	-27.863	-0.107
21.51	-8.091	-35.150	-0.165
21.52	-8.091	-41.872	-0.144
21.53	-8.091	-46.183	-0.100
21.54	-8.091	-47.139	-0.140
21.55	-8.091	-44.983	-0.132
21.56	-8.091	-40.498	-0.135
21.57	-8.091	-34.730	-0.126
21.58	-8.091	-28.766	-0.125
21.59	-8.092	-23.417	-0.118
21.6	-8.094	-19.184	-0.114
21.61	-8.095	-16.319	-0.113
21.62	-8.096	-14.788	-0.115
21.63	-8.098	-14.344	-0.109
21.64	-8.099	-14.747	-0.109
21.65	-8.101	-15.738	-0.114
21.66	-8.101	-16.953	-0.089
21.67	-8.103	-18.191	-0.108
21.68	-8.105	-19.391	-0.119
21.69	-8.107	-20.373	-0.067
21.7	-8.109	-21.044	-0.100
21.71	-8.110	-21.431	-0.091
21.72	-8.111	-21.497	-0.075
21.73	-8.113	-21.283	-0.100
21.74	-8.114	-20.916	-0.086
21.75	-8.116	-20.473	-0.083
21.76	-8.117	-19.988	-0.092
21.77	-8.119	-19.483	-0.076
21.78	-8.121	-18.995	-0.098
21.79	-8.123	-18.534	-0.081
21.8	-8.124	-18.130	-0.115
21.81	-8.126	-17.848	-0.093
21.82	-8.129	-17.650	-0.040
21.83	-8.131	-17.433	-0.043
21.84	-8.134	-17.194	-0.022
21.85	-8.137	-16.936	0.005
21.86	-8.142	-16.641	-0.012
21.87	-8.146	-16.339	-0.011
21.88	-8.151	-16.072	-0.051
21.89	-8.155	-15.798	-0.061
21.9	-8.160	-15.459	-0.074
21.91	-8.165	-15.073	-0.102
21.92	-8.170	-14.652	-0.092
21.93	-8.175	-14.203	-0.088
21.94	-8.180	-13.808	-0.103
21.95	-8.186	-13.528	-0.127
21.96	-8.192	-13.414	-0.116
21.97	-8.199	-13.492	-0.091
21.98	-8.206	-13.697	-0.149
21.99	-8.214	-13.991	0.076
22.0	-8.221	-14.359	0.714
22.01	-8.229	-14.741	1.174
22.02	-8.238	-15.042	0.636
22.03	-8.249	-15.236	0.065
22.04	-8.260	-15.411	0.040
22.05	-8.271	-15.573	-0.059
22.06	-8.282	-15.673	-0.098
22.07	-8.293	-15.756	-0.095
22.08	-8.303	-15.719	-0.111
22.09	-8.313	-15.347	-0.094
22.1	-8.321	-14.658	-0.088
22.11	-8.327	-13.655	-0.071
22.12	-8.333	-11.927	-0.071
22.13	-8.339	-8.486	-0.053
22.14	-8.346	-1.898	-0.043
22.15	-8.353	9.003	-0.007
22.16	-8.362	23.916	-0.009
22.17	-8.371	39.080	0.026
22.18	-8.380	48.391	0.049
22.19	-8.392	50.972	0.041
22.2	-8.406	51.131	0.086
22.21	-8.422	51.138	0.145
22.22	-8.439	51.092	0.133
22.23	-8.457	49.955	0.168
22.24	-8.474	44.741	0.199
22.25	-8.489	34.980	0.174
22.26	-8.504	24.378	0.123
22.27	-8.521	15.519	0.067
22.28	-8.537	8.631	-0.001
22.29	-8.553	3.455	-0.086
22.3	-8.568	-0.377	-0.103
22.31	-8.582	-3.281	-0.131
22.32	-8.597	-5.589	-0.132
22.33	-8.611	-7.617	-0.100
22.34	-8.627	-9.805	-0.145
22.35	-8.643	-12.581	-0.121
22.36	-8.660	-16.459	-0.106
22.37	-8.677	-21.928	-0.130
22.38	-8.693	-28.938	-0.130
22.39	-8.708	-36.559	-0.111
22.4	-8.722	-43.133	-0.142
22.41	-8.735	-47.053	-0.110
22.42	-8.749	-47.556	-0.093
22.43	-8.764	-44.922	-0.115
22.44	-8.778	-40.078	-0.092
22.45	-8.791	-34.091	-0.100
22.46	-8.806	-28.064	-0.108
22.47	-8.820	-22.898	-0.075
22.48	-8.835	-19.039	-0.113
22.49	-8.851	-16.627	-0.102
22.5	-8.868	-15.555	-0.079
22.51	-8.885	-15.491	-0.092
22.52	-8.902	-16.120	-0.096
22.53	-8.920	-17.181	-0.097
22.54	-8.938	-18.366	-0.106
22.55	-8.957	-19.427	-0.067
22.56	-8.976	-20.281	-0.088
22.57	-8.994	-20.909	-0.099
22.58	-9.012	-21.261	-0.081
22.59	-9.028	-21.380	-0.105
22.6	-9.044	-21.330	-0.075
22.61	-9.059	-21.106	-0.081
22.62	-9.076	-20.758	-0.101
22.63	-9.091	-20.330	-0.058
22.64	-9.105	-19.856	-0.090
22.65	-9.118	-19.364	-0.081
22.66	-9.130	-18.861	-0.080
22.67	-9.141	-18.409	-0.067
22.68	-9.151	-18.036	-0.029
22.69	-9.160	-17.663	-0.023
22.7	-9.169	-17.275	-0.003
22.71	-9.179	-16.933	0.022
22.72	-9.188	-16.647	0.001
22.73	-9.197	-16.377	0.021
22.74	-9.206	-16.097	-0.019
22.75	-9.214	-15.778	-0.046
22.76	-9.223	-15.377	-0.064
22.77	-9.229	-14.908	-0.072
22.78	-9.234	-14.417	-0.069
22.79	-9.239	-13.947	-0.072
22.8	-9.244	-13.572	-0.098
22.81	-9.251	-13.356	-0.101
22.82	-9.258	-13.297	-0.055
22.83	-9.265	-13.395	-0.124
22.84	-9.273	-13.656	-0.147
22.85	-9.281	-13.997	0.194
22.86	-9.289	-14.339	0.823
22.87	-9.299	-14.683	0.941
22.88	-9.311	-15.000	0.299
22.89	-9.321	-15.286	0.032
22.9	-9.330	-15.641	0.015
22.91	-9.338	-16.064	-0.088
22.92	-9.342	-16.398	-0.103
22.93	-9.344	-16.508	-0.119
22.94	-9.342	-16.356	-0.129
22.95	-9.338	-15.914	-0.093
22.96	-9.332	-15.159	-0.095
22.97	-9.326	-14.181	-0.093
22.98	-9.318	-12.895	-0.075
22.99	-9.308	-10.642	-0.086
23.0	-9.296	-6.156	-0.034
23.01	-9.282	1.873	-0.022
23.02	-9.266	13.833	-0.021
23.03	-9.248	28.391	0.015
23.04	-9.230	41.705	0.025
23.05	-9.212	49.161	0.079
23.06	-9.193	51.039	0.081
23.07	-9.172	51.130	0.106
23.08	-9.150	51.048	0.166
23.09	-9.127	49.347	0.174
23.1	-9.103	42.838	0.189
23.11	-9.081	31.884	0.185
23.12	-9.059	20.489	0.101
23.13	-9.037	10.859	0.034
23.14	-9.016	3.306	-0.051
23.15	-8.993	-2.242	-0.079
23.16	-8.970	-6.092	-0.086
23.17	-8.947	-8.711	-0.104
23.18	-8.925	-10.631	-0.118
23.19	-8.904	-12.408	-0.108
23.2	-8.883	-14.652	-0.119
23.21	-8.861	-18.038	-0.110
23.22	-8.838	-23.131	-0.112
23.23	-8.814	-29.863	-0.104
23.24	-8.789	-37.123	-0.100
23.25	-8.764	-43.092	-0.103
23.26	-8.740	-46.169	-0.115
23.27	-8.715	-45.789	-0.098
23.28	-8.689	-42.419	-0.094
23.29	-8.664	-37.055	-0.087
23.3	-8.641	-30.883	-0.088
23.31	-8.617	-24.980	-0.081
23.32	-8.593	-20.042	-0.089
23.33	-8.570	-16.448	-0.099
23.34	-8.548	-14.291	-0.084
23.35	-8.525	-13.395	-0.085
23.36	-8.503	-13.520	-0.081
23.37	-8.482	-14.373	-0.043
23.38	-8.463	-15.567	-0.087
23.39	-8.443	-16.820	-0.087
23.4	-8.424	-18.019	-0.085
23.41	-8.406	-19.050	-0.101
23.42	-8.389	-19.828	-0.071
23.43	-8.373	-20.331	-0.067
23.44	-8.356	-20.558	-0.080
23.45	-8.341	-20.591	-0.069
23.46	-8.326	-20.516	-0.077
23.47	-8.313	-20.295	-0.083
23.48	-8.302	-19.961	-0.077
23.49	-8.291	-19.614	-0.071
23.5	-8.280	-19.247	-0.079
23.51	-8.269	-18.880	-0.081
23.52	-8.257	-18.539	-0.067
23.53	-8.246	-18.198	-0.031
23.54	-8.236	-17.883	-0.011
23.55	-8.226	-17.580	0.005
23.56	-8.215	-17.277	0.008
23.57	-8.206	-16.992	0.003
23.58	-8.197	-16.695	0.012
23.59	-8.191	-16.386	0.011
23.6	-8.184	-16.072	-0.048
23.61	-8.179	-15.730	-0.067
23.62	-8.172	-15.350	-0.067
23.63	-8.167	-14.944	-0.060
23.64	-8.162	-14.548	-0.085
23.65	-8.157	-14.186	-0.076
23.66	-8.151	-13.869	-0.078
23.67	-8.145	-13.681	-0.097
23.68	-8.139	-13.669	-0.120
23.69	-8.134	-13.839	-0.127
23.7	-8.131	-14.144	0.003
23.71	-8.128	-14.502	0.494
23.72	-8.126	-14.869	1.077
23.73	-8.124	-15.175	0.834
23.74	-8.123	-15.406	0.145
23.75	-8.120	-15.648	0.026
23.76	-8.119	-15.909	0.001
23.77	-8.117	-16.156	-0.073
23.78	-8.115	-16.338	-0.087
23.79	-8.113	-16.358	-0.089
23.8	-8.111	-16.150	-0.082
23.81	-8.109	-15.631	-0.059
23.82	-8.106	-14.763	-0.081
23.83	-8.103	-13.472	-0.064
23.84	-8.098	-11.148	-0.037
23.85	-8.093	-6.588	-0.040
23.86	-8.088	1.452	0.005
23.87	-8.084	13.623	-0.002
23.88	-8.079	28.830	0.030
23.89	-8.075	42.469	0.044
23.9	-8.071	49.533	0.016
23.91	-8.068	51.073	0.124
23.92	-8.065	51.136	0.139
23.93	-8.063	51.131	0.140
23.94	-8.061	50.727	0.181
23.95	-8.060	47.459	0.196
23.96	-8.059	39.080	0.200
23.97	-8.059	28.097	0.155
23.98	-8.059	18.102	0.073
23.99	-8.059	10.048	-0.001
24.0	-8.059	3.905	-0.031
24.01	-8.058	-0.588	-0.071
24.02	-8.058	-3.867	-0.122
24.03	-8.056	-6.373	-0.094
24.04	-8.056	-8.450	-0.111
24.05	-8.055	-10.520	-0.130
24.06	-8.054	-13.122	-0.112
24.07	-8.054	-16.742	-0.097
24.08	-8.055	-21.836	-0.128
24.09	-8.056	-28.541	-0.107
24.1	-8.056	-36.008	-0.089
24.11	-8.057	-42.491	-0.100
24.12	-8.058	-46.363	-0.122
24.13	-8.059	-46.934	-0.100
24.14	-8.061	-44.480	-0.088
24.15	-8.062	-39.853	-0.103
24.16	-8.064	-34.106	-0.091
24.17	-8.066	-28.214	-0.072
24.18	-8.069	-22.998	-0.089
24.19	-8.071	-18.961	-0.084
24.2	-8.074	-16.261	-0.103
24.21	-8.076	-14.859	-0.084
24.22	-8.078	-14.566	-0.081
24.23	-8.081	-15.111	-0.108
24.24	-8.084	-16.148	-0.082
24.25	-8.087	-17.361	-0.068
24.26	-8.091	-18.561	-0.085
24.27	-8.094	-19.586	-0.069
24.28	-8.098	-20.405	-0.080
24.29	-8.102	-21.023	-0.080
24.3	-8.106	-21.358	-0.066
24.31	-8.109	-21.405	-0.073
24.32	-8.112	-21.208	-0.070
24.33	-8.116	-20.806	-0.071
24.34	-8.119	-20.298	-0.076
24.35	-8.124	-19.750	-0.057
24.36	-8.130	-19.186	-0.065
24.37	-8.137	-18.672	-0.073
24.38	-8.144	-18.256	-0.075
24.39	-8.152	-17.927	-0.050
24.4	-8.161	-17.681	-0.043
24.41	-8.169	-17.486	-0.019
24.42	-8.179	-17.267	-0.017
24.43	-8.188	-17.033	0.020
24.44	-8.199	-16.794	0.022
24.45	-8.210	-16.525	0.007
24.46	-8.221	-16.211	0.013
24.47	-8.234	-15.898	-0.000
24.48	-8.247	-15.592	-0.046
24.49	-8.259	-15.161	-0.071
24.5	-8.271	-14.606	-0.076
24.51	-8.283	-14.077	-0.071
24.52	-8.294	-13.595	-0.085
24.53	-8.306	-13.164	-0.112
24.54	-8.319	-12.889	-0.107
24.55	-8.332	-12.833	-0.048
24.56	-8.346	-12.992	-0.132
24.57	-8.361	-13.333	-0.114
24.58	-8.376	-13.797	0.294
24.59	-8.393	-14.297	0.998
24.6	-8.411	-14.753	1.093
24.61	-8.429	-15.106	0.336
24.62	-8.447	-15.330	0.029
24.63	-8.465	-15.477	0.039
24.64	-8.484	-15.616	-0.100
24.65	-8.502	-15.727	-0.090
24.66	-8.520	-15.722	-0.095
24.67	-8.536	-15.497	-0.100
24.68	-8.549	-14.972	-0.101
24.69	-8.560	-14.172	-0.090
24.7	-8.569	-13.038	-0.073
24.71	-8.579	-11.016	-0.073
24.72	-8.588	-6.934	-0.055
24.73	-8.599	0.697	-0.036
24.74	-8.611	12.750	-0.028
24.75	-8.622	28.127	-0.000
24.76	-8.633	42.120	0.002
24.77	-8.644	49.450	0.041
24.78	-8.659	51.069	0.059
24.79	-8.673	51.136	0.104
24.8	-8.688	51.131	0.127
24.81	-8.703	50.989	0.167
24.82	-8.718	48.967	0.168
24.83	-8.734	42.141	0.164
24.84	-8.749	31.581	0.158
24.85	-8.763	21.330	0.074
24.86	-8.778	13.098	0.013
24.87	-8.793	6.830	-0.033
24.88	-8.807	2.177	-0.086
24.89	-8.820	-1.258	-0.094
24.9	-8.834	-3.855	-0.132
24.91	-8.849	-6.002	-0.140
24.92	-8.864	-8.080	-0.135
24.93	-8.879	-10.489	-0.142
24.94	-8.894	-13.772	-0.131
24.95	-8.908	-18.502	-0.107
24.96	-8.921	-24.958	-0.131
24.97	-8.933	-32.636	-0.125
24.98	-8.946	-39.992	-0.126
24.99	-8.957	-45.177	-0.119
25.0	-8.969	-47.103	-0.129
25.01	-8.980	-45.705	-0.114
25.02	-8.992	-41.597	-0.101
25.03	-9.004	-35.836	-0.100
25.04	-9.016	-29.644	-0.097
25.05	-9.027	-24.022	-0.106
25.06	-9.039	-19.592	-0.102
25.07	-9.050	-16.658	-0.096
25.08	-9.061	-15.191	-0.111
25.09	-9.072	-14.889	-0.082
25.1	-9.082	-15.373	-0.085
25.11	-9.092	-16.366	-0.098
25.12	-9.103	-17.594	-0.082
25.13	-9.116	-18.781	-0.071
25.14	-9.126	-19.820	-0.095
25.15	-9.137	-20.642	-0.091
25.16	-9.147	-21.200	-0.080
25.17	-9.158	-21.523	-0.076
25.18	-9.168	-21.623	-0.051
25.19	-9.176	-21.502	-0.042
25.2	-9.184	-21.161	-0.079
25.21	-9.191	-20.684	-0.034
25.22	-9.199	-20.166	-0.040
25.23	-9.206	-19.659	-0.041
25.24	-9.212	-19.166	0.002
25.25	-9.217	-18.694	0.005
25.26	-9.221	-18.275	0.029
25.27	-9.225	-17.877	0.058
25.28	-9.229	-17.484	0.043
25.29	-9.232	-17.100	0.044
25.3	-9.236	-16.709	0.019
25.31	-9.237	-16.327	0.005
25.32	-9.238	-15.923	-0.037
25.33	-9.237	-15.439	-0.052
25.34	-9.233	-14.902	-0.033
25.35	-9.228	-14.363	-0.061
25.36	-9.220	-13.834	-0.072
25.37	-9.211	-13.402	-0.070
25.38	-9.198	-13.203	-0.072
25.39	-9.184	-13.242	-0.059
25.4	-9.169	-13.411	-0.140
25.41	-9.152	-13.700	-0.001
25.42	-9.134	-14.091	0.548
25.43	-9.114	-14.481	1.007
25.44	-9.095	-14.780	0.651
25.45	-9.074	-15.039	0.122
25.46	-9.050	-15.391	0.054
25.47	-9.023	-15.819	-0.008
25.48	-8.992	-16.255	-0.045
25.49	-8.959	-16.591	-0.074
25.5	-8.923	-16.645	-0.084
25.51	-8.886	-16.339	-0.074
25.52	-8.848	-15.719	-0.072
25.53	-8.810	-14.895	-0.042
25.54	-8.774	-13.947	-0.057
25.55	-8.741	-12.589	-0.031
25.56	-8.711	-9.895	-0.030
25.57	-8.681	-4.513	-0.016
25.58	-8.651	4.586	-0.012
25.59	-8.621	17.244	-0.001
25.6	-8.592	31.755	0.042
25.61	-8.566	43.975	0.064
25.62	-8.541	49.927	0.073
25.63	-8.517	51.095	0.128
25.64	-8.495	51.128	0.167
25.65	-8.473	50.791	0.199
25.66	-8.454	47.817	0.204
25.67	-8.434	39.711	0.197
25.68	-8.416	28.455	0.172
25.69	-8.398	17.778	0.109
25.7	-8.381	9.022	0.010
25.71	-8.364	2.317	-0.031
25.72	-8.348	-2.534	-0.070
25.73	-8.331	-5.977	-0.107
25.74	-8.315	-8.509	-0.078
25.75	-8.301	-10.658	-0.085
25.76	-8.287	-13.025	-0.101
25.77	-8.274	-16.228	-0.084
25.78	-8.262	-20.897	-0.115
25.79	-8.251	-27.272	-0.099
25.8	-8.239	-34.617	-0.095
25.81	-8.227	-41.277	-0.101
25.82	-8.216	-45.502	-0.107
25.83	-8.205	-46.403	-0.079
25.84	-8.195	-44.155	-0.070
25.85	-8.186	-39.531	-0.073
25.86	-8.176	-33.641	-0.084
25.87	-8.168	-27.619	-0.097
25.88	-8.159	-22.297	-0.089
25.89	-8.152	-18.217	-0.097
25.9	-8.146	-15.570	-0.103
25.91	-8.140	-14.214	-0.055
25.92	-8.135	-13.952	-0.095
25.93	-8.131	-14.522	-0.110
25.94	-8.128	-15.544	-0.074
25.95	-8.125	-16.753	-0.097
25.96	-8.122	-18.000	-0.109
25.97	-8.119	-19.109	-0.089
25.98	-8.118	-19.975	-0.095
25.99	-8.116	-20.561	-0.081
26.0	-8.113	-20.900	-0.102
26.01	-8.110	-21.003	-0.097
26.02	-8.107	-20.894	-0.091
26.03	-8.105	-20.652	-0.089
26.04	-8.103	-20.284	-0.103
26.05	-8.101	-19.861	-0.084
26.06	-8.098	-19.461	-0.063
26.07	-8.096	-19.052	-0.070
26.08	-8.093	-18.650	-0.065
26.09	-8.092	-18.314	-0.045
26.1	-8.091	-18.022	-0.030
26.11	-8.090	-17.730	0.013
26.12	-8.090	-17.427	0.009
26.13	-8.089	-17.111	-0.024
26.14	-8.089	-16.788	-0.015
26.15	-8.089	-16.488	-0.039
26.16	-8.091	-16.170	-0.096
26.17	-8.092	-15.742	-0.100
26.18	-8.092	-15.236	-0.117
26.19	-8.092	-14.691	-0.102
26.2	-8.092	-14.133	-0.099
26.21	-8.093	-13.708	-0.120
26.22	-8.093	-13.466	-0.127
26.23	-8.092	-13.377	-0.093
26.24	-8.091	-13.480	-0.167
26.25	-8.091	-13.798	-0.087
26.26	-8.091	-14.228	0.419
26.27	-8.092	-14.647	1.059
26.28	-8.094	-15.033	0.863
26.29	-8.096	-15.345	0.163
26.3	-8.099	-15.541	0.016
26.31	-8.101	-15.713	-0.028
26.32	-8.103	-15.956	-0.110
26.33	-8.104	-16.227	-0.128
26.34	-8.106	-16.355	-0.125
26.35	-8.108	-16.167	-0.110
26.36	-8.109	-15.605	-0.108
26.37	-8.109	-14.667	-0.094
26.38	-8.108	-13.214	-0.128
26.39	-8.106	-10.652	-0.067
26.4	-8.105	-5.773	-0.066
26.41	-8.103	2.838	-0.051
26.42	-8.100	15.681	-0.044
26.43	-8.099	31.109	-0.047
26.44	-8.098	44.055	0.008
26.45	-8.096	50.044	0.034
26.46	-8.096	51.105	0.033
26.47	-8.095	51.136	0.056
26.48	-8.096	51.131	0.149
26.49	-8.097	50.972	0.153
26.5	-8.099	48.811	0.162
26.51	-8.101	41.634	0.170
26.52	-8.103	30.814	0.113
26.53	-8.106	20.823	0.070
26.54	-8.108	13.230	-0.106
26.55	-8.111	7.445	-0.074
26.56	-8.115	2.916	-0.056
26.57	-8.118	-0.514	-0.123
26.58	-8.122	-3.141	-0.139
26.59	-8.127	-5.130	-0.184
26.6	-8.134	-6.683	-0.149
26.61	-8.143	-9.245	-0.109
26.62	-8.154	-13.939	-0.126
26.63	-8.164	-19.848	-0.156
26.64	-8.176	-25.847	-0.145
26.65	-8.187	-31.869	-0.114
26.66	-8.199	-37.686	-0.158
26.67	-8.212	-41.889	-0.085
26.68	-8.226	-43.058	-0.108
26.69	-8.241	-40.336	-0.146
26.7	-8.259	-35.392	-0.143
26.71	-8.279	-30.525	-0.107
26.72	-8.301	-25.852	-0.140
26.73	-8.324	-20.805	-0.128
26.74	-8.349	-15.759	-0.099
26.75	-8.376	-12.067	-0.141
26.76	-8.402	-10.017	-0.091
26.77	-8.427	-9.881	-0.116
26.78	-8.451	-10.802	-0.128
26.79	-8.476	-11.817	-0.143
26.8	-8.499	-13.563	-0.085
26.81	-8.523	-15.605	-0.065
26.82	-8.544	-16.750	-0.123
26.83	-8.566	-17.809	-0.069
26.84	-8.588	-18.750	-0.114
26.85	-8.611	-19.067	-0.120
26.86	-8.636	-20.173	-0.055
26.87	-8.661	-21.334	-0.103
26.88	-8.686	-20.784	-0.163
26.89	-8.711	-19.058	-0.083
26.9	-8.738	-17.455	-0.066
26.91	-8.766	-16.197	-0.034
26.92	-8.796	-15.952	-0.124
26.93	-8.827	-16.586	-0.048
26.94	-8.859	-16.184	0.014
26.95	-8.893	-15.888	-0.013
26.96	-8.927	-17.152	-0.075
26.97	-8.962	-17.736	0.003
26.98	-8.995	-17.900	0.138
26.99	-9.026	-17.945	-0.037
27.0	-9.057	-16.816	0.048
27.01	-9.086	-15.891	-0.088
27.02	-9.114	-15.322	-0.100
27.03	-9.139	-14.534	0.017
27.04	-9.162	-14.670	-0.153
27.05	-9.182	-14.844	-0.002
27.06	-9.199	-13.619	-0.093
27.07	-9.216	-12.514	-0.144
27.08	-9.236	-12.134	0.041
27.09	-9.254	-11.733	-0.128
27.1	-9.271	-11.566	-0.064
27.11	-9.286	-11.922	0.364
27.12	-9.302	-12.217	0.883
27.13	-9.322	-12.075	0.916
27.14	-9.346	-12.111	0.219
27.15	-9.370	-12.531	-0.011
27.16	-9.393	-12.784	-0.001
27.17	-9.414	-12.927	-0.072
27.18	-9.434	-13.502	-0.049
27.19	-9.451	-14.861	-0.061
27.2	-9.466	-15.911	-0.036
27.21	-9.478	-15.605	-0.048
27.22	-9.488	-15.038	-0.155
27.23	-9.498	-14.825	-0.024
27.24	-9.508	-14.341	0.012
27.25	-9.517	-12.766	-0.028
27.26	-9.526	-9.419	-0.033
27.27	-9.537	-3.986	0.029
27.28	-9.549	4.711	0.068
27.29	-9.560	16.800	0.060
27.3	-9.571	29.780	0.021
27.31	-9.581	41.300	0.089
27.32	-9.595	48.648	0.112
27.33	-9.611	50.952	0.161
27.34	-9.627	51.127	0.343
27.35	-9.644	51.048	0.084
27.36	-9.662	49.647	0.095
27.37	-9.677	44.575	0.293
27.38	-9.689	35.994	0.124
27.39	-9.700	26.680	0.084
27.4	-9.709	18.652	-0.117
27.41	-9.716	12.180	-0.053
27.42	-9.719	6.495	-0.106
27.43	-9.723	1.339	-0.131
27.44	-9.725	-2.906	0.036
27.45	-9.728	-6.584	-0.175
27.46	-9.732	-10.836	-0.116
27.47	-9.739	-16.145	0.012
27.48	-9.744	-22.141	-0.145
27.49	-9.746	-28.875	-0.124
27.5	-9.744	-36.389	-0.043
27.51	-9.743	-42.933	-0.122
27.52	-9.741	-46.166	-0.104
27.53	-9.738	-46.978	-0.037
27.54	-9.734	-46.550	-0.116
27.55	-9.732	-42.889	0.009
27.56	-9.733	-37.239	-0.102
27.57	-9.737	-32.666	-0.081
27.58	-9.741	-28.639	0.044
27.59	-9.742	-24.888	-0.122
27.6	-9.742	-21.691	-0.075
27.61	-9.743	-19.148	0.020
27.62	-9.744	-18.236	-0.081
27.63	-9.746	-17.964	-0.189
27.64	-9.749	-17.566	0.018
27.65	-9.754	-18.273	-0.055
27.66	-9.758	-19.356	-0.097
27.67	-9.761	-20.005	-0.050
27.68	-9.759	-20.766	-0.071
27.69	-9.750	-21.138	0.007
27.7	-9.739	-20.889	-0.074
27.71	-9.739	-21.038	-0.053
27.72	-9.744	-21.239	-0.035
27.73	-9.750	-20.464	0.019
27.74	-9.756	-20.128	-0.019
27.75	-9.760	-20.045	0.002
27.76	-9.764	-19.409	-0.009
27.77	-9.768	-19.552	0.002
27.78	-9.768	-19.572	0.027
27.79	-9.766	-19.386	-0.113
27.8	-9.760	-19.772	-0.049
27.81	-9.751	-19.292	-0.035
27.82	-9.739	-18.453	-0.171
27.83	-9.723	-18.281	-0.012
27.84	-9.713	-17.961	-0.078
27.85	-9.714	-17.561	-0.147
27.86	-9.723	-17.063	-0.029
27.87	-9.733	-16.478	-0.138
27.88	-9.742	-16.444	0.135
27.89	-9.751	-16.269	0.620
27.9	-9.759	-15.625	0.603
27.91	-9.766	-15.656	0.176
27.92	-9.775	-16.542	-0.021
27.93	-9.784	-16.967	0.075
27.94	-9.788	-17.088	-0.053
27.95	-9.791	-17.800	-0.151
27.96	-9.799	-18.383	-0.013
27.97	-9.808	-18.602	-0.088
27.98	-9.811	-18.659	-0.132
27.99	-9.813	-18.303	-0.075
28.0	-9.818	-18.398	-0.175
28.01	-9.828	-19.763	-0.030
28.02	-9.841	-20.795	-0.003
28.03	-9.857	-19.867	-0.099
28.04	-9.873	-16.989	-0.049
28.05	-9.891	-11.011	-0.049
28.06	-9.907	-1.233	-0.063
28.07	-9.923	10.956	0.032
28.08	-9.940	23.720	-0.016
28.09	-9.953	35.477	0.014
28.1	-9.963	44.747	0.014
28.11	-9.971	49.739	0.036
28.12	-9.981	50.863	0.205
28.13	-9.996	49.002	0.078
28.14	-10.013	43.423	-0.023
