Interval=	0.01 s
ExcelDateTime=	3.9769407027692745e+004	17/11/2008 9:46:07.192653
TimeFormat=	StartOfBlock
ChannelTitle=	Channel 1	Channel 2	Channel 3
Range=	20.000 mV	50.000 mV	2.000 mV
0.0	-8.002	-15.652	-0.078
0.01	-8.016	-15.319	-0.090
0.02	-8.029	-14.728	-0.076
0.03	-8.040	-13.841	-0.065
0.04	-8.051	-12.403	-0.084
0.05	-8.061	-9.697	-0.055
0.06	-8.072	-4.383	-0.051
0.07	-8.082	4.853	-0.054
0.08	-8.093	18.256	-0.001
0.09	-8.105	33.711	0.009
0.1	-8.117	45.639	0.046
0.11	-8.130	50.461	0.065
0.12	-8.142	51.128	0.088
0.13	-8.155	51.131	0.134
0.14	-8.169	51.028	0.166
0.15	-8.183	49.186	0.190
0.16	-8.197	42.517	0.192
0.17	-8.214	31.719	0.183
0.18	-8.232	20.825	0.130
0.19	-8.251	11.772	0.055
0.2	-8.271	4.669	0.012
0.21	-8.291	-0.636	-0.053
0.22	-8.310	-4.498	-0.078
0.23	-8.328	-7.413	-0.075
0.24	-8.348	-9.764	-0.093
0.25	-8.369	-11.927	-0.089
0.26	-8.391	-14.469	-0.102
0.27	-8.411	-17.927	-0.099
0.28	-8.431	-22.714	-0.093
0.29	-8.449	-28.934	-0.109
0.3	-8.466	-35.786	-0.092
0.31	-8.482	-41.684	-0.094
0.32	-8.501	-45.141	-0.115
0.33	-8.520	-45.505	-0.086
0.34	-8.539	-43.069	-0.096
0.35	-8.558	-38.628	-0.110
0.36	-8.578	-33.106	-0.096
0.37	-8.599	-27.441	-0.116
0.38	-8.621	-22.409	-0.117
0.39	-8.644	-18.491	-0.101
0.4	-8.666	-15.867	-0.112
0.41	-8.688	-14.439	-0.135
0.42	-8.710	-13.964	-0.107
0.43	-8.732	-14.238	-0.113
0.44	-8.753	-14.991	-0.116
0.45	-8.774	-15.966	-0.116
0.46	-8.796	-16.992	-0.134
0.47	-8.817	-17.877	-0.122
0.48	-8.838	-18.548	-0.122
0.49	-8.859	-19.048	-0.124
0.5	-8.878	-19.350	-0.119
0.51	-8.896	-19.428	-0.110
0.52	-8.914	-19.339	-0.129
0.53	-8.932	-19.178	-0.130
0.54	-8.948	-18.941	-0.091
0.55	-8.962	-18.598	-0.079
0.56	-8.976	-18.213	-0.089
0.57	-8.991	-17.830	-0.040
0.58	-9.005	-17.441	-0.022
0.59	-9.016	-17.136	-0.040
0.6	-9.027	-16.920	-0.030
0.61	-9.040	-16.652	-0.056
0.62	-9.053	-16.319	-0.099
0.63	-9.064	-15.927	-0.117
0.64	-9.075	-15.392	-0.105
0.65	-9.084	-14.769	-0.114
0.66	-9.092	-14.178	-0.129
0.67	-9.099	-13.603	-0.125
0.68	-9.104	-13.083	-0.132
0.69	-9.108	-12.788	-0.140
0.7	-9.113	-12.711	-0.130
0.71	-9.119	-12.778	-0.185
0.72	-9.126	-13.036	0.029
0.73	-9.132	-13.438	0.599
0.74	-9.139	-13.842	0.929
0.75	-9.148	-14.248	0.434
0.76	-9.158	-14.630	-0.015
0.77	-9.168	-14.913	0.012
0.78	-9.178	-15.211	-0.074
0.79	-9.189	-15.573	-0.117
0.8	-9.199	-15.838	-0.128
0.81	-9.204	-15.830	-0.100
0.82	-9.207	-15.523	-0.111
0.83	-9.209	-15.067	-0.127
0.84	-9.209	-14.383	-0.083
0.85	-9.211	-13.320	-0.100
0.86	-9.212	-11.398	-0.087
0.87	-9.213	-7.489	-0.034
0.88	-9.213	-0.367	-0.034
0.89	-9.214	10.683	-0.042
0.9	-9.214	24.758	-0.015
0.91	-9.215	38.639	0.015
0.92	-9.216	47.728	0.063
0.93	-9.217	50.802	0.068
0.94	-9.218	51.125	0.101
0.95	-9.218	50.844	0.152
0.96	-9.217	48.020	0.157
0.97	-9.214	39.828	0.164
0.98	-9.212	28.067	0.110
0.99	-9.209	16.731	0.049
1.0	-9.205	7.344	-0.006
1.01	-9.201	0.108	-0.079
1.02	-9.197	-5.113	-0.110
1.03	-9.193	-8.969	-0.116
1.04	-9.188	-11.548	-0.133
1.05	-9.182	-13.488	-0.135
1.06	-9.174	-15.813	-0.135
1.07	-9.165	-18.397	-0.141
1.08	-9.154	-22.123	-0.105
1.09	-9.144	-27.500	-0.121
1.1	-9.134	-33.728	-0.117
1.11	-9.124	-39.505	-0.093
1.12	-9.113	-43.166	-0.116
1.13	-9.101	-43.755	-0.091
1.14	-9.089	-41.058	-0.097
1.15	-9.078	-36.097	-0.103
1.16	-9.066	-30.327	-0.073
1.17	-9.053	-24.639	-0.102
1.18	-9.041	-19.833	-0.093
1.19	-9.028	-16.344	-0.087
1.2	-9.015	-14.113	-0.098
1.21	-9.001	-12.983	-0.077
1.22	-8.987	-12.692	-0.091
1.23	-8.972	-13.027	-0.109
1.24	-8.957	-13.844	-0.075
1.25	-8.942	-14.875	-0.096
1.26	-8.927	-15.898	-0.077
1.27	-8.912	-16.873	-0.085
1.28	-8.898	-17.752	-0.113
1.29	-8.884	-18.403	-0.067
1.3	-8.869	-18.788	-0.086
1.31	-8.852	-18.967	-0.092
1.32	-8.836	-18.959	-0.081
1.33	-8.821	-18.811	-0.072
1.34	-8.807	-18.608	-0.063
1.35	-8.791	-18.322	-0.068
1.36	-8.775	-17.956	-0.029
1.37	-8.758	-17.639	-0.017
1.38	-8.741	-17.398	0.006
1.39	-8.722	-17.145	0.003
1.4	-8.703	-16.819	-0.003
1.41	-8.685	-16.459	-0.028
1.42	-8.666	-16.084	-0.085
1.43	-8.645	-15.634	-0.072
1.44	-8.621	-15.078	-0.061
1.45	-8.593	-14.408	-0.095
1.46	-8.563	-13.689	-0.125
1.47	-8.531	-13.114	-0.099
1.48	-8.499	-12.775	-0.101
1.49	-8.466	-12.594	-0.108
1.5	-8.435	-12.591	-0.100
1.51	-8.405	-12.784	-0.147
1.52	-8.376	-13.036	0.081
1.53	-8.348	-13.305	0.644
1.54	-8.322	-13.606	0.925
1.55	-8.297	-13.861	0.450
1.56	-8.274	-14.122	0.039
1.57	-8.254	-14.492	0.026
1.58	-8.233	-14.925	-0.054
1.59	-8.213	-15.342	-0.099
1.6	-8.191	-15.681	-0.081
1.61	-8.170	-15.848	-0.092
1.62	-8.149	-15.752	-0.096
1.63	-8.127	-15.378	-0.074
1.64	-8.105	-14.770	-0.056
1.65	-8.081	-13.777	-0.062
1.66	-8.057	-11.864	-0.049
1.67	-8.035	-8.020	-0.023
1.68	-8.016	-1.002	-0.012
1.69	-8.000	9.917	0.002
1.7	-7.984	23.892	0.015
1.71	-7.970	37.855	0.051
1.72	-7.956	47.300	0.073
1.73	-7.944	50.713	0.094
1.74	-7.934	51.127	0.136
1.75	-7.926	50.817	0.151
1.76	-7.919	47.909	0.171
1.77	-7.912	39.663	0.163
1.78	-7.905	27.927	0.145
1.79	-7.899	16.642	0.089
1.8	-7.893	7.275	0.003
1.81	-7.886	-0.073	-0.042
1.82	-7.879	-5.502	-0.087
1.83	-7.874	-9.330	-0.117
1.84	-7.868	-11.995	-0.127
1.85	-7.862	-14.000	-0.113
1.86	-7.857	-15.958	-0.111
1.87	-7.853	-18.448	-0.121
1.88	-7.849	-21.978	-0.098
1.89	-7.845	-26.778	-0.108
1.9	-7.841	-32.347	-0.108
1.91	-7.836	-37.409	-0.090
1.92	-7.832	-40.538	-0.106
1.93	-7.829	-41.020	-0.106
1.94	-7.825	-39.053	-0.083
1.95	-7.822	-35.305	-0.078
1.96	-7.818	-30.556	-0.080
1.97	-7.815	-25.542	-0.082
1.98	-7.813	-20.941	-0.082
1.99	-7.811	-17.245	-0.072
2.0	-7.810	-14.583	-0.073
2.01	-7.809	-12.991	-0.068
2.02	-7.807	-12.391	-0.061
2.03	-7.806	-12.516	-0.070
2.04	-7.804	-13.114	-0.080
2.05	-7.803	-14.056	-0.079
2.06	-7.803	-15.217	-0.068
2.07	-7.803	-16.389	-0.083
2.08	-7.803	-17.419	-0.074
2.09	-7.802	-18.219	-0.049
2.1	-7.801	-18.744	-0.054
2.11	-7.801	-19.041	-0.060
2.12	-7.800	-19.152	-0.073
2.13	-7.799	-19.081	-0.073
2.14	-7.800	-18.863	-0.062
2.15	-7.800	-18.550	-0.067
2.16	-7.800	-18.184	-0.039
2.17	-7.799	-17.847	-0.039
2.18	-7.799	-17.563	0.001
2.19	-7.800	-17.273	0.027
2.2	-7.800	-16.977	0.029
2.21	-7.801	-16.717	0.023
2.22	-7.802	-16.512	0.021
2.23	-7.803	-16.284	0.003
2.24	-7.804	-15.977	-0.056
2.25	-7.805	-15.630	-0.061
2.26	-7.806	-15.211	-0.077
2.27	-7.807	-14.666	-0.069
2.28	-7.808	-14.041	-0.080
2.29	-7.808	-13.438	-0.096
2.3	-7.809	-12.964	-0.095
2.31	-7.810	-12.647	-0.086
2.32	-7.812	-12.517	-0.101
2.33	-7.814	-12.638	-0.129
2.34	-7.816	-12.906	0.116
2.35	-7.818	-13.270	0.737
2.36	-7.821	-13.748	1.102
2.37	-7.823	-14.142	0.543
2.38	-7.827	-14.422	0.051
2.39	-7.831	-14.705	0.019
2.4	-7.836	-14.914	-0.082
2.41	-7.840	-15.061	-0.086
2.42	-7.846	-15.255	-0.094
2.43	-7.852	-15.358	-0.115
2.44	-7.857	-15.139	-0.077
2.45	-7.862	-14.581	-0.078
2.46	-7.868	-13.608	-0.068
2.47	-7.872	-11.750	-0.063
2.48	-7.877	-8.050	-0.057
2.49	-7.882	-1.288	-0.015
2.5	-7.888	9.480	-0.019
2.51	-7.894	23.941	-0.021
2.52	-7.900	38.705	0.043
2.53	-7.907	48.077	0.064
2.54	-7.914	50.903	0.078
2.55	-7.923	51.128	0.104
2.56	-7.933	51.130	0.127
2.57	-7.942	50.602	0.163
2.58	-7.953	46.889	0.186
2.59	-7.963	38.044	0.182
2.6	-7.974	26.963	0.152
2.61	-7.985	17.114	0.103
2.62	-7.997	9.186	0.026
2.63	-8.009	3.069	-0.039
2.64	-8.021	-1.420	-0.065
2.65	-8.032	-4.742	-0.101
2.66	-8.044	-7.355	-0.099
2.67	-8.055	-9.555	-0.118
2.68	-8.066	-11.722	-0.111
2.69	-8.077	-14.280	-0.093
2.7	-8.089	-17.736	-0.103
2.71	-8.101	-22.538	-0.095
2.72	-8.114	-28.616	-0.103
2.73	-8.127	-35.141	-0.107
2.74	-8.141	-40.645	-0.106
2.75	-8.154	-43.769	-0.097
2.76	-8.165	-43.952	-0.096
2.77	-8.176	-41.469	-0.094
2.78	-8.186	-37.091	-0.103
2.79	-8.199	-31.759	-0.090
2.8	-8.214	-26.402	-0.085
2.81	-8.231	-21.706	-0.111
2.82	-8.248	-18.053	-0.088
2.83	-8.267	-15.613	-0.085
2.84	-8.285	-14.311	-0.100
2.85	-8.303	-13.903	-0.087
2.86	-8.321	-14.161	-0.083
2.87	-8.338	-14.853	-0.105
2.88	-8.357	-15.736	-0.088
2.89	-8.376	-16.639	-0.092
2.9	-8.395	-17.447	-0.085
2.91	-8.414	-18.113	-0.079
2.92	-8.432	-18.648	-0.070
2.93	-8.449	-18.964	-0.081
2.94	-8.466	-19.042	-0.098
2.95	-8.482	-18.992	-0.075
2.96	-8.499	-18.833	-0.073
2.97	-8.517	-18.553	-0.060
2.98	-8.535	-18.239	-0.062
2.99	-8.553	-17.947	-0.023
3.0	-8.572	-17.627	0.026
3.01	-8.592	-17.314	-0.004
3.02	-8.613	-17.067	0.005
3.03	-8.633	-16.794	0.010
3.04	-8.653	-16.456	-0.026
3.05	-8.672	-16.122	-0.054
3.06	-8.689	-15.755	-0.077
3.07	-8.705	-15.305	-0.078
3.08	-8.719	-14.805	-0.078
3.09	-8.731	-14.256	-0.106
3.1	-8.744	-13.691	-0.116
3.11	-8.757	-13.238	-0.092
3.12	-8.771	-12.922	-0.073
3.13	-8.786	-12.714	-0.132
3.14	-8.803	-12.700	-0.117
3.15	-8.819	-12.923	0.274
3.16	-8.836	-13.272	0.874
3.17	-8.853	-13.608	0.897
3.18	-8.869	-13.884	0.256
3.19	-8.884	-14.145	0.016
3.2	-8.897	-14.439	0.007
3.21	-8.909	-14.791	-0.089
3.22	-8.920	-15.136	-0.090
3.23	-8.928	-15.339	-0.104
3.24	-8.933	-15.333	-0.074
3.25	-8.936	-15.025	-0.089
3.26	-8.936	-14.406	-0.093
3.27	-8.936	-13.545	-0.077
3.28	-8.936	-12.163	-0.068
3.29	-8.935	-9.441	-0.050
3.3	-8.934	-4.119	-0.017
3.31	-8.933	4.952	-0.031
3.32	-8.932	17.758	-0.016
3.33	-8.931	32.259	0.041
3.34	-8.929	44.131	0.050
3.35	-8.929	49.888	0.064
3.36	-8.928	51.088	0.104
3.37	-8.926	51.113	0.137
3.38	-8.924	50.316	0.158
3.39	-8.920	45.744	0.189
3.4	-8.914	35.989	0.175
3.41	-8.906	24.394	0.118
3.42	-8.894	14.030	0.073
3.43	-8.881	5.569	0.004
3.44	-8.867	-0.873	-0.051
3.45	-8.851	-5.533	-0.080
3.46	-8.832	-8.784	-0.087
3.47	-8.812	-11.002	-0.096
3.48	-8.789	-12.791	-0.105
3.49	-8.766	-14.811	-0.077
3.5	-8.740	-17.600	-0.085
3.51	-8.713	-21.728	-0.097
3.52	-8.686	-27.408	-0.076
3.53	-8.658	-33.919	-0.074
3.54	-8.631	-39.723	-0.077
3.55	-8.604	-43.250	-0.078
3.56	-8.576	-43.680	-0.080
3.57	-8.549	-41.222	-0.073
3.58	-8.523	-36.733	-0.070
3.59	-8.498	-31.200	-0.078
3.6	-8.474	-25.517	-0.076
3.61	-8.452	-20.452	-0.068
3.62	-8.429	-16.538	-0.083
3.63	-8.407	-13.928	-0.081
3.64	-8.386	-12.544	-0.055
3.65	-8.366	-12.213	-0.098
3.66	-8.345	-12.605	-0.085
3.67	-8.325	-13.466	-0.085
3.68	-8.304	-14.570	-0.090
3.69	-8.285	-15.702	-0.072
3.7	-8.266	-16.795	-0.084
3.71	-8.247	-17.725	-0.082
3.72	-8.228	-18.441	-0.079
3.73	-8.210	-18.933	-0.082
3.74	-8.193	-19.142	-0.090
3.75	-8.176	-19.169	-0.078
3.76	-8.160	-19.072	-0.070
3.77	-8.144	-18.823	-0.087
3.78	-8.127	-18.497	-0.033
3.79	-8.114	-18.173	-0.004
3.8	-8.101	-17.861	-0.011
3.81	-8.089	-17.516	0.007
3.82	-8.080	-17.198	0.003
3.83	-8.072	-16.948	0.012
3.84	-8.066	-16.680	-0.021
3.85	-8.060	-16.394	-0.077
3.86	-8.054	-16.095	-0.081
3.87	-8.047	-15.728	-0.072
3.88	-8.039	-15.288	-0.080
3.89	-8.032	-14.769	-0.110
3.9	-8.026	-14.192	-0.103
3.91	-8.020	-13.695	-0.109
3.92	-8.014	-13.372	-0.111
3.93	-8.009	-13.198	-0.108
3.94	-8.004	-13.202	-0.144
3.95	-8.001	-13.391	0.102
3.96	-7.998	-13.677	0.738
3.97	-7.996	-13.975	1.025
3.98	-7.994	-14.225	0.440
3.99	-7.991	-14.450	0.015
4.0	-7.989	-14.684	0.031
4.01	-7.986	-14.952	-0.076
4.02	-7.984	-15.227	-0.101
4.03	-7.981	-15.408	-0.099
4.04	-7.978	-15.420	-0.110
4.05	-7.975	-15.266	-0.113
4.06	-7.972	-14.848	-0.095
4.07	-7.968	-14.003	-0.079
4.08	-7.963	-12.558	-0.075
4.09	-7.958	-9.789	-0.057
4.1	-7.954	-4.380	-0.050
4.11	-7.949	4.769	-0.018
4.12	-7.946	17.823	-0.019
4.13	-7.942	32.870	-0.008
4.14	-7.939	44.895	0.042
4.15	-7.936	50.205	0.043
4.16	-7.933	51.111	0.101
4.17	-7.932	51.128	0.123
4.18	-7.931	50.911	0.154
4.19	-7.931	48.438	0.170
4.2	-7.930	40.889	0.167
4.21	-7.929	29.831	0.143
4.22	-7.929	19.131	0.056
4.23	-7.928	10.286	0.027
4.24	-7.928	3.434	-0.038
4.25	-7.928	-1.738	-0.080
4.26	-7.928	-5.627	-0.072
4.27	-7.928	-8.516	-0.106
4.28	-7.928	-10.819	-0.127
4.29	-7.928	-13.020	-0.104
4.3	-7.928	-15.595	-0.087
4.31	-7.929	-19.142	-0.105
4.32	-7.929	-24.083	-0.084
4.33	-7.931	-30.194	-0.086
4.34	-7.931	-36.491	-0.109
4.35	-7.931	-41.439	-0.095
4.36	-7.933	-43.803	-0.073
4.37	-7.933	-43.281	-0.092
4.38	-7.934	-40.323	-0.091
4.39	-7.935	-35.722	-0.086
4.4	-7.936	-30.341	-0.073
4.41	-7.938	-25.034	-0.084
4.42	-7.939	-20.459	-0.083
4.43	-7.941	-16.948	-0.092
4.44	-7.942	-14.625	-0.087
4.45	-7.944	-13.413	-0.073
4.46	-7.946	-13.097	-0.099
4.47	-7.947	-13.452	-0.078
4.48	-7.949	-14.263	-0.080
4.49	-7.951	-15.275	-0.104
4.5	-7.953	-16.291	-0.080
4.51	-7.956	-17.267	-0.100
4.52	-7.958	-18.109	-0.087
4.53	-7.961	-18.767	-0.075
4.54	-7.963	-19.267	-0.089
4.55	-7.965	-19.489	-0.080
4.56	-7.967	-19.413	-0.082
4.57	-7.969	-19.164	-0.074
4.58	-7.971	-18.791	-0.081
4.59	-7.973	-18.394	-0.082
4.6	-7.975	-18.019	-0.056
4.61	-7.978	-17.623	-0.040
4.62	-7.981	-17.225	-0.015
4.63	-7.983	-16.886	0.015
4.64	-7.986	-16.633	0.016
4.65	-7.990	-16.442	-0.005
4.66	-7.994	-16.248	-0.020
4.67	-7.999	-16.003	-0.055
4.68	-8.002	-15.731	-0.058
4.69	-8.007	-15.386	-0.087
4.7	-8.011	-14.902	-0.103
4.71	-8.016	-14.325	-0.086
4.72	-8.021	-13.728	-0.098
4.73	-8.027	-13.197	-0.113
4.74	-8.034	-12.813	-0.114
4.75	-8.041	-12.638	-0.090
4.76	-8.048	-12.675	-0.128
4.77	-8.056	-12.852	-0.016
4.78	-8.065	-13.167	0.586
4.79	-8.074	-13.592	1.129
4.8	-8.084	-13.973	0.696
4.81	-8.094	-14.294	0.118
4.82	-8.106	-14.606	0.044
4.83	-8.119	-14.836	-0.070
4.84	-8.131	-14.984	-0.086
4.85	-8.143	-15.084	-0.110
4.86	-8.154	-15.025	-0.097
4.87	-8.166	-14.677	-0.086
4.88	-8.176	-14.055	-0.109
4.89	-8.186	-13.198	-0.062
4.9	-8.194	-11.839	-0.054
4.91	-8.201	-9.167	-0.051
4.92	-8.208	-3.809	-0.017
4.93	-8.216	5.591	-0.012
4.94	-8.225	19.194	0.014
4.95	-8.234	34.577	0.036
4.96	-8.244	46.091	0.054
4.97	-8.254	50.555	0.083
4.98	-8.265	51.130	0.114
4.99	-8.277	51.136	0.158
5.0	-8.289	51.095	0.178
5.01	-8.301	50.011	0.194
5.02	-8.313	44.872	0.214
5.03	-8.324	34.966	0.169
5.04	-8.338	23.933	0.107
5.05	-8.353	14.477	0.042
5.06	-8.368	7.003	-0.021
5.07	-8.383	1.356	-0.072
5.08	-8.398	-2.878	-0.110
5.09	-8.412	-6.047	-0.105
5.1	-8.428	-8.533	-0.099
5.11	-8.443	-10.858	-0.118
5.12	-8.459	-13.480	-0.110
5.13	-8.476	-16.913	-0.104
5.14	-8.494	-21.727	-0.105
5.15	-8.511	-28.023	-0.109
5.16	-8.527	-34.986	-0.115
5.17	-8.542	-41.025	-0.114
5.18	-8.557	-44.705	-0.093
5.19	-8.571	-45.413	-0.089
5.2	-8.583	-43.273	-0.112
5.21	-8.595	-38.928	-0.083
5.22	-8.608	-33.359	-0.089
5.23	-8.621	-27.591	-0.113
5.24	-8.635	-22.316	-0.068
5.25	-8.649	-18.100	-0.094
5.26	-8.664	-15.309	-0.086
5.27	-8.679	-13.800	-0.058
5.28	-8.696	-13.345	-0.069
5.29	-8.713	-13.731	-0.064
5.3	-8.729	-14.592	-0.056
5.31	-8.745	-15.677	-0.074
5.32	-8.759	-16.813	-0.062
5.33	-8.774	-17.809	-0.067
5.34	-8.788	-18.605	-0.084
5.35	-8.803	-19.216	-0.047
5.36	-8.817	-19.631	-0.039
5.37	-8.831	-19.798	-0.059
5.38	-8.844	-19.734	-0.061
5.39	-8.856	-19.519	-0.033
5.4	-8.869	-19.169	-0.044
5.41	-8.883	-18.728	-0.049
5.42	-8.896	-18.283	-0.005
5.43	-8.908	-17.878	0.015
5.44	-8.920	-17.536	0.027
5.45	-8.932	-17.261	0.020
5.46	-8.943	-16.997	0.013
5.47	-8.953	-16.678	-0.002
5.48	-8.962	-16.288	-0.033
5.49	-8.969	-15.814	-0.075
5.5	-8.974	-15.234	-0.044
5.51	-8.979	-14.619	-0.061
5.52	-8.982	-13.994	-0.083
5.53	-8.986	-13.403	-0.076
5.54	-8.989	-12.981	-0.093
5.55	-8.992	-12.725	-0.082
5.56	-8.996	-12.597	-0.103
5.57	-9.000	-12.634	-0.152
5.58	-9.002	-12.845	0.120
5.59	-9.005	-13.200	0.743
5.6	-9.009	-13.638	0.965
5.61	-9.013	-14.034	0.372
5.62	-9.018	-14.369	0.010
5.63	-9.022	-14.745	0.033
5.64	-9.026	-15.167	-0.075
5.65	-9.029	-15.534	-0.116
5.66	-9.030	-15.742	-0.084
5.67	-9.029	-15.691	-0.092
5.68	-9.025	-15.347	-0.107
5.69	-9.019	-14.747	-0.070
5.7	-9.013	-13.916	-0.070
5.71	-9.004	-12.831	-0.073
5.72	-8.996	-10.989	-0.065
5.73	-8.986	-7.177	-0.059
5.74	-8.976	-0.128	-0.024
5.75	-8.963	10.752	0.008
5.76	-8.950	24.722	0.008
5.77	-8.935	38.788	0.044
5.78	-8.920	47.959	0.085
5.79	-8.904	50.872	0.087
5.8	-8.887	51.127	0.128
5.81	-8.867	51.092	0.148
5.82	-8.845	49.925	0.183
5.83	-8.821	44.450	0.185
5.84	-8.796	33.891	0.132
5.85	-8.769	21.947	0.071
5.86	-8.742	11.505	-0.005
5.87	-8.714	3.178	-0.081
5.88	-8.687	-3.025	-0.099
5.89	-8.660	-7.422	-0.125
5.9	-8.634	-10.500	-0.149
5.91	-8.611	-12.816	-0.118
5.92	-8.590	-15.058	-0.124
5.93	-8.572	-18.017	-0.134
5.94	-8.556	-22.363	-0.131
5.95	-8.540	-28.263	-0.135
5.96	-8.524	-35.005	-0.127
5.97	-8.509	-41.047	-0.123
5.98	-8.494	-44.748	-0.119
5.99	-8.481	-45.313	-0.117
6.0	-8.468	-42.986	-0.107
6.01	-8.456	-38.491	-0.106
6.02	-8.444	-32.783	-0.105
6.03	-8.432	-26.931	-0.102
6.04	-8.421	-21.697	-0.090
6.05	-8.409	-17.550	-0.102
6.06	-8.396	-14.711	-0.086
6.07	-8.383	-13.088	-0.087
6.08	-8.369	-12.511	-0.090
6.09	-8.354	-12.756	-0.077
6.1	-8.338	-13.558	-0.076
6.11	-8.322	-14.644	-0.082
6.12	-8.308	-15.781	-0.085
6.13	-8.292	-16.887	-0.095
6.14	-8.277	-17.870	-0.085
6.15	-8.263	-18.583	-0.062
6.16	-8.249	-19.009	-0.083
6.17	-8.236	-19.227	-0.087
6.18	-8.223	-19.298	-0.067
6.19	-8.211	-19.241	-0.079
6.2	-8.200	-19.089	-0.079
6.21	-8.189	-18.902	-0.057
6.22	-8.179	-18.664	-0.032
6.23	-8.171	-18.342	-0.010
6.24	-8.163	-18.023	0.025
6.25	-8.156	-17.798	0.017
6.26	-8.149	-17.536	0.009
6.27	-8.144	-17.188	0.004
6.28	-8.137	-16.883	-0.036
6.29	-8.131	-16.567	-0.059
6.3	-8.125	-16.147	-0.072
6.31	-8.120	-15.659	-0.088
6.32	-8.114	-15.095	-0.073
6.33	-8.109	-14.455	-0.084
6.34	-8.103	-13.827	-0.082
6.35	-8.097	-13.291	-0.099
6.36	-8.091	-12.956	-0.098
6.37	-8.086	-12.880	-0.121
6.38	-8.081	-12.998	-0.126
6.39	-8.078	-13.330	0.235
6.4	-8.075	-13.773	0.875
6.41	-8.072	-14.181	0.938
6.42	-8.069	-14.583	0.293
6.43	-8.066	-14.906	0.019
6.44	-8.063	-15.128	0.026
6.45	-8.059	-15.378	-0.078
6.46	-8.056	-15.595	-0.079
6.47	-8.053	-15.667	-0.084
6.48	-8.049	-15.627	-0.090
6.49	-8.046	-15.389	-0.069
6.5	-8.043	-14.816	-0.055
6.51	-8.039	-13.927	-0.059
6.52	-8.033	-12.377	-0.018
6.53	-8.028	-9.142	-0.026
6.54	-8.023	-2.955	-0.022
6.55	-8.018	7.188	0.012
6.56	-8.013	21.155	0.001
6.57	-8.009	36.241	0.040
6.58	-8.006	46.889	0.070
6.59	-8.002	50.697	0.087
6.6	-7.999	51.130	0.135
6.61	-7.998	51.134	0.151
6.62	-7.995	51.052	0.157
6.63	-7.994	49.366	0.182
6.64	-7.993	42.816	0.191
6.65	-7.992	31.700	0.135
6.66	-7.991	20.236	0.050
6.67	-7.991	10.739	-0.001
6.68	-7.991	3.416	-0.051
6.69	-7.991	-1.994	-0.119
6.7	-7.990	-5.903	-0.096
6.71	-7.990	-8.711	-0.107
6.72	-7.989	-11.009	-0.120
6.73	-7.989	-13.406	-0.140
6.74	-7.989	-16.395	-0.115
6.75	-7.989	-20.566	-0.113
6.76	-7.989	-26.322	-0.127
6.77	-7.990	-33.361	-0.101
6.78	-7.990	-40.395	-0.118
6.79	-7.991	-45.641	-0.110
6.8	-7.991	-47.841	-0.098
6.81	-7.991	-46.778	-0.110
6.82	-7.991	-43.027	-0.096
6.83	-7.992	-37.542	-0.096
6.84	-7.994	-31.338	-0.101
6.85	-7.996	-25.338	-0.086
6.86	-7.998	-20.269	-0.104
6.87	-8.000	-16.530	-0.107
6.88	-8.002	-14.211	-0.100
6.89	-8.004	-13.173	-0.100
6.9	-8.006	-13.147	-0.085
6.91	-8.008	-13.872	-0.101
6.92	-8.011	-15.031	-0.090
6.93	-8.013	-16.344	-0.086
6.94	-8.016	-17.659	-0.099
6.95	-8.019	-18.808	-0.108
6.96	-8.022	-19.717	-0.089
6.97	-8.026	-20.377	-0.092
6.98	-8.029	-20.697	-0.098
6.99	-8.032	-20.747	-0.078
7.0	-8.035	-20.628	-0.086
7.01	-8.037	-20.327	-0.086
7.02	-8.041	-19.903	-0.079
7.03	-8.044	-19.406	-0.083
7.04	-8.049	-18.883	-0.056
7.05	-8.054	-18.464	-0.050
7.06	-8.059	-18.092	-0.013
7.07	-8.066	-17.695	0.018
7.08	-8.073	-17.387	0.002
7.09	-8.080	-17.169	0.009
7.1	-8.088	-16.902	0.006
7.11	-8.097	-16.589	-0.059
7.12	-8.106	-16.278	-0.073
7.13	-8.116	-15.861	-0.060
7.14	-8.126	-15.269	-0.078
7.15	-8.135	-14.580	-0.093
7.16	-8.145	-13.919	-0.075
7.17	-8.155	-13.373	-0.095
7.18	-8.166	-12.959	-0.106
7.19	-8.177	-12.750	-0.090
7.2	-8.188	-12.803	-0.124
7.21	-8.200	-13.025	-0.014
7.22	-8.213	-13.384	0.477
7.23	-8.224	-13.881	1.111
7.24	-8.236	-14.347	0.843
7.25	-8.250	-14.722	0.129
7.26	-8.264	-15.072	0.042
7.27	-8.276	-15.325	-0.017
7.28	-8.288	-15.455	-0.106
7.29	-8.301	-15.486	-0.095
7.3	-8.314	-15.375	-0.109
7.31	-8.326	-15.073	-0.117
7.32	-8.337	-14.550	-0.074
7.33	-8.345	-13.802	-0.078
7.34	-8.353	-12.605	-0.084
7.35	-8.359	-10.164	-0.066
7.36	-8.367	-5.148	-0.054
7.37	-8.376	3.828	-0.032
7.38	-8.385	17.167	-0.031
7.39	-8.396	32.864	-0.018
7.4	-8.408	45.264	0.014
7.41	-8.421	50.398	0.040
7.42	-8.436	51.127	0.068
7.43	-8.453	51.136	0.111
7.44	-8.469	51.131	0.138
7.45	-8.486	50.653	0.145
7.46	-8.504	47.008	0.163
7.47	-8.523	37.972	0.127
7.48	-8.541	26.456	0.083
7.49	-8.558	16.231	0.018
7.5	-8.575	8.136	-0.070
7.51	-8.590	1.975	-0.101
7.52	-8.605	-2.638	-0.118
7.53	-8.619	-6.122	-0.137
7.54	-8.633	-8.823	-0.133
7.55	-8.648	-11.139	-0.150
7.56	-8.663	-13.606	-0.166
7.57	-8.679	-16.819	-0.145
7.58	-8.694	-21.358	-0.130
7.59	-8.711	-27.533	-0.138
7.6	-8.727	-34.848	-0.131
7.61	-8.742	-41.894	-0.125
7.62	-8.757	-46.888	-0.119
7.63	-8.771	-48.609	-0.122
7.64	-8.785	-46.953	-0.125
7.65	-8.798	-42.652	-0.137
7.66	-8.812	-36.716	-0.103
7.67	-8.826	-30.186	-0.112
7.68	-8.839	-24.116	-0.112
7.69	-8.854	-19.222	-0.104
7.7	-8.867	-15.755	-0.116
7.71	-8.879	-13.794	-0.097
7.72	-8.891	-13.175	-0.102
7.73	-8.904	-13.548	-0.115
7.74	-8.918	-14.569	-0.101
7.75	-8.931	-15.898	-0.095
7.76	-8.944	-17.259	-0.095
7.77	-8.959	-18.458	-0.098
7.78	-8.972	-19.427	-0.097
7.79	-8.984	-20.145	-0.100
7.8	-8.994	-20.569	-0.089
7.81	-9.004	-20.761	-0.091
7.82	-9.014	-20.788	-0.107
7.83	-9.024	-20.647	-0.100
7.84	-9.033	-20.397	-0.080
7.85	-9.040	-20.019	-0.069
7.86	-9.047	-19.498	-0.041
7.87	-9.053	-18.963	-0.011
7.88	-9.058	-18.461	0.010
7.89	-9.062	-18.009	-0.006
7.9	-9.066	-17.630	-0.030
7.91	-9.070	-17.300	-0.029
7.92	-9.074	-16.952	-0.050
7.93	-9.079	-16.503	-0.087
7.94	-9.081	-15.969	-0.088
7.95	-9.082	-15.341	-0.067
7.96	-9.081	-14.616	-0.103
7.97	-9.079	-13.917	-0.124
7.98	-9.077	-13.347	-0.093
7.99	-9.074	-12.975	-0.092
8.0	-9.072	-12.848	-0.104
8.01	-9.069	-12.933	-0.155
8.02	-9.065	-13.186	0.088
8.03	-9.059	-13.538	0.664
8.04	-9.054	-13.909	0.963
8.05	-9.051	-14.302	0.449
8.06	-9.046	-14.683	0.030
8.07	-9.039	-15.073	0.037
8.08	-9.031	-15.519	-0.052
8.09	-9.020	-15.942	-0.090
8.1	-9.007	-16.241	-0.077
8.11	-8.992	-16.289	-0.087
8.12	-8.976	-16.002	-0.090
8.13	-8.957	-15.402	-0.075
8.14	-8.934	-14.561	-0.072
8.15	-8.909	-13.483	-0.050
8.16	-8.883	-11.736	-0.044
8.17	-8.855	-8.219	-0.028
8.18	-8.826	-1.542	-0.026
8.19	-8.796	9.058	-0.001
8.2	-8.765	22.922	0.039
8.21	-8.734	37.378	0.020
8.22	-8.703	47.348	0.078
8.23	-8.672	50.778	0.123
8.24	-8.641	51.127	0.133
8.25	-8.611	51.111	0.164
8.26	-8.582	50.223	0.180
8.27	-8.554	45.269	0.174
8.28	-8.527	34.837	0.166
8.29	-8.502	22.516	0.083
8.3	-8.478	11.591	-0.000
8.31	-8.456	2.828	-0.047
8.32	-8.434	-3.714	-0.097
8.33	-8.412	-8.356	-0.119
8.34	-8.392	-11.614	-0.129
8.35	-8.372	-14.019	-0.127
8.36	-8.353	-16.167	-0.125
8.37	-8.334	-18.817	-0.127
8.38	-8.318	-22.708	-0.121
8.39	-8.300	-28.175	-0.109
8.4	-8.282	-34.741	-0.120
8.41	-8.266	-41.000	-0.147
8.42	-8.250	-45.319	-0.096
8.43	-8.234	-46.677	-0.096
8.44	-8.219	-44.930	-0.101
8.45	-8.205	-40.731	-0.093
8.46	-8.193	-35.108	-0.100
8.47	-8.182	-29.063	-0.102
8.48	-8.172	-23.456	-0.098
8.49	-8.164	-18.870	-0.072
8.5	-8.156	-15.609	-0.081
8.51	-8.149	-13.700	-0.078
8.52	-8.142	-12.925	-0.083
8.53	-8.134	-13.027	-0.094
8.54	-8.128	-13.759	-0.082
8.55	-8.123	-14.895	-0.083
8.56	-8.117	-16.180	-0.064
8.57	-8.113	-17.395	-0.078
8.58	-8.107	-18.459	-0.074
8.59	-8.103	-19.259	-0.076
8.6	-8.099	-19.767	-0.072
8.61	-8.095	-20.036	-0.066
8.62	-8.091	-20.086	-0.072
8.63	-8.087	-19.992	-0.063
8.64	-8.083	-19.786	-0.063
8.65	-8.079	-19.483	-0.073
8.66	-8.076	-19.147	-0.048
8.67	-8.072	-18.805	-0.024
8.68	-8.068	-18.453	0.003
8.69	-8.064	-18.111	0.023
8.7	-8.061	-17.781	0.018
8.71	-8.058	-17.466	0.006
8.72	-8.056	-17.159	-0.007
8.73	-8.055	-16.831	-0.023
8.74	-8.054	-16.488	-0.059
8.75	-8.054	-16.080	-0.067
8.76	-8.053	-15.522	-0.059
8.77	-8.051	-14.881	-0.095
8.78	-8.048	-14.272	-0.095
8.79	-8.046	-13.734	-0.093
8.8	-8.043	-13.297	-0.096
8.81	-8.041	-13.027	-0.099
8.82	-8.040	-13.016	-0.145
8.83	-8.039	-13.208	-0.050
8.84	-8.039	-13.505	0.375
8.85	-8.038	-13.934	0.981
8.86	-8.038	-14.409	0.912
8.87	-8.039	-14.803	0.205
8.88	-8.040	-15.130	0.017
8.89	-8.041	-15.411	-0.010
8.9	-8.041	-15.645	-0.092
8.91	-8.043	-15.853	-0.095
8.92	-8.044	-15.963	-0.090
8.93	-8.045	-15.842	-0.089
8.94	-8.045	-15.425	-0.086
8.95	-8.044	-14.705	-0.061
8.96	-8.042	-13.553	-0.077
8.97	-8.039	-11.330	-0.071
8.98	-8.036	-6.845	-0.054
8.99	-8.034	1.264	-0.020
9.0	-8.031	13.719	-0.026
9.01	-8.029	29.163	0.012
9.02	-8.026	42.748	0.051
9.03	-8.024	49.623	0.030
9.04	-8.023	51.080	0.084
9.05	-8.022	51.136	0.115
9.06	-8.022	51.131	0.144
9.07	-8.021	50.739	0.165
9.08	-8.021	47.427	0.161
9.09	-8.022	38.688	0.177
9.1	-8.023	27.077	0.130
9.11	-8.024	16.508	0.037
9.12	-8.024	8.061	-0.034
9.13	-8.026	1.708	-0.075
9.14	-8.027	-2.934	-0.087
9.15	-8.028	-6.366	-0.104
9.16	-8.029	-8.927	-0.128
9.17	-8.031	-11.081	-0.128
9.18	-8.033	-13.386	-0.097
9.19	-8.035	-16.403	-0.131
9.2	-8.037	-20.725	-0.115
9.21	-8.041	-26.584	-0.104
9.22	-8.044	-33.552	-0.104
9.23	-8.047	-40.400	-0.101
9.24	-8.051	-45.469	-0.113
9.25	-8.054	-47.608	-0.094
9.26	-8.058	-46.630	-0.092
9.27	-8.062	-43.113	-0.101
9.28	-8.067	-37.944	-0.094
9.29	-8.072	-32.038	-0.107
9.3	-8.077	-26.352	-0.096
9.31	-8.083	-21.580	-0.087
9.32	-8.089	-17.981	-0.081
9.33	-8.096	-15.673	-0.077
9.34	-8.103	-14.581	-0.072
9.35	-8.109	-14.413	-0.084
9.36	-8.117	-14.922	-0.080
9.37	-8.124	-15.892	-0.086
9.38	-8.133	-17.064	-0.111
9.39	-8.143	-18.227	-0.082
9.4	-8.154	-19.227	-0.062
9.41	-8.164	-19.995	-0.096
9.42	-8.175	-20.513	-0.084
9.43	-8.187	-20.714	-0.062
9.44	-8.199	-20.606	-0.080
9.45	-8.212	-20.322	-0.099
9.46	-8.225	-19.931	-0.065
9.47	-8.238	-19.467	-0.070
9.48	-8.250	-19.031	-0.082
9.49	-8.262	-18.663	-0.040
9.5	-8.274	-18.280	-0.033
9.51	-8.287	-17.878	0.014
9.52	-8.301	-17.553	0.032
9.53	-8.314	-17.280	-0.004
9.54	-8.329	-17.009	0.012
9.55	-8.344	-16.752	-0.015
9.56	-8.358	-16.448	-0.045
9.57	-8.374	-16.081	-0.064
9.58	-8.391	-15.622	-0.067
9.59	-8.409	-15.014	-0.072
9.6	-8.427	-14.345	-0.076
9.61	-8.445	-13.728	-0.074
9.62	-8.463	-13.236	-0.100
9.63	-8.481	-12.945	-0.077
9.64	-8.501	-12.866	-0.095
9.65	-8.521	-12.981	-0.124
9.66	-8.542	-13.269	0.182
9.67	-8.562	-13.714	0.822
9.68	-8.581	-14.192	1.073
9.69	-8.601	-14.583	0.439
9.7	-8.619	-14.920	0.048
9.71	-8.636	-15.222	0.053
9.72	-8.652	-15.447	-0.054
9.73	-8.669	-15.584	-0.090
9.74	-8.686	-15.633	-0.097
9.75	-8.701	-15.497	-0.068
9.76	-8.714	-15.113	-0.080
9.77	-8.726	-14.502	-0.093
9.78	-8.736	-13.641	-0.052
9.79	-8.746	-12.275	-0.052
9.8	-8.755	-9.533	-0.043
9.81	-8.765	-3.955	-0.046
9.82	-8.775	5.763	-0.025
9.83	-8.785	19.613	-0.002
9.84	-8.794	34.972	0.014
9.85	-8.804	46.273	0.050
9.86	-8.816	50.588	0.073
9.87	-8.827	51.130	0.098
9.88	-8.839	51.130	0.146
9.89	-8.853	50.978	0.158
9.9	-8.867	48.800	0.160
9.91	-8.880	41.458	0.171
9.92	-8.891	30.105	0.147
9.93	-8.902	18.850	0.064
9.94	-8.914	9.425	-0.004
9.95	-8.925	2.097	-0.050
9.96	-8.936	-3.178	-0.095
9.97	-8.945	-6.916	-0.121
9.98	-8.954	-9.658	-0.139
9.99	-8.963	-11.778	-0.126
10.0	-8.973	-13.781	-0.121
10.01	-8.982	-16.331	-0.127
10.02	-8.991	-20.064	-0.123
10.03	-8.998	-25.414	-0.131
10.04	-9.004	-32.161	-0.118
10.05	-9.009	-39.061	-0.120
10.06	-9.015	-44.294	-0.108
10.07	-9.021	-46.486	-0.112
10.08	-9.026	-45.383	-0.118
10.09	-9.032	-41.638	-0.115
10.1	-9.037	-36.169	-0.098
10.11	-9.044	-30.006	-0.094
10.12	-9.051	-24.202	-0.112
10.13	-9.056	-19.403	-0.113
10.14	-9.063	-15.941	-0.103
10.15	-9.069	-13.941	-0.096
10.16	-9.078	-13.152	-0.105
10.17	-9.084	-13.272	-0.108
10.18	-9.090	-14.095	-0.100
10.19	-9.095	-15.266	-0.100
10.2	-9.100	-16.497	-0.092
10.21	-9.105	-17.694	-0.101
10.22	-9.109	-18.689	-0.092
10.23	-9.111	-19.363	-0.110
10.24	-9.111	-19.806	-0.100
10.25	-9.109	-20.014	-0.096
10.26	-9.107	-19.966	-0.101
10.27	-9.103	-19.764	-0.067
10.28	-9.099	-19.452	-0.081
10.29	-9.094	-19.141	-0.079
10.3	-9.087	-18.864	-0.027
10.31	-9.079	-18.494	-0.001
10.32	-9.069	-18.098	-0.001
10.33	-9.059	-17.783	-0.013
10.34	-9.047	-17.423	-0.012
10.35	-9.034	-16.997	-0.032
10.36	-9.021	-16.586	-0.058
10.37	-9.007	-16.134	-0.091
10.38	-8.991	-15.555	-0.078
10.39	-8.972	-14.903	-0.066
10.4	-8.951	-14.270	-0.075
10.41	-8.928	-13.725	-0.082
10.42	-8.904	-13.334	-0.104
10.43	-8.879	-13.083	-0.084
10.44	-8.852	-12.967	-0.093
10.45	-8.825	-13.083	-0.136
10.46	-8.797	-13.417	0.166
10.47	-8.770	-13.780	0.767
10.48	-8.744	-14.130	0.916
10.49	-8.719	-14.548	0.338
10.5	-8.694	-14.972	0.046
10.51	-8.670	-15.389	0.030
10.52	-8.645	-15.838	-0.057
10.53	-8.619	-16.214	-0.067
10.54	-8.592	-16.363	-0.093
10.55	-8.566	-16.281	-0.065
10.56	-8.537	-15.980	-0.080
10.57	-8.509	-15.447	-0.089
10.58	-8.480	-14.689	-0.049
10.59	-8.452	-13.578	-0.039
10.6	-8.424	-11.666	-0.051
10.61	-8.397	-7.828	-0.026
10.62	-8.372	-0.655	0.014
10.63	-8.347	10.406	-0.001
10.64	-8.322	24.355	0.029
10.65	-8.299	38.278	0.086
10.66	-8.279	47.588	0.100
10.67	-8.261	50.786	0.122
10.68	-8.243	51.125	0.181
10.69	-8.226	51.017	0.183
10.7	-8.209	49.069	0.200
10.71	-8.194	42.086	0.222
10.72	-8.181	30.763	0.178
10.73	-8.170	19.080	0.110
10.74	-8.161	9.081	0.039
10.75	-8.151	1.178	-0.037
10.76	-8.141	-4.731	-0.073
10.77	-8.132	-9.002	-0.064
10.78	-8.123	-11.947	-0.093
10.79	-8.116	-14.092	-0.103
10.8	-8.111	-16.209	-0.104
10.81	-8.106	-19.028	-0.097
10.82	-8.100	-23.138	-0.062
10.83	-8.094	-28.728	-0.099
10.84	-8.088	-35.098	-0.094
10.85	-8.081	-40.731	-0.091
10.86	-8.076	-44.109	-0.093
10.87	-8.070	-44.502	-0.093
10.88	-8.065	-42.081	-0.085
10.89	-8.061	-37.689	-0.073
10.9	-8.057	-32.308	-0.083
10.91	-8.053	-26.697	-0.081
10.92	-8.049	-21.645	-0.079
10.93	-8.046	-17.720	-0.092
10.94	-8.043	-14.983	-0.085
10.95	-8.039	-13.420	-0.083
10.96	-8.036	-12.909	-0.075
10.97	-8.034	-13.153	-0.096
10.98	-8.032	-13.938	-0.102
10.99	-8.030	-15.039	-0.084
11.0	-8.029	-16.197	-0.088
11.01	-8.027	-17.264	-0.087
11.02	-8.026	-18.213	-0.105
11.03	-8.026	-18.970	-0.088
11.04	-8.025	-19.488	-0.085
11.05	-8.024	-19.836	-0.099
11.06	-8.023	-19.928	-0.062
11.07	-8.021	-19.719	-0.081
11.08	-8.021	-19.447	-0.084
11.09	-8.019	-19.130	-0.059
11.1	-8.019	-18.688	-0.042
11.11	-8.018	-18.313	-0.050
11.12	-8.018	-17.964	0.007
11.13	-8.018	-17.559	0.033
11.14	-8.018	-17.306	-0.006
11.15	-8.019	-17.172	0.001
11.16	-8.021	-16.950	-0.034
11.17	-8.022	-16.639	-0.077
11.18	-8.023	-16.242	-0.074
11.19	-8.024	-15.670	-0.105
11.2	-8.024	-14.969	-0.097
11.21	-8.024	-14.272	-0.100
11.22	-8.024	-13.638	-0.119
11.23	-8.024	-13.153	-0.104
11.24	-8.025	-12.881	-0.088
11.25	-8.026	-12.795	-0.143
11.26	-8.027	-12.906	-0.095
11.27	-8.029	-13.217	0.316
11.28	-8.030	-13.553	0.987
11.29	-8.031	-13.809	0.955
11.3	-8.033	-14.050	0.234
11.31	-8.036	-14.316	0.009
11.32	-8.039	-14.680	-0.002
11.33	-8.041	-15.141	-0.106
11.34	-8.043	-15.517	-0.104
11.35	-8.045	-15.725	-0.114
11.36	-8.047	-15.678	-0.119
11.37	-8.051	-15.264	-0.093
11.38	-8.053	-14.525	-0.106
11.39	-8.053	-13.320	-0.092
11.4	-8.053	-11.036	-0.055
11.41	-8.052	-6.433	-0.064
11.42	-8.051	1.977	-0.051
11.43	-8.051	14.756	-0.029
11.44	-8.050	30.367	-0.006
11.45	-8.049	43.675	-0.004
11.46	-8.049	49.950	0.034
11.47	-8.048	51.100	0.069
11.48	-8.047	51.134	0.081
11.49	-8.047	51.128	0.135
11.5	-8.049	50.530	0.149
11.51	-8.050	46.538	0.142
11.52	-8.052	37.386	0.153
11.53	-8.054	26.134	0.094
11.54	-8.057	16.147	0.037
11.55	-8.059	8.147	-0.028
11.56	-8.062	2.038	-0.096
11.57	-8.064	-2.464	-0.134
11.58	-8.067	-5.802	-0.134
11.59	-8.069	-8.411	-0.140
11.6	-8.072	-10.658	-0.134
11.61	-8.074	-12.980	-0.138
11.62	-8.078	-15.902	-0.126
11.63	-8.082	-19.973	-0.119
11.64	-8.087	-25.588	-0.144
11.65	-8.092	-32.698	-0.122
11.66	-8.098	-40.348	-0.118
11.67	-8.103	-46.630	-0.133
11.68	-8.109	-49.834	-0.101
11.69	-8.115	-49.436	-0.126
11.7	-8.122	-45.836	-0.099
11.71	-8.129	-40.059	-0.082
11.72	-8.137	-33.316	-0.122
11.73	-8.146	-26.648	-0.107
11.74	-8.155	-20.980	-0.099
11.75	-8.165	-16.817	-0.091
11.76	-8.175	-14.198	-0.088
11.77	-8.184	-12.980	-0.118
11.78	-8.194	-12.913	-0.091
11.79	-8.204	-13.616	-0.098
11.8	-8.215	-14.752	-0.090
11.81	-8.227	-16.111	-0.106
11.82	-8.239	-17.438	-0.105
11.83	-8.251	-18.555	-0.068
11.84	-8.264	-19.417	-0.085
11.85	-8.276	-19.955	-0.085
11.86	-8.286	-20.181	-0.092
11.87	-8.297	-20.188	-0.083
11.88	-8.308	-20.044	-0.075
11.89	-8.319	-19.752	-0.065
11.9	-8.330	-19.327	-0.080
11.91	-8.342	-18.897	-0.067
11.92	-8.354	-18.519	-0.019
11.93	-8.366	-18.153	-0.022
11.94	-8.379	-17.781	0.012
11.95	-8.393	-17.422	0.011
11.96	-8.409	-17.058	0.005
11.97	-8.428	-16.680	-0.011
11.98	-8.446	-16.342	-0.042
11.99	-8.466	-15.995	-0.076
12.0	-8.484	-15.502	-0.075
12.01	-8.501	-14.878	-0.097
12.02	-8.517	-14.200	-0.107
12.03	-8.533	-13.511	-0.090
12.04	-8.547	-12.933	-0.078
12.05	-8.563	-12.531	-0.095
12.06	-8.578	-12.327	-0.102
12.07	-8.593	-12.367	-0.155
12.08	-8.607	-12.648	-0.009
12.09	-8.621	-13.161	0.567
12.1	-8.634	-13.772	1.060
12.11	-8.650	-14.275	0.662
12.12	-8.666	-14.645	0.079
12.13	-8.683	-14.928	0.050
12.14	-8.698	-15.127	-0.034
12.15	-8.713	-15.255	-0.087
12.16	-8.729	-15.292	-0.088
12.17	-8.743	-15.225	-0.114
12.18	-8.754	-15.027	-0.063
12.19	-8.762	-14.552	-0.082
12.2	-8.768	-13.836	-0.073
12.21	-8.774	-12.794	-0.052
12.22	-8.779	-10.613	-0.048
12.23	-8.786	-5.964	-0.036
12.24	-8.791	2.488	-0.011
12.25	-8.797	15.169	0.014
12.26	-8.803	30.448	0.030
12.27	-8.809	43.505	0.038
12.28	-8.818	49.845	0.071
12.29	-8.827	51.092	0.095
12.3	-8.837	51.133	0.132
12.31	-8.847	51.055	0.152
12.32	-8.857	49.423	0.159
12.33	-8.869	43.027	0.189
12.34	-8.878	32.089	0.157
12.35	-8.888	20.684	0.094
12.36	-8.898	11.113	0.052
12.37	-8.907	3.569	-0.056
12.38	-8.917	-2.078	-0.088
12.39	-8.926	-6.111	-0.105
12.4	-8.936	-8.964	-0.122
12.41	-8.946	-11.164	-0.133
12.42	-8.959	-13.188	-0.125
12.43	-8.973	-15.500	-0.119
12.44	-8.988	-18.734	-0.142
12.45	-9.002	-23.448	-0.111
12.46	-9.014	-29.748	-0.119
12.47	-9.026	-36.677	-0.098
12.48	-9.036	-42.325	-0.093
12.49	-9.044	-45.255	-0.127
12.5	-9.053	-44.994	-0.100
12.51	-9.059	-41.884	-0.107
12.52	-9.064	-36.909	-0.086
12.53	-9.069	-31.095	-0.087
12.54	-9.074	-25.345	-0.112
12.55	-9.078	-20.438	-0.103
12.56	-9.081	-16.803	-0.083
12.57	-9.084	-14.519	-0.089
12.58	-9.088	-13.458	-0.105
12.59	-9.089	-13.338	-0.089
12.6	-9.088	-13.861	-0.087
12.61	-9.088	-14.780	-0.102
12.62	-9.086	-15.906	-0.071
12.63	-9.083	-17.044	-0.085
12.64	-9.080	-17.994	-0.083
12.65	-9.077	-18.697	-0.067
12.66	-9.073	-19.194	-0.077
12.67	-9.069	-19.491	-0.072
12.68	-9.064	-19.633	-0.067
12.69	-9.058	-19.691	-0.061
12.7	-9.051	-19.620	-0.030
12.71	-9.044	-19.316	-0.019
12.72	-9.037	-18.864	-0.018
12.73	-9.028	-18.516	0.020
12.74	-9.019	-18.309	0.001
12.75	-9.008	-18.083	0.014
12.76	-8.996	-17.784	0.021
12.77	-8.983	-17.408	-0.067
12.78	-8.969	-16.900	-0.059
12.79	-8.954	-16.281	-0.071
12.8	-8.937	-15.598	-0.080
12.81	-8.916	-14.925	-0.091
12.82	-8.891	-14.308	-0.096
12.83	-8.864	-13.814	-0.071
12.84	-8.836	-13.483	-0.078
12.85	-8.808	-13.308	-0.095
12.86	-8.780	-13.302	-0.148
12.87	-8.752	-13.430	-0.030
12.88	-8.724	-13.667	0.499
12.89	-8.699	-14.030	0.980
12.9	-8.675	-14.467	0.621
12.91	-8.652	-14.852	0.079
12.92	-8.629	-15.184	0.045
12.93	-8.605	-15.584	-0.046
12.94	-8.581	-15.997	-0.063
12.95	-8.558	-16.309	-0.089
12.96	-8.533	-16.444	-0.106
12.97	-8.508	-16.292	-0.080
12.98	-8.482	-15.852	-0.093
12.99	-8.456	-15.186	-0.071
13.0	-8.429	-14.238	-0.072
13.01	-8.402	-12.655	-0.057
13.02	-8.376	-9.573	-0.034
13.03	-8.349	-3.663	-0.017
13.04	-8.324	6.113	-0.016
13.05	-8.301	19.395	-0.004
13.06	-8.281	33.894	0.046
13.07	-8.264	45.228	0.048
13.08	-8.248	50.255	0.075
13.09	-8.234	51.111	0.122
13.1	-8.220	51.092	0.153
13.11	-8.208	49.984	0.177
13.12	-8.197	44.673	0.162
13.13	-8.187	34.238	0.159
13.14	-8.178	22.302	0.102
13.15	-8.169	11.783	0.008
13.16	-8.162	3.236	-0.025
13.17	-8.154	-3.320	-0.088
13.18	-8.147	-8.028	-0.106
13.19	-8.139	-11.264	-0.124
13.2	-8.133	-13.572	-0.137
13.21	-8.126	-15.580	-0.117
13.22	-8.123	-18.016	-0.131
13.23	-8.119	-21.563	-0.112
13.24	-8.115	-26.594	-0.105
13.25	-8.111	-32.759	-0.108
13.26	-8.106	-38.773	-0.120
13.27	-8.101	-43.014	-0.113
13.28	-8.097	-44.439	-0.081
13.29	-8.093	-42.933	-0.115
13.3	-8.089	-39.089	-0.090
13.31	-8.087	-33.827	-0.080
13.32	-8.083	-28.177	-0.089
13.33	-8.081	-23.002	-0.085
13.34	-8.079	-18.783	-0.095
13.35	-8.076	-15.722	-0.076
13.36	-8.074	-13.828	-0.076
13.37	-8.071	-13.000	-0.092
13.38	-8.068	-13.006	-0.074
13.39	-8.065	-13.548	-0.066
13.4	-8.063	-14.458	-0.075
13.41	-8.061	-15.578	-0.082
13.42	-8.059	-16.723	-0.088
13.43	-8.058	-17.778	-0.071
13.44	-8.057	-18.620	-0.064
13.45	-8.056	-19.200	-0.107
13.46	-8.055	-19.539	-0.066
13.47	-8.054	-19.609	-0.061
13.48	-8.052	-19.523	-0.076
13.49	-8.051	-19.361	-0.056
13.5	-8.049	-19.063	-0.070
13.51	-8.048	-18.736	-0.067
13.52	-8.047	-18.411	-0.031
13.53	-8.046	-18.020	-0.031
13.54	-8.046	-17.644	0.015
13.55	-8.045	-17.370	0.039
13.56	-8.045	-17.161	0.029
13.57	-8.046	-16.967	0.025
13.58	-8.046	-16.784	-0.012
13.59	-8.047	-16.530	-0.043
13.6	-8.048	-16.123	-0.067
13.61	-8.049	-15.639	-0.084
13.62	-8.049	-15.092	-0.078
13.63	-8.049	-14.408	-0.064
13.64	-8.050	-13.692	-0.082
13.65	-8.050	-13.136	-0.100
13.66	-8.051	-12.814	-0.065
13.67	-8.051	-12.717	-0.094
13.68	-8.052	-12.827	-0.132
13.69	-8.053	-13.116	0.091
13.7	-8.054	-13.528	0.708
13.71	-8.055	-13.986	1.115
13.72	-8.057	-14.434	0.578
13.73	-8.059	-14.805	0.068
13.74	-8.062	-15.083	0.037
13.75	-8.064	-15.341	-0.049
13.76	-8.066	-15.564	-0.076
13.77	-8.069	-15.730	-0.087
13.78	-8.071	-15.766	-0.080
13.79	-8.074	-15.517	-0.109
13.8	-8.076	-14.920	-0.073
13.81	-8.077	-13.930	-0.061
13.82	-8.078	-12.108	-0.062
13.83	-8.079	-8.381	-0.034
13.84	-8.080	-1.345	-0.033
13.85	-8.081	10.039	-0.014
13.86	-8.081	25.241	0.007
13.87	-8.082	40.125	0.027
13.88	-8.082	48.783	0.051
13.89	-8.083	51.016	0.057
13.9	-8.084	51.133	0.093
13.91	-8.086	51.130	0.141
13.92	-8.089	50.897	0.166
13.93	-8.093	48.366	0.166
13.94	-8.096	40.772	0.177
13.95	-8.100	29.752	0.142
13.96	-8.105	19.209	0.089
13.97	-8.111	10.631	0.034
13.98	-8.116	4.069	-0.053
13.99	-8.121	-0.791	-0.087
14.0	-8.126	-4.392	-0.096
14.01	-8.131	-7.120	-0.112
14.02	-8.136	-9.367	-0.121
14.03	-8.141	-11.581	-0.134
14.04	-8.148	-14.195	-0.110
14.05	-8.154	-17.755	-0.119
14.06	-8.162	-22.670	-0.117
14.07	-8.169	-28.908	-0.105
14.08	-8.178	-35.833	-0.111
14.09	-8.184	-42.044	-0.111
14.1	-8.192	-45.914	-0.092
14.11	-8.200	-46.650	-0.115
14.12	-8.209	-44.483	-0.095
14.13	-8.217	-40.077	-0.079
14.14	-8.228	-34.369	-0.102
14.15	-8.237	-28.453	-0.100
14.16	-8.246	-23.148	-0.091
14.17	-8.256	-18.970	-0.090
14.18	-8.266	-16.150	-0.088
14.19	-8.276	-14.611	-0.096
14.2	-8.286	-14.184	-0.098
14.21	-8.297	-14.627	-0.090
14.22	-8.309	-15.544	-0.084
14.23	-8.320	-16.614	-0.094
14.24	-8.332	-17.683	-0.079
14.25	-8.344	-18.634	-0.073
14.26	-8.359	-19.400	-0.081
14.27	-8.376	-19.941	-0.072
14.28	-8.394	-20.227	-0.078
14.29	-8.413	-20.261	-0.102
14.3	-8.433	-20.097	-0.068
14.31	-8.452	-19.797	-0.070
14.32	-8.471	-19.397	-0.073
14.33	-8.491	-18.978	-0.049
14.34	-8.511	-18.584	-0.045
14.35	-8.533	-18.213	-0.036
14.36	-8.554	-17.873	0.000
14.37	-8.574	-17.539	0.003
14.38	-8.593	-17.248	0.018
14.39	-8.613	-17.008	0.018
14.4	-8.632	-16.716	-0.011
14.41	-8.651	-16.359	-0.051
14.42	-8.672	-15.963	-0.078
14.43	-8.692	-15.478	-0.057
14.44	-8.710	-14.909	-0.065
14.45	-8.726	-14.327	-0.097
14.46	-8.740	-13.752	-0.102
14.47	-8.754	-13.241	-0.102
14.48	-8.768	-12.933	-0.084
14.49	-8.783	-12.825	-0.105
14.5	-8.799	-12.905	-0.149
14.51	-8.814	-13.220	0.057
14.52	-8.829	-13.675	0.646
14.53	-8.845	-14.142	1.043
14.54	-8.863	-14.513	0.545
14.55	-8.881	-14.758	0.011
14.56	-8.898	-14.973	0.045
14.57	-8.913	-15.191	-0.037
14.58	-8.928	-15.409	-0.091
14.59	-8.941	-15.611	-0.094
14.6	-8.951	-15.645	-0.111
14.61	-8.959	-15.403	-0.077
14.62	-8.963	-14.878	-0.071
14.63	-8.966	-14.086	-0.097
14.64	-8.966	-12.858	-0.063
14.65	-8.966	-10.428	-0.042
14.66	-8.967	-5.414	-0.037
14.67	-8.969	3.467	-0.025
14.68	-8.969	16.402	0.001
14.69	-8.971	31.547	0.020
14.7	-8.974	44.091	0.026
14.71	-8.978	49.983	0.055
14.72	-8.982	51.098	0.111
14.73	-8.986	51.128	0.128
14.74	-8.991	50.880	0.138
14.75	-8.994	48.239	0.184
14.76	-8.998	40.334	0.193
14.77	-8.999	28.828	0.166
14.78	-9.001	17.784	0.096
14.79	-9.003	8.709	0.025
14.8	-9.004	1.702	-0.033
14.81	-9.005	-3.397	-0.082
14.82	-9.004	-6.967	-0.098
14.83	-9.002	-9.455	-0.112
14.84	-9.000	-11.348	-0.101
14.85	-8.997	-13.186	-0.104
14.86	-8.992	-15.577	-0.126
14.87	-8.985	-19.173	-0.111
14.88	-8.977	-24.355	-0.104
14.89	-8.967	-30.814	-0.116
14.9	-8.958	-37.330	-0.107
14.91	-8.947	-42.192	-0.122
14.92	-8.936	-44.183	-0.088
14.93	-8.924	-43.138	-0.092
14.94	-8.912	-39.659	-0.095
14.95	-8.900	-34.670	-0.073
14.96	-8.889	-29.119	-0.075
14.97	-8.879	-23.802	-0.087
14.98	-8.870	-19.416	-0.089
14.99	-8.861	-16.309	-0.083
15.0	-8.853	-14.423	-0.092
15.01	-8.845	-13.669	-0.091
15.02	-8.838	-13.833	-0.076
15.03	-8.830	-14.595	-0.103
15.04	-8.822	-15.675	-0.077
15.05	-8.814	-16.819	-0.077
15.06	-8.805	-17.856	-0.091
15.07	-8.797	-18.667	-0.068
15.08	-8.788	-19.233	-0.067
15.09	-8.779	-19.639	-0.084
15.1	-8.769	-19.859	-0.083
15.11	-8.757	-19.869	-0.065
15.12	-8.744	-19.752	-0.068
15.13	-8.729	-19.503	-0.067
15.14	-8.713	-19.127	-0.057
15.15	-8.694	-18.709	-0.045
15.16	-8.674	-18.256	-0.013
15.17	-8.652	-17.773	0.014
15.18	-8.628	-17.322	0.024
15.19	-8.604	-16.908	0.001
15.2	-8.579	-16.592	0.010
15.21	-8.554	-16.322	-0.017
15.22	-8.527	-15.959	-0.058
15.23	-8.499	-15.541	-0.071
15.24	-8.469	-15.075	-0.072
15.25	-8.441	-14.533	-0.081
15.26	-8.413	-13.953	-0.108
15.27	-8.386	-13.441	-0.072
15.28	-8.361	-13.139	-0.070
15.29	-8.336	-13.097	-0.092
15.3	-8.314	-13.286	-0.109
15.31	-8.294	-13.619	-0.107
15.32	-8.277	-14.038	0.290
15.33	-8.262	-14.538	0.888
15.34	-8.248	-14.966	0.861
15.35	-8.235	-15.263	0.240
15.36	-8.223	-15.566	0.057
15.37	-8.209	-15.883	0.018
15.38	-8.196	-16.175	-0.090
15.39	-8.186	-16.438	-0.065
15.4	-8.176	-16.594	-0.089
15.41	-8.166	-16.578	-0.086
15.42	-8.158	-16.303	-0.078
15.43	-8.148	-15.694	-0.067
15.44	-8.140	-14.741	-0.044
15.45	-8.132	-13.100	-0.063
15.46	-8.124	-9.858	-0.053
15.47	-8.115	-3.748	-0.015
15.48	-8.107	6.275	-0.006
15.49	-8.100	20.023	-0.003
15.5	-8.094	34.991	0.023
15.51	-8.089	46.100	0.054
15.52	-8.085	50.519	0.090
15.53	-8.082	51.127	0.112
15.54	-8.078	51.120	0.144
15.55	-8.074	50.423	0.172
15.56	-8.072	46.102	0.162
15.57	-8.069	36.495	0.160
15.58	-8.068	24.906	0.144
15.59	-8.065	14.614	0.063
15.6	-8.063	6.286	-0.010
15.61	-8.061	-0.089	-0.074
15.62	-8.058	-4.830	-0.099
15.63	-8.055	-8.286	-0.117
15.64	-8.052	-10.772	-0.129
15.65	-8.049	-12.786	-0.113
15.66	-8.049	-14.920	-0.112
15.67	-8.048	-17.758	-0.127
15.68	-8.047	-21.798	-0.123
15.69	-8.047	-27.298	-0.097
15.7	-8.046	-33.709	-0.084
15.71	-8.043	-39.508	-0.101
15.72	-8.042	-43.178	-0.079
15.73	-8.041	-43.927	-0.067
15.74	-8.039	-41.883	-0.059
15.75	-8.038	-37.864	-0.051
15.76	-8.038	-32.725	-0.047
15.77	-8.039	-27.316	-0.048
15.78	-8.039	-22.413	-0.042
15.79	-8.040	-18.444	-0.047
15.8	-8.040	-15.630	-0.032
15.81	-8.041	-14.045	-0.041
15.82	-8.041	-13.467	-0.047
15.83	-8.041	-13.623	-0.041
15.84	-8.041	-14.339	-0.041
15.85	-8.041	-15.389	-0.062
15.86	-8.042	-16.552	-0.047
15.87	-8.043	-17.628	-0.059
15.88	-8.044	-18.508	-0.060
15.89	-8.045	-19.228	-0.031
15.9	-8.046	-19.777	-0.049
15.91	-8.046	-20.009	-0.058
15.92	-8.047	-19.928	-0.064
15.93	-8.047	-19.639	-0.057
15.94	-8.046	-19.211	-0.070
15.95	-8.046	-18.747	-0.068
15.96	-8.047	-18.328	-0.047
15.97	-8.047	-17.988	-0.057
15.98	-8.048	-17.698	-0.035
15.99	-8.048	-17.447	-0.018
16.0	-8.049	-17.208	0.001
16.01	-8.049	-16.961	-0.001
16.02	-8.051	-16.744	0.034
16.03	-8.051	-16.536	0.014
16.04	-8.053	-16.313	-0.009
16.05	-8.054	-16.083	-0.039
16.06	-8.056	-15.763	-0.075
16.07	-8.058	-15.325	-0.070
16.08	-8.058	-14.822	-0.083
16.09	-8.059	-14.231	-0.111
16.1	-8.060	-13.619	-0.109
16.11	-8.061	-13.153	-0.089
16.12	-8.062	-12.892	-0.115
16.13	-8.064	-12.797	-0.132
16.14	-8.065	-12.891	-0.134
16.15	-8.068	-13.188	-0.010
16.16	-8.070	-13.552	0.525
16.17	-8.073	-13.933	1.087
16.18	-8.076	-14.320	0.726
16.19	-8.081	-14.645	0.077
16.2	-8.084	-14.958	0.013
16.21	-8.089	-15.266	-0.032
16.22	-8.093	-15.497	-0.104
16.23	-8.099	-15.680	-0.115
16.24	-8.105	-15.789	-0.108
16.25	-8.111	-15.633	-0.115
16.26	-8.117	-15.081	-0.116
16.27	-8.121	-14.103	-0.111
16.28	-8.124	-12.384	-0.082
16.29	-8.128	-9.009	-0.078
16.3	-8.133	-2.578	-0.056
16.31	-8.137	8.123	-0.025
16.32	-8.143	22.861	-0.036
16.33	-8.148	38.123	-0.005
16.34	-8.154	47.909	0.038
16.35	-8.162	50.884	0.041
16.36	-8.170	51.130	0.087
16.37	-8.179	51.133	0.110
16.38	-8.189	51.005	0.118
16.39	-8.199	49.055	0.178
16.4	-8.209	42.331	0.194
16.41	-8.220	31.745	0.139
16.42	-8.231	21.245	0.106
16.43	-8.241	12.666	0.031
16.44	-8.251	6.047	-0.029
16.45	-8.260	1.027	-0.081
16.46	-8.268	-2.711	-0.136
16.47	-8.276	-5.503	-0.136
16.48	-8.284	-7.827	-0.112
16.49	-8.293	-10.006	-0.120
16.5	-8.301	-12.373	-0.122
16.51	-8.311	-15.475	-0.125
16.52	-8.322	-19.823	-0.118
16.53	-8.334	-25.623	-0.121
16.54	-8.346	-32.423	-0.111
16.55	-8.358	-38.881	-0.123
16.56	-8.371	-43.400	-0.113
16.57	-8.384	-45.045	-0.106
16.58	-8.398	-43.759	-0.102
16.59	-8.412	-40.113	-0.079
16.6	-8.428	-35.013	-0.108
16.61	-8.443	-29.481	-0.108
16.62	-8.459	-24.397	-0.082
16.63	-8.475	-20.286	-0.098
16.64	-8.492	-17.377	-0.105
16.65	-8.508	-15.728	-0.101
16.66	-8.524	-15.134	-0.095
16.67	-8.540	-15.270	-0.101
16.68	-8.557	-15.847	-0.080
16.69	-8.573	-16.659	-0.112
16.7	-8.588	-17.575	-0.098
16.71	-8.602	-18.398	-0.080
16.72	-8.616	-19.053	-0.098
16.73	-8.629	-19.556	-0.103
16.74	-8.643	-19.817	-0.079
16.75	-8.657	-19.858	-0.081
16.76	-8.672	-19.794	-0.097
16.77	-8.688	-19.636	-0.087
16.78	-8.702	-19.328	-0.072
16.79	-8.715	-18.903	-0.088
16.8	-8.728	-18.478	-0.064
16.81	-8.742	-18.100	-0.036
16.82	-8.756	-17.733	-0.029
16.83	-8.771	-17.423	0.004
16.84	-8.785	-17.178	0.007
16.85	-8.800	-16.917	0.005
16.86	-8.814	-16.664	0.011
16.87	-8.829	-16.386	-0.028
16.88	-8.842	-16.009	-0.067
16.89	-8.855	-15.605	-0.075
16.9	-8.867	-15.138	-0.067
16.91	-8.878	-14.548	-0.092
16.92	-8.888	-13.986	-0.097
16.93	-8.898	-13.531	-0.078
16.94	-8.906	-13.186	-0.092
16.95	-8.915	-13.027	-0.081
16.96	-8.924	-13.073	-0.120
16.97	-8.934	-13.258	-0.098
16.98	-8.945	-13.580	0.306
16.99	-8.956	-13.994	0.901
17.0	-8.968	-14.330	0.873
17.01	-8.981	-14.623	0.206
17.02	-8.991	-14.933	0.039
17.03	-9.001	-15.188	0.006
17.04	-9.009	-15.477	-0.097
17.05	-9.016	-15.758	-0.078
17.06	-9.021	-15.845	-0.105
17.07	-9.024	-15.678	-0.100
17.08	-9.024	-15.230	-0.090
17.09	-9.024	-14.502	-0.078
17.1	-9.024	-13.517	-0.075
17.11	-9.023	-11.997	-0.072
17.12	-9.024	-8.981	-0.037
17.13	-9.025	-3.059	-0.034
17.14	-9.027	6.814	-0.019
17.15	-9.029	20.270	0.003
17.16	-9.033	34.817	0.011
17.17	-9.036	45.820	0.048
17.18	-9.039	50.420	0.080
17.19	-9.041	51.120	0.093
17.2	-9.046	51.105	0.139
17.21	-9.051	50.209	0.172
17.22	-9.056	45.430	0.162
17.23	-9.061	35.539	0.169
17.24	-9.068	24.034	0.154
17.25	-9.074	13.981	0.051
17.26	-9.079	5.920	-0.022
17.27	-9.085	-0.183	-0.073
17.28	-9.091	-4.478	-0.088
17.29	-9.096	-7.417	-0.135
17.3	-9.100	-9.573	-0.131
17.31	-9.103	-11.431	-0.120
17.32	-9.106	-13.558	-0.131
17.33	-9.106	-16.591	-0.127
17.34	-9.104	-21.070	-0.123
17.35	-9.100	-27.080	-0.132
17.36	-9.094	-33.831	-0.116
17.37	-9.087	-39.761	-0.088
17.38	-9.076	-43.261	-0.107
17.39	-9.062	-43.547	-0.123
17.4	-9.046	-40.948	-0.108
17.41	-9.029	-36.358	-0.101
17.42	-9.012	-30.783	-0.093
17.43	-8.993	-25.252	-0.106
17.44	-8.972	-20.525	-0.084
17.45	-8.949	-16.956	-0.079
17.46	-8.926	-14.630	-0.089
17.47	-8.900	-13.491	-0.088
17.48	-8.874	-13.342	-0.087
17.49	-8.846	-13.905	-0.079
17.5	-8.817	-14.884	-0.098
17.51	-8.788	-16.044	-0.084
17.52	-8.759	-17.192	-0.069
17.53	-8.731	-18.202	-0.096
17.54	-8.704	-18.989	-0.079
17.55	-8.676	-19.509	-0.087
17.56	-8.649	-19.798	-0.072
17.57	-8.622	-19.878	-0.079
17.58	-8.596	-19.769	-0.076
17.59	-8.571	-19.555	-0.082
17.6	-8.546	-19.330	-0.089
17.61	-8.523	-19.080	-0.047
17.62	-8.501	-18.773	-0.057
17.63	-8.479	-18.477	-0.052
17.64	-8.456	-18.150	-0.025
17.65	-8.434	-17.770	0.001
17.66	-8.413	-17.409	0.028
17.67	-8.393	-17.097	0.004
17.68	-8.374	-16.823	0.009
17.69	-8.356	-16.577	-0.026
17.7	-8.338	-16.305	-0.048
17.71	-8.318	-15.931	-0.041
17.72	-8.299	-15.470	-0.071
17.73	-8.282	-14.975	-0.095
17.74	-8.264	-14.448	-0.059
17.75	-8.247	-13.973	-0.062
17.76	-8.231	-13.644	-0.080
17.77	-8.216	-13.494	-0.063
17.78	-8.202	-13.517	-0.072
17.79	-8.189	-13.672	-0.105
17.8	-8.179	-13.941	0.125
17.81	-8.171	-14.289	0.716
17.82	-8.164	-14.669	1.097
17.83	-8.157	-15.100	0.548
17.84	-8.151	-15.520	0.082
17.85	-8.145	-15.786	0.097
17.86	-8.139	-15.981	0.007
17.87	-8.133	-16.189	-0.013
17.88	-8.127	-16.313	-0.017
17.89	-8.123	-16.288	-0.037
17.9	-8.118	-16.041	-0.033
17.91	-8.114	-15.506	-0.009
17.92	-8.109	-14.669	0.007
17.93	-8.103	-13.259	-0.004
17.94	-8.097	-10.541	0.008
17.95	-8.091	-5.264	0.031
17.96	-8.085	3.823	0.049
17.97	-8.080	16.897	0.031
17.98	-8.076	31.973	0.054
17.99	-8.072	44.270	0.093
18.0	-8.068	50.005	0.112
18.01	-8.065	51.098	0.140
18.02	-8.061	51.130	0.172
18.03	-8.058	50.850	0.177
18.04	-8.054	48.105	0.184
18.05	-8.050	40.227	0.207
18.06	-8.046	29.117	0.187
18.07	-8.043	18.625	0.094
18.08	-8.039	10.022	0.035
18.09	-8.037	3.325	-0.026
18.1	-8.034	-1.617	-0.084
18.11	-8.031	-5.163	-0.114
18.12	-8.028	-7.838	-0.110
18.13	-8.025	-10.020	-0.122
18.14	-8.023	-12.042	-0.113
18.15	-8.020	-14.484	-0.112
18.16	-8.019	-17.927	-0.133
18.17	-8.018	-22.770	-0.104
18.18	-8.016	-29.019	-0.109
18.19	-8.014	-35.789	-0.133
18.2	-8.011	-41.430	-0.100
18.21	-8.009	-44.491	-0.119
18.22	-8.008	-44.383	-0.109
18.23	-8.007	-41.506	-0.105
18.24	-8.006	-36.806	-0.114
18.25	-8.006	-31.208	-0.099
18.26	-8.006	-25.598	-0.092
18.27	-8.006	-20.806	-0.107
18.28	-8.006	-17.273	-0.102
18.29	-8.006	-15.023	-0.095
18.3	-8.006	-13.923	-0.103
18.31	-8.007	-13.741	-0.105
18.32	-8.007	-14.152	-0.093
18.33	-8.007	-14.964	-0.109
18.34	-8.007	-16.030	-0.107
18.35	-8.007	-17.133	-0.096
18.36	-8.008	-18.108	-0.105
18.37	-8.009	-18.952	-0.114
18.38	-8.010	-19.627	-0.086
18.39	-8.011	-20.005	-0.082
18.4	-8.012	-20.133	-0.094
18.41	-8.014	-20.031	-0.099
18.42	-8.015	-19.656	-0.087
18.43	-8.016	-19.200	-0.086
18.44	-8.018	-18.767	-0.095
18.45	-8.019	-18.314	-0.094
18.46	-8.021	-17.906	-0.084
18.47	-8.023	-17.584	-0.077
18.48	-8.024	-17.328	-0.058
18.49	-8.026	-17.128	-0.039
18.5	-8.028	-16.942	-0.018
18.51	-8.029	-16.723	-0.006
18.52	-8.032	-16.469	0.009
18.53	-8.035	-16.220	-0.012
18.54	-8.038	-15.972	-0.011
18.55	-8.042	-15.702	-0.030
18.56	-8.046	-15.381	-0.072
18.57	-8.049	-14.998	-0.070
18.58	-8.051	-14.544	-0.094
18.59	-8.054	-14.020	-0.099
18.6	-8.056	-13.538	-0.096
18.61	-8.060	-13.166	-0.109
18.62	-8.064	-12.872	-0.100
18.63	-8.069	-12.745	-0.106
18.64	-8.076	-12.836	-0.128
18.65	-8.082	-13.077	-0.088
18.66	-8.089	-13.438	0.359
18.67	-8.097	-13.834	1.030
18.68	-8.104	-14.180	0.962
18.69	-8.111	-14.473	0.231
18.7	-8.117	-14.678	0.013
18.71	-8.123	-14.853	-0.016
18.72	-8.131	-15.098	-0.093
18.73	-8.141	-15.281	-0.103
18.74	-8.153	-15.252	-0.094
18.75	-8.164	-15.011	-0.055
18.76	-8.174	-14.486	-0.095
18.77	-8.183	-13.595	-0.120
18.78	-8.190	-12.197	-0.124
18.79	-8.197	-9.567	-0.108
18.8	-8.205	-4.375	-0.082
18.81	-8.213	4.673	-0.081
18.82	-8.223	18.020	-0.059
18.83	-8.234	33.566	-0.036
18.84	-8.247	45.572	-0.007
18.85	-8.261	50.442	0.025
18.86	-8.276	51.128	0.063
18.87	-8.292	51.133	0.103
18.88	-8.308	51.064	0.140
18.89	-8.326	49.597	0.144
18.9	-8.344	43.728	0.166
18.91	-8.363	33.634	0.158
18.92	-8.381	23.209	0.127
18.93	-8.396	14.569	0.048
18.94	-8.412	7.775	-0.027
18.95	-8.429	2.581	-0.063
18.96	-8.444	-1.314	-0.087
18.97	-8.459	-4.250	-0.121
18.98	-8.473	-6.536	-0.143
18.99	-8.488	-8.505	-0.130
19.0	-8.502	-10.623	-0.136
19.01	-8.517	-13.398	-0.138
19.02	-8.533	-17.355	-0.122
19.03	-8.551	-22.759	-0.123
19.04	-8.567	-29.345	-0.099
19.05	-8.582	-36.159	-0.120
19.06	-8.597	-41.577	-0.104
19.07	-8.611	-44.209	-0.095
19.08	-8.624	-43.816	-0.117
19.09	-8.638	-40.917	-0.091
19.1	-8.652	-36.238	-0.091
19.11	-8.668	-30.742	-0.118
19.12	-8.683	-25.453	-0.080
19.13	-8.699	-21.002	-0.091
19.14	-8.716	-17.680	-0.099
19.15	-8.732	-15.658	-0.091
19.16	-8.748	-14.808	-0.102
19.17	-8.766	-14.783	-0.099
19.18	-8.783	-15.336	-0.097
19.19	-8.799	-16.262	-0.113
19.2	-8.816	-17.247	-0.095
19.21	-8.832	-18.136	-0.084
19.22	-8.849	-18.902	-0.083
19.23	-8.866	-19.400	-0.084
19.24	-8.882	-19.650	-0.085
19.25	-8.898	-19.767	-0.078
19.26	-8.912	-19.730	-0.070
19.27	-8.927	-19.548	-0.103
19.28	-8.939	-19.297	-0.094
19.29	-8.950	-18.981	-0.079
19.3	-8.961	-18.631	-0.071
19.31	-8.973	-18.300	-0.059
19.32	-8.983	-17.911	-0.059
19.33	-8.994	-17.519	-0.072
19.34	-9.004	-17.247	-0.051
19.35	-9.014	-16.983	-0.008
19.36	-9.023	-16.666	0.026
19.37	-9.031	-16.380	-0.015
19.38	-9.039	-16.114	-0.002
19.39	-9.046	-15.817	0.008
19.4	-9.053	-15.520	-0.056
19.41	-9.058	-15.222	-0.061
19.42	-9.064	-14.836	-0.071
19.43	-9.068	-14.377	-0.098
19.44	-9.071	-13.933	-0.076
19.45	-9.076	-13.531	-0.104
19.46	-9.082	-13.192	-0.098
19.47	-9.090	-12.969	-0.093
19.48	-9.101	-12.892	-0.084
19.49	-9.113	-12.978	-0.128
19.5	-9.126	-13.234	-0.088
19.51	-9.139	-13.580	0.354
19.52	-9.155	-13.945	0.924
19.53	-9.172	-14.269	0.789
19.54	-9.190	-14.514	0.160
19.55	-9.206	-14.781	0.013
19.56	-9.221	-15.142	-0.001
19.57	-9.235	-15.525	-0.082
19.58	-9.248	-15.798	-0.083
19.59	-9.259	-15.866	-0.111
19.6	-9.266	-15.694	-0.085
19.61	-9.271	-15.239	-0.083
19.62	-9.275	-14.489	-0.070
19.63	-9.280	-13.477	-0.084
19.64	-9.285	-11.883	-0.054
19.65	-9.291	-8.734	-0.019
19.66	-9.294	-2.731	-0.029
19.67	-9.297	7.105	-0.026
19.68	-9.301	20.447	0.007
19.69	-9.304	34.778	0.024
19.7	-9.307	45.623	0.056
19.71	-9.308	50.309	0.097
19.72	-9.307	51.111	0.114
19.73	-9.305	51.081	0.128
19.74	-9.300	49.816	0.183
19.75	-9.292	44.213	0.167
19.76	-9.280	33.847	0.173
19.77	-9.264	22.478	0.145
19.78	-9.245	12.727	0.043
19.79	-9.226	5.022	-0.018
19.8	-9.206	-0.688	-0.077
19.81	-9.183	-4.691	-0.120
19.82	-9.157	-7.434	-0.101
19.83	-9.129	-9.383	-0.123
19.84	-9.102	-11.052	-0.140
19.85	-9.076	-13.052	-0.131
19.86	-9.049	-15.986	-0.124
19.87	-9.021	-20.336	-0.111
19.88	-8.991	-26.139	-0.116
19.89	-8.962	-32.625	-0.127
19.9	-8.933	-38.292	-0.115
19.91	-8.904	-41.673	-0.108
19.92	-8.874	-42.142	-0.094
19.93	-8.843	-39.916	-0.114
19.94	-8.813	-35.714	-0.102
19.95	-8.783	-30.617	-0.092
19.96	-8.752	-25.530	-0.087
19.97	-8.720	-21.020	-0.086
19.98	-8.688	-17.539	-0.086
19.99	-8.657	-15.256	-0.087
20.0	-8.627	-14.086	-0.064
20.01	-8.598	-13.802	-0.086
20.02	-8.570	-14.133	-0.093
20.03	-8.544	-14.900	-0.096
20.04	-8.519	-15.889	-0.074
20.05	-8.496	-16.872	-0.075
20.06	-8.474	-17.725	-0.088
20.07	-8.452	-18.377	-0.075
20.08	-8.431	-18.844	-0.080
20.09	-8.411	-19.144	-0.083
20.1	-8.393	-19.292	-0.065
20.11	-8.373	-19.366	-0.072
20.12	-8.354	-19.361	-0.079
20.13	-8.333	-19.222	-0.073
20.14	-8.314	-18.942	-0.062
20.15	-8.296	-18.578	-0.060
20.16	-8.278	-18.213	-0.063
20.17	-8.262	-17.863	-0.064
20.18	-8.248	-17.509	-0.037
20.19	-8.234	-17.220	-0.029
20.2	-8.219	-17.031	0.020
20.21	-8.204	-16.853	0.040
20.22	-8.189	-16.628	0.009
20.23	-8.176	-16.387	0.015
20.24	-8.164	-16.130	0.012
20.25	-8.154	-15.838	-0.030
20.26	-8.145	-15.522	-0.060
20.27	-8.136	-15.205	-0.054
20.28	-8.127	-14.836	-0.068
20.29	-8.117	-14.430	-0.087
20.3	-8.107	-14.078	-0.074
20.31	-8.097	-13.773	-0.088
20.32	-8.088	-13.531	-0.086
20.33	-8.079	-13.425	-0.076
20.34	-8.072	-13.481	-0.111
20.35	-8.068	-13.648	-0.106
20.36	-8.063	-13.873	0.281
20.37	-8.060	-14.141	0.912
20.38	-8.058	-14.425	0.925
20.39	-8.054	-14.700	0.277
20.4	-8.050	-14.952	0.057
20.41	-8.046	-15.227	0.024
20.42	-8.041	-15.541	-0.072
20.43	-8.037	-15.792	-0.068
20.44	-8.034	-15.878	-0.090
20.45	-8.031	-15.742	-0.097
20.46	-8.026	-15.353	-0.077
20.47	-8.020	-14.683	-0.042
20.48	-8.014	-13.627	-0.048
20.49	-8.008	-11.808	-0.053
20.5	-8.001	-8.284	-0.021
20.51	-7.996	-1.763	-0.023
20.52	-7.991	8.623	-0.015
20.53	-7.986	22.509	0.008
20.54	-7.981	37.063	0.035
20.55	-7.978	47.128	0.041
20.56	-7.973	50.717	0.099
20.57	-7.969	51.130	0.120
20.58	-7.966	51.105	0.135
20.59	-7.963	50.195	0.167
20.6	-7.960	45.478	0.176
20.61	-7.959	35.897	0.173
20.62	-7.958	24.861	0.143
20.63	-7.956	15.252	0.082
20.64	-7.955	7.555	-0.005
20.65	-7.954	1.630	-0.054
20.66	-7.954	-2.759	-0.081
20.67	-7.954	-5.933	-0.115
20.68	-7.954	-8.252	-0.109
20.69	-7.954	-10.141	-0.133
20.7	-7.955	-12.055	-0.112
20.71	-7.956	-14.402	-0.102
20.72	-7.958	-17.784	-0.116
20.73	-7.959	-22.595	-0.103
20.74	-7.959	-28.569	-0.111
20.75	-7.961	-34.816	-0.120
20.76	-7.963	-39.795	-0.099
20.77	-7.964	-42.170	-0.103
20.78	-7.967	-41.691	-0.074
20.79	-7.969	-38.870	-0.097
20.8	-7.973	-34.525	-0.105
20.81	-7.977	-29.508	-0.080
20.82	-7.982	-24.541	-0.084
20.83	-7.986	-20.269	-0.101
20.84	-7.991	-17.128	-0.065
20.85	-7.996	-15.155	-0.088
20.86	-8.002	-14.177	-0.100
20.87	-8.009	-14.027	-0.087
20.88	-8.018	-14.503	-0.090
20.89	-8.026	-15.330	-0.065
20.9	-8.035	-16.284	-0.074
20.91	-8.044	-17.242	-0.078
20.92	-8.054	-18.073	-0.082
20.93	-8.064	-18.691	-0.105
20.94	-8.074	-19.122	-0.073
20.95	-8.083	-19.386	-0.089
20.96	-8.093	-19.458	-0.084
20.97	-8.102	-19.331	-0.060
20.98	-8.112	-19.022	-0.065
20.99	-8.123	-18.569	-0.085
21.0	-8.133	-18.059	-0.075
21.01	-8.143	-17.580	-0.062
21.02	-8.154	-17.178	-0.072
21.03	-8.166	-16.847	-0.078
21.04	-8.178	-16.572	-0.042
21.05	-8.189	-16.356	-0.034
21.06	-8.202	-16.219	-0.022
21.07	-8.214	-16.125	0.018
21.08	-8.228	-16.019	0.033
21.09	-8.241	-15.895	-0.001
21.1	-8.255	-15.766	0.013
21.11	-8.272	-15.591	0.008
21.12	-8.290	-15.328	-0.040
21.13	-8.309	-14.964	-0.079
21.14	-8.329	-14.508	-0.072
21.15	-8.348	-13.998	-0.067
21.16	-8.366	-13.500	-0.088
21.17	-8.386	-13.091	-0.080
21.18	-8.404	-12.830	-0.087
21.19	-8.423	-12.736	-0.103
21.2	-8.443	-12.783	-0.110
21.21	-8.461	-12.988	-0.102
21.22	-8.479	-13.322	0.214
21.23	-8.495	-13.655	0.840
21.24	-8.511	-13.972	1.070
21.25	-8.529	-14.259	0.434
21.26	-8.547	-14.427	0.043
21.27	-8.566	-14.586	0.053
21.28	-8.586	-14.800	-0.045
21.29	-8.605	-14.936	-0.076
21.3	-8.622	-14.952	-0.063
21.31	-8.637	-14.808	-0.073
21.32	-8.649	-14.419	-0.079
21.33	-8.658	-13.777	-0.052
21.34	-8.666	-12.864	-0.047
21.35	-8.674	-11.280	-0.043
21.36	-8.682	-7.948	-0.018
21.37	-8.690	-1.628	-0.011
21.38	-8.699	8.597	0.000
21.39	-8.708	22.516	0.007
21.4	-8.717	37.142	0.038
21.41	-8.728	47.173	0.052
21.42	-8.740	50.722	0.088
21.43	-8.755	51.130	0.127
21.44	-8.771	51.108	0.142
21.45	-8.787	50.247	0.168
21.46	-8.804	45.638	0.186
21.47	-8.823	36.117	0.189
21.48	-8.842	25.091	0.166
21.49	-8.864	15.470	0.090
21.5	-8.884	7.803	0.018
21.51	-8.906	2.059	-0.054
21.52	-8.926	-2.052	-0.085
21.53	-8.945	-4.947	-0.105
21.54	-8.962	-7.078	-0.127
21.55	-8.979	-8.808	-0.121
21.56	-8.999	-10.511	-0.103
21.57	-9.021	-12.670	-0.141
21.58	-9.041	-15.747	-0.125
21.59	-9.060	-20.178	-0.116
21.6	-9.079	-25.989	-0.132
21.61	-9.098	-32.341	-0.123
21.62	-9.116	-37.770	-0.114
21.63	-9.133	-40.922	-0.114
21.64	-9.147	-41.259	-0.087
21.65	-9.160	-39.095	-0.097
21.66	-9.173	-35.105	-0.097
21.67	-9.186	-30.144	-0.108
21.68	-9.199	-25.116	-0.095
21.69	-9.211	-20.741	-0.088
21.7	-9.221	-17.408	-0.087
21.71	-9.232	-15.239	-0.074
21.72	-9.241	-14.186	-0.091
21.73	-9.249	-13.964	-0.099
21.74	-9.257	-14.322	-0.077
21.75	-9.265	-15.103	-0.085
21.76	-9.273	-16.031	-0.078
21.77	-9.281	-16.908	-0.084
21.78	-9.287	-17.722	-0.082
21.79	-9.293	-18.383	-0.077
21.8	-9.297	-18.794	-0.074
21.81	-9.301	-19.006	-0.077
21.82	-9.303	-19.052	-0.075
21.83	-9.303	-18.925	-0.089
21.84	-9.302	-18.677	-0.083
21.85	-9.299	-18.398	-0.085
21.86	-9.296	-18.102	-0.065
21.87	-9.290	-17.752	-0.072
21.88	-9.283	-17.413	-0.065
21.89	-9.272	-17.094	-0.043
21.9	-9.260	-16.791	-0.046
21.91	-9.246	-16.572	-0.002
21.92	-9.231	-16.387	0.017
21.93	-9.216	-16.166	-0.021
21.94	-9.200	-15.920	0.005
21.95	-9.184	-15.644	-0.012
21.96	-9.165	-15.330	-0.051
21.97	-9.144	-14.984	-0.069
21.98	-9.121	-14.597	-0.089
21.99	-9.097	-14.177	-0.084
22.0	-9.071	-13.758	-0.087
22.01	-9.043	-13.386	-0.102
22.02	-9.015	-13.133	-0.099
22.03	-8.986	-13.028	-0.091
22.04	-8.956	-13.019	-0.090
22.05	-8.924	-13.131	-0.139
22.06	-8.893	-13.423	0.083
22.07	-8.861	-13.798	0.648
22.08	-8.829	-14.145	0.990
22.09	-8.796	-14.497	0.444
22.1	-8.762	-14.817	0.037
22.11	-8.728	-15.103	0.058
22.12	-8.694	-15.450	-0.076
22.13	-8.662	-15.822	-0.080
22.14	-8.632	-16.030	-0.072
22.15	-8.601	-15.983	-0.093
22.16	-8.570	-15.719	-0.076
22.17	-8.537	-15.225	-0.080
22.18	-8.504	-14.497	-0.069
22.19	-8.471	-13.466	-0.058
22.2	-8.439	-11.595	-0.050
22.21	-8.408	-7.827	-0.031
22.22	-8.377	-0.969	-0.018
22.23	-8.348	9.572	-0.013
22.24	-8.321	22.936	0.032
22.25	-8.296	36.466	0.050
22.26	-8.273	46.261	0.085
22.27	-8.251	50.397	0.097
22.28	-8.229	51.108	0.126
22.29	-8.211	50.764	0.176
22.3	-8.194	47.713	0.180
22.31	-8.179	39.581	0.186
22.32	-8.166	28.467	0.166
22.33	-8.152	17.895	0.098
22.34	-8.139	9.047	0.035
22.35	-8.127	2.106	-0.056
22.36	-8.116	-3.031	-0.068
22.37	-8.105	-6.675	-0.083
22.38	-8.095	-9.195	-0.127
22.39	-8.086	-11.095	-0.127
22.4	-8.079	-12.906	-0.117
22.41	-8.073	-15.083	-0.125
22.42	-8.069	-18.127	-0.119
22.43	-8.064	-22.434	-0.114
22.44	-8.059	-27.883	-0.115
22.45	-8.054	-33.488	-0.107
22.46	-8.048	-37.772	-0.099
22.47	-8.043	-39.709	-0.110
22.48	-8.037	-39.091	-0.096
22.49	-8.034	-36.284	-0.101
22.5	-8.030	-32.066	-0.099
22.51	-8.026	-27.325	-0.098
22.52	-8.024	-22.739	-0.078
22.53	-8.022	-18.814	-0.074
22.54	-8.021	-15.908	-0.091
22.55	-8.020	-14.127	-0.091
22.56	-8.018	-13.314	-0.082
22.57	-8.014	-13.225	-0.088
22.58	-8.012	-13.678	-0.078
22.59	-8.011	-14.478	-0.105
22.6	-8.010	-15.422	-0.079
22.61	-8.008	-16.409	-0.061
22.62	-8.006	-17.331	-0.093
22.63	-8.006	-18.059	-0.088
22.64	-8.006	-18.595	-0.072
22.65	-8.004	-18.938	-0.070
22.66	-8.002	-19.009	-0.069
22.67	-8.001	-18.861	-0.078
22.68	-8.000	-18.622	-0.055
22.69	-7.999	-18.352	-0.055
22.7	-7.998	-18.061	-0.039
22.71	-7.998	-17.761	-0.055
22.72	-7.996	-17.447	-0.042
22.73	-7.996	-17.150	-0.035
22.74	-7.994	-16.947	-0.038
22.75	-7.994	-16.786	-0.001
22.76	-7.994	-16.591	0.010
22.77	-7.994	-16.367	0.033
22.78	-7.994	-16.159	0.061
22.79	-7.995	-15.978	0.025
22.8	-7.996	-15.767	0.040
22.81	-7.998	-15.486	0.026
22.82	-7.999	-15.136	-0.051
22.83	-8.000	-14.786	-0.060
22.84	-8.000	-14.416	-0.055
22.85	-8.000	-13.922	-0.066
22.86	-8.001	-13.445	-0.059
22.87	-8.001	-13.111	-0.083
22.88	-8.002	-12.817	-0.087
22.89	-8.002	-12.633	-0.079
22.9	-8.003	-12.630	-0.114
22.91	-8.004	-12.780	-0.119
22.92	-8.005	-13.077	0.160
22.93	-8.006	-13.444	0.769
22.94	-8.008	-13.803	1.120
22.95	-8.009	-14.120	0.522
22.96	-8.012	-14.405	0.025
22.97	-8.014	-14.666	0.031
22.98	-8.016	-14.853	-0.060
22.99	-8.019	-14.986	-0.113
23.0	-8.021	-15.078	-0.087
23.01	-8.024	-15.028	-0.106
23.02	-8.027	-14.764	-0.093
23.03	-8.029	-14.194	-0.070
23.04	-8.031	-13.163	-0.085
23.05	-8.032	-11.292	-0.080
23.06	-8.033	-7.631	-0.045
23.07	-8.034	-0.914	-0.038
23.08	-8.035	9.677	-0.027
23.09	-8.036	23.698	-0.002
23.1	-8.038	38.139	-0.011
23.11	-8.040	47.703	0.031
23.12	-8.043	50.830	0.078
23.13	-8.047	51.130	0.084
23.14	-8.051	51.123	0.121
23.15	-8.056	50.506	0.146
23.16	-8.061	46.642	0.177
23.17	-8.068	37.998	0.158
23.18	-8.075	27.503	0.130
23.19	-8.082	18.180	0.089
23.2	-8.091	10.697	0.007
23.21	-8.099	4.972	-0.040
23.22	-8.108	0.711	-0.064
23.23	-8.116	-2.419	-0.116
23.24	-8.124	-4.788	-0.134
23.25	-8.132	-6.745	-0.126
23.26	-8.141	-8.628	-0.126
23.27	-8.151	-10.867	-0.139
23.28	-8.161	-13.884	-0.108
23.29	-8.172	-18.031	-0.125
23.3	-8.183	-23.464	-0.104
23.31	-8.194	-29.758	-0.092
23.32	-8.204	-35.722	-0.117
23.33	-8.215	-39.917	-0.102
23.34	-8.226	-41.475	-0.099
23.35	-8.237	-40.403	-0.117
23.36	-8.248	-37.264	-0.101
23.37	-8.259	-32.828	-0.094
23.38	-8.269	-27.947	-0.091
23.39	-8.279	-23.369	-0.103
23.4	-8.289	-19.608	-0.089
23.41	-8.300	-16.894	-0.090
23.42	-8.311	-15.255	-0.087
23.43	-8.322	-14.569	-0.097
23.44	-8.334	-14.583	-0.088
23.45	-8.348	-15.067	-0.092
23.46	-8.362	-15.867	-0.089
23.47	-8.377	-16.752	-0.094
23.48	-8.394	-17.522	-0.102
23.49	-8.411	-18.144	-0.075
23.5	-8.428	-18.563	-0.087
23.51	-8.445	-18.728	-0.096
23.52	-8.463	-18.750	-0.083
23.53	-8.479	-18.661	-0.089
23.54	-8.495	-18.430	-0.075
23.55	-8.511	-18.198	-0.094
23.56	-8.527	-17.986	-0.071
23.57	-8.543	-17.652	-0.060
23.58	-8.558	-17.325	-0.086
23.59	-8.574	-17.097	-0.081
23.6	-8.590	-16.825	-0.058
23.61	-8.606	-16.552	-0.052
23.62	-8.623	-16.345	-0.033
23.63	-8.639	-16.106	-0.006
23.64	-8.654	-15.891	0.021
23.65	-8.671	-15.727	0.012
23.66	-8.688	-15.511	-0.007
23.67	-8.706	-15.295	-0.024
23.68	-8.723	-15.055	-0.038
23.69	-8.739	-14.755	-0.070
23.7	-8.754	-14.430	-0.082
23.71	-8.766	-14.031	-0.079
23.72	-8.779	-13.611	-0.076
23.73	-8.793	-13.205	-0.096
23.74	-8.805	-12.841	-0.091
23.75	-8.817	-12.658	-0.098
23.76	-8.828	-12.616	-0.089
23.77	-8.839	-12.644	-0.144
23.78	-8.852	-12.836	0.032
23.79	-8.866	-13.134	0.612
23.8	-8.881	-13.411	0.999
23.81	-8.899	-13.711	0.547
23.82	-8.916	-14.020	0.049
23.83	-8.931	-14.286	0.040
23.84	-8.946	-14.578	-0.044
23.85	-8.960	-14.898	-0.098
23.86	-8.972	-15.106	-0.097
23.87	-8.981	-15.130	-0.091
23.88	-8.989	-14.919	-0.097
23.89	-8.993	-14.388	-0.100
23.9	-8.997	-13.586	-0.063
23.91	-9.000	-12.491	-0.065
23.92	-9.002	-10.458	-0.052
23.93	-9.005	-6.327	-0.038
23.94	-9.009	1.023	-0.021
23.95	-9.013	12.134	-0.009
23.96	-9.018	25.950	0.022
23.97	-9.024	39.241	0.039
23.98	-9.033	47.836	0.059
23.99	-9.041	50.792	0.085
24.0	-9.052	51.127	0.142
24.01	-9.064	50.795	0.155
24.02	-9.077	47.891	0.170
24.03	-9.089	40.034	0.192
24.04	-9.099	29.214	0.161
24.05	-9.107	18.887	0.092
24.06	-9.116	10.258	0.044
24.07	-9.125	3.519	-0.032
24.08	-9.132	-1.463	-0.101
24.09	-9.138	-4.963	-0.110
24.1	-9.141	-7.331	-0.120
24.11	-9.145	-9.064	-0.149
24.12	-9.149	-10.653	-0.125
24.13	-9.151	-12.591	-0.133
24.14	-9.152	-15.472	-0.109
24.15	-9.152	-19.780	-0.123
24.16	-9.151	-25.436	-0.132
24.17	-9.149	-31.542	-0.102
24.18	-9.145	-36.589	-0.116
24.19	-9.139	-39.272	-0.110
24.2	-9.129	-39.158	-0.106
24.21	-9.117	-36.605	-0.101
24.22	-9.103	-32.388	-0.100
24.23	-9.089	-27.484	-0.125
24.24	-9.074	-22.786	-0.090
24.25	-9.059	-18.848	-0.086
24.26	-9.045	-15.963	-0.093
24.27	-9.031	-14.189	-0.100
24.28	-9.015	-13.369	-0.088
24.29	-8.998	-13.294	-0.089
24.3	-8.980	-13.766	-0.081
24.31	-8.960	-14.555	-0.081
24.32	-8.940	-15.458	-0.085
24.33	-8.919	-16.389	-0.093
24.34	-8.897	-17.262	-0.088
24.35	-8.873	-17.963	-0.082
24.36	-8.848	-18.453	-0.071
24.37	-8.821	-18.756	-0.085
24.38	-8.794	-18.886	-0.090
24.39	-8.766	-18.803	-0.062
24.4	-8.737	-18.584	-0.057
24.41	-8.706	-18.313	-0.078
24.42	-8.676	-17.947	-0.057
24.43	-8.648	-17.566	-0.059
24.44	-8.621	-17.267	-0.055
24.45	-8.594	-17.008	-0.017
24.46	-8.568	-16.756	0.012
24.47	-8.543	-16.533	0.020
24.48	-8.518	-16.361	0.012
24.49	-8.495	-16.192	0.028
24.5	-8.472	-15.997	0.012
24.51	-8.449	-15.797	-0.037
24.52	-8.429	-15.533	-0.055
24.53	-8.408	-15.155	-0.069
24.54	-8.386	-14.722	-0.071
24.55	-8.365	-14.280	-0.079
24.56	-8.345	-13.889	-0.074
24.57	-8.324	-13.594	-0.081
24.58	-8.304	-13.389	-0.082
24.59	-8.285	-13.314	-0.098
24.6	-8.267	-13.386	-0.130
24.61	-8.251	-13.577	0.034
24.62	-8.237	-13.848	0.595
24.63	-8.225	-14.131	1.027
24.64	-8.213	-14.355	0.562
24.65	-8.202	-14.580	0.055
24.66	-8.191	-14.889	0.073
24.67	-8.179	-15.220	-0.043
24.68	-8.168	-15.519	-0.071
24.69	-8.158	-15.716	-0.086
24.7	-8.148	-15.722	-0.105
24.71	-8.138	-15.509	-0.073
24.72	-8.127	-15.034	-0.075
24.73	-8.116	-14.298	-0.067
24.74	-8.105	-13.256	-0.062
24.75	-8.094	-11.375	-0.043
24.76	-8.085	-7.598	-0.003
24.77	-8.076	-0.823	-0.029
24.78	-8.068	9.569	-0.017
24.79	-8.059	22.917	0.009
24.8	-8.051	36.573	0.046
24.81	-8.044	46.428	0.089
24.82	-8.039	50.473	0.104
24.83	-8.034	51.113	0.124
24.84	-8.031	50.941	0.156
24.85	-8.027	48.741	0.172
24.86	-8.025	41.817	0.215
24.87	-8.023	31.377	0.169
24.88	-8.021	21.031	0.095
24.89	-8.019	12.277	0.035
24.9	-8.017	5.341	-0.035
24.91	-8.014	0.123	-0.085
24.92	-8.011	-3.722	-0.095
24.93	-8.008	-6.516	-0.102
24.94	-8.006	-8.627	-0.133
24.95	-8.003	-10.463	-0.120
24.96	-8.001	-12.463	-0.112
24.97	-8.000	-15.172	-0.132
24.98	-7.999	-19.045	-0.123
24.99	-7.998	-24.198	-0.127
25.0	-7.997	-30.086	-0.104
25.01	-7.996	-35.388	-0.102
25.02	-7.996	-38.736	-0.109
25.03	-7.996	-39.519	-0.109
25.04	-7.996	-37.881	-0.110
25.05	-7.995	-34.425	-0.091
25.06	-7.995	-29.973	-0.096
25.07	-7.996	-25.339	-0.107
25.08	-7.996	-21.152	-0.086
25.09	-7.996	-17.814	-0.108
25.1	-7.997	-15.505	-0.076
25.11	-7.998	-14.189	-0.088
25.12	-7.999	-13.727	-0.102
25.13	-8.000	-13.911	-0.078
25.14	-8.001	-14.508	-0.099
25.15	-8.003	-15.338	-0.102
25.16	-8.005	-16.259	-0.079
25.17	-8.006	-17.136	-0.084
25.18	-8.008	-17.852	-0.077
25.19	-8.009	-18.395	-0.092
25.2	-8.011	-18.747	-0.099
25.21	-8.012	-18.859	-0.091
25.22	-8.012	-18.816	-0.067
25.23	-8.014	-18.705	-0.078
25.24	-8.016	-18.466	-0.107
25.25	-8.017	-18.117	-0.063
25.26	-8.019	-17.753	-0.062
25.27	-8.021	-17.363	-0.092
25.28	-8.022	-17.011	-0.052
25.29	-8.023	-16.783	-0.025
25.3	-8.025	-16.592	0.001
25.31	-8.026	-16.420	0.012
25.32	-8.029	-16.302	0.017
25.33	-8.031	-16.172	0.023
25.34	-8.033	-15.977	-0.009
25.35	-8.036	-15.711	-0.053
25.36	-8.038	-15.420	-0.058
25.37	-8.040	-15.073	-0.081
25.38	-8.042	-14.575	-0.080
25.39	-8.044	-14.047	-0.080
25.4	-8.047	-13.563	-0.088
25.41	-8.049	-13.078	-0.094
25.42	-8.052	-12.788	-0.094
25.43	-8.056	-12.752	-0.108
25.44	-8.059	-12.822	-0.134
25.45	-8.064	-13.050	0.071
25.46	-8.068	-13.466	0.670
25.47	-8.074	-13.916	1.125
25.48	-8.080	-14.284	0.640
25.49	-8.088	-14.570	0.059
25.5	-8.095	-14.769	0.031
25.51	-8.103	-14.939	-0.047
25.52	-8.110	-15.148	-0.077
25.53	-8.119	-15.284	-0.087
25.54	-8.127	-15.227	-0.087
25.55	-8.136	-14.919	-0.099
25.56	-8.144	-14.303	-0.086
25.57	-8.151	-13.402	-0.066
25.58	-8.157	-11.923	-0.071
25.59	-8.163	-8.925	-0.050
25.6	-8.170	-3.167	-0.040
25.61	-8.177	6.325	-0.031
25.62	-8.184	19.467	-0.001
25.63	-8.191	34.072	-0.001
25.64	-8.199	45.395	0.033
25.65	-8.207	50.295	0.068
25.66	-8.217	51.114	0.105
25.67	-8.227	51.130	0.140
25.68	-8.238	50.794	0.160
25.69	-8.250	47.942	0.173
25.7	-8.261	40.389	0.188
25.71	-8.271	30.222	0.160
25.72	-8.281	20.828	0.116
25.73	-8.291	13.197	0.034
25.74	-8.301	7.297	-0.036
25.75	-8.313	2.841	-0.087
25.76	-8.326	-0.544	-0.130
25.77	-8.338	-3.117	-0.112
25.78	-8.352	-5.191	-0.111
25.79	-8.366	-7.141	-0.127
25.8	-8.380	-9.292	-0.109
25.81	-8.394	-12.069	-0.128
25.82	-8.411	-15.970	-0.122
25.83	-8.427	-21.303	-0.115
25.84	-8.443	-27.845	-0.122
25.85	-8.458	-34.517	-0.131
25.86	-8.473	-39.713	-0.097
25.87	-8.488	-42.194	-0.096
25.88	-8.499	-41.683	-0.108
25.89	-8.511	-38.689	-0.109
25.9	-8.522	-34.066	-0.097
25.91	-8.533	-28.802	-0.088
25.92	-8.544	-23.803	-0.094
25.93	-8.555	-19.709	-0.098
25.94	-8.566	-16.805	-0.091
25.95	-8.578	-15.066	-0.106
25.96	-8.589	-14.366	-0.124
25.97	-8.599	-14.484	-0.085
25.98	-8.611	-15.081	-0.073
25.99	-8.623	-15.909	-0.104
26.0	-8.633	-16.847	-0.078
26.01	-8.644	-17.709	-0.087
26.02	-8.654	-18.333	-0.078
26.03	-8.664	-18.750	-0.092
26.04	-8.673	-19.002	-0.088
26.05	-8.683	-19.036	-0.064
26.06	-8.692	-18.894	-0.084
26.07	-8.701	-18.673	-0.089
26.08	-8.708	-18.392	-0.069
26.09	-8.715	-18.073	-0.080
26.1	-8.723	-17.762	-0.050
26.11	-8.731	-17.475	-0.028
26.12	-8.738	-17.225	-0.018
26.13	-8.744	-17.005	0.019
26.14	-8.752	-16.767	0.007
26.15	-8.759	-16.531	-0.026
26.16	-8.767	-16.323	-0.002
26.17	-8.774	-16.073	-0.025
26.18	-8.781	-15.723	-0.082
26.19	-8.787	-15.294	-0.077
26.2	-8.791	-14.802	-0.066
26.21	-8.794	-14.227	-0.094
26.22	-8.794	-13.655	-0.086
26.23	-8.794	-13.239	-0.110
26.24	-8.794	-13.009	-0.122
26.25	-8.793	-12.948	-0.079
26.26	-8.791	-13.022	-0.126
26.27	-8.789	-13.184	-0.034
26.28	-8.786	-13.450	0.509
26.29	-8.783	-13.748	1.012
26.3	-8.781	-14.020	0.660
26.31	-8.779	-14.309	0.082
26.32	-8.776	-14.566	0.021
26.33	-8.771	-14.813	-0.041
26.34	-8.766	-15.103	-0.092
26.35	-8.758	-15.320	-0.101
26.36	-8.748	-15.358	-0.091
26.37	-8.738	-15.158	-0.093
26.38	-8.724	-14.664	-0.081
26.39	-8.710	-13.956	-0.070
26.4	-8.694	-12.992	-0.074
26.41	-8.676	-11.319	-0.053
26.42	-8.659	-8.034	-0.051
26.43	-8.640	-1.923	-0.032
26.44	-8.621	7.791	-0.005
26.45	-8.601	20.448	0.002
26.46	-8.582	33.828	0.039
26.47	-8.563	44.544	0.055
26.48	-8.543	49.889	0.093
26.49	-8.524	51.077	0.121
26.5	-8.506	51.000	0.159
26.51	-8.486	49.145	0.178
26.52	-8.467	42.791	0.177
26.53	-8.448	32.681	0.176
26.54	-8.429	22.369	0.126
26.55	-8.411	13.588	0.032
26.56	-8.393	6.611	-0.031
26.57	-8.376	1.322	-0.082
26.58	-8.361	-2.561	-0.114
26.59	-8.345	-5.306	-0.119
26.6	-8.329	-7.328	-0.120
26.61	-8.314	-9.113	-0.138
26.62	-8.302	-11.194	-0.138
26.63	-8.291	-14.166	-0.115
26.64	-8.280	-18.472	-0.109
26.65	-8.269	-24.255	-0.120
26.66	-8.257	-30.855	-0.117
26.67	-8.245	-36.725	-0.105
26.68	-8.234	-40.388	-0.099
26.69	-8.224	-41.213	-0.096
26.7	-8.214	-39.359	-0.095
26.71	-8.204	-35.469	-0.102
26.72	-8.196	-30.489	-0.082
26.73	-8.189	-25.408	-0.101
26.74	-8.181	-20.913	-0.087
26.75	-8.175	-17.400	-0.084
26.76	-8.169	-15.081	-0.088
26.77	-8.164	-13.870	-0.080
26.78	-8.158	-13.488	-0.081
26.79	-8.153	-13.705	-0.097
26.8	-8.148	-14.319	-0.097
26.81	-8.144	-15.103	-0.077
26.82	-8.140	-15.869	-0.073
26.83	-8.137	-16.481	-0.083
26.84	-8.134	-16.908	-0.074
26.85	-8.131	-17.136	-0.087
26.86	-8.129	-17.209	-0.092
26.87	-8.126	-17.189	-0.076
26.88	-8.124	-16.998	-0.068
26.89	-8.121	-16.659	-0.083
26.9	-8.118	-16.486	-0.074
26.91	-8.115	-16.561	-0.048
26.92	-8.113	-16.581	-0.040
26.93	-8.111	-16.433	-0.027
26.94	-8.108	-16.411	0.014
26.95	-8.106	-16.489	0.012
26.96	-8.105	-16.336	0.008
26.97	-8.105	-16.064	0.008
26.98	-8.104	-15.925	-0.024
26.99	-8.104	-15.836	-0.041
27.0	-8.104	-15.669	-0.038
27.01	-8.104	-15.406	-0.078
27.02	-8.104	-15.005	-0.069
27.03	-8.103	-14.525	-0.082
27.04	-8.102	-14.052	-0.094
27.05	-8.101	-13.669	-0.098
27.06	-8.101	-13.444	-0.088
27.07	-8.101	-13.384	-0.055
27.08	-8.100	-13.488	-0.143
27.09	-8.100	-13.753	0.054
27.1	-8.101	-14.108	0.706
27.11	-8.102	-14.489	1.125
27.12	-8.104	-14.877	0.623
27.13	-8.106	-15.180	0.069
27.14	-8.107	-15.377	0.048
27.15	-8.108	-15.544	-0.060
27.16	-8.109	-15.672	-0.080
27.17	-8.110	-15.725	-0.075
27.18	-8.111	-15.580	-0.101
27.19	-8.114	-15.114	-0.084
27.2	-8.115	-14.448	-0.096
27.21	-8.115	-13.647	-0.079
27.22	-8.113	-12.327	-0.038
27.23	-8.111	-9.642	-0.042
27.24	-8.109	-4.298	-0.030
27.25	-8.107	4.803	-0.024
27.26	-8.104	17.511	0.002
27.27	-8.102	31.934	0.027
27.28	-8.100	43.916	0.026
27.29	-8.098	49.825	0.052
27.3	-8.097	51.086	0.106
27.31	-8.096	51.130	0.124
27.32	-8.096	50.825	0.163
27.33	-8.097	48.116	0.176
27.34	-8.098	40.664	0.182
27.35	-8.099	30.391	0.176
27.36	-8.099	20.883	0.095
27.37	-8.099	13.186	0.006
27.38	-8.100	7.230	-0.038
27.39	-8.101	2.816	-0.091
27.4	-8.102	-0.489	-0.102
27.41	-8.103	-3.033	-0.109
27.42	-8.103	-5.219	-0.127
27.43	-8.104	-7.456	-0.125
27.44	-8.104	-9.906	-0.109
27.45	-8.106	-12.981	-0.122
27.46	-8.107	-17.333	-0.132
27.47	-8.109	-23.091	-0.111
27.48	-8.110	-29.795	-0.099
27.49	-8.112	-36.411	-0.125
27.5	-8.113	-41.402	-0.098
27.51	-8.114	-43.538	-0.096
27.52	-8.115	-42.656	-0.106
27.53	-8.116	-39.359	-0.103
27.54	-8.117	-34.522	-0.100
27.55	-8.119	-29.211	-0.091
27.56	-8.121	-24.292	-0.090
27.57	-8.123	-20.264	-0.089
27.58	-8.124	-17.433	-0.083
27.59	-8.127	-15.788	-0.097
27.6	-8.129	-15.108	-0.084
27.61	-8.131	-15.245	-0.087
27.62	-8.133	-15.938	-0.089
27.63	-8.135	-16.828	-0.088
27.64	-8.137	-17.739	-0.090
27.65	-8.140	-18.602	-0.077
27.66	-8.143	-19.302	-0.075
27.67	-8.145	-19.755	-0.081
27.68	-8.148	-19.989	-0.076
27.69	-8.151	-19.998	-0.088
27.7	-8.154	-19.675	-0.061
27.71	-8.156	-19.156	-0.081
27.72	-8.160	-18.728	-0.090
27.73	-8.163	-18.322	-0.069
27.74	-8.167	-17.870	-0.074
27.75	-8.171	-17.588	-0.051
27.76	-8.175	-17.430	-0.040
27.77	-8.179	-17.180	-0.030
27.78	-8.184	-16.939	-0.005
27.79	-8.189	-16.781	0.008
27.8	-8.195	-16.630	0.034
27.81	-8.201	-16.481	0.001
27.82	-8.208	-16.311	-0.019
27.83	-8.216	-16.086	-0.029
27.84	-8.224	-15.795	-0.069
27.85	-8.233	-15.405	-0.074
27.86	-8.242	-14.906	-0.075
27.87	-8.251	-14.303	-0.099
27.88	-8.260	-13.614	-0.093
27.89	-8.270	-13.072	-0.111
27.9	-8.280	-12.852	-0.088
27.91	-8.291	-12.877	-0.090
27.92	-8.302	-13.069	-0.126
27.93	-8.313	-13.484	0.075
27.94	-8.325	-14.039	0.712
27.95	-8.337	-14.541	1.152
27.96	-8.351	-14.944	0.611
27.97	-8.364	-15.169	0.075
27.98	-8.378	-15.270	0.038
27.99	-8.392	-15.359	-0.060
28.0	-8.407	-15.378	-0.106
28.01	-8.424	-15.270	-0.110
28.02	-8.442	-14.961	-0.086
28.03	-8.458	-14.417	-0.099
28.04	-8.473	-13.741	-0.076
28.05	-8.486	-12.952	-0.059
28.06	-8.499	-11.598	-0.069
28.07	-8.512	-8.728	-0.055
28.08	-8.526	-3.155	-0.044
28.09	-8.538	6.250	-0.046
28.1	-8.550	19.408	-0.015
28.11	-8.561	34.000	0.014
28.12	-8.574	45.339	0.041
28.13	-8.588	50.281	0.069
28.14	-8.601	51.114	0.100
28.15	-8.616	51.130	0.118
28.16	-8.630	50.859	0.157
28.17	-8.644	48.283	0.180
28.18	-8.658	41.067	0.181
28.19	-8.673	31.056	0.157
28.2	-8.688	21.730	0.098
28.21	-8.703	14.172	-0.002
28.22	-8.717	8.294	-0.055
28.23	-8.732	3.894	-0.082
28.24	-8.746	0.678	-0.112
28.25	-8.758	-1.814	-0.131
28.26	-8.771	-3.897	-0.127
28.27	-8.784	-5.952	-0.126
28.28	-8.798	-8.514	-0.124
28.29	-8.811	-12.008	-0.112
28.3	-8.824	-16.713	-0.105
28.31	-8.837	-22.822	-0.129
28.32	-8.848	-29.830	-0.111
28.33	-8.858	-36.228	-0.105
28.34	-8.869	-40.534	-0.106
28.35	-8.879	-42.016	-0.094
28.36	-8.889	-40.617	-0.093
28.37	-8.899	-36.945	-0.082
28.38	-8.909	-31.923	-0.091
28.39	-8.921	-26.505	-0.091
28.4	-8.932	-21.658	-0.082
28.41	-8.944	-18.072	-0.083
28.42	-8.956	-15.866	-0.080
28.43	-8.968	-14.772	-0.097
28.44	-8.981	-14.570	-0.085
28.45	-8.992	-14.998	-0.083
28.46	-9.004	-15.778	-0.083
28.47	-9.016	-16.745	-0.074
28.48	-9.025	-17.772	-0.077
28.49	-9.034	-18.603	-0.093
28.5	-9.041	-19.286	-0.069
28.51	-9.047	-19.816	-0.073
28.52	-9.054	-19.894	-0.085
28.53	-9.061	-19.808	-0.097
28.54	-9.068	-19.766	-0.076
28.55	-9.073	-19.594	-0.065
28.56	-9.078	-19.269	-0.074
28.57	-9.081	-18.831	-0.072
28.58	-9.084	-18.375	-0.056
28.59	-9.089	-17.895	-0.037
28.6	-9.094	-17.275	-0.021
28.61	-9.101	-16.659	0.014
28.62	-9.107	-16.280	0.014
28.63	-9.114	-16.108	0.014
28.64	-9.120	-16.036	0.017
28.65	-9.128	-15.969	-0.050
28.66	-9.137	-15.859	-0.058
28.67	-9.145	-15.598	-0.053
28.68	-9.152	-15.048	-0.069
28.69	-9.158	-14.356	-0.089
28.7	-9.164	-13.705	-0.093
28.71	-9.169	-13.131	-0.075
28.72	-9.175	-12.711	-0.085
28.73	-9.182	-12.553	-0.080
28.74	-9.189	-12.692	-0.102
28.75	-9.195	-13.016	-0.108
28.76	-9.199	-13.364	0.250
28.77	-9.203	-13.761	0.852
28.78	-9.206	-14.222	0.860
28.79	-9.210	-14.625	0.235
28.8	-9.213	-14.967	0.040
28.81	-9.213	-15.291	0.031
28.82	-9.209	-15.592	-0.059
28.83	-9.201	-15.822	-0.070
28.84	-9.189	-15.855	-0.091
28.85	-9.173	-15.625	-0.076
28.86	-9.153	-15.127	-0.078
28.87	-9.131	-14.434	-0.090
28.88	-9.106	-13.672	-0.049
28.89	-9.078	-12.688	-0.038
28.9	-9.045	-10.828	-0.036
28.91	-9.011	-6.866	-0.017
28.92	-8.975	0.456	-0.007
28.93	-8.938	11.366	0.015
28.94	-8.901	24.475	0.029
28.95	-8.864	37.284	0.056
28.96	-8.829	46.547	0.095
28.97	-8.794	50.469	0.115
28.98	-8.761	51.102	0.157
28.99	-8.728	50.459	0.171
29.0	-8.697	46.477	0.179
29.01	-8.670	37.556	0.185
29.02	-8.643	26.530	0.146
29.03	-8.616	16.466	0.070
29.04	-8.590	8.120	-0.005
29.05	-8.566	1.636	-0.058
29.06	-8.542	-3.044	-0.099
29.07	-8.519	-6.288	-0.144
29.08	-8.495	-8.616	-0.112
29.09	-8.474	-10.544	-0.120
29.1	-8.454	-12.613	-0.128
29.11	-8.435	-15.473	-0.122
29.12	-8.416	-19.694	-0.123
29.13	-8.396	-25.380	-0.114
29.14	-8.376	-31.827	-0.126
29.15	-8.354	-37.600	-0.118
29.16	-8.332	-41.189	-0.095
29.17	-8.313	-41.761	-0.105
29.18	-8.294	-39.563	-0.092
29.19	-8.276	-35.406	-0.094
29.2	-8.261	-30.227	-0.092
29.21	-8.246	-25.034	-0.101
29.22	-8.232	-20.536	-0.099
29.23	-8.220	-17.095	-0.072
29.24	-8.209	-14.892	-0.085
29.25	-8.199	-13.814	-0.089
29.26	-8.190	-13.636	-0.079
29.27	-8.181	-14.169	-0.083
29.28	-8.172	-15.053	-0.079
29.29	-8.164	-15.998	-0.107
29.3	-8.158	-16.963	-0.087
29.31	-8.152	-17.838	-0.073
29.32	-8.148	-18.459	-0.071
29.33	-8.143	-18.831	-0.086
29.34	-8.139	-19.055	-0.085
29.35	-8.136	-19.139	-0.068
29.36	-8.131	-19.125	-0.077
29.37	-8.127	-19.022	-0.068
29.38	-8.124	-18.739	-0.056
29.39	-8.121	-18.348	-0.065
29.4	-8.117	-17.973	-0.022
29.41	-8.114	-17.639	-0.009
29.42	-8.111	-17.353	0.014
29.43	-8.109	-17.106	0.035
29.44	-8.107	-16.864	0.017
29.45	-8.106	-16.634	-0.008
29.46	-8.105	-16.383	-0.043
29.47	-8.104	-16.078	-0.073
29.48	-8.103	-15.772	-0.071
29.49	-8.101	-15.381	-0.072
29.5	-8.099	-14.817	-0.086
29.51	-8.097	-14.247	-0.096
29.52	-8.095	-13.772	-0.085
29.53	-8.094	-13.373	-0.086
29.54	-8.092	-13.125	-0.086
29.55	-8.090	-13.075	-0.137
29.56	-8.089	-13.234	0.015
29.57	-8.088	-13.620	0.615
29.58	-8.088	-14.097	1.122
29.59	-8.088	-14.486	0.653
29.6	-8.088	-14.845	0.070
29.61	-8.089	-15.156	0.045
29.62	-8.089	-15.283	-0.029
29.63	-8.089	-15.294	-0.071
29.64	-8.089	-15.316	-0.093
29.65	-8.089	-15.331	-0.096
29.66	-8.090	-15.178	-0.052
29.67	-8.089	-14.717	-0.064
29.68	-8.086	-13.938	-0.058
29.69	-8.084	-12.669	-0.038
29.7	-8.080	-10.247	-0.040
29.71	-8.077	-5.483	-0.034
29.72	-8.074	2.806	-0.002
29.73	-8.071	14.853	0.005
29.74	-8.068	29.159	0.033
29.75	-8.065	41.998	0.041
29.76	-8.063	49.181	0.081
29.77	-8.060	51.031	0.114
29.78	-8.058	51.130	0.126
29.79	-8.058	51.044	0.158
29.8	-8.058	49.408	0.193
29.81	-8.058	43.389	0.189
29.82	-8.058	33.580	0.160
29.83	-8.058	23.648	0.105
29.84	-8.058	15.325	0.040
29.85	-8.059	8.689	-0.031
29.86	-8.059	3.650	-0.100
29.87	-8.059	-0.067	-0.085
29.88	-8.059	-2.889	-0.079
29.89	-8.059	-5.173	-0.126
29.9	-8.060	-7.233	-0.113
29.91	-8.061	-9.611	-0.128
29.92	-8.061	-12.859	-0.105
29.93	-8.063	-17.348	-0.097
29.94	-8.064	-23.297	-0.112
29.95	-8.066	-30.250	-0.095
29.96	-8.068	-36.825	-0.116
29.97	-8.069	-41.469	-0.113
29.98	-8.070	-43.331	-0.075
29.99	-8.072	-42.347	-0.082
30.0	-8.073	-39.017	-0.104
30.01	-8.075	-34.228	-0.104
30.02	-8.077	-28.902	-0.050
30.03	-8.079	-23.859	-0.078
30.04	-8.081	-19.739	-0.079
30.05	-8.082	-16.947	-0.078
30.06	-8.083	-15.356	-0.077
30.07	-8.084	-14.605	-0.072
30.08	-8.086	-14.745	-0.105
30.09	-8.086	-15.638	-0.075
30.1	-8.086	-16.762	-0.067
30.11	-8.087	-17.913	-0.078
30.12	-8.088	-19.031	-0.063
30.13	-8.089	-19.933	-0.072
30.14	-8.090	-20.497	-0.059
30.15	-8.092	-20.758	-0.063
30.16	-8.094	-20.716	-0.065
30.17	-8.097	-20.305	-0.068
30.18	-8.099	-19.694	-0.059
30.19	-8.102	-19.133	-0.070
30.2	-8.104	-18.623	-0.060
30.21	-8.107	-18.108	-0.036
30.22	-8.111	-17.641	-0.026
30.23	-8.116	-17.341	-0.003
30.24	-8.121	-17.178	0.018
30.25	-8.126	-16.994	0.012
30.26	-8.131	-16.844	0.011
30.27	-8.137	-16.753	0.000
30.28	-8.143	-16.506	-0.038
30.29	-8.149	-16.084	-0.074
30.3	-8.155	-15.630	-0.064
30.31	-8.161	-15.059	-0.053
30.32	-8.165	-14.316	-0.077
30.33	-8.169	-13.614	-0.098
30.34	-8.174	-13.106	-0.071
30.35	-8.181	-12.789	-0.068
30.36	-8.191	-12.653	-0.093
30.37	-8.203	-12.727	-0.133
30.38	-8.217	-13.103	0.141
30.39	-8.232	-13.720	0.777
30.4	-8.251	-14.383	1.101
30.41	-8.273	-14.986	0.498
30.42	-8.295	-15.417	0.009
30.43	-8.316	-15.628	0.011
30.44	-8.334	-15.702	-0.096
30.45	-8.354	-15.692	-0.133
30.46	-8.373	-15.548	-0.130
30.47	-8.391	-15.214	-0.122
30.48	-8.407	-14.631	-0.086
30.49	-8.421	-13.808	-0.060
30.5	-8.433	-12.825	-0.048
30.51	-8.443	-11.406	-0.046
30.52	-8.453	-8.597	-0.021
30.53	-8.465	-3.073	-0.027
30.54	-8.476	6.247	-0.010
30.55	-8.486	19.291	-0.000
30.56	-8.496	33.889	-0.002
30.57	-8.508	45.339	0.056
30.58	-8.520	50.309	0.093
30.59	-8.533	51.117	0.101
30.6	-8.546	51.130	0.140
30.61	-8.560	50.900	0.153
30.62	-8.574	48.534	0.179
30.63	-8.586	41.569	0.191
30.64	-8.599	31.578	0.147
30.65	-8.613	22.023	0.091
30.66	-8.624	14.058	0.010
30.67	-8.636	7.705	-0.080
30.68	-8.649	2.917	-0.084
30.69	-8.662	-0.536	-0.112
30.7	-8.673	-3.147	-0.135
30.71	-8.684	-5.394	-0.115
30.72	-8.696	-7.602	-0.116
30.73	-8.707	-10.167	-0.132
30.74	-8.719	-13.622	-0.124
30.75	-8.729	-18.539	-0.127
30.76	-8.738	-25.120	-0.123
30.77	-8.746	-32.633	-0.109
30.78	-8.754	-39.492	-0.112
30.79	-8.760	-44.033	-0.118
30.8	-8.766	-45.348	-0.107
30.81	-8.771	-43.502	-0.096
30.82	-8.776	-39.148	-0.104
30.83	-8.781	-33.467	-0.124
30.84	-8.784	-27.780	-0.089
30.85	-8.787	-22.731	-0.089
30.86	-8.791	-18.894	-0.092
30.87	-8.794	-16.714	-0.087
30.88	-8.797	-15.780	-0.099
30.89	-8.802	-15.555	-0.093
30.9	-8.805	-15.852	-0.090
30.91	-8.807	-16.558	-0.091
30.92	-8.808	-17.441	-0.082
30.93	-8.809	-18.328	-0.107
30.94	-8.809	-19.208	-0.073
30.95	-8.809	-19.939	-0.060
30.96	-8.808	-20.353	-0.082
30.97	-8.806	-20.508	-0.081
30.98	-8.804	-20.422	-0.080
30.99	-8.800	-20.070	-0.056
31.0	-8.796	-19.603	-0.045
31.01	-8.791	-19.172	-0.042
31.02	-8.786	-18.823	0.001
31.03	-8.779	-18.517	0.011
31.04	-8.773	-18.259	0.013
31.05	-8.766	-18.052	0.021
31.06	-8.758	-17.720	-0.003
31.07	-8.751	-17.258	-0.054
31.08	-8.743	-16.770	-0.060
31.09	-8.736	-16.234	-0.077
31.1	-8.727	-15.613	-0.076
31.11	-8.718	-15.069	-0.094
31.12	-8.709	-14.750	-0.110
31.13	-8.699	-14.491	-0.085
31.14	-8.689	-14.245	-0.084
31.15	-8.679	-14.197	-0.105
31.16	-8.669	-14.322	-0.128
31.17	-8.659	-14.466	0.097
31.18	-8.648	-14.709	0.682
31.19	-8.638	-15.028	0.974
31.2	-8.631	-15.375	0.450
31.21	-8.623	-15.847	0.020
31.22	-8.616	-16.267	0.027
31.23	-8.608	-16.466	-0.083
31.24	-8.599	-16.555	-0.096
31.25	-8.589	-16.525	-0.094
31.26	-8.576	-16.191	-0.101
31.27	-8.560	-15.609	-0.092
31.28	-8.542	-14.991	-0.100
31.29	-8.521	-14.288	-0.093
31.3	-8.498	-13.273	-0.080
31.31	-8.476	-11.566	-0.072
31.32	-8.451	-8.138	-0.050
31.33	-8.426	-1.641	-0.027
31.34	-8.399	8.481	0.007
31.35	-8.373	21.325	0.015
31.36	-8.348	34.853	0.033
31.37	-8.322	45.472	0.069
31.38	-8.299	50.273	0.113
31.39	-8.274	51.106	0.127
31.4	-8.249	50.986	0.151
31.41	-8.225	49.052	0.191
31.42	-8.203	42.583	0.218
31.43	-8.181	32.438	0.169
31.44	-8.162	22.145	0.086
31.45	-8.144	13.361	0.012
31.46	-8.128	6.286	-0.037
31.47	-8.113	0.736	-0.087
31.48	-8.099	-3.461	-0.106
31.49	-8.086	-6.522	-0.128
31.5	-8.074	-8.931	-0.123
31.51	-8.063	-11.244	-0.105
31.52	-8.053	-14.136	-0.124
31.53	-8.044	-18.275	-0.122
31.54	-8.036	-23.908	-0.092
31.55	-8.029	-30.645	-0.115
31.56	-8.023	-37.233	-0.129
31.57	-8.016	-41.994	-0.098
31.58	-8.011	-43.870	-0.070
31.59	-8.004	-42.713	-0.098
31.6	-7.999	-39.142	-0.090
31.61	-7.995	-34.133	-0.085
31.62	-7.991	-28.600	-0.096
31.63	-7.988	-23.425	-0.077
31.64	-7.986	-19.198	-0.072
31.65	-7.983	-16.137	-0.081
31.66	-7.981	-14.395	-0.060
31.67	-7.979	-13.822	-0.075
31.68	-7.978	-14.027	-0.084
31.69	-7.976	-14.825	-0.073
31.7	-7.974	-15.959	-0.077
31.71	-7.973	-17.125	-0.085
31.72	-7.971	-18.184	-0.077
31.73	-7.969	-19.002	-0.083
31.74	-7.968	-19.548	-0.061
31.75	-7.968	-19.888	-0.075
31.76	-7.967	-19.959	-0.080
31.77	-7.966	-19.775	-0.068
31.78	-7.966	-19.503	-0.064
31.79	-7.966	-19.191	-0.059
31.8	-7.966	-18.786	-0.050
31.81	-7.965	-18.380	-0.018
31.82	-7.964	-18.048	0.002
31.83	-7.964	-17.775	0.022
31.84	-7.965	-17.534	0.016
31.85	-7.966	-17.220	0.008
31.86	-7.968	-16.883	0.019
31.87	-7.969	-16.672	-0.035
31.88	-7.971	-16.383	-0.049
31.89	-7.972	-15.897	-0.062
31.9	-7.972	-15.331	-0.075
31.91	-7.973	-14.678	-0.066
31.92	-7.973	-14.095	-0.091
31.93	-7.973	-13.667	-0.096
31.94	-7.974	-13.331	-0.061
31.95	-7.975	-13.228	-0.097
31.96	-7.976	-13.403	-0.126
31.97	-7.977	-13.778	0.099
31.98	-7.979	-14.198	0.722
31.99	-7.981	-14.523	1.134
32.0	-7.982	-14.734	0.593
32.01	-7.985	-14.880	0.049
32.02	-7.987	-15.050	0.060
32.03	-7.989	-15.250	-0.047
32.04	-7.992	-15.495	-0.090
32.05	-7.994	-15.753	-0.095
32.06	-7.997	-15.861	-0.108
32.07	-8.000	-15.655	-0.073
32.08	-8.002	-15.008	-0.070
32.09	-8.003	-13.909	-0.059
32.1	-8.004	-12.164	-0.052
32.11	-8.004	-8.814	-0.042
32.12	-8.003	-2.463	-0.028
32.13	-8.003	7.717	-0.026
32.14	-8.003	21.361	-0.009
32.15	-8.002	36.003	-0.006
32.16	-8.001	46.594	0.054
32.17	-8.001	50.617	0.086
32.18	-8.001	51.131	0.104
32.19	-8.002	51.130	0.125
