Interval=	0.01 s
ExcelDateTime=	3.9769420703722273e+004	17/11/2008 10:05:48.801605
TimeFormat=	StartOfBlock
ChannelTitle=	Channel 1	Channel 2	Channel 3
Range=	20.000 mV	50.000 mV	2.000 mV
0.0	-7.118	-11.983	-0.123
0.01	-7.139	-18.777	-0.092
0.02	-7.162	-27.144	-0.084
0.03	-7.183	-36.152	-0.086
0.04	-7.204	-43.977	-0.083
0.05	-7.223	-48.930	-0.092
0.06	-7.240	-50.666	-0.081
0.07	-7.256	-49.758	-0.072
0.08	-7.273	-46.566	-0.090
0.09	-7.288	-41.748	-0.085
0.1	-7.300	-36.320	-0.052
0.11	-7.312	-31.067	-0.065
0.12	-7.321	-26.527	-0.081
0.13	-7.329	-22.919	-0.064
0.14	-7.334	-20.323	-0.057
0.15	-7.337	-18.822	-0.070
0.16	-7.335	-18.348	-0.082
0.17	-7.327	-18.677	-0.086
0.18	-7.313	-19.563	-0.071
0.19	-7.291	-20.845	-0.077
0.2	-7.263	-22.375	-0.074
0.21	-7.231	-24.000	-0.050
0.22	-7.198	-25.547	-0.063
0.23	-7.167	-26.781	-0.033
0.24	-7.136	-27.670	-0.078
0.25	-7.106	-28.339	-0.080
0.26	-7.074	-28.802	-0.036
0.27	-7.043	-29.086	-0.050
0.28	-7.012	-29.266	-0.034
0.29	-6.981	-29.348	-0.037
0.3	-6.951	-29.355	0.018
0.31	-6.921	-29.261	0.058
0.32	-6.894	-29.073	-0.003
0.33	-6.868	-28.861	0.030
0.34	-6.843	-28.683	0.015
0.35	-6.821	-28.511	-0.056
0.36	-6.799	-28.222	-0.051
0.37	-6.780	-27.797	-0.052
0.38	-6.761	-27.213	-0.056
0.39	-6.742	-26.472	-0.083
0.4	-6.724	-25.689	-0.083
0.41	-6.705	-24.958	-0.068
0.42	-6.688	-24.402	-0.062
0.43	-6.671	-24.050	-0.080
0.44	-6.655	-23.814	-0.129
0.45	-6.638	-23.717	0.013
0.46	-6.619	-23.788	0.500
0.47	-6.601	-23.902	0.906
0.48	-6.585	-24.003	0.519
0.49	-6.572	-24.117	0.078
0.5	-6.558	-24.283	0.060
0.51	-6.544	-24.567	-0.018
0.52	-6.529	-24.994	-0.042
0.53	-6.514	-25.408	-0.085
0.54	-6.498	-25.575	-0.073
0.55	-6.482	-25.431	-0.049
0.56	-6.465	-24.953	-0.089
0.57	-6.447	-24.100	-0.055
0.58	-6.429	-22.963	-0.063
0.59	-6.410	-21.228	-0.018
0.6	-6.391	-17.800	0.006
0.61	-6.374	-11.247	-0.021
0.62	-6.359	-0.130	0.035
0.63	-6.344	16.211	0.019
0.64	-6.331	34.581	0.015
0.65	-6.321	47.030	0.101
0.66	-6.312	50.842	0.104
0.67	-6.304	51.125	0.078
0.68	-6.296	51.139	0.128
0.69	-6.289	51.139	0.163
0.7	-6.284	51.136	0.148
0.71	-6.279	51.105	0.129
0.72	-6.275	50.167	0.059
0.73	-6.271	45.305	0.006
0.74	-6.269	35.653	-0.062
0.75	-6.266	25.041	-0.097
0.76	-6.264	16.211	-0.078
0.77	-6.262	9.161	-0.112
0.78	-6.259	3.531	-0.093
0.79	-6.259	-1.244	-0.098
0.8	-6.259	-5.955	-0.119
0.81	-6.259	-11.330	-0.065
0.82	-6.258	-17.997	-0.098
0.83	-6.257	-26.089	-0.131
0.84	-6.257	-34.731	-0.069
0.85	-6.257	-42.403	-0.077
0.86	-6.257	-47.761	-0.089
0.87	-6.257	-50.273	-0.071
0.88	-6.257	-50.217	-0.073
0.89	-6.257	-48.020	-0.069
0.9	-6.258	-44.106	-0.063
0.91	-6.260	-39.138	-0.060
0.92	-6.261	-33.920	-0.067
0.93	-6.263	-29.119	-0.059
0.94	-6.264	-25.200	-0.070
0.95	-6.266	-22.464	-0.072
0.96	-6.269	-20.897	-0.050
0.97	-6.272	-20.286	-0.046
0.98	-6.274	-20.458	-0.058
0.99	-6.277	-21.300	-0.073
1.0	-6.280	-22.550	-0.058
1.01	-6.284	-23.884	-0.050
1.02	-6.288	-25.138	-0.076
1.03	-6.292	-26.303	-0.074
1.04	-6.296	-27.447	-0.063
1.05	-6.300	-28.492	-0.058
1.06	-6.303	-29.245	-0.028
1.07	-6.306	-29.734	-0.040
1.08	-6.309	-30.044	-0.075
1.09	-6.312	-30.105	-0.057
1.1	-6.316	-30.006	-0.043
1.11	-6.319	-29.905	-0.026
1.12	-6.322	-29.802	0.004
1.13	-6.326	-29.666	0.046
1.14	-6.331	-29.436	0.033
1.15	-6.335	-29.080	0.037
1.16	-6.339	-28.619	0.028
1.17	-6.343	-28.091	-0.008
1.18	-6.348	-27.577	-0.029
1.19	-6.354	-27.080	-0.069
1.2	-6.361	-26.527	-0.067
1.21	-6.368	-25.917	-0.036
1.22	-6.376	-25.203	-0.058
1.23	-6.385	-24.411	-0.067
1.24	-6.397	-23.733	-0.071
1.25	-6.411	-23.194	-0.069
1.26	-6.429	-22.795	-0.116
1.27	-6.447	-22.609	-0.087
1.28	-6.467	-22.569	0.257
1.29	-6.485	-22.600	0.837
1.3	-6.504	-22.683	0.944
1.31	-6.525	-22.830	0.343
1.32	-6.547	-23.184	0.047
1.33	-6.569	-23.738	0.016
1.34	-6.591	-24.298	-0.074
1.35	-6.613	-24.783	-0.090
1.36	-6.635	-25.113	-0.081
1.37	-6.656	-25.145	-0.087
1.38	-6.677	-24.863	-0.095
1.39	-6.694	-24.286	-0.060
1.4	-6.708	-23.158	-0.049
1.41	-6.719	-20.944	-0.039
1.42	-6.731	-16.717	-0.046
1.43	-6.744	-8.964	-0.038
1.44	-6.758	3.833	-0.026
1.45	-6.773	21.764	-0.008
1.46	-6.788	39.470	0.036
1.47	-6.804	49.030	0.066
1.48	-6.822	51.059	0.077
1.49	-6.840	51.134	0.080
1.5	-6.859	51.139	0.122
1.51	-6.880	51.139	0.150
1.52	-6.901	51.139	0.129
1.53	-6.923	51.138	0.157
1.54	-6.944	51.117	0.087
1.55	-6.967	50.403	0.006
1.56	-6.989	46.342	0.014
1.57	-7.011	37.902	-0.063
1.58	-7.032	28.344	-0.107
1.59	-7.053	20.203	-0.101
1.6	-7.074	13.467	-0.120
1.61	-7.096	7.713	-0.098
1.62	-7.118	2.527	-0.102
1.63	-7.143	-2.594	-0.108
1.64	-7.167	-8.325	-0.107
1.65	-7.191	-15.286	-0.087
1.66	-7.214	-23.655	-0.101
1.67	-7.236	-32.784	-0.124
1.68	-7.258	-41.188	-0.091
1.69	-7.280	-47.267	-0.073
1.7	-7.303	-50.253	-0.067
1.71	-7.324	-50.531	-0.093
1.72	-7.343	-48.648	-0.087
1.73	-7.361	-44.923	-0.086
1.74	-7.380	-39.989	-0.100
1.75	-7.400	-34.669	-0.072
1.76	-7.421	-29.713	-0.074
1.77	-7.442	-25.580	-0.053
1.78	-7.464	-22.523	-0.069
1.79	-7.487	-20.691	-0.088
1.8	-7.511	-19.989	-0.061
1.81	-7.535	-20.169	-0.069
1.82	-7.560	-20.930	-0.078
1.83	-7.584	-22.053	-0.065
1.84	-7.607	-23.406	-0.079
1.85	-7.629	-24.825	-0.070
1.86	-7.651	-26.133	-0.047
1.87	-7.671	-27.222	-0.068
1.88	-7.689	-28.027	-0.066
1.89	-7.707	-28.531	-0.059
1.9	-7.724	-28.886	-0.058
1.91	-7.741	-29.183	-0.051
1.92	-7.759	-29.328	-0.042
1.93	-7.777	-29.322	-0.050
1.94	-7.794	-29.248	-0.006
1.95	-7.812	-29.072	0.072
1.96	-7.829	-28.784	0.040
1.97	-7.846	-28.467	0.009
1.98	-7.863	-28.103	0.001
1.99	-7.881	-27.669	-0.046
2.0	-7.899	-27.158	-0.087
2.01	-7.914	-26.570	-0.051
2.02	-7.928	-25.905	-0.042
2.03	-7.941	-25.094	-0.099
2.04	-7.956	-24.155	-0.075
2.05	-7.971	-23.223	-0.071
2.06	-7.987	-22.459	-0.107
2.07	-8.003	-21.950	-0.095
2.08	-8.021	-21.702	-0.144
2.09	-8.037	-21.734	0.068
2.1	-8.053	-22.008	0.568
2.11	-8.069	-22.388	0.886
2.12	-8.089	-22.753	0.499
2.13	-8.111	-23.063	0.043
2.14	-8.132	-23.347	0.054
2.15	-8.152	-23.641	-0.051
2.16	-8.172	-23.936	-0.086
2.17	-8.190	-24.191	-0.059
2.18	-8.206	-24.348	-0.083
2.19	-8.217	-24.289	-0.052
2.2	-8.226	-23.823	-0.080
2.21	-8.232	-22.964	-0.077
2.22	-8.238	-21.828	-0.038
2.23	-8.242	-20.011	-0.027
2.24	-8.248	-16.402	-0.031
2.25	-8.252	-9.430	-0.002
2.26	-8.258	2.409	-0.004
2.27	-8.264	19.484	0.018
2.28	-8.272	37.470	0.068
2.29	-8.281	48.278	0.091
2.3	-8.291	51.002	0.101
2.31	-8.303	51.133	0.115
2.32	-8.314	51.139	0.161
2.33	-8.324	51.139	0.155
2.34	-8.332	51.136	0.183
2.35	-8.339	51.102	0.120
2.36	-8.346	50.086	0.044
2.37	-8.348	44.989	0.034
2.38	-8.349	35.073	-0.053
2.39	-8.346	24.334	-0.071
2.4	-8.338	15.548	-0.083
2.41	-8.324	8.709	-0.111
2.42	-8.304	3.344	-0.108
2.43	-8.279	-1.177	-0.098
2.44	-8.246	-5.583	-0.090
2.45	-8.209	-10.734	-0.111
2.46	-8.169	-17.450	-0.106
2.47	-8.132	-25.783	-0.067
2.48	-8.095	-34.678	-0.062
2.49	-8.056	-42.567	-0.106
2.5	-8.016	-48.002	-0.115
2.51	-7.975	-50.292	-0.079
2.52	-7.933	-49.689	-0.071
2.53	-7.893	-46.763	-0.102
2.54	-7.853	-42.205	-0.073
2.55	-7.812	-36.794	-0.052
2.56	-7.771	-31.309	-0.080
2.57	-7.731	-26.470	-0.053
2.58	-7.693	-22.716	-0.053
2.59	-7.656	-20.180	-0.078
2.6	-7.621	-18.853	-0.076
2.61	-7.587	-18.634	-0.080
2.62	-7.555	-19.266	-0.070
2.63	-7.525	-20.439	-0.071
2.64	-7.495	-21.884	-0.061
2.65	-7.466	-23.348	-0.050
2.66	-7.439	-24.734	-0.048
2.67	-7.413	-26.055	-0.055
2.68	-7.389	-27.253	-0.081
2.69	-7.366	-28.248	-0.052
2.7	-7.344	-28.981	-0.049
2.71	-7.322	-29.456	-0.056
2.72	-7.302	-29.784	-0.062
2.73	-7.282	-30.059	-0.033
2.74	-7.264	-30.272	-0.005
2.75	-7.247	-30.369	0.014
2.76	-7.231	-30.373	0.044
2.77	-7.216	-30.331	0.027
2.78	-7.201	-30.198	0.016
2.79	-7.187	-29.955	-0.003
2.8	-7.174	-29.647	-0.039
2.81	-7.164	-29.234	-0.067
2.82	-7.153	-28.638	-0.059
2.83	-7.142	-27.883	-0.031
2.84	-7.131	-26.983	-0.079
2.85	-7.120	-25.905	-0.070
2.86	-7.111	-24.845	-0.069
2.87	-7.104	-24.050	-0.088
2.88	-7.098	-23.584	-0.057
2.89	-7.094	-23.422	-0.126
2.9	-7.089	-23.481	0.037
2.91	-7.084	-23.698	0.544
2.92	-7.079	-23.902	0.973
2.93	-7.078	-23.992	0.594
2.94	-7.078	-24.147	0.061
2.95	-7.076	-24.470	0.052
2.96	-7.072	-24.878	-0.023
2.97	-7.071	-25.259	-0.063
2.98	-7.070	-25.545	-0.057
2.99	-7.068	-25.706	-0.090
3.0	-7.066	-25.603	-0.078
3.01	-7.062	-25.113	-0.066
3.02	-7.056	-24.278	-0.071
3.03	-7.049	-23.056	-0.036
3.04	-7.043	-20.908	-0.020
3.05	-7.036	-16.619	-0.019
3.06	-7.031	-8.617	0.010
3.07	-7.025	4.513	-0.005
3.08	-7.018	22.753	0.014
3.09	-7.012	40.295	0.030
3.1	-7.007	49.313	0.039
3.11	-7.003	51.075	0.112
3.12	-7.001	51.134	0.124
3.13	-6.999	51.139	0.131
3.14	-6.998	51.139	0.154
3.15	-6.997	51.139	0.122
3.16	-6.998	51.130	0.106
3.17	-6.999	50.944	0.070
3.18	-6.999	48.683	-0.004
3.19	-7.000	41.677	-0.051
3.2	-7.001	31.525	-0.075
3.21	-7.004	21.955	-0.093
3.22	-7.006	14.081	-0.091
3.23	-7.008	7.603	-0.106
3.24	-7.010	2.048	-0.125
3.25	-7.014	-3.119	-0.091
3.26	-7.018	-8.522	-0.095
3.27	-7.021	-14.863	-0.096
3.28	-7.024	-22.623	-0.071
3.29	-7.027	-31.478	-0.091
3.3	-7.031	-40.153	-0.084
3.31	-7.034	-46.852	-0.091
3.32	-7.038	-50.253	-0.078
3.33	-7.043	-51.039	-0.087
3.34	-7.047	-50.395	-0.073
3.35	-7.052	-47.883	-0.047
3.36	-7.057	-43.425	-0.076
3.37	-7.062	-38.133	-0.051
3.38	-7.067	-32.900	-0.077
3.39	-7.072	-28.266	-0.057
3.4	-7.078	-24.648	-0.066
3.41	-7.084	-22.261	-0.098
3.42	-7.091	-21.044	-0.052
3.43	-7.098	-20.748	-0.058
3.44	-7.105	-21.102	-0.080
3.45	-7.113	-21.906	-0.041
3.46	-7.121	-23.003	-0.061
3.47	-7.129	-24.219	-0.075
3.48	-7.138	-25.428	-0.052
3.49	-7.145	-26.581	-0.079
3.5	-7.153	-27.659	-0.084
3.51	-7.161	-28.620	-0.054
3.52	-7.168	-29.413	-0.053
3.53	-7.175	-29.994	-0.043
3.54	-7.182	-30.316	-0.040
3.55	-7.189	-30.400	-0.072
3.56	-7.197	-30.369	-0.029
3.57	-7.206	-30.238	0.012
3.58	-7.215	-29.923	0.007
3.59	-7.226	-29.517	0.017
3.6	-7.237	-29.169	0.019
3.61	-7.249	-28.853	0.049
3.62	-7.262	-28.553	0.007
3.63	-7.274	-28.273	-0.042
3.64	-7.288	-27.953	-0.040
3.65	-7.302	-27.531	-0.046
3.66	-7.316	-26.917	-0.069
3.67	-7.331	-26.125	-0.083
3.68	-7.346	-25.314	-0.079
3.69	-7.361	-24.553	-0.090
3.7	-7.378	-23.848	-0.057
3.71	-7.395	-23.288	-0.081
3.72	-7.412	-22.967	-0.128
3.73	-7.429	-22.820	0.036
3.74	-7.445	-22.781	0.599
3.75	-7.461	-22.864	1.047
3.76	-7.481	-23.005	0.605
3.77	-7.503	-23.181	0.097
3.78	-7.524	-23.448	0.059
3.79	-7.544	-23.797	-0.054
3.8	-7.566	-24.205	-0.085
3.81	-7.589	-24.623	-0.063
3.82	-7.611	-24.873	-0.070
3.83	-7.632	-24.775	-0.078
3.84	-7.650	-24.292	-0.094
3.85	-7.665	-23.402	-0.069
3.86	-7.679	-21.902	-0.046
3.87	-7.691	-19.123	-0.015
3.88	-7.704	-13.839	-0.044
3.89	-7.716	-4.473	-0.024
3.9	-7.730	10.322	0.011
3.91	-7.744	29.164	0.009
3.92	-7.760	44.400	0.029
3.93	-7.776	50.397	0.050
3.94	-7.794	51.123	0.092
3.95	-7.814	51.138	0.121
3.96	-7.834	51.139	0.124
3.97	-7.857	51.139	0.141
3.98	-7.879	51.139	0.159
3.99	-7.902	51.134	0.131
4.0	-7.926	51.048	0.067
4.01	-7.949	49.405	-0.022
4.02	-7.970	43.256	-0.068
4.03	-7.991	33.277	-0.059
4.04	-8.013	23.414	-0.100
4.05	-8.034	15.328	-0.098
4.06	-8.056	8.739	-0.122
4.07	-8.078	3.173	-0.115
4.08	-8.101	-2.028	-0.098
4.09	-8.122	-7.520	-0.108
4.1	-8.144	-13.845	-0.086
4.11	-8.166	-21.505	-0.097
4.12	-8.188	-30.347	-0.091
4.13	-8.209	-39.153	-0.085
4.14	-8.229	-46.147	-0.100
4.15	-8.249	-49.950	-0.091
4.16	-8.268	-50.959	-0.093
4.17	-8.286	-50.170	-0.079
4.18	-8.304	-47.297	-0.077
4.19	-8.321	-42.456	-0.085
4.2	-8.336	-36.784	-0.067
4.21	-8.351	-31.206	-0.073
4.22	-8.368	-26.370	-0.082
4.23	-8.385	-22.684	-0.083
4.24	-8.401	-20.277	-0.079
4.25	-8.416	-19.089	-0.065
4.26	-8.431	-18.902	-0.064
4.27	-8.446	-19.453	-0.072
4.28	-8.462	-20.505	-0.089
4.29	-8.478	-21.813	-0.072
4.3	-8.494	-23.222	-0.066
4.31	-8.509	-24.616	-0.062
4.32	-8.525	-25.900	-0.066
4.33	-8.541	-27.009	-0.080
4.34	-8.556	-27.916	-0.054
4.35	-8.569	-28.630	-0.054
4.36	-8.582	-29.178	-0.070
4.37	-8.596	-29.550	-0.058
4.38	-8.611	-29.714	-0.034
4.39	-8.626	-29.688	-0.035
4.4	-8.643	-29.461	0.018
4.41	-8.659	-29.059	0.037
4.42	-8.678	-28.633	0.033
4.43	-8.698	-28.272	0.015
4.44	-8.717	-28.006	-0.028
4.45	-8.737	-27.764	-0.041
4.46	-8.755	-27.397	-0.061
4.47	-8.771	-26.822	-0.078
4.48	-8.784	-25.972	-0.060
4.49	-8.797	-24.855	-0.068
4.5	-8.810	-23.609	-0.094
4.51	-8.822	-22.466	-0.070
4.52	-8.834	-21.691	-0.064
4.53	-8.849	-21.278	-0.097
4.54	-8.865	-21.105	-0.113
4.55	-8.876	-21.178	0.175
4.56	-8.886	-21.434	0.720
4.57	-8.898	-21.802	0.853
4.58	-8.912	-22.236	0.303
4.59	-8.926	-22.616	0.015
4.6	-8.939	-22.933	0.002
4.61	-8.951	-23.195	-0.029
4.62	-8.960	-23.453	-0.053
4.63	-8.966	-23.731	-0.111
4.64	-8.969	-23.922	-0.039
4.65	-8.967	-23.905	-0.069
4.66	-8.962	-23.534	-0.057
4.67	-8.955	-22.844	-0.023
4.68	-8.948	-21.916	-0.072
4.69	-8.941	-20.283	-0.037
4.7	-8.932	-16.830	-0.011
4.71	-8.920	-9.955	-0.018
4.72	-8.905	1.977	0.028
4.73	-8.887	19.345	0.064
4.74	-8.866	37.536	0.048
4.75	-8.844	48.330	0.097
4.76	-8.819	51.006	0.107
4.77	-8.792	51.133	0.124
4.78	-8.763	51.139	0.174
4.79	-8.732	51.139	0.158
4.8	-8.701	51.136	0.154
4.81	-8.666	51.081	0.116
4.82	-8.631	49.738	0.036
4.83	-8.595	43.738	-0.013
4.84	-8.558	32.800	-0.061
4.85	-8.518	21.334	-0.100
4.86	-8.478	11.981	-0.100
4.87	-8.439	4.666	-0.118
4.88	-8.401	-1.077	-0.102
4.89	-8.367	-5.925	-0.101
4.9	-8.336	-10.713	-0.123
4.91	-8.304	-16.303	-0.081
4.92	-8.273	-23.328	-0.099
4.93	-8.243	-31.567	-0.096
4.94	-8.214	-39.780	-0.124
4.95	-8.187	-46.311	-0.113
4.96	-8.159	-49.928	-0.071
4.97	-8.132	-50.745	-0.092
4.98	-8.105	-49.375	-0.060
4.99	-8.079	-45.956	-0.064
5.0	-8.054	-41.153	-0.101
5.01	-8.029	-35.947	-0.076
5.02	-8.006	-30.964	-0.057
5.03	-7.982	-26.670	-0.092
5.04	-7.961	-23.291	-0.057
5.05	-7.939	-20.881	-0.059
5.06	-7.919	-19.511	-0.096
5.07	-7.900	-19.172	-0.059
5.08	-7.883	-19.645	-0.063
5.09	-7.864	-20.592	-0.062
5.1	-7.847	-21.792	-0.073
5.11	-7.828	-23.202	-0.090
5.12	-7.811	-24.714	-0.063
5.13	-7.795	-26.142	-0.042
5.14	-7.780	-27.358	-0.070
5.15	-7.767	-28.317	-0.083
5.16	-7.754	-29.061	-0.046
5.17	-7.743	-29.641	-0.051
5.18	-7.732	-29.994	-0.073
5.19	-7.722	-30.073	-0.022
5.2	-7.712	-29.963	-0.023
5.21	-7.702	-29.798	0.010
5.22	-7.692	-29.650	0.041
5.23	-7.684	-29.516	0.021
5.24	-7.677	-29.402	0.021
5.25	-7.671	-29.252	-0.014
5.26	-7.665	-28.963	-0.034
5.27	-7.660	-28.555	-0.069
5.28	-7.655	-28.013	-0.058
5.29	-7.649	-27.248	-0.024
5.3	-7.644	-26.383	-0.084
5.31	-7.639	-25.617	-0.099
5.32	-7.634	-24.998	-0.089
5.33	-7.629	-24.456	-0.052
5.34	-7.627	-23.981	-0.068
5.35	-7.624	-23.689	-0.150
5.36	-7.621	-23.598	0.083
5.37	-7.618	-23.553	0.632
5.38	-7.617	-23.494	0.959
5.39	-7.617	-23.542	0.509
5.4	-7.618	-23.645	0.072
5.41	-7.617	-23.738	0.033
5.42	-7.617	-23.967	-0.058
5.43	-7.617	-24.331	-0.048
5.44	-7.617	-24.736	-0.058
5.45	-7.618	-25.084	-0.084
5.46	-7.617	-25.186	-0.077
5.47	-7.616	-24.900	-0.065
5.48	-7.613	-24.108	-0.042
5.49	-7.609	-22.698	-0.073
5.5	-7.605	-20.280	-0.061
5.51	-7.600	-15.786	-0.008
5.52	-7.596	-7.650	0.011
5.53	-7.591	5.600	-0.002
5.54	-7.585	23.823	0.009
5.55	-7.580	40.986	0.067
5.56	-7.576	49.519	0.072
5.57	-7.574	51.088	0.069
5.58	-7.574	51.134	0.110
5.59	-7.574	51.139	0.136
5.6	-7.576	51.139	0.128
5.61	-7.577	51.139	0.145
5.62	-7.579	51.133	0.117
5.63	-7.581	51.014	0.065
5.64	-7.583	49.063	-0.007
5.65	-7.586	42.277	-0.061
5.66	-7.589	31.736	-0.087
5.67	-7.591	21.505	-0.122
5.68	-7.593	13.139	-0.106
5.69	-7.594	6.403	-0.083
5.7	-7.596	0.825	-0.105
5.71	-7.598	-4.292	-0.124
5.72	-7.600	-9.778	-0.107
5.73	-7.601	-16.331	-0.096
5.74	-7.604	-24.273	-0.094
5.75	-7.606	-33.073	-0.101
5.76	-7.609	-41.289	-0.090
5.77	-7.611	-47.309	-0.088
5.78	-7.614	-50.298	-0.092
5.79	-7.617	-50.798	-0.078
5.8	-7.621	-49.459	-0.097
5.81	-7.624	-46.278	-0.069
5.82	-7.629	-41.736	-0.079
5.83	-7.633	-36.677	-0.081
5.84	-7.637	-31.698	-0.046
5.85	-7.641	-27.309	-0.069
5.86	-7.647	-23.855	-0.096
5.87	-7.652	-21.433	-0.052
5.88	-7.659	-20.098	-0.050
5.89	-7.666	-19.823	-0.078
5.9	-7.674	-20.494	-0.084
5.91	-7.683	-21.634	-0.099
5.92	-7.691	-22.858	-0.066
5.93	-7.701	-24.081	-0.059
5.94	-7.709	-25.144	-0.066
5.95	-7.719	-26.198	-0.057
5.96	-7.728	-27.384	-0.042
5.97	-7.737	-28.520	-0.099
5.98	-7.747	-29.448	-0.073
5.99	-7.756	-30.061	-0.047
6.0	-7.766	-30.286	-0.064
6.01	-7.776	-30.216	-0.028
6.02	-7.787	-29.955	-0.051
6.03	-7.798	-29.491	0.015
6.04	-7.809	-29.000	0.013
6.05	-7.822	-28.680	0.013
6.06	-7.835	-28.453	0.044
6.07	-7.849	-28.253	-0.011
6.08	-7.864	-28.048	-0.032
6.09	-7.879	-27.703	-0.041
6.1	-7.894	-27.169	-0.054
6.11	-7.909	-26.527	-0.084
6.12	-7.926	-25.817	-0.075
6.13	-7.944	-25.083	-0.061
6.14	-7.963	-24.405	-0.095
6.15	-7.982	-23.797	-0.089
6.16	-8.002	-23.325	-0.079
6.17	-8.023	-23.069	-0.122
6.18	-8.044	-22.988	-0.043
6.19	-8.063	-22.994	0.378
6.2	-8.082	-23.031	0.958
6.21	-8.103	-23.098	0.798
6.22	-8.124	-23.228	0.168
6.23	-8.147	-23.445	0.064
6.24	-8.168	-23.767	-0.003
6.25	-8.189	-24.125	-0.098
6.26	-8.209	-24.377	-0.065
6.27	-8.230	-24.486	-0.093
6.28	-8.251	-24.353	-0.085
6.29	-8.268	-23.831	-0.063
6.3	-8.281	-22.950	-0.079
6.31	-8.293	-21.613	-0.061
6.32	-8.303	-19.445	-0.063
6.33	-8.314	-15.561	-0.056
6.34	-8.325	-8.361	-0.016
6.35	-8.336	3.923	-0.009
6.36	-8.349	21.686	0.022
6.37	-8.363	39.463	0.049
6.38	-8.377	49.042	0.049
6.39	-8.393	51.059	0.067
6.4	-8.409	51.134	0.111
6.41	-8.428	51.139	0.128
6.42	-8.446	51.139	0.137
6.43	-8.464	51.139	0.147
6.44	-8.481	51.136	0.130
6.45	-8.499	51.103	0.081
6.46	-8.518	50.136	0.002
6.47	-8.536	45.277	-0.032
6.48	-8.555	35.723	-0.070
6.49	-8.572	25.150	-0.130
6.5	-8.589	16.245	-0.115
6.51	-8.604	9.086	-0.107
6.52	-8.619	3.259	-0.127
6.53	-8.637	-1.763	-0.118
6.54	-8.655	-6.777	-0.112
6.55	-8.672	-12.627	-0.115
6.56	-8.688	-19.838	-0.101
6.57	-8.703	-28.347	-0.115
6.58	-8.718	-37.230	-0.078
6.59	-8.732	-44.817	-0.078
6.6	-8.744	-49.405	-0.141
6.61	-8.755	-50.884	-0.106
6.62	-8.766	-50.363	-0.064
6.63	-8.776	-48.025	-0.078
6.64	-8.787	-43.477	-0.105
6.65	-8.798	-37.311	-0.075
6.66	-8.811	-31.048	-0.059
6.67	-8.824	-25.633	-0.073
6.68	-8.836	-21.594	-0.065
6.69	-8.846	-19.188	-0.067
6.7	-8.857	-18.113	-0.097
6.71	-8.869	-18.178	-0.080
6.72	-8.881	-19.067	-0.062
6.73	-8.894	-20.358	-0.076
6.74	-8.908	-21.755	-0.069
6.75	-8.921	-23.109	-0.075
6.76	-8.935	-24.406	-0.072
6.77	-8.948	-25.597	-0.061
6.78	-8.961	-26.622	-0.060
6.79	-8.974	-27.478	-0.080
6.8	-8.987	-28.147	-0.080
6.81	-8.999	-28.614	-0.054
6.82	-9.013	-28.931	-0.066
6.83	-9.027	-29.100	-0.040
6.84	-9.041	-29.131	-0.041
6.85	-9.054	-29.105	-0.006
6.86	-9.068	-28.997	0.036
6.87	-9.082	-28.758	0.023
6.88	-9.096	-28.470	0.020
6.89	-9.109	-28.123	-0.006
6.9	-9.119	-27.623	-0.044
6.91	-9.129	-27.023	-0.050
6.92	-9.138	-26.272	-0.059
6.93	-9.143	-25.288	-0.073
6.94	-9.143	-24.167	-0.074
6.95	-9.141	-22.991	-0.081
6.96	-9.136	-21.928	-0.081
6.97	-9.130	-21.170	-0.076
6.98	-9.121	-20.736	-0.077
6.99	-9.107	-20.600	-0.127
7.0	-9.089	-20.700	-0.044
7.01	-9.063	-20.905	0.430
7.02	-9.034	-21.094	0.904
7.03	-9.007	-21.266	0.576
7.04	-8.981	-21.566	0.090
7.05	-8.954	-22.063	0.068
7.06	-8.928	-22.678	-0.024
7.07	-8.899	-23.356	-0.079
7.08	-8.867	-24.017	-0.066
7.09	-8.832	-24.475	-0.087
7.1	-8.794	-24.530	-0.081
7.11	-8.754	-24.145	-0.064
7.12	-8.712	-23.470	-0.048
7.13	-8.668	-22.644	-0.062
7.14	-8.626	-21.472	-0.041
7.15	-8.586	-19.205	-0.008
7.16	-8.548	-14.459	-0.015
7.17	-8.512	-5.480	0.003
7.18	-8.476	8.902	0.025
7.19	-8.443	27.441	0.022
7.2	-8.411	43.255	0.087
7.21	-8.381	50.131	0.109
7.22	-8.352	51.122	0.102
7.23	-8.325	51.136	0.161
7.24	-8.301	51.139	0.146
7.25	-8.278	51.139	0.155
7.26	-8.256	51.130	0.145
7.27	-8.234	50.809	0.072
7.28	-8.213	47.722	0.010
7.29	-8.193	39.102	-0.032
7.3	-8.174	27.406	-0.075
7.31	-8.154	16.861	-0.110
7.32	-8.136	8.478	-0.118
7.33	-8.118	1.913	-0.124
7.34	-8.101	-3.350	-0.106
7.35	-8.086	-8.055	-0.076
7.36	-8.070	-13.155	-0.094
7.37	-8.056	-19.453	-0.105
7.38	-8.043	-27.213	-0.098
7.39	-8.029	-35.828	-0.136
7.4	-8.017	-43.713	-0.100
7.41	-8.005	-48.900	-0.075
7.42	-7.993	-50.842	-0.095
7.43	-7.981	-50.714	-0.101
7.44	-7.970	-48.797	-0.079
7.45	-7.959	-44.752	-0.053
7.46	-7.950	-39.483	-0.064
7.47	-7.942	-34.052	-0.092
7.48	-7.936	-29.017	-0.078
7.49	-7.930	-24.892	-0.084
7.5	-7.924	-21.984	-0.096
7.51	-7.918	-20.283	-0.056
7.52	-7.914	-19.663	-0.078
7.53	-7.911	-19.841	-0.078
7.54	-7.907	-20.542	-0.038
7.55	-7.903	-21.658	-0.087
7.56	-7.900	-23.030	-0.084
7.57	-7.897	-24.466	-0.066
7.58	-7.894	-25.803	-0.073
7.59	-7.891	-26.913	-0.056
7.6	-7.888	-27.892	-0.101
7.61	-7.884	-28.819	-0.083
7.62	-7.882	-29.498	-0.047
7.63	-7.879	-29.866	-0.049
7.64	-7.877	-30.020	-0.050
7.65	-7.875	-30.011	-0.057
7.66	-7.874	-29.895	-0.038
7.67	-7.873	-29.764	-0.009
7.68	-7.873	-29.614	0.030
7.69	-7.872	-29.403	0.022
7.7	-7.871	-29.213	0.004
7.71	-7.871	-29.039	0.015
7.72	-7.870	-28.763	-0.033
7.73	-7.870	-28.380	-0.076
7.74	-7.871	-27.806	-0.068
7.75	-7.871	-27.005	-0.067
7.76	-7.872	-26.134	-0.096
7.77	-7.871	-25.263	-0.079
7.78	-7.871	-24.431	-0.075
7.79	-7.870	-23.698	-0.077
7.8	-7.871	-23.156	-0.076
7.81	-7.872	-22.894	-0.175
7.82	-7.873	-22.825	-0.058
7.83	-7.874	-22.870	0.413
7.84	-7.875	-23.047	0.953
7.85	-7.877	-23.308	0.798
7.86	-7.881	-23.581	0.167
7.87	-7.884	-23.806	0.039
7.88	-7.889	-23.992	-0.016
7.89	-7.893	-24.191	-0.085
7.9	-7.898	-24.470	-0.089
7.91	-7.903	-24.877	-0.097
7.92	-7.906	-25.227	-0.083
7.93	-7.906	-25.261	-0.097
7.94	-7.904	-24.798	-0.069
7.95	-7.902	-23.644	-0.075
7.96	-7.899	-21.439	-0.077
7.97	-7.898	-17.333	-0.032
7.98	-7.896	-9.911	-0.015
7.99	-7.892	2.361	-0.007
8.0	-7.888	20.002	0.011
8.01	-7.883	38.209	0.009
8.02	-7.880	48.619	0.034
8.03	-7.879	51.031	0.059
8.04	-7.880	51.134	0.088
8.05	-7.881	51.139	0.134
8.06	-7.883	51.139	0.125
8.07	-7.885	51.139	0.149
8.08	-7.888	51.136	0.140
8.09	-7.890	51.114	0.029
8.1	-7.893	50.308	-0.003
8.11	-7.897	45.856	-0.035
8.12	-7.901	36.697	-0.088
8.13	-7.905	26.344	-0.116
8.14	-7.909	17.542	-0.106
8.15	-7.913	10.366	-0.093
8.16	-7.919	4.409	-0.126
8.17	-7.926	-0.855	-0.111
8.18	-7.937	-6.147	-0.124
8.19	-7.946	-12.202	-0.098
8.2	-7.956	-19.511	-0.103
8.21	-7.967	-28.073	-0.098
8.22	-7.979	-37.103	-0.103
8.23	-7.993	-44.895	-0.099
8.24	-8.006	-49.525	-0.085
8.25	-8.019	-50.984	-0.108
8.26	-8.031	-50.934	-0.070
8.27	-8.044	-49.558	-0.094
8.28	-8.058	-46.078	-0.093
8.29	-8.072	-41.028	-0.065
8.3	-8.086	-35.522	-0.085
8.31	-8.099	-30.328	-0.093
8.32	-8.113	-25.948	-0.072
8.33	-8.130	-22.695	-0.065
8.34	-8.146	-20.734	-0.095
8.35	-8.162	-20.008	-0.076
8.36	-8.178	-20.231	-0.043
8.37	-8.194	-21.100	-0.089
8.38	-8.212	-22.344	-0.078
8.39	-8.231	-23.717	-0.077
8.4	-8.251	-25.089	-0.101
8.41	-8.270	-26.356	-0.058
8.42	-8.289	-27.384	-0.060
8.43	-8.307	-28.159	-0.069
8.44	-8.326	-28.791	-0.083
8.45	-8.346	-29.333	-0.066
8.46	-8.364	-29.789	-0.063
8.47	-8.384	-30.161	-0.076
8.48	-8.402	-30.375	-0.059
8.49	-8.420	-30.356	-0.036
8.5	-8.439	-30.136	-0.015
8.51	-8.457	-29.748	0.003
8.52	-8.478	-29.275	0.033
8.53	-8.498	-28.820	0.045
8.54	-8.520	-28.419	0.025
8.55	-8.544	-28.095	-0.011
8.56	-8.567	-27.756	-0.045
8.57	-8.591	-27.291	-0.040
8.58	-8.613	-26.734	-0.071
8.59	-8.634	-26.120	-0.071
8.6	-8.656	-25.409	-0.052
8.61	-8.677	-24.559	-0.084
8.62	-8.699	-23.661	-0.097
8.63	-8.720	-22.941	-0.077
8.64	-8.741	-22.444	-0.052
8.65	-8.763	-22.111	-0.143
8.66	-8.784	-22.002	0.002
8.67	-8.803	-22.098	0.558
8.68	-8.823	-22.331	0.975
8.69	-8.846	-22.713	0.575
8.7	-8.869	-23.181	0.072
8.71	-8.893	-23.653	0.036
8.72	-8.915	-24.102	-0.037
8.73	-8.936	-24.502	-0.060
8.74	-8.953	-24.783	-0.067
8.75	-8.969	-24.803	-0.081
8.76	-8.982	-24.419	-0.094
8.77	-8.991	-23.581	-0.082
8.78	-8.998	-22.402	-0.055
8.79	-9.003	-21.005	-0.066
8.8	-9.009	-19.056	-0.047
8.81	-9.015	-15.452	-0.004
8.82	-9.024	-8.433	-0.031
8.83	-9.033	3.792	-0.008
8.84	-9.042	21.548	0.036
8.85	-9.052	39.355	0.008
8.86	-9.063	49.003	0.073
8.87	-9.075	51.058	0.116
8.88	-9.087	51.134	0.099
8.89	-9.099	51.139	0.143
8.9	-9.112	51.139	0.161
8.91	-9.126	51.139	0.170
8.92	-9.139	51.131	0.130
8.93	-9.152	50.763	0.041
8.94	-9.163	47.539	-0.018
8.95	-9.174	38.967	-0.059
8.96	-9.186	27.709	-0.072
8.97	-9.196	17.817	-0.101
8.98	-9.206	10.156	-0.105
8.99	-9.216	4.302	-0.105
9.0	-9.227	-0.355	-0.127
9.01	-9.237	-4.659	-0.115
9.02	-9.246	-9.536	-0.123
9.03	-9.255	-15.716	-0.112
9.04	-9.266	-23.563	-0.123
9.05	-9.277	-32.513	-0.097
9.06	-9.288	-41.022	-0.071
9.07	-9.298	-47.308	-0.107
9.08	-9.307	-50.333	-0.090
9.09	-9.316	-50.455	-0.068
9.1	-9.325	-48.247	-0.103
9.11	-9.334	-44.080	-0.091
9.12	-9.343	-38.834	-0.070
9.13	-9.352	-33.395	-0.102
9.14	-9.363	-28.319	-0.068
9.15	-9.373	-24.000	-0.052
9.16	-9.381	-20.756	-0.097
9.17	-9.388	-18.681	-0.070
9.18	-9.396	-17.731	-0.055
9.19	-9.403	-17.802	-0.089
9.2	-9.409	-18.614	-0.076
9.21	-9.412	-19.880	-0.058
9.22	-9.413	-21.461	-0.063
9.23	-9.412	-23.139	-0.066
9.24	-9.409	-24.658	-0.087
9.25	-9.405	-25.909	-0.091
9.26	-9.398	-26.781	-0.052
9.27	-9.386	-27.280	-0.066
9.28	-9.367	-27.625	-0.069
9.29	-9.344	-27.870	-0.047
9.3	-9.316	-27.892	-0.036
9.31	-9.285	-27.731	-0.020
9.32	-9.252	-27.569	-0.023
9.33	-9.221	-27.447	0.031
9.34	-9.189	-27.305	0.019
9.35	-9.158	-27.152	-0.006
9.36	-9.124	-27.030	-0.015
9.37	-9.089	-26.905	-0.048
9.38	-9.053	-26.656	-0.047
9.39	-9.015	-26.217	-0.061
9.4	-8.976	-25.628	-0.074
9.41	-8.936	-24.955	-0.080
9.42	-8.898	-24.223	-0.084
9.43	-8.861	-23.405	-0.105
9.44	-8.824	-22.625	-0.110
9.45	-8.789	-22.177	-0.074
9.46	-8.757	-22.178	-0.144
9.47	-8.724	-22.550	0.012
9.48	-8.691	-23.069	0.502
9.49	-8.658	-23.533	0.855
9.5	-8.628	-23.939	0.519
9.51	-8.601	-24.284	0.077
9.52	-8.574	-24.605	0.067
9.53	-8.548	-25.048	-0.042
9.54	-8.521	-25.578	-0.083
9.55	-8.494	-26.077	-0.077
9.56	-8.467	-26.422	-0.075
9.57	-8.441	-26.463	-0.083
9.58	-8.416	-26.123	-0.065
9.59	-8.390	-25.464	-0.033
9.6	-8.364	-24.609	-0.076
9.61	-8.338	-23.394	-0.039
9.62	-8.313	-21.027	-0.033
9.63	-8.289	-16.103	-0.032
9.64	-8.266	-7.050	0.001
9.65	-8.243	7.244	0.025
9.66	-8.223	25.914	0.037
9.67	-8.204	42.384	0.046
9.68	-8.186	49.916	0.095
9.69	-8.171	51.113	0.113
9.7	-8.158	51.136	0.141
9.71	-8.146	51.139	0.169
9.72	-8.133	51.139	0.138
9.73	-8.122	51.131	0.130
9.74	-8.111	50.783	0.065
9.75	-8.101	47.631	-0.011
9.76	-8.090	39.098	-0.045
9.77	-8.081	27.695	-0.083
9.78	-8.071	17.439	-0.088
9.79	-8.061	9.381	-0.111
9.8	-8.053	3.242	-0.112
9.81	-8.046	-1.797	-0.110
9.82	-8.039	-6.573	-0.112
9.83	-8.033	-11.734	-0.092
9.84	-8.026	-18.042	-0.102
9.85	-8.020	-25.811	-0.092
9.86	-8.016	-34.294	-0.098
9.87	-8.012	-42.066	-0.109
9.88	-8.009	-47.684	-0.089
9.89	-8.005	-50.400	-0.082
9.9	-8.001	-50.616	-0.088
9.91	-7.998	-48.694	-0.076
9.92	-7.996	-44.847	-0.063
9.93	-7.994	-39.970	-0.089
9.94	-7.992	-34.867	-0.091
9.95	-7.991	-30.006	-0.066
9.96	-7.989	-25.819	-0.090
9.97	-7.988	-22.609	-0.086
9.98	-7.987	-20.489	-0.070
9.99	-7.986	-19.442	-0.086
10.0	-7.986	-19.425	-0.062
10.01	-7.985	-20.252	-0.075
10.02	-7.986	-21.509	-0.088
10.03	-7.986	-22.853	-0.048
10.04	-7.987	-24.191	-0.074
10.05	-7.987	-25.456	-0.081
10.06	-7.989	-26.505	-0.071
10.07	-7.989	-27.250	-0.071
10.08	-7.991	-27.706	-0.076
10.09	-7.992	-28.038	-0.085
10.1	-7.993	-28.423	-0.052
10.11	-7.995	-28.833	-0.060
10.12	-7.997	-29.166	-0.045
10.13	-7.999	-29.320	-0.046
10.14	-8.001	-29.292	-0.056
10.15	-8.004	-29.242	-0.000
10.16	-8.006	-29.141	0.046
10.17	-8.009	-28.916	0.029
10.18	-8.011	-28.675	0.040
10.19	-8.012	-28.436	0.013
10.2	-8.013	-28.152	-0.062
10.21	-8.014	-27.731	-0.049
10.22	-8.015	-27.133	-0.047
10.23	-8.015	-26.497	-0.052
10.24	-8.014	-25.928	-0.073
10.25	-8.014	-25.341	-0.085
10.26	-8.014	-24.689	-0.081
10.27	-8.014	-24.058	-0.102
10.28	-8.016	-23.517	-0.078
10.29	-8.018	-23.134	-0.120
10.3	-8.020	-22.991	-0.010
10.31	-8.022	-22.984	0.482
10.32	-8.023	-23.034	1.012
10.33	-8.026	-23.239	0.681
10.34	-8.029	-23.589	0.114
10.35	-8.033	-23.998	0.039
10.36	-8.037	-24.434	-0.047
10.37	-8.043	-24.945	-0.073
10.38	-8.049	-25.463	-0.105
10.39	-8.055	-25.728	-0.088
10.4	-8.058	-25.600	-0.069
10.41	-8.058	-25.091	-0.099
10.42	-8.054	-24.194	-0.087
10.43	-8.052	-22.764	-0.067
10.44	-8.050	-20.269	-0.064
10.45	-8.047	-15.608	-0.038
10.46	-8.044	-7.227	-0.015
10.47	-8.042	6.391	0.005
10.48	-8.039	24.975	0.026
10.49	-8.038	41.939	0.011
10.5	-8.037	49.850	0.020
10.51	-8.039	51.111	0.075
10.52	-8.041	51.136	0.112
10.53	-8.045	51.139	0.120
10.54	-8.051	51.139	0.129
10.55	-8.059	51.139	0.162
10.56	-8.069	51.138	0.122
10.57	-8.079	51.091	0.080
10.58	-8.091	49.942	-0.007
10.59	-8.103	44.848	-0.070
10.6	-8.116	35.570	-0.086
10.61	-8.130	25.755	-0.112
10.62	-8.143	17.569	-0.091
10.63	-8.154	10.963	-0.114
10.64	-8.166	5.480	-0.138
10.65	-8.179	0.488	-0.094
10.66	-8.194	-4.644	-0.114
10.67	-8.210	-10.572	-0.118
10.68	-8.226	-17.780	-0.075
10.69	-8.243	-26.291	-0.121
10.7	-8.261	-35.352	-0.107
10.71	-8.279	-43.363	-0.077
10.72	-8.296	-48.627	-0.096
10.73	-8.313	-50.730	-0.077
10.74	-8.330	-50.650	-0.074
10.75	-8.348	-48.725	-0.090
10.76	-8.367	-44.872	-0.075
10.77	-8.387	-39.805	-0.063
10.78	-8.407	-34.334	-0.079
10.79	-8.429	-29.195	-0.110
10.8	-8.452	-25.058	-0.083
10.81	-8.475	-22.241	-0.033
10.82	-8.497	-20.756	-0.075
10.83	-8.519	-20.402	-0.103
10.84	-8.543	-20.839	-0.061
10.85	-8.565	-21.823	-0.071
10.86	-8.588	-23.133	-0.063
10.87	-8.610	-24.514	-0.064
10.88	-8.633	-25.838	-0.075
10.89	-8.654	-26.983	-0.068
10.9	-8.675	-27.900	-0.067
10.91	-8.694	-28.614	-0.059
10.92	-8.713	-29.077	-0.063
10.93	-8.731	-29.222	-0.081
10.94	-8.749	-29.047	-0.063
10.95	-8.766	-28.736	-0.045
10.96	-8.782	-28.478	-0.050
10.97	-8.797	-28.244	-0.020
10.98	-8.813	-28.034	-0.024
10.99	-8.829	-27.914	0.012
11.0	-8.846	-27.845	0.032
11.01	-8.863	-27.748	0.024
11.02	-8.879	-27.564	0.017
11.03	-8.895	-27.217	-0.033
11.04	-8.911	-26.695	-0.070
11.05	-8.926	-26.073	-0.032
11.06	-8.941	-25.423	-0.053
11.07	-8.954	-24.739	-0.085
11.08	-8.967	-24.027	-0.072
11.09	-8.979	-23.375	-0.067
11.1	-8.990	-22.827	-0.096
11.11	-9.002	-22.459	-0.089
11.12	-9.014	-22.330	-0.087
11.13	-9.026	-22.314	-0.110
11.14	-9.034	-22.398	0.167
11.15	-9.042	-22.573	0.767
11.16	-9.050	-22.695	0.905
11.17	-9.061	-22.778	0.295
11.18	-9.072	-22.984	0.038
11.19	-9.084	-23.402	0.058
11.2	-9.096	-23.944	-0.057
11.21	-9.106	-24.425	-0.071
11.22	-9.114	-24.719	-0.089
11.23	-9.119	-24.730	-0.062
11.24	-9.120	-24.369	-0.065
11.25	-9.119	-23.619	-0.078
11.26	-9.116	-22.563	-0.060
11.27	-9.115	-21.123	-0.046
11.28	-9.114	-18.744	-0.034
11.29	-9.113	-14.225	-0.012
11.3	-9.113	-5.859	0.001
11.31	-9.113	7.866	-0.003
11.32	-9.114	26.305	0.026
11.33	-9.117	42.645	0.079
11.34	-9.123	50.003	0.074
11.35	-9.129	51.119	0.109
11.36	-9.138	51.136	0.128
11.37	-9.148	51.139	0.170
11.38	-9.159	51.139	0.147
11.39	-9.171	51.136	0.142
11.4	-9.184	51.078	0.152
11.41	-9.196	49.720	0.040
11.42	-9.209	43.889	-0.004
11.43	-9.223	33.628	-0.060
11.44	-9.236	23.180	-0.093
11.45	-9.248	14.839	-0.099
11.46	-9.259	8.427	-0.107
11.47	-9.269	3.306	-0.111
11.48	-9.277	-1.180	-0.124
11.49	-9.286	-5.642	-0.096
11.5	-9.293	-10.789	-0.087
11.51	-9.301	-17.416	-0.106
11.52	-9.307	-25.802	-0.109
11.53	-9.311	-34.941	-0.084
11.54	-9.311	-42.948	-0.091
11.55	-9.307	-48.259	-0.102
11.56	-9.297	-50.430	-0.090
11.57	-9.281	-49.763	-0.075
11.58	-9.260	-46.634	-0.072
11.59	-9.233	-41.670	-0.065
11.6	-9.202	-35.823	-0.076
11.61	-9.169	-29.972	-0.089
11.62	-9.136	-24.869	-0.079
11.63	-9.104	-21.052	-0.086
11.64	-9.072	-18.636	-0.059
11.65	-9.041	-17.502	-0.060
11.66	-9.008	-17.483	-0.080
11.67	-8.974	-18.248	-0.070
11.68	-8.940	-19.438	-0.051
11.69	-8.907	-20.922	-0.085
11.7	-8.874	-22.583	-0.081
11.71	-8.841	-24.241	-0.049
11.72	-8.809	-25.816	-0.071
11.73	-8.777	-27.233	-0.077
11.74	-8.748	-28.455	-0.067
11.75	-8.717	-29.414	-0.039
11.76	-8.688	-30.122	-0.067
11.77	-8.659	-30.636	-0.069
11.78	-8.632	-30.681	-0.017
11.79	-8.605	-30.433	-0.015
11.8	-8.579	-30.348	0.019
11.81	-8.556	-30.313	0.028
11.82	-8.532	-30.186	0.022
11.83	-8.509	-29.928	0.014
11.84	-8.486	-29.567	-0.028
11.85	-8.464	-29.094	-0.025
11.86	-8.442	-28.439	-0.055
11.87	-8.420	-27.666	-0.081
11.88	-8.398	-26.783	-0.052
11.89	-8.378	-25.827	-0.058
11.9	-8.358	-24.952	-0.061
11.91	-8.339	-24.291	-0.056
11.92	-8.322	-23.942	-0.089
11.93	-8.308	-23.900	-0.109
11.94	-8.293	-24.059	-0.087
11.95	-8.278	-24.313	0.204
11.96	-8.262	-24.592	0.778
11.97	-8.250	-24.811	0.881
11.98	-8.241	-24.898	0.291
11.99	-8.232	-24.967	0.022
12.0	-8.222	-25.145	0.037
12.01	-8.213	-25.459	-0.061
12.02	-8.204	-25.920	-0.090
12.03	-8.196	-26.470	-0.091
12.04	-8.189	-26.884	-0.074
12.05	-8.180	-26.961	-0.066
12.06	-8.171	-26.659	-0.056
12.07	-8.161	-25.888	-0.068
12.08	-8.150	-24.486	-0.071
12.09	-8.140	-21.942	-0.018
12.1	-8.130	-17.123	-0.017
12.11	-8.119	-8.553	-0.002
12.12	-8.107	5.163	0.019
12.13	-8.096	23.766	-0.002
12.14	-8.086	41.067	0.053
12.15	-8.079	49.563	0.074
12.16	-8.073	51.091	0.078
12.17	-8.068	51.134	0.144
12.18	-8.063	51.139	0.149
12.19	-8.059	51.139	0.151
12.2	-8.057	51.138	0.154
12.21	-8.055	51.131	0.088
12.22	-8.054	50.638	0.023
12.23	-8.053	47.105	-0.040
12.24	-8.051	38.759	-0.072
12.25	-8.051	28.552	-0.094
12.26	-8.050	19.759	-0.105
12.27	-8.050	12.814	-0.115
12.28	-8.048	7.244	-0.114
12.29	-8.047	2.400	-0.127
12.3	-8.046	-2.388	-0.123
12.31	-8.046	-7.800	-0.110
12.32	-8.046	-14.592	-0.122
12.33	-8.047	-23.109	-0.092
12.34	-8.048	-32.661	-0.095
12.35	-8.049	-41.619	-0.090
12.36	-8.051	-47.920	-0.120
12.37	-8.051	-50.620	-0.107
12.38	-8.052	-51.030	-0.080
12.39	-8.053	-50.066	-0.090
12.4	-8.054	-46.958	-0.096
12.41	-8.056	-41.861	-0.081
12.42	-8.058	-36.067	-0.080
12.43	-8.061	-30.622	-0.068
12.44	-8.063	-26.181	-0.063
12.45	-8.066	-22.986	-0.092
12.46	-8.069	-21.009	-0.066
12.47	-8.072	-20.191	-0.076
12.48	-8.075	-20.370	-0.087
12.49	-8.078	-21.311	-0.069
12.5	-8.082	-22.694	-0.102
12.51	-8.087	-24.177	-0.065
12.52	-8.091	-25.630	-0.041
12.53	-8.094	-27.003	-0.086
12.54	-8.098	-28.142	-0.063
12.55	-8.101	-29.027	-0.052
12.56	-8.103	-29.728	-0.081
12.57	-8.105	-30.239	-0.066
12.58	-8.106	-30.619	-0.077
12.59	-8.107	-30.856	-0.062
12.6	-8.109	-30.820	-0.048
12.61	-8.111	-30.598	-0.052
12.62	-8.114	-30.323	-0.025
12.63	-8.117	-29.977	-0.027
12.64	-8.121	-29.530	0.013
12.65	-8.126	-29.061	0.052
12.66	-8.131	-28.658	0.018
12.67	-8.137	-28.300	0.002
12.68	-8.144	-27.970	-0.020
12.69	-8.150	-27.644	-0.049
12.7	-8.157	-27.300	-0.022
12.71	-8.162	-26.897	-0.061
12.72	-8.168	-26.311	-0.082
12.73	-8.173	-25.536	-0.074
12.74	-8.178	-24.714	-0.065
12.75	-8.183	-23.991	-0.085
12.76	-8.189	-23.456	-0.101
12.77	-8.195	-23.156	-0.070
12.78	-8.201	-23.123	-0.116
12.79	-8.206	-23.250	0.129
12.8	-8.211	-23.381	0.746
12.81	-8.218	-23.566	1.010
12.82	-8.227	-23.845	0.452
12.83	-8.237	-24.127	0.063
12.84	-8.246	-24.436	0.045
12.85	-8.256	-24.813	-0.052
12.86	-8.267	-25.205	-0.069
12.87	-8.279	-25.548	-0.082
12.88	-8.291	-25.745	-0.089
12.89	-8.302	-25.664	-0.076
12.9	-8.309	-25.192	-0.056
12.91	-8.315	-24.270	-0.074
12.92	-8.320	-22.561	-0.066
12.93	-8.325	-19.217	-0.047
12.94	-8.330	-13.138	-0.018
12.95	-8.335	-2.783	0.007
12.96	-8.341	13.091	0.001
12.97	-8.348	32.131	0.021
12.98	-8.356	46.064	0.040
12.99	-8.367	50.723	0.051
13.0	-8.379	51.122	0.067
13.01	-8.392	51.139	0.141
13.02	-8.407	51.139	0.167
13.03	-8.422	51.139	0.148
13.04	-8.440	51.139	0.171
13.05	-8.457	51.133	0.128
13.06	-8.476	51.016	0.034
13.07	-8.494	49.227	-0.014
13.08	-8.513	43.153	-0.060
13.09	-8.531	33.958	-0.095
13.1	-8.549	25.192	-0.099
13.11	-8.567	17.863	-0.094
13.12	-8.582	11.680	-0.106
13.13	-8.598	6.403	-0.110
13.14	-8.616	1.497	-0.090
13.15	-8.636	-3.734	-0.134
13.16	-8.655	-9.953	-0.112
13.17	-8.674	-17.714	-0.084
13.18	-8.693	-26.983	-0.085
13.19	-8.711	-36.703	-0.096
13.2	-8.728	-44.873	-0.104
13.21	-8.744	-49.561	-0.079
13.22	-8.759	-50.964	-0.116
13.23	-8.774	-50.492	-0.064
13.24	-8.789	-47.992	-0.064
13.25	-8.803	-43.255	-0.080
13.26	-8.817	-37.491	-0.066
13.27	-8.832	-31.888	-0.077
13.28	-8.848	-27.106	-0.088
13.29	-8.863	-23.520	-0.077
13.3	-8.876	-21.248	-0.035
13.31	-8.891	-20.184	-0.081
13.32	-8.904	-20.183	-0.073
13.33	-8.918	-21.006	-0.046
13.34	-8.933	-22.261	-0.075
13.35	-8.947	-23.697	-0.058
13.36	-8.962	-25.128	-0.076
13.37	-8.976	-26.413	-0.069
13.38	-8.989	-27.563	-0.049
13.39	-9.002	-28.555	-0.068
13.4	-9.014	-29.323	-0.061
13.41	-9.025	-29.844	-0.070
13.42	-9.036	-30.114	-0.060
13.43	-9.047	-30.134	-0.052
13.44	-9.058	-29.948	-0.056
13.45	-9.067	-29.659	-0.020
13.46	-9.077	-29.416	-0.024
13.47	-9.087	-29.263	0.005
13.48	-9.096	-29.070	0.057
13.49	-9.106	-28.798	0.028
13.5	-9.114	-28.459	0.021
13.51	-9.123	-28.070	0.014
13.52	-9.131	-27.648	-0.025
13.53	-9.138	-27.066	-0.027
13.54	-9.143	-26.273	-0.057
13.55	-9.148	-25.439	-0.068
13.56	-9.151	-24.714	-0.060
13.57	-9.157	-24.103	-0.084
13.58	-9.163	-23.595	-0.080
13.59	-9.169	-23.228	-0.064
13.6	-9.174	-22.995	-0.041
13.61	-9.179	-22.845	-0.106
13.62	-9.184	-22.756	-0.076
13.63	-9.187	-22.752	0.349
13.64	-9.189	-22.841	0.875
13.65	-9.196	-23.048	0.737
13.66	-9.205	-23.398	0.157
13.67	-9.214	-23.817	0.071
13.68	-9.222	-24.263	0.036
13.69	-9.228	-24.711	-0.087
13.7	-9.231	-25.066	-0.056
13.71	-9.233	-25.208	-0.079
13.72	-9.232	-25.070	-0.068
13.73	-9.229	-24.698	-0.066
13.74	-9.223	-24.141	-0.062
13.75	-9.216	-23.331	-0.036
13.76	-9.210	-22.006	-0.004
13.77	-9.204	-19.480	-0.003
13.78	-9.199	-14.419	-0.031
13.79	-9.194	-5.083	-0.006
13.8	-9.189	9.855	0.039
13.81	-9.185	28.830	0.041
13.82	-9.182	44.203	0.026
13.83	-9.180	50.348	0.099
13.84	-9.178	51.123	0.152
13.85	-9.177	51.138	0.159
13.86	-9.176	51.139	0.160
13.87	-9.174	51.139	0.191
13.88	-9.171	51.130	0.163
13.89	-9.166	50.945	0.091
13.9	-9.160	48.631	0.018
13.91	-9.152	41.366	-0.037
13.92	-9.141	30.839	-0.037
13.93	-9.128	21.159	-0.107
13.94	-9.113	13.575	-0.073
13.95	-9.093	7.695	-0.086
13.96	-9.072	2.998	-0.131
13.97	-9.050	-1.139	-0.093
13.98	-9.025	-5.494	-0.130
13.99	-8.999	-10.945	-0.088
14.0	-8.973	-18.167	-0.098
14.01	-8.949	-26.975	-0.105
14.02	-8.924	-36.091	-0.071
14.03	-8.897	-43.808	-0.105
14.04	-8.868	-48.741	-0.075
14.05	-8.838	-50.425	-0.072
14.06	-8.809	-49.298	-0.084
14.07	-8.781	-45.963	-0.065
14.08	-8.753	-41.148	-0.097
14.09	-8.726	-35.781	-0.065
14.1	-8.698	-30.672	-0.086
14.11	-8.672	-26.305	-0.082
14.12	-8.647	-22.930	-0.040
14.13	-8.623	-20.720	-0.067
14.14	-8.600	-19.708	-0.069
14.15	-8.578	-19.752	-0.061
14.16	-8.556	-20.544	-0.083
14.17	-8.536	-21.763	-0.103
14.18	-8.518	-23.197	-0.060
14.19	-8.499	-24.691	-0.066
14.2	-8.482	-26.156	-0.057
14.21	-8.469	-27.594	-0.049
14.22	-8.456	-28.939	-0.068
14.23	-8.445	-30.031	-0.057
14.24	-8.434	-30.753	-0.057
14.25	-8.422	-31.153	-0.088
14.26	-8.410	-31.417	-0.090
14.27	-8.398	-31.608	-0.026
14.28	-8.386	-31.672	-0.038
14.29	-8.376	-31.591	-0.043
14.3	-8.367	-31.397	-0.034
14.31	-8.359	-31.123	-0.009
14.32	-8.351	-30.813	0.003
14.33	-8.343	-30.525	0.023
14.34	-8.336	-30.263	0.015
14.35	-8.328	-29.963	0.009
14.36	-8.321	-29.506	0.005
14.37	-8.315	-28.881	-0.030
14.38	-8.309	-28.206	-0.035
14.39	-8.302	-27.492	-0.045
14.4	-8.294	-26.795	-0.080
14.41	-8.287	-26.189	-0.087
14.42	-8.279	-25.603	-0.083
14.43	-8.272	-24.961	-0.093
14.44	-8.266	-24.344	-0.082
14.45	-8.260	-23.928	-0.074
14.46	-8.256	-23.788	-0.108
14.47	-8.251	-23.872	-0.047
14.48	-8.246	-24.119	0.338
14.49	-8.241	-24.456	0.928
14.5	-8.238	-24.806	0.796
14.51	-8.237	-25.169	0.149
14.52	-8.235	-25.584	0.051
14.53	-8.232	-25.994	0.009
14.54	-8.229	-26.350	-0.077
14.55	-8.228	-26.736	-0.080
14.56	-8.226	-27.091	-0.080
14.57	-8.223	-27.145	-0.044
14.58	-8.220	-26.850	-0.078
14.59	-8.214	-26.306	-0.082
14.6	-8.207	-25.366	-0.068
14.61	-8.199	-23.578	-0.036
14.62	-8.192	-20.102	-0.029
14.63	-8.184	-13.686	-0.046
14.64	-8.177	-2.850	-0.007
14.65	-8.169	13.497	0.029
14.66	-8.162	32.719	0.024
14.67	-8.156	46.363	0.046
14.68	-8.151	50.761	0.069
14.69	-8.146	51.123	0.092
14.7	-8.143	51.139	0.119
14.71	-8.141	51.139	0.143
14.72	-8.140	51.139	0.151
14.73	-8.140	51.138	0.126
14.74	-8.141	51.127	0.090
14.75	-8.140	50.541	0.027
14.76	-8.140	46.786	-0.021
14.77	-8.141	38.606	-0.074
14.78	-8.141	29.233	-0.085
14.79	-8.141	21.298	-0.117
14.8	-8.141	14.711	-0.134
14.81	-8.141	9.117	-0.079
14.82	-8.141	4.120	-0.127
14.83	-8.143	-0.881	-0.114
14.84	-8.144	-6.469	-0.101
14.85	-8.146	-13.234	-0.116
14.86	-8.148	-21.542	-0.086
14.87	-8.150	-30.866	-0.095
14.88	-8.152	-39.769	-0.095
14.89	-8.155	-46.559	-0.077
14.9	-8.158	-50.103	-0.107
14.91	-8.162	-50.878	-0.102
14.92	-8.166	-49.725	-0.069
14.93	-8.171	-46.541	-0.084
14.94	-8.178	-41.816	-0.084
14.95	-8.185	-36.667	-0.076
14.96	-8.193	-31.878	-0.080
14.97	-8.202	-27.886	-0.072
14.98	-8.211	-24.852	-0.059
14.99	-8.221	-22.836	-0.066
15.0	-8.231	-21.878	-0.093
15.01	-8.242	-21.944	-0.076
15.02	-8.252	-22.808	-0.054
15.03	-8.261	-24.089	-0.074
15.04	-8.271	-25.488	-0.078
15.05	-8.279	-26.848	-0.060
15.06	-8.287	-28.052	-0.066
15.07	-8.295	-29.025	-0.051
15.08	-8.304	-29.784	-0.059
15.09	-8.313	-30.367	-0.091
15.1	-8.322	-30.755	-0.060
15.11	-8.332	-30.945	-0.064
15.12	-8.342	-31.005	-0.076
15.13	-8.353	-30.980	-0.054
15.14	-8.365	-30.781	-0.036
15.15	-8.379	-30.380	-0.051
15.16	-8.393	-29.995	-0.074
15.17	-8.408	-29.756	-0.030
15.18	-8.424	-29.522	-0.024
15.19	-8.441	-29.278	-0.011
15.2	-8.458	-29.050	0.024
15.21	-8.476	-28.734	0.035
15.22	-8.494	-28.345	0.024
15.23	-8.512	-27.989	0.006
15.24	-8.531	-27.641	-0.002
15.25	-8.549	-27.275	-0.052
15.26	-8.567	-26.875	-0.052
15.27	-8.585	-26.373	-0.035
15.28	-8.602	-25.713	-0.074
15.29	-8.617	-24.861	-0.066
15.3	-8.634	-23.973	-0.083
15.31	-8.652	-23.281	-0.086
15.32	-8.671	-22.856	-0.059
15.33	-8.689	-22.656	-0.091
15.34	-8.710	-22.631	-0.108
15.35	-8.730	-22.705	0.137
15.36	-8.748	-22.847	0.745
15.37	-8.768	-23.088	0.994
15.38	-8.789	-23.406	0.418
15.39	-8.809	-23.741	0.052
15.4	-8.828	-24.078	0.045
15.41	-8.847	-24.491	-0.057
15.42	-8.866	-24.944	-0.068
15.43	-8.884	-25.208	-0.077
15.44	-8.901	-25.172	-0.084
15.45	-8.915	-24.827	-0.061
15.46	-8.925	-24.177	-0.077
15.47	-8.932	-23.270	-0.074
15.48	-8.938	-21.852	-0.026
15.49	-8.945	-19.156	-0.051
15.5	-8.953	-13.927	-0.034
15.51	-8.959	-4.563	0.013
15.52	-8.966	10.242	-0.005
15.53	-8.974	29.063	0.042
15.54	-8.984	44.313	0.055
15.55	-8.994	50.373	0.056
15.56	-9.006	51.123	0.111
15.57	-9.018	51.138	0.121
15.58	-9.029	51.139	0.144
15.59	-9.040	51.139	0.190
15.6	-9.051	51.139	0.168
15.61	-9.061	51.131	0.140
15.62	-9.071	50.788	0.068
15.63	-9.081	47.922	-0.002
15.64	-9.091	40.495	-0.062
15.65	-9.101	30.878	-0.087
15.66	-9.108	22.403	-0.082
15.67	-9.116	15.652	-0.095
15.68	-9.123	10.317	-0.083
15.69	-9.131	5.966	-0.091
15.7	-9.139	1.800	-0.116
15.71	-9.148	-2.977	-0.104
15.72	-9.157	-8.991	-0.087
15.73	-9.166	-16.691	-0.114
15.74	-9.174	-25.834	-0.085
15.75	-9.183	-35.258	-0.079
15.76	-9.192	-43.331	-0.087
15.77	-9.198	-48.588	-0.084
15.78	-9.203	-50.598	-0.087
15.79	-9.207	-49.928	-0.057
15.8	-9.211	-47.006	-0.082
15.81	-9.215	-42.370	-0.084
15.82	-9.221	-36.998	-0.083
15.83	-9.226	-31.752	-0.085
15.84	-9.233	-27.223	-0.044
15.85	-9.241	-23.769	-0.068
15.86	-9.249	-21.475	-0.080
15.87	-9.256	-20.298	-0.046
15.88	-9.263	-20.089	-0.077
15.89	-9.270	-20.533	-0.071
15.9	-9.277	-21.494	-0.056
15.91	-9.284	-22.870	-0.085
15.92	-9.290	-24.386	-0.049
15.93	-9.296	-25.872	-0.031
15.94	-9.302	-27.209	-0.080
15.95	-9.308	-28.255	-0.049
15.96	-9.313	-28.953	-0.039
15.97	-9.317	-29.338	-0.046
15.98	-9.321	-29.547	-0.068
15.99	-9.324	-29.644	-0.075
16.0	-9.327	-29.623	-0.035
16.01	-9.331	-29.586	-0.043
16.02	-9.335	-29.522	-0.024
16.03	-9.338	-29.319	-0.028
16.04	-9.342	-28.977	-0.020
16.05	-9.346	-28.586	0.027
16.06	-9.348	-28.219	0.021
16.07	-9.349	-27.852	0.035
16.08	-9.349	-27.489	0.047
16.09	-9.348	-27.100	0.029
16.1	-9.345	-26.689	-0.037
16.11	-9.339	-26.297	-0.068
16.12	-9.330	-25.806	-0.015
16.13	-9.315	-25.130	-0.030
16.14	-9.294	-24.292	-0.082
16.15	-9.269	-23.367	-0.070
16.16	-9.240	-22.522	-0.046
16.17	-9.209	-21.905	-0.076
16.18	-9.176	-21.530	-0.053
16.19	-9.144	-21.425	-0.094
16.2	-9.112	-21.575	-0.084
16.21	-9.078	-21.859	0.320
16.22	-9.042	-22.213	0.833
16.23	-9.010	-22.500	0.750
16.24	-8.981	-22.720	0.196
16.25	-8.951	-23.088	0.048
16.26	-8.919	-23.628	0.034
16.27	-8.887	-24.281	-0.039
16.28	-8.854	-24.916	-0.062
16.29	-8.821	-25.363	-0.077
16.3	-8.787	-25.716	-0.070
16.31	-8.753	-25.892	-0.054
16.32	-8.718	-25.633	-0.051
16.33	-8.683	-25.009	-0.067
16.34	-8.650	-24.003	-0.028
16.35	-8.617	-22.117	-0.002
16.36	-8.586	-18.344	-0.019
16.37	-8.556	-11.283	-0.014
16.38	-8.527	0.314	0.020
16.39	-8.499	16.908	0.047
16.4	-8.473	35.222	0.057
16.41	-8.449	47.333	0.067
16.42	-8.428	50.891	0.115
16.43	-8.408	51.127	0.145
16.44	-8.390	51.139	0.145
16.45	-8.374	51.139	0.141
16.46	-8.359	51.136	0.163
16.47	-8.343	51.091	0.120
16.48	-8.328	49.913	0.027
16.49	-8.315	44.516	0.001
16.5	-8.303	34.591	-0.069
16.51	-8.291	24.197	-0.105
16.52	-8.279	15.789	-0.110
16.53	-8.268	9.263	-0.112
16.54	-8.258	4.120	-0.130
16.55	-8.248	-0.342	-0.099
16.56	-8.239	-4.900	-0.071
16.57	-8.231	-10.231	-0.121
16.58	-8.223	-16.830	-0.109
16.59	-8.216	-24.705	-0.104
16.6	-8.209	-33.002	-0.097
16.61	-8.203	-40.367	-0.105
16.62	-8.197	-45.723	-0.126
16.63	-8.192	-48.502	-0.072
16.64	-8.188	-48.698	-0.066
16.65	-8.183	-46.736	-0.092
16.66	-8.178	-43.203	-0.076
16.67	-8.174	-38.802	-0.077
16.68	-8.169	-34.206	-0.100
16.69	-8.166	-30.013	-0.099
16.7	-8.162	-26.628	-0.074
16.71	-8.160	-24.206	-0.067
16.72	-8.157	-22.819	-0.074
16.73	-8.155	-22.341	-0.060
16.74	-8.152	-22.489	-0.071
16.75	-8.151	-23.111	-0.080
16.76	-8.149	-24.072	-0.087
16.77	-8.148	-25.119	-0.088
16.78	-8.147	-26.109	-0.084
16.79	-8.146	-27.030	-0.064
16.8	-8.146	-27.895	-0.061
16.81	-8.144	-28.708	-0.070
16.82	-8.144	-29.373	-0.063
16.83	-8.143	-29.808	-0.057
16.84	-8.143	-30.114	-0.089
16.85	-8.141	-30.348	-0.072
16.86	-8.140	-30.433	-0.052
16.87	-8.139	-30.363	-0.079
16.88	-8.138	-30.186	-0.075
16.89	-8.137	-29.917	-0.030
16.9	-8.137	-29.583	-0.043
16.91	-8.137	-29.242	-0.059
16.92	-8.138	-28.969	-0.016
16.93	-8.139	-28.780	0.014
16.94	-8.139	-28.603	0.045
16.95	-8.140	-28.375	0.012
16.96	-8.141	-28.091	0.019
16.97	-8.143	-27.742	-0.006
16.98	-8.145	-27.364	-0.051
16.99	-8.146	-27.008	-0.034
17.0	-8.148	-26.620	-0.077
17.01	-8.148	-26.150	-0.067
17.02	-8.149	-25.619	-0.069
17.03	-8.149	-25.033	-0.081
17.04	-8.149	-24.445	-0.081
17.05	-8.149	-23.930	-0.074
17.06	-8.149	-23.558	-0.075
17.07	-8.151	-23.444	-0.123
17.08	-8.152	-23.556	0.139
17.09	-8.152	-23.747	0.709
17.1	-8.154	-23.913	0.985
17.11	-8.157	-24.064	0.459
17.12	-8.161	-24.317	0.026
17.13	-8.164	-24.686	0.069
17.14	-8.169	-25.097	-0.027
17.15	-8.175	-25.523	-0.092
17.16	-8.181	-25.967	-0.101
17.17	-8.185	-26.336	-0.071
17.18	-8.186	-26.406	-0.073
17.19	-8.183	-26.098	-0.091
17.2	-8.179	-25.400	-0.086
17.21	-8.175	-24.077	-0.056
17.22	-8.172	-21.653	-0.024
17.23	-8.168	-17.269	-0.049
17.24	-8.164	-9.750	-0.015
17.25	-8.161	2.180	0.024
17.26	-8.158	19.339	0.007
17.27	-8.155	37.556	0.001
17.28	-8.154	48.375	0.041
17.29	-8.154	51.013	0.114
17.3	-8.156	51.133	0.112
17.31	-8.158	51.139	0.116
17.32	-8.161	51.139	0.148
17.33	-8.166	51.139	0.140
17.34	-8.171	51.138	0.143
17.35	-8.178	51.128	0.040
17.36	-8.187	50.595	-0.048
17.37	-8.196	47.142	-0.033
17.38	-8.206	39.509	-0.099
17.39	-8.217	30.636	-0.112
17.4	-8.227	23.011	-0.092
17.41	-8.236	16.530	-0.100
17.42	-8.246	10.877	-0.122
17.43	-8.258	5.703	-0.132
17.44	-8.270	0.455	-0.092
17.45	-8.283	-5.353	-0.114
17.46	-8.294	-12.280	-0.106
17.47	-8.307	-20.528	-0.101
17.48	-8.319	-29.358	-0.099
17.49	-8.332	-37.452	-0.081
17.5	-8.346	-43.627	-0.114
17.51	-8.361	-47.258	-0.085
17.52	-8.377	-48.300	-0.080
17.53	-8.393	-47.094	-0.093
17.54	-8.409	-44.148	-0.075
17.55	-8.427	-40.083	-0.080
17.56	-8.445	-35.641	-0.089
17.57	-8.464	-31.400	-0.081
17.58	-8.484	-27.738	-0.093
17.59	-8.504	-25.006	-0.078
17.6	-8.523	-23.277	-0.062
17.61	-8.541	-22.392	-0.071
17.62	-8.560	-22.278	-0.084
17.63	-8.579	-22.827	-0.074
17.64	-8.598	-23.723	-0.064
17.65	-8.617	-24.617	-0.077
17.66	-8.636	-25.445	-0.069
17.67	-8.654	-26.236	-0.062
17.68	-8.673	-26.833	-0.051
17.69	-8.691	-27.320	-0.080
17.7	-8.707	-27.908	-0.091
17.71	-8.725	-28.442	-0.054
17.72	-8.743	-28.759	-0.060
17.73	-8.761	-28.839	-0.067
17.74	-8.777	-28.709	-0.059
17.75	-8.795	-28.525	-0.060
17.76	-8.811	-28.356	-0.062
17.77	-8.828	-28.163	-0.045
17.78	-8.845	-27.944	-0.058
17.79	-8.864	-27.714	-0.028
17.8	-8.881	-27.486	0.024
17.81	-8.899	-27.273	0.047
17.82	-8.918	-27.155	0.026
17.83	-8.936	-27.056	0.028
17.84	-8.956	-26.817	0.006
17.85	-8.974	-26.516	-0.056
17.86	-8.992	-26.167	-0.078
17.87	-9.008	-25.647	-0.042
17.88	-9.024	-25.011	-0.073
17.89	-9.039	-24.367	-0.076
17.9	-9.053	-23.731	-0.057
17.91	-9.066	-23.111	-0.111
17.92	-9.079	-22.509	-0.067
17.93	-9.092	-22.025	-0.070
17.94	-9.105	-21.778	-0.151
17.95	-9.117	-21.659	0.056
17.96	-9.128	-21.641	0.564
17.97	-9.139	-21.788	0.898
17.98	-9.152	-21.998	0.521
17.99	-9.167	-22.275	0.068
18.0	-9.180	-22.684	0.041
18.01	-9.193	-23.111	-0.025
18.02	-9.204	-23.408	-0.080
18.03	-9.214	-23.600	-0.089
18.04	-9.222	-23.791	-0.073
18.05	-9.228	-23.839	-0.056
18.06	-9.229	-23.594	-0.076
18.07	-9.229	-23.155	-0.063
18.08	-9.228	-22.555	-0.042
18.09	-9.227	-21.453	-0.062
18.1	-9.227	-18.975	-0.043
18.11	-9.227	-13.866	-0.011
18.12	-9.228	-4.822	0.011
18.13	-9.229	9.127	0.014
18.14	-9.233	27.088	0.044
18.15	-9.238	42.805	0.101
18.16	-9.243	49.973	0.068
18.17	-9.249	51.114	0.107
18.18	-9.256	51.136	0.173
18.19	-9.261	51.139	0.161
18.2	-9.266	51.139	0.160
18.21	-9.272	51.134	0.145
18.22	-9.277	51.063	0.103
18.23	-9.283	49.553	0.018
18.24	-9.287	43.611	-0.060
18.25	-9.292	33.663	-0.067
18.26	-9.297	23.772	-0.078
18.27	-9.303	15.881	-0.098
18.28	-9.308	9.733	-0.117
18.29	-9.312	4.831	-0.117
18.3	-9.316	0.578	-0.098
18.31	-9.321	-3.839	-0.119
18.32	-9.326	-9.233	-0.115
18.33	-9.333	-16.016	-0.094
18.34	-9.341	-24.020	-0.106
18.35	-9.348	-32.392	-0.100
18.36	-9.354	-39.642	-0.093
18.37	-9.357	-44.483	-0.080
18.38	-9.357	-46.563	-0.133
18.39	-9.356	-46.114	-0.100
18.4	-9.356	-43.608	-0.040
18.41	-9.356	-39.683	-0.085
18.42	-9.357	-34.991	-0.059
18.43	-9.357	-30.200	-0.082
18.44	-9.356	-25.928	-0.091
18.45	-9.354	-22.588	-0.071
18.46	-9.351	-20.391	-0.088
18.47	-9.346	-19.323	-0.065
18.48	-9.338	-19.225	-0.078
18.49	-9.322	-19.842	-0.078
18.5	-9.303	-20.888	-0.070
18.51	-9.277	-22.117	-0.067
18.52	-9.248	-23.286	-0.065
18.53	-9.216	-24.308	-0.073
18.54	-9.182	-25.202	-0.071
18.55	-9.147	-25.945	-0.090
18.56	-9.110	-26.595	-0.054
18.57	-9.072	-27.147	-0.051
18.58	-9.032	-27.513	-0.083
18.59	-8.992	-27.648	-0.091
18.6	-8.954	-27.586	-0.049
18.61	-8.917	-27.463	-0.038
18.62	-8.882	-27.383	-0.041
18.63	-8.849	-27.300	-0.013
18.64	-8.817	-27.263	0.001
18.65	-8.786	-27.289	0.017
18.66	-8.756	-27.375	-0.003
18.67	-8.729	-27.545	0.013
18.68	-8.703	-27.634	0.007
18.69	-8.678	-27.556	-0.050
18.7	-8.654	-27.372	-0.056
18.71	-8.630	-27.089	-0.053
18.72	-8.607	-26.728	-0.076
18.73	-8.582	-26.306	-0.081
18.74	-8.558	-25.850	-0.084
18.75	-8.536	-25.397	-0.098
18.76	-8.514	-24.963	-0.074
18.77	-8.494	-24.600	-0.081
18.78	-8.476	-24.388	-0.141
18.79	-8.457	-24.341	0.088
18.8	-8.438	-24.398	0.587
18.81	-8.421	-24.502	0.877
18.82	-8.406	-24.573	0.494
18.83	-8.393	-24.666	0.060
18.84	-8.379	-24.916	0.018
18.85	-8.367	-25.311	-0.046
18.86	-8.353	-25.806	-0.070
18.87	-8.339	-26.372	-0.067
18.88	-8.326	-26.839	-0.081
18.89	-8.314	-26.994	-0.093
18.9	-8.301	-26.759	-0.071
18.91	-8.286	-26.213	-0.058
18.92	-8.271	-25.422	-0.042
18.93	-8.256	-24.145	-0.030
18.94	-8.241	-21.738	-0.046
18.95	-8.227	-17.281	-0.020
18.96	-8.213	-9.758	0.002
18.97	-8.199	1.927	0.031
18.98	-8.188	18.356	0.039
18.99	-8.178	36.206	0.046
19.0	-8.169	47.709	0.093
19.01	-8.161	50.944	0.123
19.02	-8.154	51.130	0.142
19.03	-8.148	51.139	0.173
19.04	-8.143	51.139	0.168
19.05	-8.138	51.138	0.122
19.06	-8.134	51.130	0.076
19.07	-8.130	50.623	0.021
19.08	-8.127	47.116	-0.058
19.09	-8.124	39.045	-0.077
19.1	-8.122	29.372	-0.080
19.11	-8.120	21.080	-0.100
19.12	-8.117	14.395	-0.109
19.13	-8.115	8.831	-0.114
19.14	-8.113	3.845	-0.104
19.15	-8.110	-1.198	-0.096
19.16	-8.108	-6.923	-0.107
19.17	-8.107	-13.825	-0.093
19.18	-8.106	-21.873	-0.096
19.19	-8.104	-30.169	-0.097
19.2	-8.103	-37.350	-0.080
19.21	-8.103	-42.420	-0.089
19.22	-8.104	-45.097	-0.086
19.23	-8.104	-45.389	-0.075
19.24	-8.104	-43.577	-0.087
19.25	-8.105	-40.359	-0.088
19.26	-8.106	-36.444	-0.073
19.27	-8.107	-32.358	-0.061
19.28	-8.109	-28.536	-0.080
19.29	-8.110	-25.330	-0.091
19.3	-8.112	-22.878	-0.059
19.31	-8.113	-21.214	-0.054
19.32	-8.115	-20.452	-0.081
19.33	-8.117	-20.552	-0.092
19.34	-8.119	-21.177	-0.076
19.35	-8.122	-22.070	-0.038
19.36	-8.124	-23.155	-0.079
19.37	-8.127	-24.298	-0.079
19.38	-8.129	-25.400	-0.081
19.39	-8.131	-26.414	-0.062
19.4	-8.133	-27.288	-0.039
19.41	-8.134	-28.006	-0.091
19.42	-8.136	-28.447	-0.067
19.43	-8.137	-28.495	-0.038
19.44	-8.137	-28.348	-0.081
19.45	-8.139	-28.295	-0.085
19.46	-8.141	-28.338	-0.039
19.47	-8.143	-28.333	-0.038
19.48	-8.144	-28.217	-0.026
19.49	-8.146	-27.980	0.001
19.5	-8.149	-27.722	0.021
19.51	-8.151	-27.505	0.032
19.52	-8.154	-27.336	0.017
19.53	-8.156	-27.258	0.006
19.54	-8.159	-27.173	0.003
19.55	-8.161	-26.984	-0.034
19.56	-8.164	-26.697	-0.062
19.57	-8.166	-26.358	-0.061
19.58	-8.168	-25.969	-0.084
19.59	-8.169	-25.419	-0.069
19.6	-8.169	-24.773	-0.085
19.61	-8.169	-24.241	-0.085
19.62	-8.171	-23.919	-0.046
19.63	-8.174	-23.823	-0.112
19.64	-8.176	-23.830	-0.088
19.65	-8.178	-23.863	0.246
19.66	-8.181	-23.916	0.876
19.67	-8.186	-23.980	0.925
19.68	-8.194	-24.091	0.286
19.69	-8.202	-24.241	0.052
19.7	-8.209	-24.433	0.012
19.71	-8.218	-24.633	-0.065
19.72	-8.228	-24.788	-0.083
19.73	-8.238	-25.066	-0.089
19.74	-8.246	-25.430	-0.078
19.75	-8.251	-25.414	-0.078
19.76	-8.253	-25.048	-0.064
19.77	-8.252	-24.458	-0.060
19.78	-8.252	-23.302	-0.052
19.79	-8.252	-20.881	-0.057
19.8	-8.256	-16.272	-0.021
19.81	-8.260	-8.773	0.007
19.82	-8.266	2.598	-0.008
19.83	-8.273	18.873	0.025
19.84	-8.281	36.744	0.043
19.85	-8.291	48.002	0.062
19.86	-8.303	50.981	0.101
19.87	-8.315	51.131	0.105
19.88	-8.328	51.139	0.154
19.89	-8.342	51.139	0.169
19.9	-8.357	51.139	0.135
19.91	-8.374	51.138	0.103
19.92	-8.392	51.130	0.043
19.93	-8.410	50.663	-0.005
19.94	-8.429	47.533	-0.044
19.95	-8.449	40.436	-0.104
19.96	-8.468	32.114	-0.114
19.97	-8.488	25.038	-0.101
19.98	-8.507	18.997	-0.124
19.99	-8.525	13.472	-0.120
20.0	-8.544	8.097	-0.108
20.01	-8.563	2.409	-0.113
20.02	-8.582	-4.284	-0.093
20.03	-8.601	-12.600	-0.102
20.04	-8.620	-22.253	-0.114
20.05	-8.638	-32.178	-0.094
20.06	-8.656	-41.122	-0.100
20.07	-8.673	-47.602	-0.085
20.08	-8.691	-50.169	-0.110
20.09	-8.709	-48.372	-0.138
20.1	-8.725	-43.378	-0.085
20.11	-8.740	-37.520	-0.060
20.12	-8.755	-32.436	-0.092
20.13	-8.771	-28.170	-0.104
20.14	-8.786	-24.633	-0.106
20.15	-8.799	-22.405	-0.072
20.16	-8.814	-21.717	-0.067
20.17	-8.828	-21.752	-0.108
20.18	-8.841	-21.819	-0.074
20.19	-8.853	-21.877	-0.102
20.2	-8.867	-21.913	-0.075
20.21	-8.880	-21.994	-0.048
20.22	-8.894	-22.277	-0.116
20.23	-8.906	-22.764	-0.072
20.24	-8.918	-23.330	-0.069
20.25	-8.929	-23.930	-0.077
20.26	-8.940	-24.606	-0.058
20.27	-8.953	-25.473	-0.071
20.28	-8.963	-26.408	-0.099
20.29	-8.974	-27.141	-0.095
20.3	-8.984	-27.675	-0.049
20.31	-8.994	-28.078	-0.064
20.32	-9.006	-28.261	-0.065
20.33	-9.018	-28.167	-0.027
20.34	-9.030	-27.898	0.017
20.35	-9.042	-27.483	0.039
20.36	-9.053	-26.959	0.002
20.37	-9.065	-26.423	0.008
20.38	-9.078	-25.917	-0.000
20.39	-9.091	-25.441	-0.052
20.4	-9.103	-25.031	-0.066
20.41	-9.114	-24.727	-0.060
20.42	-9.123	-24.378	-0.029
20.43	-9.130	-23.828	-0.077
20.44	-9.138	-23.152	-0.106
20.45	-9.147	-22.522	-0.087
20.46	-9.156	-21.984	-0.082
20.47	-9.166	-21.561	-0.064
20.48	-9.174	-21.198	-0.150
20.49	-9.181	-20.781	0.034
20.5	-9.186	-20.516	0.552
20.51	-9.191	-20.623	0.908
20.52	-9.200	-21.042	0.512
20.53	-9.211	-21.647	0.077
20.54	-9.222	-22.230	0.070
20.55	-9.231	-22.648	-0.031
20.56	-9.237	-22.942	-0.069
20.57	-9.241	-23.148	-0.101
20.58	-9.243	-23.211	-0.073
20.59	-9.243	-23.055	-0.071
20.6	-9.239	-22.688	-0.089
20.61	-9.234	-22.073	-0.031
20.62	-9.228	-21.163	-0.035
20.63	-9.222	-19.800	-0.043
20.64	-9.217	-17.286	-0.035
20.65	-9.212	-12.375	-0.044
20.66	-9.206	-3.702	0.004
20.67	-9.201	9.772	0.036
20.68	-9.194	27.277	0.034
20.69	-9.189	42.761	0.087
20.7	-9.184	49.931	0.101
20.71	-9.176	51.109	0.125
20.72	-9.166	51.136	0.135
20.73	-9.153	51.139	0.175
20.74	-9.138	51.138	0.194
20.75	-9.119	51.130	0.123
20.76	-9.098	50.681	0.082
20.77	-9.072	47.277	0.027
20.78	-9.044	38.983	-0.030
20.79	-9.017	28.663	-0.069
20.8	-8.990	19.688	-0.099
20.81	-8.961	12.681	-0.115
20.82	-8.931	7.427	-0.139
20.83	-8.901	3.388	-0.091
20.84	-8.873	-0.153	-0.098
20.85	-8.844	-3.956	-0.125
20.86	-8.816	-8.798	-0.081
20.87	-8.787	-15.267	-0.092
20.88	-8.759	-23.186	-0.120
20.89	-8.732	-31.388	-0.107
20.9	-8.706	-38.280	-0.089
20.91	-8.681	-42.725	-0.085
20.92	-8.658	-44.423	-0.076
20.93	-8.634	-43.617	-0.083
20.94	-8.611	-40.866	-0.082
20.95	-8.589	-36.933	-0.071
20.96	-8.568	-32.577	-0.074
20.97	-8.548	-28.383	-0.061
20.98	-8.529	-24.839	-0.085
20.99	-8.512	-22.328	-0.081
21.0	-8.494	-20.889	-0.072
21.01	-8.478	-20.373	-0.062
21.02	-8.462	-20.559	-0.070
21.03	-8.447	-21.195	-0.077
21.04	-8.434	-22.117	-0.063
21.05	-8.422	-23.164	-0.060
21.06	-8.411	-24.211	-0.059
21.07	-8.399	-25.261	-0.071
21.08	-8.389	-26.356	-0.055
21.09	-8.378	-27.339	-0.069
21.1	-8.369	-27.952	-0.073
21.11	-8.361	-28.230	-0.043
21.12	-8.354	-28.383	-0.050
21.13	-8.346	-28.486	-0.079
21.14	-8.338	-28.533	-0.048
21.15	-8.331	-28.492	-0.035
21.16	-8.324	-28.392	-0.034
21.17	-8.318	-28.252	0.009
21.18	-8.311	-27.989	0.010
21.19	-8.304	-27.666	0.010
21.2	-8.298	-27.400	0.028
21.21	-8.294	-27.128	0.032
21.22	-8.292	-26.788	0.005
21.23	-8.289	-26.391	-0.049
21.24	-8.286	-25.955	-0.061
21.25	-8.283	-25.500	-0.060
21.26	-8.279	-24.963	-0.061
21.27	-8.275	-24.297	-0.066
21.28	-8.270	-23.659	-0.094
21.29	-8.264	-23.209	-0.082
21.3	-8.259	-22.856	-0.049
21.31	-8.256	-22.545	-0.092
21.32	-8.253	-22.403	-0.112
21.33	-8.250	-22.453	0.164
21.34	-8.246	-22.602	0.724
21.35	-8.244	-22.784	0.967
21.36	-8.244	-22.955	0.383
21.37	-8.245	-23.153	0.048
21.38	-8.245	-23.472	0.063
21.39	-8.245	-23.872	-0.056
21.4	-8.245	-24.277	-0.081
21.41	-8.246	-24.664	-0.114
21.42	-8.246	-24.980	-0.086
21.43	-8.244	-25.025	-0.073
21.44	-8.240	-24.650	-0.072
21.45	-8.236	-23.869	-0.031
21.46	-8.231	-22.527	-0.059
21.47	-8.226	-20.028	-0.050
21.48	-8.219	-15.375	-0.032
21.49	-8.214	-7.278	-0.009
21.5	-8.209	5.392	0.009
21.51	-8.203	22.580	0.005
21.52	-8.197	39.544	0.040
21.53	-8.193	48.941	0.088
21.54	-8.189	51.050	0.076
21.55	-8.188	51.134	0.119
21.56	-8.188	51.139	0.162
21.57	-8.188	51.139	0.134
21.58	-8.188	51.139	0.158
21.59	-8.189	51.133	0.118
21.6	-8.190	50.839	0.066
21.61	-8.191	48.242	0.002
21.62	-8.193	41.344	-0.067
21.63	-8.194	32.369	-0.091
21.64	-8.196	24.486	-0.092
21.65	-8.197	18.075	-0.098
21.66	-8.197	12.764	-0.107
21.67	-8.197	8.245	-0.099
21.68	-8.198	4.033	-0.100
21.69	-8.199	-0.447	-0.121
21.7	-8.201	-5.819	-0.089
21.71	-8.202	-12.609	-0.099
21.72	-8.204	-20.797	-0.127
21.73	-8.206	-29.519	-0.095
21.74	-8.207	-37.389	-0.066
21.75	-8.209	-43.088	-0.090
21.76	-8.212	-45.952	-0.093
21.77	-8.214	-46.103	-0.059
21.78	-8.217	-44.125	-0.092
21.79	-8.219	-40.661	-0.096
21.8	-8.223	-36.309	-0.086
21.81	-8.228	-31.691	-0.089
21.82	-8.233	-27.388	-0.064
21.83	-8.239	-23.898	-0.071
21.84	-8.246	-21.505	-0.080
21.85	-8.254	-20.238	-0.043
21.86	-8.262	-20.033	-0.086
21.87	-8.271	-20.717	-0.091
21.88	-8.279	-21.945	-0.068
21.89	-8.287	-23.313	-0.071
21.9	-8.297	-24.614	-0.077
21.91	-8.306	-25.806	-0.059
21.92	-8.316	-26.688	-0.047
21.93	-8.326	-27.273	-0.051
21.94	-8.336	-27.859	-0.055
21.95	-8.347	-28.420	-0.067
21.96	-8.358	-28.823	-0.053
21.97	-8.368	-29.086	-0.040
21.98	-8.377	-29.133	-0.054
21.99	-8.388	-28.869	-0.051
22.0	-8.400	-28.459	-0.033
22.01	-8.414	-28.073	-0.033
22.02	-8.431	-27.638	0.003
22.03	-8.447	-27.178	0.023
22.04	-8.462	-26.805	0.051
22.05	-8.478	-26.433	0.064
22.06	-8.495	-26.041	0.047
22.07	-8.512	-25.781	0.022
22.08	-8.529	-25.516	-0.011
22.09	-8.547	-25.342	-0.008
22.1	-8.565	-25.377	-0.040
22.11	-8.582	-25.042	-0.008
22.12	-8.599	-24.277	-0.016
22.13	-8.614	-23.544	-0.049
22.14	-8.630	-22.955	-0.070
22.15	-8.645	-22.381	-0.065
22.16	-8.661	-21.875	-0.049
22.17	-8.677	-21.605	-0.101
22.18	-8.692	-21.553	0.001
22.19	-8.707	-21.750	0.459
22.2	-8.721	-22.234	0.995
22.21	-8.736	-22.905	0.755
22.22	-8.756	-23.508	0.172
22.23	-8.776	-23.895	0.072
22.24	-8.795	-24.084	-0.029
22.25	-8.813	-24.198	-0.103
22.26	-8.832	-24.380	-0.074
22.27	-8.852	-24.498	-0.068
22.28	-8.869	-24.334	-0.096
22.29	-8.883	-23.813	-0.098
22.3	-8.894	-22.983	-0.061
22.31	-8.902	-21.866	-0.048
22.32	-8.912	-20.102	-0.058
22.33	-8.921	-16.848	-0.051
22.34	-8.929	-10.830	-0.038
22.35	-8.938	-0.597	-0.022
22.36	-8.947	14.723	0.002
22.37	-8.955	32.809	0.002
22.38	-8.963	46.078	0.027
22.39	-8.974	50.677	0.074
22.4	-8.988	51.125	0.116
22.41	-9.002	51.139	0.128
22.42	-9.018	51.139	0.137
22.43	-9.034	51.139	0.136
22.44	-9.049	51.136	0.133
22.45	-9.064	51.070	0.089
22.46	-9.079	49.741	-0.004
22.47	-9.094	44.545	-0.026
22.48	-9.107	35.880	-0.081
22.49	-9.122	27.259	-0.115
22.5	-9.137	20.380	-0.111
22.51	-9.149	14.997	-0.135
22.52	-9.159	10.595	-0.097
22.53	-9.171	6.675	-0.109
22.54	-9.184	2.586	-0.134
22.55	-9.198	-2.345	-0.112
22.56	-9.213	-8.558	-0.115
22.57	-9.224	-16.364	-0.103
22.58	-9.236	-25.364	-0.128
22.59	-9.247	-34.048	-0.099
22.6	-9.258	-40.788	-0.098
22.61	-9.267	-44.669	-0.106
22.62	-9.276	-45.495	-0.066
22.63	-9.283	-43.695	-0.086
22.64	-9.290	-40.047	-0.086
22.65	-9.298	-35.359	-0.082
22.66	-9.308	-30.470	-0.101
22.67	-9.316	-26.034	-0.073
22.68	-9.324	-22.431	-0.058
22.69	-9.333	-20.006	-0.097
22.7	-9.342	-18.878	-0.075
22.71	-9.353	-18.794	-0.067
22.72	-9.362	-19.347	-0.065
22.73	-9.371	-20.263	-0.067
22.74	-9.380	-21.400	-0.087
22.75	-9.389	-22.634	-0.060
22.76	-9.397	-23.844	-0.066
22.77	-9.406	-24.891	-0.066
22.78	-9.414	-25.766	-0.082
22.79	-9.422	-26.534	-0.087
22.8	-9.429	-27.109	-0.043
22.81	-9.436	-27.486	-0.083
22.82	-9.441	-27.748	-0.067
22.83	-9.448	-27.802	-0.037
22.84	-9.455	-27.636	-0.061
22.85	-9.461	-27.427	-0.021
22.86	-9.467	-27.208	-0.008
22.87	-9.472	-26.886	0.019
22.88	-9.476	-26.525	-0.003
22.89	-9.481	-26.234	0.013
22.9	-9.488	-25.992	0.029
22.91	-9.492	-25.745	-0.018
22.92	-9.497	-25.402	-0.028
22.93	-9.499	-24.923	-0.065
22.94	-9.500	-24.314	-0.043
22.95	-9.499	-23.525	-0.070
22.96	-9.496	-22.644	-0.099
22.97	-9.494	-21.863	-0.060
22.98	-9.491	-21.263	-0.099
22.99	-9.488	-20.859	-0.056
23.0	-9.485	-20.659	-0.080
23.01	-9.480	-20.617	-0.141
23.02	-9.473	-20.789	0.117
23.03	-9.461	-21.155	0.623
23.04	-9.447	-21.491	0.876
23.05	-9.433	-21.728	0.374
23.06	-9.418	-22.000	0.036
23.07	-9.397	-22.373	0.054
23.08	-9.371	-22.830	-0.060
23.09	-9.341	-23.297	-0.063
23.1	-9.308	-23.648	-0.086
23.11	-9.274	-23.755	-0.086
23.12	-9.239	-23.559	-0.047
23.13	-9.202	-23.123	-0.062
23.14	-9.164	-22.539	-0.059
23.15	-9.126	-21.834	-0.042
23.16	-9.088	-20.767	-0.050
23.17	-9.052	-18.569	-0.026
23.18	-9.018	-14.020	0.001
23.19	-8.984	-5.767	0.002
23.2	-8.953	7.114	0.030
23.21	-8.922	24.113	0.075
23.22	-8.893	40.356	0.076
23.23	-8.865	49.130	0.092
23.24	-8.838	51.059	0.126
23.25	-8.811	51.136	0.167
23.26	-8.784	51.139	0.172
23.27	-8.759	51.136	0.162
23.28	-8.734	51.113	0.141
23.29	-8.709	50.269	0.075
23.3	-8.685	45.663	-0.002
23.31	-8.661	36.348	-0.025
23.32	-8.638	26.128	-0.065
23.33	-8.614	17.833	-0.113
23.34	-8.592	11.442	-0.113
23.35	-8.572	6.419	-0.108
23.36	-8.552	2.242	-0.113
23.37	-8.532	-1.739	-0.093
23.38	-8.512	-6.334	-0.088
23.39	-8.494	-12.191	-0.121
23.4	-8.476	-19.505	-0.115
23.41	-8.458	-27.797	-0.093
23.42	-8.441	-35.805	-0.106
23.43	-8.423	-41.961	-0.092
23.44	-8.406	-45.320	-0.085
23.45	-8.389	-45.819	-0.083
23.46	-8.375	-43.902	-0.082
23.47	-8.362	-40.319	-0.075
23.48	-8.349	-35.858	-0.067
23.49	-8.338	-31.194	-0.096
23.5	-8.327	-26.981	-0.085
23.51	-8.316	-23.709	-0.073
23.52	-8.306	-21.538	-0.074
23.53	-8.296	-20.425	-0.066
23.54	-8.286	-20.211	-0.059
23.55	-8.277	-20.669	-0.091
23.56	-8.270	-21.556	-0.094
23.57	-8.264	-22.648	-0.069
23.58	-8.258	-23.839	-0.067
23.59	-8.253	-25.008	-0.044
23.6	-8.248	-26.075	-0.059
23.61	-8.243	-27.053	-0.093
23.62	-8.239	-27.808	-0.075
23.63	-8.236	-28.372	-0.054
23.64	-8.232	-28.734	-0.059
23.65	-8.228	-28.642	-0.076
23.66	-8.223	-28.406	-0.063
23.67	-8.217	-28.313	-0.034
23.68	-8.213	-28.219	-0.050
23.69	-8.208	-28.141	-0.048
23.7	-8.205	-28.119	-0.033
23.71	-8.202	-28.077	0.033
23.72	-8.199	-27.953	0.024
23.73	-8.197	-27.744	-0.007
23.74	-8.195	-27.448	0.036
23.75	-8.194	-27.094	-0.009
23.76	-8.193	-26.750	-0.045
23.77	-8.191	-26.381	-0.054
23.78	-8.190	-25.923	-0.080
23.79	-8.188	-25.370	-0.072
23.8	-8.186	-24.702	-0.062
23.81	-8.183	-23.975	-0.085
23.82	-8.181	-23.298	-0.082
23.83	-8.180	-22.734	-0.091
23.84	-8.181	-22.353	-0.090
23.85	-8.181	-22.230	-0.108
23.86	-8.181	-22.361	0.055
23.87	-8.179	-22.669	0.604
23.88	-8.179	-23.047	1.013
23.89	-8.182	-23.319	0.566
23.9	-8.185	-23.342	0.048
23.91	-8.188	-23.300	0.035
23.92	-8.191	-23.452	-0.045
23.93	-8.194	-23.773	-0.065
23.94	-8.197	-24.181	-0.073
23.95	-8.200	-24.588	-0.093
23.96	-8.201	-24.794	-0.087
23.97	-8.199	-24.595	-0.088
23.98	-8.196	-23.897	-0.072
23.99	-8.194	-22.630	-0.054
24.0	-8.191	-20.380	-0.034
24.01	-8.189	-16.130	-0.033
24.02	-8.185	-8.563	-0.020
24.03	-8.180	3.431	0.003
24.04	-8.175	20.064	0.021
24.05	-8.171	37.503	0.054
24.06	-8.168	48.189	0.039
24.07	-8.167	50.991	0.062
24.08	-8.166	51.131	0.125
24.09	-8.166	51.139	0.125
24.1	-8.167	51.139	0.134
24.11	-8.168	51.139	0.170
24.12	-8.169	51.134	0.120
24.13	-8.172	51.039	0.077
24.14	-8.175	49.416	0.014
24.15	-8.178	43.778	-0.055
24.16	-8.180	35.158	-0.088
24.17	-8.183	27.000	-0.101
24.18	-8.185	20.466	-0.075
24.19	-8.186	15.148	-0.132
24.2	-8.187	10.594	-0.115
24.21	-8.189	6.392	-0.084
24.22	-8.193	2.013	-0.146
24.23	-8.197	-3.166	-0.101
24.24	-8.201	-9.655	-0.073
24.25	-8.205	-17.605	-0.106
24.26	-8.210	-26.470	-0.063
24.27	-8.217	-35.017	-0.102
24.28	-8.225	-41.783	-0.108
24.29	-8.234	-45.833	-0.077
24.3	-8.242	-47.067	-0.094
24.31	-8.251	-45.825	-0.079
24.32	-8.259	-42.684	-0.085
24.33	-8.269	-38.425	-0.075
24.34	-8.279	-33.764	-0.061
24.35	-8.289	-29.288	-0.034
24.36	-8.299	-25.541	-0.091
24.37	-8.309	-22.897	-0.099
24.38	-8.321	-21.392	-0.062
24.39	-8.332	-20.903	-0.089
24.4	-8.344	-21.228	-0.060
24.41	-8.357	-22.098	-0.072
24.42	-8.369	-23.278	-0.080
24.43	-8.382	-24.516	-0.048
24.44	-8.395	-25.636	-0.067
24.45	-8.409	-26.597	-0.068
24.46	-8.425	-27.355	-0.087
24.47	-8.441	-27.884	-0.071
24.48	-8.456	-28.217	-0.035
24.49	-8.472	-28.398	-0.083
24.5	-8.487	-28.513	-0.081
24.51	-8.502	-28.641	-0.050
24.52	-8.519	-28.755	-0.048
24.53	-8.536	-28.783	-0.034
24.54	-8.552	-28.644	-0.043
24.55	-8.569	-28.281	-0.031
24.56	-8.588	-27.867	0.022
24.57	-8.607	-27.538	0.032
24.58	-8.626	-27.159	0.029
24.59	-8.646	-26.684	0.032
24.6	-8.663	-26.338	-0.020
24.61	-8.680	-26.153	-0.033
24.62	-8.698	-25.863	-0.039
24.63	-8.715	-25.381	-0.080
24.64	-8.730	-24.748	-0.075
24.65	-8.744	-23.967	-0.071
24.66	-8.759	-23.116	-0.070
24.67	-8.773	-22.352	-0.071
24.68	-8.788	-21.784	-0.077
24.69	-8.804	-21.458	-0.088
24.7	-8.819	-21.352	-0.134
24.71	-8.833	-21.391	0.092
24.72	-8.845	-21.520	0.663
24.73	-8.858	-21.723	0.969
24.74	-8.874	-21.997	0.498
24.75	-8.892	-22.261	0.093
24.76	-8.908	-22.448	0.026
24.77	-8.922	-22.628	-0.054
24.78	-8.935	-22.878	-0.070
24.79	-8.948	-23.125	-0.109
24.8	-8.959	-23.259	-0.068
24.81	-8.966	-23.167	-0.067
24.82	-8.970	-22.750	-0.068
24.83	-8.971	-21.984	-0.050
24.84	-8.971	-20.719	-0.061
24.85	-8.970	-18.544	-0.024
24.86	-8.969	-14.530	-0.053
24.87	-8.967	-7.259	-0.044
24.88	-8.963	4.417	0.010
24.89	-8.958	20.703	0.024
24.9	-8.954	37.823	0.037
24.91	-8.952	48.284	0.060
24.92	-8.950	50.997	0.096
24.93	-8.948	51.131	0.132
24.94	-8.946	51.139	0.145
24.95	-8.943	51.139	0.155
24.96	-8.939	51.138	0.171
24.97	-8.933	51.122	0.124
24.98	-8.925	50.472	0.069
24.99	-8.914	46.611	0.018
25.0	-8.903	38.417	-0.045
25.01	-8.889	29.122	-0.086
25.02	-8.876	21.472	-0.130
25.03	-8.862	15.559	-0.102
25.04	-8.848	10.834	-0.102
25.05	-8.835	6.773	-0.123
25.06	-8.824	2.944	-0.084
25.07	-8.814	-1.214	-0.118
25.08	-8.804	-6.383	-0.137
25.09	-8.793	-13.053	-0.121
25.1	-8.784	-21.138	-0.090
25.11	-8.774	-29.706	-0.073
25.12	-8.765	-37.350	-0.111
25.13	-8.754	-42.842	-0.091
25.14	-8.742	-45.569	-0.087
25.15	-8.731	-45.680	-0.094
25.16	-8.720	-43.723	-0.083
25.17	-8.709	-40.298	-0.093
25.18	-8.699	-36.038	-0.072
25.19	-8.689	-31.617	-0.081
25.2	-8.680	-27.648	-0.083
25.21	-8.672	-24.480	-0.055
25.22	-8.664	-22.295	-0.081
25.23	-8.656	-21.203	-0.089
25.24	-8.649	-21.014	-0.088
25.25	-8.643	-21.438	-0.077
25.26	-8.636	-22.303	-0.082
25.27	-8.631	-23.445	-0.065
25.28	-8.626	-24.698	-0.075
25.29	-8.622	-25.920	-0.089
25.3	-8.617	-26.942	-0.057
25.31	-8.613	-27.689	-0.087
25.32	-8.608	-28.261	-0.078
25.33	-8.604	-28.711	-0.068
25.34	-8.599	-28.989	-0.106
25.35	-8.595	-29.041	-0.055
25.36	-8.591	-28.900	-0.030
25.37	-8.587	-28.680	-0.030
25.38	-8.583	-28.480	-0.014
25.39	-8.579	-28.372	0.011
25.4	-8.576	-28.328	0.042
25.41	-8.572	-28.213	0.024
25.42	-8.568	-27.950	-0.031
25.43	-8.564	-27.636	-0.083
25.44	-8.561	-27.319	-0.078
25.45	-8.556	-26.873	-0.038
25.46	-8.551	-26.231	-0.054
25.47	-8.545	-25.484	-0.096
25.48	-8.539	-24.786	-0.097
25.49	-8.533	-24.220	-0.071
25.5	-8.527	-23.797	-0.090
25.51	-8.523	-23.458	-0.078
25.52	-8.519	-23.245	-0.134
25.53	-8.514	-23.264	-0.071
25.54	-8.509	-23.448	0.439
25.55	-8.502	-23.636	0.945
25.56	-8.499	-23.803	0.665
25.57	-8.498	-23.989	0.135
25.58	-8.496	-24.148	0.048
25.59	-8.492	-24.278	-0.041
25.6	-8.489	-24.550	-0.092
25.61	-8.486	-24.972	-0.077
25.62	-8.482	-25.327	-0.101
25.63	-8.479	-25.473	-0.083
25.64	-8.473	-25.238	-0.078
25.65	-8.466	-24.561	-0.072
25.66	-8.457	-23.605	-0.065
25.67	-8.447	-22.267	-0.023
25.68	-8.436	-19.806	-0.043
25.69	-8.426	-14.956	-0.043
25.7	-8.416	-6.442	0.018
25.71	-8.406	6.553	0.012
25.72	-8.398	23.670	0.019
25.73	-8.389	40.133	0.043
25.74	-8.383	49.073	0.095
25.75	-8.377	51.055	0.107
25.76	-8.373	51.134	0.115
25.77	-8.369	51.139	0.182
25.78	-8.366	51.139	0.148
25.79	-8.364	51.136	0.148
25.8	-8.362	51.064	0.099
25.81	-8.361	49.628	0.004
25.82	-8.359	44.059	-0.037
25.83	-8.357	34.841	-0.089
25.84	-8.356	25.683	-0.082
25.85	-8.354	18.273	-0.106
25.86	-8.353	12.430	-0.122
25.87	-8.350	7.689	-0.111
25.88	-8.349	3.459	-0.119
25.89	-8.349	-0.886	-0.115
25.9	-8.349	-5.945	-0.110
25.91	-8.349	-12.203	-0.097
25.92	-8.349	-19.819	-0.121
25.93	-8.349	-28.211	-0.082
25.94	-8.350	-36.067	-0.081
25.95	-8.351	-42.052	-0.091
25.96	-8.351	-45.478	-0.100
25.97	-8.352	-46.288	-0.097
25.98	-8.353	-44.816	-0.100
25.99	-8.353	-41.705	-0.103
26.0	-8.353	-37.652	-0.062
26.01	-8.354	-33.280	-0.068
26.02	-8.355	-29.153	-0.081
26.03	-8.356	-25.609	-0.076
26.04	-8.358	-22.844	-0.076
26.05	-8.361	-21.039	-0.065
26.06	-8.363	-20.264	-0.081
26.07	-8.366	-20.423	-0.089
26.08	-8.369	-21.258	-0.056
26.09	-8.373	-22.461	-0.065
26.1	-8.376	-23.828	-0.088
26.11	-8.379	-25.194	-0.053
26.12	-8.383	-26.394	-0.062
26.13	-8.385	-27.400	-0.065
26.14	-8.387	-28.253	-0.074
26.15	-8.389	-28.839	-0.050
26.16	-8.391	-29.072	-0.065
26.17	-8.391	-29.064	-0.098
26.18	-8.391	-28.914	-0.034
26.19	-8.391	-28.655	-0.047
26.2	-8.392	-28.334	-0.046
26.21	-8.393	-28.030	-0.012
26.22	-8.395	-27.773	0.007
26.23	-8.397	-27.550	0.039
26.24	-8.400	-27.405	0.015
26.25	-8.402	-27.363	0.005
26.26	-8.406	-27.316	0.011
26.27	-8.409	-27.073	-0.039
26.28	-8.412	-26.564	-0.050
26.29	-8.414	-25.902	-0.041
26.3	-8.416	-25.169	-0.060
26.31	-8.416	-24.417	-0.064
26.32	-8.414	-23.781	-0.068
26.33	-8.412	-23.311	-0.069
26.34	-8.411	-22.992	-0.068
26.35	-8.411	-22.823	-0.069
26.36	-8.411	-22.756	-0.113
26.37	-8.412	-22.750	0.008
26.38	-8.411	-22.798	0.479
26.39	-8.412	-22.881	0.990
26.4	-8.416	-22.994	0.746
26.41	-8.422	-23.119	0.165
26.42	-8.427	-23.277	0.099
26.43	-8.431	-23.508	0.033
26.44	-8.436	-23.789	-0.071
26.45	-8.443	-24.047	-0.053
26.46	-8.449	-24.223	-0.059
26.47	-8.451	-24.255	-0.049
26.48	-8.449	-24.070	-0.079
26.49	-8.441	-23.578	-0.059
26.5	-8.431	-22.667	-0.003
26.51	-8.422	-21.047	-0.044
26.52	-8.419	-17.880	-0.028
26.53	-8.414	-11.816	0.005
26.54	-8.409	-1.542	-0.017
26.55	-8.402	13.586	-0.006
26.56	-8.398	31.580	0.029
26.57	-8.394	45.364	0.082
26.58	-8.392	50.534	0.083
26.59	-8.391	51.127	0.113
26.6	-8.391	51.139	0.114
26.61	-8.393	51.139	0.133
26.62	-8.394	51.139	0.155
26.63	-8.396	51.136	0.122
26.64	-8.398	51.077	0.109
26.65	-8.399	49.827	0.027
26.66	-8.401	44.825	-0.040
26.67	-8.403	36.378	-0.056
26.68	-8.404	27.934	-0.109
26.69	-8.405	21.094	-0.104
26.7	-8.404	15.528	-0.109
26.71	-8.403	10.741	-0.140
26.72	-8.403	6.283	-0.109
26.73	-8.404	1.688	-0.109
26.74	-8.406	-3.550	-0.090
26.75	-8.406	-9.909	-0.090
26.76	-8.408	-17.608	-0.122
26.77	-8.410	-26.205	-0.094
26.78	-8.413	-34.533	-0.113
26.79	-8.417	-41.183	-0.099
26.8	-8.420	-45.194	-0.071
26.81	-8.422	-46.497	-0.091
26.82	-8.424	-45.555	-0.112
26.83	-8.425	-42.770	-0.093
26.84	-8.426	-38.664	-0.072
26.85	-8.427	-33.966	-0.094
26.86	-8.429	-29.383	-0.080
26.87	-8.432	-25.536	-0.062
26.88	-8.435	-22.781	-0.080
26.89	-8.439	-21.166	-0.071
26.9	-8.443	-20.566	-0.072
26.91	-8.447	-20.761	-0.084
26.92	-8.453	-21.517	-0.061
26.93	-8.457	-22.589	-0.053
26.94	-8.463	-23.702	-0.086
26.95	-8.466	-24.697	-0.090
26.96	-8.470	-25.600	-0.084
26.97	-8.473	-26.453	-0.051
26.98	-8.476	-27.225	-0.041
26.99	-8.477	-27.873	-0.070
27.0	-8.478	-28.358	-0.057
27.01	-8.478	-28.677	-0.071
27.02	-8.477	-28.853	-0.081
27.03	-8.478	-28.856	-0.044
27.04	-8.478	-28.680	-0.026
27.05	-8.479	-28.342	-0.014
27.06	-8.481	-27.908	0.007
27.07	-8.484	-27.533	0.025
27.08	-8.487	-27.244	0.013
27.09	-8.490	-26.964	0.020
27.1	-8.494	-26.728	0.004
27.11	-8.497	-26.527	-0.009
27.12	-8.499	-26.298	-0.048
27.13	-8.502	-25.978	-0.064
27.14	-8.502	-25.564	-0.054
27.15	-8.502	-25.103	-0.079
27.16	-8.502	-24.563	-0.059
27.17	-8.500	-24.006	-0.078
27.18	-8.498	-23.511	-0.107
27.19	-8.498	-23.042	-0.070
27.2	-8.498	-22.681	-0.107
27.21	-8.499	-22.514	-0.062
27.22	-8.499	-22.528	0.341
27.23	-8.499	-22.678	0.935
27.24	-8.502	-22.922	0.824
27.25	-8.508	-23.200	0.199
27.26	-8.512	-23.539	0.047
27.27	-8.516	-24.213	0.018
27.28	-8.519	-25.066	-0.073
27.29	-8.524	-25.273	-0.066
27.3	-8.528	-24.808	-0.074
27.31	-8.531	-24.355	-0.087
27.32	-8.528	-23.845	-0.067
27.33	-8.520	-23.206	-0.068
27.34	-8.509	-22.483	-0.069
27.35	-8.498	-21.130	-0.041
27.36	-8.487	-18.383	-0.039
27.37	-8.478	-13.091	-0.013
27.38	-8.471	-3.833	-0.001
27.39	-8.465	10.245	0.012
27.4	-8.460	28.038	0.016
27.41	-8.456	43.311	0.023
27.42	-8.453	50.098	0.092
27.43	-8.452	51.120	0.110
27.44	-8.452	51.136	0.114
27.45	-8.453	51.139	0.158
27.46	-8.454	51.139	0.164
27.47	-8.456	51.138	0.148
27.48	-8.457	51.102	0.096
27.49	-8.460	50.153	0.037
27.5	-8.462	45.639	-0.011
27.51	-8.464	37.159	-0.078
27.52	-8.466	28.164	-0.114
27.53	-8.466	20.780	-0.090
27.54	-8.466	14.900	-0.111
27.55	-8.466	10.116	-0.110
27.56	-8.466	5.908	-0.109
27.57	-8.469	1.739	-0.101
27.58	-8.471	-2.984	-0.092
27.59	-8.472	-8.917	-0.121
27.6	-8.473	-16.425	-0.091
27.61	-8.475	-25.144	-0.103
27.62	-8.477	-33.913	-0.107
27.63	-8.479	-41.197	-0.089
27.64	-8.482	-45.830	-0.086
27.65	-8.485	-47.475	-0.064
27.66	-8.486	-46.481	-0.096
27.67	-8.488	-43.472	-0.109
27.68	-8.488	-39.159	-0.073
27.69	-8.490	-34.336	-0.061
27.7	-8.492	-29.694	-0.097
27.71	-8.496	-25.700	-0.079
27.72	-8.499	-22.694	-0.056
27.73	-8.502	-20.845	-0.107
27.74	-8.505	-20.133	-0.076
27.75	-8.509	-20.338	-0.061
27.76	-8.512	-21.138	-0.092
27.77	-8.517	-22.247	-0.081
27.78	-8.521	-23.431	-0.065
27.79	-8.524	-24.606	-0.086
27.8	-8.527	-25.742	-0.065
27.81	-8.529	-26.741	-0.059
27.82	-8.531	-27.586	-0.074
27.83	-8.533	-28.319	-0.037
27.84	-8.534	-28.867	-0.072
27.85	-8.534	-29.108	-0.068
27.86	-8.535	-29.067	-0.061
27.87	-8.536	-28.847	-0.053
27.88	-8.537	-28.564	-0.024
27.89	-8.541	-28.355	-0.029
27.9	-8.544	-28.245	-0.011
27.91	-8.547	-28.147	0.046
27.92	-8.552	-27.995	0.047
27.93	-8.555	-27.780	0.008
27.94	-8.559	-27.467	0.023
27.95	-8.562	-27.042	-0.013
27.96	-8.565	-26.617	-0.080
27.97	-8.567	-26.255	-0.045
27.98	-8.568	-25.859	-0.049
27.99	-8.568	-25.348	-0.072
28.0	-8.566	-24.706	-0.101
28.01	-8.564	-24.030	-0.085
28.02	-8.564	-23.502	-0.079
28.03	-8.563	-23.188	-0.081
28.04	-8.564	-23.033	-0.116
28.05	-8.564	-22.998	-0.050
28.06	-8.563	-23.091	0.376
28.07	-8.563	-23.320	0.921
28.08	-8.566	-23.555	0.799
28.09	-8.571	-23.683	0.182
28.1	-8.576	-23.842	0.016
28.11	-8.579	-24.177	0.016
28.12	-8.582	-24.609	-0.060
28.13	-8.586	-24.973	-0.070
28.14	-8.590	-25.209	-0.083
28.15	-8.591	-25.288	-0.109
28.16	-8.589	-25.089	-0.067
28.17	-8.581	-24.513	-0.057
28.18	-8.569	-23.513	-0.078
28.19	-8.558	-21.942	-0.045
28.2	-8.546	-19.211	-0.034
28.21	-8.535	-14.219	-0.026
28.22	-8.524	-5.744	-0.014
28.23	-8.513	7.095	0.017
28.24	-8.504	24.030	0.031
28.25	-8.498	40.336	0.052
28.26	-8.493	49.144	0.063
28.27	-8.491	51.061	0.097
28.28	-8.490	51.136	0.122
28.29	-8.490	51.139	0.162
28.3	-8.491	51.139	0.156
28.31	-8.492	51.136	0.140
28.32	-8.493	51.106	0.111
28.33	-8.494	50.216	0.042
28.34	-8.496	45.766	0.014
28.35	-8.498	37.155	-0.076
28.36	-8.499	27.842	-0.092
28.37	-8.500	20.169	-0.086
28.38	-8.500	14.114	-0.124
28.39	-8.499	9.225	-0.106
28.4	-8.501	4.881	-0.096
28.41	-8.504	0.438	-0.123
28.42	-8.507	-4.731	-0.104
28.43	-8.508	-11.197	-0.088
28.44	-8.510	-19.169	-0.089
28.45	-8.512	-28.120	-0.072
28.46	-8.516	-36.695	-0.087
28.47	-8.519	-43.334	-0.090
28.48	-8.523	-47.134	-0.089
28.49	-8.525	-48.061	-0.081
28.5	-8.527	-46.583	-0.090
28.51	-8.528	-43.230	-0.061
28.52	-8.529	-38.644	-0.075
28.53	-8.531	-33.625	-0.086
28.54	-8.533	-28.869	-0.070
28.55	-8.536	-24.859	-0.080
28.56	-8.541	-21.895	-0.037
28.57	-8.546	-20.056	-0.073
28.58	-8.551	-19.372	-0.091
28.59	-8.556	-19.739	-0.054
28.6	-8.561	-20.778	-0.073
28.61	-8.567	-22.117	-0.082
28.62	-8.572	-23.566	-0.054
28.63	-8.577	-24.961	-0.055
28.64	-8.581	-26.184	-0.070
28.65	-8.583	-27.241	-0.060
28.66	-8.585	-28.155	-0.069
28.67	-8.586	-28.856	-0.043
28.68	-8.587	-29.306	-0.049
28.69	-8.588	-29.581	-0.088
28.7	-8.588	-29.678	-0.042
28.71	-8.589	-29.509	-0.035
28.72	-8.591	-29.200	-0.046
28.73	-8.592	-28.975	-0.004
28.74	-8.595	-28.792	0.030
28.75	-8.597	-28.575	0.045
28.76	-8.599	-28.422	0.010
28.77	-8.603	-28.319	0.017
28.78	-8.606	-28.108	-0.004
28.79	-8.609	-27.742	-0.041
28.8	-8.611	-27.355	-0.047
28.81	-8.613	-27.034	-0.043
28.82	-8.614	-26.778	-0.049
28.83	-8.613	-26.697	-0.099
28.84	-8.612	-27.041	-0.078
28.85	-8.611	-28.219	-0.076
28.86	-8.611	-29.503	-0.089
28.87	-8.612	-29.213	-0.085
28.88	-8.614	-27.658	-0.145
28.89	-8.615	-26.434	0.078
28.9	-8.616	-25.820	0.635
28.91	-8.616	-25.353	0.983
28.92	-8.619	-24.766	0.528
28.93	-8.624	-24.219	0.073
28.94	-8.627	-24.113	0.032
28.95	-8.631	-24.286	-0.054
28.96	-8.634	-24.588	-0.069
28.97	-8.638	-24.997	-0.081
28.98	-8.641	-25.269	-0.075
28.99	-8.642	-25.242	-0.077
29.0	-8.639	-24.752	-0.079
29.01	-8.631	-23.841	-0.056
29.02	-8.620	-22.641	-0.052
29.03	-8.609	-20.864	-0.046
29.04	-8.599	-17.725	-0.030
29.05	-8.589	-12.002	-0.031
29.06	-8.579	-2.420	0.005
29.07	-8.569	11.752	0.045
29.08	-8.561	29.284	0.037
29.09	-8.554	43.936	0.059
29.1	-8.550	50.225	0.091
29.11	-8.549	51.123	0.122
29.12	-8.549	51.136	0.153
29.13	-8.551	51.139	0.150
29.14	-8.553	51.139	0.135
29.15	-8.555	51.134	0.144
29.16	-8.557	51.038	0.082
29.17	-8.559	49.344	-0.005
29.18	-8.560	43.323	-0.021
29.19	-8.562	33.883	-0.064
29.2	-8.563	24.670	-0.094
29.21	-8.562	17.150	-0.098
29.22	-8.561	11.223	-0.118
29.23	-8.561	6.447	-0.100
29.24	-8.563	2.184	-0.111
29.25	-8.566	-2.306	-0.110
29.26	-8.568	-7.831	-0.113
29.27	-8.569	-14.939	-0.094
29.28	-8.571	-23.439	-0.069
29.29	-8.574	-32.166	-0.073
29.3	-8.578	-39.500	-0.086
29.31	-8.581	-44.273	-0.091
29.32	-8.582	-46.131	-0.101
29.33	-8.584	-45.436	-0.081
29.34	-8.584	-42.841	-0.075
29.35	-8.586	-38.989	-0.077
29.36	-8.588	-34.502	-0.089
29.37	-8.590	-29.948	-0.072
29.38	-8.594	-25.836	-0.058
29.39	-8.598	-22.606	-0.064
29.4	-8.601	-20.444	-0.057
29.41	-8.604	-19.278	-0.090
29.42	-8.609	-19.027	-0.063
29.43	-8.614	-19.609	-0.051
29.44	-8.619	-20.798	-0.077
29.45	-8.624	-22.269	-0.056
29.46	-8.629	-23.778	-0.070
29.47	-8.633	-25.206	-0.081
29.48	-8.636	-26.430	-0.048
29.49	-8.639	-27.269	-0.058
29.5	-8.640	-27.656	-0.072
29.51	-8.640	-27.805	-0.069
29.52	-8.640	-27.978	-0.062
29.53	-8.640	-28.180	-0.042
29.54	-8.640	-28.319	-0.047
29.55	-8.641	-28.402	-0.029
29.56	-8.642	-28.416	-0.021
29.57	-8.644	-28.320	-0.014
29.58	-8.646	-28.098	0.053
29.59	-8.649	-27.803	0.013
