Interval=	0.01 s
ExcelDateTime=	3.9769418330516310e+004	17/11/2008 10:02:23.756609
TimeFormat=	StartOfBlock
ChannelTitle=	Channel 1	Channel 2	Channel 3
Range=	20.000 mV	50.000 mV	2.000 mV
0.0	-7.819	-29.416	-0.118
0.01	-7.814	-22.725	-0.095
0.02	-7.809	-18.281	-0.098
0.03	-7.804	-16.166	-0.094
0.04	-7.799	-16.056	-0.087
0.05	-7.795	-17.430	-0.098
0.06	-7.792	-19.683	-0.110
0.07	-7.788	-22.319	-0.088
0.08	-7.784	-25.041	-0.086
0.09	-7.782	-27.619	-0.101
0.1	-7.781	-29.789	-0.103
0.11	-7.780	-31.366	-0.088
0.12	-7.778	-32.381	-0.116
0.13	-7.776	-32.948	-0.103
0.14	-7.774	-33.083	-0.095
0.15	-7.772	-32.791	-0.095
0.16	-7.770	-32.144	-0.091
0.17	-7.768	-31.323	-0.076
0.18	-7.766	-30.514	-0.065
0.19	-7.764	-29.706	-0.053
0.2	-7.763	-28.905	-0.039
0.21	-7.762	-28.169	-0.004
0.22	-7.761	-27.483	0.010
0.23	-7.762	-26.880	-0.001
0.24	-7.762	-26.336	-0.006
0.25	-7.763	-25.727	-0.025
0.26	-7.764	-24.994	-0.067
0.27	-7.764	-24.094	-0.077
0.28	-7.764	-23.002	-0.089
0.29	-7.764	-21.842	-0.094
0.3	-7.763	-20.753	-0.103
0.31	-7.763	-19.817	-0.096
0.32	-7.763	-19.152	-0.111
0.33	-7.761	-18.880	-0.097
0.34	-7.761	-19.044	-0.129
0.35	-7.761	-19.525	-0.119
0.36	-7.763	-20.181	0.203
0.37	-7.764	-20.927	0.908
0.38	-7.762	-21.666	1.189
0.39	-7.757	-22.284	0.482
0.4	-7.753	-22.725	0.033
0.41	-7.754	-23.061	0.033
0.42	-7.756	-23.411	-0.085
0.43	-7.758	-23.711	-0.096
0.44	-7.760	-23.672	-0.117
0.45	-7.762	-23.072	-0.115
0.46	-7.762	-21.852	-0.089
0.47	-7.761	-20.130	-0.090
0.48	-7.759	-17.761	-0.081
0.49	-7.756	-13.578	-0.069
0.5	-7.753	-5.053	-0.064
0.51	-7.749	10.420	-0.036
0.52	-7.746	30.644	-0.032
0.53	-7.741	45.730	-0.006
0.54	-7.738	50.711	0.011
0.55	-7.736	51.120	0.042
0.56	-7.734	51.139	0.069
0.57	-7.734	51.139	0.100
0.58	-7.735	51.139	0.132
0.59	-7.737	51.138	0.154
0.6	-7.741	51.128	0.175
0.61	-7.746	50.516	0.198
0.62	-7.750	46.350	0.168
0.63	-7.754	36.905	0.099
0.64	-7.759	25.923	0.019
0.65	-7.763	17.063	-0.040
0.66	-7.768	10.523	-0.084
0.67	-7.772	5.677	-0.108
0.68	-7.776	1.930	-0.129
0.69	-7.779	-1.303	-0.135
0.7	-7.784	-4.580	-0.127
0.71	-7.789	-8.444	-0.110
0.72	-7.795	-13.547	-0.134
0.73	-7.799	-20.595	-0.128
0.74	-7.804	-29.947	-0.115
0.75	-7.809	-40.369	-0.127
0.76	-7.813	-48.025	-0.121
0.77	-7.818	-50.823	-0.115
0.78	-7.823	-51.133	-0.122
0.79	-7.828	-51.133	-0.116
0.8	-7.833	-50.709	-0.122
0.81	-7.838	-47.852	-0.110
0.82	-7.844	-41.152	-0.101
0.83	-7.849	-32.891	-0.113
0.84	-7.855	-25.938	-0.124
0.85	-7.861	-21.247	-0.102
0.86	-7.867	-18.869	-0.113
0.87	-7.874	-18.455	-0.103
0.88	-7.880	-19.523	-0.100
0.89	-7.887	-21.519	-0.109
0.9	-7.893	-24.003	-0.113
0.91	-7.899	-26.619	-0.100
0.92	-7.906	-29.005	-0.104
0.93	-7.913	-31.033	-0.093
0.94	-7.920	-32.617	-0.087
0.95	-7.928	-33.605	-0.096
0.96	-7.935	-33.955	-0.099
0.97	-7.942	-33.878	-0.082
0.98	-7.951	-33.541	-0.077
0.99	-7.959	-32.984	-0.083
1.0	-7.968	-32.322	-0.076
1.01	-7.977	-31.638	-0.049
1.02	-7.986	-30.942	-0.038
1.03	-7.997	-30.264	-0.002
1.04	-8.008	-29.613	0.033
1.05	-8.020	-28.888	0.019
1.06	-8.033	-28.092	0.001
1.07	-8.048	-27.322	0.007
1.08	-8.064	-26.564	-0.029
1.09	-8.078	-25.798	-0.062
1.1	-8.092	-24.961	-0.071
1.11	-8.106	-23.967	-0.069
1.12	-8.121	-22.830	-0.091
1.13	-8.135	-21.659	-0.085
1.14	-8.150	-20.617	-0.078
1.15	-8.166	-19.855	-0.110
1.16	-8.183	-19.525	-0.085
1.17	-8.199	-19.700	-0.131
1.18	-8.217	-20.294	-0.075
1.19	-8.237	-21.175	0.430
1.2	-8.258	-22.120	1.127
1.21	-8.281	-22.895	1.045
1.22	-8.304	-23.425	0.262
1.23	-8.328	-23.703	0.045
1.24	-8.351	-23.797	0.012
1.25	-8.374	-23.908	-0.076
1.26	-8.398	-24.031	-0.099
1.27	-8.419	-23.888	-0.107
1.28	-8.439	-23.180	-0.083
1.29	-8.456	-21.842	-0.093
1.3	-8.470	-20.028	-0.076
1.31	-8.482	-17.616	-0.057
1.32	-8.494	-13.388	-0.050
1.33	-8.506	-4.814	-0.033
1.34	-8.519	10.611	-0.039
1.35	-8.533	30.731	-0.022
1.36	-8.546	45.748	0.010
1.37	-8.560	50.709	0.036
1.38	-8.574	51.120	0.050
1.39	-8.590	51.139	0.089
1.4	-8.607	51.139	0.128
1.41	-8.626	51.139	0.147
1.42	-8.645	51.136	0.177
1.43	-8.662	51.108	0.200
1.44	-8.679	50.108	0.195
1.45	-8.696	44.633	0.163
1.46	-8.713	33.680	0.081
1.47	-8.729	21.902	-0.005
1.48	-8.744	12.680	-0.067
1.49	-8.760	5.961	-0.083
1.5	-8.775	1.063	-0.123
1.51	-8.789	-2.659	-0.129
1.52	-8.804	-5.730	-0.125
1.53	-8.818	-8.836	-0.132
1.54	-8.832	-12.805	-0.127
1.55	-8.846	-18.514	-0.128
1.56	-8.859	-26.584	-0.122
1.57	-8.873	-36.622	-0.112
1.58	-8.884	-45.677	-0.111
1.59	-8.897	-50.220	-0.107
1.6	-8.908	-51.108	-0.117
1.61	-8.918	-51.133	-0.104
1.62	-8.930	-50.930	-0.102
1.63	-8.942	-48.892	-0.106
1.64	-8.953	-42.963	-0.099
1.65	-8.964	-34.503	-0.087
1.66	-8.976	-26.650	-0.102
1.67	-8.988	-20.878	-0.084
1.68	-8.997	-17.512	-0.094
1.69	-9.006	-16.336	-0.097
1.7	-9.016	-16.875	-0.099
1.71	-9.026	-18.569	-0.084
1.72	-9.035	-20.908	-0.079
1.73	-9.041	-23.516	-0.096
1.74	-9.044	-26.141	-0.090
1.75	-9.050	-28.614	-0.084
1.76	-9.059	-30.697	-0.074
1.77	-9.069	-32.189	-0.085
1.78	-9.078	-33.063	-0.090
1.79	-9.087	-33.430	-0.077
1.8	-9.096	-33.428	-0.086
1.81	-9.107	-33.147	-0.075
1.82	-9.119	-32.642	-0.079
1.83	-9.130	-31.981	-0.059
1.84	-9.140	-31.234	-0.044
1.85	-9.151	-30.423	-0.004
1.86	-9.162	-29.581	0.020
1.87	-9.172	-28.775	0.011
1.88	-9.180	-28.013	0.020
1.89	-9.189	-27.267	-0.003
1.9	-9.199	-26.502	-0.054
1.91	-9.210	-25.656	-0.060
1.92	-9.220	-24.628	-0.077
1.93	-9.229	-23.413	-0.091
1.94	-9.236	-22.120	-0.075
1.95	-9.244	-20.888	-0.091
1.96	-9.252	-19.930	-0.097
1.97	-9.261	-19.388	-0.083
1.98	-9.272	-19.255	-0.091
1.99	-9.283	-19.533	-0.136
2.0	-9.294	-20.130	-0.113
2.01	-9.306	-20.848	0.304
2.02	-9.319	-21.547	0.925
2.03	-9.332	-22.213	0.942
2.04	-9.344	-22.877	0.259
2.05	-9.356	-23.572	0.035
2.06	-9.367	-24.297	0.034
2.07	-9.378	-24.953	-0.088
2.08	-9.388	-25.361	-0.081
2.09	-9.398	-25.352	-0.105
2.1	-9.406	-24.773	-0.094
2.11	-9.411	-23.588	-0.082
2.12	-9.416	-21.998	-0.073
2.13	-9.421	-20.217	-0.066
2.14	-9.427	-17.958	-0.067
2.15	-9.436	-13.853	-0.031
2.16	-9.446	-5.386	-0.026
2.17	-9.453	9.888	-0.020
2.18	-9.458	30.009	-0.005
2.19	-9.464	45.364	0.031
2.2	-9.472	50.641	0.051
2.21	-9.482	51.120	0.083
2.22	-9.493	51.139	0.113
2.23	-9.502	51.139	0.151
2.24	-9.511	51.139	0.172
2.25	-9.521	51.128	0.186
2.26	-9.531	50.638	0.192
2.27	-9.539	46.419	0.157
2.28	-9.546	35.366	0.070
2.29	-9.551	21.089	0.000
2.3	-9.556	8.917	-0.053
2.31	-9.561	0.066	-0.096
2.32	-9.565	-5.955	-0.124
2.33	-9.569	-9.941	-0.121
2.34	-9.571	-12.852	-0.140
2.35	-9.574	-15.761	-0.151
2.36	-9.579	-19.872	-0.132
2.37	-9.584	-26.252	-0.122
2.38	-9.584	-35.175	-0.127
2.39	-9.582	-44.336	-0.119
2.4	-9.579	-49.728	-0.135
2.41	-9.576	-51.073	-0.116
2.42	-9.571	-51.131	-0.110
2.43	-9.566	-50.867	-0.109
2.44	-9.563	-48.425	-0.096
2.45	-9.560	-41.616	-0.100
2.46	-9.558	-32.072	-0.100
2.47	-9.556	-23.200	-0.099
2.48	-9.554	-16.595	-0.098
2.49	-9.553	-12.702	-0.087
2.5	-9.550	-11.423	-0.094
2.51	-9.547	-12.294	-0.101
2.52	-9.544	-14.575	-0.100
2.53	-9.540	-17.484	-0.088
2.54	-9.536	-20.561	-0.092
2.55	-9.533	-23.595	-0.098
2.56	-9.530	-26.375	-0.084
2.57	-9.527	-28.730	-0.075
2.58	-9.524	-30.508	-0.102
2.59	-9.520	-31.644	-0.093
2.6	-9.516	-32.219	-0.087
2.61	-9.512	-32.309	-0.086
2.62	-9.508	-32.025	-0.075
2.63	-9.503	-31.539	-0.077
2.64	-9.498	-30.953	-0.082
2.65	-9.491	-30.317	-0.049
2.66	-9.484	-29.678	-0.051
2.67	-9.474	-29.048	-0.016
2.68	-9.463	-28.391	0.014
2.69	-9.449	-27.688	-0.004
2.7	-9.432	-26.956	0.004
2.71	-9.413	-26.172	0.000
2.72	-9.393	-25.366	-0.059
2.73	-9.372	-24.542	-0.081
2.74	-9.350	-23.595	-0.078
2.75	-9.328	-22.458	-0.084
2.76	-9.308	-21.214	-0.103
2.77	-9.287	-20.041	-0.096
2.78	-9.268	-19.038	-0.094
2.79	-9.248	-18.363	-0.109
2.8	-9.229	-18.183	-0.091
2.81	-9.211	-18.500	-0.135
2.82	-9.191	-19.173	-0.103
2.83	-9.170	-20.022	0.325
2.84	-9.148	-20.908	0.943
2.85	-9.129	-21.780	0.917
2.86	-9.109	-22.638	0.220
2.87	-9.089	-23.427	0.025
2.88	-9.066	-24.148	0.013
2.89	-9.040	-24.816	-0.082
2.9	-9.013	-25.244	-0.069
2.91	-8.982	-25.281	-0.107
2.92	-8.949	-24.838	-0.101
2.93	-8.912	-23.770	-0.088
2.94	-8.875	-22.186	-0.096
2.95	-8.836	-20.289	-0.068
2.96	-8.797	-17.698	-0.054
2.97	-8.757	-12.919	-0.051
2.98	-8.717	-3.383	-0.026
2.99	-8.678	13.123	-0.004
3.0	-8.640	33.277	-0.001
3.01	-8.603	46.972	0.020
3.02	-8.568	50.903	0.044
3.03	-8.534	51.127	0.079
3.04	-8.501	51.139	0.112
3.05	-8.469	51.139	0.142
3.06	-8.438	51.138	0.167
3.07	-8.408	51.127	0.195
3.08	-8.378	50.417	0.177
3.09	-8.352	45.273	0.154
3.1	-8.326	33.186	0.073
3.11	-8.299	18.691	-0.007
3.12	-8.273	6.750	-0.056
3.13	-8.248	-1.858	-0.099
3.14	-8.223	-7.675	-0.124
3.15	-8.199	-11.527	-0.121
3.16	-8.176	-14.258	-0.129
3.17	-8.156	-16.798	-0.146
3.18	-8.137	-20.288	-0.134
3.19	-8.119	-25.852	-0.121
3.2	-8.101	-34.050	-0.115
3.21	-8.084	-43.198	-0.117
3.22	-8.069	-49.241	-0.126
3.23	-8.054	-51.017	-0.113
3.24	-8.039	-51.133	-0.117
3.25	-8.024	-51.092	-0.101
3.26	-8.008	-50.067	-0.099
3.27	-7.993	-45.638	-0.094
3.28	-7.977	-37.411	-0.089
3.29	-7.961	-28.347	-0.101
3.3	-7.947	-20.875	-0.099
3.31	-7.934	-15.842	-0.076
3.32	-7.921	-13.438	-0.098
3.33	-7.907	-13.281	-0.102
3.34	-7.894	-14.730	-0.092
3.35	-7.882	-17.214	-0.091
3.36	-7.870	-20.222	-0.086
3.37	-7.860	-23.348	-0.091
3.38	-7.851	-26.305	-0.089
3.39	-7.841	-28.872	-0.091
3.4	-7.831	-30.913	-0.087
3.41	-7.821	-32.389	-0.078
3.42	-7.812	-33.295	-0.098
3.43	-7.802	-33.659	-0.094
3.44	-7.791	-33.580	-0.084
3.45	-7.781	-33.155	-0.075
3.46	-7.769	-32.458	-0.079
3.47	-7.759	-31.591	-0.061
3.48	-7.749	-30.669	-0.040
3.49	-7.739	-29.755	-0.030
3.5	-7.729	-28.952	0.005
3.51	-7.720	-28.270	0.027
3.52	-7.711	-27.591	-0.017
3.53	-7.701	-26.903	0.005
3.54	-7.692	-26.241	-0.013
3.55	-7.685	-25.558	-0.069
3.56	-7.679	-24.744	-0.061
3.57	-7.673	-23.744	-0.082
3.58	-7.666	-22.664	-0.101
3.59	-7.658	-21.603	-0.084
3.6	-7.650	-20.630	-0.104
3.61	-7.644	-19.900	-0.111
3.62	-7.639	-19.503	-0.088
3.63	-7.634	-19.480	-0.109
3.64	-7.630	-19.844	-0.160
3.65	-7.627	-20.453	0.119
3.66	-7.625	-21.170	0.765
3.67	-7.624	-21.906	1.162
3.68	-7.624	-22.545	0.567
3.69	-7.623	-23.103	0.043
3.7	-7.621	-23.609	0.039
3.71	-7.619	-24.056	-0.076
3.72	-7.617	-24.448	-0.104
3.73	-7.617	-24.688	-0.100
3.74	-7.616	-24.584	-0.110
3.75	-7.614	-23.923	-0.104
3.76	-7.610	-22.623	-0.094
3.77	-7.604	-20.725	-0.075
3.78	-7.598	-17.753	-0.065
3.79	-7.591	-12.019	-0.053
3.8	-7.584	-0.777	-0.043
3.81	-7.579	17.603	-0.026
3.82	-7.573	37.417	-0.012
3.83	-7.567	48.595	0.020
3.84	-7.563	51.039	0.031
3.85	-7.558	51.134	0.054
3.86	-7.555	51.139	0.091
3.87	-7.553	51.139	0.130
3.88	-7.553	51.139	0.139
3.89	-7.553	51.128	0.180
3.9	-7.554	50.922	0.199
3.91	-7.555	48.105	0.158
3.92	-7.557	39.003	0.113
3.93	-7.559	25.716	0.034
3.94	-7.561	13.764	-0.033
3.95	-7.563	4.891	-0.075
3.96	-7.563	-1.438	-0.131
3.97	-7.564	-5.925	-0.121
3.98	-7.564	-9.294	-0.124
3.99	-7.566	-12.191	-0.142
4.0	-7.567	-15.359	-0.135
4.01	-7.569	-19.634	-0.130
4.02	-7.570	-25.833	-0.134
4.03	-7.571	-34.397	-0.110
4.04	-7.573	-43.606	-0.110
4.05	-7.576	-49.450	-0.117
4.06	-7.578	-51.048	-0.120
4.07	-7.580	-51.136	-0.109
4.08	-7.583	-51.134	-0.109
4.09	-7.584	-50.748	-0.101
4.1	-7.588	-47.863	-0.101
4.11	-7.591	-40.781	-0.091
4.12	-7.594	-31.756	-0.109
4.13	-7.596	-23.961	-0.095
4.14	-7.600	-18.575	-0.098
4.15	-7.604	-15.761	-0.109
4.16	-7.608	-15.220	-0.080
4.17	-7.612	-16.414	-0.092
4.18	-7.617	-18.728	-0.104
4.19	-7.622	-21.567	-0.090
4.2	-7.628	-24.523	-0.095
4.21	-7.633	-27.409	-0.084
4.22	-7.638	-30.038	-0.089
4.23	-7.643	-32.127	-0.085
4.24	-7.648	-33.544	-0.097
4.25	-7.652	-34.355	-0.093
4.26	-7.657	-34.600	-0.072
4.27	-7.661	-34.342	-0.089
4.28	-7.664	-33.739	-0.083
4.29	-7.668	-33.011	-0.064
4.3	-7.672	-32.241	-0.081
4.31	-7.675	-31.441	-0.062
4.32	-7.679	-30.647	-0.032
4.33	-7.684	-29.841	0.004
4.34	-7.688	-29.061	0.012
4.35	-7.693	-28.339	0.007
4.36	-7.698	-27.692	0.022
4.37	-7.703	-27.169	0.013
4.38	-7.709	-26.675	-0.034
4.39	-7.714	-26.070	-0.073
4.4	-7.719	-25.263	-0.080
4.41	-7.724	-24.197	-0.073
4.42	-7.728	-22.955	-0.096
4.43	-7.731	-21.755	-0.095
4.44	-7.734	-20.772	-0.099
4.45	-7.736	-20.083	-0.107
4.46	-7.740	-19.744	-0.090
4.47	-7.744	-19.822	-0.140
4.48	-7.748	-20.277	-0.035
4.49	-7.752	-20.986	0.484
4.5	-7.758	-21.819	1.155
4.51	-7.765	-22.638	0.938
4.52	-7.773	-23.359	0.183
4.53	-7.782	-23.939	0.052
4.54	-7.791	-24.384	-0.023
4.55	-7.800	-24.720	-0.099
4.56	-7.810	-24.873	-0.084
4.57	-7.820	-24.700	-0.098
4.58	-7.828	-24.072	-0.103
4.59	-7.834	-22.952	-0.100
4.6	-7.838	-21.377	-0.080
4.61	-7.841	-19.072	-0.080
4.62	-7.844	-14.691	-0.069
4.63	-7.847	-5.708	-0.045
4.64	-7.851	10.325	-0.039
4.65	-7.854	30.947	-0.010
4.66	-7.858	45.983	-0.002
4.67	-7.864	50.761	0.030
4.68	-7.871	51.122	0.046
4.69	-7.879	51.139	0.069
4.7	-7.890	51.139	0.108
4.71	-7.901	51.139	0.143
4.72	-7.913	51.136	0.164
4.73	-7.926	51.073	0.180
4.74	-7.938	49.498	0.189
4.75	-7.951	42.413	0.150
4.76	-7.965	29.652	0.063
4.77	-7.979	16.730	-0.016
4.78	-7.993	6.833	-0.069
4.79	-8.007	-0.241	-0.107
4.8	-8.021	-5.113	-0.127
4.81	-8.034	-8.573	-0.132
4.82	-8.048	-11.423	-0.132
4.83	-8.064	-14.355	-0.126
4.84	-8.079	-18.120	-0.141
4.85	-8.096	-23.527	-0.122
4.86	-8.113	-31.181	-0.129
4.87	-8.131	-40.409	-0.124
4.88	-8.149	-47.788	-0.121
4.89	-8.169	-50.753	-0.116
4.9	-8.188	-51.133	-0.110
4.91	-8.208	-51.134	-0.120
4.92	-8.228	-51.002	-0.107
4.93	-8.248	-49.320	-0.101
4.94	-8.268	-43.823	-0.096
4.95	-8.289	-35.469	-0.094
4.96	-8.311	-27.541	-0.104
4.97	-8.332	-21.669	-0.100
4.98	-8.354	-18.161	-0.103
4.99	-8.376	-16.841	-0.096
5.0	-8.398	-17.220	-0.112
5.01	-8.421	-18.811	-0.093
5.02	-8.445	-21.102	-0.086
5.03	-8.468	-23.617	-0.090
5.04	-8.492	-26.142	-0.094
5.05	-8.516	-28.500	-0.085
5.06	-8.540	-30.453	-0.092
5.07	-8.564	-31.909	-0.093
5.08	-8.586	-32.820	-0.089
5.09	-8.607	-33.219	-0.086
5.1	-8.630	-33.234	-0.089
5.11	-8.652	-32.917	-0.090
5.12	-8.675	-32.352	-0.064
5.13	-8.698	-31.692	-0.077
5.14	-8.720	-30.941	-0.074
5.15	-8.740	-30.153	-0.030
5.16	-8.758	-29.372	-0.026
5.17	-8.776	-28.541	0.005
5.18	-8.795	-27.738	0.019
5.19	-8.813	-26.964	0.011
5.2	-8.829	-26.177	-0.006
5.21	-8.846	-25.403	-0.027
5.22	-8.863	-24.633	-0.064
5.23	-8.879	-23.806	-0.081
5.24	-8.892	-22.861	-0.085
5.25	-8.903	-21.855	-0.088
5.26	-8.914	-20.892	-0.097
5.27	-8.925	-20.036	-0.086
5.28	-8.936	-19.342	-0.110
5.29	-8.946	-18.930	-0.088
5.3	-8.953	-18.878	-0.122
5.31	-8.959	-19.213	-0.118
5.32	-8.968	-19.850	0.279
5.33	-8.981	-20.611	0.941
5.34	-8.994	-21.323	0.969
5.35	-9.009	-21.872	0.272
5.36	-9.022	-22.281	0.036
5.37	-9.033	-22.713	0.038
5.38	-9.044	-23.295	-0.082
5.39	-9.053	-23.906	-0.078
5.4	-9.063	-24.142	-0.092
5.41	-9.069	-23.784	-0.090
5.42	-9.074	-23.084	-0.093
5.43	-9.079	-22.008	-0.080
5.44	-9.085	-20.220	-0.074
5.45	-9.091	-17.434	-0.056
5.46	-9.096	-12.755	-0.035
5.47	-9.100	-3.889	-0.022
5.48	-9.104	11.859	-0.018
5.49	-9.109	31.903	0.012
5.5	-9.114	46.267	0.027
5.51	-9.120	50.786	0.041
5.52	-9.127	51.122	0.080
5.53	-9.136	51.139	0.116
5.54	-9.146	51.139	0.144
5.55	-9.156	51.138	0.165
5.56	-9.167	51.127	0.189
5.57	-9.178	50.386	0.201
5.58	-9.189	45.073	0.167
5.59	-9.200	32.566	0.088
5.6	-9.212	17.430	0.006
5.61	-9.224	4.769	-0.050
5.62	-9.234	-4.509	-0.101
5.63	-9.244	-10.856	-0.111
5.64	-9.254	-15.078	-0.131
5.65	-9.263	-18.048	-0.132
5.66	-9.271	-20.692	-0.133
5.67	-9.281	-24.059	-0.139
5.68	-9.290	-29.303	-0.130
5.69	-9.301	-36.977	-0.112
5.7	-9.313	-45.091	-0.113
5.71	-9.324	-49.900	-0.127
5.72	-9.335	-51.083	-0.121
5.73	-9.346	-51.131	-0.102
5.74	-9.356	-50.980	-0.121
5.75	-9.367	-49.152	-0.103
5.76	-9.377	-43.273	-0.099
5.77	-9.389	-34.228	-0.111
5.78	-9.401	-25.295	-0.096
5.79	-9.411	-18.313	-0.092
5.8	-9.421	-13.850	-0.100
5.81	-9.430	-11.933	-0.106
5.82	-9.439	-12.139	-0.100
5.83	-9.449	-13.766	-0.094
5.84	-9.458	-16.183	-0.089
5.85	-9.466	-19.027	-0.084
5.86	-9.473	-21.978	-0.113
5.87	-9.481	-24.734	-0.091
5.88	-9.490	-27.102	-0.090
5.89	-9.499	-28.972	-0.094
5.9	-9.508	-30.278	-0.090
5.91	-9.516	-31.014	-0.096
5.92	-9.524	-31.270	-0.089
5.93	-9.533	-31.134	-0.089
5.94	-9.541	-30.684	-0.079
5.95	-9.548	-30.066	-0.071
5.96	-9.554	-29.375	-0.057
5.97	-9.561	-28.628	-0.035
5.98	-9.565	-27.900	-0.014
5.99	-9.570	-27.233	0.025
6.0	-9.574	-26.573	-0.008
6.01	-9.576	-25.903	-0.004
6.02	-9.579	-25.220	-0.009
6.03	-9.579	-24.525	-0.059
6.04	-9.578	-23.706	-0.073
6.05	-9.576	-22.658	-0.074
6.06	-9.571	-21.472	-0.088
6.07	-9.566	-20.327	-0.090
6.08	-9.559	-19.313	-0.088
6.09	-9.552	-18.528	-0.112
6.1	-9.544	-18.073	-0.097
6.11	-9.537	-17.967	-0.099
6.12	-9.532	-18.197	-0.153
6.13	-9.527	-18.714	0.069
6.14	-9.521	-19.380	0.663
6.15	-9.518	-20.058	1.070
6.16	-9.517	-20.759	0.559
6.17	-9.519	-21.530	0.060
6.18	-9.521	-22.358	0.050
6.19	-9.520	-23.202	-0.055
6.2	-9.516	-23.908	-0.089
6.21	-9.508	-24.336	-0.099
6.22	-9.497	-24.353	-0.101
6.23	-9.480	-23.809	-0.085
6.24	-9.461	-22.666	-0.097
6.25	-9.443	-21.030	-0.079
6.26	-9.425	-18.931	-0.067
6.27	-9.409	-15.650	-0.057
6.28	-9.394	-9.191	-0.031
6.29	-9.378	3.097	-0.029
6.3	-9.363	21.941	-0.018
6.31	-9.347	40.425	0.018
6.32	-9.332	49.536	0.028
6.33	-9.319	51.097	0.067
6.34	-9.305	51.134	0.101
6.35	-9.291	51.139	0.114
6.36	-9.276	51.139	0.151
6.37	-9.260	51.128	0.176
6.38	-9.244	50.928	0.180
6.39	-9.228	47.986	0.173
6.4	-9.211	38.192	0.112
6.41	-9.192	23.503	0.037
6.42	-9.172	9.925	-0.038
6.43	-9.151	-0.170	-0.083
6.44	-9.128	-7.022	-0.118
6.45	-9.103	-11.341	-0.126
6.46	-9.075	-14.052	-0.134
6.47	-9.046	-16.159	-0.139
6.48	-9.018	-18.686	-0.132
6.49	-8.990	-22.781	-0.136
6.5	-8.961	-29.406	-0.131
6.51	-8.931	-38.348	-0.116
6.52	-8.903	-46.502	-0.131
6.53	-8.876	-50.427	-0.121
6.54	-8.847	-51.117	-0.108
6.55	-8.819	-51.116	-0.113
6.56	-8.793	-50.436	-0.112
6.57	-8.768	-46.792	-0.105
6.58	-8.744	-39.136	-0.107
6.59	-8.721	-30.059	-0.096
6.6	-8.699	-22.220	-0.101
6.61	-8.677	-16.602	-0.089
6.62	-8.654	-13.456	-0.090
6.63	-8.631	-12.553	-0.111
6.64	-8.608	-13.483	-0.099
6.65	-8.584	-15.708	-0.090
6.66	-8.560	-18.603	-0.106
6.67	-8.536	-21.739	-0.091
6.68	-8.511	-24.763	-0.098
6.69	-8.486	-27.342	-0.092
6.7	-8.461	-29.416	-0.089
6.71	-8.435	-30.966	-0.103
6.72	-8.411	-31.869	-0.078
6.73	-8.387	-32.188	-0.081
6.74	-8.362	-32.109	-0.094
6.75	-8.339	-31.775	-0.073
6.76	-8.318	-31.280	-0.076
6.77	-8.297	-30.672	-0.056
6.78	-8.279	-30.003	-0.019
6.79	-8.261	-29.339	-0.001
6.8	-8.244	-28.691	0.021
6.81	-8.229	-28.016	0.007
6.82	-8.216	-27.334	-0.008
6.83	-8.205	-26.675	-0.019
6.84	-8.193	-26.022	-0.079
6.85	-8.181	-25.309	-0.066
6.86	-8.170	-24.419	-0.078
6.87	-8.158	-23.388	-0.094
6.88	-8.146	-22.328	-0.093
6.89	-8.134	-21.306	-0.109
6.9	-8.123	-20.419	-0.116
6.91	-8.113	-19.777	-0.093
6.92	-8.103	-19.506	-0.124
6.93	-8.094	-19.686	-0.133
6.94	-8.086	-20.189	0.181
6.95	-8.078	-20.809	0.838
6.96	-8.072	-21.420	1.083
6.97	-8.067	-21.986	0.417
6.98	-8.061	-22.459	0.026
6.99	-8.053	-22.839	0.030
7.0	-8.046	-23.181	-0.080
7.01	-8.039	-23.456	-0.080
7.02	-8.029	-23.616	-0.112
7.03	-8.019	-23.633	-0.101
7.04	-8.006	-23.163	-0.089
7.05	-7.993	-21.995	-0.092
7.06	-7.978	-20.311	-0.072
7.07	-7.963	-17.606	-0.063
7.08	-7.947	-12.211	-0.057
7.09	-7.932	-1.717	-0.029
7.1	-7.916	15.650	-0.030
7.11	-7.900	35.517	-0.005
7.12	-7.886	47.861	0.013
7.13	-7.874	50.983	0.029
7.14	-7.864	51.130	0.075
7.15	-7.855	51.139	0.105
7.16	-7.847	51.139	0.128
7.17	-7.839	51.138	0.168
7.18	-7.832	51.128	0.173
7.19	-7.826	50.552	0.192
7.2	-7.820	46.048	0.156
7.21	-7.815	34.861	0.092
7.22	-7.811	20.934	0.024
7.23	-7.806	9.231	-0.041
7.24	-7.801	0.613	-0.095
7.25	-7.798	-5.394	-0.121
7.26	-7.794	-9.419	-0.124
7.27	-7.791	-12.203	-0.142
7.28	-7.789	-14.581	-0.136
7.29	-7.785	-17.387	-0.129
7.3	-7.781	-21.530	-0.125
7.31	-7.776	-27.870	-0.132
7.32	-7.771	-36.569	-0.128
7.33	-7.766	-45.203	-0.112
7.34	-7.761	-49.998	-0.127
7.35	-7.756	-51.092	-0.119
7.36	-7.752	-51.133	-0.116
7.37	-7.748	-51.036	-0.110
7.38	-7.745	-49.539	-0.105
7.39	-7.743	-44.352	-0.096
7.4	-7.740	-36.011	-0.107
7.41	-7.739	-27.605	-0.100
7.42	-7.737	-21.028	-0.093
7.43	-7.736	-16.786	-0.100
7.44	-7.734	-14.880	-0.090
7.45	-7.732	-14.942	-0.085
7.46	-7.731	-16.442	-0.098
7.47	-7.730	-18.838	-0.092
7.48	-7.729	-21.573	-0.105
7.49	-7.729	-24.348	-0.096
7.5	-7.730	-27.016	-0.080
7.51	-7.731	-29.323	-0.089
7.52	-7.730	-31.097	-0.096
7.53	-7.730	-32.311	-0.088
7.54	-7.731	-32.933	-0.091
7.55	-7.731	-33.000	-0.098
7.56	-7.730	-32.692	-0.087
7.57	-7.729	-32.188	-0.073
7.58	-7.729	-31.523	-0.070
7.59	-7.729	-30.692	-0.042
7.6	-7.730	-29.814	-0.021
7.61	-7.731	-28.998	-0.002
7.62	-7.732	-28.270	0.017
7.63	-7.735	-27.631	0.008
7.64	-7.737	-27.027	-0.003
7.65	-7.741	-26.403	-0.026
7.66	-7.744	-25.695	-0.079
7.67	-7.746	-24.909	-0.087
7.68	-7.749	-24.070	-0.080
7.69	-7.751	-23.106	-0.094
7.7	-7.753	-22.083	-0.105
7.71	-7.755	-21.148	-0.107
7.72	-7.757	-20.398	-0.124
7.73	-7.759	-19.919	-0.099
7.74	-7.761	-19.734	-0.147
7.75	-7.764	-19.902	-0.070
7.76	-7.767	-20.417	0.412
7.77	-7.770	-21.102	1.099
7.78	-7.773	-21.794	1.007
7.79	-7.778	-22.423	0.218
7.8	-7.784	-22.955	0.020
7.81	-7.789	-23.425	-0.001
7.82	-7.795	-23.836	-0.114
7.83	-7.802	-24.061	-0.086
7.84	-7.808	-23.917	-0.125
7.85	-7.814	-23.263	-0.118
7.86	-7.816	-22.127	-0.101
7.87	-7.816	-20.613	-0.103
7.88	-7.816	-18.394	-0.080
7.89	-7.816	-14.113	-0.079
7.9	-7.816	-5.300	-0.069
7.91	-7.816	10.425	-0.022
7.92	-7.815	30.755	-0.032
7.93	-7.813	45.798	-0.020
7.94	-7.811	50.722	0.006
7.95	-7.809	51.120	0.041
7.96	-7.808	51.139	0.078
7.97	-7.809	51.139	0.093
7.98	-7.811	51.139	0.122
7.99	-7.813	51.136	0.145
8.0	-7.816	51.064	0.163
8.01	-7.819	49.411	0.177
8.02	-7.823	42.333	0.133
8.03	-7.827	29.927	0.062
8.04	-7.831	17.491	-0.006
8.05	-7.834	7.895	-0.067
8.06	-7.839	0.998	-0.121
8.07	-7.842	-3.730	-0.139
8.08	-7.844	-7.111	-0.152
8.09	-7.846	-9.855	-0.135
8.1	-7.849	-12.520	-0.138
8.11	-7.853	-15.939	-0.148
8.12	-7.857	-21.016	-0.141
8.13	-7.860	-28.358	-0.127
8.14	-7.864	-37.717	-0.121
8.15	-7.869	-46.178	-0.125
8.16	-7.873	-50.330	-0.123
8.17	-7.878	-51.113	-0.124
8.18	-7.884	-51.133	-0.117
8.19	-7.889	-51.036	-0.111
8.2	-7.894	-49.500	-0.113
8.21	-7.901	-44.141	-0.105
8.22	-7.909	-35.575	-0.106
8.23	-7.918	-27.119	-0.101
8.24	-7.927	-20.783	-0.102
8.25	-7.938	-17.011	-0.091
8.26	-7.948	-15.611	-0.100
8.27	-7.959	-16.081	-0.112
8.28	-7.971	-17.808	-0.096
8.29	-7.983	-20.313	-0.095
8.3	-7.996	-23.173	-0.094
8.31	-8.008	-26.047	-0.092
8.32	-8.021	-28.661	-0.096
8.33	-8.033	-30.752	-0.097
8.34	-8.045	-32.241	-0.080
8.35	-8.058	-33.123	-0.072
8.36	-8.071	-33.445	-0.103
8.37	-8.083	-33.325	-0.089
8.38	-8.097	-32.856	-0.082
8.39	-8.112	-32.194	-0.070
8.4	-8.128	-31.442	-0.057
8.41	-8.145	-30.659	-0.031
8.42	-8.163	-29.838	0.013
8.43	-8.182	-28.983	0.024
8.44	-8.202	-28.141	0.007
8.45	-8.223	-27.319	0.001
8.46	-8.244	-26.523	-0.021
8.47	-8.265	-25.798	-0.071
8.48	-8.286	-25.088	-0.088
8.49	-8.306	-24.259	-0.086
8.5	-8.326	-23.256	-0.095
8.51	-8.344	-22.155	-0.106
8.52	-8.364	-21.056	-0.104
8.53	-8.383	-20.091	-0.102
8.54	-8.402	-19.448	-0.102
8.55	-8.421	-19.273	-0.127
8.56	-8.438	-19.589	-0.134
8.57	-8.457	-20.288	0.229
8.58	-8.476	-21.147	0.944
8.59	-8.497	-21.933	1.132
8.6	-8.520	-22.547	0.399
8.61	-8.543	-23.014	0.038
8.62	-8.564	-23.303	0.036
8.63	-8.584	-23.419	-0.099
8.64	-8.605	-23.486	-0.100
8.65	-8.624	-23.423	-0.110
8.66	-8.643	-22.988	-0.108
8.67	-8.658	-22.036	-0.100
8.68	-8.672	-20.642	-0.083
8.69	-8.683	-18.902	-0.076
8.7	-8.694	-16.098	-0.076
8.71	-8.704	-10.252	-0.053
8.72	-8.713	1.300	-0.049
8.73	-8.723	19.733	-0.032
8.74	-8.732	38.847	-0.012
8.75	-8.744	49.039	0.016
8.76	-8.756	51.066	0.040
8.77	-8.769	51.133	0.058
8.78	-8.783	51.139	0.094
8.79	-8.797	51.139	0.135
8.8	-8.811	51.138	0.164
8.81	-8.824	51.127	0.182
8.82	-8.838	50.398	0.178
8.83	-8.852	45.370	0.146
8.84	-8.865	33.903	0.089
8.85	-8.877	20.441	0.016
8.86	-8.889	9.467	-0.065
8.87	-8.901	1.556	-0.096
8.88	-8.912	-3.788	-0.122
8.89	-8.924	-7.325	-0.144
8.9	-8.935	-9.855	-0.132
8.91	-8.947	-12.222	-0.136
8.92	-8.959	-15.444	-0.138
8.93	-8.971	-20.491	-0.131
8.94	-8.981	-28.047	-0.140
8.95	-8.992	-37.722	-0.138
8.96	-9.002	-46.306	-0.146
8.97	-9.013	-50.394	-0.143
8.98	-9.023	-51.116	-0.127
8.99	-9.033	-51.120	-0.116
9.0	-9.043	-50.530	-0.115
9.01	-9.054	-47.180	-0.108
9.02	-9.064	-39.872	-0.109
9.03	-9.076	-31.022	-0.106
9.04	-9.087	-23.400	-0.112
9.05	-9.094	-17.983	-0.085
9.06	-9.103	-14.981	-0.093
9.07	-9.115	-14.197	-0.098
9.08	-9.127	-15.097	-0.086
9.09	-9.140	-17.106	-0.102
9.1	-9.152	-19.731	-0.091
9.11	-9.166	-22.531	-0.088
9.12	-9.179	-25.219	-0.098
9.13	-9.192	-27.583	-0.094
9.14	-9.203	-29.472	-0.087
9.15	-9.215	-30.884	-0.081
9.16	-9.228	-31.813	-0.091
9.17	-9.242	-32.223	-0.084
9.18	-9.256	-32.198	-0.069
9.19	-9.269	-31.859	-0.049
9.2	-9.281	-31.253	-0.032
9.21	-9.293	-30.472	0.017
9.22	-9.306	-29.659	0.012
9.23	-9.321	-28.867	-0.021
9.24	-9.335	-28.097	-0.017
9.25	-9.348	-27.328	-0.056
9.26	-9.360	-26.494	-0.087
9.27	-9.371	-25.509	-0.092
9.28	-9.380	-24.320	-0.096
9.29	-9.387	-22.995	-0.090
9.3	-9.394	-21.705	-0.107
9.31	-9.402	-20.644	-0.116
9.32	-9.411	-19.931	-0.111
9.33	-9.418	-19.591	-0.106
9.34	-9.426	-19.600	-0.164
9.35	-9.434	-19.875	-0.007
9.36	-9.442	-20.334	0.537
9.37	-9.451	-20.858	1.043
9.38	-9.463	-21.391	0.687
9.39	-9.474	-22.023	0.067
9.4	-9.484	-22.688	0.046
9.41	-9.495	-23.333	-0.035
9.42	-9.503	-23.931	-0.106
9.43	-9.509	-24.152	-0.081
9.44	-9.516	-24.523	-0.127
9.45	-9.521	-25.281	-0.123
9.46	-9.524	-25.133	-0.094
9.47	-9.526	-24.327	-0.082
9.48	-9.527	-23.367	-0.073
9.49	-9.529	-20.952	-0.065
9.5	-9.530	-15.459	-0.056
9.51	-9.530	-5.208	-0.032
9.52	-9.531	11.500	-0.044
9.53	-9.534	31.994	0.003
9.54	-9.537	46.422	0.017
9.55	-9.539	50.822	0.036
9.56	-9.541	51.123	0.081
9.57	-9.543	51.139	0.110
9.58	-9.546	51.139	0.141
9.59	-9.550	51.136	0.171
9.6	-9.553	51.067	0.174
9.61	-9.555	49.398	0.163
9.62	-9.556	42.005	0.116
9.63	-9.555	28.613	0.037
9.64	-9.554	14.816	-0.035
9.65	-9.554	4.153	-0.089
9.66	-9.553	-3.347	-0.124
9.67	-9.551	-8.256	-0.128
9.68	-9.547	-11.352	-0.143
9.69	-9.544	-13.741	-0.150
9.7	-9.540	-16.700	-0.133
9.71	-9.536	-21.528	-0.141
9.72	-9.533	-29.109	-0.132
9.73	-9.531	-38.770	-0.124
9.74	-9.529	-46.959	-0.126
9.75	-9.527	-50.577	-0.125
9.76	-9.523	-51.123	-0.131
9.77	-9.520	-51.030	-0.108
9.78	-9.517	-49.475	-0.109
9.79	-9.514	-44.048	-0.109
9.8	-9.514	-35.225	-0.100
9.81	-9.513	-26.097	-0.083
9.82	-9.513	-18.727	-0.107
9.83	-9.512	-13.892	-0.107
9.84	-9.513	-11.658	-0.088
9.85	-9.513	-11.617	-0.110
9.86	-9.513	-13.155	-0.087
9.87	-9.513	-15.709	-0.093
9.88	-9.511	-18.789	-0.106
9.89	-9.510	-21.902	-0.097
9.9	-9.508	-24.688	-0.102
9.91	-9.506	-27.017	-0.093
9.92	-9.504	-28.848	-0.112
9.93	-9.501	-30.114	-0.095
9.94	-9.495	-30.783	-0.088
9.95	-9.488	-31.013	-0.084
9.96	-9.479	-31.005	-0.080
9.97	-9.468	-30.741	-0.090
9.98	-9.457	-30.231	-0.067
9.99	-9.445	-29.575	-0.047
10.0	-9.431	-28.828	-0.027
10.01	-9.416	-28.155	-0.008
10.02	-9.399	-27.667	-0.007
10.03	-9.382	-27.194	-0.003
10.04	-9.363	-26.553	-0.032
10.05	-9.342	-25.752	-0.079
10.06	-9.320	-24.841	-0.092
10.07	-9.297	-23.803	-0.087
10.08	-9.273	-22.563	-0.099
10.09	-9.250	-21.239	-0.105
10.1	-9.228	-20.113	-0.105
10.11	-9.205	-19.355	-0.110
10.12	-9.183	-19.012	-0.113
10.13	-9.161	-19.027	-0.134
10.14	-9.138	-19.327	-0.117
10.15	-9.114	-19.869	0.235
10.16	-9.089	-20.545	0.875
10.17	-9.068	-21.197	0.989
10.18	-9.048	-21.781	0.313
10.19	-9.028	-22.427	0.018
10.2	-9.008	-23.159	0.019
10.21	-8.986	-23.870	-0.087
10.22	-8.963	-24.402	-0.098
10.23	-8.939	-24.617	-0.125
10.24	-8.914	-24.383	-0.095
10.25	-8.886	-23.550	-0.092
10.26	-8.857	-22.194	-0.099
10.27	-8.829	-20.503	-0.083
10.28	-8.799	-18.086	-0.075
10.29	-8.771	-13.359	-0.063
10.3	-8.741	-3.802	-0.060
10.31	-8.713	12.638	-0.033
10.32	-8.686	32.816	-0.008
10.33	-8.661	46.759	0.014
10.34	-8.634	50.873	0.029
10.35	-8.609	51.125	0.070
10.36	-8.585	51.139	0.093
10.37	-8.562	51.139	0.127
10.38	-8.541	51.138	0.174
10.39	-8.521	51.125	0.166
10.4	-8.501	50.341	0.162
10.41	-8.479	45.077	0.143
10.42	-8.459	33.225	0.073
10.43	-8.439	19.372	-0.011
10.44	-8.421	8.114	-0.065
10.45	-8.402	0.092	-0.093
10.46	-8.381	-5.248	-0.133
10.47	-8.359	-8.727	-0.141
10.48	-8.338	-11.228	-0.153
10.49	-8.318	-13.713	-0.147
10.5	-8.299	-17.277	-0.135
10.51	-8.282	-22.950	-0.146
10.52	-8.263	-31.266	-0.133
10.53	-8.246	-40.972	-0.134
10.54	-8.229	-48.188	-0.129
10.55	-8.211	-50.836	-0.108
10.56	-8.194	-51.130	-0.128
10.57	-8.177	-51.041	-0.115
10.58	-8.161	-49.566	-0.102
10.59	-8.144	-44.363	-0.101
10.6	-8.128	-35.928	-0.105
10.61	-8.113	-27.342	-0.104
10.62	-8.098	-20.538	-0.105
10.63	-8.083	-16.163	-0.099
10.64	-8.069	-14.188	-0.092
10.65	-8.056	-14.194	-0.091
10.66	-8.042	-15.670	-0.094
10.67	-8.028	-18.080	-0.092
10.68	-8.016	-20.938	-0.075
10.69	-8.005	-23.891	-0.087
10.7	-7.994	-26.678	-0.103
10.71	-7.985	-29.066	-0.092
10.72	-7.977	-30.916	-0.084
10.73	-7.970	-32.183	-0.079
10.74	-7.963	-32.836	-0.083
10.75	-7.956	-32.991	-0.089
10.76	-7.948	-32.781	-0.096
10.77	-7.941	-32.305	-0.079
10.78	-7.936	-31.689	-0.074
10.79	-7.932	-31.030	-0.059
10.8	-7.928	-30.344	-0.033
10.81	-7.924	-29.602	-0.003
10.82	-7.920	-28.777	0.008
10.83	-7.917	-27.944	0.000
10.84	-7.914	-27.192	0.020
10.85	-7.913	-26.495	-0.028
10.86	-7.913	-25.814	-0.078
10.87	-7.911	-25.066	-0.073
10.88	-7.906	-24.109	-0.092
10.89	-7.901	-22.967	-0.089
10.9	-7.896	-21.805	-0.096
10.91	-7.889	-20.770	-0.101
10.92	-7.884	-20.006	-0.110
10.93	-7.879	-19.666	-0.080
10.94	-7.876	-19.777	-0.124
10.95	-7.872	-20.211	-0.142
10.96	-7.868	-20.830	0.172
10.97	-7.864	-21.575	0.849
10.98	-7.862	-22.334	1.178
10.99	-7.862	-22.928	0.486
11.0	-7.862	-23.322	0.035
11.01	-7.861	-23.606	0.050
11.02	-7.861	-23.897	-0.076
11.03	-7.862	-24.180	-0.097
11.04	-7.863	-24.311	-0.115
11.05	-7.863	-24.048	-0.119
11.06	-7.861	-23.164	-0.111
11.07	-7.858	-21.706	-0.093
11.08	-7.853	-19.633	-0.075
11.09	-7.848	-16.097	-0.067
11.1	-7.842	-8.953	-0.059
11.11	-7.835	4.525	-0.048
11.12	-7.828	24.338	-0.040
11.13	-7.822	42.233	-0.007
11.14	-7.816	50.042	0.002
11.15	-7.812	51.119	0.026
11.16	-7.808	51.136	0.061
11.17	-7.806	51.139	0.089
11.18	-7.806	51.139	0.121
11.19	-7.806	51.138	0.146
11.2	-7.806	51.128	0.171
11.21	-7.808	50.597	0.191
11.22	-7.809	46.461	0.149
11.23	-7.809	36.284	0.076
11.24	-7.810	23.842	0.000
11.25	-7.809	13.673	-0.065
11.26	-7.807	6.302	-0.110
11.27	-7.806	0.995	-0.127
11.28	-7.807	-2.942	-0.139
11.29	-7.808	-6.052	-0.134
11.3	-7.810	-8.909	-0.147
11.31	-7.812	-12.341	-0.143
11.32	-7.813	-17.259	-0.135
11.33	-7.814	-24.420	-0.151
11.34	-7.816	-33.994	-0.144
11.35	-7.819	-43.748	-0.142
11.36	-7.822	-49.569	-0.117
11.37	-7.824	-51.063	-0.117
11.38	-7.826	-51.136	-0.137
11.39	-7.829	-51.103	-0.126
11.4	-7.831	-50.192	-0.118
11.41	-7.834	-46.019	-0.113
11.42	-7.838	-38.100	-0.122
11.43	-7.842	-29.525	-0.112
11.44	-7.846	-22.848	-0.099
11.45	-7.850	-18.663	-0.090
11.46	-7.855	-16.916	-0.103
11.47	-7.859	-17.198	-0.104
11.48	-7.864	-18.887	-0.090
11.49	-7.869	-21.395	-0.095
11.5	-7.874	-24.231	-0.114
11.51	-7.879	-26.988	-0.098
11.52	-7.885	-29.445	-0.090
11.53	-7.890	-31.564	-0.099
11.54	-7.895	-33.216	-0.087
11.55	-7.900	-34.244	-0.089
11.56	-7.904	-34.688	-0.089
11.57	-7.908	-34.659	-0.084
11.58	-7.912	-34.264	-0.090
11.59	-7.916	-33.597	-0.081
11.6	-7.919	-32.755	-0.072
11.61	-7.923	-31.858	-0.061
11.62	-7.926	-30.941	-0.046
11.63	-7.930	-30.075	-0.013
11.64	-7.934	-29.336	0.022
11.65	-7.938	-28.719	0.011
11.66	-7.942	-28.166	0.009
11.67	-7.948	-27.583	-0.001
11.68	-7.953	-26.959	-0.056
11.69	-7.958	-26.233	-0.066
11.7	-7.963	-25.323	-0.073
11.71	-7.967	-24.269	-0.081
11.72	-7.970	-23.147	-0.093
11.73	-7.973	-22.069	-0.088
11.74	-7.974	-21.153	-0.105
11.75	-7.977	-20.517	-0.104
11.76	-7.980	-20.288	-0.093
11.77	-7.983	-20.528	-0.160
11.78	-7.986	-21.173	-0.024
11.79	-7.990	-22.014	0.495
11.8	-7.994	-22.847	1.160
11.81	-8.001	-23.539	0.920
11.82	-8.008	-24.045	0.171
11.83	-8.014	-24.397	0.043
11.84	-8.021	-24.648	-0.027
11.85	-8.029	-24.878	-0.102
11.86	-8.036	-25.000	-0.106
11.87	-8.043	-24.772	-0.123
11.88	-8.049	-24.028	-0.119
11.89	-8.051	-22.723	-0.115
11.9	-8.050	-20.903	-0.101
11.91	-8.048	-18.209	-0.091
11.92	-8.046	-13.038	-0.085
11.93	-8.043	-2.644	-0.071
11.94	-8.039	15.022	-0.047
11.95	-8.036	35.331	-0.037
11.96	-8.033	47.864	-0.015
11.97	-8.031	50.986	0.013
11.98	-8.033	51.131	0.037
11.99	-8.036	51.139	0.067
12.0	-8.043	51.139	0.092
12.01	-8.053	51.139	0.127
12.02	-8.064	51.134	0.162
12.03	-8.077	51.039	0.170
12.04	-8.091	49.102	0.149
12.05	-8.105	41.575	0.120
12.06	-8.118	29.302	0.053
12.07	-8.131	17.667	-0.034
12.08	-8.144	9.013	-0.077
12.09	-8.159	2.858	-0.103
12.1	-8.171	-1.505	-0.138
12.11	-8.184	-4.759	-0.138
12.12	-8.198	-7.570	-0.137
12.13	-8.213	-10.584	-0.136
12.14	-8.231	-14.636	-0.135
12.15	-8.249	-20.667	-0.133
12.16	-8.269	-29.222	-0.126
12.17	-8.289	-39.394	-0.124
12.18	-8.310	-47.456	-0.122
12.19	-8.331	-50.708	-0.114
12.2	-8.353	-51.133	-0.100
12.21	-8.373	-51.134	-0.097
12.22	-8.394	-50.939	-0.105
12.23	-8.415	-48.922	-0.096
12.24	-8.436	-42.909	-0.115
12.25	-8.457	-34.273	-0.107
12.26	-8.479	-26.389	-0.099
12.27	-8.501	-20.800	-0.117
12.28	-8.523	-17.745	-0.103
12.29	-8.544	-16.883	-0.088
12.3	-8.564	-17.691	-0.101
12.31	-8.585	-19.630	-0.087
12.32	-8.606	-22.194	-0.094
12.33	-8.627	-25.039	-0.115
12.34	-8.649	-27.848	-0.100
12.35	-8.672	-30.325	-0.104
12.36	-8.693	-32.230	-0.111
12.37	-8.712	-33.462	-0.101
12.38	-8.731	-34.073	-0.108
12.39	-8.751	-34.139	-0.097
12.4	-8.769	-33.791	-0.082
12.41	-8.787	-33.209	-0.097
12.42	-8.804	-32.544	-0.094
12.43	-8.821	-31.888	-0.068
12.44	-8.839	-31.200	-0.080
12.45	-8.856	-30.431	-0.078
12.46	-8.872	-29.642	-0.037
12.47	-8.888	-28.883	0.010
12.48	-8.904	-28.102	0.005
12.49	-8.919	-27.344	-0.007
12.5	-8.934	-26.641	-0.008
12.51	-8.949	-25.873	-0.041
12.52	-8.964	-24.992	-0.084
12.53	-8.979	-24.027	-0.083
12.54	-8.993	-22.980	-0.086
12.55	-9.007	-21.888	-0.104
12.56	-9.020	-20.922	-0.116
12.57	-9.032	-20.200	-0.112
12.58	-9.043	-19.809	-0.114
12.59	-9.053	-19.861	-0.096
12.6	-9.063	-20.242	-0.148
12.61	-9.074	-20.742	-0.108
12.62	-9.084	-21.328	0.370
12.63	-9.094	-22.030	1.019
12.64	-9.106	-22.761	0.901
12.65	-9.119	-23.419	0.193
12.66	-9.129	-23.980	0.028
12.67	-9.138	-24.495	-0.003
12.68	-9.146	-24.884	-0.096
12.69	-9.152	-24.966	-0.076
12.7	-9.158	-24.670	-0.113
12.71	-9.162	-23.961	-0.097
12.72	-9.161	-22.827	-0.096
12.73	-9.158	-21.425	-0.099
12.74	-9.158	-19.739	-0.081
12.75	-9.162	-16.895	-0.064
12.76	-9.166	-10.855	-0.051
12.77	-9.170	1.036	-0.042
12.78	-9.174	19.863	-0.016
12.79	-9.179	39.123	0.007
12.8	-9.186	49.170	0.017
12.81	-9.193	51.075	0.053
12.82	-9.200	51.133	0.079
12.83	-9.208	51.139	0.105
12.84	-9.217	51.139	0.139
12.85	-9.227	51.136	0.167
12.86	-9.238	51.084	0.191
12.87	-9.249	49.659	0.186
12.88	-9.259	42.672	0.147
12.89	-9.268	29.344	0.061
12.9	-9.279	15.317	-0.008
12.91	-9.290	4.475	-0.060
12.92	-9.301	-3.059	-0.114
12.93	-9.311	-7.900	-0.127
12.94	-9.321	-10.897	-0.138
12.95	-9.331	-13.036	-0.130
12.96	-9.342	-15.469	-0.129
12.97	-9.353	-19.286	-0.140
12.98	-9.364	-25.455	-0.139
12.99	-9.374	-34.405	-0.128
13.0	-9.385	-43.878	-0.124
13.01	-9.393	-49.598	-0.128
13.02	-9.401	-51.066	-0.122
13.03	-9.410	-51.131	-0.110
13.04	-9.419	-50.869	-0.112
13.05	-9.429	-48.525	-0.093
13.06	-9.438	-42.031	-0.101
13.07	-9.449	-33.002	-0.104
13.08	-9.460	-24.741	-0.081
13.09	-9.473	-18.677	-0.101
13.1	-9.486	-15.108	-0.101
13.11	-9.499	-13.889	-0.092
13.12	-9.511	-14.500	-0.094
13.13	-9.523	-16.298	-0.090
13.14	-9.535	-18.838	-0.104
13.15	-9.547	-21.764	-0.086
13.16	-9.561	-24.681	-0.094
13.17	-9.576	-27.314	-0.101
13.18	-9.588	-29.483	-0.096
13.19	-9.598	-31.123	-0.095
13.2	-9.607	-32.203	-0.084
13.21	-9.615	-32.706	-0.090
13.22	-9.621	-32.717	-0.106
13.23	-9.625	-32.295	-0.081
13.24	-9.629	-31.559	-0.081
13.25	-9.631	-30.761	-0.095
13.26	-9.633	-30.009	-0.053
13.27	-9.634	-29.275	-0.041
13.28	-9.635	-28.534	-0.027
13.29	-9.636	-27.831	0.021
13.3	-9.637	-27.222	-0.005
13.31	-9.636	-26.631	-0.011
13.32	-9.636	-25.947	-0.015
13.33	-9.636	-25.148	-0.068
13.34	-9.634	-24.200	-0.068
13.35	-9.631	-23.098	-0.069
13.36	-9.627	-21.922	-0.093
13.37	-9.624	-20.752	-0.092
13.38	-9.620	-19.731	-0.086
13.39	-9.617	-19.033	-0.090
13.4	-9.614	-18.758	-0.105
13.41	-9.611	-18.873	-0.095
13.42	-9.609	-19.242	-0.147
13.43	-9.607	-19.825	0.009
13.44	-9.604	-20.545	0.584
13.45	-9.603	-21.266	1.035
13.46	-9.605	-21.948	0.607
13.47	-9.609	-22.616	0.066
13.48	-9.613	-23.355	0.047
13.49	-9.615	-24.130	-0.025
13.5	-9.616	-24.802	-0.082
13.51	-9.613	-25.273	-0.085
13.52	-9.607	-25.380	-0.113
13.53	-9.600	-24.830	-0.103
13.54	-9.591	-23.506	-0.084
13.55	-9.582	-21.708	-0.083
13.56	-9.574	-19.545	-0.064
13.57	-9.566	-16.164	-0.069
13.58	-9.559	-9.506	-0.071
13.59	-9.553	3.139	-0.041
13.6	-9.547	22.408	-0.030
13.61	-9.542	40.916	-0.020
13.62	-9.538	49.713	0.024
13.63	-9.536	51.111	0.052
13.64	-9.535	51.134	0.054
13.65	-9.533	51.139	0.107
13.66	-9.529	51.139	0.146
13.67	-9.526	51.131	0.166
13.68	-9.522	50.983	0.179
13.69	-9.519	48.384	0.180
13.7	-9.514	39.225	0.129
13.71	-9.510	25.131	0.036
13.72	-9.504	12.153	-0.026
13.73	-9.498	2.706	-0.061
13.74	-9.489	-3.655	-0.116
13.75	-9.478	-7.744	-0.126
13.76	-9.467	-10.450	-0.131
13.77	-9.455	-12.666	-0.143
13.78	-9.441	-15.434	-0.133
13.79	-9.423	-19.963	-0.135
13.8	-9.404	-27.153	-0.121
13.81	-9.384	-36.738	-0.119
13.82	-9.363	-45.642	-0.139
13.83	-9.339	-50.189	-0.110
13.84	-9.313	-51.105	-0.098
13.85	-9.286	-51.122	-0.116
13.86	-9.258	-50.530	-0.110
13.87	-9.231	-47.030	-0.102
13.88	-9.203	-39.350	-0.094
13.89	-9.176	-30.148	-0.098
13.9	-9.148	-22.322	-0.101
13.91	-9.119	-16.844	-0.087
13.92	-9.090	-13.945	-0.093
13.93	-9.061	-13.411	-0.092
13.94	-9.033	-14.706	-0.091
13.95	-9.006	-17.136	-0.096
13.96	-8.979	-20.105	-0.081
13.97	-8.954	-23.241	-0.077
13.98	-8.929	-26.308	-0.093
13.99	-8.903	-29.086	-0.092
14.0	-8.878	-31.334	-0.097
14.01	-8.852	-32.881	-0.092
14.02	-8.827	-33.709	-0.094
14.03	-8.802	-33.933	-0.084
14.04	-8.776	-33.747	-0.072
14.05	-8.750	-33.255	-0.082
14.06	-8.726	-32.511	-0.088
14.07	-8.702	-31.678	-0.061
14.08	-8.678	-30.914	-0.045
14.09	-8.654	-30.220	-0.040
14.1	-8.631	-29.541	-0.011
14.11	-8.608	-28.875	0.011
14.12	-8.588	-28.219	0.009
14.13	-8.568	-27.570	0.008
14.14	-8.549	-26.911	-0.022
14.15	-8.530	-26.189	-0.057
14.16	-8.512	-25.378	-0.065
14.17	-8.493	-24.422	-0.077
14.18	-8.474	-23.303	-0.087
14.19	-8.454	-22.120	-0.082
14.2	-8.434	-21.055	-0.095
14.21	-8.414	-20.325	-0.114
14.22	-8.396	-19.975	-0.096
14.23	-8.380	-19.961	-0.119
14.24	-8.364	-20.308	-0.147
14.25	-8.349	-20.959	0.100
14.26	-8.334	-21.766	0.713
14.27	-8.319	-22.517	1.098
14.28	-8.308	-23.055	0.556
14.29	-8.297	-23.444	0.062
14.3	-8.285	-23.800	0.047
14.31	-8.273	-24.205	-0.064
14.32	-8.259	-24.592	-0.092
14.33	-8.244	-24.805	-0.093
14.34	-8.231	-24.742	-0.104
14.35	-8.216	-24.184	-0.082
14.36	-8.201	-23.019	-0.081
14.37	-8.185	-21.309	-0.082
14.38	-8.169	-18.602	-0.065
14.39	-8.152	-13.272	-0.034
14.4	-8.136	-2.734	-0.038
14.41	-8.121	14.856	-0.029
14.42	-8.105	35.073	-0.006
14.43	-8.090	47.725	0.015
14.44	-8.076	50.973	0.044
14.45	-8.064	51.130	0.066
14.46	-8.054	51.139	0.099
14.47	-8.046	51.139	0.130
14.48	-8.039	51.139	0.162
14.49	-8.033	51.128	0.188
14.5	-8.026	50.683	0.188
14.51	-8.019	46.759	0.170
14.52	-8.014	36.388	0.122
14.53	-8.009	22.992	0.038
14.54	-8.006	11.628	-0.033
14.55	-8.002	3.367	-0.061
14.56	-7.998	-2.377	-0.118
14.57	-7.993	-6.323	-0.121
14.58	-7.987	-9.186	-0.120
14.59	-7.982	-11.708	-0.150
14.6	-7.979	-14.644	-0.141
14.61	-7.978	-18.850	-0.137
14.62	-7.976	-25.188	-0.120
14.63	-7.973	-33.995	-0.122
14.64	-7.968	-43.425	-0.111
14.65	-7.962	-49.400	-0.110
14.66	-7.955	-51.044	-0.123
14.67	-7.949	-51.134	-0.104
14.68	-7.944	-51.117	-0.116
14.69	-7.939	-50.452	-0.113
14.7	-7.935	-46.875	-0.101
14.71	-7.932	-39.509	-0.100
14.72	-7.929	-31.119	-0.095
14.73	-7.927	-24.239	-0.085
14.74	-7.924	-19.541	-0.089
14.75	-7.923	-17.178	-0.107
14.76	-7.921	-16.886	-0.090
14.77	-7.919	-18.078	-0.079
14.78	-7.917	-20.252	-0.096
14.79	-7.916	-22.966	-0.093
14.8	-7.915	-25.797	-0.095
14.81	-7.915	-28.519	-0.091
14.82	-7.915	-30.925	-0.092
14.83	-7.915	-32.803	-0.085
14.84	-7.914	-34.080	-0.079
14.85	-7.913	-34.716	-0.083
14.86	-7.912	-34.763	-0.090
14.87	-7.911	-34.347	-0.063
14.88	-7.911	-33.634	-0.076
14.89	-7.911	-32.788	-0.081
14.9	-7.910	-31.863	-0.067
14.91	-7.909	-30.914	-0.071
14.92	-7.909	-30.030	-0.046
14.93	-7.909	-29.258	-0.032
14.94	-7.910	-28.600	-0.025
14.95	-7.911	-28.052	0.023
14.96	-7.911	-27.527	0.029
14.97	-7.913	-26.938	0.010
14.98	-7.916	-26.333	0.016
14.99	-7.919	-25.709	-0.006
15.0	-7.921	-24.988	-0.051
15.01	-7.924	-24.169	-0.069
15.02	-7.926	-23.263	-0.062
15.03	-7.928	-22.269	-0.081
15.04	-7.929	-21.292	-0.082
15.05	-7.930	-20.478	-0.075
15.06	-7.931	-19.894	-0.099
15.07	-7.933	-19.597	-0.079
15.08	-7.935	-19.669	-0.125
15.09	-7.937	-20.097	-0.106
15.1	-7.939	-20.770	0.266
15.11	-7.942	-21.586	0.965
15.12	-7.945	-22.345	1.162
15.13	-7.950	-22.945	0.432
15.14	-7.955	-23.397	0.049
15.15	-7.961	-23.725	0.037
15.16	-7.967	-24.038	-0.084
15.17	-7.974	-24.348	-0.087
15.18	-7.981	-24.480	-0.105
15.19	-7.986	-24.158	-0.113
15.2	-7.988	-23.128	-0.085
15.21	-7.988	-21.420	-0.078
15.22	-7.988	-18.980	-0.074
15.23	-7.988	-14.623	-0.052
15.24	-7.987	-5.838	-0.044
15.25	-7.985	9.973	-0.026
15.26	-7.984	30.556	-0.019
15.27	-7.982	45.775	-0.010
15.28	-7.981	50.725	0.009
15.29	-7.980	51.120	0.034
15.3	-7.979	51.139	0.073
15.31	-7.980	51.139	0.109
15.32	-7.981	51.139	0.129
15.33	-7.983	51.136	0.173
15.34	-7.986	51.081	0.168
15.35	-7.989	49.677	0.189
15.36	-7.993	43.242	0.169
15.37	-7.996	31.486	0.078
15.38	-8.000	19.452	0.026
15.39	-8.004	10.164	-0.054
15.4	-8.007	3.428	-0.092
15.41	-8.010	-1.372	-0.104
15.42	-8.012	-4.909	-0.122
15.43	-8.014	-7.817	-0.134
15.44	-8.018	-10.697	-0.141
15.45	-8.023	-14.144	-0.127
15.46	-8.027	-18.828	-0.139
15.47	-8.031	-25.436	-0.128
15.48	-8.035	-34.263	-0.122
15.49	-8.040	-43.552	-0.127
15.5	-8.045	-49.409	-0.121
15.51	-8.051	-51.041	-0.110
15.52	-8.057	-51.134	-0.111
15.53	-8.063	-51.130	-0.102
15.54	-8.069	-50.667	-0.092
15.55	-8.075	-47.720	-0.111
15.56	-8.082	-41.009	-0.093
15.57	-8.089	-32.839	-0.085
15.58	-8.098	-25.997	-0.115
15.59	-8.107	-21.400	-0.101
15.6	-8.116	-19.098	-0.092
15.61	-8.125	-18.727	-0.096
15.62	-8.134	-19.755	-0.099
15.63	-8.144	-21.698	-0.113
15.64	-8.153	-24.109	-0.097
15.65	-8.163	-26.609	-0.082
15.66	-8.173	-28.966	-0.091
15.67	-8.183	-31.030	-0.094
15.68	-8.193	-32.705	-0.077
15.69	-8.203	-33.844	-0.086
15.7	-8.214	-34.395	-0.103
15.71	-8.224	-34.431	-0.095
15.72	-8.235	-34.000	-0.083
15.73	-8.246	-33.248	-0.087
15.74	-8.258	-32.380	-0.093
15.75	-8.269	-31.522	-0.077
15.76	-8.282	-30.681	-0.074
15.77	-8.296	-29.792	-0.059
15.78	-8.311	-28.903	-0.038
15.79	-8.327	-28.125	-0.019
15.8	-8.344	-27.461	0.011
15.81	-8.361	-26.842	0.021
15.82	-8.379	-26.245	0.005
15.83	-8.398	-25.698	-0.011
15.84	-8.417	-25.184	-0.035
15.85	-8.438	-24.639	-0.074
15.86	-8.459	-23.948	-0.079
15.87	-8.479	-23.039	-0.085
15.88	-8.499	-21.967	-0.098
15.89	-8.519	-20.916	-0.089
15.9	-8.537	-20.038	-0.107
15.91	-8.558	-19.422	-0.094
15.92	-8.577	-19.247	-0.099
15.93	-8.596	-19.577	-0.170
15.94	-8.616	-20.277	-0.049
15.95	-8.637	-21.173	0.481
15.96	-8.658	-22.075	1.139
15.97	-8.680	-22.870	0.899
15.98	-8.703	-23.416	0.168
15.99	-8.724	-23.634	0.040
16.0	-8.744	-23.634	-0.010
16.01	-8.764	-23.539	-0.092
16.02	-8.784	-23.427	-0.108
16.03	-8.803	-23.177	-0.114
16.04	-8.819	-22.566	-0.103
16.05	-8.835	-21.514	-0.109
16.06	-8.848	-20.052	-0.097
16.07	-8.857	-17.936	-0.092
16.08	-8.867	-13.939	-0.056
16.09	-8.877	-5.631	-0.045
16.1	-8.886	9.488	-0.052
16.11	-8.896	29.627	-0.024
16.12	-8.907	45.177	-0.005
16.13	-8.919	50.606	0.016
16.14	-8.932	51.120	0.043
16.15	-8.946	51.139	0.083
16.16	-8.961	51.139	0.098
16.17	-8.978	51.139	0.129
16.18	-8.994	51.130	0.159
16.19	-9.009	50.950	0.182
16.2	-9.025	48.319	0.182
16.21	-9.041	39.539	0.146
16.22	-9.056	26.444	0.065
16.23	-9.069	14.430	-0.019
16.24	-9.081	5.384	-0.053
16.25	-9.091	-1.100	-0.106
16.26	-9.101	-5.656	-0.139
16.27	-9.111	-8.844	-0.144
16.28	-9.119	-11.284	-0.144
16.29	-9.129	-13.795	-0.129
16.3	-9.139	-17.309	-0.144
16.31	-9.150	-22.686	-0.130
16.32	-9.161	-30.400	-0.120
16.33	-9.172	-39.703	-0.127
16.34	-9.182	-47.347	-0.114
16.35	-9.189	-50.642	-0.117
16.36	-9.195	-51.130	-0.126
16.37	-9.197	-51.102	-0.115
16.38	-9.199	-50.255	-0.102
16.39	-9.206	-46.453	-0.095
16.4	-9.214	-39.202	-0.110
16.41	-9.223	-31.052	-0.102
16.42	-9.232	-24.223	-0.100
16.43	-9.242	-19.464	-0.107
16.44	-9.250	-16.880	-0.084
16.45	-9.258	-16.181	-0.095
16.46	-9.267	-16.931	-0.097
16.47	-9.276	-18.680	-0.097
16.48	-9.284	-20.991	-0.100
16.49	-9.293	-23.545	-0.094
16.5	-9.301	-26.061	-0.095
16.51	-9.308	-28.280	-0.100
16.52	-9.317	-30.030	-0.099
16.53	-9.326	-31.283	-0.071
16.54	-9.334	-32.095	-0.094
16.55	-9.342	-32.458	-0.097
16.56	-9.351	-32.372	-0.083
16.57	-9.360	-31.941	-0.096
16.58	-9.369	-31.273	-0.083
16.59	-9.378	-30.495	-0.071
16.6	-9.389	-29.700	-0.059
16.61	-9.399	-28.900	-0.041
16.62	-9.411	-28.144	-0.002
16.63	-9.421	-27.448	0.013
16.64	-9.431	-26.770	0.001
16.65	-9.440	-26.100	0.001
16.66	-9.450	-25.398	-0.027
16.67	-9.459	-24.655	-0.073
16.68	-9.466	-23.817	-0.083
16.69	-9.472	-22.833	-0.077
16.7	-9.478	-21.755	-0.091
16.71	-9.484	-20.675	-0.099
16.72	-9.489	-19.695	-0.109
16.73	-9.494	-18.994	-0.113
16.74	-9.501	-18.673	-0.094
16.75	-9.508	-18.734	-0.119
16.76	-9.514	-19.148	-0.130
16.77	-9.522	-19.780	0.237
16.78	-9.530	-20.452	0.872
16.79	-9.540	-21.063	0.954
16.8	-9.553	-21.602	0.309
16.81	-9.567	-22.091	0.019
16.82	-9.579	-22.600	0.013
16.83	-9.589	-23.164	-0.077
16.84	-9.598	-23.689	-0.087
16.85	-9.606	-23.997	-0.113
16.86	-9.611	-23.875	-0.094
16.87	-9.614	-23.183	-0.093
16.88	-9.615	-21.997	-0.079
16.89	-9.615	-20.466	-0.075
16.9	-9.614	-18.403	-0.075
16.91	-9.612	-14.673	-0.058
16.92	-9.610	-7.020	-0.025
16.93	-9.609	6.853	-0.017
16.94	-9.609	26.200	-0.015
16.95	-9.609	42.997	0.025
16.96	-9.610	50.148	0.048
16.97	-9.611	51.122	0.079
16.98	-9.612	51.138	0.106
16.99	-9.613	51.139	0.145
17.0	-9.614	51.136	0.155
17.01	-9.616	51.102	0.180
17.02	-9.616	49.956	0.199
17.03	-9.615	43.763	0.158
17.04	-9.613	31.189	0.090
17.05	-9.611	17.192	0.013
17.06	-9.607	5.823	-0.050
17.07	-9.603	-2.408	-0.105
17.08	-9.596	-7.898	-0.124
17.09	-9.589	-11.380	-0.134
17.1	-9.582	-13.806	-0.146
17.11	-9.576	-16.188	-0.134
17.12	-9.567	-19.611	-0.136
17.13	-9.559	-25.098	-0.137
17.14	-9.553	-33.058	-0.140
17.15	-9.549	-42.089	-0.132
17.16	-9.546	-48.583	-0.118
17.17	-9.542	-50.884	-0.114
17.18	-9.537	-51.130	-0.118
17.19	-9.533	-50.761	-0.103
17.2	-9.529	-48.080	-0.107
17.21	-9.527	-41.531	-0.123
17.22	-9.526	-32.909	-0.094
17.23	-9.524	-24.817	-0.098
17.24	-9.523	-18.420	-0.101
17.25	-9.520	-14.278	-0.085
17.26	-9.518	-12.484	-0.098
17.27	-9.514	-12.666	-0.095
17.28	-9.509	-14.280	-0.095
17.29	-9.504	-16.777	-0.101
17.3	-9.499	-19.641	-0.103
17.31	-9.492	-22.517	-0.090
17.32	-9.484	-25.145	-0.095
17.33	-9.478	-27.347	-0.089
17.34	-9.470	-29.050	-0.089
17.35	-9.462	-30.198	-0.078
17.36	-9.453	-30.769	-0.090
17.37	-9.444	-30.869	-0.092
17.38	-9.434	-30.586	-0.078
17.39	-9.423	-29.988	-0.092
17.4	-9.411	-29.208	-0.087
17.41	-9.399	-28.416	-0.085
17.42	-9.385	-27.764	-0.077
17.43	-9.370	-27.247	-0.048
17.44	-9.354	-26.786	-0.037
17.45	-9.338	-26.313	-0.009
17.46	-9.321	-25.750	0.007
17.47	-9.303	-25.116	-0.007
17.48	-9.284	-24.472	-0.009
17.49	-9.266	-23.808	-0.031
17.5	-9.247	-23.103	-0.073
17.51	-9.228	-22.320	-0.081
17.52	-9.207	-21.413	-0.084
17.53	-9.186	-20.470	-0.102
17.54	-9.165	-19.563	-0.111
17.55	-9.144	-18.752	-0.086
17.56	-9.121	-18.181	-0.087
17.57	-9.099	-17.984	-0.102
17.58	-9.079	-18.150	-0.136
17.59	-9.059	-18.602	-0.115
17.6	-9.037	-19.259	0.285
17.61	-9.015	-19.944	0.930
17.62	-8.994	-20.528	0.965
17.63	-8.976	-21.058	0.288
17.64	-8.956	-21.589	0.027
17.65	-8.936	-22.114	0.035
17.66	-8.916	-22.638	-0.080
17.67	-8.894	-23.127	-0.088
17.68	-8.872	-23.406	-0.101
17.69	-8.848	-23.261	-0.098
17.7	-8.822	-22.573	-0.104
17.71	-8.793	-21.369	-0.077
17.72	-8.764	-19.725	-0.060
17.73	-8.733	-17.217	-0.061
17.74	-8.703	-12.339	-0.042
17.75	-8.672	-2.722	-0.032
17.76	-8.641	13.473	-0.022
17.77	-8.612	33.142	-0.005
17.78	-8.584	46.769	0.021
17.79	-8.558	50.855	0.052
17.8	-8.532	51.125	0.076
17.81	-8.508	51.139	0.107
17.82	-8.485	51.139	0.137
17.83	-8.462	51.134	0.160
17.84	-8.439	51.050	0.203
17.85	-8.419	49.211	0.194
17.86	-8.398	41.647	0.148
17.87	-8.379	28.536	0.111
17.88	-8.359	15.228	0.019
17.89	-8.341	4.766	-0.053
17.9	-8.323	-2.759	-0.087
17.91	-8.308	-7.794	-0.110
17.92	-8.291	-11.067	-0.117
17.93	-8.274	-13.409	-0.128
17.94	-8.258	-15.639	-0.125
17.95	-8.243	-18.691	-0.125
17.96	-8.228	-23.578	-0.131
17.97	-8.214	-30.920	-0.111
17.98	-8.201	-39.922	-0.112
17.99	-8.187	-47.359	-0.116
18.0	-8.172	-50.613	-0.108
18.01	-8.159	-51.123	-0.100
18.02	-8.146	-50.977	-0.098
18.03	-8.134	-49.297	-0.101
18.04	-8.124	-44.070	-0.095
18.05	-8.114	-36.034	-0.091
18.06	-8.105	-27.913	-0.107
18.07	-8.096	-21.275	-0.099
18.08	-8.088	-16.675	-0.079
18.09	-8.079	-14.284	-0.093
18.1	-8.072	-13.903	-0.095
18.11	-8.066	-15.023	-0.078
18.12	-8.059	-17.089	-0.096
18.13	-8.054	-19.655	-0.103
18.14	-8.049	-22.436	-0.088
18.15	-8.046	-25.144	-0.082
18.16	-8.044	-27.488	-0.094
18.17	-8.041	-29.336	-0.085
18.18	-8.039	-30.630	-0.086
18.19	-8.037	-31.344	-0.085
18.2	-8.034	-31.520	-0.070
18.21	-8.031	-31.264	-0.093
18.22	-8.027	-30.725	-0.086
18.23	-8.026	-30.030	-0.070
18.24	-8.024	-29.244	-0.077
18.25	-8.021	-28.447	-0.076
18.26	-8.017	-27.653	-0.066
18.27	-8.012	-26.877	-0.043
18.28	-8.009	-26.158	-0.043
18.29	-8.007	-25.522	-0.003
18.3	-8.006	-24.956	0.020
18.31	-8.006	-24.419	0.014
18.32	-8.008	-23.897	0.012
18.33	-8.006	-23.386	0.004
18.34	-8.001	-22.900	-0.036
18.35	-7.997	-22.381	-0.082
18.36	-7.994	-21.723	-0.073
18.37	-7.990	-20.897	-0.066
18.38	-7.986	-19.986	-0.091
18.39	-7.981	-19.172	-0.093
18.4	-7.977	-18.553	-0.095
18.41	-7.973	-18.192	-0.088
18.42	-7.969	-18.158	-0.112
18.43	-7.965	-18.441	-0.156
18.44	-7.961	-18.970	0.010
18.45	-7.958	-19.653	0.577
18.46	-7.956	-20.353	1.187
18.47	-7.957	-20.966	0.808
18.48	-7.958	-21.441	0.123
18.49	-7.959	-21.809	0.050
18.5	-7.959	-22.098	-0.037
18.51	-7.960	-22.306	-0.108
18.52	-7.961	-22.455	-0.090
18.53	-7.961	-22.428	-0.106
18.54	-7.961	-22.005	-0.106
18.55	-7.960	-21.050	-0.093
18.56	-7.957	-19.514	-0.096
18.57	-7.952	-16.989	-0.070
18.58	-7.946	-11.952	-0.047
18.59	-7.941	-1.850	-0.048
18.6	-7.935	15.128	-0.043
18.61	-7.929	34.888	-0.014
18.62	-7.923	47.575	-0.001
18.63	-7.917	50.959	0.018
18.64	-7.913	51.130	0.045
18.65	-7.910	51.139	0.076
18.66	-7.908	51.139	0.105
18.67	-7.907	51.139	0.136
18.68	-7.908	51.130	0.170
18.69	-7.909	50.755	0.180
18.7	-7.911	47.345	0.163
18.71	-7.914	38.109	0.134
18.72	-7.918	25.889	0.067
18.73	-7.920	15.238	-0.029
18.74	-7.922	7.256	-0.072
18.75	-7.924	1.586	-0.111
18.76	-7.924	-2.378	-0.135
18.77	-7.925	-5.305	-0.134
18.78	-7.926	-7.880	-0.135
18.79	-7.928	-10.777	-0.129
18.8	-7.930	-14.611	-0.139
18.81	-7.932	-20.142	-0.138
18.82	-7.934	-27.941	-0.121
18.83	-7.937	-37.513	-0.121
18.84	-7.940	-46.020	-0.136
18.85	-7.942	-50.272	-0.121
18.86	-7.945	-51.109	-0.107
18.87	-7.947	-51.125	-0.108
18.88	-7.950	-50.634	-0.106
18.89	-7.953	-47.659	-0.098
18.9	-7.957	-40.942	-0.098
18.91	-7.961	-32.605	-0.108
18.92	-7.965	-25.231	-0.111
18.93	-7.969	-19.822	-0.093
18.94	-7.973	-16.714	-0.086
18.95	-7.978	-15.789	-0.090
18.96	-7.982	-16.538	-0.092
18.97	-7.987	-18.377	-0.097
18.98	-7.993	-20.800	-0.102
18.99	-7.999	-23.430	-0.097
19.0	-8.004	-25.964	-0.084
19.01	-8.009	-28.175	-0.080
19.02	-8.014	-29.956	-0.097
19.03	-8.019	-31.225	-0.078
19.04	-8.023	-31.969	-0.072
19.05	-8.027	-32.212	-0.097
19.06	-8.029	-32.005	-0.088
19.07	-8.033	-31.475	-0.095
19.08	-8.035	-30.750	-0.076
19.09	-8.038	-29.930	-0.080
19.1	-8.041	-29.078	-0.081
19.11	-8.044	-28.273	-0.064
19.12	-8.048	-27.577	-0.059
19.13	-8.052	-26.953	-0.037
19.14	-8.056	-26.372	-0.047
19.15	-8.060	-25.863	-0.010
19.16	-8.064	-25.369	0.019
19.17	-8.069	-24.880	0.013
19.18	-8.074	-24.409	0.023
19.19	-8.079	-23.928	-0.017
19.2	-8.084	-23.392	-0.055
19.21	-8.089	-22.728	-0.065
19.22	-8.094	-21.959	-0.073
19.23	-8.098	-21.117	-0.091
19.24	-8.100	-20.270	-0.108
19.25	-8.103	-19.527	-0.096
19.26	-8.106	-18.961	-0.106
19.27	-8.109	-18.667	-0.089
19.28	-8.114	-18.720	-0.114
19.29	-8.119	-19.159	-0.150
19.3	-8.125	-19.852	0.151
19.31	-8.131	-20.627	0.807
19.32	-8.139	-21.355	1.178
19.33	-8.149	-21.873	0.557
19.34	-8.159	-22.183	0.044
19.35	-8.170	-22.420	0.059
19.36	-8.180	-22.652	-0.060
19.37	-8.191	-22.892	-0.096
19.38	-8.203	-23.041	-0.106
19.39	-8.216	-22.847	-0.100
19.4	-8.227	-22.070	-0.104
19.41	-8.236	-20.700	-0.099
19.42	-8.243	-18.827	-0.079
19.43	-8.250	-15.909	-0.072
19.44	-8.256	-10.122	-0.062
19.45	-8.263	1.175	-0.049
19.46	-8.270	19.208	-0.031
19.47	-8.278	38.236	-0.007
19.48	-8.287	48.792	0.011
19.49	-8.297	51.050	0.030
19.5	-8.310	51.134	0.060
19.51	-8.326	51.139	0.094
19.52	-8.343	51.139	0.109
19.53	-8.363	51.136	0.146
19.54	-8.383	51.119	0.181
19.55	-8.404	50.297	0.183
19.56	-8.426	45.333	0.173
19.57	-8.447	34.697	0.123
19.58	-8.470	22.597	0.028
19.59	-8.492	12.769	-0.031
19.6	-8.516	5.530	-0.083
19.61	-8.538	0.339	-0.120
19.62	-8.559	-3.380	-0.127
19.63	-8.581	-6.155	-0.146
19.64	-8.603	-8.641	-0.134
19.65	-8.624	-11.594	-0.134
19.66	-8.647	-15.784	-0.137
19.67	-8.669	-21.975	-0.130
19.68	-8.692	-30.466	-0.126
19.69	-8.714	-40.111	-0.123
19.7	-8.735	-47.603	-0.131
19.71	-8.756	-50.695	-0.126
19.72	-8.776	-51.130	-0.118
19.73	-8.796	-50.959	-0.106
19.74	-8.814	-49.181	-0.111
19.75	-8.834	-43.877	-0.119
19.76	-8.854	-35.988	-0.110
19.77	-8.872	-28.253	-0.113
19.78	-8.891	-22.178	-0.102
19.79	-8.911	-18.153	-0.094
19.8	-8.930	-16.144	-0.114
19.81	-8.950	-15.898	-0.102
19.82	-8.968	-16.975	-0.099
19.83	-8.985	-18.884	-0.105
19.84	-9.001	-21.220	-0.106
19.85	-9.018	-23.638	-0.093
19.86	-9.034	-25.914	-0.089
19.87	-9.050	-27.897	-0.103
19.88	-9.065	-29.433	-0.091
19.89	-9.080	-30.450	-0.102
19.9	-9.094	-30.923	-0.103
19.91	-9.107	-30.925	-0.085
19.92	-9.119	-30.605	-0.087
19.93	-9.128	-30.045	-0.086
19.94	-9.138	-29.358	-0.090
19.95	-9.148	-28.689	-0.092
19.96	-9.158	-28.084	-0.074
19.97	-9.166	-27.508	-0.058
19.98	-9.172	-26.903	-0.060
19.99	-9.177	-26.227	-0.020
20.0	-9.184	-25.533	0.012
20.01	-9.194	-24.892	-0.000
20.02	-9.207	-24.275	0.012
20.03	-9.221	-23.650	0.000
20.04	-9.233	-23.017	-0.049
20.05	-9.244	-22.366	-0.070
20.06	-9.254	-21.691	-0.082
20.07	-9.264	-20.970	-0.088
20.08	-9.273	-20.178	-0.083
20.09	-9.281	-19.372	-0.099
20.1	-9.288	-18.684	-0.103
20.11	-9.294	-18.261	-0.102
20.12	-9.301	-18.194	-0.081
20.13	-9.309	-18.469	-0.138
20.14	-9.318	-19.023	-0.085
20.15	-9.327	-19.722	0.400
20.16	-9.336	-20.341	0.980
20.17	-9.348	-20.838	0.804
20.18	-9.361	-21.320	0.156
20.19	-9.373	-21.819	0.036
20.2	-9.383	-22.323	0.009
20.21	-9.391	-22.742	-0.080
20.22	-9.399	-22.902	-0.072
20.23	-9.406	-22.717	-0.103
20.24	-9.411	-22.184	-0.094
20.25	-9.414	-21.333	-0.077
20.26	-9.415	-20.248	-0.075
20.27	-9.416	-18.945	-0.050
20.28	-9.416	-16.970	-0.052
20.29	-9.418	-12.892	-0.054
20.3	-9.419	-4.434	-0.028
20.31	-9.421	10.305	-0.008
20.32	-9.422	29.505	0.015
20.33	-9.425	44.711	0.026
20.34	-9.429	50.469	0.061
20.35	-9.434	51.123	0.084
20.36	-9.442	51.139	0.114
20.37	-9.449	51.139	0.160
20.38	-9.458	51.128	0.175
20.39	-9.467	50.913	0.199
20.4	-9.475	48.089	0.203
20.41	-9.483	38.920	0.160
20.42	-9.491	25.239	0.100
20.43	-9.499	12.423	0.004
20.44	-9.508	2.608	-0.068
20.45	-9.516	-4.278	-0.096
20.46	-9.522	-8.742	-0.117
20.47	-9.528	-11.539	-0.131
20.48	-9.534	-13.584	-0.143
20.49	-9.540	-15.855	-0.136
20.5	-9.544	-19.428	-0.137
20.51	-9.546	-25.211	-0.137
20.52	-9.550	-33.277	-0.122
20.53	-9.554	-42.072	-0.125
20.54	-9.556	-48.425	-0.121
20.55	-9.556	-50.831	-0.121
20.56	-9.555	-50.881	-0.107
20.57	-9.554	-48.823	-0.101
20.58	-9.554	-43.247	-0.110
20.59	-9.554	-35.202	-0.102
20.6	-9.556	-27.066	-0.104
20.61	-9.558	-20.328	-0.098
20.62	-9.561	-15.688	-0.094
20.63	-9.564	-13.177	-0.096
20.64	-9.568	-12.617	-0.103
20.65	-9.572	-13.558	-0.108
20.66	-9.578	-15.381	-0.095
20.67	-9.584	-17.691	-0.092
20.68	-9.591	-20.152	-0.087
20.69	-9.599	-22.528	-0.091
20.7	-9.607	-24.744	-0.090
20.71	-9.614	-26.664	-0.096
20.72	-9.621	-28.128	-0.104
20.73	-9.629	-29.061	-0.083
20.74	-9.637	-29.481	-0.085
20.75	-9.644	-29.445	-0.079
20.76	-9.650	-29.067	-0.076
20.77	-9.656	-28.466	-0.079
20.78	-9.661	-27.722	-0.053
20.79	-9.664	-26.966	-0.045
20.8	-9.668	-26.238	-0.014
20.81	-9.669	-25.602	0.009
20.82	-9.671	-25.103	0.001
20.83	-9.672	-24.595	-0.001
20.84	-9.673	-23.955	-0.022
20.85	-9.673	-23.203	-0.058
20.86	-9.672	-22.366	-0.080
20.87	-9.669	-21.413	-0.069
20.88	-9.664	-20.377	-0.081
20.89	-9.657	-19.369	-0.102
20.9	-9.648	-18.528	-0.093
20.91	-9.639	-17.927	-0.106
20.92	-9.629	-17.570	-0.100
20.93	-9.619	-17.458	-0.108
20.94	-9.611	-17.577	-0.141
20.95	-9.601	-17.938	0.124
20.96	-9.592	-18.539	0.733
20.97	-9.587	-19.258	0.968
20.98	-9.584	-19.994	0.391
20.99	-9.582	-20.770	0.025
21.0	-9.581	-21.606	0.049
21.01	-9.576	-22.427	-0.052
21.02	-9.566	-23.094	-0.070
21.03	-9.553	-23.467	-0.097
21.04	-9.536	-23.372	-0.102
21.05	-9.518	-22.659	-0.089
21.06	-9.498	-21.416	-0.086
21.07	-9.480	-19.925	-0.062
21.08	-9.463	-18.256	-0.059
21.09	-9.449	-15.613	-0.047
21.1	-9.435	-10.078	-0.030
21.11	-9.421	0.658	-0.009
21.12	-9.408	17.637	0.004
21.13	-9.395	36.400	0.004
21.14	-9.383	47.989	0.054
21.15	-9.370	50.984	0.078
21.16	-9.357	51.131	0.110
21.17	-9.345	51.139	0.141
21.18	-9.332	51.136	0.162
21.19	-9.318	51.102	0.198
21.2	-9.303	50.009	0.192
21.21	-9.286	44.120	0.179
21.22	-9.268	32.127	0.125
21.23	-9.250	18.689	0.020
21.24	-9.230	7.636	-0.048
21.25	-9.209	-0.527	-0.091
21.26	-9.187	-6.094	-0.123
21.27	-9.162	-9.600	-0.124
21.28	-9.138	-11.827	-0.141
21.29	-9.114	-13.739	-0.146
21.3	-9.089	-16.322	-0.134
21.31	-9.065	-20.563	-0.141
21.32	-9.041	-27.208	-0.129
21.33	-9.018	-35.986	-0.131
21.34	-8.995	-44.577	-0.121
21.35	-8.972	-49.675	-0.120
21.36	-8.949	-51.038	-0.127
21.37	-8.925	-50.642	-0.110
21.38	-8.902	-47.800	-0.110
21.39	-8.880	-41.383	-0.110
21.4	-8.857	-33.198	-0.091
21.41	-8.834	-25.519	-0.099
21.42	-8.812	-19.448	-0.100
21.43	-8.791	-15.466	-0.082
21.44	-8.770	-13.584	-0.101
21.45	-8.750	-13.530	-0.101
21.46	-8.731	-14.738	-0.087
21.47	-8.711	-16.655	-0.094
21.48	-8.691	-18.991	-0.081
21.49	-8.669	-21.478	-0.101
21.5	-8.648	-23.836	-0.095
21.51	-8.626	-25.898	-0.089
21.52	-8.604	-27.592	-0.100
21.53	-8.582	-28.884	-0.092
21.54	-8.559	-29.700	-0.080
21.55	-8.536	-29.998	-0.072
21.56	-8.512	-29.833	-0.092
21.57	-8.490	-29.330	-0.089
21.58	-8.469	-28.628	-0.075
21.59	-8.450	-27.859	-0.049
21.6	-8.430	-27.136	-0.030
21.61	-8.411	-26.513	0.003
21.62	-8.392	-25.997	0.018
21.63	-8.376	-25.533	-0.007
21.64	-8.362	-25.081	-0.001
21.65	-8.348	-24.644	-0.052
21.66	-8.334	-24.134	-0.084
21.67	-8.319	-23.425	-0.075
21.68	-8.304	-22.492	-0.091
21.69	-8.288	-21.483	-0.102
21.7	-8.272	-20.592	-0.094
21.71	-8.257	-19.858	-0.095
21.72	-8.242	-19.327	-0.108
21.73	-8.229	-19.075	-0.099
21.74	-8.216	-19.083	-0.145
21.75	-8.204	-19.336	-0.027
21.76	-8.191	-19.761	0.508
21.77	-8.179	-20.175	1.077
21.78	-8.168	-20.459	0.774
21.79	-8.156	-20.678	0.116
21.8	-8.145	-20.963	0.049
21.81	-8.134	-21.341	-0.016
21.82	-8.125	-21.758	-0.105
21.83	-8.115	-22.127	-0.089
21.84	-8.105	-22.333	-0.112
21.85	-8.094	-22.188	-0.104
21.86	-8.082	-21.520	-0.086
21.87	-8.069	-20.311	-0.089
21.88	-8.055	-18.266	-0.077
21.89	-8.042	-14.081	-0.060
21.9	-8.030	-5.503	-0.045
21.91	-8.018	9.467	-0.029
21.92	-8.007	29.114	-0.015
21.93	-7.998	44.670	0.002
21.94	-7.991	50.484	0.027
21.95	-7.986	51.123	0.050
21.96	-7.980	51.139	0.075
21.97	-7.975	51.139	0.112
21.98	-7.971	51.139	0.152
21.99	-7.969	51.130	0.175
22.0	-7.969	50.669	0.185
22.01	-7.969	46.942	0.176
22.02	-7.968	37.522	0.133
22.03	-7.966	25.597	0.058
22.04	-7.964	15.386	-0.018
22.05	-7.962	7.719	-0.080
22.06	-7.959	2.197	-0.110
22.07	-7.956	-1.714	-0.125
22.08	-7.953	-4.589	-0.132
22.09	-7.951	-7.058	-0.138
22.1	-7.949	-9.722	-0.137
22.11	-7.949	-13.206	-0.139
22.12	-7.949	-18.244	-0.134
22.13	-7.949	-25.436	-0.130
22.14	-7.949	-34.642	-0.124
22.15	-7.949	-43.797	-0.119
22.16	-7.948	-49.423	-0.113
22.17	-7.949	-51.023	-0.113
22.18	-7.949	-51.114	-0.116
22.19	-7.951	-50.508	-0.104
22.2	-7.953	-47.294	-0.104
22.21	-7.955	-40.556	-0.099
22.22	-7.958	-32.516	-0.098
22.23	-7.961	-25.533	-0.106
22.24	-7.963	-20.472	-0.090
22.25	-7.966	-17.463	-0.090
22.26	-7.969	-16.380	-0.100
22.27	-7.973	-16.911	-0.086
22.28	-7.976	-18.530	-0.083
22.29	-7.979	-20.714	-0.110
22.3	-7.982	-23.114	-0.105
22.31	-7.986	-25.502	-0.089
22.32	-7.989	-27.658	-0.083
22.33	-7.991	-29.403	-0.094
22.34	-7.994	-30.705	-0.091
22.35	-7.996	-31.511	-0.073
22.36	-7.998	-31.709	-0.088
22.37	-7.999	-31.398	-0.103
22.38	-8.000	-30.778	-0.091
22.39	-8.002	-30.014	-0.072
22.4	-8.003	-29.219	-0.043
22.41	-8.005	-28.442	-0.046
22.42	-8.007	-27.716	-0.011
22.43	-8.009	-27.086	0.014
22.44	-8.011	-26.530	0.005
22.45	-8.014	-25.984	0.011
22.46	-8.016	-25.477	-0.023
22.47	-8.019	-24.964	-0.059
22.48	-8.021	-24.334	-0.065
22.49	-8.023	-23.564	-0.082
22.5	-8.024	-22.683	-0.087
22.51	-8.026	-21.756	-0.089
22.52	-8.027	-20.828	-0.106
22.53	-8.029	-19.956	-0.107
22.54	-8.031	-19.316	-0.084
22.55	-8.034	-19.036	-0.114
22.56	-8.036	-19.145	-0.147
22.57	-8.038	-19.583	0.089
22.58	-8.041	-20.230	0.719
22.59	-8.044	-20.958	1.198
22.6	-8.050	-21.628	0.662
22.61	-8.056	-22.108	0.059
22.62	-8.062	-22.397	0.036
22.63	-8.069	-22.592	-0.059
22.64	-8.077	-22.738	-0.091
22.65	-8.086	-22.823	-0.107
22.66	-8.092	-22.677	-0.115
22.67	-8.097	-22.031	-0.109
22.68	-8.097	-20.845	-0.102
22.69	-8.094	-18.994	-0.084
22.7	-8.092	-15.559	-0.079
22.71	-8.091	-8.463	-0.061
22.72	-8.091	4.786	-0.035
22.73	-8.091	24.130	-0.032
22.74	-8.091	41.870	-0.025
22.75	-8.091	49.913	0.001
22.76	-8.091	51.117	0.039
22.77	-8.093	51.136	0.053
22.78	-8.096	51.139	0.079
22.79	-8.100	51.139	0.117
22.8	-8.105	51.136	0.153
22.81	-8.110	51.108	0.168
22.82	-8.116	50.183	0.175
22.83	-8.122	45.217	0.172
22.84	-8.129	35.264	0.113
22.85	-8.136	24.423	0.038
22.86	-8.143	15.781	-0.028
22.87	-8.150	9.359	-0.097
22.88	-8.157	4.591	-0.113
22.89	-8.163	0.989	-0.131
22.9	-8.169	-1.919	-0.151
22.91	-8.176	-4.647	-0.143
22.92	-8.184	-7.719	-0.138
22.93	-8.194	-11.698	-0.137
22.94	-8.203	-17.206	-0.129
22.95	-8.213	-24.823	-0.128
22.96	-8.224	-34.455	-0.126
22.97	-8.235	-43.888	-0.118
22.98	-8.247	-49.519	-0.130
22.99	-8.258	-51.044	-0.114
23.0	-8.269	-51.131	-0.107
23.01	-8.280	-50.839	-0.123
23.02	-8.291	-48.534	-0.103
23.03	-8.303	-42.655	-0.100
23.04	-8.315	-34.836	-0.108
23.05	-8.327	-27.764	-0.108
23.06	-8.341	-22.547	-0.103
23.07	-8.354	-19.345	-0.098
23.08	-8.368	-18.078	-0.080
23.09	-8.382	-18.459	-0.102
23.1	-8.396	-19.975	-0.103
23.11	-8.412	-22.159	-0.100
23.12	-8.431	-24.613	-0.093
23.13	-8.449	-27.003	-0.086
23.14	-8.467	-29.094	-0.108
23.15	-8.484	-30.716	-0.106
23.16	-8.502	-31.797	-0.088
23.17	-8.523	-32.317	-0.087
23.18	-8.543	-32.280	-0.076
23.19	-8.563	-31.842	-0.088
23.2	-8.581	-31.209	-0.087
23.21	-8.599	-30.463	-0.084
23.22	-8.618	-29.675	-0.064
23.23	-8.639	-28.909	-0.043
23.24	-8.659	-28.188	-0.030
23.25	-8.680	-27.552	0.014
23.26	-8.700	-26.961	0.017
23.27	-8.721	-26.359	0.009
23.28	-8.742	-25.777	0.002
23.29	-8.766	-25.230	-0.041
23.3	-8.788	-24.664	-0.069
23.31	-8.809	-24.014	-0.088
23.32	-8.829	-23.211	-0.091
23.33	-8.846	-22.213	-0.097
23.34	-8.864	-21.147	-0.102
23.35	-8.881	-20.216	-0.093
23.36	-8.898	-19.559	-0.106
23.37	-8.915	-19.292	-0.106
23.38	-8.932	-19.431	-0.152
23.39	-8.949	-19.889	-0.020
23.4	-8.966	-20.533	0.534
23.41	-8.983	-21.206	1.119
23.42	-9.003	-21.728	0.840
23.43	-9.025	-22.013	0.140
23.44	-9.044	-22.166	0.031
23.45	-9.062	-22.347	-0.026
23.46	-9.079	-22.645	-0.087
23.47	-9.096	-22.948	-0.088
23.48	-9.112	-22.950	-0.129
23.49	-9.126	-22.359	-0.092
23.5	-9.137	-21.155	-0.084
23.51	-9.147	-19.513	-0.071
23.52	-9.156	-17.145	-0.056
23.53	-9.164	-12.548	-0.083
23.54	-9.171	-3.222	-0.048
23.55	-9.177	12.778	-0.026
23.56	-9.183	32.513	-0.020
23.57	-9.191	46.461	0.005
23.58	-9.199	50.803	0.034
23.59	-9.208	51.123	0.038
23.6	-9.217	51.139	0.074
23.61	-9.226	51.139	0.108
23.62	-9.235	51.138	0.152
23.63	-9.244	51.130	0.176
23.64	-9.249	50.533	0.190
23.65	-9.254	46.308	0.196
23.66	-9.264	36.509	0.146
23.67	-9.275	24.841	0.067
23.68	-9.287	15.150	-0.015
23.69	-9.299	7.994	-0.071
23.7	-9.311	3.045	-0.108
23.71	-9.322	-0.239	-0.131
23.72	-9.331	-2.564	-0.141
23.73	-9.341	-4.638	-0.132
23.74	-9.352	-7.142	-0.120
23.75	-9.364	-10.863	-0.138
23.76	-9.376	-16.591	-0.119
23.77	-9.389	-24.758	-0.122
23.78	-9.402	-34.902	-0.136
23.79	-9.414	-44.417	-0.113
23.8	-9.424	-49.750	-0.117
23.81	-9.435	-51.067	-0.129
23.82	-9.444	-51.052	-0.095
23.83	-9.454	-49.811	-0.093
23.84	-9.464	-45.295	-0.098
23.85	-9.476	-37.708	-0.092
23.86	-9.489	-29.753	-0.092
23.87	-9.502	-23.259	-0.097
23.88	-9.514	-18.839	-0.089
23.89	-9.526	-16.641	-0.096
23.9	-9.537	-16.342	-0.097
23.91	-9.548	-17.408	-0.095
23.92	-9.558	-19.347	-0.091
23.93	-9.568	-21.713	-0.080
23.94	-9.577	-24.189	-0.083
23.95	-9.586	-26.514	-0.099
23.96	-9.595	-28.448	-0.084
23.97	-9.605	-29.866	-0.083
23.98	-9.615	-30.800	-0.078
23.99	-9.625	-31.281	-0.079
24.0	-9.634	-31.313	-0.083
24.01	-9.641	-30.984	-0.076
24.02	-9.648	-30.430	-0.044
24.03	-9.654	-29.745	-0.045
24.04	-9.661	-29.017	-0.033
24.05	-9.668	-28.292	0.015
24.06	-9.674	-27.602	0.009
24.07	-9.679	-26.973	0.002
24.08	-9.684	-26.344	0.006
24.09	-9.689	-25.650	-0.048
24.1	-9.694	-24.845	-0.081
24.11	-9.699	-23.891	-0.074
24.12	-9.703	-22.736	-0.075
24.13	-9.706	-21.423	-0.085
24.14	-9.707	-20.325	-0.096
24.15	-9.709	-19.611	-0.105
24.16	-9.712	-19.211	-0.096
24.17	-9.714	-19.080	-0.088
24.18	-9.717	-19.080	-0.147
24.19	-9.719	-19.230	-0.036
24.2	-9.723	-19.591	0.517
24.21	-9.729	-20.083	1.044
24.22	-9.736	-20.631	0.698
24.23	-9.746	-21.267	0.091
24.24	-9.756	-22.058	0.049
24.25	-9.764	-22.958	-0.012
24.26	-9.768	-23.777	-0.088
24.27	-9.768	-24.272	-0.089
24.28	-9.767	-24.248	-0.100
24.29	-9.764	-23.595	-0.094
24.3	-9.760	-22.380	-0.082
24.31	-9.755	-20.848	-0.080
24.32	-9.750	-19.000	-0.061
24.33	-9.745	-15.994	-0.050
24.34	-9.739	-9.919	-0.039
24.35	-9.731	1.516	-0.026
24.36	-9.724	19.131	-0.010
24.37	-9.717	37.752	0.019
24.38	-9.710	48.509	0.038
24.39	-9.703	51.025	0.056
24.4	-9.696	51.133	0.099
24.41	-9.689	51.139	0.133
24.42	-9.683	51.138	0.154
24.43	-9.675	51.130	0.180
24.44	-9.668	50.525	0.208
24.45	-9.661	46.150	0.188
24.46	-9.654	35.833	0.142
24.47	-9.648	23.333	0.058
24.48	-9.643	12.855	-0.030
24.49	-9.638	5.133	-0.075
24.5	-9.633	-0.130	-0.100
24.51	-9.628	-3.470	-0.133
24.52	-9.623	-5.695	-0.147
24.53	-9.618	-7.691	-0.140
24.54	-9.612	-10.292	-0.126
24.55	-9.603	-14.406	-0.137
24.56	-9.595	-20.867	-0.141
24.57	-9.588	-29.830	-0.126
24.58	-9.583	-39.909	-0.116
24.59	-9.578	-47.606	-0.125
24.6	-9.569	-50.703	-0.120
24.61	-9.559	-51.102	-0.115
24.62	-9.547	-50.325	-0.107
24.63	-9.536	-46.669	-0.113
24.64	-9.523	-39.413	-0.097
24.65	-9.510	-30.858	-0.099
24.66	-9.496	-23.338	-0.104
24.67	-9.481	-17.914	-0.080
24.68	-9.464	-14.928	-0.089
24.69	-9.449	-14.123	-0.100
24.7	-9.434	-15.034	-0.100
24.71	-9.419	-17.097	-0.092
24.72	-9.404	-19.697	-0.094
24.73	-9.389	-22.441	-0.107
24.74	-9.373	-25.030	-0.088
24.75	-9.357	-27.245	-0.099
24.76	-9.342	-29.058	-0.088
24.77	-9.328	-30.409	-0.086
24.78	-9.313	-31.206	-0.077
24.79	-9.297	-31.456	-0.082
24.8	-9.282	-31.248	-0.087
24.81	-9.268	-30.736	-0.076
24.82	-9.254	-30.089	-0.070
24.83	-9.239	-29.363	-0.051
24.84	-9.225	-28.594	-0.026
24.85	-9.210	-27.886	0.002
24.86	-9.196	-27.294	0.013
24.87	-9.181	-26.792	0.004
24.88	-9.166	-26.319	-0.010
24.89	-9.150	-25.808	-0.052
24.9	-9.134	-25.150	-0.083
24.91	-9.116	-24.267	-0.079
24.92	-9.098	-23.213	-0.081
24.93	-9.078	-22.038	-0.099
24.94	-9.059	-20.845	-0.097
24.95	-9.038	-19.875	-0.120
24.96	-9.018	-19.314	-0.101
24.97	-8.997	-19.175	-0.100
24.98	-8.975	-19.386	-0.162
24.99	-8.953	-19.820	0.044
25.0	-8.929	-20.300	0.646
25.01	-8.907	-20.772	1.064
25.02	-8.888	-21.256	0.598
25.03	-8.871	-21.761	0.048
25.04	-8.853	-22.252	0.039
25.05	-8.834	-22.686	-0.055
25.06	-8.813	-23.056	-0.093
25.07	-8.791	-23.322	-0.090
25.08	-8.769	-23.333	-0.107
25.09	-8.745	-22.872	-0.105
25.1	-8.719	-21.878	-0.104
25.11	-8.693	-20.442	-0.080
25.12	-8.667	-18.206	-0.074
25.13	-8.640	-13.830	-0.059
25.14	-8.613	-5.181	-0.027
25.15	-8.588	9.645	-0.032
25.16	-8.565	29.045	-0.016
25.17	-8.543	44.538	0.005
25.18	-8.522	50.444	0.032
25.19	-8.502	51.123	0.058
25.2	-8.483	51.139	0.083
25.21	-8.466	51.139	0.123
25.22	-8.449	51.136	0.154
25.23	-8.434	51.106	0.182
25.24	-8.419	50.131	0.194
25.25	-8.405	44.866	0.167
25.26	-8.391	34.211	0.115
25.27	-8.377	22.463	0.030
25.28	-8.364	12.947	-0.041
25.29	-8.353	5.928	-0.095
25.3	-8.341	1.052	-0.112
25.31	-8.329	-2.288	-0.133
25.32	-8.316	-4.827	-0.129
25.33	-8.304	-7.230	-0.137
25.34	-8.294	-10.139	-0.148
25.35	-8.283	-14.406	-0.133
25.36	-8.273	-20.906	-0.135
25.37	-8.264	-29.869	-0.137
25.38	-8.255	-39.961	-0.116
25.39	-8.246	-47.652	-0.136
25.4	-8.238	-50.719	-0.122
25.41	-8.231	-51.130	-0.114
25.42	-8.224	-50.855	-0.103
25.43	-8.219	-48.700	-0.094
25.44	-8.215	-43.109	-0.135
25.45	-8.210	-35.386	-0.135
25.46	-8.206	-28.053	-0.113
25.47	-8.201	-22.364	-0.128
25.48	-8.199	-18.702	-0.110
25.49	-8.197	-17.063	-0.122
25.5	-8.195	-17.145	-0.114
25.51	-8.193	-18.434	-0.080
25.52	-8.192	-20.409	-0.082
25.53	-8.191	-22.703	-0.111
25.54	-8.191	-25.066	-0.097
25.55	-8.191	-27.233	-0.090
25.56	-8.191	-29.056	-0.104
25.57	-8.191	-30.489	-0.098
25.58	-8.193	-31.430	-0.086
25.59	-8.195	-31.822	-0.079
25.6	-8.198	-31.709	-0.075
25.61	-8.200	-31.263	-0.090
25.62	-8.200	-30.623	-0.073
25.63	-8.199	-29.881	-0.092
25.64	-8.198	-29.139	-0.068
25.65	-8.198	-28.383	-0.038
25.66	-8.198	-27.638	-0.039
25.67	-8.198	-26.988	0.002
25.68	-8.198	-26.420	0.013
25.69	-8.199	-25.902	0.001
25.7	-8.202	-25.395	0.009
25.71	-8.203	-24.852	-0.040
25.72	-8.203	-24.217	-0.077
25.73	-8.204	-23.427	-0.084
25.74	-8.204	-22.491	-0.085
25.75	-8.203	-21.509	-0.106
25.76	-8.201	-20.564	-0.093
25.77	-8.201	-19.744	-0.098
25.78	-8.202	-19.186	-0.104
25.79	-8.201	-18.948	-0.090
25.8	-8.201	-19.081	-0.143
25.81	-8.201	-19.581	-0.016
25.82	-8.201	-20.238	0.514
25.83	-8.203	-20.881	1.150
25.84	-8.206	-21.466	0.892
25.85	-8.210	-21.933	0.156
25.86	-8.214	-22.272	0.037
25.87	-8.218	-22.558	-0.028
25.88	-8.222	-22.833	-0.091
25.89	-8.226	-23.025	-0.110
25.9	-8.229	-22.906	-0.115
25.91	-8.230	-22.248	-0.109
25.92	-8.229	-21.041	-0.106
25.93	-8.228	-19.369	-0.087
25.94	-8.225	-16.673	-0.080
25.95	-8.222	-11.028	-0.078
25.96	-8.219	0.209	-0.059
25.97	-8.216	18.200	-0.038
25.98	-8.211	37.455	-0.022
25.99	-8.207	48.495	-0.008
26.0	-8.202	51.028	0.005
26.01	-8.198	51.134	0.051
26.02	-8.197	51.139	0.081
26.03	-8.196	51.139	0.095
26.04	-8.196	51.138	0.141
26.05	-8.197	51.130	0.166
26.06	-8.198	50.641	0.194
26.07	-8.199	46.988	0.174
26.08	-8.200	38.230	0.132
26.09	-8.201	27.617	0.058
26.1	-8.203	18.811	-0.018
26.11	-8.204	12.300	-0.067
26.12	-8.206	7.548	-0.107
26.13	-8.206	3.908	-0.132
26.14	-8.207	0.842	-0.118
26.15	-8.208	-2.148	-0.137
26.16	-8.210	-5.548	-0.137
26.17	-8.211	-9.850	-0.134
26.18	-8.214	-15.684	-0.133
26.19	-8.216	-23.591	-0.129
26.2	-8.219	-33.444	-0.122
26.21	-8.221	-43.220	-0.116
26.22	-8.223	-49.275	-0.121
26.23	-8.225	-51.011	-0.110
26.24	-8.227	-51.130	-0.098
26.25	-8.229	-50.905	-0.113
26.26	-8.231	-48.872	-0.111
26.27	-8.234	-43.314	-0.109
26.28	-8.237	-35.627	-0.088
26.29	-8.240	-28.520	-0.100
26.3	-8.244	-23.245	-0.115
26.31	-8.248	-20.103	-0.093
26.32	-8.251	-18.964	-0.081
26.33	-8.255	-19.428	-0.097
26.34	-8.259	-20.970	-0.099
26.35	-8.264	-23.105	-0.093
26.36	-8.268	-25.494	-0.087
26.37	-8.273	-27.873	-0.095
26.38	-8.276	-29.966	-0.090
26.39	-8.281	-31.600	-0.100
26.4	-8.285	-32.772	-0.090
26.41	-8.288	-33.414	-0.087
26.42	-8.291	-33.470	-0.093
26.43	-8.294	-33.064	-0.075
26.44	-8.296	-32.383	-0.068
26.45	-8.298	-31.673	-0.082
26.46	-8.300	-31.033	-0.036
26.47	-8.303	-30.378	-0.029
26.48	-8.304	-29.705	-0.007
26.49	-8.307	-29.025	0.020
26.5	-8.310	-28.344	0.013
26.51	-8.313	-27.733	0.005
26.52	-8.317	-27.192	-0.021
26.53	-8.321	-26.577	-0.053
26.54	-8.325	-25.800	-0.067
26.55	-8.328	-24.869	-0.087
26.56	-8.331	-23.811	-0.097
26.57	-8.332	-22.819	-0.087
26.58	-8.333	-21.970	-0.095
26.59	-8.334	-21.152	-0.124
26.6	-8.336	-20.538	-0.091
26.61	-8.337	-20.373	-0.129
26.62	-8.339	-20.548	-0.125
26.63	-8.341	-20.844	0.204
26.64	-8.343	-21.158	0.889
26.65	-8.348	-21.444	1.148
26.66	-8.354	-21.756	0.478
26.67	-8.359	-21.970	0.048
26.68	-8.365	-21.978	0.023
26.69	-8.371	-21.964	-0.083
26.7	-8.377	-21.963	-0.096
26.71	-8.384	-21.714	-0.118
26.72	-8.390	-21.013	-0.095
26.73	-8.393	-19.955	-0.103
26.74	-8.392	-18.633	-0.095
26.75	-8.389	-17.056	-0.082
26.76	-8.385	-14.588	-0.066
26.77	-8.381	-8.783	-0.049
26.78	-8.377	3.534	-0.040
26.79	-8.373	22.377	-0.026
26.8	-8.370	40.452	-0.006
26.81	-8.369	49.431	0.011
26.82	-8.369	51.084	0.040
26.83	-8.369	51.134	0.069
26.84	-8.371	51.139	0.093
26.85	-8.375	51.139	0.119
26.86	-8.380	51.133	0.165
26.87	-8.387	51.034	0.186
26.88	-8.394	49.369	0.170
26.89	-8.403	42.936	0.158
26.9	-8.412	31.861	0.123
26.91	-8.421	21.036	0.021
26.92	-8.431	13.380	-0.047
26.93	-8.439	7.994	-0.090
26.94	-8.447	3.656	-0.128
26.95	-8.454	-0.152	-0.130
26.96	-8.462	-3.486	-0.121
26.97	-8.471	-6.602	-0.147
26.98	-8.480	-10.273	-0.124
26.99	-8.491	-15.523	-0.147
27.0	-8.502	-22.991	-0.115
27.01	-8.514	-32.230	-0.116
27.02	-8.526	-41.820	-0.129
27.03	-8.539	-48.572	-0.107
27.04	-8.553	-50.902	-0.121
27.05	-8.566	-51.134	-0.109
27.06	-8.579	-51.111	-0.111
27.07	-8.592	-50.372	-0.113
27.08	-8.608	-46.861	-0.093
27.09	-8.625	-40.031	-0.106
27.1	-8.644	-32.530	-0.106
27.11	-8.664	-26.623	-0.102
27.12	-8.684	-22.827	-0.093
27.13	-8.705	-21.092	-0.100
27.14	-8.726	-21.117	-0.092
27.15	-8.747	-22.322	-0.101
27.16	-8.767	-24.173	-0.094
27.17	-8.787	-26.539	-0.098
27.18	-8.809	-29.223	-0.106
27.19	-8.832	-31.867	-0.083
27.2	-8.854	-34.177	-0.089
27.21	-8.877	-35.920	-0.101
27.22	-8.900	-37.136	-0.086
27.23	-8.922	-37.777	-0.100
27.24	-8.946	-37.827	-0.082
27.25	-8.968	-37.444	-0.085
27.26	-8.991	-36.614	-0.079
27.27	-9.013	-35.528	-0.068
27.28	-9.034	-34.439	-0.061
27.29	-9.055	-33.256	-0.038
27.3	-9.076	-32.102	0.017
27.31	-9.096	-31.138	0.022
27.32	-9.117	-30.092	-0.002
27.33	-9.136	-29.320	0.022
27.34	-9.155	-29.089	0.002
27.35	-9.174	-28.797	-0.071
27.36	-9.194	-27.998	-0.077
27.37	-9.212	-26.673	-0.076
27.38	-9.228	-25.353	-0.086
27.39	-9.241	-23.895	-0.097
27.4	-9.254	-22.267	-0.090
27.41	-9.267	-20.889	-0.113
27.42	-9.281	-19.875	-0.100
27.43	-9.296	-19.656	-0.090
27.44	-9.309	-19.984	-0.149
27.45	-9.322	-20.580	0.057
27.46	-9.334	-21.333	0.680
27.47	-9.346	-21.931	1.096
27.48	-9.360	-22.469	0.587
27.49	-9.373	-22.838	0.052
27.5	-9.382	-22.969	0.055
27.51	-9.388	-23.072	-0.052
27.52	-9.391	-23.386	-0.078
27.53	-9.398	-23.644	-0.095
27.54	-9.405	-23.125	-0.095
27.55	-9.410	-21.883	-0.104
27.56	-9.414	-20.248	-0.078
27.57	-9.418	-18.594	-0.054
27.58	-9.421	-16.900	-0.071
27.59	-9.425	-13.784	-0.043
27.6	-9.429	-7.086	-0.056
27.61	-9.434	5.184	-0.044
27.62	-9.440	23.139	-0.008
27.63	-9.446	40.530	0.007
27.64	-9.452	49.369	0.040
27.65	-9.460	51.077	0.062
27.66	-9.470	51.134	0.101
27.67	-9.481	51.136	0.115
27.68	-9.492	51.109	0.148
27.69	-9.504	50.106	0.193
27.7	-9.515	44.352	0.205
27.71	-9.525	31.983	0.172
27.72	-9.535	17.394	0.122
27.73	-9.545	5.311	0.046
27.74	-9.555	-4.603	-0.041
27.75	-9.566	-12.852	-0.075
27.76	-9.575	-17.792	-0.096
27.77	-9.583	-21.033	-0.135
27.78	-9.590	-24.602	-0.137
27.79	-9.598	-28.239	-0.130
27.8	-9.606	-33.212	-0.125
27.81	-9.614	-40.928	-0.138
27.82	-9.621	-47.900	-0.115
27.83	-9.627	-49.511	-0.138
27.84	-9.633	-48.027	-0.124
27.85	-9.638	-48.686	-0.117
27.86	-9.641	-50.567	-0.110
27.87	-9.646	-51.123	-0.107
27.88	-9.651	-51.134	-0.109
27.89	-9.656	-51.019	-0.107
27.9	-9.663	-49.889	-0.103
27.91	-9.672	-46.400	-0.119
27.92	-9.683	-41.392	-0.097
27.93	-9.693	-36.753	-0.092
27.94	-9.705	-32.956	-0.103
27.95	-9.717	-30.267	-0.104
27.96	-9.729	-29.541	-0.109
27.97	-9.742	-30.823	-0.093
27.98	-9.756	-32.464	-0.088
27.99	-9.769	-32.006	-0.130
28.0	-9.783	-28.864	-0.105
28.01	-9.799	-26.366	-0.070
28.02	-9.816	-26.473	-0.096
28.03	-9.835	-26.970	-0.100
28.04	-9.854	-26.803	-0.097
28.05	-9.874	-26.052	-0.094
28.06	-9.894	-24.106	-0.076
28.07	-9.914	-21.536	-0.079
28.08	-9.934	-18.364	-0.032
28.09	-9.958	-14.792	-0.040
28.1	-9.984	-12.220	-0.007
28.11	-10.012	-10.872	0.021
28.12	-10.044	-10.486	-0.004
28.13	-10.080	-10.811	-0.029
28.14	-10.114	-10.828	-0.049
28.15	-10.144	-10.513	-0.084
28.16	-10.174	-11.230	-0.077
28.17	-10.203	-11.730	-0.078
28.18	-10.233	-10.072	-0.069
28.19	-10.268	-8.234	-0.114
28.2	-10.311	-8.930	-0.093
28.21	-10.359	-10.219	-0.073
28.22	-10.402	-12.252	-0.110
28.23	-10.439	-23.367	-0.133
28.24	-10.473	-37.738	-0.074
28.25	-10.506	-35.377	0.289
28.26	-10.541	-21.328	0.860
28.27	-10.578	-15.509	0.849
28.28	-10.606	-17.800	0.211
28.29	-10.611	-20.200	0.001
28.3	-10.594	-21.548	0.021
28.31	-10.576	-22.636	-0.066
28.32	-10.563	-24.183	-0.088
28.33	-10.550	-27.119	-0.092
28.34	-10.542	-30.942	-0.075
28.35	-10.543	-30.928	-0.080
28.36	-10.552	-28.028	-0.043
28.37	-10.565	-29.395	-0.077
28.38	-10.579	-32.422	-0.062
28.39	-10.593	-28.152	-0.036
28.4	-10.605	-17.147	-0.045
28.41	-10.619	-6.467	-0.026
28.42	-10.638	5.470	0.035
28.43	-10.663	22.027	0.058
28.44	-10.691	38.311	0.054
28.45	-10.719	48.047	0.102
28.46	-10.744	50.925	0.141
28.47	-10.764	51.128	0.106
28.48	-10.783	51.136	0.116
28.49	-10.808	51.109	0.193
28.5	-10.836	50.189	0.202
28.51	-10.861	45.366	0.137
28.52	-10.883	35.970	0.099
28.53	-10.906	25.313	0.011
28.54	-10.920	15.433	-0.016
28.55	-10.930	7.278	-0.029
28.56	-10.953	1.252	-0.117
28.57	-10.989	-3.123	-0.168
28.58	-11.028	-5.938	-0.137
28.59	-11.061	-8.083	-0.087
28.6	-11.097	-11.091	-0.149
28.61	-11.139	-15.944	-0.161
28.62	-11.184	-23.038	-0.063
28.63	-11.228	-31.770	-0.177
28.64	-11.270	-40.511	-0.111
28.65	-11.313	-47.027	-0.060
28.66	-11.356	-49.855	-0.218
28.67	-11.396	-49.056	-0.145
28.68	-11.421	-45.566	-0.101
28.69	-11.436	-40.717	-0.167
28.7	-11.454	-35.747	-0.144
28.71	-11.475	-31.456	-0.129
28.72	-11.486	-27.902	-0.145
28.73	-11.479	-24.889	-0.187
28.74	-11.474	-22.464	-0.132
28.75	-11.479	-20.773	-0.150
28.76	-11.490	-20.044	-0.131
28.77	-11.502	-20.966	-0.059
28.78	-11.508	-23.950	-0.195
28.79	-11.505	-27.503	-0.187
28.8	-11.501	-29.747	-0.115
28.81	-11.509	-30.548	-0.135
28.82	-11.524	-30.684	-0.133
28.83	-11.533	-30.566	-0.193
28.84	-11.543	-30.072	-0.168
28.85	-11.555	-29.186	-0.138
28.86	-11.566	-28.331	-0.107
28.87	-11.576	-27.528	-0.097
28.88	-11.591	-26.533	-0.063
28.89	-11.603	-25.459	-0.037
28.9	-11.606	-24.361	-0.150
28.91	-11.601	-23.255	-0.112
28.92	-11.589	-22.461	-0.114
28.93	-11.574	-22.034	-0.189
28.94	-11.559	-21.761	-0.092
28.95	-11.544	-21.759	-0.127
28.96	-11.528	-22.119	-0.188
28.97	-11.513	-22.627	-0.149
28.98	-11.499	-23.239	-0.128
28.99	-11.485	-23.623	-0.118
29.0	-11.469	-23.063	-0.164
29.01	-11.451	-21.792	-0.037
29.02	-11.433	-20.723	0.495
29.03	-11.416	-20.302	0.749
29.04	-11.401	-20.747	0.354
29.05	-11.387	-21.972	0.024
29.06	-11.369	-23.047	-0.006
29.07	-11.349	-23.563	-0.080
29.08	-11.331	-24.127	-0.105
29.09	-11.309	-24.756	-0.079
29.1	-11.283	-25.045	-0.119
29.11	-11.258	-24.717	-0.120
29.12	-11.236	-23.342	-0.109
29.13	-11.214	-20.963	-0.079
29.14	-11.193	-18.280	-0.063
29.15	-11.172	-15.592	-0.050
29.16	-11.153	-11.845	0.012
29.17	-11.130	-5.205	-0.063
29.18	-11.104	5.978	-0.049
29.19	-11.071	22.477	-0.030
29.2	-11.033	39.588	0.031
29.21	-10.990	49.053	0.059
29.22	-10.944	51.059	0.031
29.23	-10.898	51.134	0.125
29.24	-10.852	51.139	0.152
29.25	-10.806	51.134	0.108
29.26	-10.759	51.055	0.154
29.27	-10.712	49.319	0.170
29.28	-10.666	42.236	0.036
29.29	-10.619	30.197	0.006
29.3	-10.569	18.175	-0.043
29.31	-10.516	8.527	-0.114
29.32	-10.461	1.202	-0.142
29.33	-10.408	-3.919	-0.160
29.34	-10.357	-7.663	-0.160
29.35	-10.306	-10.859	-0.166
29.36	-10.255	-14.067	-0.156
29.37	-10.203	-18.455	-0.162
29.38	-10.149	-24.955	-0.189
29.39	-10.096	-33.531	-0.174
29.4	-10.044	-42.733	-0.187
29.41	-9.991	-49.008	-0.188
29.42	-9.936	-50.981	-0.177
29.43	-9.881	-51.131	-0.134
29.44	-9.827	-51.086	-0.144
29.45	-9.771	-49.950	-0.217
29.46	-9.714	-45.220	-0.128
29.47	-9.658	-36.998	-0.134
29.48	-9.601	-28.998	-0.198
29.49	-9.545	-23.200	-0.122
29.5	-9.489	-19.381	-0.166
29.51	-9.434	-17.427	-0.222
29.52	-9.380	-17.286	-0.140
29.53	-9.325	-18.556	-0.188
29.54	-9.271	-20.397	-0.155
29.55	-9.217	-22.436	-0.126
29.56	-9.166	-24.839	-0.192
29.57	-9.117	-27.064	-0.154
29.58	-9.071	-28.488	-0.176
29.59	-9.026	-29.344	-0.155
29.6	-8.981	-29.981	-0.136
29.61	-8.935	-30.255	-0.128
29.62	-8.892	-30.239	-0.067
29.63	-8.850	-30.203	-0.126
29.64	-8.805	-29.888	-0.107
29.65	-8.758	-28.894	-0.087
29.66	-8.714	-27.227	-0.167
29.67	-8.671	-25.414	-0.143
29.68	-8.627	-24.209	-0.136
29.69	-8.583	-23.713	-0.174
29.7	-8.542	-23.284	-0.174
29.71	-8.505	-22.448	-0.181
29.72	-8.470	-21.286	-0.206
29.73	-8.435	-20.170	-0.162
29.74	-8.403	-19.114	-0.140
29.75	-8.376	-18.186	-0.265
29.76	-8.351	-17.916	0.029
29.77	-8.323	-18.120	0.561
29.78	-8.297	-18.598	0.613
29.79	-8.273	-19.394	0.261
29.8	-8.248	-20.309	0.000
29.81	-8.224	-21.830	-0.073
29.82	-8.203	-23.995	-0.118
29.83	-8.177	-25.125	-0.145
29.84	-8.148	-24.791	-0.163
29.85	-8.117	-24.903	-0.135
29.86	-8.083	-25.781	-0.141
29.87	-8.045	-24.927	-0.124
29.88	-8.006	-22.139	-0.091
29.89	-7.968	-19.688	-0.150
29.9	-7.931	-17.419	-0.139
29.91	-7.896	-13.705	-0.034
29.92	-7.869	-5.814	-0.067
29.93	-7.852	8.514	-0.102
29.94	-7.832	27.347	-0.007
29.95	-7.808	43.255	-0.009
29.96	-7.784	50.139	-0.007
29.97	-7.759	51.123	0.029
29.98	-7.739	51.136	0.072
29.99	-7.726	51.139	0.090
30.0	-7.711	51.128	0.080
30.01	-7.691	50.892	0.119
30.02	-7.674	47.945	0.074
30.03	-7.662	38.817	0.009
30.04	-7.648	25.936	-0.021
30.05	-7.626	14.484	-0.091
30.06	-7.608	5.617	-0.165
30.07	-7.599	-1.175	-0.182
30.08	-7.585	-6.216	-0.201
30.09	-7.561	-10.091	-0.160
30.1	-7.540	-13.552	-0.162
30.11	-7.526	-17.355	-0.234
30.12	-7.512	-22.086	-0.182
30.13	-7.494	-28.300	-0.157
30.14	-7.476	-37.036	-0.171
30.15	-7.464	-45.980	-0.179
30.16	-7.458	-50.439	-0.278
30.17	-7.454	-51.127	-0.177
30.18	-7.453	-51.138	-0.169
30.19	-7.453	-51.119	-0.220
30.2	-7.449	-50.544	-0.155
30.21	-7.440	-47.720	-0.243
30.22	-7.429	-42.022	-0.215
30.23	-7.423	-35.253	-0.191
30.24	-7.419	-29.573	-0.245
30.25	-7.411	-25.634	-0.205
30.26	-7.399	-22.981	-0.222
30.27	-7.388	-21.256	-0.257
30.28	-7.378	-20.217	-0.186
30.29	-7.368	-20.039	-0.292
30.3	-7.360	-20.966	-0.258
30.31	-7.356	-22.588	-0.170
30.32	-7.352	-24.283	-0.330
30.33	-7.348	-25.800	-0.248
30.34	-7.338	-27.663	-0.228
30.35	-7.324	-29.356	-0.258
30.36	-7.316	-29.464	-0.228
30.37	-7.309	-28.492	-0.222
30.38	-7.303	-27.653	-0.198
30.39	-7.298	-26.928	-0.173
30.4	-7.293	-25.766	-0.197
30.41	-7.287	-24.945	-0.361
30.42	-7.279	-24.963	-0.316
30.43	-7.271	-24.889	-0.263
30.44	-7.264	-24.155	-0.373
30.45	-7.255	-22.750	-0.382
30.46	-7.246	-21.023	-0.343
30.47	-7.236	-19.428	-0.381
30.48	-7.226	-18.078	-0.367
30.49	-7.221	-16.705	-0.355
30.5	-7.218	-14.948	-0.424
30.51	-7.209	-12.614	-0.220
30.52	-7.200	-10.872	0.273
30.53	-7.192	-11.273	0.561
30.54	-7.186	-13.577	0.199
30.55	-7.184	-16.308	-0.212
30.56	-7.182	-18.370	-0.273
30.57	-7.182	-19.552	-0.321
30.58	-7.184	-19.931	-0.364
30.59	-7.187	-20.156	-0.394
30.6	-7.187	-20.736	-0.399
30.61	-7.183	-20.872	-0.438
30.62	-7.178	-19.780	-0.333
30.63	-7.172	-17.678	-0.324
30.64	-7.168	-15.088	-0.359
30.65	-7.162	-11.381	-0.342
30.66	-7.155	-4.594	-0.416
30.67	-7.146	7.738	-0.355
30.68	-7.137	25.838	-0.302
30.69	-7.129	42.453	-0.289
30.7	-7.127	49.981	-0.267
30.71	-7.129	51.119	-0.257
30.72	-7.134	51.136	-0.253
30.73	-7.146	51.139	-0.186
30.74	-7.166	51.139	-0.126
30.75	-7.192	51.136	-0.130
30.76	-7.223	51.117	-0.153
30.77	-7.254	50.239	-0.161
30.78	-7.287	45.002	-0.147
30.79	-7.320	33.911	-0.192
30.8	-7.354	21.447	-0.249
30.81	-7.387	11.000	-0.287
30.82	-7.419	2.078	-0.314
30.83	-7.450	-4.952	-0.366
30.84	-7.479	-9.808	-0.359
30.85	-7.510	-14.086	-0.233
30.86	-7.543	-19.117	-0.308
30.87	-7.574	-25.445	-0.306
30.88	-7.605	-32.956	-0.219
30.89	-7.634	-40.980	-0.310
30.9	-7.660	-47.548	-0.286
30.91	-7.686	-50.598	-0.197
30.92	-7.712	-51.125	-0.246
30.93	-7.743	-51.139	-0.280
30.94	-7.778	-51.139	-0.141
30.95	-7.814	-51.116	-0.217
30.96	-7.852	-50.389	-0.226
30.97	-7.891	-46.613	-0.209
30.98	-7.930	-39.153	-0.167
30.99	-7.969	-30.984	-0.141
31.0	-8.006	-24.403	-0.196
31.01	-8.040	-19.850	-0.140
31.02	-8.072	-17.356	-0.149
31.03	-8.103	-16.370	-0.109
31.04	-8.133	-16.859	-0.149
31.05	-8.162	-19.203	-0.163
31.06	-8.193	-22.127	-0.068
31.07	-8.224	-24.252	-0.118
31.08	-8.252	-25.820	-0.086
31.09	-8.279	-27.548	-0.072
31.1	-8.308	-29.108	-0.064
31.11	-8.338	-29.938	-0.085
31.12	-8.371	-30.130	-0.062
31.13	-8.402	-29.869	0.051
31.14	-8.431	-29.692	0.030
31.15	-8.459	-29.592	-0.041
31.16	-8.486	-29.141	0.023
31.17	-8.511	-28.602	0.046
31.18	-8.534	-28.114	-0.019
31.19	-8.555	-27.369	0.008
31.2	-8.572	-26.314	-0.076
31.21	-8.587	-24.683	0.048
31.22	-8.601	-22.472	0.027
31.23	-8.615	-20.948	-0.089
31.24	-8.629	-20.795	0.053
31.25	-8.643	-21.130	-0.037
31.26	-8.656	-20.969	-0.020
31.27	-8.669	-20.150	0.142
31.28	-8.680	-19.370	0.474
31.29	-8.690	-19.380	0.941
31.3	-8.700	-20.216	0.658
31.31	-8.708	-21.188	0.160
31.32	-8.713	-21.592	0.115
31.33	-8.715	-21.591	0.098
31.34	-8.713	-21.748	0.090
31.35	-8.704	-22.223	0.025
31.36	-8.683	-22.775	0.007
31.37	-8.652	-22.855	0.083
31.38	-8.614	-22.067	0.084
31.39	-8.574	-20.606	0.026
31.4	-8.534	-18.736	0.078
31.41	-8.496	-15.875	0.086
31.42	-8.461	-10.064	0.083
31.43	-8.431	1.322	0.125
31.44	-8.405	19.358	0.136
31.45	-8.381	38.336	0.159
31.46	-8.360	48.833	0.128
31.47	-8.341	51.052	0.181
31.48	-8.321	51.133	0.210
31.49	-8.304	51.139	0.253
31.5	-8.289	51.139	0.248
31.51	-8.283	51.136	0.260
31.52	-8.291	51.117	0.253
31.53	-8.313	50.189	0.269
31.54	-8.339	44.591	0.301
31.55	-8.363	32.741	0.215
31.56	-8.383	19.298	0.140
31.57	-8.397	8.130	0.089
31.58	-8.407	-0.241	0.118
31.59	-8.412	-6.139	0.068
31.6	-8.414	-10.463	0.080
31.61	-8.413	-13.884	0.077
31.62	-8.409	-16.898	0.075
31.63	-8.402	-20.506	0.101
31.64	-8.396	-25.856	0.043
31.65	-8.395	-33.522	0.100
31.66	-8.398	-42.333	0.100
31.67	-8.399	-48.700	0.131
31.68	-8.395	-50.911	0.113
31.69	-8.386	-51.134	0.075
31.7	-8.374	-51.134	0.131
31.71	-8.359	-50.992	0.161
31.72	-8.341	-49.206	0.138
31.73	-8.322	-43.464	0.088
31.74	-8.303	-34.897	0.169
31.75	-8.284	-26.923	0.099
31.76	-8.268	-21.198	0.089
31.77	-8.251	-18.097	0.194
31.78	-8.232	-17.331	0.065
31.79	-8.212	-18.172	0.111
31.8	-8.191	-20.000	0.148
31.81	-8.170	-22.523	0.088
31.82	-8.148	-25.448	0.091
31.83	-8.126	-28.114	0.112
31.84	-8.106	-30.211	0.159
31.85	-8.086	-32.038	0.097
31.86	-8.064	-33.831	0.122
31.87	-8.043	-35.544	0.149
31.88	-8.023	-36.820	0.228
31.89	-8.002	-37.337	0.124
31.9	-7.982	-37.103	0.185
31.91	-7.964	-36.397	0.208
31.92	-7.944	-35.470	0.004
31.93	-7.923	-34.358	0.026
31.94	-7.902	-33.225	0.150
31.95	-7.883	-32.111	0.163
31.96	-7.864	-30.802	0.059
31.97	-7.848	-29.388	0.104
31.98	-7.834	-28.100	0.029
31.99	-7.820	-26.873	0.057
32.0	-7.804	-25.625	0.067
32.01	-7.787	-24.498	-0.018
32.02	-7.771	-23.764	0.449
32.03	-7.758	-23.536	1.061
32.04	-7.746	-23.567	0.983
32.05	-7.733	-23.689	0.280
32.06	-7.721	-23.945	0.113
32.07	-7.711	-24.091	0.129
32.08	-7.703	-23.994	-0.036
32.09	-7.696	-23.773	0.072
32.1	-7.688	-23.453	-0.017
32.11	-7.678	-23.056	-0.105
32.12	-7.667	-22.489	0.032
32.13	-7.657	-21.519	0.063
32.14	-7.648	-20.086	-0.005
32.15	-7.639	-17.938	0.062
32.16	-7.631	-13.638	0.073
32.17	-7.624	-4.644	-0.024
32.18	-7.619	11.358	0.068
32.19	-7.615	31.766	0.065
32.2	-7.611	46.380	0.003
32.21	-7.607	50.839	0.205
32.22	-7.604	51.123	0.174
32.23	-7.602	51.139	0.152
32.24	-7.601	51.139	0.178
32.25	-7.602	51.138	0.121
32.26	-7.604	51.125	0.262
32.27	-7.609	50.491	0.209
32.28	-7.616	45.389	0.005
32.29	-7.626	32.522	0.183
32.3	-7.639	16.242	0.225
32.31	-7.652	2.361	-0.073
32.32	-7.665	-7.972	-0.111
32.33	-7.675	-15.767	-0.046
32.34	-7.684	-22.342	0.013
32.35	-7.694	-27.895	0.009
32.36	-7.705	-32.277	-0.072
32.37	-7.713	-36.441	0.004
32.38	-7.719	-41.631	-0.053
32.39	-7.725	-47.094	-0.109
32.4	-7.732	-50.330	-0.017
32.41	-7.743	-51.105	-0.029
32.42	-7.756	-51.139	-0.160
32.43	-7.769	-51.141	-0.220
32.44	-7.781	-51.141	-0.066
32.45	-7.791	-51.136	-0.010
32.46	-7.799	-50.933	-0.005
32.47	-7.806	-49.009	-0.018
32.48	-7.815	-43.591	-0.093
32.49	-7.824	-35.938	-0.047
32.5	-7.834	-28.872	-0.098
32.51	-7.844	-23.720	-0.062
32.52	-7.853	-20.436	-0.108
32.53	-7.863	-18.683	-0.161
32.54	-7.873	-18.270	0.009
32.55	-7.885	-18.886	-0.044
32.56	-7.896	-20.248	-0.025
32.57	-7.905	-22.247	-0.070
32.58	-7.911	-24.633	-0.069
32.59	-7.913	-26.897	-0.057
32.6	-7.914	-28.786	-0.092
32.61	-7.914	-30.273	0.052
32.62	-7.912	-31.344	-0.003
32.63	-7.908	-31.973	-0.108
32.64	-7.904	-31.997	0.046
32.65	-7.899	-31.534	0.077
32.66	-7.894	-30.838	-0.086
32.67	-7.890	-30.011	-0.062
32.68	-7.888	-29.128	-0.060
32.69	-7.887	-28.284	-0.193
32.7	-7.889	-27.383	-0.091
32.71	-7.894	-26.161	-0.051
32.72	-7.902	-24.909	-0.083
32.73	-7.916	-23.948	-0.071
32.74	-7.935	-23.209	-0.084
32.75	-7.956	-22.631	-0.179
32.76	-7.979	-22.228	-0.058
32.77	-8.004	-22.136	0.532
32.78	-8.031	-22.413	1.102
32.79	-8.058	-22.602	0.721
32.8	-8.083	-22.475	0.120
32.81	-8.108	-22.405	0.071
32.82	-8.132	-22.392	-0.005
32.83	-8.155	-22.347	-0.030
32.84	-8.178	-22.359	-0.055
32.85	-8.201	-22.208	-0.132
32.86	-8.224	-21.670	-0.119
32.87	-8.246	-20.931	-0.133
32.88	-8.268	-20.023	-0.045
32.89	-8.291	-18.544	-0.056
32.9	-8.314	-15.517	-0.143
32.91	-8.338	-8.883	0.032
32.92	-8.362	3.713	-0.097
32.93	-8.387	22.811	-0.119
32.94	-8.414	41.195	0.018
32.95	-8.442	49.820	-0.087
32.96	-8.468	51.116	0.128
32.97	-8.492	51.136	0.091
32.98	-8.514	51.139	0.049
32.99	-8.536	51.139	0.237
33.0	-8.556	51.136	0.199
33.01	-8.576	51.075	0.179
33.02	-8.594	49.456	0.139
33.03	-8.611	41.791	0.062
33.04	-8.626	27.314	0.024
33.05	-8.641	11.861	-0.042
33.06	-8.657	-0.756	-0.127
33.07	-8.676	-10.475	-0.106
33.08	-8.697	-17.625	-0.143
33.09	-8.723	-22.709	-0.150
33.1	-8.752	-26.313	-0.074
33.11	-8.783	-28.931	-0.093
33.12	-8.813	-31.538	-0.109
33.13	-8.839	-35.817	-0.115
33.14	-8.864	-42.292	-0.101
33.15	-8.887	-48.181	-0.154
33.16	-8.909	-50.767	-0.130
33.17	-8.931	-51.134	-0.065
33.18	-8.953	-51.139	-0.119
33.19	-8.979	-51.141	-0.092
33.2	-9.006	-51.134	-0.143
33.21	-9.032	-50.997	-0.093
33.22	-9.059	-49.403	-0.082
33.23	-9.089	-44.495	-0.092
33.24	-9.127	-37.366	-0.066
33.25	-9.166	-30.509	-0.204
33.26	-9.202	-24.683	-0.102
33.27	-9.236	-20.177	0.029
33.28	-9.272	-17.555	-0.068
33.29	-9.308	-17.058	-0.161
33.3	-9.337	-18.167	-0.146
33.31	-9.361	-19.867	-0.099
33.32	-9.391	-21.116	-0.066
33.33	-9.422	-21.816	-0.106
33.34	-9.450	-22.925	-0.015
33.35	-9.478	-24.891	0.058
33.36	-9.504	-27.277	-0.099
33.37	-9.529	-29.341	-0.070
33.38	-9.557	-30.595	-0.027
33.39	-9.584	-31.016	-0.052
33.4	-9.609	-30.556	-0.059
33.41	-9.636	-29.405	-0.201
33.42	-9.661	-27.577	-0.109
33.43	-9.677	-25.514	-0.075
33.44	-9.695	-23.964	-0.135
33.45	-9.720	-22.905	-0.111
33.46	-9.744	-22.139	-0.180
33.47	-9.770	-21.041	-0.125
33.48	-9.796	-19.231	-0.108
33.49	-9.819	-17.834	0.297
33.5	-9.838	-17.422	0.850
33.51	-9.858	-17.127	0.523
33.52	-9.884	-17.353	0.087
33.53	-9.911	-18.575	0.041
33.54	-9.940	-20.489	-0.090
33.55	-9.971	-22.755	-0.113
33.56	-9.996	-24.213	-0.086
33.57	-10.013	-24.548	-0.072
33.58	-10.028	-24.358	-0.078
33.59	-10.042	-23.867	-0.088
33.6	-10.054	-23.123	0.013
33.61	-10.058	-22.066	-0.081
33.62	-10.054	-20.320	-0.028
33.63	-10.054	-17.166	-0.037
33.64	-10.061	-10.663	0.060
33.65	-10.072	2.350	0.076
33.66	-10.083	22.628	-0.009
33.67	-10.093	41.606	0.164
33.68	-10.101	49.978	0.195
33.69	-10.108	51.117	0.134
33.7	-10.115	51.136	0.113
33.71	-10.118	51.139	0.247
33.72	-10.113	51.136	0.252
33.73	-10.103	51.109	0.236
33.74	-10.084	50.016	0.275
33.75	-10.052	43.511	0.292
33.76	-10.005	29.400	0.214
33.77	-9.947	12.594	0.130
33.78	-9.889	-1.886	-0.015
33.79	-9.842	-12.577	0.020
33.8	-9.809	-20.056	0.180
33.81	-9.791	-25.964	0.089
33.82	-9.784	-30.823	0.077
33.83	-9.780	-34.188	0.050
33.84	-9.776	-36.834	0.022
33.85	-9.769	-40.053	0.141
33.86	-9.755	-43.947	0.124
33.87	-9.731	-47.917	0.116
33.88	-9.700	-50.456	0.220
33.89	-9.668	-50.775	0.254
33.9	-9.638	-48.228	0.231
33.91	-9.609	-40.913	0.223
33.92	-9.586	-29.933	0.228
33.93	-9.569	-18.616	0.314
33.94	-9.556	-8.625	0.296
33.95	-9.546	-0.378	0.264
33.96	-9.537	8.189	0.209
33.97	-9.531	21.538	0.329
33.98	-9.524	38.138	0.310
33.99	-9.516	48.631	0.271
34.0	-9.503	51.027	0.449
34.01	-9.488	50.888	0.411
34.02	-9.472	48.008	0.453
34.03	-9.459	39.266	0.325
34.04	-9.447	26.466	0.499
34.05	-9.438	13.388	0.464
34.06	-9.431	1.308	0.327
34.07	-9.423	-8.775	0.514
34.08	-9.414	-15.202	0.541
34.09	-9.403	-21.645	0.543
34.1	-9.390	-33.814	0.416
34.11	-9.376	-45.839	0.389
34.12	-9.362	-50.598	0.373
34.13	-9.348	-51.131	0.358
34.14	-9.334	-51.141	0.505
34.15	-9.319	-51.141	0.486
34.16	-9.306	-51.141	0.398
34.17	-9.296	-51.141	0.464
34.18	-9.290	-51.141	0.390
34.19	-9.282	-51.141	0.370
34.2	-9.269	-51.141	0.623
34.21	-9.252	-51.136	1.051
34.22	-9.238	-50.920	1.274
34.23	-9.226	-48.311	0.736
34.24	-9.213	-40.672	0.464
34.25	-9.199	-32.538	0.560
34.26	-9.184	-30.645	0.349
34.27	-9.169	-32.472	0.350
34.28	-9.149	-30.898	0.375
34.29	-9.123	-24.980	0.323
34.3	-9.092	-19.886	0.385
34.31	-9.060	-18.038	0.445
34.32	-9.029	-16.295	0.405
34.33	-9.001	-11.959	0.353
34.34	-8.976	-4.973	0.419
34.35	-8.955	4.817	0.402
34.36	-8.936	17.589	0.416
34.37	-8.919	32.761	0.447
34.38	-8.905	45.367	0.408
34.39	-8.896	50.513	0.473
34.4	-8.890	51.123	0.389
34.41	-8.888	51.139	0.444
34.42	-8.889	51.139	0.427
34.43	-8.893	51.139	0.426
34.44	-8.896	51.138	0.663
34.45	-8.899	51.105	0.587
34.46	-8.904	50.116	0.521
34.47	-8.907	45.105	0.461
34.48	-8.907	34.900	0.344
34.49	-8.904	21.663	0.365
34.5	-8.896	8.066	0.306
34.51	-8.885	-3.645	0.178
34.52	-8.874	-12.445	0.357
34.53	-8.866	-16.863	0.306
34.54	-8.860	-17.464	0.248
34.55	-8.854	-17.816	0.340
34.56	-8.848	-19.553	0.271
34.57	-8.845	-23.781	0.227
34.58	-8.846	-30.736	0.249
34.59	-8.850	-34.256	0.318
34.6	-8.853	-23.852	0.326
34.61	-8.855	4.761	0.299
34.62	-8.854	35.364	0.265
34.63	-8.850	49.228	0.275
34.64	-8.844	51.102	0.194
34.65	-8.839	51.134	0.302
34.66	-8.840	51.139	0.274
34.67	-8.846	51.139	0.158
34.68	-8.854	51.139	0.306
34.69	-8.862	51.139	0.223
34.7	-8.868	51.139	0.213
34.71	-8.874	51.139	0.169
34.72	-8.883	51.139	0.277
34.73	-8.894	51.139	0.341
34.74	-8.904	51.139	0.199
34.75	-8.916	51.139	0.217
34.76	-8.931	51.098	0.298
34.77	-8.946	50.538	0.387
34.78	-8.959	39.383	0.238
34.79	-8.974	2.889	0.305
34.8	-8.991	-36.178	0.347
34.81	-9.009	-50.220	0.181
34.82	-9.026	-51.086	0.260
34.83	-9.041	-51.141	0.282
34.84	-9.055	-51.141	0.114
34.85	-9.068	-51.141	0.237
34.86	-9.082	-51.141	0.412
34.87	-9.099	-51.141	0.224
34.88	-9.117	-51.141	0.187
34.89	-9.136	-51.141	0.222
34.9	-9.154	-51.141	0.197
34.91	-9.165	-51.141	0.381
34.92	-9.170	-51.141	0.797
34.93	-9.173	-51.141	1.134
34.94	-9.172	-51.141	0.647
34.95	-9.167	-51.128	0.329
34.96	-9.158	-50.752	0.462
34.97	-9.149	-47.595	0.264
34.98	-9.143	-41.469	0.253
34.99	-9.138	-38.186	0.344
35.0	-9.129	-32.392	0.273
35.01	-9.117	-6.844	0.323
35.02	-9.104	28.616	0.360
35.03	-9.092	47.623	0.387
35.04	-9.086	50.923	0.489
35.05	-9.086	51.059	0.417
35.06	-9.095	51.127	0.383
35.07	-9.107	51.138	0.365
35.08	-9.117	51.134	0.423
35.09	-9.124	50.867	0.502
35.1	-9.125	49.863	0.462
35.11	-9.123	49.108	0.440
35.12	-9.120	49.441	0.460
35.13	-9.116	48.863	0.384
35.14	-9.111	44.330	0.411
35.15	-9.104	33.278	0.459
35.16	-9.094	14.992	0.348
35.17	-9.078	-6.745	0.367
35.18	-9.051	-26.192	0.368
35.19	-9.018	-40.663	0.149
35.2	-8.979	-48.694	0.094
35.21	-8.941	-50.969	0.083
35.22	-8.903	-51.136	0.047
35.23	-8.873	-51.141	0.136
35.24	-8.854	-51.133	0.077
35.25	-8.844	-51.083	-0.052
35.26	-8.830	-51.039	-0.076
35.27	-8.811	-51.078	-0.023
35.28	-8.790	-51.125	-0.039
35.29	-8.769	-51.136	-0.131
35.3	-8.751	-51.141	-0.081
35.31	-8.738	-51.141	-0.097
35.32	-8.728	-51.141	-0.149
35.33	-8.721	-51.141	-0.143
35.34	-8.716	-51.139	-0.149
35.35	-8.713	-51.105	-0.085
35.36	-8.710	-50.267	-0.163
35.37	-8.705	-46.767	-0.303
35.38	-8.698	-40.848	-0.216
35.39	-8.692	-33.773	-0.170
35.4	-8.690	-25.227	-0.230
35.41	-8.691	-14.842	-0.237
35.42	-8.689	-1.908	-0.301
35.43	-8.684	10.639	-0.327
35.44	-8.680	21.042	-0.270
35.45	-8.679	33.363	-0.329
35.46	-8.682	45.095	-0.304
35.47	-8.684	50.367	-0.315
35.48	-8.686	51.128	-0.419
35.49	-8.687	51.138	-0.320
35.5	-8.688	51.139	-0.350
35.51	-8.689	51.139	-0.295
35.52	-8.691	51.139	-0.337
35.53	-8.692	51.139	-0.498
35.54	-8.691	51.139	-0.405
35.55	-8.686	51.139	-0.421
35.56	-8.679	51.139	-0.454
35.57	-8.669	51.139	-0.482
35.58	-8.657	51.139	-0.617
35.59	-8.644	51.138	-0.561
35.6	-8.628	51.091	-0.479
35.61	-8.608	50.147	-0.530
35.62	-8.585	46.206	-0.242
35.63	-8.563	38.891	0.045
35.64	-8.545	30.373	-0.026
35.65	-8.529	21.933	-0.312
35.66	-8.514	13.492	-0.538
35.67	-8.502	5.431	-0.615
35.68	-8.495	-1.898	-0.606
35.69	-8.488	-8.753	-0.571
35.7	-8.475	-14.766	-0.632
35.71	-8.456	-19.048	-0.561
35.72	-8.435	-20.911	-0.579
35.73	-8.417	-20.084	-0.677
35.74	-8.404	-17.083	-0.723
35.75	-8.397	-12.050	-0.618
35.76	-8.392	-4.731	-0.575
35.77	-8.387	4.448	-0.682
35.78	-8.383	16.486	-0.572
35.79	-8.379	31.886	-0.590
35.8	-8.376	44.939	-0.623
35.81	-8.373	50.395	-0.623
35.82	-8.371	51.123	-0.653
35.83	-8.367	51.138	-0.583
35.84	-8.364	51.139	-0.530
35.85	-8.361	51.139	-0.622
35.86	-8.357	51.139	-0.707
35.87	-8.354	51.136	-0.536
35.88	-8.351	51.072	-0.604
35.89	-8.349	49.611	-0.594
35.9	-8.346	43.261	-0.565
35.91	-8.343	31.428	-0.825
35.92	-8.340	17.948	-0.715
35.93	-8.338	6.177	-0.739
35.94	-8.336	-3.364	-0.757
35.95	-8.336	-12.441	-0.603
35.96	-8.336	-21.834	-0.771
35.97	-8.334	-30.773	-0.807
35.98	-8.332	-39.058	-0.655
35.99	-8.328	-46.091	-0.731
36.0	-8.323	-50.067	-0.753
36.01	-8.318	-51.086	-0.756
36.02	-8.312	-51.138	-0.755
36.03	-8.307	-51.141	-0.716
36.04	-8.301	-51.141	-0.678
36.05	-8.294	-51.136	-0.808
36.06	-8.287	-50.936	-0.695
36.07	-8.279	-49.239	-0.536
36.08	-8.271	-44.733	-0.638
36.09	-8.262	-38.745	-0.710
36.1	-8.252	-33.645	-0.766
36.11	-8.241	-30.448	-0.632
36.12	-8.230	-29.256	-0.643
36.13	-8.218	-29.580	-0.743
36.14	-8.207	-30.688	-0.656
36.15	-8.199	-32.038	-0.677
36.16	-8.192	-33.225	-0.750
36.17	-8.185	-34.170	-0.635
36.18	-8.178	-34.931	-0.712
36.19	-8.169	-35.406	-0.681
36.2	-8.162	-35.689	-0.472
36.21	-8.158	-36.205	-0.541
36.22	-8.154	-37.211	-0.653
36.23	-8.152	-37.978	-0.684
36.24	-8.153	-37.555	-0.619
36.25	-8.153	-36.070	-0.597
36.26	-8.153	-34.311	-0.839
36.27	-8.154	-32.666	-0.694
36.28	-8.156	-31.034	-0.468
36.29	-8.156	-29.439	-0.698
36.3	-8.158	-28.036	-0.698
36.31	-8.159	-26.728	-0.596
36.32	-8.158	-25.294	-0.553
36.33	-8.154	-23.958	-0.332
36.34	-8.150	-23.263	-0.073
36.35	-8.147	-23.350	0.117
36.36	-8.143	-23.900	-0.281
36.37	-8.138	-24.536	-0.548
36.38	-8.133	-25.067	-0.488
36.39	-8.129	-25.116	-0.763
36.4	-8.125	-24.259	-0.514
36.41	-8.117	-22.855	-0.494
36.42	-8.104	-21.763	-0.729
36.43	-8.084	-21.566	-0.583
36.44	-8.061	-22.042	-0.579
