Interval=	0.01 s
ExcelDateTime=	3.9769421720458435e+004	17/11/2008 10:07:16.647609
TimeFormat=	StartOfBlock
ChannelTitle=	Channel 1	Channel 2	Channel 3
Range=	20.000 mV	50.000 mV	2.000 mV
0.0	-5.442	-30.123	-0.033
0.01	-5.424	-30.045	-0.011
0.02	-5.407	-29.958	0.012
0.03	-5.393	-29.838	0.065
0.04	-5.380	-29.742	0.005
0.05	-5.368	-29.634	-0.041
0.06	-5.356	-29.350	-0.057
0.07	-5.344	-28.863	-0.109
0.08	-5.333	-28.231	-0.061
0.09	-5.319	-27.402	-0.059
0.1	-5.306	-26.452	-0.113
0.11	-5.291	-25.609	-0.075
0.12	-5.278	-24.877	-0.076
0.13	-5.267	-24.234	-0.106
0.14	-5.258	-23.789	-0.096
0.15	-5.250	-23.559	-0.165
0.16	-5.242	-23.489	0.061
0.17	-5.235	-23.550	0.685
0.18	-5.229	-23.730	1.015
0.19	-5.224	-23.975	0.518
0.2	-5.220	-24.248	0.055
0.21	-5.216	-24.584	0.039
0.22	-5.211	-24.992	-0.039
0.23	-5.205	-25.370	-0.097
0.24	-5.199	-25.602	-0.094
0.25	-5.192	-25.641	-0.083
0.26	-5.186	-25.370	-0.113
0.27	-5.178	-24.698	-0.087
0.28	-5.168	-23.675	-0.057
0.29	-5.157	-22.327	-0.078
0.3	-5.147	-20.158	-0.024
0.31	-5.137	-15.909	-0.026
0.32	-5.128	-7.897	-0.045
0.33	-5.119	5.427	0.008
0.34	-5.109	23.895	0.022
0.35	-5.100	41.198	0.030
0.36	-5.093	49.631	0.054
0.37	-5.088	51.097	0.119
0.38	-5.083	51.134	0.140
0.39	-5.079	51.139	0.130
0.4	-5.076	51.139	0.183
0.41	-5.073	51.139	0.182
0.42	-5.072	51.131	0.158
0.43	-5.072	50.881	0.105
0.44	-5.073	48.439	-0.013
0.45	-5.074	41.548	-0.033
0.46	-5.074	32.150	-0.082
0.47	-5.076	23.616	-0.126
0.48	-5.078	16.691	-0.087
0.49	-5.080	11.011	-0.110
0.5	-5.083	6.078	-0.129
0.51	-5.086	1.206	-0.125
0.52	-5.089	-4.467	-0.108
0.53	-5.092	-11.742	-0.135
0.54	-5.094	-21.028	-0.133
0.55	-5.098	-31.925	-0.083
0.56	-5.102	-42.370	-0.117
0.57	-5.106	-48.936	-0.090
0.58	-5.110	-50.958	-0.084
0.59	-5.115	-51.131	-0.115
0.6	-5.120	-50.884	-0.105
0.61	-5.125	-48.897	-0.091
0.62	-5.131	-43.663	-0.073
0.63	-5.138	-36.413	-0.100
0.64	-5.145	-29.477	-0.091
0.65	-5.152	-23.988	-0.051
0.66	-5.160	-20.363	-0.092
0.67	-5.168	-18.564	-0.107
0.68	-5.176	-18.270	-0.079
0.69	-5.184	-19.113	-0.072
0.7	-5.193	-20.695	-0.076
0.71	-5.202	-22.625	-0.091
0.72	-5.212	-24.616	-0.065
0.73	-5.223	-26.577	-0.064
0.74	-5.236	-28.377	-0.056
0.75	-5.251	-29.763	-0.070
0.76	-5.268	-30.730	-0.104
0.77	-5.287	-31.381	-0.079
0.78	-5.307	-31.742	-0.039
0.79	-5.328	-31.836	-0.050
0.8	-5.349	-31.697	-0.058
0.81	-5.371	-31.427	-0.010
0.82	-5.394	-31.133	0.008
0.83	-5.418	-30.838	0.034
0.84	-5.443	-30.506	0.005
0.85	-5.468	-30.138	0.016
0.86	-5.492	-29.753	0.008
0.87	-5.518	-29.342	-0.069
0.88	-5.542	-28.788	-0.041
0.89	-5.566	-28.002	-0.059
0.9	-5.590	-26.994	-0.088
0.91	-5.614	-25.833	-0.064
0.92	-5.639	-24.663	-0.084
0.93	-5.664	-23.558	-0.095
0.94	-5.688	-22.605	-0.088
0.95	-5.714	-21.963	-0.128
0.96	-5.739	-21.659	-0.124
0.97	-5.764	-21.673	0.156
0.98	-5.789	-22.009	0.847
0.99	-5.814	-22.502	1.189
1.0	-5.843	-22.928	0.523
1.01	-5.871	-23.270	0.025
1.02	-5.899	-23.589	0.049
1.03	-5.927	-23.884	-0.066
1.04	-5.954	-24.155	-0.103
1.05	-5.982	-24.384	-0.100
1.06	-6.012	-24.452	-0.101
1.07	-6.040	-24.081	-0.090
1.08	-6.064	-23.155	-0.090
1.09	-6.086	-21.794	-0.074
1.1	-6.107	-19.755	-0.085
1.11	-6.128	-15.905	-0.067
1.12	-6.149	-8.281	-0.049
1.13	-6.171	5.100	-0.052
1.14	-6.193	24.130	0.001
1.15	-6.216	41.711	0.021
1.16	-6.241	49.858	0.024
1.17	-6.266	51.116	0.022
1.18	-6.293	51.136	0.100
1.19	-6.321	51.139	0.149
1.2	-6.349	51.139	0.126
1.21	-6.376	51.139	0.168
1.22	-6.404	51.139	0.171
1.23	-6.431	51.136	0.141
1.24	-6.458	51.081	0.069
1.25	-6.484	49.944	-0.006
1.26	-6.513	45.422	-0.048
1.27	-6.541	37.748	-0.083
1.28	-6.567	29.850	-0.116
1.29	-6.593	23.089	-0.148
1.3	-6.616	17.283	-0.129
1.31	-6.638	12.025	-0.129
1.32	-6.662	6.731	-0.145
1.33	-6.687	0.647	-0.130
1.34	-6.711	-6.859	-0.115
1.35	-6.733	-16.147	-0.106
1.36	-6.754	-27.103	-0.101
1.37	-6.774	-38.397	-0.114
1.38	-6.794	-46.919	-0.126
1.39	-6.813	-50.548	-0.107
1.4	-6.833	-51.122	-0.128
1.41	-6.851	-51.077	-0.099
1.42	-6.868	-49.997	-0.082
1.43	-6.886	-45.959	-0.131
1.44	-6.906	-39.153	-0.076
1.45	-6.925	-32.053	-0.076
1.46	-6.942	-26.316	-0.116
1.47	-6.960	-22.414	-0.076
1.48	-6.979	-20.336	-0.103
1.49	-6.998	-19.759	-0.108
1.5	-7.014	-20.358	-0.074
1.51	-7.030	-21.775	-0.074
1.52	-7.046	-23.538	-0.082
1.53	-7.064	-25.319	-0.084
1.54	-7.081	-26.933	-0.078
1.55	-7.098	-28.291	-0.109
1.56	-7.116	-29.463	-0.078
1.57	-7.134	-30.438	-0.060
1.58	-7.152	-31.144	-0.085
1.59	-7.171	-31.598	-0.057
1.6	-7.190	-31.831	-0.027
1.61	-7.208	-31.908	-0.005
1.62	-7.225	-31.817	0.025
1.63	-7.242	-31.538	0.017
1.64	-7.259	-31.198	0.035
1.65	-7.276	-30.917	-0.003
1.66	-7.291	-30.567	-0.058
1.67	-7.305	-29.938	-0.086
1.68	-7.317	-28.998	-0.096
1.69	-7.326	-27.897	-0.067
1.7	-7.335	-26.736	-0.093
1.71	-7.343	-25.575	-0.093
1.72	-7.350	-24.523	-0.101
1.73	-7.359	-23.680	-0.110
1.74	-7.368	-23.161	-0.089
1.75	-7.378	-23.031	-0.153
1.76	-7.384	-23.184	-0.036
1.77	-7.390	-23.444	0.455
1.78	-7.398	-23.725	0.970
1.79	-7.410	-24.084	0.707
1.8	-7.424	-24.653	0.129
1.81	-7.436	-25.417	0.042
1.82	-7.444	-26.202	-0.023
1.83	-7.447	-26.917	-0.065
1.84	-7.447	-27.464	-0.070
1.85	-7.442	-27.642	-0.105
1.86	-7.431	-27.350	-0.102
1.87	-7.411	-26.539	-0.072
1.88	-7.385	-25.317	-0.045
1.89	-7.354	-23.970	-0.081
1.9	-7.320	-22.270	-0.037
1.91	-7.283	-19.117	-0.015
1.92	-7.246	-12.736	-0.038
1.93	-7.208	-1.027	0.018
1.94	-7.169	17.031	0.028
1.95	-7.131	36.559	0.014
1.96	-7.093	48.188	0.065
1.97	-7.056	51.005	0.109
1.98	-7.023	51.133	0.126
1.99	-6.992	51.139	0.150
2.0	-6.963	51.139	0.202
2.01	-6.936	51.139	0.210
2.02	-6.911	51.136	0.175
2.03	-6.886	51.066	0.128
2.04	-6.862	49.597	0.035
2.05	-6.840	43.684	-0.028
2.06	-6.820	33.703	-0.065
2.07	-6.801	23.798	-0.110
2.08	-6.780	15.870	-0.120
2.09	-6.759	9.509	-0.135
2.1	-6.739	4.086	-0.124
2.11	-6.718	-1.019	-0.129
2.12	-6.697	-6.541	-0.122
2.13	-6.678	-13.430	-0.109
2.14	-6.658	-22.336	-0.128
2.15	-6.641	-32.991	-0.115
2.16	-6.623	-43.202	-0.121
2.17	-6.604	-49.339	-0.116
2.18	-6.586	-51.030	-0.099
2.19	-6.568	-51.133	-0.119
2.2	-6.550	-51.089	-0.102
2.21	-6.532	-50.108	-0.104
2.22	-6.514	-46.266	-0.085
2.23	-6.499	-39.602	-0.077
2.24	-6.484	-32.520	-0.099
2.25	-6.470	-26.717	-0.082
2.26	-6.458	-22.742	-0.104
2.27	-6.448	-20.639	-0.112
2.28	-6.439	-20.181	-0.094
2.29	-6.431	-20.978	-0.051
2.3	-6.423	-22.573	-0.062
2.31	-6.414	-24.603	-0.103
2.32	-6.406	-26.742	-0.087
2.33	-6.399	-28.769	-0.090
2.34	-6.393	-30.584	-0.090
2.35	-6.386	-32.025	-0.083
2.36	-6.380	-33.030	-0.073
2.37	-6.375	-33.728	-0.060
2.38	-6.371	-34.175	-0.047
2.39	-6.367	-34.383	-0.065
2.4	-6.364	-34.388	-0.042
2.41	-6.360	-34.219	0.014
2.42	-6.356	-33.942	0.010
2.43	-6.354	-33.587	0.026
2.44	-6.352	-33.161	0.032
2.45	-6.350	-32.747	-0.018
2.46	-6.349	-32.330	-0.018
2.47	-6.349	-31.744	-0.054
2.48	-6.350	-30.936	-0.090
2.49	-6.350	-29.950	-0.079
2.5	-6.351	-28.859	-0.084
2.51	-6.351	-27.734	-0.107
2.52	-6.352	-26.658	-0.061
2.53	-6.353	-25.797	-0.095
2.54	-6.354	-25.217	-0.090
2.55	-6.355	-24.869	-0.124
2.56	-6.357	-24.769	-0.148
2.57	-6.358	-24.906	0.280
2.58	-6.361	-25.192	0.985
2.59	-6.364	-25.456	1.040
2.6	-6.369	-25.684	0.328
2.61	-6.375	-25.977	0.049
2.62	-6.380	-26.316	0.012
2.63	-6.385	-26.656	-0.105
2.64	-6.389	-26.956	-0.100
2.65	-6.394	-27.159	-0.097
2.66	-6.398	-27.063	-0.097
2.67	-6.401	-26.419	-0.097
2.68	-6.402	-25.288	-0.075
2.69	-6.403	-23.709	-0.072
2.7	-6.404	-21.061	-0.060
2.71	-6.405	-15.947	-0.083
2.72	-6.405	-6.409	-0.049
2.73	-6.404	9.406	0.001
2.74	-6.402	29.633	-0.013
2.75	-6.402	45.130	0.003
2.76	-6.403	50.591	0.067
2.77	-6.406	51.120	0.088
2.78	-6.409	51.139	0.048
2.79	-6.413	51.139	0.101
2.8	-6.418	51.139	0.175
2.81	-6.423	51.139	0.174
2.82	-6.428	51.139	0.158
2.83	-6.434	51.134	0.136
2.84	-6.441	51.052	0.064
2.85	-6.448	49.553	-0.023
2.86	-6.455	44.163	-0.067
2.87	-6.461	35.672	-0.114
2.88	-6.468	27.313	-0.096
2.89	-6.473	20.097	-0.106
2.9	-6.479	13.663	-0.139
2.91	-6.484	7.631	-0.131
2.92	-6.491	1.425	-0.152
2.93	-6.498	-5.563	-0.120
2.94	-6.505	-13.933	-0.115
2.95	-6.512	-24.055	-0.134
2.96	-6.519	-35.403	-0.107
2.97	-6.527	-45.177	-0.099
2.98	-6.534	-50.089	-0.095
2.99	-6.543	-51.102	-0.115
3.0	-6.549	-51.138	-0.093
3.01	-6.557	-51.123	-0.113
3.02	-6.564	-50.608	-0.083
3.03	-6.573	-47.688	-0.088
3.04	-6.582	-41.473	-0.106
3.05	-6.593	-34.275	-0.083
3.06	-6.604	-28.417	-0.061
3.07	-6.617	-24.539	-0.064
3.08	-6.631	-22.575	-0.103
3.09	-6.646	-22.128	-0.070
3.1	-6.663	-22.823	-0.080
3.11	-6.680	-24.278	-0.080
3.12	-6.697	-26.089	-0.076
3.13	-6.714	-27.994	-0.087
3.14	-6.731	-29.798	-0.079
3.15	-6.749	-31.322	-0.080
3.16	-6.767	-32.494	-0.062
3.17	-6.786	-33.402	-0.081
3.18	-6.806	-34.044	-0.065
3.19	-6.828	-34.350	-0.052
3.2	-6.849	-34.433	-0.058
3.21	-6.870	-34.455	-0.022
3.22	-6.891	-34.370	0.014
3.23	-6.913	-34.094	0.015
3.24	-6.935	-33.712	-0.013
3.25	-6.958	-33.278	0.031
3.26	-6.982	-32.789	0.005
3.27	-7.006	-32.306	-0.072
3.28	-7.030	-31.788	-0.059
3.29	-7.054	-31.097	-0.061
3.3	-7.078	-30.197	-0.091
3.31	-7.101	-29.092	-0.084
3.32	-7.124	-27.830	-0.098
3.33	-7.148	-26.566	-0.103
3.34	-7.172	-25.472	-0.114
3.35	-7.196	-24.714	-0.113
3.36	-7.221	-24.419	-0.111
3.37	-7.244	-24.544	-0.007
3.38	-7.267	-24.891	0.547
3.39	-7.289	-25.269	1.177
3.4	-7.314	-25.664	0.839
3.41	-7.339	-26.080	0.142
3.42	-7.364	-26.416	0.007
3.43	-7.388	-26.670	-0.054
3.44	-7.412	-26.947	-0.079
3.45	-7.436	-27.163	-0.108
3.46	-7.459	-27.092	-0.092
3.47	-7.482	-26.581	-0.106
3.48	-7.503	-25.606	-0.097
3.49	-7.523	-24.278	-0.079
3.5	-7.541	-22.527	-0.087
3.51	-7.559	-19.600	-0.052
3.52	-7.576	-13.825	-0.055
3.53	-7.593	-2.927	-0.036
3.54	-7.611	14.734	-0.024
3.55	-7.629	34.950	-0.020
3.56	-7.646	47.681	0.031
3.57	-7.664	50.970	0.048
3.58	-7.683	51.130	0.093
3.59	-7.704	51.139	0.111
3.6	-7.727	51.139	0.110
3.61	-7.749	51.139	0.186
3.62	-7.773	51.139	0.159
3.63	-7.796	51.139	0.149
3.64	-7.820	51.131	0.129
3.65	-7.844	50.934	0.015
3.66	-7.869	48.738	-0.031
3.67	-7.894	42.127	-0.085
3.68	-7.918	32.708	-0.119
3.69	-7.941	23.802	-0.131
3.7	-7.963	16.172	-0.161
3.71	-7.986	9.453	-0.130
3.72	-8.010	3.102	-0.128
3.73	-8.035	-3.622	-0.120
3.74	-8.058	-11.517	-0.113
3.75	-8.079	-21.164	-0.119
3.76	-8.101	-32.422	-0.118
3.77	-8.121	-43.081	-0.141
3.78	-8.142	-49.372	-0.122
3.79	-8.161	-51.044	-0.113
3.8	-8.180	-51.136	-0.122
3.81	-8.198	-51.136	-0.113
3.82	-8.216	-50.919	-0.091
3.83	-8.233	-48.927	-0.077
3.84	-8.252	-43.386	-0.105
3.85	-8.270	-35.761	-0.112
3.86	-8.287	-28.905	-0.085
3.87	-8.306	-23.948	-0.105
3.88	-8.325	-21.061	-0.109
3.89	-8.342	-19.978	-0.091
3.9	-8.359	-20.242	-0.089
3.91	-8.376	-21.458	-0.104
3.92	-8.391	-23.186	-0.080
3.93	-8.408	-25.050	-0.070
3.94	-8.423	-26.920	-0.087
3.95	-8.438	-28.697	-0.090
3.96	-8.451	-30.200	-0.095
3.97	-8.466	-31.441	-0.071
3.98	-8.481	-32.452	-0.077
3.99	-8.495	-33.138	-0.064
4.0	-8.508	-33.514	-0.055
4.01	-8.521	-33.667	-0.011
4.02	-8.532	-33.623	0.031
4.03	-8.543	-33.422	-0.000
4.04	-8.554	-33.122	0.011
4.05	-8.566	-32.714	-0.007
4.06	-8.578	-32.202	-0.052
4.07	-8.589	-31.620	-0.074
4.08	-8.600	-30.883	-0.070
4.09	-8.609	-29.867	-0.084
4.1	-8.616	-28.656	-0.112
4.11	-8.623	-27.416	-0.113
4.12	-8.628	-26.242	-0.084
4.13	-8.634	-25.231	-0.118
4.14	-8.642	-24.500	-0.112
4.15	-8.651	-24.089	-0.117
4.16	-8.659	-23.972	-0.096
4.17	-8.664	-24.106	0.363
4.18	-8.669	-24.370	0.954
4.19	-8.679	-24.767	0.750
4.2	-8.689	-25.413	0.146
4.21	-8.698	-26.269	0.047
4.22	-8.704	-27.247	-0.007
4.23	-8.705	-28.147	-0.078
4.24	-8.701	-28.725	-0.079
4.25	-8.691	-28.927	-0.119
4.26	-8.672	-28.694	-0.078
4.27	-8.646	-27.977	-0.084
4.28	-8.611	-26.950	-0.101
4.29	-8.571	-25.753	-0.070
4.3	-8.527	-24.278	-0.059
4.31	-8.480	-21.869	-0.042
4.32	-8.432	-16.755	-0.026
4.33	-8.382	-6.605	-0.032
4.34	-8.331	10.298	0.017
4.35	-8.280	31.155	0.014
4.36	-8.232	46.083	0.030
4.37	-8.186	50.775	0.078
4.38	-8.144	51.122	0.117
4.39	-8.104	51.139	0.150
4.4	-8.066	51.139	0.172
4.41	-8.030	51.139	0.200
4.42	-7.995	51.138	0.166
4.43	-7.960	51.130	0.113
4.44	-7.927	50.545	0.027
4.45	-7.896	46.341	-0.025
4.46	-7.864	36.473	-0.058
4.47	-7.834	24.492	-0.118
4.48	-7.806	14.138	-0.123
4.49	-7.779	5.753	-0.115
4.5	-7.754	-1.213	-0.136
4.51	-7.731	-7.448	-0.125
4.52	-7.708	-13.866	-0.099
4.53	-7.684	-21.522	-0.134
4.54	-7.659	-31.061	-0.133
4.55	-7.635	-41.294	-0.107
4.56	-7.611	-48.461	-0.123
4.57	-7.589	-50.897	-0.109
4.58	-7.567	-51.133	-0.089
4.59	-7.546	-51.139	-0.095
4.6	-7.526	-51.122	-0.100
4.61	-7.508	-50.508	-0.091
4.62	-7.490	-47.081	-0.093
4.63	-7.474	-39.922	-0.102
4.64	-7.458	-31.809	-0.088
4.65	-7.442	-25.361	-0.087
4.66	-7.429	-21.170	-0.081
4.67	-7.417	-19.100	-0.065
4.68	-7.405	-18.758	-0.080
4.69	-7.395	-19.691	-0.078
4.7	-7.386	-21.478	-0.095
4.71	-7.376	-23.686	-0.073
4.72	-7.366	-25.998	-0.058
4.73	-7.356	-28.269	-0.106
4.74	-7.346	-30.311	-0.073
4.75	-7.336	-32.020	-0.074
4.76	-7.326	-33.356	-0.069
4.77	-7.317	-34.272	-0.061
4.78	-7.309	-34.855	-0.064
4.79	-7.302	-35.167	-0.039
4.8	-7.294	-35.214	-0.018
4.81	-7.288	-35.077	-0.001
4.82	-7.282	-34.864	0.023
4.83	-7.277	-34.577	0.018
4.84	-7.273	-34.189	0.021
4.85	-7.269	-33.733	-0.002
4.86	-7.266	-33.200	-0.060
4.87	-7.263	-32.625	-0.060
4.88	-7.259	-31.969	-0.046
4.89	-7.255	-31.066	-0.087
4.9	-7.252	-29.983	-0.098
4.91	-7.248	-28.925	-0.073
4.92	-7.244	-27.972	-0.090
4.93	-7.241	-27.145	-0.117
4.94	-7.239	-26.525	-0.108
4.95	-7.237	-26.180	-0.131
4.96	-7.237	-26.097	-0.038
4.97	-7.237	-26.230	0.460
4.98	-7.237	-26.477	1.106
4.99	-7.239	-26.698	0.858
5.0	-7.243	-26.828	0.162
5.01	-7.248	-27.013	0.041
5.02	-7.250	-27.314	-0.028
5.03	-7.252	-27.577	-0.090
5.04	-7.254	-27.752	-0.098
5.05	-7.255	-27.798	-0.117
5.06	-7.256	-27.533	-0.082
5.07	-7.255	-26.805	-0.096
5.08	-7.254	-25.581	-0.087
5.09	-7.252	-23.784	-0.063
5.1	-7.249	-20.767	-0.053
5.11	-7.246	-14.891	-0.062
5.12	-7.242	-3.864	-0.041
5.13	-7.238	14.036	-0.011
5.14	-7.235	34.591	0.008
5.15	-7.232	47.580	0.018
5.16	-7.229	50.963	0.039
5.17	-7.228	51.130	0.087
5.18	-7.228	51.139	0.138
5.19	-7.229	51.139	0.134
5.2	-7.230	51.139	0.153
5.21	-7.232	51.139	0.196
5.22	-7.235	51.139	0.198
5.23	-7.239	51.130	0.122
5.24	-7.244	50.925	0.071
5.25	-7.248	48.564	0.032
5.26	-7.252	41.403	-0.063
5.27	-7.256	31.098	-0.083
5.28	-7.260	21.241	-0.066
5.29	-7.264	12.731	-0.101
5.3	-7.267	5.234	-0.112
5.31	-7.271	-1.692	-0.085
5.32	-7.276	-8.717	-0.093
5.33	-7.281	-16.650	-0.106
5.34	-7.285	-26.100	-0.095
5.35	-7.289	-36.778	-0.095
5.36	-7.295	-45.905	-0.081
5.37	-7.300	-50.303	-0.098
5.38	-7.306	-51.114	-0.095
5.39	-7.311	-51.138	-0.065
5.4	-7.317	-51.139	-0.075
5.41	-7.324	-51.105	-0.104
5.42	-7.330	-50.264	-0.097
5.43	-7.338	-46.489	-0.082
5.44	-7.346	-39.581	-0.071
5.45	-7.357	-32.445	-0.068
5.46	-7.369	-27.095	-0.097
5.47	-7.384	-23.766	-0.086
5.48	-7.399	-22.238	-0.079
5.49	-7.415	-22.163	-0.092
5.5	-7.431	-23.227	-0.097
5.51	-7.447	-25.020	-0.069
5.52	-7.463	-27.139	-0.093
5.53	-7.480	-29.283	-0.090
5.54	-7.498	-31.178	-0.057
5.55	-7.516	-32.686	-0.105
5.56	-7.534	-33.850	-0.100
5.57	-7.551	-34.738	-0.100
5.58	-7.568	-35.350	-0.098
5.59	-7.585	-35.684	-0.070
5.6	-7.602	-35.750	-0.075
5.61	-7.619	-35.598	-0.079
5.62	-7.637	-35.255	-0.024
5.63	-7.656	-34.816	0.001
5.64	-7.675	-34.403	-0.003
5.65	-7.695	-33.948	0.016
5.66	-7.715	-33.419	-0.024
5.67	-7.736	-32.828	-0.032
5.68	-7.756	-32.169	-0.044
5.69	-7.776	-31.456	-0.097
5.7	-7.796	-30.602	-0.090
5.71	-7.814	-29.572	-0.073
5.72	-7.831	-28.452	-0.105
5.73	-7.849	-27.347	-0.110
5.74	-7.864	-26.364	-0.110
5.75	-7.879	-25.570	-0.125
5.76	-7.894	-25.070	-0.088
5.77	-7.911	-24.977	-0.133
5.78	-7.926	-25.205	-0.028
5.79	-7.941	-25.567	0.615
5.8	-7.958	-25.983	1.179
5.81	-7.978	-26.408	0.718
5.82	-7.998	-26.808	0.115
5.83	-8.016	-27.206	0.033
5.84	-8.034	-27.606	-0.058
5.85	-8.051	-27.995	-0.102
5.86	-8.071	-28.313	-0.117
5.87	-8.090	-28.300	-0.108
5.88	-8.107	-27.733	-0.083
5.89	-8.121	-26.666	-0.095
5.9	-8.133	-25.234	-0.093
5.91	-8.144	-23.342	-0.089
5.92	-8.154	-20.169	-0.094
5.93	-8.164	-13.800	-0.062
5.94	-8.174	-1.711	-0.026
5.95	-8.185	17.469	-0.031
5.96	-8.197	37.706	-0.002
5.97	-8.209	48.775	0.019
5.98	-8.224	51.052	0.046
5.99	-8.238	51.133	0.063
6.0	-8.254	51.139	0.104
6.01	-8.270	51.139	0.153
6.02	-8.287	51.139	0.167
6.03	-8.303	51.139	0.181
6.04	-8.319	51.138	0.172
6.05	-8.336	51.130	0.104
6.06	-8.354	50.588	0.025
6.07	-8.370	46.748	-0.046
6.08	-8.386	37.795	-0.100
6.09	-8.402	26.870	-0.121
6.1	-8.418	17.195	-0.146
6.11	-8.433	9.020	-0.129
6.12	-8.447	1.911	-0.111
6.13	-8.465	-4.717	-0.127
6.14	-8.482	-11.652	-0.153
6.15	-8.499	-19.655	-0.140
6.16	-8.516	-29.273	-0.099
6.17	-8.531	-39.744	-0.126
6.18	-8.546	-47.645	-0.120
6.19	-8.559	-50.738	-0.121
6.2	-8.572	-51.133	-0.130
6.21	-8.584	-51.139	-0.105
6.22	-8.594	-51.134	-0.107
6.23	-8.604	-50.848	-0.129
6.24	-8.616	-48.559	-0.104
6.25	-8.628	-42.802	-0.094
6.26	-8.639	-35.462	-0.101
6.27	-8.651	-29.170	-0.121
6.28	-8.662	-24.767	-0.108
6.29	-8.673	-22.200	-0.056
6.3	-8.685	-21.164	-0.096
6.31	-8.696	-21.408	-0.097
6.32	-8.709	-22.525	-0.077
6.33	-8.721	-24.153	-0.116
6.34	-8.733	-26.027	-0.082
6.35	-8.745	-27.839	-0.090
6.36	-8.758	-29.486	-0.111
6.37	-8.769	-30.969	-0.051
6.38	-8.779	-32.255	-0.094
6.39	-8.789	-33.330	-0.079
6.4	-8.801	-34.147	-0.060
6.41	-8.811	-34.717	-0.078
6.42	-8.821	-35.100	-0.041
6.43	-8.831	-35.222	-0.028
6.44	-8.841	-35.059	0.029
6.45	-8.851	-34.741	0.022
6.46	-8.861	-34.297	0.002
6.47	-8.869	-33.717	-0.002
6.48	-8.875	-33.061	-0.021
6.49	-8.881	-32.337	-0.057
6.5	-8.886	-31.542	-0.073
6.51	-8.888	-30.622	-0.078
6.52	-8.888	-29.464	-0.053
6.53	-8.884	-28.169	-0.091
6.54	-8.876	-26.905	-0.100
6.55	-8.866	-25.922	-0.073
6.56	-8.849	-25.438	-0.093
6.57	-8.828	-25.347	-0.080
6.58	-8.801	-25.605	-0.132
6.59	-8.769	-26.064	0.133
6.6	-8.734	-26.489	0.799
6.61	-8.702	-26.913	1.009
6.62	-8.673	-27.331	0.422
6.63	-8.644	-27.698	0.065
6.64	-8.614	-28.084	0.064
6.65	-8.581	-28.527	-0.068
6.66	-8.548	-28.911	-0.051
6.67	-8.515	-29.081	-0.041
6.68	-8.480	-28.984	-0.058
6.69	-8.444	-28.505	-0.032
6.7	-8.408	-27.561	-0.053
6.71	-8.371	-26.436	-0.055
6.72	-8.334	-25.191	-0.041
6.73	-8.300	-23.211	-0.017
6.74	-8.267	-19.198	-0.012
6.75	-8.235	-11.131	0.003
6.76	-8.204	3.173	0.031
6.77	-8.174	23.514	0.009
6.78	-8.146	41.848	0.071
6.79	-8.120	49.963	0.090
6.8	-8.094	51.120	0.092
6.81	-8.071	51.136	0.153
6.82	-8.047	51.139	0.174
6.83	-8.025	51.139	0.186
6.84	-8.004	51.139	0.167
6.85	-7.984	51.128	0.160
6.86	-7.963	50.834	0.110
6.87	-7.946	47.723	-0.005
6.88	-7.929	38.645	-0.072
6.89	-7.913	25.953	-0.084
6.9	-7.894	14.278	-0.112
6.91	-7.877	4.866	-0.147
6.92	-7.860	-2.714	-0.133
6.93	-7.845	-9.114	-0.131
6.94	-7.831	-15.211	-0.148
6.95	-7.817	-22.022	-0.137
6.96	-7.804	-30.313	-0.123
6.97	-7.791	-39.769	-0.148
6.98	-7.780	-47.427	-0.130
6.99	-7.769	-50.673	-0.092
7.0	-7.758	-51.133	-0.139
7.01	-7.748	-51.139	-0.127
7.02	-7.737	-51.134	-0.118
7.03	-7.728	-50.994	-0.113
7.04	-7.719	-49.333	-0.079
7.05	-7.711	-44.200	-0.136
7.06	-7.703	-36.753	-0.110
7.07	-7.696	-29.844	-0.089
7.08	-7.690	-24.683	-0.123
7.09	-7.685	-21.519	-0.108
7.1	-7.680	-20.208	-0.097
7.11	-7.675	-20.356	-0.099
7.12	-7.673	-21.550	-0.103
7.13	-7.671	-23.358	-0.112
7.14	-7.669	-25.425	-0.080
7.15	-7.668	-27.548	-0.083
7.16	-7.666	-29.614	-0.121
7.17	-7.665	-31.459	-0.082
7.18	-7.664	-32.998	-0.064
7.19	-7.663	-34.167	-0.078
7.2	-7.661	-34.856	-0.068
7.21	-7.661	-35.109	-0.091
7.22	-7.659	-35.069	-0.086
7.23	-7.659	-34.886	-0.061
7.24	-7.659	-34.673	-0.028
7.25	-7.658	-34.455	-0.016
7.26	-7.658	-34.236	0.012
7.27	-7.659	-33.983	0.056
7.28	-7.660	-33.673	0.038
7.29	-7.661	-33.328	0.008
7.3	-7.663	-32.877	0.002
7.31	-7.664	-32.266	-0.018
7.32	-7.665	-31.511	-0.081
7.33	-7.666	-30.550	-0.072
7.34	-7.667	-29.377	-0.072
7.35	-7.667	-28.108	-0.120
7.36	-7.667	-26.888	-0.094
7.37	-7.667	-25.845	-0.099
7.38	-7.668	-25.028	-0.116
7.39	-7.669	-24.511	-0.089
7.4	-7.669	-24.363	-0.155
7.41	-7.671	-24.552	-0.047
7.42	-7.671	-24.986	0.475
7.43	-7.672	-25.527	1.115
7.44	-7.674	-26.028	0.873
7.45	-7.677	-26.478	0.137
7.46	-7.679	-26.920	0.039
7.47	-7.683	-27.300	-0.047
7.48	-7.687	-27.559	-0.129
7.49	-7.692	-27.730	-0.108
7.5	-7.696	-27.752	-0.136
7.51	-7.699	-27.397	-0.122
7.52	-7.701	-26.569	-0.127
7.53	-7.701	-25.344	-0.093
7.54	-7.700	-23.605	-0.075
7.55	-7.700	-20.527	-0.078
7.56	-7.699	-14.309	-0.096
7.57	-7.699	-2.650	-0.060
7.58	-7.697	15.839	-0.023
7.59	-7.696	36.150	-0.037
7.6	-7.696	48.180	-0.014
7.61	-7.695	51.013	0.032
7.62	-7.696	51.133	0.062
7.63	-7.697	51.139	0.081
7.64	-7.699	51.139	0.116
7.65	-7.703	51.139	0.124
7.66	-7.709	51.139	0.138
7.67	-7.714	51.138	0.141
7.68	-7.721	51.127	0.102
7.69	-7.730	50.489	0.014
7.7	-7.741	46.386	-0.033
7.71	-7.753	37.269	-0.077
7.72	-7.767	26.358	-0.163
7.73	-7.780	16.563	-0.142
7.74	-7.793	8.150	-0.142
7.75	-7.806	0.873	-0.163
7.76	-7.819	-5.752	-0.129
7.77	-7.834	-12.380	-0.148
7.78	-7.848	-19.755	-0.150
7.79	-7.862	-28.392	-0.103
7.8	-7.878	-38.095	-0.120
7.81	-7.893	-46.400	-0.133
7.82	-7.908	-50.383	-0.121
7.83	-7.924	-51.116	-0.134
7.84	-7.940	-51.139	-0.115
7.85	-7.958	-51.139	-0.115
7.86	-7.976	-51.105	-0.121
7.87	-7.994	-50.294	-0.109
7.88	-8.012	-46.705	-0.071
7.89	-8.031	-40.047	-0.089
7.9	-8.048	-32.922	-0.114
7.91	-8.066	-27.413	-0.094
7.92	-8.082	-23.930	-0.082
7.93	-8.100	-22.266	-0.093
7.94	-8.118	-22.088	-0.105
7.95	-8.137	-22.964	-0.075
7.96	-8.156	-24.503	-0.083
7.97	-8.176	-26.333	-0.089
7.98	-8.196	-28.156	-0.088
7.99	-8.216	-29.806	-0.111
8.0	-8.234	-31.167	-0.039
8.01	-8.252	-32.303	-0.075
8.02	-8.271	-33.250	-0.116
8.03	-8.289	-33.930	-0.039
8.04	-8.307	-34.328	-0.093
8.05	-8.324	-34.539	-0.101
8.06	-8.344	-34.658	-0.060
8.07	-8.363	-34.642	-0.068
8.08	-8.384	-34.503	-0.025
8.09	-8.404	-34.323	-0.006
8.1	-8.426	-34.033	0.033
8.11	-8.447	-33.606	0.026
8.12	-8.469	-33.122	-0.002
8.13	-8.491	-32.613	-0.001
8.14	-8.511	-32.063	-0.043
8.15	-8.533	-31.467	-0.076
8.16	-8.553	-30.686	-0.083
8.17	-8.571	-29.580	-0.071
8.18	-8.589	-28.280	-0.082
8.19	-8.606	-26.978	-0.098
8.2	-8.623	-25.784	-0.112
8.21	-8.639	-24.847	-0.098
8.22	-8.656	-24.273	-0.081
8.23	-8.673	-24.106	-0.179
8.24	-8.689	-24.323	-0.069
8.25	-8.706	-24.778	0.455
8.26	-8.723	-25.263	1.040
8.27	-8.742	-25.600	0.846
8.28	-8.763	-25.809	0.166
8.29	-8.785	-26.059	0.027
8.3	-8.805	-26.408	-0.007
8.31	-8.824	-26.806	-0.104
8.32	-8.843	-27.158	-0.092
8.33	-8.860	-27.306	-0.111
8.34	-8.875	-27.127	-0.099
8.35	-8.886	-26.444	-0.095
8.36	-8.895	-25.213	-0.098
8.37	-8.904	-23.631	-0.073
8.38	-8.912	-21.438	-0.084
8.39	-8.919	-17.355	-0.057
8.4	-8.926	-9.331	-0.007
8.41	-8.933	4.897	-0.023
8.42	-8.941	25.027	-0.024
8.43	-8.951	42.683	0.004
8.44	-8.961	50.136	0.029
8.45	-8.974	51.119	0.082
8.46	-8.987	51.138	0.089
8.47	-9.001	51.139	0.118
8.48	-9.015	51.139	0.180
8.49	-9.030	51.139	0.165
8.5	-9.044	51.136	0.159
8.51	-9.058	51.075	0.124
8.52	-9.071	49.627	0.048
8.53	-9.084	43.369	-0.020
8.54	-9.096	32.267	-0.069
8.55	-9.108	20.803	-0.121
8.56	-9.120	11.414	-0.111
8.57	-9.131	3.927	-0.133
8.58	-9.142	-2.220	-0.170
8.59	-9.153	-7.663	-0.109
8.6	-9.165	-13.236	-0.132
8.61	-9.174	-19.859	-0.141
8.62	-9.183	-28.108	-0.095
8.63	-9.192	-37.789	-0.140
8.64	-9.203	-46.255	-0.123
8.65	-9.211	-50.359	-0.083
8.66	-9.217	-51.116	-0.117
8.67	-9.224	-51.138	-0.141
8.68	-9.231	-51.123	-0.105
8.69	-9.239	-50.563	-0.075
8.7	-9.246	-47.355	-0.116
8.71	-9.254	-40.566	-0.098
8.72	-9.263	-32.705	-0.077
8.73	-9.272	-26.161	-0.100
8.74	-9.281	-21.608	-0.107
8.75	-9.291	-19.111	-0.113
8.76	-9.299	-18.359	-0.092
8.77	-9.306	-18.942	-0.096
8.78	-9.311	-20.425	-0.089
8.79	-9.315	-22.384	-0.076
8.8	-9.318	-24.508	-0.084
8.81	-9.319	-26.597	-0.110
8.82	-9.319	-28.530	-0.087
8.83	-9.317	-30.163	-0.077
8.84	-9.311	-31.448	-0.077
8.85	-9.299	-32.509	-0.084
8.86	-9.281	-33.320	-0.086
8.87	-9.257	-33.795	-0.045
8.88	-9.226	-33.967	-0.047
8.89	-9.191	-33.870	-0.045
8.9	-9.154	-33.533	0.008
8.91	-9.116	-32.964	0.007
8.92	-9.079	-32.342	-0.001
8.93	-9.042	-31.816	0.020
8.94	-9.004	-31.339	-0.035
8.95	-8.965	-30.816	-0.063
8.96	-8.925	-30.081	-0.058
8.97	-8.885	-29.127	-0.110
8.98	-8.845	-28.100	-0.100
8.99	-8.805	-27.080	-0.080
9.0	-8.767	-26.081	-0.102
9.01	-8.730	-25.225	-0.095
9.02	-8.695	-24.661	-0.092
9.03	-8.662	-24.417	-0.108
9.04	-8.630	-24.450	-0.140
9.05	-8.599	-24.653	0.092
9.06	-8.568	-25.022	0.715
9.07	-8.539	-25.528	0.984
9.08	-8.514	-26.081	0.416
9.09	-8.490	-26.747	0.024
9.1	-8.466	-27.520	0.047
9.11	-8.441	-28.297	-0.069
9.12	-8.416	-28.944	-0.108
9.13	-8.392	-29.395	-0.099
9.14	-8.367	-29.572	-0.085
9.15	-8.344	-29.213	-0.077
9.16	-8.321	-28.333	-0.090
9.17	-8.296	-27.200	-0.051
9.18	-8.271	-25.806	-0.034
9.19	-8.247	-23.722	-0.062
9.2	-8.222	-19.898	-0.052
9.21	-8.197	-12.505	-0.025
9.22	-8.174	0.595	0.024
9.23	-8.152	19.959	0.024
9.24	-8.132	39.189	0.005
9.25	-8.113	49.155	0.055
9.26	-8.094	51.072	0.113
9.27	-8.077	51.133	0.147
9.28	-8.060	51.139	0.173
9.29	-8.045	51.139	0.170
9.3	-8.031	51.139	0.177
9.31	-8.018	51.130	0.153
9.32	-8.006	50.723	0.098
9.33	-7.993	47.178	0.007
9.34	-7.981	37.800	-0.060
9.35	-7.971	25.478	-0.076
9.36	-7.961	14.513	-0.114
9.37	-7.951	5.814	-0.121
9.38	-7.942	-1.073	-0.104
9.39	-7.934	-6.845	-0.144
9.4	-7.925	-12.363	-0.152
9.41	-7.918	-18.633	-0.105
9.42	-7.911	-26.498	-0.124
9.43	-7.904	-36.013	-0.122
9.44	-7.896	-44.964	-0.116
9.45	-7.889	-49.927	-0.114
9.46	-7.882	-51.088	-0.099
9.47	-7.875	-51.138	-0.120
9.48	-7.869	-51.136	-0.102
9.49	-7.863	-50.884	-0.102
9.5	-7.859	-48.755	-0.093
9.51	-7.857	-43.119	-0.077
9.52	-7.854	-35.514	-0.112
9.53	-7.852	-28.509	-0.099
9.54	-7.850	-23.183	-0.059
9.55	-7.848	-19.855	-0.092
9.56	-7.847	-18.369	-0.085
9.57	-7.845	-18.347	-0.071
9.58	-7.844	-19.464	-0.096
9.59	-7.844	-21.319	-0.092
9.6	-7.844	-23.469	-0.053
9.61	-7.844	-25.698	-0.095
9.62	-7.845	-27.808	-0.094
9.63	-7.846	-29.633	-0.049
9.64	-7.847	-31.183	-0.079
9.65	-7.848	-32.413	-0.081
9.66	-7.848	-33.239	-0.068
9.67	-7.849	-33.688	-0.088
9.68	-7.850	-33.848	-0.059
9.69	-7.852	-33.802	-0.015
9.7	-7.853	-33.548	-0.041
9.71	-7.855	-33.144	-0.001
9.72	-7.857	-32.711	0.049
9.73	-7.859	-32.327	0.017
9.74	-7.861	-31.986	0.007
9.75	-7.863	-31.600	-0.045
9.76	-7.865	-31.134	-0.061
9.77	-7.868	-30.525	-0.035
9.78	-7.869	-29.642	-0.071
9.79	-7.870	-28.458	-0.116
9.8	-7.871	-27.097	-0.095
9.81	-7.872	-25.789	-0.079
9.82	-7.873	-24.688	-0.083
9.83	-7.874	-23.875	-0.088
9.84	-7.876	-23.388	-0.158
9.85	-7.877	-23.238	-0.100
9.86	-7.879	-23.416	0.306
9.87	-7.880	-23.759	1.002
9.88	-7.882	-24.175	1.059
9.89	-7.885	-24.655	0.330
9.9	-7.889	-25.117	0.051
9.91	-7.894	-25.494	0.006
9.92	-7.899	-25.833	-0.073
9.93	-7.903	-26.158	-0.097
9.94	-7.907	-26.363	-0.134
9.95	-7.911	-26.322	-0.093
9.96	-7.912	-25.842	-0.093
9.97	-7.913	-24.859	-0.110
9.98	-7.913	-23.403	-0.059
9.99	-7.913	-20.917	-0.055
10.0	-7.913	-16.006	-0.056
10.01	-7.914	-6.645	-0.027
10.02	-7.914	9.228	-0.029
10.03	-7.914	29.736	-0.011
10.04	-7.916	45.313	0.013
10.05	-7.921	50.641	0.027
10.06	-7.930	51.120	0.051
10.07	-7.943	51.139	0.096
10.08	-7.959	51.139	0.121
10.09	-7.977	51.139	0.159
10.1	-7.995	51.139	0.171
10.11	-8.014	51.139	0.153
10.12	-8.032	51.131	0.134
10.13	-8.050	50.877	0.053
10.14	-8.069	48.320	-0.015
10.15	-8.088	40.981	-0.066
10.16	-8.106	30.802	-0.100
10.17	-8.125	21.375	-0.112
10.18	-8.143	13.520	-0.132
10.19	-8.161	6.823	-0.150
10.2	-8.179	0.733	-0.142
10.21	-8.200	-5.398	-0.101
10.22	-8.221	-12.225	-0.110
10.23	-8.243	-20.294	-0.154
10.24	-8.264	-29.923	-0.123
10.25	-8.286	-40.219	-0.108
10.26	-8.308	-47.844	-0.116
10.27	-8.329	-50.769	-0.115
10.28	-8.351	-51.134	-0.101
10.29	-8.373	-51.138	-0.083
10.3	-8.394	-51.102	-0.132
10.31	-8.415	-50.222	-0.127
10.32	-8.436	-46.367	-0.081
10.33	-8.459	-39.327	-0.095
10.34	-8.482	-31.886	-0.111
10.35	-8.504	-26.019	-0.092
10.36	-8.526	-22.148	-0.086
10.37	-8.549	-20.267	-0.080
10.38	-8.572	-20.014	-0.089
10.39	-8.596	-20.913	-0.135
10.4	-8.618	-22.522	-0.085
10.41	-8.641	-24.389	-0.057
10.42	-8.662	-26.158	-0.101
10.43	-8.684	-27.772	-0.087
10.44	-8.706	-29.275	-0.073
10.45	-8.726	-30.598	-0.101
10.46	-8.745	-31.630	-0.069
10.47	-8.764	-32.283	-0.079
10.48	-8.784	-32.669	-0.080
10.49	-8.804	-32.913	-0.051
10.5	-8.823	-33.042	-0.045
10.51	-8.842	-33.058	0.008
10.52	-8.860	-32.938	0.028
10.53	-8.879	-32.738	0.001
10.54	-8.900	-32.447	0.012
10.55	-8.921	-32.030	-0.006
10.56	-8.941	-31.461	-0.071
10.57	-8.961	-30.669	-0.092
10.58	-8.981	-29.702	-0.053
10.59	-8.999	-28.622	-0.066
10.6	-9.017	-27.434	-0.107
10.61	-9.033	-26.214	-0.100
10.62	-9.048	-25.111	-0.105
10.63	-9.064	-24.209	-0.090
10.64	-9.080	-23.583	-0.112
10.65	-9.096	-23.344	-0.151
10.66	-9.109	-23.431	0.094
10.67	-9.122	-23.720	0.731
10.68	-9.137	-24.158	1.071
10.69	-9.157	-24.620	0.481
10.7	-9.179	-25.077	0.031
10.71	-9.198	-25.630	0.052
10.72	-9.216	-26.291	-0.050
10.73	-9.230	-26.863	-0.079
10.74	-9.241	-27.161	-0.103
10.75	-9.251	-27.142	-0.110
10.76	-9.259	-26.705	-0.069
10.77	-9.265	-25.836	-0.090
10.78	-9.268	-24.713	-0.069
10.79	-9.272	-23.263	-0.049
10.8	-9.275	-20.845	-0.057
10.81	-9.278	-16.053	-0.026
10.82	-9.280	-6.688	-0.015
10.83	-9.282	9.336	-0.015
10.84	-9.284	29.892	0.002
10.85	-9.291	45.375	0.040
10.86	-9.299	50.647	0.084
10.87	-9.308	51.119	0.090
10.88	-9.318	51.139	0.142
10.89	-9.329	51.139	0.172
10.9	-9.341	51.139	0.163
10.91	-9.351	51.139	0.196
10.92	-9.361	51.130	0.160
10.93	-9.371	50.875	0.086
10.94	-9.381	48.106	0.023
10.95	-9.391	39.888	-0.052
10.96	-9.400	28.419	-0.088
10.97	-9.408	18.100	-0.087
10.98	-9.414	9.981	-0.108
10.99	-9.419	3.544	-0.116
11.0	-9.425	-1.944	-0.124
11.01	-9.429	-7.425	-0.140
11.02	-9.431	-13.738	-0.140
11.03	-9.434	-21.638	-0.125
11.04	-9.438	-31.425	-0.102
11.05	-9.441	-41.625	-0.102
11.06	-9.444	-48.584	-0.123
11.07	-9.444	-50.909	-0.108
11.08	-9.443	-51.133	-0.085
11.09	-9.440	-51.134	-0.098
11.1	-9.438	-50.761	-0.090
11.11	-9.437	-48.098	-0.122
11.12	-9.437	-41.670	-0.074
11.13	-9.439	-33.525	-0.062
11.14	-9.441	-26.389	-0.116
11.15	-9.444	-21.183	-0.067
11.16	-9.447	-18.178	-0.083
11.17	-9.450	-17.117	-0.092
11.18	-9.451	-17.466	-0.080
11.19	-9.449	-18.813	-0.091
11.2	-9.444	-20.720	-0.076
11.21	-9.433	-22.838	-0.088
11.22	-9.416	-24.969	-0.100
11.23	-9.392	-27.019	-0.088
11.24	-9.361	-28.894	-0.048
11.25	-9.322	-30.392	-0.091
11.26	-9.280	-31.398	-0.095
11.27	-9.237	-32.075	-0.028
11.28	-9.193	-32.552	-0.033
11.29	-9.147	-32.712	0.004
11.3	-9.100	-32.598	0.011
11.31	-9.054	-32.364	-0.002
11.32	-9.009	-32.036	0.022
11.33	-8.966	-31.666	-0.019
11.34	-8.924	-31.238	-0.049
11.35	-8.884	-30.623	-0.077
11.36	-8.848	-29.827	-0.079
11.37	-8.814	-28.892	-0.075
11.38	-8.781	-27.886	-0.096
11.39	-8.749	-26.955	-0.095
11.4	-8.717	-26.152	-0.095
11.41	-8.688	-25.533	-0.093
11.42	-8.661	-25.234	-0.111
11.43	-8.634	-25.284	-0.155
11.44	-8.607	-25.563	0.067
11.45	-8.580	-25.981	0.638
11.46	-8.554	-26.447	1.028
11.47	-8.533	-26.881	0.549
11.48	-8.512	-27.358	0.061
11.49	-8.492	-27.938	0.042
11.5	-8.471	-28.539	-0.064
11.51	-8.451	-29.088	-0.083
11.52	-8.431	-29.494	-0.084
11.53	-8.411	-29.534	-0.093
11.54	-8.390	-29.000	-0.076
11.55	-8.369	-27.858	-0.073
11.56	-8.345	-26.364	-0.063
11.57	-8.322	-24.745	-0.080
11.58	-8.298	-22.483	-0.047
11.59	-8.274	-18.316	-0.030
11.6	-8.251	-10.244	-0.021
11.61	-8.231	3.980	0.002
11.62	-8.211	24.039	0.006
11.63	-8.191	42.009	0.040
11.64	-8.172	49.975	0.081
11.65	-8.156	51.120	0.092
11.66	-8.141	51.136	0.132
11.67	-8.127	51.139	0.147
11.68	-8.115	51.139	0.167
11.69	-8.103	51.139	0.201
11.7	-8.091	51.133	0.158
11.71	-8.080	51.023	0.103
11.72	-8.069	49.075	0.024
11.73	-8.058	42.034	-0.063
11.74	-8.047	30.861	-0.057
11.75	-8.037	19.950	-0.064
11.76	-8.027	11.055	-0.141
11.77	-8.018	3.858	-0.146
11.78	-8.009	-2.263	-0.099
11.79	-8.001	-8.092	-0.122
11.8	-7.993	-14.455	-0.117
11.81	-7.986	-22.195	-0.112
11.82	-7.978	-31.758	-0.120
11.83	-7.971	-41.772	-0.071
11.84	-7.965	-48.619	-0.114
11.85	-7.959	-50.911	-0.105
11.86	-7.953	-51.134	-0.083
11.87	-7.947	-51.136	-0.126
11.88	-7.942	-51.063	-0.071
11.89	-7.939	-49.809	-0.069
11.9	-7.938	-45.259	-0.116
11.91	-7.934	-37.886	-0.072
11.92	-7.932	-30.573	-0.059
11.93	-7.929	-24.886	-0.070
11.94	-7.928	-21.106	-0.073
11.95	-7.926	-19.230	-0.077
11.96	-7.924	-19.033	-0.083
11.97	-7.923	-20.119	-0.089
11.98	-7.922	-21.997	-0.082
11.99	-7.922	-24.156	-0.068
12.0	-7.922	-26.303	-0.063
12.01	-7.923	-28.392	-0.093
12.02	-7.924	-30.306	-0.073
12.03	-7.925	-31.895	-0.067
12.04	-7.926	-33.136	-0.062
12.05	-7.926	-33.939	-0.072
12.06	-7.927	-34.309	-0.085
12.07	-7.927	-34.430	-0.022
12.08	-7.927	-34.361	0.003
12.09	-7.928	-34.156	0.003
12.1	-7.929	-33.863	0.028
12.11	-7.930	-33.394	-0.002
12.12	-7.931	-32.845	0.018
12.13	-7.933	-32.348	-0.008
12.14	-7.936	-31.795	-0.087
12.15	-7.938	-31.100	-0.073
12.16	-7.939	-30.267	-0.059
12.17	-7.941	-29.273	-0.087
12.18	-7.941	-28.189	-0.079
12.19	-7.941	-27.050	-0.093
12.2	-7.942	-25.989	-0.117
12.21	-7.944	-25.245	-0.096
12.22	-7.946	-24.748	-0.116
12.23	-7.949	-24.503	-0.106
12.24	-7.951	-24.592	0.275
12.25	-7.953	-24.863	1.024
12.26	-7.957	-25.208	1.067
12.27	-7.962	-25.603	0.302
12.28	-7.968	-26.052	0.031
12.29	-7.973	-26.578	0.023
12.3	-7.978	-27.088	-0.080
12.31	-7.982	-27.458	-0.090
12.32	-7.987	-27.589	-0.108
12.33	-7.991	-27.306	-0.116
12.34	-7.993	-26.511	-0.100
12.35	-7.994	-25.272	-0.088
12.36	-7.996	-23.608	-0.097
12.37	-7.999	-20.878	-0.087
12.38	-8.002	-15.388	-0.056
12.39	-8.008	-4.927	-0.035
12.4	-8.014	12.341	-0.004
12.41	-8.023	33.066	0.001
12.42	-8.034	46.994	0.020
12.43	-8.048	50.914	0.039
12.44	-8.063	51.128	0.030
12.45	-8.079	51.139	0.084
12.46	-8.094	51.139	0.121
12.47	-8.111	51.139	0.132
12.48	-8.129	51.139	0.164
12.49	-8.147	51.139	0.174
12.5	-8.164	51.133	0.140
12.51	-8.183	51.022	0.050
12.52	-8.201	49.266	-0.019
12.53	-8.219	43.213	-0.068
12.54	-8.238	33.888	-0.112
12.55	-8.256	24.806	-0.116
12.56	-8.273	17.080	-0.137
12.57	-8.290	10.313	-0.146
12.58	-8.308	3.984	-0.106
12.59	-8.328	-2.528	-0.130
12.6	-8.348	-9.872	-0.154
12.61	-8.366	-18.648	-0.122
12.62	-8.386	-29.225	-0.115
12.63	-8.407	-40.336	-0.118
12.64	-8.427	-48.123	-0.100
12.65	-8.447	-50.845	-0.107
12.66	-8.466	-51.134	-0.120
12.67	-8.486	-51.139	-0.132
12.68	-8.506	-51.113	-0.102
12.69	-8.524	-50.361	-0.088
12.7	-8.543	-46.716	-0.101
12.71	-8.561	-39.720	-0.099
12.72	-8.580	-32.183	-0.115
12.73	-8.600	-26.294	-0.098
12.74	-8.620	-22.566	-0.082
12.75	-8.640	-20.870	-0.113
12.76	-8.660	-20.766	-0.079
12.77	-8.681	-21.770	-0.065
12.78	-8.700	-23.456	-0.117
12.79	-8.719	-25.431	-0.092
12.8	-8.737	-27.438	-0.064
12.81	-8.756	-29.311	-0.095
12.82	-8.776	-30.788	-0.096
12.83	-8.793	-31.866	-0.079
12.84	-8.811	-32.772	-0.076
12.85	-8.829	-33.495	-0.060
12.86	-8.847	-33.998	-0.056
12.87	-8.865	-34.297	-0.033
12.88	-8.883	-34.352	0.007
12.89	-8.899	-34.188	0.007
12.9	-8.916	-33.891	0.001
12.91	-8.933	-33.534	0.014
12.92	-8.951	-33.125	-0.022
12.93	-8.967	-32.555	-0.072
12.94	-8.983	-31.761	-0.073
12.95	-8.998	-30.783	-0.088
12.96	-9.013	-29.591	-0.083
12.97	-9.026	-28.263	-0.100
12.98	-9.040	-26.938	-0.119
12.99	-9.054	-25.711	-0.097
13.0	-9.068	-24.775	-0.074
13.01	-9.082	-24.266	-0.126
13.02	-9.096	-24.208	-0.130
13.03	-9.107	-24.552	0.217
13.04	-9.119	-25.081	0.924
13.05	-9.135	-25.614	0.995
13.06	-9.152	-26.119	0.284
13.07	-9.169	-26.583	0.034
13.08	-9.183	-27.038	0.019
13.09	-9.196	-27.523	-0.085
13.1	-9.207	-27.961	-0.061
13.11	-9.217	-28.155	-0.111
13.12	-9.224	-27.913	-0.113
13.13	-9.226	-27.202	-0.090
13.14	-9.226	-26.108	-0.098
13.15	-9.224	-24.694	-0.058
13.16	-9.223	-22.775	-0.053
13.17	-9.222	-19.352	-0.072
13.18	-9.221	-12.386	-0.028
13.19	-9.219	0.536	-0.019
13.2	-9.217	20.145	-0.036
13.21	-9.216	39.567	-0.003
13.22	-9.216	49.342	0.043
13.23	-9.217	51.088	0.062
13.24	-9.223	51.133	0.102
13.25	-9.228	51.139	0.138
13.26	-9.233	51.139	0.169
13.27	-9.239	51.139	0.184
13.28	-9.244	51.139	0.178
13.29	-9.249	51.130	0.128
13.3	-9.256	50.858	0.044
13.31	-9.263	48.084	-0.003
13.32	-9.269	40.192	-0.059
13.33	-9.274	29.408	-0.090
13.34	-9.281	19.613	-0.135
13.35	-9.285	11.603	-0.124
13.36	-9.289	4.875	-0.126
13.37	-9.294	-1.234	-0.144
13.38	-9.297	-7.588	-0.108
13.39	-9.301	-15.117	-0.145
13.4	-9.306	-24.445	-0.117
13.41	-9.310	-35.316	-0.114
13.42	-9.314	-45.020	-0.131
13.43	-9.315	-50.041	-0.111
13.44	-9.314	-51.098	-0.102
13.45	-9.312	-51.138	-0.107
13.46	-9.308	-51.130	-0.117
13.47	-9.303	-50.655	-0.076
13.48	-9.294	-47.609	-0.070
13.49	-9.282	-40.791	-0.116
13.5	-9.264	-32.684	-0.091
13.51	-9.242	-25.967	-0.089
13.52	-9.216	-21.411	-0.096
13.53	-9.187	-18.980	-0.088
13.54	-9.155	-18.311	-0.120
13.55	-9.123	-19.069	-0.091
13.56	-9.090	-20.794	-0.089
13.57	-9.058	-22.966	-0.097
13.58	-9.027	-25.236	-0.089
13.59	-8.996	-27.413	-0.116
13.6	-8.967	-29.491	-0.101
13.61	-8.940	-31.364	-0.088
13.62	-8.916	-32.841	-0.084
13.63	-8.892	-33.941	-0.078
13.64	-8.869	-34.733	-0.046
13.65	-8.846	-35.247	-0.005
13.66	-8.822	-35.516	-0.006
13.67	-8.799	-35.587	-0.002
13.68	-8.775	-35.520	0.014
13.69	-8.752	-35.342	-0.042
13.7	-8.729	-34.981	-0.068
13.71	-8.706	-34.336	-0.093
13.72	-8.684	-33.430	-0.096
13.73	-8.661	-32.337	-0.089
13.74	-8.636	-31.136	-0.099
13.75	-8.612	-29.894	-0.081
13.76	-8.589	-28.744	-0.123
13.77	-8.566	-27.877	-0.096
13.78	-8.544	-27.341	-0.106
13.79	-8.523	-27.070	-0.162
13.8	-8.502	-27.059	0.101
13.81	-8.481	-27.250	0.746
13.82	-8.464	-27.473	1.047
13.83	-8.448	-27.722	0.482
13.84	-8.433	-28.094	0.057
13.85	-8.418	-28.553	0.024
13.86	-8.403	-29.111	-0.064
13.87	-8.389	-29.717	-0.083
13.88	-8.373	-30.178	-0.076
13.89	-8.356	-30.353	-0.067
13.9	-8.339	-30.055	-0.095
13.91	-8.321	-29.231	-0.099
13.92	-8.303	-28.000	-0.056
13.93	-8.283	-26.263	-0.050
13.94	-8.264	-23.294	-0.072
13.95	-8.244	-17.452	-0.044
13.96	-8.225	-6.498	0.019
13.97	-8.206	11.425	0.003
13.98	-8.187	32.734	0.012
13.99	-8.169	46.933	0.041
14.0	-8.154	50.909	0.071
14.01	-8.143	51.128	0.103
14.02	-8.132	51.139	0.152
14.03	-8.122	51.139	0.164
14.04	-8.113	51.139	0.190
14.05	-8.104	51.139	0.184
14.06	-8.096	51.136	0.159
14.07	-8.088	51.078	0.109
14.08	-8.079	49.708	0.006
14.09	-8.072	43.763	-0.032
14.1	-8.066	33.147	-0.078
14.11	-8.059	22.122	-0.098
14.12	-8.052	12.953	-0.102
14.13	-8.044	5.358	-0.106
14.14	-8.039	-1.250	-0.110
14.15	-8.036	-7.738	-0.106
14.16	-8.031	-15.041	-0.108
14.17	-8.027	-23.836	-0.128
14.18	-8.024	-34.211	-0.116
14.19	-8.021	-44.039	-0.115
14.2	-8.018	-49.666	-0.105
14.21	-8.014	-51.069	-0.077
14.22	-8.011	-51.138	-0.104
14.23	-8.008	-51.138	-0.078
14.24	-8.007	-51.092	-0.043
14.25	-8.006	-50.106	-0.110
14.26	-8.006	-46.047	-0.096
14.27	-8.006	-39.044	-0.090
14.28	-8.008	-31.995	-0.096
14.29	-8.009	-26.552	-0.063
14.3	-8.012	-22.961	-0.074
14.31	-8.015	-21.255	-0.084
14.32	-8.018	-21.086	-0.065
14.33	-8.021	-22.156	-0.060
14.34	-8.023	-24.133	-0.093
14.35	-8.024	-26.328	-0.076
14.36	-8.025	-28.444	-0.073
14.37	-8.026	-30.513	-0.087
14.38	-8.027	-32.377	-0.075
14.39	-8.029	-33.861	-0.078
14.4	-8.031	-34.927	-0.072
14.41	-8.032	-35.622	-0.075
14.42	-8.033	-35.986	-0.048
14.43	-8.035	-36.122	-0.036
14.44	-8.036	-36.139	-0.027
14.45	-8.037	-36.047	0.026
14.46	-8.039	-35.766	0.047
14.47	-8.041	-35.348	0.012
14.48	-8.043	-34.931	-0.018
14.49	-8.046	-34.508	0.005
14.5	-8.049	-33.986	-0.021
14.51	-8.053	-33.248	-0.093
14.52	-8.056	-32.319	-0.087
14.53	-8.061	-31.217	-0.071
14.54	-8.066	-29.972	-0.089
14.55	-8.074	-28.738	-0.056
14.56	-8.084	-27.630	-0.107
14.57	-8.096	-26.766	-0.095
14.58	-8.111	-26.247	-0.101
14.59	-8.125	-26.091	-0.119
14.6	-8.139	-26.277	0.260
14.61	-8.152	-26.692	0.960
14.62	-8.169	-27.236	1.137
14.63	-8.186	-27.834	0.412
14.64	-8.205	-28.361	0.011
14.65	-8.224	-28.773	0.022
14.66	-8.241	-29.047	-0.078
14.67	-8.259	-29.145	-0.095
14.68	-8.274	-29.064	-0.110
14.69	-8.289	-28.642	-0.120
14.7	-8.303	-27.698	-0.092
14.71	-8.314	-26.286	-0.100
14.72	-8.324	-24.427	-0.083
14.73	-8.334	-21.525	-0.053
14.74	-8.342	-15.919	-0.065
14.75	-8.353	-5.148	-0.027
14.76	-8.364	12.814	-0.027
14.77	-8.375	33.906	-0.021
14.78	-8.387	47.422	0.032
14.79	-8.402	50.956	0.004
14.8	-8.417	51.130	0.025
14.81	-8.433	51.139	0.118
14.82	-8.450	51.139	0.143
14.83	-8.468	51.139	0.144
14.84	-8.487	51.139	0.169
14.85	-8.506	51.139	0.173
14.86	-8.524	51.136	0.165
14.87	-8.543	51.083	0.072
14.88	-8.562	49.839	-0.021
14.89	-8.581	44.478	-0.058
14.9	-8.598	34.889	-0.118
14.91	-8.615	24.708	-0.098
14.92	-8.632	15.931	-0.118
14.93	-8.649	8.364	-0.142
14.94	-8.666	1.356	-0.130
14.95	-8.686	-5.742	-0.132
14.96	-8.707	-13.628	-0.114
14.97	-8.729	-23.072	-0.106
14.98	-8.749	-34.159	-0.119
14.99	-8.769	-44.352	-0.128
15.0	-8.790	-49.845	-0.090
15.01	-8.809	-51.086	-0.095
15.02	-8.828	-51.138	-0.122
15.03	-8.844	-51.139	-0.112
15.04	-8.861	-51.128	-0.111
15.05	-8.879	-50.617	-0.090
15.06	-8.896	-47.447	-0.093
15.07	-8.912	-40.581	-0.108
15.08	-8.929	-32.814	-0.075
15.09	-8.946	-26.859	-0.091
15.1	-8.963	-23.200	-0.097
15.11	-8.981	-21.639	-0.079
15.12	-8.999	-21.761	-0.092
15.13	-9.016	-22.886	-0.089
15.14	-9.034	-24.453	-0.082
15.15	-9.052	-26.248	-0.134
15.16	-9.070	-28.170	-0.085
15.17	-9.088	-30.033	-0.041
15.18	-9.106	-31.645	-0.090
15.19	-9.122	-33.031	-0.091
15.2	-9.138	-34.211	-0.060
15.21	-9.152	-35.073	-0.070
15.22	-9.167	-35.625	-0.058
15.23	-9.182	-35.994	-0.008
15.24	-9.196	-36.189	0.034
15.25	-9.210	-36.161	0.006
15.26	-9.224	-35.927	0.007
15.27	-9.238	-35.516	-0.009
15.28	-9.250	-34.980	-0.057
15.29	-9.262	-34.261	-0.076
15.3	-9.273	-33.244	-0.073
15.31	-9.283	-31.988	-0.057
15.32	-9.290	-30.617	-0.113
15.33	-9.299	-29.266	-0.113
15.34	-9.308	-28.086	-0.076
15.35	-9.317	-27.097	-0.095
15.36	-9.324	-26.372	-0.102
15.37	-9.332	-26.025	-0.147
15.38	-9.338	-25.945	0.077
15.39	-9.342	-26.066	0.718
15.4	-9.349	-26.311	1.054
15.41	-9.358	-26.597	0.488
15.42	-9.369	-27.028	0.065
15.43	-9.377	-27.627	0.043
15.44	-9.383	-28.267	-0.076
15.45	-9.389	-28.902	-0.071
15.46	-9.392	-29.395	-0.093
15.47	-9.393	-29.416	-0.093
15.48	-9.389	-28.823	-0.075
15.49	-9.385	-27.788	-0.090
15.5	-9.380	-26.481	-0.067
15.51	-9.376	-24.814	-0.064
15.52	-9.372	-22.116	-0.057
15.53	-9.369	-16.869	-0.052
15.54	-9.366	-6.692	-0.020
15.55	-9.363	10.611	0.005
15.56	-9.361	31.880	-0.019
15.57	-9.360	46.567	0.034
15.58	-9.361	50.870	0.082
15.59	-9.365	51.125	0.087
15.6	-9.370	51.139	0.104
15.61	-9.376	51.139	0.145
15.62	-9.381	51.139	0.191
15.63	-9.385	51.139	0.180
15.64	-9.388	51.134	0.151
15.65	-9.391	51.036	0.071
15.66	-9.392	49.122	0.016
15.67	-9.391	41.911	-0.064
15.68	-9.390	30.236	-0.100
15.69	-9.388	18.844	-0.113
15.7	-9.385	9.713	-0.148
15.71	-9.383	2.328	-0.124
15.72	-9.380	-4.167	-0.122
15.73	-9.377	-10.698	-0.141
15.74	-9.371	-18.186	-0.128
15.75	-9.363	-27.341	-0.121
15.76	-9.356	-37.850	-0.122
15.77	-9.351	-46.597	-0.118
15.78	-9.344	-50.502	-0.126
15.79	-9.335	-51.125	-0.113
15.8	-9.322	-51.139	-0.117
15.81	-9.309	-51.136	-0.093
15.82	-9.293	-50.928	-0.078
15.83	-9.277	-48.939	-0.100
15.84	-9.259	-43.242	-0.094
15.85	-9.239	-35.306	-0.109
15.86	-9.217	-28.319	-0.109
15.87	-9.193	-23.547	-0.092
15.88	-9.166	-20.936	-0.088
15.89	-9.138	-20.078	-0.079
15.9	-9.108	-20.525	-0.076
15.91	-9.076	-21.858	-0.098
15.92	-9.040	-23.677	-0.089
15.93	-9.003	-25.759	-0.092
15.94	-8.967	-27.941	-0.072
15.95	-8.934	-29.977	-0.077
15.96	-8.901	-31.716	-0.094
15.97	-8.870	-33.127	-0.065
15.98	-8.841	-34.225	-0.079
15.99	-8.813	-35.045	-0.058
16.0	-8.787	-35.625	-0.021
16.01	-8.762	-36.055	0.014
16.02	-8.739	-36.325	0.027
16.03	-8.717	-36.398	-0.002
16.04	-8.697	-36.281	0.010
16.05	-8.679	-36.013	-0.016
16.06	-8.662	-35.712	-0.068
16.07	-8.647	-35.325	-0.070
16.08	-8.633	-34.677	-0.087
16.09	-8.619	-33.758	-0.089
16.1	-8.604	-32.672	-0.089
16.11	-8.589	-31.558	-0.092
16.12	-8.574	-30.513	-0.094
16.13	-8.558	-29.552	-0.089
16.14	-8.544	-28.777	-0.137
16.15	-8.529	-28.316	-0.132
16.16	-8.514	-28.127	0.241
16.17	-8.501	-28.086	0.884
16.18	-8.490	-28.114	1.059
16.19	-8.482	-28.275	0.373
16.2	-8.473	-28.580	0.007
16.21	-8.461	-28.961	0.041
16.22	-8.446	-29.377	-0.063
16.23	-8.432	-29.741	-0.079
16.24	-8.418	-29.911	-0.080
16.25	-8.402	-29.750	-0.105
16.26	-8.386	-29.214	-0.092
16.27	-8.368	-28.327	-0.077
16.28	-8.349	-27.139	-0.074
16.29	-8.331	-25.389	-0.055
16.3	-8.314	-22.023	-0.036
16.31	-8.297	-15.111	-0.033
16.32	-8.281	-2.259	-0.014
16.33	-8.265	17.611	0.004
16.34	-8.249	38.033	0.001
16.35	-8.234	48.903	0.029
16.36	-8.221	51.059	0.067
16.37	-8.209	51.133	0.114
16.38	-8.197	51.139	0.144
16.39	-8.187	51.139	0.161
16.4	-8.177	51.139	0.165
16.41	-8.168	51.139	0.175
16.42	-8.158	51.131	0.153
16.43	-8.149	50.775	0.068
16.44	-8.141	47.519	-0.005
16.45	-8.134	38.625	-0.069
16.46	-8.125	26.666	-0.082
16.47	-8.116	15.858	-0.107
16.48	-8.106	7.114	-0.132
16.49	-8.096	-0.153	-0.137
16.5	-8.089	-6.703	-0.125
16.51	-8.082	-13.259	-0.118
16.52	-8.075	-20.670	-0.107
16.53	-8.069	-29.692	-0.105
16.54	-8.063	-39.791	-0.118
16.55	-8.059	-47.620	-0.100
16.56	-8.055	-50.731	-0.100
16.57	-8.051	-51.133	-0.119
16.58	-8.046	-51.139	-0.119
16.59	-8.043	-51.138	-0.083
16.6	-8.039	-51.083	-0.064
16.61	-8.036	-49.967	-0.103
16.62	-8.033	-45.648	-0.103
16.63	-8.031	-38.484	-0.079
16.64	-8.028	-31.478	-0.094
16.65	-8.026	-26.305	-0.099
16.66	-8.024	-23.213	-0.075
16.67	-8.023	-22.009	-0.061
16.68	-8.023	-22.292	-0.090
16.69	-8.023	-23.642	-0.086
16.7	-8.024	-25.597	-0.054
16.71	-8.024	-27.814	-0.101
16.72	-8.025	-30.072	-0.095
16.73	-8.026	-32.188	-0.069
16.74	-8.027	-34.005	-0.064
16.75	-8.029	-35.458	-0.060
16.76	-8.031	-36.577	-0.063
16.77	-8.032	-37.330	-0.066
16.78	-8.034	-37.734	-0.074
16.79	-8.035	-37.800	-0.041
16.8	-8.037	-37.573	0.011
16.81	-8.039	-37.247	0.025
16.82	-8.041	-36.894	0.015
16.83	-8.043	-36.475	0.033
16.84	-8.045	-35.992	-0.009
16.85	-8.047	-35.464	-0.034
16.86	-8.051	-34.806	-0.046
16.87	-8.053	-33.866	-0.088
16.88	-8.055	-32.663	-0.075
16.89	-8.057	-31.384	-0.083
16.9	-8.059	-30.141	-0.071
16.91	-8.061	-28.986	-0.084
16.92	-8.063	-28.038	-0.110
16.93	-8.066	-27.359	-0.087
16.94	-8.070	-26.989	-0.141
16.95	-8.075	-26.919	-0.059
16.96	-8.082	-27.009	0.453
16.97	-8.092	-27.213	1.136
16.98	-8.105	-27.556	0.961
16.99	-8.121	-27.970	0.189
17.0	-8.136	-28.352	0.034
17.01	-8.152	-28.711	-0.021
17.02	-8.169	-29.111	-0.091
17.03	-8.187	-29.470	-0.076
17.04	-8.206	-29.548	-0.136
17.05	-8.224	-29.155	-0.104
17.06	-8.241	-28.291	-0.095
17.07	-8.256	-26.994	-0.087
17.08	-8.269	-25.053	-0.075
17.09	-8.281	-21.603	-0.061
17.1	-8.293	-14.827	-0.060
17.11	-8.303	-2.206	-0.036
17.12	-8.314	17.516	-0.007
17.13	-8.325	37.945	-0.031
17.14	-8.337	48.888	0.022
17.15	-8.351	51.061	0.048
17.16	-8.367	51.133	0.069
17.17	-8.384	51.139	0.122
17.18	-8.402	51.139	0.129
17.19	-8.419	51.139	0.143
17.2	-8.438	51.139	0.177
17.21	-8.457	51.138	0.160
17.22	-8.476	51.130	0.116
17.23	-8.496	50.570	0.051
17.24	-8.515	46.695	-0.022
17.25	-8.534	37.747	-0.072
17.26	-8.553	26.878	-0.107
17.27	-8.569	17.155	-0.144
17.28	-8.585	8.708	-0.129
17.29	-8.600	1.206	-0.088
17.3	-8.616	-5.738	-0.128
17.31	-8.634	-12.797	-0.136
17.32	-8.652	-20.695	-0.106
17.33	-8.671	-29.933	-0.128
17.34	-8.688	-39.961	-0.123
17.35	-8.706	-47.666	-0.123
17.36	-8.724	-50.734	-0.114
17.37	-8.741	-51.134	-0.119
17.38	-8.758	-51.139	-0.116
17.39	-8.775	-51.138	-0.096
17.4	-8.793	-51.073	-0.093
17.41	-8.809	-49.920	-0.087
17.42	-8.825	-45.673	-0.099
17.43	-8.840	-38.806	-0.132
17.44	-8.856	-32.180	-0.090
17.45	-8.873	-27.389	-0.094
17.46	-8.889	-24.569	-0.083
17.47	-8.906	-23.413	-0.070
17.48	-8.922	-23.528	-0.115
17.49	-8.938	-24.592	-0.077
17.5	-8.953	-26.233	-0.092
17.51	-8.968	-28.059	-0.100
17.52	-8.984	-29.920	-0.090
17.53	-8.998	-31.653	-0.105
17.54	-9.013	-33.053	-0.069
17.55	-9.027	-34.178	-0.104
17.56	-9.042	-35.119	-0.079
17.57	-9.058	-35.830	-0.077
17.58	-9.073	-36.320	-0.088
17.59	-9.088	-36.591	-0.011
17.6	-9.102	-36.544	-0.049
17.61	-9.116	-36.283	-0.029
17.62	-9.129	-36.009	0.025
17.63	-9.143	-35.692	-0.005
17.64	-9.156	-35.278	0.004
17.65	-9.169	-34.819	-0.004
17.66	-9.180	-34.212	-0.065
17.67	-9.190	-33.345	-0.068
17.68	-9.198	-32.295	-0.084
17.69	-9.206	-31.091	-0.081
17.7	-9.213	-29.711	-0.083
17.71	-9.221	-28.327	-0.122
17.72	-9.230	-27.202	-0.093
17.73	-9.238	-26.406	-0.083
17.74	-9.246	-25.858	-0.107
17.75	-9.256	-25.669	-0.162
17.76	-9.265	-25.870	0.071
17.77	-9.273	-26.256	0.681
17.78	-9.281	-26.708	1.032
17.79	-9.294	-27.156	0.542
17.8	-9.309	-27.609	0.065
17.81	-9.322	-28.144	0.026
17.82	-9.332	-28.698	-0.065
17.83	-9.341	-29.192	-0.081
17.84	-9.348	-29.552	-0.103
17.85	-9.353	-29.533	-0.107
17.86	-9.354	-29.000	-0.085
17.87	-9.352	-28.069	-0.092
17.88	-9.349	-26.789	-0.088
17.89	-9.346	-25.069	-0.095
17.9	-9.343	-22.278	-0.048
17.91	-9.341	-16.633	-0.032
17.92	-9.341	-5.691	-0.049
17.93	-9.339	12.356	-0.014
17.94	-9.339	33.511	0.021
17.95	-9.340	47.241	0.015
17.96	-9.341	50.941	0.042
17.97	-9.343	51.130	0.085
17.98	-9.344	51.139	0.130
17.99	-9.344	51.139	0.136
18.0	-9.346	51.139	0.148
18.01	-9.346	51.138	0.195
18.02	-9.346	51.127	0.137
18.03	-9.344	50.441	0.087
18.04	-9.339	45.767	0.051
18.05	-9.331	35.145	-0.078
18.06	-9.319	22.644	-0.080
18.07	-9.299	12.175	-0.133
18.08	-9.274	3.973	-0.149
18.09	-9.244	-2.556	-0.093
18.1	-9.213	-8.152	-0.136
18.11	-9.179	-13.686	-0.144
18.12	-9.144	-20.147	-0.122
18.13	-9.109	-28.342	-0.109
18.14	-9.073	-38.081	-0.128
18.15	-9.037	-46.489	-0.135
18.16	-9.001	-50.433	-0.133
18.17	-8.963	-51.120	-0.106
18.18	-8.925	-51.139	-0.083
18.19	-8.888	-51.136	-0.118
18.2	-8.851	-50.958	-0.113
18.21	-8.816	-49.138	-0.081
18.22	-8.783	-43.803	-0.115
18.23	-8.751	-36.320	-0.113
18.24	-8.720	-29.623	-0.072
18.25	-8.692	-24.823	-0.080
18.26	-8.664	-22.055	-0.109
18.27	-8.639	-21.130	-0.074
18.28	-8.613	-21.620	-0.077
18.29	-8.588	-23.091	-0.097
18.3	-8.564	-25.119	-0.073
18.31	-8.542	-27.309	-0.090
18.32	-8.521	-29.470	-0.094
18.33	-8.501	-31.598	-0.080
18.34	-8.480	-33.539	-0.075
18.35	-8.460	-35.116	-0.073
18.36	-8.441	-36.358	-0.080
18.37	-8.422	-37.278	-0.074
18.38	-8.404	-37.803	-0.064
18.39	-8.386	-37.950	-0.053
18.4	-8.370	-37.814	-0.036
18.41	-8.355	-37.450	-0.035
18.42	-8.339	-36.984	0.026
18.43	-8.324	-36.511	0.036
18.44	-8.308	-35.927	0.006
18.45	-8.293	-35.264	0.014
18.46	-8.279	-34.609	-0.007
18.47	-8.266	-33.911	-0.056
18.48	-8.255	-33.108	-0.080
18.49	-8.242	-32.186	-0.076
18.5	-8.231	-31.167	-0.085
18.51	-8.219	-30.069	-0.070
18.52	-8.207	-28.945	-0.102
18.53	-8.197	-27.950	-0.117
18.54	-8.187	-27.252	-0.061
18.55	-8.179	-26.863	-0.102
18.56	-8.170	-26.711	-0.130
18.57	-8.161	-26.795	0.118
18.58	-8.152	-26.992	0.745
18.59	-8.144	-27.150	1.141
18.6	-8.138	-27.298	0.551
18.61	-8.133	-27.503	0.033
18.62	-8.127	-27.730	0.046
18.63	-8.122	-27.975	-0.065
18.64	-8.117	-28.316	-0.088
18.65	-8.113	-28.677	-0.087
18.66	-8.108	-28.783	-0.095
18.67	-8.104	-28.452	-0.100
18.68	-8.099	-27.638	-0.081
18.69	-8.092	-26.367	-0.069
18.7	-8.085	-24.331	-0.062
18.71	-8.078	-20.433	-0.057
18.72	-8.070	-12.836	-0.050
18.73	-8.062	0.667	-0.011
18.74	-8.054	20.606	-0.004
18.75	-8.047	39.936	0.006
18.76	-8.042	49.455	0.022
18.77	-8.037	51.095	0.055
18.78	-8.035	51.134	0.094
18.79	-8.033	51.139	0.126
18.8	-8.031	51.139	0.131
18.81	-8.030	51.139	0.166
18.82	-8.030	51.138	0.183
18.83	-8.031	51.130	0.145
18.84	-8.032	50.652	0.061
18.85	-8.033	46.913	0.004
18.86	-8.035	37.659	-0.005
18.87	-8.036	26.039	-0.068
18.88	-8.038	15.845	-0.103
18.89	-8.039	7.541	-0.120
18.9	-8.041	0.631	-0.126
18.91	-8.042	-5.402	-0.112
18.92	-8.044	-11.214	-0.127
18.93	-8.045	-17.575	-0.112
18.94	-8.046	-25.197	-0.097
18.95	-8.048	-34.402	-0.112
18.96	-8.050	-43.659	-0.095
18.97	-8.053	-49.433	-0.102
18.98	-8.056	-51.039	-0.118
18.99	-8.060	-51.136	-0.111
19.0	-8.065	-51.139	-0.093
19.01	-8.071	-51.134	-0.093
19.02	-8.079	-50.772	-0.082
19.03	-8.091	-48.253	-0.097
19.04	-8.103	-42.280	-0.079
19.05	-8.117	-34.955	-0.075
19.06	-8.132	-28.867	-0.096
19.07	-8.146	-24.609	-0.107
19.08	-8.159	-22.198	-0.125
19.09	-8.174	-21.592	-0.060
19.1	-8.189	-22.377	-0.056
19.11	-8.204	-23.889	-0.099
19.12	-8.219	-25.764	-0.088
19.13	-8.236	-27.903	-0.083
19.14	-8.253	-30.027	-0.085
19.15	-8.271	-31.906	-0.091
19.16	-8.288	-33.516	-0.093
19.17	-8.305	-34.798	-0.069
19.18	-8.322	-35.661	-0.086
19.19	-8.338	-36.058	-0.069
19.2	-8.354	-36.052	-0.045
19.21	-8.371	-35.772	-0.081
19.22	-8.387	-35.327	-0.044
19.23	-8.404	-34.798	-0.031
19.24	-8.422	-34.266	0.025
19.25	-8.441	-33.777	0.036
19.26	-8.461	-33.327	-0.013
19.27	-8.481	-32.970	0.022
19.28	-8.500	-32.622	-0.010
19.29	-8.520	-32.047	-0.074
19.3	-8.538	-31.258	-0.080
19.31	-8.556	-30.352	-0.089
19.32	-8.573	-29.302	-0.096
19.33	-8.590	-28.127	-0.095
19.34	-8.608	-26.906	-0.103
19.35	-8.626	-25.794	-0.083
19.36	-8.643	-25.003	-0.086
19.37	-8.661	-24.592	-0.158
19.38	-8.678	-24.520	-0.077
19.39	-8.696	-24.680	0.363
19.4	-8.714	-24.934	1.066
19.41	-8.734	-25.286	0.994
19.42	-8.758	-25.642	0.217
19.43	-8.782	-25.911	0.059
19.44	-8.804	-26.139	0.002
19.45	-8.825	-26.275	-0.115
19.46	-8.848	-26.347	-0.094
19.47	-8.869	-26.402	-0.128
19.48	-8.888	-26.278	-0.100
19.49	-8.904	-25.839	-0.111
19.5	-8.918	-24.984	-0.097
19.51	-8.929	-23.594	-0.075
19.52	-8.940	-21.123	-0.076
19.53	-8.951	-16.023	-0.059
19.54	-8.961	-6.148	-0.040
19.55	-8.969	10.452	-0.025
19.56	-8.981	31.214	-0.030
19.57	-8.994	46.123	-0.007
19.58	-9.009	50.786	0.042
19.59	-9.024	51.122	0.050
19.6	-9.041	51.139	0.087
19.61	-9.058	51.139	0.131
19.62	-9.073	51.139	0.144
19.63	-9.089	51.139	0.148
19.64	-9.104	51.131	0.165
19.65	-9.119	50.992	0.124
19.66	-9.134	48.795	0.020
19.67	-9.148	41.261	-0.033
19.68	-9.162	29.706	-0.055
19.69	-9.175	18.686	-0.113
19.7	-9.186	9.909	-0.119
19.71	-9.196	3.045	-0.111
19.72	-9.207	-2.545	-0.136
19.73	-9.219	-7.563	-0.158
19.74	-9.231	-12.805	-0.142
19.75	-9.243	-19.100	-0.132
19.76	-9.253	-27.080	-0.133
19.77	-9.263	-36.603	-0.117
19.78	-9.271	-45.330	-0.103
19.79	-9.280	-50.028	-0.118
19.8	-9.287	-51.094	-0.128
19.81	-9.293	-51.138	-0.104
19.82	-9.298	-51.136	-0.093
19.83	-9.303	-50.863	-0.122
19.84	-9.309	-48.719	-0.121
19.85	-9.316	-43.305	-0.101
19.86	-9.322	-36.263	-0.089
19.87	-9.329	-30.011	-0.101
19.88	-9.336	-25.406	-0.112
19.89	-9.344	-22.539	-0.075
19.9	-9.352	-21.231	-0.107
19.91	-9.360	-21.216	-0.126
19.92	-9.367	-22.144	-0.087
19.93	-9.375	-23.692	-0.087
19.94	-9.383	-25.550	-0.077
19.95	-9.391	-27.422	-0.102
19.96	-9.399	-29.220	-0.114
19.97	-9.407	-30.920	-0.068
19.98	-9.414	-32.333	-0.085
19.99	-9.421	-33.309	-0.102
20.0	-9.428	-33.961	-0.079
20.01	-9.435	-34.370	-0.044
20.02	-9.443	-34.534	0.032
20.03	-9.450	-34.495	0.018
20.04	-9.456	-34.250	-0.005
20.05	-9.463	-33.803	-0.009
20.06	-9.469	-33.263	-0.037
20.07	-9.474	-32.725	-0.055
20.08	-9.479	-32.113	-0.073
20.09	-9.482	-31.295	-0.077
20.1	-9.485	-30.248	-0.084
20.11	-9.486	-29.078	-0.075
20.12	-9.486	-27.916	-0.071
20.13	-9.486	-26.819	-0.126
20.14	-9.486	-25.905	-0.098
20.15	-9.489	-25.256	-0.100
20.16	-9.490	-24.856	-0.149
20.17	-9.489	-24.709	0.159
20.18	-9.488	-24.814	0.814
20.19	-9.488	-25.067	0.983
20.2	-9.491	-25.317	0.352
20.21	-9.492	-25.555	0.042
20.22	-9.490	-25.848	0.024
20.23	-9.484	-26.297	-0.083
20.24	-9.471	-26.809	-0.088
20.25	-9.452	-27.145	-0.100
20.26	-9.424	-27.208	-0.092
20.27	-9.390	-26.844	-0.090
20.28	-9.351	-25.984	-0.109
20.29	-9.310	-24.858	-0.067
20.3	-9.270	-23.467	-0.054
20.31	-9.232	-21.177	-0.062
20.32	-9.194	-16.552	-0.032
20.33	-9.156	-7.536	-0.025
20.34	-9.117	7.764	0.003
20.35	-9.079	27.930	0.009
20.36	-9.043	44.198	0.025
20.37	-9.009	50.416	0.047
20.38	-8.974	51.123	0.109
20.39	-8.942	51.139	0.128
20.4	-8.911	51.139	0.181
20.41	-8.881	51.139	0.172
20.42	-8.851	51.130	0.119
20.43	-8.824	50.967	0.154
20.44	-8.796	48.505	0.102
20.45	-8.767	40.211	-0.020
20.46	-8.740	27.730	-0.070
20.47	-8.714	16.036	-0.073
20.48	-8.689	6.814	-0.112
20.49	-8.665	-0.252	-0.143
20.5	-8.641	-5.833	-0.148
20.51	-8.617	-10.758	-0.123
20.52	-8.594	-15.852	-0.127
20.53	-8.572	-22.145	-0.153
20.54	-8.551	-30.223	-0.122
20.55	-8.530	-39.398	-0.108
20.56	-8.509	-47.000	-0.137
20.57	-8.489	-50.516	-0.119
20.58	-8.468	-51.123	-0.087
20.59	-8.448	-51.138	-0.113
20.6	-8.429	-51.117	-0.135
20.61	-8.409	-50.497	-0.100
20.62	-8.391	-47.467	-0.079
20.63	-8.374	-41.470	-0.102
20.64	-8.358	-34.650	-0.096
20.65	-8.342	-28.878	-0.091
20.66	-8.327	-24.600	-0.086
20.67	-8.313	-21.877	-0.102
20.68	-8.299	-20.686	-0.109
20.69	-8.286	-20.805	-0.087
20.7	-8.274	-21.859	-0.080
20.71	-8.262	-23.438	-0.076
20.72	-8.250	-25.289	-0.091
20.73	-8.238	-27.167	-0.086
20.74	-8.226	-28.841	-0.060
20.75	-8.214	-30.369	-0.117
20.76	-8.203	-31.580	-0.108
20.77	-8.191	-32.223	-0.065
20.78	-8.179	-32.616	-0.063
20.79	-8.169	-32.334	-0.039
20.8	-8.159	-31.472	-0.026
20.81	-8.151	-32.116	0.023
20.82	-8.141	-32.330	0.029
20.83	-8.133	-30.945	0.006
20.84	-8.126	-30.833	-0.004
20.85	-8.119	-31.311	-0.079
20.86	-8.114	-31.167	-0.107
20.87	-8.108	-30.484	-0.075
20.88	-8.101	-29.045	-0.068
20.89	-8.094	-27.514	-0.071
20.9	-8.088	-26.495	-0.100
20.91	-8.081	-25.772	-0.114
20.92	-8.076	-25.180	-0.071
20.93	-8.071	-24.795	-0.096
20.94	-8.067	-24.689	-0.163
20.95	-8.063	-24.786	0.027
20.96	-8.058	-24.908	0.627
20.97	-8.055	-25.014	1.164
20.98	-8.055	-25.180	0.718
20.99	-8.055	-25.342	0.107
21.0	-8.055	-25.498	0.054
21.01	-8.055	-25.769	-0.039
21.02	-8.056	-26.097	-0.081
21.03	-8.056	-26.359	-0.095
21.04	-8.057	-26.580	-0.094
21.05	-8.057	-26.606	-0.050
21.06	-8.055	-26.038	-0.065
21.07	-8.052	-24.891	-0.086
21.08	-8.048	-23.102	-0.039
21.09	-8.044	-19.678	-0.049
21.1	-8.041	-12.972	-0.053
21.11	-8.036	-1.164	-0.021
21.12	-8.030	16.789	0.008
21.13	-8.024	36.359	0.012
21.14	-8.019	48.133	0.030
21.15	-8.016	51.003	0.053
21.16	-8.012	51.133	0.071
21.17	-8.011	51.139	0.106
21.18	-8.011	51.139	0.130
21.19	-8.011	51.139	0.162
21.2	-8.012	51.139	0.150
21.21	-8.014	51.125	0.134
21.22	-8.015	50.716	0.102
21.23	-8.018	47.008	0.012
21.24	-8.020	37.981	-0.047
21.25	-8.023	27.509	-0.073
21.26	-8.025	18.255	-0.117
21.27	-8.027	10.091	-0.143
21.28	-8.028	3.803	-0.119
21.29	-8.030	-1.375	-0.123
21.3	-8.033	-6.573	-0.132
21.31	-8.034	-12.355	-0.102
21.32	-8.037	-19.447	-0.116
21.33	-8.040	-28.103	-0.132
21.34	-8.044	-37.814	-0.141
21.35	-8.051	-46.147	-0.103
21.36	-8.058	-50.275	-0.096
21.37	-8.068	-51.109	-0.096
21.38	-8.078	-51.138	-0.125
21.39	-8.089	-51.113	-0.124
21.4	-8.102	-50.441	-0.066
21.41	-8.116	-47.350	-0.131
21.42	-8.131	-41.436	-0.096
21.43	-8.147	-34.766	-0.073
21.44	-8.164	-28.978	-0.095
21.45	-8.181	-24.616	-0.089
21.46	-8.199	-21.884	-0.115
21.47	-8.218	-20.647	-0.101
21.48	-8.236	-20.638	-0.091
21.49	-8.254	-21.567	-0.099
21.5	-8.272	-23.156	-0.107
21.51	-8.291	-25.086	-0.096
21.52	-8.309	-27.131	-0.085
21.53	-8.327	-29.063	-0.086
21.54	-8.345	-30.580	-0.089
21.55	-8.363	-31.702	-0.114
21.56	-8.381	-32.520	-0.068
21.57	-8.400	-32.938	-0.048
21.58	-8.418	-33.009	-0.018
21.59	-8.437	-32.875	0.029
21.6	-8.456	-32.556	-0.016
21.61	-8.476	-32.175	-0.004
21.62	-8.496	-31.847	-0.005
21.63	-8.517	-31.548	-0.062
21.64	-8.538	-31.230	-0.076
21.65	-8.559	-30.803	-0.090
21.66	-8.581	-30.216	-0.090
21.67	-8.601	-29.484	-0.077
21.68	-8.619	-28.608	-0.123
21.69	-8.637	-27.669	-0.127
21.7	-8.655	-26.789	-0.110
21.71	-8.673	-25.838	-0.124
21.72	-8.691	-25.027	-0.178
21.73	-8.709	-24.570	-0.044
21.74	-8.728	-24.259	0.539
21.75	-8.745	-24.228	1.125
21.76	-8.765	-24.402	0.769
21.77	-8.786	-24.500	0.096
21.78	-8.807	-24.602	0.010
21.79	-8.825	-24.809	-0.034
21.8	-8.842	-25.059	-0.125
21.81	-8.858	-25.184	-0.117
21.82	-8.874	-25.106	-0.115
21.83	-8.889	-24.750	-0.138
21.84	-8.901	-23.947	-0.108
21.85	-8.908	-22.852	-0.097
21.86	-8.914	-21.458	-0.117
21.87	-8.922	-18.800	-0.089
21.88	-8.929	-13.200	-0.055
21.89	-8.937	-2.566	-0.064
21.9	-8.944	14.709	-0.047
21.91	-8.953	34.686	-0.031
21.92	-8.962	47.523	-0.009
21.93	-8.974	50.956	0.033
21.94	-8.988	51.130	0.072
21.95	-9.001	51.139	0.105
21.96	-9.016	51.139	0.106
21.97	-9.029	51.139	0.109
21.98	-9.044	51.139	0.129
21.99	-9.059	51.131	0.163
22.0	-9.074	50.848	0.106
22.01	-9.088	48.073	-0.015
22.02	-9.103	40.272	-0.048
22.03	-9.117	29.627	-0.099
22.04	-9.131	19.936	-0.122
22.05	-9.144	12.102	-0.114
22.06	-9.156	5.753	-0.178
22.07	-9.169	0.300	-0.149
22.08	-9.182	-4.975	-0.124
22.09	-9.194	-10.941	-0.152
22.1	-9.207	-18.439	-0.114
22.11	-9.220	-27.800	-0.142
22.12	-9.234	-38.286	-0.140
22.13	-9.248	-46.780	-0.110
22.14	-9.259	-50.523	-0.138
22.15	-9.269	-51.125	-0.137
22.16	-9.278	-51.134	-0.110
22.17	-9.286	-50.911	-0.083
22.18	-9.293	-48.891	-0.104
22.19	-9.302	-43.284	-0.112
22.2	-9.311	-35.400	-0.083
22.21	-9.320	-27.958	-0.123
22.22	-9.328	-22.211	-0.117
22.23	-9.338	-18.488	-0.087
22.24	-9.347	-16.717	-0.116
22.25	-9.357	-16.575	-0.097
22.26	-9.365	-17.569	-0.095
22.27	-9.373	-19.278	-0.100
22.28	-9.383	-21.420	-0.096
22.29	-9.391	-23.658	-0.113
22.3	-9.397	-25.766	-0.064
22.31	-9.403	-27.680	-0.069
22.32	-9.411	-29.306	-0.074
22.33	-9.416	-30.558	-0.039
22.34	-9.421	-31.422	-0.018
22.35	-9.424	-31.983	0.016
22.36	-9.429	-32.286	0.007
22.37	-9.432	-32.303	-0.020
22.38	-9.433	-32.083	-0.066
22.39	-9.431	-31.673	-0.077
22.4	-9.428	-31.031	-0.060
22.41	-9.421	-30.169	-0.099
22.42	-9.411	-29.178	-0.099
22.43	-9.398	-28.089	-0.107
22.44	-9.379	-26.955	-0.121
22.45	-9.358	-25.944	-0.109
22.46	-9.334	-25.116	-0.128
22.47	-9.309	-24.419	-0.130
22.48	-9.281	-23.872	-0.104
22.49	-9.251	-23.600	0.254
22.5	-9.221	-23.627	0.916
22.51	-9.194	-23.878	0.868
22.52	-9.171	-24.252	0.196
22.53	-9.148	-24.742	0.014
22.54	-9.121	-25.409	-0.002
22.55	-9.089	-26.109	-0.095
22.56	-9.056	-26.720	-0.092
22.57	-9.019	-27.227	-0.114
22.58	-8.981	-27.500	-0.112
22.59	-8.939	-27.350	-0.089
22.6	-8.896	-26.741	-0.091
22.61	-8.853	-25.742	-0.083
22.62	-8.813	-24.191	-0.084
22.63	-8.773	-21.331	-0.070
22.64	-8.734	-15.658	-0.041
22.65	-8.696	-5.047	-0.017
22.66	-8.661	12.205	0.018
22.67	-8.628	32.761	0.002
22.68	-8.598	46.764	0.029
22.69	-8.568	50.870	0.078
22.7	-8.539	51.125	0.087
22.71	-8.514	51.139	0.129
22.72	-8.490	51.139	0.146
22.73	-8.467	51.139	0.153
22.74	-8.446	51.134	0.177
22.75	-8.426	51.031	0.137
22.76	-8.408	49.053	0.025
22.77	-8.390	41.714	-0.043
22.78	-8.374	29.995	-0.065
22.79	-8.358	18.647	-0.114
22.8	-8.343	9.516	-0.115
22.81	-8.328	2.291	-0.132
22.82	-8.313	-3.642	-0.159
22.83	-8.300	-9.250	-0.126
22.84	-8.286	-15.573	-0.127
22.85	-8.274	-23.441	-0.138
22.86	-8.261	-33.058	-0.114
22.87	-8.249	-42.777	-0.122
22.88	-8.238	-49.052	-0.136
22.89	-8.226	-50.977	-0.104
22.9	-8.215	-51.133	-0.097
22.91	-8.206	-51.131	-0.109
22.92	-8.197	-50.741	-0.097
22.93	-8.189	-48.233	-0.096
22.94	-8.183	-42.403	-0.105
22.95	-8.176	-34.947	-0.093
22.96	-8.170	-28.148	-0.096
22.97	-8.163	-23.041	-0.111
22.98	-8.158	-19.886	-0.074
22.99	-8.153	-18.517	-0.060
23.0	-8.148	-18.584	-0.103
23.01	-8.143	-19.641	-0.100
23.02	-8.139	-21.327	-0.076
23.03	-8.136	-23.378	-0.096
23.04	-8.133	-25.552	-0.096
23.05	-8.131	-27.642	-0.084
23.06	-8.130	-29.489	-0.079
23.07	-8.129	-30.986	-0.064
23.08	-8.128	-32.103	-0.035
23.09	-8.127	-32.881	-0.039
23.1	-8.126	-33.314	-0.025
23.11	-8.126	-33.433	0.022
23.12	-8.127	-33.391	0.002
23.13	-8.126	-33.259	0.015
23.14	-8.126	-33.081	-0.041
23.15	-8.125	-32.830	-0.081
23.16	-8.124	-32.303	-0.054
23.17	-8.123	-31.508	-0.073
23.18	-8.122	-30.578	-0.068
23.19	-8.121	-29.544	-0.097
23.2	-8.120	-28.439	-0.108
23.21	-8.119	-27.380	-0.099
23.22	-8.119	-26.527	-0.094
23.23	-8.120	-25.938	-0.120
23.24	-8.121	-25.580	-0.145
23.25	-8.120	-25.469	0.179
23.26	-8.119	-25.616	0.896
23.27	-8.120	-25.905	1.107
23.28	-8.122	-26.102	0.425
23.29	-8.125	-26.163	0.025
23.3	-8.127	-26.320	0.010
23.31	-8.131	-26.522	-0.083
23.32	-8.134	-26.698	-0.119
23.33	-8.138	-26.833	-0.120
23.34	-8.141	-26.663	-0.106
23.35	-8.143	-26.077	-0.115
23.36	-8.143	-25.102	-0.086
23.37	-8.142	-23.633	-0.092
23.38	-8.141	-21.070	-0.090
23.39	-8.140	-15.984	-0.068
23.4	-8.139	-6.178	-0.050
23.41	-8.136	10.466	-0.052
23.42	-8.133	31.286	-0.026
23.43	-8.131	46.169	0.020
23.44	-8.129	50.794	0.021
23.45	-8.129	51.122	0.052
23.46	-8.129	51.139	0.081
23.47	-8.131	51.139	0.106
23.48	-8.134	51.139	0.154
23.49	-8.137	51.139	0.146
23.5	-8.141	51.139	0.125
23.51	-8.146	51.131	0.149
23.52	-8.152	50.952	0.062
23.53	-8.160	48.756	-0.026
23.54	-8.169	41.891	-0.061
23.55	-8.178	31.827	-0.109
23.56	-8.186	22.163	-0.135
23.57	-8.194	13.928	-0.124
23.58	-8.202	6.747	-0.119
23.59	-8.212	0.155	-0.126
23.6	-8.223	-6.466	-0.134
23.61	-8.232	-14.072	-0.138
23.62	-8.242	-23.359	-0.107
23.63	-8.252	-34.073	-0.124
23.64	-8.262	-43.992	-0.118
23.65	-8.273	-49.650	-0.110
23.66	-8.285	-51.069	-0.112
23.67	-8.297	-51.138	-0.117
23.68	-8.311	-51.136	-0.111
23.69	-8.325	-50.891	-0.092
23.7	-8.341	-48.797	-0.091
23.71	-8.357	-43.166	-0.094
23.72	-8.374	-35.481	-0.114
23.73	-8.393	-28.670	-0.101
23.74	-8.411	-23.852	-0.126
23.75	-8.428	-20.928	-0.119
23.76	-8.446	-19.819	-0.077
23.77	-8.464	-20.231	-0.087
23.78	-8.482	-21.609	-0.088
23.79	-8.501	-23.466	-0.097
23.8	-8.519	-25.477	-0.101
23.81	-8.539	-27.473	-0.087
23.82	-8.558	-29.255	-0.085
23.83	-8.577	-30.723	-0.113
23.84	-8.596	-31.867	-0.074
23.85	-8.616	-32.692	-0.049
23.86	-8.636	-33.288	-0.046
23.87	-8.656	-33.614	0.026
23.88	-8.675	-33.681	-0.002
23.89	-8.694	-33.639	-0.029
23.9	-8.713	-33.527	0.002
23.91	-8.733	-33.291	-0.045
23.92	-8.753	-32.819	-0.093
23.93	-8.773	-32.023	-0.092
23.94	-8.791	-30.978	-0.083
23.95	-8.807	-29.803	-0.093
23.96	-8.824	-28.577	-0.108
23.97	-8.840	-27.463	-0.099
23.98	-8.856	-26.614	-0.132
23.99	-8.873	-26.059	-0.142
24.0	-8.891	-25.747	-0.140
24.01	-8.909	-25.630	-0.028
24.02	-8.926	-25.698	0.512
24.03	-8.944	-25.933	1.091
24.04	-8.964	-26.283	0.756
24.05	-8.986	-26.680	0.108
24.06	-9.007	-27.069	0.017
24.07	-9.026	-27.545	-0.066
24.08	-9.044	-28.036	-0.098
24.09	-9.061	-28.195	-0.089
24.1	-9.078	-27.911	-0.142
24.11	-9.090	-27.184	-0.093
24.12	-9.099	-26.003	-0.107
24.13	-9.106	-24.508	-0.127
24.14	-9.111	-22.669	-0.091
24.15	-9.117	-19.781	-0.085
24.16	-9.123	-14.141	-0.043
24.17	-9.127	-3.266	-0.024
24.18	-9.132	14.734	-0.029
24.19	-9.138	35.269	-0.037
24.2	-9.144	47.875	0.012
24.21	-9.152	50.989	0.054
24.22	-9.162	51.131	0.064
24.23	-9.172	51.139	0.109
24.24	-9.181	51.139	0.123
24.25	-9.189	51.139	0.154
24.26	-9.199	51.139	0.172
24.27	-9.208	51.136	0.141
24.28	-9.218	51.081	0.104
24.29	-9.228	49.759	0.007
24.3	-9.237	43.994	-0.061
24.31	-9.246	33.644	-0.052
24.32	-9.255	22.847	-0.121
24.33	-9.264	13.769	-0.147
24.34	-9.271	6.142	-0.118
24.35	-9.279	-0.416	-0.133
24.36	-9.288	-6.770	-0.137
24.37	-9.296	-14.091	-0.139
24.38	-9.304	-23.148	-0.095
24.39	-9.310	-33.880	-0.105
24.4	-9.315	-43.970	-0.140
24.41	-9.318	-49.681	-0.110
24.42	-9.319	-51.072	-0.117
24.43	-9.319	-51.138	-0.117
24.44	-9.318	-51.134	-0.096
24.45	-9.318	-50.838	-0.101
24.46	-9.317	-48.436	-0.084
24.47	-9.316	-42.247	-0.099
24.48	-9.315	-34.095	-0.105
24.49	-9.313	-26.900	-0.097
24.5	-9.309	-21.792	-0.110
24.51	-9.306	-18.917	-0.085
24.52	-9.302	-17.972	-0.103
24.53	-9.297	-18.489	-0.093
24.54	-9.290	-20.030	-0.084
24.55	-9.282	-22.138	-0.105
24.56	-9.273	-24.502	-0.076
24.57	-9.263	-26.884	-0.079
24.58	-9.251	-28.981	-0.087
24.59	-9.240	-30.677	-0.089
24.6	-9.228	-32.067	-0.052
24.61	-9.215	-33.173	-0.030
24.62	-9.202	-33.897	-0.005
24.63	-9.188	-34.280	0.005
24.64	-9.173	-34.492	-0.020
24.65	-9.159	-34.570	0.000
24.66	-9.144	-34.413	-0.058
24.67	-9.129	-33.927	-0.075
24.68	-9.113	-33.056	-0.080
24.69	-9.098	-31.861	-0.100
24.7	-9.082	-30.528	-0.098
24.71	-9.067	-29.277	-0.108
24.72	-9.052	-28.245	-0.099
24.73	-9.037	-27.447	-0.105
24.74	-9.024	-26.916	-0.099
24.75	-9.012	-26.709	-0.159
24.76	-8.999	-26.730	-0.052
24.77	-8.984	-26.886	0.522
24.78	-8.971	-27.148	1.057
24.79	-8.963	-27.448	0.690
24.8	-8.957	-27.775	0.075
24.81	-8.951	-28.175	0.017
24.82	-8.943	-28.683	-0.035
24.83	-8.932	-29.256	-0.094
24.84	-8.920	-29.670	-0.118
24.85	-8.907	-29.672	-0.111
24.86	-8.891	-29.200	-0.090
24.87	-8.872	-28.294	-0.096
24.88	-8.850	-27.041	-0.080
24.89	-8.828	-25.514	-0.077
24.9	-8.806	-23.320	-0.055
24.91	-8.783	-19.052	-0.069
24.92	-8.761	-10.413	-0.048
24.93	-8.738	4.881	-0.024
24.94	-8.715	25.834	-0.003
24.95	-8.693	43.348	0.035
24.96	-8.671	50.291	0.038
24.97	-8.650	51.120	0.078
24.98	-8.629	51.139	0.109
24.99	-8.610	51.139	0.159
25.0	-8.590	51.139	0.182
25.01	-8.571	51.139	0.153
25.02	-8.552	51.134	0.167
25.03	-8.533	51.042	0.102
25.04	-8.514	49.202	0.012
25.05	-8.496	42.191	-0.027
25.06	-8.477	30.722	-0.106
25.07	-8.460	19.338	-0.136
25.08	-8.443	9.986	-0.107
25.09	-8.425	2.337	-0.116
25.1	-8.409	-4.328	-0.119
25.11	-8.394	-10.998	-0.119
25.12	-8.379	-18.777	-0.122
25.13	-8.365	-28.380	-0.102
25.14	-8.351	-39.058	-0.125
25.15	-8.339	-47.338	-0.133
25.16	-8.325	-50.684	-0.112
25.17	-8.311	-51.133	-0.111
25.18	-8.299	-51.139	-0.077
25.19	-8.289	-51.133	-0.108
25.2	-8.280	-50.706	-0.105
25.21	-8.271	-47.875	-0.074
25.22	-8.264	-41.356	-0.104
25.23	-8.258	-33.477	-0.091
25.24	-8.252	-26.911	-0.081
25.25	-8.247	-22.397	-0.071
25.26	-8.241	-19.938	-0.079
25.27	-8.236	-19.242	-0.073
25.28	-8.232	-19.873	-0.066
25.29	-8.227	-21.422	-0.122
25.3	-8.223	-23.519	-0.085
25.31	-8.219	-25.852	-0.054
25.32	-8.217	-28.191	-0.080
25.33	-8.217	-30.323	-0.066
25.34	-8.216	-32.133	-0.059
25.35	-8.216	-33.623	-0.067
25.36	-8.214	-34.791	-0.055
25.37	-8.213	-35.591	-0.015
25.38	-8.212	-36.053	0.007
25.39	-8.211	-36.255	0.016
25.4	-8.211	-36.153	0.012
25.41	-8.211	-35.858	0.004
25.42	-8.212	-35.477	0.011
25.43	-8.213	-34.902	-0.048
25.44	-8.213	-34.116	-0.072
25.45	-8.213	-33.147	-0.059
25.46	-8.214	-32.053	-0.074
25.47	-8.214	-30.975	-0.088
25.48	-8.214	-29.975	-0.103
25.49	-8.214	-28.995	-0.106
25.5	-8.213	-28.011	-0.105
25.51	-8.213	-27.202	-0.092
25.52	-8.213	-26.792	-0.132
25.53	-8.213	-26.703	0.043
25.54	-8.211	-26.819	0.751
25.55	-8.211	-27.122	1.214
25.56	-8.214	-27.516	0.588
25.57	-8.216	-27.942	0.068
25.58	-8.219	-28.405	0.035
25.59	-8.223	-28.813	-0.077
25.6	-8.226	-29.013	-0.085
25.61	-8.229	-28.997	-0.115
25.62	-8.231	-28.691	-0.118
25.63	-8.232	-27.911	-0.121
25.64	-8.232	-26.694	-0.100
25.65	-8.231	-25.142	-0.071
25.66	-8.228	-22.706	-0.087
25.67	-8.225	-17.697	-0.073
25.68	-8.221	-7.689	-0.026
25.69	-8.217	9.497	-0.038
25.7	-8.213	31.002	-0.065
25.71	-8.208	46.219	0.019
25.72	-8.204	50.827	0.045
25.73	-8.201	51.123	0.030
25.74	-8.201	51.139	0.087
25.75	-8.200	51.139	0.111
25.76	-8.201	51.139	0.132
25.77	-8.203	51.139	0.143
25.78	-8.204	51.139	0.160
25.79	-8.206	51.136	0.135
25.8	-8.207	51.066	0.057
25.81	-8.209	49.611	0.007
25.82	-8.212	43.813	-0.059
25.83	-8.214	33.905	-0.079
25.84	-8.216	23.664	-0.098
25.85	-8.216	14.933	-0.144
25.86	-8.216	7.472	-0.135
25.87	-8.217	0.588	-0.110
25.88	-8.219	-6.525	-0.116
25.89	-8.221	-14.522	-0.129
25.9	-8.223	-24.067	-0.137
25.91	-8.225	-35.164	-0.103
25.92	-8.228	-45.050	-0.109
25.93	-8.231	-50.078	-0.112
25.94	-8.234	-51.102	-0.100
25.95	-8.237	-51.139	-0.111
25.96	-8.239	-51.138	-0.118
25.97	-8.242	-51.086	-0.098
25.98	-8.245	-49.992	-0.081
25.99	-8.248	-45.628	-0.089
26.0	-8.251	-38.202	-0.093
26.01	-8.254	-30.842	-0.095
26.02	-8.258	-25.520	-0.090
26.03	-8.262	-22.589	-0.093
26.04	-8.268	-21.781	-0.097
26.05	-8.272	-22.494	-0.093
26.06	-8.277	-24.142	-0.074
26.07	-8.282	-26.244	-0.083
26.08	-8.287	-28.480	-0.103
26.09	-8.292	-30.672	-0.092
26.1	-8.296	-32.642	-0.070
26.11	-8.300	-34.270	-0.084
26.12	-8.304	-35.558	-0.058
26.13	-8.308	-36.541	-0.070
26.14	-8.311	-37.203	-0.060
26.15	-8.314	-37.469	-0.009
26.16	-8.317	-37.394	-0.038
26.17	-8.319	-37.175	0.030
26.18	-8.323	-36.898	0.036
26.19	-8.327	-36.528	-0.014
26.2	-8.331	-36.095	-0.017
26.21	-8.334	-35.622	-0.063
26.22	-8.338	-34.992	-0.077
26.23	-8.341	-34.177	-0.071
26.24	-8.342	-33.244	-0.089
26.25	-8.344	-32.094	-0.138
26.26	-8.344	-30.706	-0.100
26.27	-8.344	-29.320	-0.071
26.28	-8.346	-28.213	-0.091
26.29	-8.349	-27.498	-0.144
26.3	-8.351	-27.156	-0.158
26.31	-8.354	-27.219	0.210
26.32	-8.356	-27.603	0.911
26.33	-8.359	-28.081	1.131
26.34	-8.364	-28.545	0.427
26.35	-8.369	-28.977	0.039
26.36	-8.373	-29.405	0.006
26.37	-8.378	-29.817	-0.075
26.38	-8.383	-30.123	-0.090
26.39	-8.388	-30.170	-0.120
26.4	-8.391	-29.797	-0.082
26.41	-8.391	-28.911	-0.127
26.42	-8.387	-27.561	-0.106
26.43	-8.381	-25.745	-0.075
26.44	-8.374	-22.769	-0.060
26.45	-8.367	-17.036	-0.044
26.46	-8.359	-6.183	-0.063
26.47	-8.351	11.880	-0.030
26.48	-8.343	33.231	-0.001
26.49	-8.337	47.166	0.018
26.5	-8.332	50.936	0.043
26.51	-8.329	51.128	0.075
26.52	-8.328	51.139	0.086
26.53	-8.329	51.139	0.129
26.54	-8.331	51.139	0.152
26.55	-8.335	51.139	0.155
26.56	-8.339	51.139	0.210
26.57	-8.344	51.131	0.162
26.58	-8.350	50.848	0.081
26.59	-8.356	48.081	0.047
26.6	-8.360	40.280	-0.016
26.61	-8.364	29.583	-0.045
26.62	-8.367	19.702	-0.101
26.63	-8.368	11.395	-0.100
26.64	-8.369	4.219	-0.062
26.65	-8.373	-2.450	-0.094
26.66	-8.377	-9.478	-0.092
26.67	-8.383	-17.791	-0.088
26.68	-8.386	-27.975	-0.084
26.69	-8.391	-39.159	-0.103
26.7	-8.398	-47.559	-0.106
26.71	-8.406	-50.752	-0.086
26.72	-8.414	-51.133	-0.093
26.73	-8.422	-51.141	-0.110
26.74	-8.431	-51.138	-0.112
26.75	-8.438	-51.086	-0.094
26.76	-8.444	-49.980	-0.104
26.77	-8.451	-45.497	-0.098
26.78	-8.459	-37.870	-0.102
26.79	-8.467	-30.477	-0.112
26.8	-8.476	-25.298	-0.093
26.81	-8.485	-22.497	-0.088
26.82	-8.494	-21.788	-0.103
26.83	-8.505	-22.617	-0.107
26.84	-8.516	-24.419	-0.091
26.85	-8.528	-26.750	-0.116
26.86	-8.539	-29.266	-0.097
26.87	-8.551	-31.680	-0.074
26.88	-8.563	-33.756	-0.082
26.89	-8.576	-35.413	-0.092
26.9	-8.588	-36.663	-0.103
26.91	-8.601	-37.495	-0.069
26.92	-8.614	-37.925	-0.076
26.93	-8.627	-38.028	-0.079
26.94	-8.641	-37.900	-0.055
26.95	-8.653	-37.572	-0.049
26.96	-8.664	-37.167	-0.007
26.97	-8.677	-36.878	0.015
26.98	-8.690	-36.611	0.030
26.99	-8.703	-36.191	0.016
27.0	-8.716	-35.605	-0.026
27.01	-8.730	-34.900	-0.044
27.02	-8.744	-34.219	-0.091
27.03	-8.756	-33.283	-0.080
27.04	-8.768	-31.778	-0.078
27.05	-8.779	-30.095	-0.107
27.06	-8.789	-28.577	-0.102
27.07	-8.800	-27.322	-0.106
27.08	-8.811	-26.480	-0.088
27.09	-8.822	-26.130	-0.116
27.1	-8.834	-26.277	-0.135
27.11	-8.844	-26.836	0.145
27.12	-8.854	-27.600	0.810
27.13	-8.866	-28.364	1.140
27.14	-8.880	-29.003	0.476
27.15	-8.894	-29.514	0.011
27.16	-8.908	-29.984	0.025
27.17	-8.920	-30.388	-0.081
27.18	-8.933	-30.616	-0.082
27.19	-8.944	-30.580	-0.110
27.2	-8.955	-30.148	-0.123
27.21	-8.963	-29.248	-0.091
27.22	-8.968	-27.967	-0.104
27.23	-8.971	-26.316	-0.086
27.24	-8.974	-23.928	-0.071
27.25	-8.976	-19.725	-0.078
27.26	-8.978	-11.347	-0.045
27.27	-8.978	4.270	-0.028
27.28	-8.979	26.080	-0.020
27.29	-8.979	43.820	0.009
27.3	-8.981	50.423	0.021
27.31	-8.985	51.119	0.071
27.32	-8.989	51.139	0.084
27.33	-8.995	51.139	0.102
27.34	-9.001	51.139	0.164
27.35	-9.006	51.139	0.177
27.36	-9.013	51.138	0.174
27.37	-9.018	51.128	0.153
27.38	-9.023	50.516	0.096
27.39	-9.026	46.352	0.004
27.4	-9.030	36.908	-0.065
27.41	-9.034	25.686	-0.088
27.42	-9.038	16.064	-0.116
27.43	-9.040	8.264	-0.141
27.44	-9.042	1.705	-0.115
27.45	-9.044	-4.394	-0.113
27.46	-9.046	-10.950	-0.134
27.47	-9.046	-18.863	-0.102
27.48	-9.046	-28.738	-0.113
27.49	-9.047	-39.631	-0.130
27.5	-9.047	-47.745	-0.099
27.51	-9.046	-50.781	-0.097
27.52	-9.044	-51.133	-0.133
27.53	-9.039	-51.139	-0.129
27.54	-9.032	-51.134	-0.076
27.55	-9.023	-50.788	-0.078
27.56	-9.014	-48.158	-0.105
27.57	-9.004	-41.791	-0.098
27.58	-8.994	-34.030	-0.107
27.59	-8.982	-27.700	-0.088
27.6	-8.971	-23.477	-0.075
27.61	-8.959	-21.316	-0.087
27.62	-8.948	-20.877	-0.076
27.63	-8.937	-21.742	-0.077
27.64	-8.926	-23.502	-0.076
27.65	-8.915	-25.708	-0.073
27.66	-8.904	-28.022	-0.091
27.67	-8.894	-30.255	-0.081
27.68	-8.883	-32.275	-0.087
27.69	-8.872	-34.044	-0.079
27.7	-8.861	-35.491	-0.044
27.71	-8.849	-36.550	-0.079
27.72	-8.838	-37.302	-0.055
27.73	-8.827	-37.783	-0.003
27.74	-8.816	-37.989	-0.009
27.75	-8.806	-37.970	0.026
27.76	-8.796	-37.744	0.004
27.77	-8.786	-37.322	-0.004
27.78	-8.778	-36.714	0.008
27.79	-8.769	-35.916	-0.060
27.8	-8.759	-34.955	-0.063
27.81	-8.749	-33.858	-0.064
27.82	-8.739	-32.616	-0.096
27.83	-8.728	-31.253	-0.109
27.84	-8.718	-29.953	-0.123
27.85	-8.708	-28.941	-0.082
27.86	-8.699	-28.266	-0.088
27.87	-8.691	-27.888	-0.096
27.88	-8.684	-27.738	-0.148
27.89	-8.677	-27.844	-0.001
27.9	-8.669	-28.205	0.629
27.91	-8.661	-28.652	1.109
27.92	-8.657	-29.094	0.631
27.93	-8.653	-29.481	0.069
27.94	-8.649	-29.866	0.071
27.95	-8.646	-30.319	-0.024
27.96	-8.642	-30.683	-0.064
27.97	-8.638	-30.873	-0.060
27.98	-8.633	-30.834	-0.098
27.99	-8.627	-30.380	-0.080
28.0	-8.619	-29.489	-0.055
28.01	-8.610	-28.227	-0.036
28.02	-8.602	-26.439	-0.050
28.03	-8.592	-23.491	-0.058
28.04	-8.582	-17.948	-0.026
28.05	-8.571	-7.630	0.012
28.06	-8.561	9.458	0.025
28.07	-8.549	30.670	0.008
28.08	-8.540	45.930	0.045
28.09	-8.532	50.758	0.079
28.1	-8.527	51.120	0.072
28.11	-8.523	51.139	0.107
28.12	-8.519	51.139	0.143
28.13	-8.516	51.139	0.170
28.14	-8.513	51.139	0.185
28.15	-8.511	51.130	0.150
28.16	-8.509	50.789	0.105
28.17	-8.508	47.598	0.034
28.18	-8.507	38.852	-0.049
28.19	-8.505	27.136	-0.104
28.2	-8.503	16.608	-0.119
28.21	-8.501	8.092	-0.105
28.22	-8.499	1.156	-0.128
28.23	-8.498	-4.855	-0.152
28.24	-8.497	-10.997	-0.132
28.25	-8.496	-18.459	-0.101
28.26	-8.495	-28.008	-0.133
28.27	-8.494	-38.869	-0.108
28.28	-8.494	-47.325	-0.110
28.29	-8.494	-50.697	-0.127
28.3	-8.493	-51.133	-0.102
28.31	-8.493	-51.139	-0.128
28.32	-8.493	-51.134	-0.115
28.33	-8.493	-50.861	-0.088
28.34	-8.494	-48.573	-0.101
28.35	-8.495	-42.594	-0.096
28.36	-8.496	-34.753	-0.106
28.37	-8.498	-27.955	-0.077
28.38	-8.499	-23.191	-0.095
28.39	-8.502	-20.597	-0.120
28.4	-8.504	-19.963	-0.066
28.41	-8.508	-20.761	-0.098
28.42	-8.511	-22.444	-0.121
28.43	-8.514	-24.653	-0.090
28.44	-8.518	-27.097	-0.081
28.45	-8.520	-29.484	-0.073
28.46	-8.522	-31.600	-0.069
28.47	-8.523	-33.383	-0.112
28.48	-8.523	-34.822	-0.108
28.49	-8.523	-35.883	-0.067
28.5	-8.521	-36.594	-0.098
28.51	-8.519	-36.978	-0.077
28.52	-8.518	-36.997	-0.076
28.53	-8.518	-36.695	-0.077
28.54	-8.518	-36.258	-0.013
28.55	-8.518	-35.822	-0.024
28.56	-8.518	-35.372	0.019
28.57	-8.519	-34.869	0.022
28.58	-8.520	-34.314	-0.010
28.59	-8.521	-33.720	0.002
28.6	-8.522	-33.083	-0.039
28.61	-8.523	-32.302	-0.077
28.62	-8.523	-31.338	-0.053
28.63	-8.523	-30.291	-0.067
28.64	-8.522	-29.161	-0.117
28.65	-8.521	-27.994	-0.098
28.66	-8.520	-26.978	-0.082
28.67	-8.521	-26.177	-0.090
28.68	-8.524	-25.589	-0.097
28.69	-8.528	-25.334	-0.148
28.7	-8.533	-25.439	-0.083
28.71	-8.537	-25.792	0.316
28.72	-8.544	-26.342	0.985
28.73	-8.555	-26.984	1.018
28.74	-8.568	-27.563	0.277
28.75	-8.582	-28.005	0.043
28.76	-8.594	-28.313	-0.010
28.77	-8.607	-28.552	-0.100
28.78	-8.622	-28.750	-0.087
28.79	-8.636	-28.811	-0.119
28.8	-8.649	-28.583	-0.107
28.81	-8.659	-27.944	-0.106
28.82	-8.667	-26.819	-0.075
28.83	-8.672	-25.084	-0.082
28.84	-8.678	-21.950	-0.055
28.85	-8.682	-15.581	-0.074
28.86	-8.686	-3.695	-0.064
28.87	-8.691	15.089	0.010
28.88	-8.696	35.752	-0.007
28.89	-8.701	48.064	-0.004
28.9	-8.708	51.005	0.038
28.91	-8.716	51.133	0.072
28.92	-8.726	51.139	0.107
28.93	-8.738	51.139	0.134
28.94	-8.749	51.139	0.143
28.95	-8.761	51.139	0.171
28.96	-8.773	51.136	0.181
28.97	-8.785	51.100	0.140
28.98	-8.797	50.091	0.078
28.99	-8.809	45.159	-0.009
29.0	-8.821	35.727	-0.072
29.01	-8.832	25.503	-0.079
29.02	-8.842	16.858	-0.122
29.03	-8.851	9.617	-0.124
29.04	-8.862	3.267	-0.113
29.05	-8.874	-2.781	-0.156
29.06	-8.885	-9.313	-0.127
29.07	-8.896	-17.195	-0.100
29.08	-8.906	-27.019	-0.131
29.09	-8.917	-38.081	-0.110
29.1	-8.928	-46.889	-0.101
29.11	-8.939	-50.598	-0.125
29.12	-8.949	-51.131	-0.105
29.13	-8.959	-51.138	-0.117
29.14	-8.967	-51.119	-0.101
29.15	-8.976	-50.477	-0.080
29.16	-8.986	-47.145	-0.135
29.17	-8.996	-40.458	-0.103
29.18	-9.007	-33.034	-0.084
29.19	-9.018	-27.164	-0.107
29.2	-9.029	-23.391	-0.100
29.21	-9.040	-21.639	-0.118
29.22	-9.051	-21.498	-0.108
29.23	-9.061	-22.511	-0.087
29.24	-9.072	-24.263	-0.088
29.25	-9.082	-26.331	-0.082
29.26	-9.093	-28.386	-0.086
29.27	-9.103	-30.261	-0.082
29.28	-9.112	-31.897	-0.095
29.29	-9.121	-33.328	-0.119
29.3	-9.129	-34.541	-0.074
29.31	-9.137	-35.495	-0.068
29.32	-9.144	-36.194	-0.106
29.33	-9.152	-36.563	-0.076
29.34	-9.159	-36.567	-0.063
29.35	-9.167	-36.270	-0.058
29.36	-9.175	-35.744	-0.026
29.37	-9.184	-35.155	0.000
29.38	-9.192	-34.600	0.006
29.39	-9.199	-34.016	0.013
29.4	-9.208	-33.438	-0.011
29.41	-9.216	-32.867	-0.050
29.42	-9.223	-32.198	-0.068
29.43	-9.229	-31.389	-0.089
29.44	-9.234	-30.372	-0.089
29.45	-9.239	-29.100	-0.108
29.46	-9.244	-27.781	-0.115
29.47	-9.248	-26.714	-0.079
29.48	-9.251	-25.964	-0.121
29.49	-9.254	-25.475	-0.107
29.5	-9.258	-25.306	-0.110
29.51	-9.263	-25.492	-0.130
29.52	-9.264	-25.897	0.224
29.53	-9.265	-26.395	0.878
29.54	-9.269	-26.980	0.967
29.55	-9.278	-27.611	0.301
29.56	-9.286	-28.255	0.008
29.57	-9.294	-28.927	0.024
29.58	-9.298	-29.620	-0.079
29.59	-9.301	-30.302	-0.087
29.6	-9.302	-30.692	-0.103
29.61	-9.300	-30.877	-0.110
29.62	-9.293	-31.348	-0.078
29.63	-9.284	-30.008	-0.082
29.64	-9.273	-26.883	-0.096
29.65	-9.263	-24.600	-0.052
29.66	-9.251	-20.839	-0.057
29.67	-9.237	-12.328	-0.069
29.68	-9.221	2.277	0.002
29.69	-9.203	22.781	0.019
29.7	-9.186	41.456	0.002
29.71	-9.168	49.881	0.039
29.72	-9.151	51.117	0.051
29.73	-9.134	51.136	0.101
29.74	-9.117	51.139	0.112
29.75	-9.100	51.139	0.125
29.76	-9.083	51.139	0.183
29.77	-9.066	51.130	0.174
29.78	-9.049	50.903	0.133
29.79	-9.031	48.236	0.075
29.8	-9.013	40.023	-0.022
29.81	-8.994	28.278	-0.073
29.82	-8.977	17.575	-0.088
29.83	-8.958	9.238	-0.124
29.84	-8.939	2.763	-0.125
29.85	-8.921	-2.880	-0.128
29.86	-8.904	-7.989	-0.145
29.87	-8.884	-13.317	-0.151
29.88	-8.865	-20.966	-0.137
29.89	-8.846	-31.150	-0.108
29.9	-8.828	-41.600	-0.116
29.91	-8.809	-48.608	-0.107
29.92	-8.791	-50.916	-0.132
29.93	-8.773	-51.134	-0.117
29.94	-8.754	-51.138	-0.093
29.95	-8.736	-51.084	-0.128
29.96	-8.718	-49.953	-0.090
29.97	-8.702	-45.753	-0.083
29.98	-8.686	-39.350	-0.093
29.99	-8.670	-32.692	-0.085
30.0	-8.656	-26.533	-0.096
30.01	-8.643	-22.711	-0.085
30.02	-8.629	-21.556	-0.081
30.03	-8.616	-21.913	-0.091
30.04	-8.606	-23.267	-0.085
30.05	-8.595	-25.064	-0.072
30.06	-8.586	-27.119	-0.095
30.07	-8.576	-29.423	-0.069
30.08	-8.568	-31.588	-0.096
30.09	-8.558	-33.472	-0.089
30.1	-8.549	-34.922	-0.050
30.11	-8.540	-36.388	-0.097
30.12	-8.533	-37.608	-0.065
30.13	-8.524	-37.852	-0.070
30.14	-8.516	-38.023	-0.100
30.15	-8.510	-38.220	-0.046
30.16	-8.504	-38.166	-0.032
30.17	-8.499	-38.295	-0.045
30.18	-8.494	-38.238	0.008
30.19	-8.490	-38.058	0.045
30.2	-8.486	-38.981	0.015
30.21	-8.481	-40.775	0.034
30.22	-8.477	-42.267	0.012
30.23	-8.472	-41.505	-0.050
30.24	-8.467	-37.773	-0.067
30.25	-8.463	-34.619	-0.069
30.26	-8.458	-33.005	-0.075
30.27	-8.453	-30.942	-0.060
30.28	-8.449	-28.311	-0.072
30.29	-8.446	-25.697	-0.097
30.3	-8.443	-23.805	-0.090
30.31	-8.439	-22.767	-0.086
30.32	-8.437	-22.050	-0.134
30.33	-8.434	-21.697	-0.060
30.34	-8.432	-21.758	0.421
30.35	-8.430	-22.545	1.072
30.36	-8.431	-24.608	0.918
30.37	-8.434	-25.841	0.210
30.38	-8.437	-25.377	0.023
30.39	-8.439	-25.614	-0.006
30.4	-8.441	-27.025	-0.083
30.41	-8.443	-28.548	-0.088
30.42	-8.444	-29.613	-0.117
30.43	-8.444	-29.905	-0.092
30.44	-8.441	-29.408	-0.071
30.45	-8.438	-27.897	-0.092
30.46	-8.434	-25.450	-0.086
30.47	-8.429	-21.963	-0.039
30.48	-8.424	-15.677	-0.058
30.49	-8.419	-3.859	-0.037
30.5	-8.414	14.628	-0.007
30.51	-8.409	34.861	-0.021
30.52	-8.407	47.514	0.010
30.53	-8.406	50.948	0.042
30.54	-8.409	51.130	0.064
30.55	-8.415	51.139	0.103
30.56	-8.424	51.139	0.137
30.57	-8.437	51.139	0.143
30.58	-8.452	51.136	0.170
30.59	-8.468	51.098	0.173
30.6	-8.486	50.019	0.153
30.61	-8.502	44.573	0.089
30.62	-8.519	33.442	-0.007
30.63	-8.534	20.209	-0.058
30.64	-8.550	9.648	-0.096
30.65	-8.566	2.967	-0.043
30.66	-8.581	-2.872	-0.123
30.67	-8.596	-9.422	-0.131
30.68	-8.613	-15.975	-0.062
30.69	-8.628	-22.484	-0.134
30.7	-8.643	-29.616	-0.163
30.71	-8.656	-37.934	-0.152
30.72	-8.668	-45.753	-0.143
30.73	-8.677	-50.077	-0.092
30.74	-8.684	-51.092	-0.102
30.75	-8.690	-51.138	-0.194
30.76	-8.695	-51.141	-0.130
30.77	-8.699	-51.139	-0.121
30.78	-8.703	-51.125	-0.146
30.79	-8.704	-50.617	-0.123
30.8	-8.706	-47.656	-0.166
30.81	-8.707	-41.325	-0.139
30.82	-8.709	-34.183	-0.172
30.83	-8.710	-28.873	-0.168
30.84	-8.712	-25.814	-0.080
30.85	-8.713	-24.441	-0.160
30.86	-8.714	-24.253	-0.202
30.87	-8.714	-24.963	-0.142
30.88	-8.714	-26.723	-0.196
30.89	-8.716	-29.531	-0.100
30.9	-8.717	-32.656	-0.104
30.91	-8.718	-35.494	-0.229
30.92	-8.719	-37.420	-0.179
30.93	-8.719	-38.308	-0.157
30.94	-8.719	-39.050	-0.144
30.95	-8.720	-39.823	-0.125
30.96	-8.721	-39.895	-0.119
30.97	-8.722	-39.000	-0.199
30.98	-8.724	-37.659	-0.138
30.99	-8.726	-36.841	-0.085
31.0	-8.730	-36.689	-0.141
31.01	-8.734	-36.480	-0.079
31.02	-8.737	-35.877	-0.102
31.03	-8.740	-35.428	-0.077
31.04	-8.743	-35.245	-0.024
31.05	-8.745	-34.033	-0.037
31.06	-8.746	-31.078	-0.083
31.07	-8.746	-27.230	-0.132
31.08	-8.744	-23.002	-0.158
31.09	-8.742	-18.887	-0.131
31.1	-8.739	-16.503	-0.189
31.11	-8.733	-15.873	-0.136
31.12	-8.726	-15.131	-0.158
31.13	-8.717	-13.616	-0.208
31.14	-8.706	-12.838	-0.116
31.15	-8.695	-14.273	-0.159
31.16	-8.685	-16.889	-0.146
31.17	-8.675	-19.016	0.053
31.18	-8.664	-20.622	0.697
31.19	-8.657	-22.014	1.232
31.2	-8.651	-23.283	0.727
31.21	-8.646	-24.736	0.109
31.22	-8.641	-26.494	0.078
31.23	-8.639	-27.998	-0.006
31.24	-8.638	-28.530	-0.123
31.25	-8.638	-28.403	-0.074
31.26	-8.634	-28.253	-0.066
31.27	-8.624	-28.153	-0.083
31.28	-8.608	-28.100	-0.023
31.29	-8.589	-28.097	-0.045
31.3	-8.569	-27.422	-0.075
31.31	-8.549	-24.241	-0.073
31.32	-8.531	-16.480	-0.017
31.33	-8.512	-2.469	-0.010
31.34	-8.496	18.072	-0.019
31.35	-8.480	38.466	0.027
31.36	-8.467	49.044	0.014
31.37	-8.456	51.069	0.078
31.38	-8.446	51.133	0.085
31.39	-8.438	51.139	0.133
31.4	-8.430	51.139	0.209
31.41	-8.423	51.139	0.171
31.42	-8.416	51.139	0.191
31.43	-8.410	51.136	0.208
31.44	-8.404	51.081	0.125
31.45	-8.398	49.928	0.054
31.46	-8.389	45.236	0.010
31.47	-8.381	36.823	-0.054
31.48	-8.371	27.328	-0.084
31.49	-8.362	18.623	-0.070
31.5	-8.351	10.994	-0.081
31.51	-8.340	3.734	-0.103
31.52	-8.329	-3.566	-0.090
31.53	-8.318	-10.911	-0.066
31.54	-8.307	-18.542	-0.069
31.55	-8.296	-26.686	-0.087
31.56	-8.285	-35.642	-0.061
31.57	-8.274	-44.325	-0.055
31.58	-8.265	-49.627	-0.073
31.59	-8.256	-51.058	-0.052
31.6	-8.246	-51.133	-0.063
31.61	-8.237	-51.044	-0.039
31.62	-8.228	-49.836	-0.038
31.63	-8.221	-45.805	-0.037
31.64	-8.215	-39.683	-0.024
31.65	-8.212	-34.059	-0.045
31.66	-8.211	-30.055	-0.054
31.67	-8.211	-27.478	-0.048
31.68	-8.211	-25.931	-0.042
31.69	-8.213	-25.108	-0.030
31.7	-8.214	-24.789	-0.018
31.71	-8.214	-25.045	-0.024
31.72	-8.215	-26.045	-0.031
31.73	-8.215	-27.638	-0.046
31.74	-8.216	-29.369	-0.052
31.75	-8.216	-30.784	-0.030
31.76	-8.217	-31.923	-0.028
31.77	-8.218	-33.011	-0.037
31.78	-8.221	-33.992	-0.028
31.79	-8.224	-34.750	-0.023
31.8	-8.226	-34.850	-0.026
31.81	-8.229	-33.730	-0.033
31.82	-8.232	-31.475	-0.021
31.83	-8.236	-28.463	0.003
31.84	-8.239	-25.030	0.023
31.85	-8.242	-21.559	0.060
31.86	-8.246	-18.622	0.096
31.87	-8.249	-16.997	0.072
31.88	-8.253	-16.295	0.061
31.89	-8.256	-15.036	0.055
31.9	-8.259	-13.002	-0.008
31.91	-8.261	-11.069	-0.017
31.92	-8.263	-9.792	-0.012
31.93	-8.266	-9.275	-0.019
31.94	-8.268	-9.233	-0.043
31.95	-8.269	-9.642	-0.040
31.96	-8.271	-10.506	-0.021
31.97	-8.272	-11.759	-0.027
31.98	-8.273	-13.655	-0.075
31.99	-8.274	-15.902	-0.098
32.0	-8.277	-17.992	0.154
32.01	-8.281	-20.073	0.827
32.02	-8.287	-22.139	1.262
32.03	-8.296	-23.739	0.674
32.04	-8.308	-24.694	0.133
32.05	-8.318	-25.394	0.094
32.06	-8.329	-26.183	-0.014
32.07	-8.342	-26.742	-0.022
32.08	-8.357	-26.913	-0.042
32.09	-8.372	-27.116	-0.042
32.1	-8.384	-27.209	-0.014
32.11	-8.393	-26.720	-0.014
32.12	-8.399	-25.803	-0.012
32.13	-8.404	-24.009	-0.013
32.14	-8.409	-20.075	-0.001
32.15	-8.413	-12.725	0.026
32.16	-8.419	0.650	0.044
32.17	-8.425	21.088	0.061
32.18	-8.430	40.517	0.082
32.19	-8.436	49.639	0.088
32.2	-8.444	51.106	0.108
32.21	-8.453	51.134	0.152
32.22	-8.463	51.139	0.167
32.23	-8.474	51.139	0.203
32.24	-8.486	51.138	0.231
32.25	-8.496	51.130	0.239
32.26	-8.507	50.556	0.230
32.27	-8.518	46.572	0.148
32.28	-8.530	37.436	0.059
32.29	-8.542	26.745	0.005
32.3	-8.554	18.041	-0.036
32.31	-8.567	11.352	-0.059
32.32	-8.578	6.092	-0.077
32.33	-8.588	1.847	-0.074
32.34	-8.599	-2.186	-0.077
32.35	-8.611	-6.666	-0.084
32.36	-8.623	-12.045	-0.062
32.37	-8.634	-19.222	-0.072
32.38	-8.644	-28.863	-0.081
32.39	-8.654	-39.745	-0.056
32.4	-8.662	-47.817	-0.055
32.41	-8.670	-50.795	-0.071
32.42	-8.676	-51.133	-0.057
32.43	-8.680	-51.138	-0.047
32.44	-8.685	-51.077	-0.056
32.45	-8.692	-49.998	-0.046
32.46	-8.699	-46.094	-0.049
32.47	-8.706	-39.831	-0.044
32.48	-8.714	-33.745	-0.045
32.49	-8.722	-29.209	-0.043
32.5	-8.731	-26.333	-0.045
32.51	-8.741	-24.817	-0.045
32.52	-8.751	-24.359	-0.039
32.53	-8.760	-24.758	-0.036
32.54	-8.769	-25.709	-0.034
32.55	-8.777	-27.052	-0.037
32.56	-8.784	-28.697	-0.058
32.57	-8.789	-30.663	-0.064
32.58	-8.795	-32.722	-0.050
32.59	-8.801	-34.198	-0.048
32.6	-8.807	-35.055	-0.058
32.61	-8.814	-35.605	-0.031
32.62	-8.820	-35.808	-0.018
32.63	-8.828	-35.705	-0.002
32.64	-8.836	-35.481	0.021
32.65	-8.844	-35.183	0.047
32.66	-8.853	-34.803	0.053
32.67	-8.861	-34.316	0.036
32.68	-8.867	-33.692	0.026
32.69	-8.873	-32.922	-0.017
32.7	-8.879	-31.923	-0.051
32.71	-8.883	-30.669	-0.041
32.72	-8.883	-29.175	-0.047
32.73	-8.883	-27.623	-0.065
32.74	-8.883	-26.328	-0.048
32.75	-8.884	-25.400	-0.068
32.76	-8.884	-24.817	-0.089
32.77	-8.885	-24.475	-0.056
32.78	-8.887	-24.280	-0.120
32.79	-8.891	-24.314	-0.047
32.8	-8.893	-24.633	0.441
32.81	-8.894	-25.094	0.959
32.82	-8.898	-25.525	0.702
32.83	-8.903	-25.994	0.124
32.84	-8.907	-26.663	0.060
32.85	-8.908	-27.388	0.005
32.86	-8.906	-27.900	-0.064
32.87	-8.899	-27.959	-0.045
32.88	-8.888	-27.328	-0.100
32.89	-8.873	-26.353	-0.066
32.9	-8.853	-25.616	-0.034
32.91	-8.828	-24.992	-0.057
32.92	-8.798	-23.883	-0.043
32.93	-8.766	-21.745	-0.039
32.94	-8.729	-18.114	-0.034
32.95	-8.688	-11.911	-0.022
32.96	-8.643	-1.692	-0.037
32.97	-8.596	13.848	0.044
32.98	-8.549	32.772	0.050
32.99	-8.503	46.452	0.035
33.0	-8.457	50.794	0.091
33.01	-8.412	51.123	0.135
33.02	-8.368	51.139	0.156
33.03	-8.324	51.139	0.191
33.04	-8.279	51.136	0.197
33.05	-8.234	50.991	0.183
33.06	-8.190	49.411	0.130
33.07	-8.148	43.600	0.002
33.08	-8.109	33.627	-0.012
33.09	-8.072	23.894	-0.058
33.1	-8.036	16.466	-0.109
33.11	-8.001	10.017	-0.107
33.12	-7.967	4.881	-0.123
33.13	-7.934	0.988	-0.123
33.14	-7.901	-4.088	-0.132
33.15	-7.869	-10.716	-0.132
33.16	-7.838	-18.177	-0.132
33.17	-7.809	-26.930	-0.104
33.18	-7.781	-36.352	-0.123
33.19	-7.753	-44.528	-0.127
