Interval=	0.01 s
ExcelDateTime=	3.9770649569844965e+004	18/11/2008 15:35:22.834605
TimeFormat=	StartOfBlock
ChannelTitle=	Channel 1	Channel 2	Channel 3
Range=	20.000 mV	50.000 mV	1000.0 µV
0.0	-8.706	-8.411	-1.4
0.01	-8.700	-8.897	-39.6
0.02	-8.692	-10.067	-74.4
0.03	-8.678	-11.784	-78.0
0.04	-8.661	-13.530	-79.0
0.05	-8.643	-14.805	-76.1
0.06	-8.627	-15.444	-70.2
0.07	-8.613	-15.463	-61.3
0.08	-8.598	-14.867	-54.8
0.09	-8.584	-13.736	-53.2
0.1	-8.571	-12.248	-49.2
0.11	-8.559	-10.616	-42.0
0.12	-8.549	-9.202	-43.5
0.13	-8.540	-8.381	-50.2
0.14	-8.533	-8.230	-52.1
0.15	-8.526	-8.553	-54.8
0.16	-8.519	-9.113	-59.3
0.17	-8.511	-9.786	-54.6
0.18	-8.504	-10.634	-51.3
0.19	-8.498	-11.759	-51.0
0.2	-8.493	-13.078	-51.8
0.21	-8.488	-14.394	-52.9
0.22	-8.484	-15.552	-55.4
0.23	-8.479	-16.430	-57.2
0.24	-8.474	-17.025	-56.8
0.25	-8.471	-17.455	-51.5
0.26	-8.467	-17.800	-40.6
0.27	-8.465	-18.125	-24.2
0.28	-8.462	-18.448	-10.4
0.29	-8.459	-18.666	-3.8
0.3	-8.456	-18.667	9.3
0.31	-8.453	-18.495	30.4
0.32	-8.450	-18.333	36.2
0.33	-8.446	-18.359	17.8
0.34	-8.440	-18.556	-20.0
0.35	-8.433	-18.550	-54.3
0.36	-8.425	-18.100	-72.5
0.37	-8.418	-17.567	-75.9
0.38	-8.412	-17.333	-77.7
0.39	-8.411	-17.325	-80.5
0.4	-8.410	-17.277	-82.0
0.41	-8.406	-17.106	-74.7
0.42	-8.401	-16.925	3.7
0.43	-8.398	-16.773	226.7
0.44	-8.396	-16.583	423.6
0.45	-8.393	-16.389	325.6
0.46	-8.394	-16.330	73.3
0.47	-8.407	-16.489	-65.3
0.48	-8.424	-16.845	-94.7
0.49	-8.429	-17.234	-87.5
0.5	-8.419	-17.406	-75.5
0.51	-8.408	-17.355	-74.6
0.52	-8.399	-17.308	-80.5
0.53	-8.391	-17.284	-78.7
0.54	-8.384	-16.997	-68.1
0.55	-8.376	-15.881	-55.9
0.56	-8.370	-13.014	-52.9
0.57	-8.366	-7.538	-47.0
0.58	-8.364	0.331	-40.8
0.59	-8.364	9.092	-38.3
0.6	-8.366	17.025	-32.4
0.61	-8.369	22.950	-26.4
0.62	-8.375	26.170	-13.6
0.63	-8.383	26.505	0.4
0.64	-8.393	24.328	10.7
0.65	-8.406	20.238	30.1
0.66	-8.423	14.953	53.6
0.67	-8.444	9.369	71.2
0.68	-8.467	4.236	93.2
0.69	-8.496	-0.106	122.0
0.7	-8.527	-3.583	134.6
0.71	-8.563	-6.145	132.1
0.72	-8.601	-7.781	121.6
0.73	-8.644	-8.636	94.7
0.74	-8.689	-8.966	48.4
0.75	-8.737	-8.988	4.1
0.76	-8.783	-8.791	-33.6
0.77	-8.826	-8.472	-54.2
0.78	-8.868	-8.313	-64.8
0.79	-8.911	-8.641	-80.1
0.8	-8.953	-9.638	-83.2
0.81	-8.992	-11.273	-76.6
0.82	-9.030	-13.241	-76.5
0.83	-9.068	-15.005	-74.9
0.84	-9.104	-16.125	-65.2
0.85	-9.141	-16.495	-61.8
0.86	-9.178	-16.170	-65.2
0.87	-9.214	-15.169	-62.7
0.88	-9.249	-13.639	-60.6
0.89	-9.283	-12.034	-54.1
0.9	-9.316	-10.753	-52.3
0.91	-9.348	-9.869	-56.2
0.92	-9.377	-9.330	-51.5
0.93	-9.406	-9.117	-53.0
0.94	-9.434	-9.242	-60.9
0.95	-9.463	-9.767	-53.9
0.96	-9.491	-10.673	-46.6
0.97	-9.520	-11.769	-51.6
0.98	-9.547	-12.911	-58.7
0.99	-9.575	-14.081	-56.6
1.0	-9.603	-15.191	-57.1
1.01	-9.629	-16.105	-57.9
1.02	-9.656	-16.881	-49.3
1.03	-9.684	-17.627	-48.2
1.04	-9.711	-18.217	-55.0
1.05	-9.739	-18.523	-49.9
1.06	-9.765	-18.680	-41.5
1.07	-9.791	-18.828	-46.0
1.08	-9.816	-18.958	-51.4
1.09	-9.841	-18.969	-48.1
1.1	-9.866	-18.814	-47.4
1.11	-9.892	-18.641	-35.2
1.12	-9.917	-18.586	-15.9
1.13	-9.941	-18.527	-4.5
1.14	-9.966	-18.331	5.3
1.15	-9.990	-18.120	12.8
1.16	-10.014	-18.009	21.1
1.17	-10.038	-17.881	28.5
1.18	-10.059	-17.669	13.3
1.19	-10.079	-17.477	-29.4
1.2	-10.101	-17.309	-68.8
1.21	-10.124	-17.116	-78.5
1.22	-10.146	-16.945	-76.1
1.23	-10.168	-16.819	-73.1
1.24	-10.193	-16.727	-75.8
1.25	-10.214	-16.688	-86.0
1.26	-10.231	-16.755	-59.8
1.27	-10.248	-16.880	79.1
1.28	-10.268	-16.850	313.4
1.29	-10.289	-16.655	391.4
1.3	-10.309	-16.566	191.3
1.31	-10.331	-16.766	-19.3
1.32	-10.356	-17.170	-84.3
1.33	-10.381	-17.606	-85.1
1.34	-10.402	-18.008	-84.5
1.35	-10.416	-18.378	-78.2
1.36	-10.427	-18.656	-71.9
1.37	-10.439	-18.727	-73.3
1.38	-10.453	-18.556	-70.2
1.39	-10.466	-18.119	-63.5
1.4	-10.482	-17.031	-54.3
1.41	-10.502	-14.373	-43.1
1.42	-10.523	-9.183	-41.1
1.43	-10.544	-1.363	-41.1
1.44	-10.564	7.816	-34.9
1.45	-10.582	16.372	-23.8
1.46	-10.601	22.748	-13.2
1.47	-10.621	26.164	-4.8
1.48	-10.643	26.411	9.1
1.49	-10.661	23.816	27.4
1.5	-10.678	19.155	44.0
1.51	-10.693	13.375	65.3
1.52	-10.711	7.322	85.3
1.53	-10.728	1.639	109.1
1.54	-10.744	-3.220	138.3
1.55	-10.761	-7.011	152.7
1.56	-10.777	-9.678	148.2
1.57	-10.791	-11.325	131.9
1.58	-10.804	-12.161	98.3
1.59	-10.819	-12.347	50.2
1.6	-10.835	-11.978	-2.5
1.61	-10.851	-11.342	-37.5
1.62	-10.865	-10.773	-58.7
1.63	-10.879	-10.541	-78.6
1.64	-10.892	-10.961	-89.9
1.65	-10.901	-12.145	-92.0
1.66	-10.908	-13.711	-95.6
1.67	-10.912	-15.136	-91.5
1.68	-10.914	-16.158	-84.3
1.69	-10.916	-16.617	-80.0
1.7	-10.914	-16.339	-71.2
1.71	-10.912	-15.278	-68.6
1.72	-10.909	-13.634	-73.8
1.73	-10.905	-11.781	-71.6
1.74	-10.899	-10.061	-68.8
1.75	-10.891	-8.750	-62.8
1.76	-10.880	-8.036	-60.9
1.77	-10.865	-7.858	-72.4
1.78	-10.844	-8.083	-76.5
1.79	-10.819	-8.755	-72.1
1.8	-10.789	-9.911	-77.3
1.81	-10.757	-11.408	-76.2
1.82	-10.721	-12.941	-71.5
1.83	-10.683	-14.225	-72.2
1.84	-10.643	-15.234	-73.6
1.85	-10.601	-16.145	-70.7
1.86	-10.559	-17.094	-68.5
1.87	-10.517	-17.927	-71.5
1.88	-10.475	-18.342	-71.1
1.89	-10.433	-18.402	-66.8
1.9	-10.391	-18.470	-68.6
1.91	-10.348	-18.683	-72.0
1.92	-10.304	-18.852	-69.3
1.93	-10.261	-18.863	-65.2
1.94	-10.218	-18.802	-65.8
1.95	-10.176	-18.738	-56.5
1.96	-10.135	-18.627	-40.1
1.97	-10.095	-18.456	-25.0
1.98	-10.056	-18.322	-14.6
1.99	-10.017	-18.272	-6.3
2.0	-9.978	-18.186	5.5
2.01	-9.938	-17.978	6.9
2.02	-9.899	-17.748	-22.5
2.03	-9.861	-17.595	-63.6
2.04	-9.825	-17.480	-91.0
2.05	-9.789	-17.363	-98.0
2.06	-9.754	-17.262	-99.8
2.07	-9.723	-17.109	-101.5
2.08	-9.692	-16.883	-100.2
2.09	-9.656	-16.736	-102.8
2.1	-9.616	-16.764	-64.2
2.11	-9.578	-16.869	103.5
2.12	-9.546	-16.920	328.8
2.13	-9.518	-16.959	335.8
2.14	-9.491	-17.066	109.0
2.15	-9.467	-17.211	-67.3
2.16	-9.448	-17.403	-113.6
2.17	-9.429	-17.733	-110.9
2.18	-9.405	-18.217	-105.3
2.19	-9.376	-18.709	-102.8
2.2	-9.345	-18.958	-101.0
2.21	-9.318	-18.891	-95.8
2.22	-9.291	-18.653	-88.6
2.23	-9.264	-18.189	-84.1
2.24	-9.240	-16.836	-78.8
2.25	-9.217	-13.497	-68.4
2.26	-9.197	-7.473	-66.5
2.27	-9.178	0.780	-66.6
2.28	-9.158	9.650	-56.4
2.29	-9.139	17.203	-39.7
2.3	-9.121	22.172	-30.1
2.31	-9.103	24.164	-28.7
2.32	-9.086	23.294	-15.6
2.33	-9.071	19.967	3.1
2.34	-9.055	14.811	19.8
2.35	-9.039	8.688	41.5
2.36	-9.023	2.556	70.2
2.37	-9.007	-2.853	97.3
2.38	-8.990	-7.170	103.7
2.39	-8.973	-10.338	113.1
2.4	-8.955	-12.506	126.1
2.41	-8.936	-13.806	105.3
2.42	-8.919	-14.225	61.8
2.43	-8.906	-13.909	19.5
2.44	-8.894	-13.267	-29.8
2.45	-8.881	-12.642	-69.2
2.46	-8.867	-12.166	-86.3
2.47	-8.855	-11.919	-97.9
2.48	-8.842	-12.138	-109.4
2.49	-8.828	-13.002	-113.0
2.5	-8.813	-14.356	-110.6
2.51	-8.798	-15.842	-102.0
2.52	-8.783	-17.080	-95.6
2.53	-8.767	-17.739	-90.5
2.54	-8.751	-17.616	-88.9
2.55	-8.734	-16.728	-89.7
2.56	-8.718	-15.358	-84.5
2.57	-8.703	-13.770	-81.4
2.58	-8.687	-12.191	-80.1
2.59	-8.673	-10.948	-78.5
2.6	-8.660	-10.295	-76.1
2.61	-8.648	-10.203	-71.2
2.62	-8.635	-10.513	-71.2
2.63	-8.622	-11.155	-74.8
2.64	-8.609	-12.083	-82.4
2.65	-8.596	-13.180	-82.4
2.66	-8.584	-14.323	-83.3
2.67	-8.571	-15.447	-89.8
2.68	-8.559	-16.522	-88.8
2.69	-8.548	-17.528	-85.6
2.7	-8.538	-18.369	-81.3
2.71	-8.529	-18.897	-77.5
2.72	-8.523	-19.102	-74.3
2.73	-8.516	-19.167	-68.9
2.74	-8.509	-19.280	-78.0
2.75	-8.502	-19.416	-80.4
2.76	-8.497	-19.495	-73.0
2.77	-8.496	-19.489	-72.1
2.78	-8.495	-19.320	-71.4
2.79	-8.491	-19.011	-67.1
2.8	-8.485	-18.756	-61.6
2.81	-8.479	-18.670	-51.7
2.82	-8.473	-18.672	-34.5
2.83	-8.467	-18.622	-21.5
2.84	-8.463	-18.484	-18.3
2.85	-8.458	-18.342	-1.8
2.86	-8.454	-18.203	16.5
2.87	-8.451	-18.020	12.1
2.88	-8.447	-17.859	-18.1
2.89	-8.445	-17.798	-59.8
2.9	-8.442	-17.800	-86.2
2.91	-8.438	-17.786	-94.2
2.92	-8.434	-17.714	-101.2
2.93	-8.433	-17.619	-101.8
2.94	-8.431	-17.553	-98.7
2.95	-8.425	-17.466	-90.6
2.96	-8.417	-17.325	-28.0
2.97	-8.411	-17.227	163.6
2.98	-8.405	-17.247	373.8
2.99	-8.400	-17.372	327.1
3.0	-8.398	-17.545	82.8
3.01	-8.400	-17.686	-72.2
3.02	-8.401	-17.719	-105.0
3.03	-8.396	-17.767	-102.4
3.04	-8.386	-18.036	-97.1
3.05	-8.376	-18.436	-93.1
3.06	-8.367	-18.658	-95.2
3.07	-8.359	-18.553	-95.0
3.08	-8.351	-18.175	-84.7
3.09	-8.342	-17.314	-78.2
3.1	-8.334	-15.120	-73.2
3.11	-8.329	-10.552	-62.9
3.12	-8.325	-3.430	-60.6
3.13	-8.322	5.028	-57.0
3.14	-8.321	12.850	-41.5
3.15	-8.321	18.392	-32.3
3.16	-8.323	20.995	-28.8
3.17	-8.328	20.856	-13.4
3.18	-8.336	18.352	-2.5
3.19	-8.348	13.852	8.0
3.2	-8.364	8.091	25.2
3.21	-8.383	2.095	49.0
3.22	-8.404	-3.270	79.0
3.23	-8.429	-7.617	102.5
3.24	-8.457	-10.961	116.4
3.25	-8.486	-13.408	126.6
3.26	-8.515	-14.959	123.6
3.27	-8.544	-15.641	102.7
3.28	-8.578	-15.695	61.4
3.29	-8.616	-15.408	13.0
3.3	-8.655	-14.994	-24.3
3.31	-8.691	-14.470	-52.9
3.32	-8.727	-13.719	-77.6
3.33	-8.764	-13.044	-84.8
3.34	-8.801	-13.081	-83.8
3.35	-8.836	-14.042	-84.9
3.36	-8.868	-15.577	-83.7
3.37	-8.899	-17.145	-78.5
3.38	-8.929	-18.225	-77.9
3.39	-8.961	-18.400	-74.2
3.4	-8.991	-17.745	-60.6
3.41	-9.021	-16.777	-61.8
3.42	-9.050	-15.808	-65.2
3.43	-9.079	-14.792	-56.8
3.44	-9.107	-13.648	-51.7
3.45	-9.136	-12.513	-49.5
3.46	-9.165	-11.645	-56.8
3.47	-9.194	-11.227	-56.1
3.48	-9.223	-11.358	-45.2
3.49	-9.251	-11.997	-41.4
3.5	-9.279	-12.844	-47.1
3.51	-9.306	-13.639	-53.7
3.52	-9.333	-14.414	-54.2
3.53	-9.361	-15.266	-51.4
3.54	-9.388	-16.120	-51.8
3.55	-9.414	-16.898	-46.3
3.56	-9.442	-17.598	-37.4
3.57	-9.469	-18.158	-38.5
3.58	-9.497	-18.572	-46.5
3.59	-9.524	-18.867	-45.0
3.6	-9.553	-18.936	-39.0
3.61	-9.581	-18.800	-37.7
3.62	-9.608	-18.675	-40.6
3.63	-9.634	-18.661	-40.2
3.64	-9.660	-18.655	-37.9
3.65	-9.684	-18.614	-37.2
3.66	-9.708	-18.548	-36.7
3.67	-9.731	-18.317	-32.8
3.68	-9.754	-17.923	-30.4
3.69	-9.778	-17.625	-27.1
3.7	-9.801	-17.561	-21.3
3.71	-9.824	-17.534	-8.3
3.72	-9.846	-17.327	3.7
3.73	-9.867	-17.017	7.6
3.74	-9.886	-16.786	28.5
3.75	-9.902	-16.698	59.8
3.76	-9.917	-16.708	56.3
3.77	-9.931	-16.702	24.8
3.78	-9.945	-16.625	-12.2
3.79	-9.959	-16.530	-41.0
3.8	-9.972	-16.495	-53.3
3.81	-9.984	-16.508	-56.8
3.82	-9.998	-16.495	-57.2
3.83	-10.008	-16.475	-61.4
3.84	-10.010	-16.502	-62.2
3.85	-10.004	-16.530	-12.1
3.86	-9.996	-16.464	150.4
3.87	-9.991	-16.369	367.7
3.88	-9.987	-16.417	370.1
3.89	-9.982	-16.619	146.3
3.9	-9.979	-16.770	-19.0
3.91	-9.974	-16.753	-57.4
3.92	-9.961	-16.694	-58.3
3.93	-9.934	-16.808	-58.6
3.94	-9.895	-17.161	-57.4
3.95	-9.854	-17.583	-52.7
3.96	-9.816	-17.822	-50.2
3.97	-9.777	-17.739	-41.6
3.98	-9.741	-17.223	-33.4
3.99	-9.709	-15.930	-31.9
4.0	-9.680	-13.133	-30.9
4.01	-9.652	-8.127	-23.8
4.02	-9.626	-0.977	-11.4
4.03	-9.599	7.061	-7.4
4.04	-9.573	13.980	-8.4
4.05	-9.547	18.114	4.1
4.06	-9.523	18.948	14.4
4.07	-9.498	16.928	27.1
4.08	-9.473	12.795	45.0
4.09	-9.449	7.316	61.5
4.1	-9.423	1.263	79.6
4.11	-9.396	-4.638	106.7
4.12	-9.368	-9.814	135.7
4.13	-9.339	-13.781	153.7
4.14	-9.311	-16.309	165.7
4.15	-9.283	-17.670	163.2
4.16	-9.256	-18.289	144.3
4.17	-9.235	-18.352	107.1
4.18	-9.219	-17.933	55.7
4.19	-9.206	-17.186	19.4
4.2	-9.190	-16.292	-20.4
4.21	-9.174	-15.430	-56.5
4.22	-9.159	-14.761	-65.8
4.23	-9.146	-14.500	-68.3
4.24	-9.133	-14.903	-78.2
4.25	-9.119	-15.947	-82.8
4.26	-9.104	-17.175	-81.6
4.27	-9.089	-18.009	-73.8
4.28	-9.074	-18.127	-63.4
4.29	-9.059	-17.541	-63.3
4.3	-9.043	-16.508	-62.9
4.31	-9.028	-15.273	-58.5
4.32	-9.013	-13.920	-54.6
4.33	-8.999	-12.561	-50.8
4.34	-8.986	-11.453	-60.1
4.35	-8.974	-10.848	-52.9
4.36	-8.964	-10.808	-43.8
4.37	-8.953	-11.183	-53.7
4.38	-8.943	-11.780	-55.8
4.39	-8.932	-12.484	-58.0
4.4	-8.922	-13.317	-60.9
4.41	-8.911	-14.292	-60.6
4.42	-8.899	-15.322	-63.8
4.43	-8.888	-16.259	-62.3
4.44	-8.876	-16.941	-58.1
4.45	-8.864	-17.358	-55.3
4.46	-8.853	-17.695	-56.9
4.47	-8.842	-18.005	-58.3
4.48	-8.831	-18.108	-55.4
4.49	-8.821	-18.009	-52.3
4.5	-8.811	-17.922	-61.0
4.51	-8.802	-17.930	-63.2
4.52	-8.793	-17.892	-54.7
4.53	-8.783	-17.695	-52.0
4.54	-8.774	-17.436	-51.8
4.55	-8.765	-17.273	-52.6
4.56	-8.756	-17.220	-54.3
4.57	-8.746	-17.133	-50.2
4.58	-8.738	-16.880	-50.8
4.59	-8.728	-16.511	-50.4
4.6	-8.720	-16.213	-36.7
4.61	-8.711	-16.108	-19.3
4.62	-8.704	-16.136	-13.1
4.63	-8.696	-16.103	1.1
4.64	-8.689	-15.898	25.2
4.65	-8.683	-15.655	39.9
4.66	-8.678	-15.570	32.5
4.67	-8.672	-15.619	-3.6
4.68	-8.668	-15.630	-45.3
4.69	-8.662	-15.570	-70.1
4.7	-8.657	-15.545	-82.0
4.71	-8.652	-15.614	-81.2
4.72	-8.651	-15.717	-81.9
4.73	-8.648	-15.736	-85.8
4.74	-8.640	-15.650	-75.3
4.75	-8.631	-15.592	7.2
4.76	-8.626	-15.619	223.9
4.77	-8.623	-15.664	406.6
4.78	-8.621	-15.713	301.5
4.79	-8.621	-15.841	54.7
4.8	-8.624	-16.058	-68.7
4.81	-8.624	-16.164	-86.0
4.82	-8.617	-16.119	-85.0
4.83	-8.604	-16.219	-82.6
4.84	-8.594	-16.517	-86.4
4.85	-8.586	-16.753	-86.9
4.86	-8.579	-16.713	-82.4
4.87	-8.571	-16.261	-72.3
4.88	-8.561	-15.116	-58.4
4.89	-8.553	-12.673	-51.6
4.9	-8.547	-8.158	-46.3
4.91	-8.544	-1.367	-38.7
4.92	-8.543	6.500	-36.3
4.93	-8.544	13.270	-32.2
4.94	-8.547	17.314	-25.4
4.95	-8.553	18.298	-12.5
4.96	-8.561	16.637	0.6
4.97	-8.571	12.873	9.1
4.98	-8.582	7.666	25.3
4.99	-8.596	1.853	47.9
5.0	-8.610	-3.772	68.2
5.01	-8.624	-8.595	91.0
5.02	-8.639	-12.327	111.3
5.03	-8.653	-15.022	125.6
5.04	-8.669	-16.764	135.3
5.05	-8.686	-17.625	133.6
5.06	-8.704	-17.833	116.1
5.07	-8.727	-17.664	78.8
5.08	-8.754	-17.184	30.4
5.09	-8.785	-16.302	-4.5
5.1	-8.815	-15.180	-37.0
5.11	-8.847	-14.259	-60.2
5.12	-8.882	-13.831	-63.5
5.13	-8.918	-13.869	-68.7
5.14	-8.953	-14.255	-73.3
5.15	-8.986	-14.947	-74.1
5.16	-9.017	-15.830	-77.5
5.17	-9.047	-16.545	-67.7
5.18	-9.078	-16.723	-61.7
5.19	-9.107	-16.306	-58.8
5.2	-9.138	-15.519	-52.4
5.21	-9.168	-14.627	-49.3
5.22	-9.200	-13.733	-43.2
5.23	-9.232	-12.834	-40.6
5.24	-9.264	-12.061	-46.9
5.25	-9.295	-11.619	-50.4
5.26	-9.327	-11.491	-48.0
5.27	-9.359	-11.563	-46.6
5.28	-9.391	-11.891	-41.9
5.29	-9.422	-12.494	-33.3
5.3	-9.453	-13.241	-35.3
5.31	-9.484	-13.986	-43.7
5.32	-9.515	-14.650	-48.1
5.33	-9.546	-15.258	-38.7
5.34	-9.577	-15.853	-33.4
5.35	-9.607	-16.264	-41.7
5.36	-9.636	-16.394	-45.3
5.37	-9.666	-16.466	-33.4
5.38	-9.696	-16.695	-32.0
5.39	-9.726	-16.997	-36.9
5.4	-9.753	-17.134	-31.7
5.41	-9.779	-17.027	-28.8
5.42	-9.805	-16.791	-30.1
5.43	-9.830	-16.581	-27.3
5.44	-9.853	-16.425	-24.8
5.45	-9.876	-16.281	-28.2
5.46	-9.899	-16.150	-30.6
5.47	-9.922	-16.045	-25.2
5.48	-9.945	-15.928	-21.9
5.49	-9.968	-15.720	-21.8
5.5	-9.992	-15.467	-22.7
5.51	-10.015	-15.292	-15.7
5.52	-10.038	-15.245	-4.6
5.53	-10.059	-15.192	1.3
5.54	-10.079	-14.964	10.2
5.55	-10.098	-14.647	29.3
5.56	-10.118	-14.470	51.6
5.57	-10.136	-14.494	64.9
5.58	-10.153	-14.622	60.3
5.59	-10.169	-14.747	26.1
5.6	-10.184	-14.836	-19.1
5.61	-10.199	-14.822	-37.8
5.62	-10.214	-14.695	-38.7
5.63	-10.230	-14.627	-38.2
5.64	-10.246	-14.722	-44.3
5.65	-10.260	-14.867	-44.4
5.66	-10.268	-14.920	-27.3
5.67	-10.275	-14.848	56.7
5.68	-10.284	-14.750	265.6
5.69	-10.296	-14.728	415.0
5.7	-10.309	-14.763	282.3
5.71	-10.322	-14.797	57.3
5.72	-10.336	-14.838	-41.4
5.73	-10.349	-14.923	-48.9
5.74	-10.356	-15.095	-40.8
5.75	-10.358	-15.398	-38.7
5.76	-10.359	-15.784	-35.8
5.77	-10.363	-16.033	-35.9
5.78	-10.369	-15.944	-34.2
5.79	-10.374	-15.534	-25.0
5.8	-10.382	-14.786	-14.8
5.81	-10.391	-13.155	-8.3
5.82	-10.402	-9.603	-5.4
5.83	-10.414	-3.603	-1.1
5.84	-10.428	3.859	-1.1
5.85	-10.442	10.686	8.8
5.86	-10.458	15.138	21.3
5.87	-10.474	16.680	32.6
5.88	-10.491	15.580	47.8
5.89	-10.506	12.313	49.3
5.9	-10.521	7.441	62.4
5.91	-10.536	1.695	90.3
5.92	-10.549	-4.061	109.9
5.93	-10.563	-9.144	136.3
5.94	-10.576	-13.180	162.1
5.95	-10.588	-16.009	180.8
5.96	-10.599	-17.734	184.1
5.97	-10.609	-18.591	180.1
5.98	-10.621	-18.741	163.4
5.99	-10.635	-18.341	123.4
6.0	-10.653	-17.584	73.3
6.01	-10.668	-16.672	24.7
6.02	-10.678	-15.734	-8.4
6.03	-10.685	-14.895	-31.8
6.04	-10.693	-14.361	-45.3
6.05	-10.701	-14.288	-44.7
6.06	-10.708	-14.647	-48.0
6.07	-10.713	-15.264	-44.6
6.08	-10.716	-15.889	-38.0
6.09	-10.719	-16.288	-37.4
6.1	-10.720	-16.239	-36.6
6.11	-10.719	-15.594	-33.6
6.12	-10.719	-14.458	-36.3
6.13	-10.717	-13.122	-36.8
6.14	-10.716	-11.753	-24.3
6.15	-10.714	-10.469	-14.1
6.16	-10.713	-9.559	-17.1
6.17	-10.709	-9.278	-22.8
6.18	-10.703	-9.519	-27.7
6.19	-10.694	-10.016	-28.1
6.2	-10.683	-10.714	-26.2
6.21	-10.668	-11.633	-27.6
6.22	-10.648	-12.678	-31.8
6.23	-10.624	-13.694	-28.8
6.24	-10.596	-14.592	-25.0
6.25	-10.567	-15.344	-27.2
6.26	-10.536	-15.933	-31.3
6.27	-10.506	-16.325	-25.8
6.28	-10.476	-16.455	-24.2
6.29	-10.445	-16.394	-30.6
6.3	-10.412	-16.327	-32.2
6.31	-10.377	-16.277	-33.3
6.32	-10.342	-16.156	-31.3
6.33	-10.306	-15.964	-29.1
6.34	-10.271	-15.778	-28.9
6.35	-10.234	-15.650	-26.0
6.36	-10.198	-15.564	-28.5
6.37	-10.161	-15.469	-23.1
6.38	-10.125	-15.323	-10.7
6.39	-10.089	-15.114	-3.3
6.4	-10.053	-14.880	-3.3
6.41	-10.019	-14.702	8.2
6.42	-9.986	-14.575	32.7
6.43	-9.954	-14.467	48.9
6.44	-9.922	-14.363	51.9
6.45	-9.890	-14.223	34.0
6.46	-9.859	-14.084	-6.8
6.47	-9.829	-14.006	-41.5
6.48	-9.799	-14.017	-56.9
6.49	-9.771	-14.078	-57.8
6.5	-9.745	-14.092	-58.8
6.51	-9.720	-14.014	-69.2
6.52	-9.689	-13.916	-76.1
6.53	-9.652	-13.869	-36.0
6.54	-9.616	-13.883	114.3
6.55	-9.584	-13.944	339.9
6.56	-9.558	-13.966	376.5
6.57	-9.533	-13.859	166.3
6.58	-9.509	-13.775	-16.9
6.59	-9.489	-13.930	-72.0
6.6	-9.468	-14.242	-75.4
6.61	-9.442	-14.522	-73.8
6.62	-9.412	-14.770	-66.7
6.63	-9.383	-15.005	-54.9
6.64	-9.357	-15.089	-57.0
6.65	-9.332	-14.970	-54.1
6.66	-9.307	-14.569	-46.9
6.67	-9.284	-13.486	-43.4
6.68	-9.263	-11.027	-41.5
6.69	-9.242	-6.603	-35.1
6.7	-9.223	-0.389	-24.4
6.71	-9.203	6.356	-18.7
6.72	-9.186	11.853	-12.1
6.73	-9.171	14.820	0.0
6.74	-9.156	14.969	12.4
6.75	-9.141	12.738	23.6
6.76	-9.127	8.792	35.7
6.77	-9.114	3.761	54.1
6.78	-9.101	-1.694	71.0
6.79	-9.088	-6.875	93.8
6.8	-9.072	-11.200	122.2
6.81	-9.056	-14.331	142.0
6.82	-9.037	-16.325	154.2
6.83	-9.019	-17.502	162.3
6.84	-9.001	-18.097	152.1
6.85	-8.984	-18.139	115.3
6.86	-8.971	-17.606	65.1
6.87	-8.962	-16.678	14.4
6.88	-8.951	-15.658	-25.0
6.89	-8.939	-14.720	-44.7
6.9	-8.928	-13.981	-58.1
6.91	-8.919	-13.553	-64.0
6.92	-8.909	-13.505	-71.3
6.93	-8.898	-13.902	-75.0
6.94	-8.886	-14.691	-68.9
6.95	-8.873	-15.550	-68.8
6.96	-8.859	-15.964	-66.9
6.97	-8.846	-15.672	-61.6
6.98	-8.833	-14.927	-62.1
6.99	-8.820	-14.044	-59.4
7.0	-8.806	-13.064	-48.1
7.01	-8.793	-11.980	-38.9
7.02	-8.779	-11.006	-44.0
7.03	-8.767	-10.409	-48.8
7.04	-8.755	-10.209	-45.5
7.05	-8.743	-10.342	-42.6
7.06	-8.732	-10.777	-50.6
7.07	-8.722	-11.316	-54.4
7.08	-8.711	-11.823	-50.9
7.09	-8.701	-12.461	-57.7
7.1	-8.691	-13.327	-64.2
7.11	-8.682	-14.227	-52.1
7.12	-8.672	-14.950	-42.2
7.13	-8.663	-15.425	-48.4
7.14	-8.654	-15.677	-58.6
7.15	-8.646	-15.778	-53.8
7.16	-8.638	-15.834	-45.8
7.17	-8.630	-15.934	-49.1
7.18	-8.623	-16.000	-50.1
7.19	-8.616	-15.913	-47.5
7.2	-8.609	-15.713	-48.5
7.21	-8.606	-15.498	-46.5
7.22	-8.603	-15.361	-49.3
7.23	-8.597	-15.281	-45.4
7.24	-8.589	-15.166	-27.5
7.25	-8.580	-14.995	-14.7
7.26	-8.571	-14.858	-8.7
7.27	-8.562	-14.752	4.6
7.28	-8.554	-14.539	24.5
7.29	-8.546	-14.245	42.6
7.3	-8.538	-14.009	40.6
7.31	-8.531	-13.855	22.1
7.32	-8.524	-13.752	-15.9
7.33	-8.518	-13.695	-60.2
7.34	-8.512	-13.645	-73.8
7.35	-8.506	-13.595	-69.4
7.36	-8.502	-13.577	-75.0
7.37	-8.501	-13.522	-78.3
7.38	-8.496	-13.381	-74.7
7.39	-8.488	-13.292	-37.9
7.4	-8.484	-13.358	111.6
7.41	-8.483	-13.489	345.4
7.42	-8.485	-13.573	394.6
7.43	-8.491	-13.584	185.2
7.44	-8.507	-13.600	-12.1
7.45	-8.526	-13.720	-77.7
7.46	-8.541	-13.933	-83.3
7.47	-8.549	-14.183	-77.7
7.48	-8.554	-14.438	-77.6
7.49	-8.561	-14.609	-70.8
7.5	-8.566	-14.569	-67.6
7.51	-8.566	-14.273	-64.0
7.52	-8.564	-13.661	-49.7
7.53	-8.564	-12.222	-40.0
7.54	-8.568	-9.056	-36.5
7.55	-8.576	-3.744	-36.4
7.56	-8.587	2.920	-34.9
7.57	-8.601	9.216	-20.7
7.58	-8.619	13.564	-11.8
7.59	-8.641	15.216	-6.9
7.6	-8.665	14.220	6.4
7.61	-8.693	11.188	17.1
7.62	-8.726	6.886	29.6
7.63	-8.762	1.897	54.4
7.64	-8.798	-3.248	76.1
7.65	-8.832	-7.881	94.1
7.66	-8.864	-11.498	114.1
7.67	-8.894	-14.059	131.2
7.68	-8.922	-15.747	146.2
7.69	-8.950	-16.742	151.7
7.7	-8.979	-17.180	138.3
7.71	-9.009	-17.042	118.7
7.72	-9.043	-16.384	79.8
7.73	-9.080	-15.553	29.1
7.74	-9.117	-14.819	-9.2
7.75	-9.152	-14.094	-33.8
7.76	-9.187	-13.328	-48.8
7.77	-9.221	-12.866	-52.8
7.78	-9.254	-12.989	-52.7
7.79	-9.284	-13.527	-54.0
7.8	-9.312	-14.194	-53.1
7.81	-9.338	-14.816	-48.0
7.82	-9.362	-15.188	-45.6
7.83	-9.386	-15.095	-44.0
7.84	-9.411	-14.541	-41.2
7.85	-9.437	-13.666	-34.1
7.86	-9.462	-12.616	-28.3
7.87	-9.487	-11.625	-26.4
7.88	-9.511	-10.875	-26.7
7.89	-9.536	-10.413	-26.8
7.9	-9.561	-10.238	-26.9
7.91	-9.586	-10.383	-27.9
7.92	-9.610	-10.767	-32.1
7.93	-9.635	-11.148	-29.3
7.94	-9.659	-11.516	-28.6
7.95	-9.684	-12.109	-27.5
7.96	-9.709	-12.969	-25.9
7.97	-9.733	-13.831	-26.1
7.98	-9.756	-14.459	-23.0
7.99	-9.779	-14.852	-27.7
8.0	-9.803	-15.053	-34.8
8.01	-9.827	-15.114	-29.7
8.02	-9.849	-15.141	-20.7
8.03	-9.871	-15.209	-16.5
8.04	-9.893	-15.253	-22.2
8.05	-9.915	-15.164	-23.2
8.06	-9.936	-15.020	-22.4
8.07	-9.957	-14.950	-22.8
8.08	-9.977	-14.853	-19.8
8.09	-9.996	-14.600	-11.3
8.1	-10.015	-14.363	0.9
8.11	-10.033	-14.316	12.8
8.12	-10.051	-14.317	22.9
8.13	-10.068	-14.216	34.7
8.14	-10.084	-14.061	48.6
8.15	-10.098	-13.895	59.0
8.16	-10.111	-13.728	59.2
8.17	-10.124	-13.555	38.1
8.18	-10.136	-13.394	-4.0
8.19	-10.149	-13.306	-30.9
8.2	-10.162	-13.311	-37.0
8.21	-10.176	-13.325	-36.0
8.22	-10.191	-13.256	-34.3
8.23	-10.203	-13.142	-37.9
8.24	-10.209	-13.077	-31.9
8.25	-10.211	-12.998	30.5
8.26	-10.217	-12.819	216.7
8.27	-10.226	-12.691	400.7
8.28	-10.236	-12.778	317.0
8.29	-10.248	-12.955	91.3
8.3	-10.260	-13.027	-16.5
8.31	-10.274	-13.020	-35.2
8.32	-10.284	-13.173	-48.5
8.33	-10.286	-13.584	-52.7
8.34	-10.283	-13.983	-39.5
8.35	-10.283	-14.116	-30.3
8.36	-10.285	-14.086	-27.2
8.37	-10.288	-13.989	-13.5
8.38	-10.290	-13.577	-5.4
8.39	-10.295	-12.289	-1.6
8.4	-10.303	-9.433	7.1
8.41	-10.311	-4.639	11.8
8.42	-10.319	1.559	21.0
8.43	-10.327	7.638	38.3
8.44	-10.335	11.945	50.5
8.45	-10.342	13.703	59.2
8.46	-10.348	12.989	64.5
8.47	-10.353	10.258	80.9
8.48	-10.356	6.077	100.5
8.49	-10.358	1.122	116.2
8.5	-10.359	-3.930	137.1
8.51	-10.360	-8.514	157.6
8.52	-10.360	-12.184	177.3
8.53	-10.359	-14.756	199.7
8.54	-10.356	-16.384	211.1
8.55	-10.351	-17.244	206.2
8.56	-10.345	-17.447	183.9
8.57	-10.340	-17.120	142.0
8.58	-10.336	-16.420	89.6
8.59	-10.327	-15.525	44.4
8.6	-10.310	-14.631	9.7
8.61	-10.291	-13.939	-17.1
8.62	-10.274	-13.536	-34.7
8.63	-10.254	-13.369	-38.0
8.64	-10.230	-13.503	-37.2
8.65	-10.203	-14.045	-41.1
8.66	-10.174	-14.756	-41.3
8.67	-10.146	-15.156	-34.9
8.68	-10.116	-14.973	-37.3
8.69	-10.086	-14.278	-34.0
8.7	-10.054	-13.263	-22.8
8.71	-10.022	-12.102	-16.1
8.72	-9.988	-10.952	-17.7
8.73	-9.953	-9.947	-28.1
8.74	-9.917	-9.213	-23.4
8.75	-9.881	-8.856	-13.9
8.76	-9.846	-8.961	-20.1
8.77	-9.812	-9.486	-21.1
8.78	-9.777	-10.266	-21.3
8.79	-9.742	-11.117	-25.3
8.8	-9.709	-11.903	-30.3
8.81	-9.677	-12.608	-31.2
8.82	-9.645	-13.309	-34.7
8.83	-9.614	-14.041	-37.4
8.84	-9.584	-14.673	-28.8
8.85	-9.555	-15.044	-19.7
8.86	-9.527	-15.133	-23.5
8.87	-9.501	-15.058	-34.9
8.88	-9.475	-14.994	-41.5
8.89	-9.450	-15.039	-40.3
8.9	-9.424	-15.077	-33.4
8.91	-9.399	-14.973	-29.1
8.92	-9.373	-14.784	-33.5
8.93	-9.348	-14.597	-27.6
8.94	-9.323	-14.472	-21.2
8.95	-9.300	-14.397	-15.2
8.96	-9.277	-14.217	-6.4
8.97	-9.254	-13.909	2.0
8.98	-9.232	-13.642	17.1
8.99	-9.210	-13.506	28.7
9.0	-9.189	-13.477	39.8
9.01	-9.167	-13.467	52.2
9.02	-9.146	-13.339	34.8
9.03	-9.124	-13.039	-10.9
9.04	-9.103	-12.769	-50.3
9.05	-9.082	-12.723	-62.2
9.06	-9.061	-12.831	-63.5
9.07	-9.044	-12.911	-63.1
9.08	-9.026	-12.884	-62.9
9.09	-9.003	-12.781	-64.5
9.1	-8.976	-12.720	-19.2
9.11	-8.950	-12.789	146.7
9.12	-8.929	-12.850	364.4
9.13	-8.912	-12.784	364.8
9.14	-8.899	-12.678	132.7
9.15	-8.888	-12.669	-37.9
9.16	-8.879	-12.833	-78.7
9.17	-8.866	-13.133	-81.8
9.18	-8.847	-13.428	-80.1
9.19	-8.823	-13.566	-72.5
9.2	-8.800	-13.536	-67.2
9.21	-8.777	-13.469	-67.3
9.22	-8.756	-13.364	-62.0
9.23	-8.734	-12.850	-54.0
9.24	-8.713	-11.294	-49.6
9.25	-8.695	-8.075	-41.2
9.26	-8.679	-2.959	-31.5
9.27	-8.665	3.325	-25.8
9.28	-8.652	9.117	-22.4
9.29	-8.641	12.908	-12.8
9.3	-8.630	14.169	-6.3
9.31	-8.619	13.103	0.4
9.32	-8.609	10.184	17.3
9.33	-8.599	5.975	37.7
9.34	-8.591	1.095	48.9
9.35	-8.584	-3.786	67.9
9.36	-8.576	-8.128	96.9
9.37	-8.566	-11.639	117.0
9.38	-8.556	-14.186	138.3
9.39	-8.545	-15.778	154.6
9.4	-8.533	-16.556	146.5
9.41	-8.522	-16.598	130.9
9.42	-8.512	-16.017	103.1
9.43	-8.506	-15.188	55.1
9.44	-8.502	-14.477	5.8
9.45	-8.498	-13.856	-28.5
9.46	-8.494	-13.117	-50.5
9.47	-8.491	-12.383	-65.6
9.48	-8.488	-12.045	-70.9
9.49	-8.485	-12.267	-71.1
9.5	-8.481	-12.902	-78.5
9.51	-8.475	-13.684	-83.9
9.52	-8.468	-14.328	-74.8
9.53	-8.462	-14.592	-59.7
9.54	-8.455	-14.373	-58.4
9.55	-8.448	-13.747	-62.1
9.56	-8.442	-12.867	-59.3
9.57	-8.436	-11.878	-55.3
9.58	-8.430	-10.970	-56.7
9.59	-8.426	-10.325	-54.5
9.6	-8.421	-10.017	-52.6
9.61	-8.419	-10.017	-57.0
9.62	-8.417	-10.192	-59.9
9.63	-8.416	-10.475	-57.3
9.64	-8.416	-10.931	-59.6
9.65	-8.416	-11.530	-61.6
9.66	-8.418	-12.184	-61.4
9.67	-8.418	-12.861	-59.2
9.68	-8.419	-13.461	-54.5
9.69	-8.422	-13.884	-54.4
9.7	-8.425	-14.161	-59.5
9.71	-8.431	-14.366	-61.1
9.72	-8.437	-14.520	-52.5
9.73	-8.444	-14.630	-45.1
9.74	-8.453	-14.714	-49.2
9.75	-8.464	-14.738	-43.2
9.76	-8.477	-14.678	-35.7
9.77	-8.492	-14.563	-39.5
9.78	-8.509	-14.425	-47.1
9.79	-8.527	-14.258	-51.7
9.8	-8.545	-14.056	-47.7
9.81	-8.563	-13.897	-36.2
9.82	-8.582	-13.839	-27.0
9.83	-8.603	-13.808	-16.7
9.84	-8.624	-13.686	1.1
9.85	-8.650	-13.488	15.3
9.86	-8.678	-13.317	17.8
9.87	-8.707	-13.181	29.8
9.88	-8.735	-13.042	42.0
9.89	-8.761	-12.916	29.5
9.9	-8.787	-12.798	-7.2
9.91	-8.813	-12.705	-46.0
9.92	-8.836	-12.716	-61.9
9.93	-8.859	-12.773	-61.6
9.94	-8.883	-12.769	-66.4
9.95	-8.909	-12.748	-69.3
9.96	-8.930	-12.739	-74.2
9.97	-8.946	-12.697	-48.3
9.98	-8.963	-12.628	91.4
9.99	-8.984	-12.595	338.5
10.0	-9.006	-12.645	432.7
10.01	-9.029	-12.706	237.5
10.02	-9.056	-12.697	17.2
10.03	-9.084	-12.688	-64.5
10.04	-9.107	-12.780	-75.0
10.05	-9.123	-13.009	-67.9
10.06	-9.134	-13.270	-66.0
10.07	-9.147	-13.381	-62.2
10.08	-9.161	-13.273	-53.3
10.09	-9.174	-12.997	-45.2
10.1	-9.186	-12.433	-38.4
10.11	-9.200	-11.044	-39.5
10.12	-9.216	-8.098	-46.6
10.13	-9.234	-3.163	-27.9
10.14	-9.254	3.216	-3.8
10.15	-9.276	9.348	-3.3
10.16	-9.297	13.483	-6.0
10.17	-9.319	14.911	4.0
10.18	-9.341	13.889	19.1
10.19	-9.364	11.006	30.5
10.2	-9.388	6.808	39.4
10.21	-9.413	1.847	58.4
10.22	-9.438	-3.142	83.7
10.23	-9.462	-7.508	109.8
10.24	-9.485	-11.016	133.6
10.25	-9.506	-13.548	147.2
10.26	-9.525	-14.998	153.7
10.27	-9.544	-15.594	156.5
10.28	-9.564	-15.720	147.6
10.29	-9.583	-15.484	124.9
10.3	-9.605	-14.819	84.9
10.31	-9.629	-13.884	39.1
10.32	-9.655	-12.967	-4.3
10.33	-9.679	-12.205	-36.5
10.34	-9.703	-11.706	-52.2
10.35	-9.726	-11.586	-57.0
10.36	-9.748	-11.806	-59.0
10.37	-9.767	-12.291	-58.4
10.38	-9.783	-12.975	-58.2
10.39	-9.797	-13.630	-55.0
10.4	-9.810	-14.013	-52.0
10.41	-9.822	-14.039	-48.8
10.42	-9.836	-13.658	-48.3
10.43	-9.850	-12.880	-44.2
10.44	-9.865	-11.914	-38.3
10.45	-9.880	-10.986	-37.6
10.46	-9.894	-10.202	-37.5
10.47	-9.908	-9.589	-31.8
10.48	-9.921	-9.216	-29.3
10.49	-9.933	-9.205	-33.4
10.5	-9.944	-9.603	-36.4
10.51	-9.954	-10.294	-39.6
10.52	-9.964	-11.069	-39.8
10.53	-9.973	-11.720	-46.0
10.54	-9.981	-12.228	-51.1
10.55	-9.988	-12.753	-39.1
10.56	-9.994	-13.327	-32.6
10.57	-9.998	-13.858	-34.5
10.58	-10.002	-14.277	-40.3
10.59	-10.004	-14.398	-45.7
10.6	-10.005	-14.181	-44.8
10.61	-10.004	-13.997	-45.0
10.62	-10.002	-14.080	-40.2
10.63	-9.999	-14.200	-29.5
10.64	-9.996	-14.128	-28.5
10.65	-9.992	-13.942	-31.9
10.66	-9.990	-13.841	-33.4
10.67	-9.988	-13.781	-26.4
10.68	-9.985	-13.608	-18.0
10.69	-9.981	-13.411	-1.5
10.7	-9.975	-13.309	9.2
10.71	-9.969	-13.259	14.7
10.72	-9.962	-13.191	36.5
10.73	-9.953	-13.089	53.3
10.74	-9.941	-12.984	43.3
10.75	-9.928	-12.891	10.2
10.76	-9.914	-12.789	-29.3
10.77	-9.899	-12.669	-55.1
10.78	-9.883	-12.541	-62.0
10.79	-9.867	-12.452	-63.4
10.8	-9.851	-12.450	-69.6
10.81	-9.831	-12.484	-70.0
10.82	-9.801	-12.445	-61.2
10.83	-9.768	-12.333	8.1
10.84	-9.739	-12.278	213.0
10.85	-9.716	-12.358	396.3
10.86	-9.694	-12.484	291.5
10.87	-9.676	-12.550	57.7
10.88	-9.662	-12.602	-52.0
10.89	-9.651	-12.688	-80.4
10.9	-9.634	-12.786	-79.9
10.91	-9.609	-12.966	-60.6
10.92	-9.579	-13.270	-57.8
10.93	-9.551	-13.556	-70.2
10.94	-9.525	-13.663	-71.7
10.95	-9.502	-13.477	-56.1
10.96	-9.479	-12.809	-49.0
10.97	-9.460	-11.275	-48.0
10.98	-9.444	-8.303	-37.3
10.99	-9.428	-3.538	-33.4
11.0	-9.411	2.402	-36.1
11.01	-9.395	7.963	-27.0
11.02	-9.379	11.708	-15.4
11.03	-9.362	13.091	-2.7
11.04	-9.346	12.316	7.6
11.05	-9.329	9.780	15.5
11.06	-9.311	5.813	32.4
11.07	-9.293	0.936	57.2
11.08	-9.273	-4.064	77.2
11.09	-9.251	-8.377	93.4
11.1	-9.226	-11.511	118.3
11.11	-9.201	-13.548	142.3
11.12	-9.174	-14.841	149.3
11.13	-9.148	-15.541	147.6
11.14	-9.122	-15.691	127.6
11.15	-9.099	-15.377	80.9
11.16	-9.079	-14.694	24.8
11.17	-9.061	-13.747	-21.5
11.18	-9.041	-12.747	-48.6
11.19	-9.022	-12.008	-64.1
11.2	-9.004	-11.750	-83.6
11.21	-8.988	-11.973	-93.3
11.22	-8.969	-12.536	-91.9
11.23	-8.949	-13.250	-87.5
11.24	-8.928	-13.959	-83.3
11.25	-8.906	-14.403	-77.6
11.26	-8.883	-14.270	-76.1
11.27	-8.859	-13.591	-78.3
11.28	-8.837	-12.681	-68.9
11.29	-8.816	-11.764	-59.6
11.3	-8.796	-10.872	-67.7
11.31	-8.778	-10.038	-68.7
11.32	-8.761	-9.377	-63.4
11.33	-8.745	-8.978	-61.3
11.34	-8.728	-8.952	-61.5
11.35	-8.711	-9.370	-66.5
11.36	-8.695	-10.038	-66.1
11.37	-8.679	-10.670	-61.9
11.38	-8.663	-11.284	-69.8
11.39	-8.646	-11.978	-72.4
11.4	-8.629	-12.658	-67.0
11.41	-8.612	-13.253	-72.3
11.42	-8.594	-13.758	-77.5
11.43	-8.578	-14.150	-75.6
11.44	-8.561	-14.381	-74.1
11.45	-8.546	-14.427	-68.5
11.46	-8.531	-14.378	-72.3
11.47	-8.518	-14.364	-71.5
11.48	-8.504	-14.373	-60.2
11.49	-8.490	-14.297	-64.0
11.5	-8.476	-14.155	-69.3
11.51	-8.461	-14.030	-61.7
11.52	-8.446	-13.833	-64.6
11.53	-8.432	-13.520	-63.2
11.54	-8.418	-13.278	-48.3
11.55	-8.406	-13.211	-38.2
11.56	-8.394	-13.205	-29.8
11.57	-8.383	-13.136	-14.1
11.58	-8.374	-13.017	7.8
11.59	-8.367	-12.925	17.9
11.6	-8.362	-12.873	16.9
11.61	-8.357	-12.797	8.1
11.62	-8.352	-12.688	-31.5
11.63	-8.346	-12.583	-73.0
11.64	-8.339	-12.483	-89.9
11.65	-8.332	-12.427	-93.0
11.66	-8.331	-12.433	-91.6
11.67	-8.342	-12.475	-96.2
11.68	-8.354	-12.475	-101.1
11.69	-8.349	-12.409	-68.4
11.7	-8.337	-12.413	67.5
11.71	-8.328	-12.513	306.8
11.72	-8.321	-12.539	389.6
11.73	-8.317	-12.491	186.8
11.74	-8.316	-12.550	-31.3
11.75	-8.316	-12.739	-103.8
11.76	-8.313	-12.900	-110.8
11.77	-8.304	-13.005	-104.8
11.78	-8.294	-13.180	-100.7
11.79	-8.283	-13.366	-94.0
11.8	-8.273	-13.342	-84.8
11.81	-8.262	-13.038	-84.4
11.82	-8.250	-12.395	-80.3
11.83	-8.239	-10.928	-72.2
11.84	-8.231	-7.863	-69.3
11.85	-8.224	-2.870	-64.3
11.86	-8.219	3.263	-57.4
11.87	-8.215	8.905	-49.4
11.88	-8.212	12.692	-41.3
11.89	-8.210	14.177	-28.4
11.9	-8.213	13.444	-13.8
11.91	-8.221	10.777	-6.5
11.92	-8.231	6.734	1.2
11.93	-8.235	2.066	24.3
11.94	-8.236	-2.584	51.9
11.95	-8.236	-6.739	71.7
11.96	-8.235	-10.100	83.4
11.97	-8.233	-12.516	101.7
11.98	-8.232	-14.023	119.2
11.99	-8.232	-14.770	118.6
12.0	-8.232	-14.841	108.9
12.01	-8.234	-14.394	88.8
12.02	-8.238	-13.714	48.1
12.03	-8.244	-13.014	-0.6
12.04	-8.251	-12.373	-36.2
12.05	-8.256	-11.758	-61.8
12.06	-8.262	-11.186	-83.9
12.07	-8.270	-10.895	-85.8
12.08	-8.277	-11.131	-87.5
12.09	-8.284	-11.850	-91.8
12.1	-8.289	-12.764	-87.0
12.11	-8.292	-13.531	-87.3
12.12	-8.296	-13.919	-81.4
12.13	-8.301	-13.866	-71.7
12.14	-8.308	-13.373	-74.3
12.15	-8.315	-12.566	-73.0
12.16	-8.324	-11.720	-66.6
12.17	-8.335	-10.998	-58.4
12.18	-8.348	-10.341	-61.2
12.19	-8.363	-9.792	-66.3
12.2	-8.379	-9.558	-61.2
12.21	-8.398	-9.678	-58.8
12.22	-8.418	-9.988	-61.8
12.23	-8.439	-10.356	-63.8
12.24	-8.461	-10.828	-65.7
12.25	-8.486	-11.447	-66.3
12.26	-8.512	-12.105	-67.3
12.27	-8.542	-12.653	-68.2
12.28	-8.573	-13.067	-68.4
12.29	-8.606	-13.413	-64.6
12.3	-8.640	-13.730	-57.2
12.31	-8.675	-13.969	-58.1
12.32	-8.711	-14.113	-63.5
12.33	-8.746	-14.245	-61.6
12.34	-8.779	-14.394	-64.8
12.35	-8.812	-14.352	-68.9
12.36	-8.846	-14.044	-64.7
12.37	-8.879	-13.750	-57.5
12.38	-8.914	-13.716	-54.3
12.39	-8.949	-13.844	-52.1
12.4	-8.986	-13.863	-48.6
12.41	-9.022	-13.653	-51.8
12.42	-9.057	-13.400	-54.3
12.43	-9.092	-13.355	-50.3
12.44	-9.127	-13.402	-46.5
12.45	-9.161	-13.255	-38.2
12.46	-9.192	-12.970	-24.2
12.47	-9.222	-12.777	-4.0
12.48	-9.251	-12.713	5.1
12.49	-9.281	-12.650	15.8
12.5	-9.311	-12.533	35.8
12.51	-9.341	-12.452	45.0
12.52	-9.371	-12.456	33.4
12.53	-9.399	-12.528	2.9
12.54	-9.428	-12.572	-34.3
12.55	-9.455	-12.506	-57.2
12.56	-9.481	-12.448	-62.8
12.57	-9.509	-12.484	-58.8
12.58	-9.537	-12.505	-63.2
12.59	-9.564	-12.467	-74.9
12.6	-9.588	-12.495	-48.3
12.61	-9.611	-12.627	87.4
12.62	-9.635	-12.688	334.6
12.63	-9.660	-12.605	434.4
12.64	-9.684	-12.552	234.9
12.65	-9.711	-12.611	19.1
12.66	-9.740	-12.719	-53.3
12.67	-9.766	-12.869	-65.4
12.68	-9.788	-13.088	-63.0
12.69	-9.806	-13.330	-62.6
12.7	-9.821	-13.528	-62.6
12.71	-9.838	-13.639	-54.1
12.72	-9.857	-13.630	-49.1
12.73	-9.877	-13.295	-44.5
12.74	-9.898	-12.148	-39.3
12.75	-9.918	-9.567	-33.4
12.76	-9.939	-5.063	-26.0
12.77	-9.961	1.072	-23.4
12.78	-9.982	7.419	-19.8
12.79	-10.004	12.309	-0.3
12.8	-10.027	14.823	11.6
12.81	-10.049	14.867	8.9
12.82	-10.072	12.766	20.5
12.83	-10.095	9.073	41.2
12.84	-10.117	4.463	63.5
12.85	-10.136	-0.484	81.7
12.86	-10.154	-5.256	91.6
12.87	-10.170	-9.342	121.7
12.88	-10.185	-12.358	151.0
12.89	-10.199	-14.230	164.0
12.9	-10.213	-15.208	170.4
12.91	-10.226	-15.517	160.0
12.92	-10.239	-15.280	132.6
12.93	-10.258	-14.661	92.4
12.94	-10.278	-13.847	46.8
12.95	-10.297	-13.022	-1.0
12.96	-10.315	-12.309	-34.7
12.97	-10.333	-11.713	-40.4
12.98	-10.351	-11.300	-46.4
12.99	-10.366	-11.294	-57.0
13.0	-10.379	-11.841	-65.6
13.01	-10.390	-12.761	-64.4
13.02	-10.399	-13.611	-58.6
13.03	-10.408	-13.939	-53.9
13.04	-10.417	-13.583	-50.5
13.05	-10.425	-12.759	-48.7
13.06	-10.433	-11.767	-37.1
13.07	-10.441	-10.758	-31.3
13.08	-10.449	-9.834	-35.4
13.09	-10.458	-9.116	-36.2
13.1	-10.466	-8.717	-40.6
13.11	-10.473	-8.614	-40.0
13.12	-10.480	-8.644	-37.0
13.13	-10.487	-8.877	-28.4
13.14	-10.493	-9.508	-27.9
13.15	-10.499	-10.439	-43.4
13.16	-10.503	-11.373	-46.0
13.17	-10.508	-12.086	-38.3
13.18	-10.511	-12.561	-41.8
13.19	-10.513	-12.972	-43.0
13.2	-10.516	-13.445	-39.8
13.21	-10.518	-13.872	-37.7
13.22	-10.519	-14.042	-29.3
13.23	-10.521	-13.989	-27.2
13.24	-10.521	-13.952	-39.2
13.25	-10.521	-13.975	-38.6
13.26	-10.522	-13.922	-29.8
13.27	-10.524	-13.791	-29.5
13.28	-10.531	-13.741	-37.6
13.29	-10.540	-13.761	-32.9
13.3	-10.550	-13.652	-20.7
13.31	-10.558	-13.431	-15.0
13.32	-10.563	-13.313	-3.5
13.33	-10.564	-13.253	7.7
13.34	-10.561	-13.063	17.0
13.35	-10.554	-12.814	36.1
13.36	-10.543	-12.675	48.1
13.37	-10.528	-12.600	40.0
13.38	-10.509	-12.525	14.1
13.39	-10.489	-12.500	-22.8
13.4	-10.469	-12.566	-45.9
13.41	-10.448	-12.559	-53.4
13.42	-10.428	-12.341	-63.9
13.43	-10.409	-12.116	-59.9
13.44	-10.384	-12.127	-51.6
13.45	-10.349	-12.302	-53.6
13.46	-10.309	-12.434	0.0
13.47	-10.271	-12.442	186.0
13.48	-10.239	-12.372	376.8
13.49	-10.209	-12.313	313.9
13.5	-10.179	-12.350	77.8
13.51	-10.152	-12.484	-54.1
13.52	-10.129	-12.661	-73.4
13.53	-10.104	-12.889	-64.1
13.54	-10.071	-13.191	-57.3
13.55	-10.031	-13.470	-59.7
13.56	-9.990	-13.603	-61.6
13.57	-9.953	-13.594	-60.3
13.58	-9.918	-13.494	-59.3
13.59	-9.885	-13.094	-49.6
13.6	-9.854	-11.880	-34.4
13.61	-9.824	-9.302	-25.6
13.62	-9.797	-4.966	-15.2
13.63	-9.770	0.898	-8.4
13.64	-9.746	6.984	-13.4
13.65	-9.723	11.608	-11.2
13.66	-9.701	13.797	1.9
13.67	-9.679	13.517	13.8
13.68	-9.658	11.230	24.1
13.69	-9.638	7.513	39.2
13.7	-9.619	2.945	67.6
13.71	-9.601	-1.866	93.8
13.72	-9.582	-6.348	106.3
13.73	-9.563	-9.986	129.5
13.74	-9.541	-12.428	153.4
13.75	-9.520	-13.856	162.0
13.76	-9.499	-14.717	154.7
13.77	-9.478	-15.119	130.3
13.78	-9.460	-14.994	92.6
13.79	-9.446	-14.434	47.5
13.8	-9.433	-13.667	-4.6
13.81	-9.418	-12.897	-43.9
13.82	-9.401	-12.208	-59.2
13.83	-9.385	-11.713	-69.7
13.84	-9.369	-11.620	-82.0
13.85	-9.352	-11.983	-80.5
13.86	-9.332	-12.652	-74.8
13.87	-9.313	-13.367	-79.8
13.88	-9.292	-13.872	-82.2
13.89	-9.272	-13.953	-69.1
13.9	-9.252	-13.481	-61.9
13.91	-9.234	-12.523	-64.2
13.92	-9.216	-11.380	-62.8
13.93	-9.197	-10.327	-57.7
13.94	-9.181	-9.488	-51.7
13.95	-9.166	-8.889	-49.5
13.96	-9.150	-8.542	-54.8
13.97	-9.136	-8.511	-61.2
13.98	-9.121	-8.783	-60.0
13.99	-9.107	-9.272	-53.8
14.0	-9.094	-9.953	-52.1
14.01	-9.081	-10.773	-59.8
14.02	-9.068	-11.625	-67.7
14.03	-9.054	-12.414	-64.1
14.04	-9.041	-13.019	-62.2
14.05	-9.030	-13.430	-66.9
14.06	-9.021	-13.784	-70.3
14.07	-9.014	-14.106	-65.5
14.08	-9.008	-14.311	-59.3
14.09	-9.003	-14.381	-53.5
14.1	-8.998	-14.388	-50.2
14.11	-8.991	-14.441	-53.9
14.12	-8.985	-14.472	-59.0
14.13	-8.979	-14.280	-59.6
14.14	-8.973	-13.953	-59.4
14.15	-8.967	-13.725	-51.0
14.16	-8.963	-13.622	-34.8
14.17	-8.959	-13.581	-22.8
14.18	-8.956	-13.528	-12.8
14.19	-8.953	-13.381	0.4
14.2	-8.950	-13.200	11.9
14.21	-8.947	-13.094	24.0
14.22	-8.944	-13.083	32.9
14.23	-8.943	-13.064	27.8
14.24	-8.941	-12.867	-7.2
14.25	-8.940	-12.547	-50.2
14.26	-8.940	-12.363	-68.7
14.27	-8.942	-12.381	-72.8
14.28	-8.949	-12.481	-77.6
14.29	-8.963	-12.528	-80.7
14.3	-8.975	-12.480	-86.6
14.31	-8.982	-12.384	-72.8
14.32	-8.994	-12.369	32.0
14.33	-9.016	-12.445	262.4
14.34	-9.043	-12.495	406.3
14.35	-9.072	-12.531	264.1
14.36	-9.105	-12.670	32.3
14.37	-9.142	-12.878	-73.4
14.38	-9.176	-13.006	-85.1
14.39	-9.202	-13.108	-82.3
14.4	-9.221	-13.375	-90.6
14.41	-9.240	-13.727	-88.3
14.42	-9.259	-13.911	-78.0
14.43	-9.275	-13.789	-70.8
14.44	-9.289	-13.269	-59.8
14.45	-9.302	-12.078	-47.5
14.46	-9.319	-9.675	-46.2
14.47	-9.341	-5.428	-49.4
14.48	-9.364	0.641	-40.7
14.49	-9.390	7.200	-22.8
14.5	-9.416	12.373	-19.7
14.51	-9.442	15.094	-18.3
14.52	-9.468	15.309	2.6
14.53	-9.494	13.378	20.9
14.54	-9.521	9.786	23.9
14.55	-9.548	5.275	36.5
14.56	-9.575	0.661	57.0
14.57	-9.601	-3.619	81.5
14.58	-9.625	-7.414	112.4
14.59	-9.647	-10.498	132.3
14.6	-9.667	-12.625	149.0
14.61	-9.687	-13.772	158.2
14.62	-9.706	-14.166	147.1
14.63	-9.725	-14.055	123.2
14.64	-9.746	-13.559	80.7
14.65	-9.769	-12.791	32.3
14.66	-9.794	-11.945	-3.7
14.67	-9.818	-11.178	-28.7
14.68	-9.840	-10.598	-47.5
14.69	-9.863	-10.345	-54.1
14.7	-9.884	-10.495	-53.7
14.71	-9.904	-11.017	-59.0
14.72	-9.921	-11.791	-67.9
14.73	-9.934	-12.608	-67.4
14.74	-9.947	-13.233	-59.8
14.75	-9.963	-13.442	-48.2
14.76	-9.979	-13.066	-40.6
14.77	-9.996	-12.211	-36.0
14.78	-10.013	-11.220	-29.8
14.79	-10.031	-10.300	-31.0
14.8	-10.047	-9.484	-36.1
14.81	-10.064	-8.808	-38.1
14.82	-10.079	-8.394	-38.3
14.83	-10.094	-8.352	-32.6
14.84	-10.106	-8.688	-28.8
14.85	-10.119	-9.278	-33.1
14.86	-10.131	-9.903	-40.3
14.87	-10.144	-10.500	-39.3
14.88	-10.158	-11.192	-39.8
14.89	-10.171	-11.952	-39.0
14.9	-10.184	-12.609	-38.1
14.91	-10.198	-13.084	-39.0
14.92	-10.210	-13.417	-34.8
14.93	-10.224	-13.653	-35.8
14.94	-10.237	-13.777	-40.7
14.95	-10.251	-13.789	-33.8
14.96	-10.263	-13.767	-22.5
14.97	-10.276	-13.736	-31.2
14.98	-10.289	-13.663	-36.9
14.99	-10.303	-13.536	-21.8
15.0	-10.316	-13.383	-20.1
15.01	-10.329	-13.248	-26.3
15.02	-10.342	-13.195	-23.2
15.03	-10.354	-13.192	-17.5
15.04	-10.366	-13.109	-8.0
15.05	-10.378	-12.927	4.6
15.06	-10.389	-12.783	10.2
15.07	-10.401	-12.791	30.4
15.08	-10.412	-12.839	55.5
15.09	-10.421	-12.673	61.3
15.1	-10.430	-12.325	47.3
15.11	-10.438	-12.094	8.1
15.12	-10.446	-12.109	-33.0
15.13	-10.453	-12.258	-54.8
15.14	-10.461	-12.380	-55.5
15.15	-10.470	-12.397	-44.6
15.16	-10.480	-12.348	-45.4
15.17	-10.484	-12.322	-47.4
15.18	-10.481	-12.341	-20.1
15.19	-10.478	-12.316	90.8
15.2	-10.481	-12.219	300.3
15.21	-10.487	-12.180	394.2
15.22	-10.494	-12.295	216.6
15.23	-10.501	-12.484	11.4
15.24	-10.511	-12.595	-54.3
15.25	-10.519	-12.689	-56.2
15.26	-10.521	-12.950	-50.8
15.27	-10.513	-13.259	-49.4
15.28	-10.503	-13.366	-48.3
15.29	-10.495	-13.316	-49.8
15.3	-10.490	-13.272	-47.5
15.31	-10.486	-13.128	-33.3
15.32	-10.484	-12.439	-26.1
15.33	-10.485	-10.530	-21.6
15.34	-10.486	-6.795	-10.6
15.35	-10.486	-1.261	0.1
15.36	-10.485	5.000	4.7
15.37	-10.483	10.375	4.8
15.38	-10.479	13.753	8.2
15.39	-10.467	14.747	22.0
15.4	-10.451	13.436	38.0
15.41	-10.435	10.280	53.6
15.42	-10.419	5.908	77.7
15.43	-10.400	1.044	98.2
15.44	-10.378	-3.544	112.8
15.45	-10.354	-7.291	137.8
15.46	-10.329	-10.052	157.5
15.47	-10.304	-11.952	167.4
15.48	-10.277	-13.134	176.2
15.49	-10.249	-13.648	171.6
15.5	-10.221	-13.589	139.4
15.51	-10.196	-13.131	91.8
15.52	-10.174	-12.448	41.0
15.53	-10.149	-11.706	-4.8
15.54	-10.120	-10.975	-36.5
15.55	-10.090	-10.378	-53.3
15.56	-10.062	-10.234	-59.0
15.57	-10.034	-10.697	-65.7
15.58	-10.006	-11.563	-67.5
15.59	-9.976	-12.486	-59.4
15.6	-9.945	-13.213	-63.5
15.61	-9.916	-13.556	-64.4
15.62	-9.888	-13.327	-56.0
15.63	-9.858	-12.481	-58.8
15.64	-9.828	-11.316	-55.0
15.65	-9.798	-10.209	-43.9
15.66	-9.769	-9.327	-44.0
15.67	-9.740	-8.628	-39.3
15.68	-9.712	-8.100	-37.0
15.69	-9.684	-7.845	-39.9
15.7	-9.658	-7.980	-42.3
15.71	-9.631	-8.492	-45.2
15.72	-9.606	-9.287	-45.4
15.73	-9.582	-10.184	-49.4
15.74	-9.561	-10.894	-49.8
15.75	-9.539	-11.400	-46.4
15.76	-9.518	-11.984	-51.9
15.77	-9.497	-12.702	-53.3
15.78	-9.476	-13.291	-48.4
15.79	-9.455	-13.570	-42.3
15.8	-9.434	-13.703	-37.8
15.81	-9.414	-13.855	-41.7
15.82	-9.393	-13.947	-48.3
15.83	-9.372	-13.908	-50.0
15.84	-9.351	-13.795	-47.0
15.85	-9.328	-13.689	-43.5
15.86	-9.305	-13.595	-40.9
15.87	-9.283	-13.486	-39.1
15.88	-9.262	-13.409	-36.8
15.89	-9.242	-13.380	-40.7
15.9	-9.224	-13.286	-47.0
15.91	-9.206	-13.061	-42.5
15.92	-9.188	-12.791	-38.1
15.93	-9.169	-12.598	-27.5
15.94	-9.149	-12.542	-16.6
15.95	-9.130	-12.578	-9.2
15.96	-9.112	-12.586	4.9
15.97	-9.095	-12.498	22.7
15.98	-9.078	-12.409	35.9
15.99	-9.060	-12.413	40.3
16.0	-9.042	-12.450	27.1
16.01	-9.023	-12.409	-7.7
16.02	-9.005	-12.345	-43.5
16.03	-8.986	-12.380	-59.9
16.04	-8.967	-12.492	-63.8
16.05	-8.953	-12.598	-65.3
16.06	-8.942	-12.638	-72.0
16.07	-8.929	-12.628	-75.4
16.08	-8.912	-12.647	-45.9
16.09	-8.894	-12.719	75.5
16.1	-8.881	-12.783	308.0
16.11	-8.870	-12.780	411.9
16.12	-8.859	-12.772	230.4
16.13	-8.852	-12.872	15.7
16.14	-8.848	-13.048	-65.3
16.15	-8.838	-13.217	-78.9
16.16	-8.822	-13.411	-77.6
16.17	-8.803	-13.686	-67.9
16.18	-8.784	-13.947	-68.5
16.19	-8.768	-13.947	-72.7
16.2	-8.751	-13.619	-63.2
16.21	-8.733	-13.019	-56.3
16.22	-8.715	-11.836	-51.3
16.23	-8.699	-9.270	-39.9
16.24	-8.684	-4.648	-31.4
16.25	-8.671	1.641	-30.7
16.26	-8.661	8.028	-32.0
16.27	-8.652	12.842	-18.9
16.28	-8.644	15.377	-2.2
16.29	-8.638	15.720	7.2
16.3	-8.631	14.020	15.9
16.31	-8.625	10.547	24.8
16.32	-8.619	5.966	39.8
16.33	-8.613	1.153	62.3
16.34	-8.606	-3.173	79.2
16.35	-8.599	-6.684	108.0
16.36	-8.592	-9.325	142.8
16.37	-8.585	-11.142	155.1
16.38	-8.578	-12.203	149.5
16.39	-8.571	-12.569	134.5
16.4	-8.564	-12.402	110.6
16.41	-8.559	-11.966	74.8
16.42	-8.556	-11.464	31.4
16.43	-8.554	-10.909	-8.7
16.44	-8.549	-10.244	-41.5
16.45	-8.544	-9.614	-66.5
16.46	-8.541	-9.305	-78.9
16.47	-8.537	-9.498	-73.6
16.48	-8.534	-10.245	-68.4
16.49	-8.529	-11.375	-66.7
16.5	-8.524	-12.477	-70.1
16.51	-8.518	-13.138	-73.2
16.52	-8.513	-13.161	-69.9
16.53	-8.509	-12.669	-64.1
16.54	-8.506	-11.998	-49.4
16.55	-8.502	-11.288	-39.5
16.56	-8.500	-10.369	-41.3
16.57	-8.498	-9.322	-42.8
16.58	-8.497	-8.586	-46.0
16.59	-8.498	-8.395	-51.0
16.6	-8.501	-8.589	-47.4
16.61	-8.506	-8.917	-43.3
16.62	-8.512	-9.292	-44.5
16.63	-8.521	-9.747	-48.1
16.64	-8.534	-10.356	-50.9
16.65	-8.551	-11.086	-46.6
16.66	-8.572	-11.794	-45.8
16.67	-8.597	-12.377	-48.1
16.68	-8.627	-12.791	-50.3
16.69	-8.661	-13.070	-52.8
16.7	-8.699	-13.314	-51.0
16.71	-8.739	-13.583	-51.0
16.72	-8.781	-13.858	-49.3
16.73	-8.823	-13.995	-38.8
16.74	-8.864	-13.934	-32.7
16.75	-8.905	-13.855	-37.2
16.76	-8.945	-13.866	-46.4
16.77	-8.986	-13.806	-44.1
16.78	-9.027	-13.627	-35.5
16.79	-9.071	-13.470	-33.9
16.8	-9.111	-13.384	-35.4
16.81	-9.148	-13.336	-27.8
16.82	-9.181	-13.327	-24.6
16.83	-9.215	-13.330	-34.2
16.84	-9.249	-13.264	-36.2
16.85	-9.281	-13.103	-33.5
16.86	-9.313	-12.914	-29.3
16.87	-9.344	-12.809	-25.6
16.88	-9.374	-12.853	-28.1
16.89	-9.402	-12.936	-14.0
16.9	-9.431	-12.880	6.8
16.91	-9.458	-12.655	8.0
16.92	-9.486	-12.433	12.3
16.93	-9.514	-12.397	29.7
16.94	-9.541	-12.534	48.3
16.95	-9.568	-12.700	61.4
16.96	-9.594	-12.823	53.3
16.97	-9.619	-12.925	25.4
16.98	-9.643	-12.980	-8.8
16.99	-9.666	-12.970	-35.0
17.0	-9.688	-12.969	-44.8
17.01	-9.712	-13.013	-46.8
17.02	-9.737	-13.097	-47.8
17.03	-9.758	-13.194	-54.2
17.04	-9.774	-13.273	-39.8
17.05	-9.788	-13.367	73.6
17.06	-9.805	-13.495	309.8
17.07	-9.824	-13.567	450.4
17.08	-9.844	-13.481	292.2
17.09	-9.867	-13.317	62.1
17.1	-9.893	-13.305	-32.6
17.11	-9.916	-13.525	-54.8
17.12	-9.933	-13.784	-53.8
17.13	-9.946	-13.883	-48.9
17.14	-9.956	-13.903	-47.4
17.15	-9.968	-13.977	-44.4
17.16	-9.982	-13.931	-44.2
17.17	-9.997	-13.511	-35.4
17.18	-10.012	-12.448	-18.0
17.19	-10.029	-10.167	-6.1
17.2	-10.049	-5.938	-4.7
17.21	-10.069	0.247	-4.9
17.22	-10.089	7.045	-6.5
17.23	-10.110	12.725	-6.9
17.24	-10.133	16.264	12.6
17.25	-10.155	17.262	33.8
17.26	-10.178	15.766	39.9
17.27	-10.199	12.317	47.6
17.28	-10.219	7.723	69.3
17.29	-10.239	2.748	92.0
17.3	-10.259	-1.953	108.3
17.31	-10.279	-5.884	134.5
17.32	-10.296	-8.888	158.2
17.33	-10.311	-11.036	172.9
17.34	-10.326	-12.384	183.7
17.35	-10.342	-12.995	178.4
17.36	-10.359	-13.014	156.6
17.37	-10.377	-12.638	122.8
17.38	-10.398	-12.064	79.4
17.39	-10.421	-11.409	37.5
17.4	-10.440	-10.659	-3.2
17.41	-10.456	-9.863	-34.5
17.42	-10.473	-9.289	-48.4
17.43	-10.488	-9.280	-49.8
17.44	-10.500	-9.944	-49.8
17.45	-10.511	-11.031	-49.2
17.46	-10.519	-12.084	-40.6
17.47	-10.528	-12.780	-40.1
17.48	-10.537	-13.025	-42.9
17.49	-10.546	-12.750	-37.0
17.5	-10.554	-11.953	-32.2
17.51	-10.563	-10.909	-27.6
17.52	-10.572	-9.897	-22.7
17.53	-10.581	-8.970	-19.4
17.54	-10.588	-8.231	-15.4
17.55	-10.596	-7.869	-18.5
17.56	-10.604	-7.902	-29.3
17.57	-10.610	-8.158	-24.9
17.58	-10.616	-8.519	-17.8
17.59	-10.622	-9.036	-23.8
17.6	-10.627	-9.797	-24.4
17.61	-10.633	-10.700	-20.4
17.62	-10.638	-11.555	-22.7
17.63	-10.643	-12.281	-35.8
17.64	-10.644	-12.852	-39.4
17.65	-10.641	-13.205	-24.6
17.66	-10.641	-13.384	-21.1
17.67	-10.644	-13.527	-25.8
17.68	-10.649	-13.713	-27.3
17.69	-10.652	-13.902	-23.1
17.7	-10.654	-14.036	-23.3
17.71	-10.654	-14.078	-30.0
17.72	-10.652	-14.019	-26.7
17.73	-10.649	-13.888	-21.7
17.74	-10.643	-13.772	-21.3
17.75	-10.634	-13.672	-20.8
17.76	-10.623	-13.484	-21.8
17.77	-10.608	-13.295	-16.8
17.78	-10.590	-13.248	-16.8
17.79	-10.568	-13.261	-20.9
17.8	-10.542	-13.178	-19.4
17.81	-10.514	-12.989	-16.6
17.82	-10.486	-12.773	-7.6
17.83	-10.456	-12.627	3.6
17.84	-10.426	-12.611	12.6
17.85	-10.397	-12.645	28.0
17.86	-10.365	-12.608	52.6
17.87	-10.331	-12.559	67.9
17.88	-10.294	-12.639	55.1
17.89	-10.259	-12.717	18.2
17.9	-10.224	-12.616	-22.0
17.91	-10.188	-12.533	-39.8
17.92	-10.152	-12.689	-37.5
17.93	-10.117	-12.952	-41.2
17.94	-10.083	-13.120	-51.7
17.95	-10.046	-13.194	-52.8
17.96	-10.003	-13.225	-39.7
17.97	-9.957	-13.231	47.0
17.98	-9.916	-13.247	256.6
17.99	-9.882	-13.303	408.1
18.0	-9.851	-13.395	284.2
18.01	-9.822	-13.491	50.0
18.02	-9.799	-13.559	-58.8
18.03	-9.779	-13.653	-68.9
18.04	-9.755	-13.828	-58.1
18.05	-9.724	-14.047	-49.8
18.06	-9.688	-14.258	-49.7
18.07	-9.652	-14.391	-52.5
18.08	-9.619	-14.358	-48.3
18.09	-9.586	-14.138	-45.6
18.1	-9.554	-13.606	-44.1
18.11	-9.525	-12.247	-31.8
18.12	-9.499	-9.266	-25.9
18.13	-9.476	-4.159	-27.4
18.14	-9.454	2.472	-16.2
18.15	-9.432	8.950	-4.8
18.16	-9.411	13.639	-3.3
18.17	-9.391	15.861	2.4
18.18	-9.373	15.759	14.2
18.19	-9.356	13.680	28.9
18.2	-9.340	9.967	45.6
18.21	-9.324	5.336	65.0
18.22	-9.309	0.669	88.0
18.23	-9.293	-3.555	112.1
18.24	-9.276	-7.173	138.9
18.25	-9.259	-10.019	156.9
18.26	-9.241	-11.953	159.6
18.27	-9.223	-12.997	159.5
18.28	-9.204	-13.334	145.3
18.29	-9.189	-13.202	102.0
18.3	-9.178	-12.766	44.9
18.31	-9.169	-12.153	-4.8
18.32	-9.158	-11.509	-40.9
18.33	-9.145	-10.938	-57.9
18.34	-9.135	-10.533	-63.9
18.35	-9.125	-10.447	-71.7
18.36	-9.113	-10.841	-78.5
18.37	-9.101	-11.658	-88.0
18.38	-9.087	-12.508	-87.8
18.39	-9.072	-13.023	-76.2
18.4	-9.059	-13.142	-70.6
18.41	-9.046	-12.908	-64.4
18.42	-9.034	-12.314	-62.0
18.43	-9.020	-11.411	-63.6
18.44	-9.006	-10.372	-57.5
18.45	-8.993	-9.409	-56.3
18.46	-8.981	-8.648	-57.3
18.47	-8.968	-8.119	-50.5
18.48	-8.956	-7.906	-49.7
18.49	-8.944	-8.114	-56.0
18.5	-8.933	-8.667	-60.2
18.51	-8.921	-9.380	-60.7
18.52	-8.911	-10.159	-60.1
18.53	-8.901	-10.930	-58.6
18.54	-8.891	-11.630	-58.6
18.55	-8.882	-12.263	-57.4
18.56	-8.874	-12.833	-61.7
18.57	-8.867	-13.311	-61.8
18.58	-8.860	-13.694	-59.2
18.59	-8.854	-14.003	-61.2
18.6	-8.848	-14.236	-55.7
18.61	-8.841	-14.388	-52.2
18.62	-8.836	-14.506	-51.8
18.63	-8.830	-14.563	-53.8
18.64	-8.824	-14.506	-56.8
18.65	-8.818	-14.398	-51.2
18.66	-8.811	-14.294	-45.3
18.67	-8.804	-14.203	-50.0
18.68	-8.798	-14.159	-55.5
18.69	-8.792	-14.117	-50.1
18.7	-8.786	-14.011	-47.2
18.71	-8.778	-13.850	-45.8
18.72	-8.770	-13.700	-39.8
18.73	-8.761	-13.598	-37.4
18.74	-8.751	-13.525	-27.5
18.75	-8.742	-13.455	-17.3
18.76	-8.732	-13.409	-10.5
18.77	-8.723	-13.386	7.2
18.78	-8.716	-13.298	26.4
18.79	-8.709	-13.141	42.7
18.8	-8.702	-13.058	42.8
18.81	-8.694	-13.148	13.1
18.82	-8.687	-13.344	-28.3
18.83	-8.679	-13.497	-55.8
18.84	-8.671	-13.552	-57.3
18.85	-8.664	-13.541	-54.7
18.86	-8.661	-13.442	-62.9
18.87	-8.659	-13.314	-70.4
18.88	-8.653	-13.323	-69.0
18.89	-8.648	-13.498	-17.6
18.9	-8.648	-13.692	161.4
18.91	-8.654	-13.758	388.0
18.92	-8.664	-13.692	380.0
18.93	-8.682	-13.655	156.8
18.94	-8.711	-13.769	-11.1
18.95	-8.742	-13.922	-70.7
18.96	-8.768	-13.981	-75.5
18.97	-8.790	-14.072	-67.3
18.98	-8.814	-14.336	-72.3
18.99	-8.842	-14.608	-75.5
19.0	-8.870	-14.628	-64.7
19.01	-8.893	-14.341	-57.1
19.02	-8.913	-13.616	-52.8
19.03	-8.936	-11.878	-41.2
19.04	-8.963	-8.322	-33.5
19.05	-8.995	-2.636	-26.8
19.06	-9.031	4.300	-22.5
19.07	-9.066	10.825	-20.9
19.08	-9.102	15.581	-6.0
19.09	-9.137	17.884	8.6
19.1	-9.172	17.595	18.8
19.11	-9.208	15.117	33.5
19.12	-9.247	11.186	44.9
19.13	-9.290	6.583	58.9
19.14	-9.338	1.928	80.0
19.15	-9.391	-2.375	102.6
19.16	-9.446	-6.019	124.8
19.17	-9.497	-8.770	152.5
19.18	-9.544	-10.625	171.5
19.19	-9.587	-11.763	167.5
19.2	-9.626	-12.327	153.2
19.21	-9.664	-12.380	125.7
19.22	-9.701	-12.033	82.8
19.23	-9.739	-11.400	32.8
19.24	-9.777	-10.592	-11.7
19.25	-9.814	-9.809	-25.6
19.26	-9.850	-9.259	-30.1
19.27	-9.885	-9.091	-50.4
19.28	-9.918	-9.381	-55.2
19.29	-9.949	-10.030	-46.8
19.3	-9.977	-10.909	-51.5
19.31	-10.003	-11.900	-49.0
19.32	-10.026	-12.691	-38.6
19.33	-10.047	-13.006	-35.8
19.34	-10.069	-12.830	-34.8
19.35	-10.092	-12.261	-36.9
19.36	-10.114	-11.461	-36.9
19.37	-10.137	-10.594	-32.7
19.38	-10.158	-9.730	-21.8
19.39	-10.179	-8.945	-17.6
19.4	-10.199	-8.397	-25.5
19.41	-10.217	-8.220	-29.0
19.42	-10.235	-8.373	-28.4
19.43	-10.252	-8.736	-27.1
19.44	-10.269	-9.313	-19.7
19.45	-10.286	-10.050	-17.8
19.46	-10.304	-10.731	-25.4
19.47	-10.322	-11.323	-28.1
19.48	-10.340	-11.963	-34.0
19.49	-10.359	-12.628	-37.4
19.5	-10.380	-13.195	-24.8
19.51	-10.401	-13.613	-14.1
19.52	-10.421	-13.922	-12.4
19.53	-10.440	-14.144	-17.5
19.54	-10.458	-14.242	-26.0
19.55	-10.475	-14.216	-26.4
19.56	-10.492	-14.203	-20.5
19.57	-10.508	-14.295	-17.5
19.58	-10.523	-14.375	-17.8
19.59	-10.537	-14.363	-14.8
19.6	-10.550	-14.286	-11.2
19.61	-10.562	-14.155	-17.9
19.62	-10.574	-13.997	-22.6
19.63	-10.586	-13.866	-17.2
19.64	-10.598	-13.803	-5.1
19.65	-10.608	-13.766	11.3
19.66	-10.618	-13.688	15.3
19.67	-10.626	-13.609	19.9
19.68	-10.635	-13.509	36.5
19.69	-10.643	-13.247	49.1
19.7	-10.650	-12.914	61.4
19.71	-10.656	-12.794	55.6
19.72	-10.661	-12.945	23.7
19.73	-10.667	-13.188	-6.8
19.74	-10.672	-13.336	-24.3
19.75	-10.677	-13.338	-32.4
19.76	-10.684	-13.311	-38.6
19.77	-10.690	-13.377	-39.3
19.78	-10.691	-13.453	-40.3
19.79	-10.687	-13.438	-19.2
19.8	-10.683	-13.364	109.3
19.81	-10.683	-13.314	336.3
19.82	-10.684	-13.381	403.4
19.83	-10.686	-13.553	207.5
19.84	-10.688	-13.741	19.4
19.85	-10.691	-13.873	-39.2
19.86	-10.693	-13.900	-47.5
19.87	-10.684	-13.934	-42.4
19.88	-10.666	-14.178	-35.3
19.89	-10.646	-14.559	-35.1
19.9	-10.628	-14.817	-37.9
19.91	-10.613	-14.806	-29.3
19.92	-10.596	-14.500	-14.3
19.93	-10.578	-13.780	-6.0
19.94	-10.561	-12.131	-7.8
19.95	-10.543	-8.731	-8.4
19.96	-10.522	-3.272	0.9
19.97	-10.498	3.423	8.4
19.98	-10.472	9.813	17.3
19.99	-10.444	14.489	27.2
20.0	-10.413	16.688	38.4
20.01	-10.381	16.342	47.3
20.02	-10.347	13.927	55.3
20.03	-10.313	10.138	75.1
20.04	-10.279	5.580	92.8
20.05	-10.243	0.816	116.4
20.06	-10.206	-3.575	154.2
20.07	-10.168	-7.163	182.3
20.08	-10.130	-9.803	194.3
20.09	-10.093	-11.606	194.0
20.1	-10.057	-12.750	186.4
20.11	-10.022	-13.305	156.9
20.12	-9.991	-13.333	108.3
20.13	-9.964	-13.030	56.8
20.14	-9.938	-12.519	4.7
20.15	-9.908	-11.798	-28.1
20.16	-9.879	-11.089	-43.8
20.17	-9.853	-10.763	-55.6
20.18	-9.829	-10.963	-60.1
20.19	-9.803	-11.572	-56.8
20.2	-9.775	-12.345	-56.0
20.21	-9.747	-13.017	-59.7
20.22	-9.719	-13.411	-55.1
20.23	-9.691	-13.447	-49.3
20.24	-9.662	-13.086	-40.5
20.25	-9.634	-12.297	-33.4
20.26	-9.606	-11.108	-35.2
20.27	-9.579	-9.745	-40.1
20.28	-9.553	-8.595	-40.0
20.29	-9.527	-7.870	-37.3
20.3	-9.504	-7.541	-39.3
20.31	-9.482	-7.570	-35.3
20.32	-9.461	-7.939	-34.8
20.33	-9.441	-8.536	-40.9
20.34	-9.422	-9.264	-39.7
20.35	-9.404	-10.106	-45.0
20.36	-9.385	-11.036	-46.1
20.37	-9.366	-11.911	-38.6
20.38	-9.346	-12.616	-41.9
20.39	-9.326	-13.202	-43.7
20.4	-9.309	-13.763	-36.4
20.41	-9.292	-14.230	-31.8
20.42	-9.276	-14.478	-33.8
20.43	-9.261	-14.586	-38.9
20.44	-9.245	-14.695	-42.3
20.45	-9.229	-14.811	-40.4
20.46	-9.212	-14.869	-33.0
20.47	-9.195	-14.853	-31.9
20.48	-9.178	-14.814	-32.0
20.49	-9.159	-14.792	-32.9
20.5	-9.141	-14.780	-32.1
20.51	-9.124	-14.700	-29.8
20.52	-9.107	-14.508	-30.2
20.53	-9.092	-14.294	-19.1
20.54	-9.076	-14.170	-2.3
20.55	-9.061	-14.125	12.8
20.56	-9.046	-14.078	28.9
20.57	-9.031	-13.944	41.5
20.58	-9.016	-13.742	53.2
20.59	-9.001	-13.617	42.8
20.6	-8.986	-13.544	2.1
20.61	-8.971	-13.433	-32.8
20.62	-8.956	-13.377	-47.3
20.63	-8.943	-13.467	-58.9
20.64	-8.932	-13.613	-65.5
20.65	-8.924	-13.678	-60.3
20.66	-8.913	-13.628	-60.7
20.67	-8.896	-13.539	-36.6
20.68	-8.879	-13.495	71.6
20.69	-8.866	-13.542	282.8
20.7	-8.856	-13.661	401.1
20.71	-8.849	-13.802	244.2
20.72	-8.845	-13.931	35.9
20.73	-8.842	-14.005	-51.2
20.74	-8.836	-14.009	-75.4
20.75	-8.824	-14.080	-69.5
20.76	-8.807	-14.372	-61.8
20.77	-8.791	-14.778	-61.1
20.78	-8.777	-14.975	-58.0
20.79	-8.762	-14.822	-60.3
20.8	-8.746	-14.366	-53.2
20.81	-8.730	-13.303	-37.6
20.82	-8.717	-10.831	-33.6
20.83	-8.704	-6.303	-32.8
20.84	-8.694	0.061	-26.1
20.85	-8.684	7.048	-18.6
20.86	-8.674	12.995	-5.3
20.87	-8.666	16.695	4.9
20.88	-8.658	17.788	5.7
20.89	-8.651	16.591	11.8
20.9	-8.644	13.736	19.8
20.91	-8.639	9.752	33.7
20.92	-8.634	5.103	62.8
20.93	-8.628	0.402	94.3
20.94	-8.622	-3.797	123.5
20.95	-8.616	-7.188	139.2
20.96	-8.609	-9.609	149.0
20.97	-8.603	-11.031	159.0
20.98	-8.598	-11.717	152.7
20.99	-8.592	-12.020	131.7
21.0	-8.588	-12.061	90.1
21.01	-8.587	-11.816	32.8
21.02	-8.586	-11.330	-11.8
21.03	-8.583	-10.656	-38.5
21.04	-8.579	-9.925	-59.4
21.05	-8.578	-9.431	-71.2
21.06	-8.578	-9.402	-74.6
21.07	-8.577	-9.864	-73.2
21.08	-8.576	-10.770	-72.3
21.09	-8.573	-11.919	-72.5
21.1	-8.569	-12.941	-63.8
21.11	-8.564	-13.456	-61.2
21.12	-8.559	-13.302	-65.2
21.13	-8.553	-12.623	-62.2
21.14	-8.547	-11.734	-52.8
21.15	-8.542	-10.881	-48.8
21.16	-8.537	-10.169	-49.6
21.17	-8.532	-9.555	-46.5
21.18	-8.526	-8.984	-47.1
21.19	-8.521	-8.577	-54.0
21.2	-8.517	-8.506	-52.2
21.21	-8.514	-8.848	-44.9
21.22	-8.512	-9.513	-44.7
21.23	-8.513	-10.294	-46.5
21.24	-8.516	-11.083	-50.2
21.25	-8.522	-11.831	-53.2
21.26	-8.529	-12.413	-54.2
21.27	-8.539	-12.822	-55.1
21.28	-8.553	-13.275	-48.3
21.29	-8.571	-13.877	-41.3
21.3	-8.594	-14.447	-40.4
21.31	-8.621	-14.759	-41.9
21.32	-8.651	-14.839	-45.3
21.33	-8.684	-14.866	-48.4
21.34	-8.719	-14.886	-42.2
21.35	-8.755	-14.873	-40.3
21.36	-8.791	-14.886	-39.1
21.37	-8.826	-14.928	-29.9
21.38	-8.861	-14.925	-29.6
21.39	-8.893	-14.881	-35.6
21.4	-8.924	-14.834	-35.9
21.41	-8.956	-14.756	-31.7
21.42	-8.989	-14.658	-21.3
21.43	-9.023	-14.625	-7.4
21.44	-9.055	-14.595	4.8
21.45	-9.086	-14.427	13.3
21.46	-9.118	-14.198	25.9
21.47	-9.149	-14.106	45.6
21.48	-9.181	-14.145	58.9
21.49	-9.212	-14.134	52.9
21.5	-9.242	-14.031	22.3
21.51	-9.271	-13.964	-20.5
21.52	-9.298	-13.966	-43.8
21.53	-9.324	-13.942	-45.6
21.54	-9.351	-13.866	-46.1
21.55	-9.380	-13.806	-49.0
21.56	-9.405	-13.805	-52.2
21.57	-9.425	-13.831	-30.9
21.58	-9.444	-13.864	92.2
21.59	-9.467	-13.898	331.9
21.6	-9.491	-13.923	439.8
21.61	-9.517	-13.947	256.8
21.62	-9.546	-14.030	35.9
21.63	-9.578	-14.198	-45.3
21.64	-9.605	-14.330	-54.4
21.65	-9.626	-14.366	-53.6
21.66	-9.644	-14.489	-49.9
21.67	-9.661	-14.784	-48.0
21.68	-9.681	-15.053	-41.9
21.69	-9.701	-15.069	-29.3
21.7	-9.720	-14.683	-26.0
21.71	-9.742	-13.559	-25.2
21.72	-9.767	-10.950	-21.3
21.73	-9.793	-6.150	-18.5
21.74	-9.819	0.550	-10.5
21.75	-9.846	7.706	2.9
21.76	-9.874	13.647	11.7
21.77	-9.902	17.344	20.2
21.78	-9.929	18.509	30.7
21.79	-9.954	17.381	28.3
21.8	-9.979	14.445	39.1
21.81	-10.002	10.191	71.1
21.82	-10.024	5.216	94.6
21.83	-10.043	0.314	116.6
21.84	-10.059	-3.891	141.2
21.85	-10.073	-7.177	160.0
21.86	-10.088	-9.628	179.5
21.87	-10.102	-11.355	189.4
21.88	-10.117	-12.339	181.3
21.89	-10.133	-12.595	153.5
21.9	-10.150	-12.344	112.5
21.91	-10.172	-11.884	66.2
21.92	-10.195	-11.384	22.9
21.93	-10.217	-10.836	-9.8
21.94	-10.239	-10.253	-28.9
21.95	-10.261	-9.778	-40.9
21.96	-10.281	-9.633	-55.8
21.97	-10.299	-9.989	-54.2
21.98	-10.316	-10.825	-46.2
21.99	-10.331	-11.886	-47.1
22.0	-10.344	-12.773	-42.7
22.01	-10.359	-13.125	-38.7
22.02	-10.373	-12.838	-29.9
22.03	-10.385	-12.116	-29.8
22.04	-10.398	-11.236	-37.3
22.05	-10.413	-10.353	-32.1
22.06	-10.428	-9.537	-22.8
22.07	-10.444	-8.845	-21.2
22.08	-10.462	-8.370	-22.4
22.09	-10.479	-8.214	-19.8
22.1	-10.496	-8.358	-21.6
22.11	-10.511	-8.692	-19.3
22.12	-10.524	-9.231	-24.0
22.13	-10.539	-10.069	-36.0
22.14	-10.556	-11.061	-23.6
22.15	-10.572	-11.889	-16.8
22.16	-10.588	-12.516	-25.9
22.17	-10.604	-13.152	-22.0
22.18	-10.619	-13.798	-22.5
22.19	-10.633	-14.219	-31.3
22.2	-10.646	-14.355	-26.9
22.21	-10.657	-14.433	-23.8
22.22	-10.667	-14.620	-21.0
22.23	-10.676	-14.817	-18.2
22.24	-10.683	-14.856	-22.7
22.25	-10.688	-14.741	-18.8
22.26	-10.691	-14.633	-12.4
22.27	-10.692	-14.641	-8.7
22.28	-10.689	-14.648	2.4
22.29	-10.683	-14.506	18.3
22.3	-10.673	-14.297	33.5
22.31	-10.658	-14.217	41.9
22.32	-10.637	-14.236	57.4
22.33	-10.610	-14.155	66.3
22.34	-10.579	-13.977	39.9
22.35	-10.544	-13.897	-2.9
22.36	-10.507	-13.944	-32.8
22.37	-10.468	-13.958	-46.9
22.38	-10.430	-13.844	-46.2
22.39	-10.393	-13.695	-37.0
22.4	-10.354	-13.617	-41.1
22.41	-10.307	-13.578	-49.3
22.42	-10.256	-13.539	-2.4
22.43	-10.209	-13.519	160.9
22.44	-10.171	-13.483	360.4
22.45	-10.138	-13.428	335.3
22.46	-10.107	-13.495	121.1
22.47	-10.079	-13.723	-17.5
22.48	-10.055	-13.908	-59.3
22.49	-10.030	-13.984	-60.8
22.5	-9.996	-14.188	-42.4
22.51	-9.956	-14.600	-38.8
22.52	-9.914	-14.994	-43.6
22.53	-9.877	-15.184	-42.6
22.54	-9.843	-15.172	-37.2
22.55	-9.811	-14.852	-29.8
22.56	-9.781	-13.834	-24.8
22.57	-9.753	-11.525	-17.8
22.58	-9.726	-7.367	-9.6
22.59	-9.699	-1.336	-3.1
22.6	-9.672	5.544	2.6
22.61	-9.644	11.566	4.4
22.62	-9.617	15.453	15.2
22.63	-9.591	16.805	29.9
22.64	-9.564	15.841	42.4
22.65	-9.539	13.103	55.2
22.66	-9.513	9.125	70.0
22.67	-9.487	4.450	89.7
22.68	-9.461	-0.142	118.6
22.69	-9.433	-4.031	143.1
22.7	-9.404	-7.161	159.7
22.71	-9.376	-9.644	174.3
22.72	-9.349	-11.436	179.1
22.73	-9.322	-12.427	164.3
22.74	-9.296	-12.675	125.0
22.75	-9.274	-12.508	74.3
22.76	-9.256	-12.250	18.9
22.77	-9.234	-11.886	-28.5
22.78	-9.211	-11.291	-50.8
22.79	-9.189	-10.700	-65.2
22.8	-9.168	-10.539	-71.9
22.81	-9.145	-11.000	-68.5
22.82	-9.121	-11.917	-72.8
22.83	-9.096	-12.883	-73.7
22.84	-9.071	-13.550	-63.1
22.85	-9.046	-13.813	-58.9
22.86	-9.021	-13.688	-59.1
22.87	-8.995	-13.158	-61.3
22.88	-8.970	-12.178	-59.6
22.89	-8.947	-10.894	-51.4
22.9	-8.924	-9.648	-43.0
22.91	-8.904	-8.667	-39.6
22.92	-8.886	-8.036	-43.2
22.93	-8.869	-7.866	-48.0
22.94	-8.853	-8.105	-51.3
22.95	-8.838	-8.502	-51.8
22.96	-8.824	-8.975	-49.5
22.97	-8.811	-9.664	-52.8
22.98	-8.798	-10.655	-54.6
22.99	-8.786	-11.791	-52.7
23.0	-8.774	-12.733	-50.8
23.01	-8.761	-13.311	-52.8
23.02	-8.748	-13.714	-59.5
23.03	-8.734	-14.211	-54.4
23.04	-8.720	-14.716	-46.8
23.05	-8.707	-14.992	-52.3
23.06	-8.695	-15.081	-49.7
23.07	-8.683	-15.169	-49.6
23.08	-8.671	-15.313	-48.3
23.09	-8.659	-15.403	-39.1
23.1	-8.648	-15.342	-30.0
23.11	-8.636	-15.205	-22.8
23.12	-8.625	-15.089	-17.3
23.13	-8.615	-15.009	-4.8
23.14	-8.606	-14.942	14.4
23.15	-8.598	-14.881	32.7
23.16	-8.589	-14.831	42.4
23.17	-8.582	-14.700	33.5
23.18	-8.575	-14.442	-3.1
23.19	-8.568	-14.205	-47.0
23.2	-8.559	-14.120	-67.5
23.21	-8.551	-14.148	-70.8
23.22	-8.543	-14.177	-74.1
23.23	-8.537	-14.117	-75.0
23.24	-8.531	-13.966	-75.8
23.25	-8.519	-13.848	-61.8
23.26	-8.508	-13.861	29.8
23.27	-8.499	-13.983	244.8
23.28	-8.491	-14.092	404.0
23.29	-8.484	-14.070	286.8
23.3	-8.482	-14.028	61.1
23.31	-8.482	-14.105	-59.3
23.32	-8.480	-14.258	-88.3
23.33	-8.471	-14.489	-86.3
23.34	-8.457	-14.798	-78.2
23.35	-8.443	-15.053	-72.2
23.36	-8.431	-15.145	-65.2
23.37	-8.420	-15.052	-62.2
23.38	-8.409	-14.559	-55.1
23.39	-8.398	-13.220	-40.9
23.4	-8.384	-10.505	-41.8
23.41	-8.372	-5.959	-43.4
23.42	-8.361	0.288	-34.5
23.43	-8.353	7.170	-28.0
23.44	-8.348	13.150	-20.8
23.45	-8.345	17.081	-10.8
23.46	-8.345	18.556	4.3
23.47	-8.347	17.681	21.5
23.48	-8.351	14.903	30.7
23.49	-8.357	10.917	44.7
23.5	-8.366	6.420	64.7
23.51	-8.374	2.009	80.2
23.52	-8.383	-1.908	106.7
23.53	-8.393	-5.153	127.1
23.54	-8.405	-7.652	139.5
23.55	-8.419	-9.408	152.3
23.56	-8.438	-10.534	150.4
23.57	-8.461	-11.088	130.6
23.58	-8.489	-11.028	87.3
23.59	-8.521	-10.534	38.3
23.6	-8.554	-10.011	-2.4
23.61	-8.586	-9.622	-40.4
23.62	-8.620	-9.287	-65.8
23.63	-8.658	-9.086	-78.1
23.64	-8.697	-9.206	-78.6
23.65	-8.739	-9.727	-73.3
23.66	-8.779	-10.586	-62.5
23.67	-8.819	-11.608	-57.2
23.68	-8.858	-12.561	-61.2
23.69	-8.894	-13.138	-60.4
23.7	-8.929	-13.066	-60.5
23.71	-8.963	-12.408	-59.1
23.72	-8.996	-11.527	-46.2
23.73	-9.028	-10.731	-35.2
23.74	-9.063	-10.025	-38.9
23.75	-9.098	-9.314	-46.7
23.76	-9.134	-8.711	-46.4
23.77	-9.171	-8.406	-47.4
23.78	-9.207	-8.492	-45.7
23.79	-9.244	-8.922	-44.6
23.8	-9.280	-9.577	-39.2
23.81	-9.319	-10.297	-31.2
23.82	-9.358	-10.905	-38.7
23.83	-9.398	-11.388	-45.4
23.84	-9.436	-11.933	-46.5
23.85	-9.474	-12.669	-48.9
23.86	-9.511	-13.481	-46.5
23.87	-9.549	-14.080	-42.4
23.88	-9.588	-14.389	-37.4
23.89	-9.626	-14.536	-29.3
23.9	-9.666	-14.623	-27.5
23.91	-9.704	-14.766	-36.6
23.92	-9.741	-14.981	-37.0
23.93	-9.778	-15.145	-35.7
23.94	-9.814	-15.158	-35.7
23.95	-9.848	-15.064	-27.8
23.96	-9.882	-14.938	-20.9
23.97	-9.917	-14.795	-18.0
23.98	-9.954	-14.706	-17.5
23.99	-9.993	-14.717	-11.9
24.0	-10.035	-14.742	-2.5
24.01	-10.080	-14.641	10.0
24.02	-10.128	-14.397	31.3
24.03	-10.179	-14.164	49.2
24.04	-10.232	-14.086	66.5
24.05	-10.286	-14.067	65.0
24.06	-10.339	-13.983	30.9
24.07	-10.395	-13.913	-9.8
24.08	-10.452	-13.920	-28.8
24.09	-10.509	-13.941	-36.1
24.1	-10.568	-14.000	-39.7
24.11	-10.629	-14.091	-40.7
24.12	-10.687	-14.034	-45.5
24.13	-10.739	-13.891	-40.0
24.14	-10.787	-13.922	48.3
24.15	-10.837	-14.056	259.7
24.16	-10.891	-14.098	419.2
24.17	-10.951	-14.136	317.2
24.18	-11.009	-14.253	87.6
24.19	-11.063	-14.311	-31.1
24.2	-11.116	-14.288	-38.4
24.21	-11.173	-14.427	-28.4
24.22	-11.226	-14.850	-42.1
24.23	-11.273	-15.358	-55.2
24.24	-11.320	-15.636	-40.1
24.25	-11.369	-15.548	-27.9
24.26	-11.418	-15.159	-25.3
24.27	-11.468	-14.397	-17.2
24.28	-11.522	-12.677	-5.5
24.29	-11.575	-9.095	-6.4
24.3	-11.626	-3.309	-13.0
24.31	-11.674	3.886	-1.7
24.32	-11.719	10.839	11.7
24.33	-11.760	15.933	18.8
24.34	-11.797	18.400	31.1
24.35	-11.832	18.373	46.3
24.36	-11.864	16.369	54.9
24.37	-11.895	12.833	60.8
24.38	-11.924	8.302	82.7
24.39	-11.951	3.592	109.1
24.4	-11.971	-0.673	137.6
24.41	-11.986	-4.325	167.9
24.42	-12.004	-7.295	178.2
24.43	-12.024	-9.388	184.0
24.44	-12.038	-10.577	195.1
24.45	-12.044	-11.130	169.4
24.46	-12.056	-11.189	113.2
24.47	-12.075	-10.817	61.1
24.48	-12.095	-10.281	27.1
24.49	-12.110	-9.797	0.6
24.5	-12.119	-9.406	-32.6
24.51	-12.119	-9.211	-56.2
24.52	-12.111	-9.388	-58.7
24.53	-12.102	-9.984	-56.5
24.54	-12.088	-10.880	-53.8
24.55	-12.069	-11.883	-50.3
24.56	-12.045	-12.713	-49.5
24.57	-12.018	-13.045	-44.5
24.58	-11.988	-12.759	-42.7
24.59	-11.954	-12.022	-47.1
24.6	-11.920	-11.011	-37.9
24.61	-11.884	-9.734	-29.8
24.62	-11.844	-8.452	-31.9
24.63	-11.801	-7.570	-33.7
24.64	-11.756	-7.180	-29.9
24.65	-11.709	-7.195	-25.3
24.66	-11.662	-7.525	-26.3
24.67	-11.615	-8.044	-29.2
24.68	-11.568	-8.694	-33.1
24.69	-11.522	-9.455	-35.4
24.7	-11.475	-10.334	-37.2
24.71	-11.428	-11.336	-42.5
24.72	-11.378	-12.336	-40.5
24.73	-11.327	-13.131	-33.0
24.74	-11.274	-13.628	-34.0
24.75	-11.222	-13.942	-36.8
24.76	-11.168	-14.258	-33.6
24.77	-11.113	-14.605	-35.7
24.78	-11.054	-14.848	-38.3
24.79	-10.993	-14.859	-37.2
24.8	-10.931	-14.728	-23.6
24.81	-10.866	-14.705	-15.0
24.82	-10.801	-14.844	-13.0
24.83	-10.736	-14.930	0.8
24.84	-10.673	-14.867	18.2
24.85	-10.611	-14.778	29.0
24.86	-10.548	-14.688	41.1
24.87	-10.485	-14.594	47.0
24.88	-10.423	-14.594	19.8
24.89	-10.364	-14.608	-27.0
24.9	-10.306	-14.456	-57.4
24.91	-10.249	-14.197	-72.1
24.92	-10.193	-14.036	-71.8
24.93	-10.141	-13.997	-59.9
24.94	-10.092	-13.944	-58.1
24.95	-10.041	-13.833	-70.8
24.96	-9.988	-13.677	-31.7
24.97	-9.936	-13.500	138.8
24.98	-9.890	-13.403	351.7
24.99	-9.848	-13.445	338.5
25.0	-9.807	-13.588	110.5
25.01	-9.769	-13.750	-46.6
25.02	-9.734	-13.920	-75.6
25.03	-9.699	-14.200	-71.8
25.04	-9.656	-14.586	-75.8
25.05	-9.611	-14.881	-80.8
25.06	-9.570	-14.984	-77.0
25.07	-9.536	-14.956	-70.3
25.08	-9.506	-14.877	-54.3
25.09	-9.473	-14.561	-48.9
25.1	-9.436	-13.303	-43.1
25.11	-9.399	-10.308	-34.6
25.12	-9.365	-5.392	-38.2
25.13	-9.334	0.919	-29.3
25.14	-9.306	7.511	-14.8
25.15	-9.279	13.039	-12.3
25.16	-9.252	16.572	-3.9
25.17	-9.227	17.808	11.0
25.18	-9.203	16.870	21.9
25.19	-9.178	14.180	34.8
25.2	-9.155	10.417	61.3
25.21	-9.133	6.239	82.7
25.22	-9.113	2.067	98.4
25.23	-9.101	-1.747	127.0
25.24	-9.092	-4.831	153.5
25.25	-9.077	-7.016	162.0
25.26	-9.057	-8.459	161.6
25.27	-9.038	-9.344	144.4
25.28	-9.023	-9.719	100.8
25.29	-9.014	-9.670	47.1
25.3	-9.009	-9.405	0.5
25.31	-9.004	-9.145	-31.7
25.32	-8.999	-8.895	-52.7
25.33	-8.993	-8.581	-71.8
25.34	-8.987	-8.477	-78.4
25.35	-8.980	-9.027	-79.7
25.36	-8.972	-10.252	-78.1
25.37	-8.963	-11.653	-72.2
25.38	-8.953	-12.673	-60.0
25.39	-8.946	-13.134	-55.7
25.4	-8.939	-13.145	-67.7
25.41	-8.934	-12.742	-66.8
25.42	-8.932	-11.970	-54.8
25.43	-8.931	-10.995	-56.4
25.44	-8.933	-9.903	-59.2
25.45	-8.937	-8.856	-51.0
25.46	-8.944	-8.177	-44.8
25.47	-8.951	-7.998	-49.8
25.48	-8.959	-8.198	-43.4
25.49	-8.968	-8.648	-39.5
25.5	-8.980	-9.238	-54.0
25.51	-8.994	-9.806	-49.0
25.52	-9.013	-10.455	-46.7
25.53	-9.034	-11.389	-64.8
25.54	-9.059	-12.406	-52.5
25.55	-9.086	-13.186	-47.0
25.56	-9.117	-13.761	-57.7
25.57	-9.152	-14.283	-49.0
25.58	-9.189	-14.713	-46.3
25.59	-9.228	-14.964	-46.9
25.6	-9.269	-15.106	-45.5
25.61	-9.312	-15.286	-47.9
25.62	-9.357	-15.472	-45.8
25.63	-9.404	-15.495	-45.8
25.64	-9.451	-15.392	-45.1
25.65	-9.496	-15.358	-36.5
25.66	-9.539	-15.436	-14.0
25.67	-9.582	-15.508	-4.9
25.68	-9.624	-15.503	-10.3
25.69	-9.668	-15.434	2.0
25.7	-9.711	-15.281	28.4
25.71	-9.753	-15.133	45.9
25.72	-9.794	-15.073	38.0
25.73	-9.836	-14.981	2.8
25.74	-9.880	-14.822	-33.8
25.75	-9.926	-14.717	-62.0
25.76	-9.974	-14.675	-68.8
25.77	-10.021	-14.616	-55.5
25.78	-10.070	-14.553	-62.0
25.79	-10.117	-14.548	-77.3
25.8	-10.161	-14.517	-44.2
25.81	-10.208	-14.398	63.1
25.82	-10.260	-14.366	292.9
25.83	-10.316	-14.519	451.3
25.84	-10.377	-14.683	302.4
25.85	-10.444	-14.788	69.8
25.86	-10.512	-14.972	-44.8
25.87	-10.573	-15.194	-82.6
25.88	-10.623	-15.275	-75.2
25.89	-10.664	-15.328	-67.4
25.9	-10.700	-15.547	-65.2
25.91	-10.733	-15.816	-51.0
25.92	-10.763	-15.877	-35.2
25.93	-10.790	-15.447	-31.5
25.94	-10.816	-14.111	-34.9
25.95	-10.844	-11.241	-36.9
25.96	-10.874	-6.248	-26.0
25.97	-10.905	0.569	-2.3
25.98	-10.935	7.798	5.2
25.99	-10.966	13.855	-1.1
26.0	-11.000	17.786	14.3
26.01	-11.037	19.353	25.0
26.02	-11.073	18.802	21.3
26.03	-11.107	16.470	36.3
26.04	-11.144	12.670	62.3
26.05	-11.184	8.005	80.1
26.06	-11.223	3.297	101.5
26.07	-11.260	-0.764	126.3
26.08	-11.296	-3.820	149.1
26.09	-11.334	-5.972	167.1
26.1	-11.375	-7.555	177.4
26.11	-11.413	-8.613	180.4
26.12	-11.444	-9.070	145.5
26.13	-11.473	-9.048	82.4
26.14	-11.508	-8.727	42.6
26.15	-11.546	-8.305	11.3
26.16	-11.579	-7.959	-24.7
26.17	-11.606	-7.750	-45.9
26.18	-11.636	-7.653	-44.7
26.19	-11.671	-7.805	-37.7
26.2	-11.701	-8.572	-37.7
26.21	-11.724	-10.016	-42.9
26.22	-11.746	-11.653	-44.7
26.23	-11.769	-12.928	-45.6
26.24	-11.793	-13.522	-41.8
26.25	-11.814	-13.381	-44.1
26.26	-11.830	-12.733	-41.3
26.27	-11.844	-11.875	-22.8
26.28	-11.863	-10.927	-12.4
26.29	-11.884	-9.988	-17.6
26.3	-11.903	-9.231	-25.8
26.31	-11.920	-8.761	-26.9
26.32	-11.932	-8.545	-27.5
26.33	-11.941	-8.537	-34.9
26.34	-11.953	-8.792	-22.9
26.35	-11.967	-9.347	-12.4
26.36	-11.981	-10.141	-23.2
26.37	-11.996	-11.064	-31.7
26.38	-12.009	-11.948	-33.4
26.39	-12.019	-12.703	-31.7
26.4	-12.031	-13.389	-28.2
26.41	-12.051	-13.995	-24.4
26.42	-12.074	-14.464	-16.7
26.43	-12.099	-14.852	-18.5
26.44	-12.128	-15.197	-25.1
26.45	-12.164	-15.447	-26.8
26.46	-12.203	-15.614	-24.7
26.47	-12.241	-15.736	-17.3
26.48	-12.275	-15.723	-19.6
26.49	-12.304	-15.628	-28.2
26.5	-12.332	-15.730	-17.6
26.51	-12.358	-15.958	-3.9
26.52	-12.385	-15.970	3.9
26.53	-12.414	-15.844	15.8
26.54	-12.446	-15.766	25.0
26.55	-12.478	-15.644	28.7
26.56	-12.509	-15.442	43.8
26.57	-12.543	-15.292	56.6
26.58	-12.578	-15.234	38.7
26.59	-12.611	-15.170	-2.5
26.6	-12.641	-15.031	-29.7
26.61	-12.672	-14.923	-42.8
26.62	-12.701	-14.945	-56.8
26.63	-12.726	-14.927	-53.2
26.64	-12.752	-14.766	-42.7
26.65	-12.771	-14.656	-46.4
26.66	-12.776	-14.723	-14.7
26.67	-12.776	-14.866	128.7
26.68	-12.779	-14.980	353.0
26.69	-12.785	-15.017	389.5
26.7	-12.790	-14.961	174.0
26.71	-12.797	-14.938	-7.8
26.72	-12.807	-15.091	-53.8
26.73	-12.809	-15.411	-54.3
26.74	-12.799	-15.820	-53.2
26.75	-12.786	-16.217	-50.1
26.76	-12.778	-16.498	-40.1
26.77	-12.774	-16.528	-30.5
26.78	-12.771	-16.280	-30.8
26.79	-12.770	-15.878	-34.9
26.8	-12.772	-15.141	-24.3
26.81	-12.776	-13.306	-17.0
26.82	-12.778	-9.523	-6.0
26.83	-12.782	-3.575	-3.8
26.84	-12.793	3.745	-8.4
26.85	-12.807	10.728	4.8
26.86	-12.820	15.717	16.0
26.87	-12.827	18.100	26.3
26.88	-12.827	18.127	36.1
26.89	-12.827	16.198	49.8
26.9	-12.830	12.677	77.6
26.91	-12.834	8.228	97.3
26.92	-12.837	3.716	110.1
26.93	-12.838	-0.422	141.3
26.94	-12.832	-4.089	172.3
26.95	-12.819	-7.086	183.6
26.96	-12.806	-9.184	184.0
26.97	-12.798	-10.406	165.8
26.98	-12.796	-10.977	132.2
26.99	-12.797	-11.139	85.5
27.0	-12.799	-10.978	33.2
27.01	-12.797	-10.545	-1.6
27.02	-12.791	-10.094	-29.6
27.03	-12.783	-9.928	-57.0
27.04	-12.775	-10.145	-60.8
27.05	-12.762	-10.722	-66.9
27.06	-12.741	-11.677	-70.1
27.07	-12.713	-12.931	-59.3
27.08	-12.681	-14.144	-57.9
27.09	-12.648	-14.897	-52.0
27.1	-12.611	-14.975	-48.6
27.11	-12.569	-14.383	-54.3
27.12	-12.523	-13.267	-42.9
27.13	-12.470	-11.861	-41.7
27.14	-12.411	-10.420	-45.0
27.15	-12.349	-9.223	-41.9
27.16	-12.287	-8.455	-38.5
27.17	-12.228	-8.113	-37.6
27.18	-12.173	-8.097	-39.9
27.19	-12.121	-8.338	-39.5
27.2	-12.069	-8.880	-44.9
27.21	-12.015	-9.766	-45.6
27.22	-11.958	-10.909	-49.1
27.23	-11.898	-12.116	-51.5
27.24	-11.834	-13.181	-42.5
27.25	-11.771	-13.977	-48.3
27.26	-11.711	-14.548	-50.3
27.27	-11.655	-15.098	-51.3
27.28	-11.603	-15.697	-56.2
27.29	-11.551	-16.180	-45.4
27.3	-11.499	-16.430	-43.8
27.31	-11.449	-16.502	-52.6
27.32	-11.398	-16.497	-44.7
27.33	-11.349	-16.556	-36.5
27.34	-11.298	-16.708	-38.7
27.35	-11.246	-16.778	-31.8
27.36	-11.194	-16.694	-12.3
27.37	-11.142	-16.569	-6.1
27.38	-11.091	-16.464	-0.5
27.39	-11.042	-16.377	22.2
27.4	-10.995	-16.269	45.2
27.41	-10.950	-16.119	49.4
27.42	-10.907	-15.941	28.5
27.43	-10.865	-15.727	-29.8
27.44	-10.824	-15.525	-74.3
27.45	-10.784	-15.414	-77.1
27.46	-10.745	-15.325	-78.6
27.47	-10.708	-15.191	-73.2
27.48	-10.669	-15.080	-64.8
27.49	-10.623	-15.073	-74.2
27.5	-10.571	-15.148	-56.2
27.51	-10.525	-15.106	76.6
27.52	-10.488	-14.903	309.4
27.53	-10.459	-14.830	389.7
27.54	-10.439	-15.038	208.0
27.55	-10.431	-15.323	3.6
27.56	-10.425	-15.528	-75.8
27.57	-10.416	-15.708	-87.5
27.58	-10.404	-15.902	-75.5
27.59	-10.393	-16.111	-72.7
27.6	-10.388	-16.298	-78.6
27.61	-10.383	-16.405	-64.4
27.62	-10.375	-16.409	-57.8
27.63	-10.365	-16.075	-64.6
27.64	-10.357	-14.858	-58.3
27.65	-10.352	-12.058	-44.1
27.66	-10.348	-7.155	-33.0
27.67	-10.342	-0.466	-30.9
27.68	-10.336	6.705	-24.1
27.69	-10.328	12.881	-21.2
27.7	-10.318	17.117	-17.0
27.71	-10.306	18.992	0.3
27.72	-10.294	18.498	13.1
27.73	-10.282	16.078	26.0
27.74	-10.268	12.402	46.3
27.75	-10.251	8.061	61.3
27.76	-10.233	3.609	80.7
27.77	-10.212	-0.467	108.2
27.78	-10.190	-3.883	129.8
27.79	-10.168	-6.528	143.0
27.8	-10.148	-8.417	155.3
27.81	-10.128	-9.686	142.5
27.82	-10.111	-10.430	107.6
27.83	-10.096	-10.564	63.4
27.84	-10.084	-10.228	12.1
27.85	-10.071	-9.873	-27.9
27.86	-10.054	-9.683	-52.6
27.87	-10.040	-9.575	-68.3
27.88	-10.027	-9.617	-67.0
27.89	-10.013	-9.941	-66.5
27.9	-9.997	-10.634	-75.8
27.91	-9.979	-11.748	-81.2
27.92	-9.959	-13.056	-73.7
27.93	-9.939	-14.097	-65.0
27.94	-9.918	-14.547	-68.9
27.95	-9.895	-14.383	-67.6
27.96	-9.872	-13.772	-55.5
27.97	-9.849	-12.870	-54.8
27.98	-9.832	-11.820	-54.7
27.99	-9.826	-10.892	-52.6
28.0	-9.820	-10.273	-45.6
28.01	-9.811	-9.823	-37.2
28.02	-9.804	-9.536	-50.4
28.03	-9.799	-9.669	-59.1
28.04	-9.799	-10.166	-48.9
28.05	-9.801	-10.677	-47.1
28.06	-9.807	-11.159	-48.7
28.07	-9.816	-11.913	-41.6
28.08	-9.832	-12.959	-44.6
28.09	-9.856	-13.923	-56.9
28.1	-9.886	-14.550	-46.6
28.11	-9.922	-15.011	-45.4
28.12	-9.963	-15.527	-60.7
28.13	-10.009	-16.028	-52.1
28.14	-10.063	-16.359	-35.7
28.15	-10.123	-16.547	-40.8
28.16	-10.188	-16.752	-48.9
28.17	-10.255	-16.966	-47.7
28.18	-10.324	-17.000	-37.9
28.19	-10.393	-16.819	-33.3
28.2	-10.461	-16.598	-38.8
28.21	-10.527	-16.525	-32.0
28.22	-10.592	-16.586	-28.4
28.23	-10.658	-16.623	-44.2
28.24	-10.722	-16.541	-47.4
28.25	-10.786	-16.370	-27.3
28.26	-10.850	-16.194	-2.1
28.27	-10.913	-16.050	5.4
28.28	-10.976	-15.913	14.8
28.29	-11.038	-15.813	36.1
28.3	-11.100	-15.794	42.2
28.31	-11.163	-15.836	41.3
28.32	-11.224	-15.847	46.2
28.33	-11.283	-15.741	31.2
28.34	-11.340	-15.625	-1.7
28.35	-11.396	-15.672	-27.6
28.36	-11.454	-15.858	-41.2
28.37	-11.513	-16.003	-47.8
28.38	-11.570	-16.023	-52.7
28.39	-11.616	-16.002	-52.3
28.4	-11.648	-15.991	-25.2
28.41	-11.678	-15.905	67.9
28.42	-11.710	-15.755	294.7
28.43	-11.739	-15.709	457.2
28.44	-11.763	-15.830	323.8
28.45	-11.791	-15.958	87.9
28.46	-11.820	-15.983	-38.9
28.47	-11.841	-15.998	-68.2
28.48	-11.851	-16.073	-50.4
28.49	-11.854	-16.214	-41.6
28.5	-11.851	-16.431	-46.9
28.51	-11.843	-16.667	-47.3
28.52	-11.838	-16.772	-42.0
28.53	-11.838	-16.495	-24.8
28.54	-11.841	-15.403	-10.2
28.55	-11.846	-12.877	-19.0
28.56	-11.853	-8.366	-23.9
28.57	-11.857	-1.866	-17.7
28.58	-11.853	5.617	-3.2
28.59	-11.844	12.464	9.6
28.6	-11.838	17.419	17.8
28.61	-11.838	19.895	33.6
28.62	-11.842	19.794	41.1
28.63	-11.846	17.433	40.6
28.64	-11.846	13.477	56.9
28.65	-11.842	8.714	79.3
28.66	-11.833	3.877	104.3
28.67	-11.825	-0.547	132.2
28.68	-11.823	-4.344	153.5
28.69	-11.819	-7.334	172.9
28.7	-11.816	-9.328	181.2
28.71	-11.811	-10.420	174.9
28.72	-11.806	-10.992	153.7
28.73	-11.804	-11.267	106.7
28.74	-11.804	-11.219	71.1
28.75	-11.800	-10.853	33.2
28.76	-11.788	-10.363	-7.0
28.77	-11.775	-9.944	-25.3
28.78	-11.767	-9.681	-44.4
28.79	-11.758	-9.767	-56.5
28.8	-11.746	-10.450	-55.0
28.81	-11.732	-11.675	-51.8
28.82	-11.716	-13.064	-51.9
28.83	-11.701	-14.127	-51.5
28.84	-11.688	-14.563	-34.8
28.85	-11.676	-14.425	-20.8
28.86	-11.664	-13.913	-26.6
28.87	-11.654	-13.119	-33.3
28.88	-11.642	-12.108	-29.5
28.89	-11.629	-11.014	-17.7
28.9	-11.616	-10.044	-13.6
28.91	-11.600	-9.378	-18.1
28.92	-11.583	-9.070	-21.4
28.93	-11.563	-9.113	-28.5
28.94	-11.542	-9.492	-24.9
28.95	-11.519	-10.094	-25.7
28.96	-11.496	-10.838	-25.2
28.97	-11.471	-11.723	-20.8
28.98	-11.445	-12.652	-26.4
28.99	-11.418	-13.494	-30.3
29.0	-11.388	-14.233	-30.7
29.01	-11.356	-14.925	-23.9
29.02	-11.321	-15.516	-16.9
29.03	-11.284	-15.806	-29.6
29.04	-11.246	-15.836	-35.1
29.05	-11.204	-15.917	-28.8
29.06	-11.159	-16.148	-24.1
29.07	-11.111	-16.356	-15.7
29.08	-11.059	-16.441	-14.8
29.09	-11.004	-16.436	-21.7
29.1	-10.944	-16.334	-23.6
29.11	-10.878	-16.181	-30.4
29.12	-10.806	-16.136	-26.3
29.13	-10.728	-16.195	-7.0
29.14	-10.644	-16.200	-1.2
29.15	-10.556	-16.098	1.1
29.16	-10.464	-16.000	23.2
29.17	-10.373	-15.948	46.3
29.18	-10.283	-15.797	57.3
29.19	-10.198	-15.542	49.8
29.2	-10.118	-15.375	15.4
29.21	-10.043	-15.359	-19.0
29.22	-9.973	-15.406	-37.8
29.23	-9.908	-15.461	-50.9
29.24	-9.853	-15.520	-53.0
29.25	-9.809	-15.498	-49.1
29.26	-9.768	-15.377	-46.5
29.27	-9.723	-15.294	-54.7
29.28	-9.675	-15.278	-12.9
29.29	-9.631	-15.284	159.0
29.3	-9.593	-15.317	359.8
29.31	-9.562	-15.402	328.8
29.32	-9.533	-15.547	100.7
29.33	-9.504	-15.644	-52.5
29.34	-9.474	-15.595	-76.9
29.35	-9.438	-15.603	-61.8
29.36	-9.393	-15.891	-56.7
29.37	-9.345	-16.352	-48.8
29.38	-9.295	-16.700	-46.8
29.39	-9.243	-16.800	-55.1
29.4	-9.195	-16.700	-39.7
29.41	-9.151	-16.309	-29.0
29.42	-9.105	-15.245	-28.3
29.43	-9.055	-12.922	-27.4
29.44	-9.003	-8.700	-21.4
29.45	-8.948	-2.463	-9.1
29.46	-8.894	4.788	-9.8
29.47	-8.845	11.356	-5.3
29.48	-8.790	15.861	13.4
29.49	-8.726	17.822	20.7
29.5	-8.661	17.481	23.6
29.51	-8.601	15.172	36.2
29.52	-8.546	11.266	60.3
29.53	-8.486	6.469	83.6
29.54	-8.425	1.602	100.9
29.55	-8.372	-2.753	127.0
29.56	-8.326	-6.347	161.3
29.57	-8.278	-9.134	177.2
29.58	-8.228	-11.116	168.5
29.59	-8.183	-12.361	144.7
29.6	-8.144	-12.948	110.2
29.61	-8.116	-13.008	63.6
29.62	-8.096	-12.855	9.8
29.63	-8.079	-12.688	-34.7
29.64	-8.058	-12.436	-60.8
29.65	-8.034	-12.122	-65.5
29.66	-8.014	-12.059	-58.2
29.67	-7.996	-12.558	-75.7
29.68	-7.976	-13.470	-91.9
29.69	-7.954	-14.361	-83.6
29.7	-7.933	-15.023	-69.1
29.71	-7.913	-15.377	-64.8
29.72	-7.893	-15.270	-61.6
29.73	-7.872	-14.672	-55.3
29.74	-7.851	-13.722	-57.9
29.75	-7.833	-12.538	-62.7
29.76	-7.824	-11.269	-58.5
29.77	-7.822	-10.245	-51.7
29.78	-7.811	-9.647	-48.2
29.79	-7.791	-9.327	-47.2
29.8	-7.770	-9.231	-40.8
29.81	-7.749	-9.506	-43.6
29.82	-7.732	-10.155	-58.5
29.83	-7.717	-11.038	-66.5
29.84	-7.703	-12.028	-57.3
