Interval=	0.01 s
ExcelDateTime=	3.9770661835863844e+004	18/11/2008 15:53:02.618636
TimeFormat=	StartOfBlock
ChannelTitle=	Channel 1	Channel 2	Channel 3
Range=	20.000 mV	50.000 mV	1000.0 µV
0.0	-11.039	-1.027	16.9
0.01	-11.051	-6.236	84.4
0.02	-11.066	-10.233	134.8
0.03	-11.084	-12.964	119.1
0.04	-11.104	-14.347	65.8
0.05	-11.121	-14.489	11.3
0.06	-11.137	-13.755	-23.6
0.07	-11.154	-12.614	-45.3
0.08	-11.172	-11.566	-68.0
0.09	-11.190	-11.033	-80.8
0.1	-11.204	-11.253	-78.4
0.11	-11.213	-12.169	-71.0
0.12	-11.222	-13.441	-65.0
0.13	-11.233	-14.594	-65.8
0.14	-11.244	-15.231	-70.5
0.15	-11.254	-15.197	-70.4
0.16	-11.263	-14.603	-57.9
0.17	-11.271	-13.642	-49.0
0.18	-11.278	-12.414	-55.4
0.19	-11.286	-11.020	-62.5
0.2	-11.294	-9.683	-60.7
0.21	-11.303	-8.583	-55.7
0.22	-11.313	-7.773	-57.8
0.23	-11.323	-7.255	-59.8
0.24	-11.331	-7.103	-60.4
0.25	-11.339	-7.431	-65.2
0.26	-11.346	-8.247	-70.8
0.27	-11.353	-9.422	-65.7
0.28	-11.359	-10.758	-61.9
0.29	-11.363	-12.097	-68.1
0.3	-11.366	-13.320	-68.9
0.31	-11.371	-14.372	-62.3
0.32	-11.374	-15.345	-61.4
0.33	-11.376	-16.317	-67.2
0.34	-11.378	-17.236	-63.6
0.35	-11.377	-18.072	-59.3
0.36	-11.376	-18.839	-61.8
0.37	-11.375	-19.467	-60.7
0.38	-11.375	-19.875	-55.5
0.39	-11.376	-20.072	-46.1
0.4	-11.378	-20.039	-40.9
0.41	-11.381	-19.780	-28.5
0.42	-11.384	-19.411	2.5
0.43	-11.388	-19.033	28.7
0.44	-11.393	-18.648	25.0
0.45	-11.396	-18.245	-2.3
0.46	-11.399	-17.898	-39.5
0.47	-11.400	-17.673	-66.2
0.48	-11.401	-17.430	-73.2
0.49	-11.406	-17.014	-78.1
0.5	-11.411	-16.506	-77.3
0.51	-11.410	-16.128	-79.0
0.52	-11.404	-15.991	-57.5
0.53	-11.400	-15.983	54.6
0.54	-11.396	-15.994	239.6
0.55	-11.392	-16.050	294.1
0.56	-11.390	-16.125	122.4
0.57	-11.390	-16.183	-41.5
0.58	-11.393	-16.284	-79.2
0.59	-11.394	-16.384	-77.9
0.6	-11.389	-16.323	-77.1
0.61	-11.376	-16.088	-77.2
0.62	-11.362	-15.916	-79.3
0.63	-11.353	-16.033	-73.5
0.64	-11.348	-16.395	-64.6
0.65	-11.342	-16.720	-62.8
0.66	-11.339	-16.486	-54.5
0.67	-11.337	-14.806	-43.7
0.68	-11.334	-10.713	-38.2
0.69	-11.329	-3.848	-26.9
0.7	-11.323	5.208	-20.0
0.71	-11.316	15.170	-12.3
0.72	-11.309	24.441	-3.4
0.73	-11.301	31.525	-0.4
0.74	-11.291	35.436	11.0
0.75	-11.279	35.834	27.8
0.76	-11.267	32.919	51.4
0.77	-11.251	27.394	78.7
0.78	-11.234	20.359	98.3
0.79	-11.214	12.941	119.7
0.8	-11.193	5.963	137.2
0.81	-11.169	-0.134	148.8
0.82	-11.143	-5.189	153.9
0.83	-11.119	-9.109	131.5
0.84	-11.099	-11.756	79.9
0.85	-11.083	-13.081	31.8
0.86	-11.062	-13.323	-7.2
0.87	-11.036	-12.844	-45.3
0.88	-11.010	-11.922	-67.9
0.89	-10.988	-10.913	-76.5
0.9	-10.964	-10.320	-83.2
0.91	-10.937	-10.561	-88.3
0.92	-10.907	-11.670	-81.9
0.93	-10.876	-13.297	-72.3
0.94	-10.846	-14.931	-70.4
0.95	-10.816	-16.145	-67.9
0.96	-10.786	-16.691	-68.0
0.97	-10.756	-16.500	-73.2
0.98	-10.724	-15.613	-64.8
0.99	-10.693	-14.177	-47.7
1.0	-10.663	-12.458	-48.9
1.01	-10.632	-10.781	-54.8
1.02	-10.601	-9.406	-52.6
1.03	-10.569	-8.478	-50.6
1.04	-10.537	-8.078	-53.4
1.05	-10.505	-8.106	-61.7
1.06	-10.474	-8.475	-66.2
1.07	-10.443	-9.230	-66.0
1.08	-10.413	-10.308	-70.6
1.09	-10.383	-11.506	-65.6
1.1	-10.354	-12.773	-56.7
1.11	-10.326	-14.191	-63.7
1.12	-10.299	-15.716	-67.7
1.13	-10.271	-17.186	-63.1
1.14	-10.244	-18.422	-61.6
1.15	-10.219	-19.275	-60.2
1.16	-10.193	-19.677	-63.3
1.17	-10.167	-19.728	-61.7
1.18	-10.141	-19.630	-57.2
1.19	-10.113	-19.566	-56.8
1.2	-10.087	-19.631	-44.7
1.21	-10.061	-19.798	-34.3
1.22	-10.038	-19.948	-22.7
1.23	-10.016	-19.958	3.8
1.24	-9.995	-19.848	26.2
1.25	-9.973	-19.698	25.9
1.26	-9.951	-19.516	3.8
1.27	-9.928	-19.258	-21.8
1.28	-9.902	-18.884	-52.0
1.29	-9.876	-18.436	-73.3
1.3	-9.851	-17.994	-73.3
1.31	-9.828	-17.558	-71.2
1.32	-9.801	-17.183	-80.0
1.33	-9.769	-16.986	-67.3
1.34	-9.736	-16.936	28.4
1.35	-9.706	-16.908	220.6
1.36	-9.682	-16.855	343.2
1.37	-9.662	-16.777	222.5
1.38	-9.649	-16.706	20.1
1.39	-9.639	-16.716	-69.0
1.4	-9.626	-16.813	-81.8
1.41	-9.604	-16.934	-82.9
1.42	-9.578	-17.044	-79.8
1.43	-9.551	-17.145	-76.5
1.44	-9.524	-17.262	-81.0
1.45	-9.498	-17.387	-80.5
1.46	-9.474	-17.262	-73.5
1.47	-9.453	-16.105	-64.7
1.48	-9.434	-12.855	-53.9
1.49	-9.418	-6.789	-46.7
1.5	-9.402	2.020	-45.0
1.51	-9.388	12.523	-40.3
1.52	-9.374	23.061	-30.8
1.53	-9.363	32.000	-15.5
1.54	-9.354	38.091	-7.4
1.55	-9.347	40.623	-1.5
1.56	-9.339	39.420	16.2
1.57	-9.331	34.788	37.4
1.58	-9.321	27.688	59.7
1.59	-9.310	19.589	82.0
1.6	-9.297	11.775	104.9
1.61	-9.283	5.002	127.1
1.62	-9.268	-0.427	138.6
1.63	-9.252	-4.575	135.2
1.64	-9.234	-7.609	116.8
1.65	-9.217	-9.547	86.4
1.66	-9.204	-10.444	40.4
1.67	-9.194	-10.514	-12.6
1.68	-9.183	-10.003	-43.7
1.69	-9.171	-9.144	-61.0
1.7	-9.161	-8.269	-77.9
1.71	-9.153	-7.819	-85.2
1.72	-9.144	-8.150	-92.1
1.73	-9.133	-9.361	-94.1
1.74	-9.118	-11.227	-85.8
1.75	-9.103	-13.261	-77.8
1.76	-9.088	-14.969	-73.3
1.77	-9.072	-15.961	-70.7
1.78	-9.057	-16.023	-68.7
1.79	-9.044	-15.245	-67.2
1.8	-9.031	-14.009	-65.7
1.81	-9.019	-12.784	-64.4
1.82	-9.008	-11.841	-63.6
1.83	-8.997	-11.178	-59.8
1.84	-8.986	-10.733	-56.3
1.85	-8.976	-10.505	-61.9
1.86	-8.966	-10.514	-67.0
1.87	-8.955	-10.766	-63.7
1.88	-8.944	-11.217	-65.2
1.89	-8.934	-11.842	-65.8
1.9	-8.923	-12.684	-62.7
1.91	-8.912	-13.764	-65.1
1.92	-8.901	-15.031	-71.8
1.93	-8.891	-16.364	-74.8
1.94	-8.882	-17.627	-69.7
1.95	-8.873	-18.739	-62.8
1.96	-8.864	-19.647	-64.8
1.97	-8.857	-20.348	-72.7
1.98	-8.849	-20.903	-70.4
1.99	-8.842	-21.319	-59.8
2.0	-8.834	-21.541	-56.1
2.01	-8.826	-21.525	-61.4
2.02	-8.818	-21.259	-69.4
2.03	-8.810	-20.838	-67.6
2.04	-8.803	-20.436	-62.3
2.05	-8.795	-20.119	-61.0
2.06	-8.787	-19.823	-53.6
2.07	-8.780	-19.502	-48.3
2.08	-8.773	-19.213	-44.5
2.09	-8.765	-19.044	-33.0
2.1	-8.759	-18.950	-17.3
2.11	-8.755	-18.806	10.6
2.12	-8.753	-18.613	33.2
2.13	-8.752	-18.480	25.8
2.14	-8.750	-18.452	-2.3
2.15	-8.746	-18.400	-35.2
2.16	-8.741	-18.267	-59.9
2.17	-8.736	-18.164	-68.6
2.18	-8.734	-18.116	-68.6
2.19	-8.734	-18.091	-73.4
2.2	-8.730	-18.133	-79.7
2.21	-8.721	-18.311	-64.5
2.22	-8.713	-18.625	25.1
2.23	-8.706	-18.970	224.1
2.24	-8.702	-19.214	365.4
2.25	-8.701	-19.259	249.6
2.26	-8.706	-19.202	40.3
2.27	-8.710	-19.231	-53.3
2.28	-8.706	-19.252	-75.4
2.29	-8.691	-19.044	-83.5
2.3	-8.676	-18.642	-86.8
2.31	-8.662	-18.266	-86.7
2.32	-8.650	-18.083	-80.5
2.33	-8.638	-17.995	-76.3
2.34	-8.626	-17.492	-73.8
2.35	-8.616	-15.588	-65.3
2.36	-8.608	-11.164	-56.6
2.37	-8.602	-3.719	-51.9
2.38	-8.599	6.208	-41.1
2.39	-8.596	17.292	-30.2
2.4	-8.596	27.967	-28.3
2.41	-8.596	36.666	-22.3
2.42	-8.597	42.089	-11.3
2.43	-8.598	43.648	1.0
2.44	-8.599	41.413	14.7
2.45	-8.599	35.942	34.0
2.46	-8.598	28.408	56.8
2.47	-8.596	20.234	77.2
2.48	-8.594	12.473	103.7
2.49	-8.591	5.695	124.4
2.5	-8.587	0.122	132.4
2.51	-8.582	-4.278	135.3
2.52	-8.578	-7.614	126.4
2.53	-8.575	-9.844	98.4
2.54	-8.575	-10.883	53.9
2.55	-8.577	-10.886	11.5
2.56	-8.578	-10.191	-21.3
2.57	-8.578	-9.120	-49.4
2.58	-8.579	-8.077	-71.2
2.59	-8.581	-7.513	-79.3
2.6	-8.582	-7.716	-80.3
2.61	-8.582	-8.770	-78.7
2.62	-8.579	-10.586	-75.8
2.63	-8.576	-12.836	-76.1
2.64	-8.572	-15.044	-69.5
2.65	-8.568	-16.692	-59.2
2.66	-8.563	-17.427	-58.3
2.67	-8.559	-17.280	-62.4
2.68	-8.555	-16.553	-55.3
2.69	-8.553	-15.556	-46.3
2.7	-8.551	-14.470	-49.4
2.71	-8.551	-13.392	-52.9
2.72	-8.551	-12.433	-56.1
2.73	-8.553	-11.736	-52.2
2.74	-8.554	-11.456	-47.3
2.75	-8.555	-11.556	-52.0
2.76	-8.558	-11.819	-54.5
2.77	-8.560	-12.258	-51.0
2.78	-8.563	-13.053	-49.1
2.79	-8.567	-14.170	-55.9
2.8	-8.572	-15.413	-60.2
2.81	-8.578	-16.663	-57.3
2.82	-8.586	-17.811	-57.7
2.83	-8.596	-18.750	-55.0
2.84	-8.609	-19.484	-52.4
2.85	-8.624	-19.991	-55.3
2.86	-8.642	-20.244	-55.1
2.87	-8.662	-20.347	-48.2
2.88	-8.684	-20.448	-40.9
2.89	-8.707	-20.636	-43.1
2.9	-8.731	-20.909	-50.7
2.91	-8.754	-21.228	-51.3
2.92	-8.779	-21.470	-44.0
2.93	-8.804	-21.486	-38.6
2.94	-8.829	-21.259	-42.0
2.95	-8.857	-20.906	-47.8
2.96	-8.886	-20.581	-46.9
2.97	-8.916	-20.420	-42.6
2.98	-8.946	-20.433	-44.4
2.99	-8.976	-20.464	-45.2
3.0	-9.005	-20.336	-38.5
3.01	-9.033	-19.984	-37.5
3.02	-9.060	-19.478	-40.4
3.03	-9.085	-18.948	-37.2
3.04	-9.110	-18.508	-30.5
3.05	-9.135	-18.197	-22.3
3.06	-9.159	-17.952	-17.9
3.07	-9.184	-17.727	-9.8
3.08	-9.208	-17.623	12.8
3.09	-9.232	-17.753	35.8
3.1	-9.256	-18.061	46.9
3.11	-9.280	-18.378	42.6
3.12	-9.303	-18.598	11.1
3.13	-9.323	-18.752	-25.1
3.14	-9.341	-18.964	-40.0
3.15	-9.361	-19.280	-46.7
3.16	-9.383	-19.592	-45.5
3.17	-9.403	-19.817	-49.3
3.18	-9.416	-19.992	-51.2
3.19	-9.427	-20.163	16.6
3.2	-9.439	-20.345	208.0
3.21	-9.453	-20.541	396.1
3.22	-9.466	-20.617	340.5
3.23	-9.483	-20.420	125.5
3.24	-9.503	-20.006	-11.1
3.25	-9.518	-19.566	-54.6
3.26	-9.522	-19.263	-61.7
3.27	-9.523	-19.083	-63.5
3.28	-9.524	-18.948	-66.1
3.29	-9.527	-18.887	-56.9
3.3	-9.529	-18.867	-51.6
3.31	-9.533	-18.516	-58.4
3.32	-9.539	-17.016	-52.6
3.33	-9.549	-13.298	-39.6
3.34	-9.560	-6.505	-35.3
3.35	-9.573	3.394	-25.0
3.36	-9.586	15.194	-15.1
3.37	-9.598	26.909	-12.5
3.38	-9.610	36.683	-7.2
3.39	-9.623	43.264	2.9
3.4	-9.636	45.994	14.4
3.41	-9.651	44.716	25.7
3.42	-9.666	39.795	45.2
3.43	-9.680	32.231	64.5
3.44	-9.694	23.463	79.6
3.45	-9.706	14.722	107.3
3.46	-9.717	6.678	134.0
3.47	-9.727	-0.316	148.0
3.48	-9.736	-5.975	155.4
3.49	-9.745	-10.070	152.3
3.5	-9.755	-12.556	133.3
3.51	-9.768	-13.567	98.5
3.52	-9.782	-13.347	50.1
3.53	-9.797	-12.255	0.3
3.54	-9.810	-10.725	-30.3
3.55	-9.822	-9.259	-43.9
3.56	-9.837	-8.397	-54.5
3.57	-9.850	-8.414	-60.8
3.58	-9.862	-9.319	-57.3
3.59	-9.871	-10.950	-52.4
3.6	-9.879	-12.925	-54.4
3.61	-9.886	-14.809	-54.7
3.62	-9.895	-16.295	-52.5
3.63	-9.904	-17.130	-49.1
3.64	-9.913	-17.136	-44.9
3.65	-9.922	-16.394	-45.6
3.66	-9.932	-15.245	-42.1
3.67	-9.942	-14.063	-41.8
3.68	-9.951	-12.984	-43.3
3.69	-9.961	-12.034	-31.6
3.7	-9.971	-11.288	-30.7
3.71	-9.981	-10.773	-41.2
3.72	-9.991	-10.534	-43.3
3.73	-10.002	-10.681	-42.8
3.74	-10.013	-11.278	-42.1
3.75	-10.023	-12.288	-43.0
3.76	-10.034	-13.598	-48.8
3.77	-10.045	-15.041	-48.7
3.78	-10.056	-16.417	-41.8
3.79	-10.066	-17.619	-36.2
3.8	-10.076	-18.650	-33.1
3.81	-10.086	-19.523	-38.2
3.82	-10.096	-20.170	-44.9
3.83	-10.105	-20.545	-41.6
3.84	-10.114	-20.711	-34.5
3.85	-10.124	-20.795	-36.7
3.86	-10.135	-20.953	-43.9
3.87	-10.147	-21.219	-42.5
3.88	-10.158	-21.486	-34.0
3.89	-10.169	-21.588	-31.5
3.9	-10.180	-21.434	-35.9
3.91	-10.192	-21.094	-35.2
3.92	-10.202	-20.670	-30.5
3.93	-10.210	-20.148	-28.9
3.94	-10.219	-19.513	-32.0
3.95	-10.227	-18.881	-41.9
3.96	-10.234	-18.403	-42.2
3.97	-10.242	-18.128	-31.9
3.98	-10.248	-18.008	-27.4
3.99	-10.253	-18.000	-15.9
4.0	-10.259	-18.086	-7.1
4.01	-10.266	-18.170	-4.2
4.02	-10.275	-18.141	12.2
4.03	-10.284	-17.975	30.5
4.04	-10.294	-17.722	42.1
4.05	-10.303	-17.495	41.9
4.06	-10.311	-17.378	22.4
4.07	-10.318	-17.344	-18.3
4.08	-10.323	-17.347	-44.5
4.09	-10.330	-17.413	-41.3
4.1	-10.341	-17.605	-40.9
4.11	-10.351	-17.936	-44.0
4.12	-10.354	-18.364	-47.8
4.13	-10.353	-18.844	-16.4
4.14	-10.353	-19.309	121.8
4.15	-10.356	-19.688	312.5
4.16	-10.360	-19.978	327.1
4.17	-10.368	-20.170	134.7
4.18	-10.378	-20.250	-18.8
4.19	-10.385	-20.170	-47.8
4.2	-10.386	-19.811	-46.6
4.21	-10.379	-19.197	-52.6
4.22	-10.369	-18.570	-51.7
4.23	-10.361	-18.188	-50.5
4.24	-10.358	-18.173	-52.7
4.25	-10.358	-18.439	-47.5
4.26	-10.360	-18.448	-39.1
4.27	-10.365	-17.169	-34.4
4.28	-10.371	-13.470	-27.4
4.29	-10.377	-6.694	-18.4
4.3	-10.382	2.922	-13.8
4.31	-10.386	14.123	-5.7
4.32	-10.391	25.086	5.6
4.33	-10.395	34.117	10.6
4.34	-10.399	40.030	17.2
4.35	-10.403	42.097	30.9
4.36	-10.405	40.180	51.0
4.37	-10.408	34.809	67.8
4.38	-10.409	27.080	87.4
4.39	-10.411	18.331	113.5
4.4	-10.411	9.675	129.9
4.41	-10.413	1.842	147.9
4.42	-10.414	-4.766	166.0
4.43	-10.414	-9.997	170.3
4.44	-10.416	-13.770	157.8
4.45	-10.420	-16.030	126.0
4.46	-10.428	-16.873	77.3
4.47	-10.434	-16.592	26.1
4.48	-10.439	-15.591	-14.5
4.49	-10.443	-14.242	-38.2
4.5	-10.449	-12.842	-47.4
4.51	-10.456	-11.777	-64.9
4.52	-10.461	-11.519	-69.9
4.53	-10.461	-12.264	-60.0
4.54	-10.461	-13.675	-59.8
4.55	-10.461	-15.134	-55.1
4.56	-10.461	-16.188	-50.3
4.57	-10.459	-16.636	-53.5
4.58	-10.456	-16.469	-48.1
4.59	-10.453	-15.777	-38.0
4.6	-10.449	-14.666	-36.9
4.61	-10.445	-13.284	-39.2
4.62	-10.441	-11.853	-36.0
4.63	-10.435	-10.617	-36.4
4.64	-10.428	-9.820	-47.1
4.65	-10.418	-9.541	-45.1
4.66	-10.406	-9.642	-35.8
4.67	-10.393	-9.983	-37.0
4.68	-10.378	-10.586	-35.9
4.69	-10.361	-11.523	-38.8
4.7	-10.342	-12.734	-45.5
4.71	-10.321	-14.108	-45.4
4.72	-10.300	-15.555	-43.0
4.73	-10.278	-16.948	-43.7
4.74	-10.254	-18.214	-48.6
4.75	-10.231	-19.350	-50.0
4.76	-10.206	-20.397	-43.2
4.77	-10.181	-21.386	-38.6
4.78	-10.153	-22.188	-36.0
4.79	-10.126	-22.598	-35.3
4.8	-10.097	-22.609	-40.3
4.81	-10.068	-22.358	-39.1
4.82	-10.039	-21.908	-34.4
4.83	-10.011	-21.292	-36.4
4.84	-9.983	-20.608	-40.1
4.85	-9.956	-19.947	-45.8
4.86	-9.928	-19.373	-45.5
4.87	-9.899	-18.944	-39.1
4.88	-9.871	-18.744	-37.0
4.89	-9.841	-18.794	-36.5
4.9	-9.813	-18.958	-40.2
4.91	-9.785	-19.075	-36.7
4.92	-9.756	-19.091	-28.6
4.93	-9.727	-19.041	-19.6
4.94	-9.697	-18.878	-12.8
4.95	-9.668	-18.475	-10.1
4.96	-9.639	-17.867	11.1
4.97	-9.611	-17.219	36.8
4.98	-9.584	-16.622	40.8
4.99	-9.558	-16.156	27.2
5.0	-9.531	-15.967	5.2
5.01	-9.504	-16.166	-29.5
5.02	-9.478	-16.702	-55.5
5.03	-9.455	-17.378	-61.5
5.04	-9.436	-17.975	-59.5
5.05	-9.412	-18.413	-55.5
5.06	-9.383	-18.755	-46.8
5.07	-9.349	-19.075	20.0
5.08	-9.319	-19.364	202.2
5.09	-9.294	-19.564	353.4
5.1	-9.274	-19.650	262.9
5.11	-9.259	-19.650	60.2
5.12	-9.244	-19.608	-47.5
5.13	-9.223	-19.453	-75.3
5.14	-9.194	-19.053	-73.3
5.15	-9.161	-18.486	-68.1
5.16	-9.127	-18.011	-67.7
5.17	-9.094	-17.761	-66.1
5.18	-9.060	-17.709	-62.3
5.19	-9.026	-17.686	-55.8
5.2	-8.995	-17.047	-47.6
5.21	-8.968	-14.581	-41.2
5.22	-8.945	-9.105	-42.4
5.23	-8.923	-0.352	-37.8
5.24	-8.902	10.702	-26.8
5.25	-8.883	22.322	-20.2
5.26	-8.864	32.636	-10.2
5.27	-8.847	40.063	-1.5
5.28	-8.832	43.616	9.8
5.29	-8.820	42.945	24.3
5.3	-8.809	38.266	38.3
5.31	-8.797	30.570	57.6
5.32	-8.785	21.455	74.2
5.33	-8.770	12.345	97.9
5.34	-8.754	4.156	127.4
5.35	-8.737	-2.613	140.6
5.36	-8.719	-7.845	142.5
5.37	-8.700	-11.681	142.9
5.38	-8.681	-14.241	123.6
5.39	-8.662	-15.550	78.4
5.4	-8.646	-15.672	29.1
5.41	-8.630	-14.798	-14.3
5.42	-8.614	-13.266	-47.4
5.43	-8.599	-11.606	-69.2
5.44	-8.588	-10.395	-77.2
5.45	-8.578	-10.028	-84.0
5.46	-8.569	-10.698	-91.1
5.47	-8.560	-12.341	-87.2
5.48	-8.550	-14.594	-84.1
5.49	-8.541	-16.822	-82.4
5.5	-8.531	-18.377	-75.2
5.51	-8.520	-18.967	-68.0
5.52	-8.509	-18.677	-66.1
5.53	-8.499	-17.728	-66.5
5.54	-8.488	-16.361	-67.7
5.55	-8.478	-14.811	-68.2
5.56	-8.468	-13.330	-63.2
5.57	-8.458	-12.136	-64.6
5.58	-8.448	-11.303	-64.0
5.59	-8.438	-10.814	-56.1
5.6	-8.427	-10.748	-60.2
5.61	-8.416	-11.181	-68.0
5.62	-8.404	-11.973	-67.0
5.63	-8.394	-12.945	-70.2
5.64	-8.383	-14.042	-75.7
5.65	-8.371	-15.295	-73.1
5.66	-8.359	-16.648	-70.3
5.67	-8.346	-17.942	-66.2
5.68	-8.332	-19.105	-61.7
5.69	-8.319	-20.069	-68.3
5.7	-8.306	-20.722	-72.5
5.71	-8.296	-21.119	-70.6
5.72	-8.286	-21.444	-72.8
5.73	-8.278	-21.795	-75.6
5.74	-8.271	-22.136	-72.7
5.75	-8.263	-22.330	-66.1
5.76	-8.258	-22.295	-61.8
5.77	-8.253	-22.113	-64.4
5.78	-8.251	-21.777	-64.5
5.79	-8.249	-21.184	-57.8
5.8	-8.248	-20.366	-59.9
5.81	-8.249	-19.570	-67.6
5.82	-8.249	-19.006	-66.8
5.83	-8.251	-18.595	-62.3
5.84	-8.251	-18.214	-62.2
5.85	-8.252	-17.891	-60.2
5.86	-8.252	-17.675	-55.8
5.87	-8.253	-17.589	-56.9
5.88	-8.254	-17.697	-51.5
5.89	-8.256	-17.969	-38.0
5.9	-8.258	-18.175	-32.2
5.91	-8.261	-18.163	-18.8
5.92	-8.264	-17.969	1.7
5.93	-8.266	-17.661	15.0
5.94	-8.269	-17.316	23.3
5.95	-8.271	-17.055	15.5
5.96	-8.271	-16.998	-17.3
5.97	-8.270	-17.148	-55.1
5.98	-8.269	-17.323	-70.1
5.99	-8.271	-17.466	-75.5
6.0	-8.273	-17.745	-77.5
6.01	-8.270	-18.213	-71.6
6.02	-8.266	-18.677	-42.8
6.03	-8.263	-19.008	82.0
6.04	-8.263	-19.213	305.1
6.05	-8.264	-19.277	376.5
6.06	-8.266	-19.195	193.4
6.07	-8.273	-19.005	4.3
6.08	-8.278	-18.761	-67.3
6.09	-8.274	-18.478	-83.7
6.1	-8.264	-18.113	-84.5
6.11	-8.254	-17.730	-88.8
6.12	-8.245	-17.516	-94.3
6.13	-8.237	-17.552	-87.6
6.14	-8.228	-17.605	-76.8
6.15	-8.220	-17.052	-70.8
6.16	-8.214	-14.911	-68.5
6.17	-8.209	-10.072	-64.1
6.18	-8.207	-1.952	-53.8
6.19	-8.207	8.867	-46.1
6.2	-8.208	20.752	-38.1
6.21	-8.210	31.720	-31.8
6.22	-8.214	40.172	-28.4
6.23	-8.219	45.116	-14.3
6.24	-8.224	45.895	0.3
6.25	-8.229	42.344	13.5
6.26	-8.232	35.308	33.8
6.27	-8.236	26.373	55.8
6.28	-8.237	17.050	83.5
6.29	-8.238	8.392	106.0
6.3	-8.238	0.900	119.5
6.31	-8.239	-5.295	131.3
6.32	-8.240	-10.083	133.6
6.33	-8.242	-13.381	124.6
6.34	-8.244	-15.297	100.1
6.35	-8.249	-15.992	57.6
6.36	-8.256	-15.591	14.8
6.37	-8.263	-14.358	-19.2
6.38	-8.269	-12.709	-46.7
6.39	-8.277	-10.991	-64.9
6.4	-8.291	-9.539	-74.8
6.41	-8.308	-8.831	-84.6
6.42	-8.328	-9.219	-85.6
6.43	-8.349	-10.631	-79.9
6.44	-8.370	-12.611	-69.9
6.45	-8.391	-14.553	-60.3
6.46	-8.413	-16.012	-61.6
6.47	-8.437	-16.844	-60.3
6.48	-8.461	-17.123	-52.9
6.49	-8.484	-16.950	-52.5
6.5	-8.509	-16.372	-56.4
6.51	-8.534	-15.464	-60.1
6.52	-8.559	-14.388	-60.4
6.53	-8.585	-13.363	-49.8
6.54	-8.613	-12.545	-43.7
6.55	-8.641	-11.984	-47.1
6.56	-8.669	-11.678	-50.0
6.57	-8.696	-11.623	-54.5
6.58	-8.721	-11.852	-55.2
6.59	-8.746	-12.402	-52.2
6.6	-8.770	-13.198	-53.2
6.61	-8.792	-14.094	-56.2
6.62	-8.813	-15.011	-54.1
6.63	-8.835	-15.914	-56.4
6.64	-8.857	-16.756	-58.0
6.65	-8.879	-17.511	-51.1
6.66	-8.901	-18.089	-52.1
6.67	-8.922	-18.409	-49.9
6.68	-8.943	-18.497	-47.1
6.69	-8.964	-18.408	-50.2
6.7	-8.984	-18.219	-48.7
6.71	-9.004	-18.073	-47.4
6.72	-9.023	-18.002	-42.3
6.73	-9.043	-17.938	-42.2
6.74	-9.061	-17.916	-42.5
6.75	-9.080	-18.003	-41.6
6.76	-9.098	-18.147	-44.2
6.77	-9.114	-18.277	-41.2
6.78	-9.131	-18.428	-35.0
6.79	-9.148	-18.647	-33.1
6.8	-9.164	-18.834	-40.0
6.81	-9.180	-18.858	-39.8
6.82	-9.196	-18.716	-28.5
6.83	-9.214	-18.447	-24.2
6.84	-9.231	-18.097	-22.8
6.85	-9.247	-17.752	-28.3
6.86	-9.262	-17.480	-36.1
6.87	-9.277	-17.253	-31.9
6.88	-9.291	-17.036	-25.3
6.89	-9.305	-16.873	-15.4
6.9	-9.318	-16.853	-5.7
6.91	-9.332	-16.938	-1.4
6.92	-9.347	-16.983	17.8
6.93	-9.363	-16.972	47.9
6.94	-9.378	-16.969	64.6
6.95	-9.393	-16.958	50.6
6.96	-9.406	-16.942	9.5
6.97	-9.417	-17.028	-24.3
6.98	-9.428	-17.203	-37.3
6.99	-9.441	-17.264	-43.8
7.0	-9.457	-17.141	-45.5
7.01	-9.470	-16.981	-52.3
7.02	-9.478	-16.902	-32.0
7.03	-9.488	-16.933	78.9
7.04	-9.499	-17.075	293.1
7.05	-9.511	-17.264	402.8
7.06	-9.523	-17.463	246.9
7.07	-9.539	-17.761	46.3
7.08	-9.554	-18.206	-39.2
7.09	-9.561	-18.539	-60.4
7.1	-9.561	-18.467	-56.7
7.11	-9.559	-18.070	-56.8
7.12	-9.559	-17.631	-63.8
7.13	-9.561	-17.364	-65.3
7.14	-9.563	-17.317	-57.7
7.15	-9.568	-17.133	-42.5
7.16	-9.576	-15.800	-31.1
7.17	-9.585	-12.016	-34.5
7.18	-9.595	-5.020	-37.0
7.19	-9.606	4.853	-27.8
7.2	-9.616	16.316	-16.8
7.21	-9.625	27.641	-3.1
7.22	-9.634	37.131	5.6
7.23	-9.644	43.453	9.1
7.24	-9.655	45.778	24.7
7.25	-9.668	43.728	41.8
7.26	-9.679	37.652	52.8
7.27	-9.691	28.886	69.3
7.28	-9.700	19.192	96.3
7.29	-9.709	10.005	119.5
7.3	-9.717	2.081	134.1
7.31	-9.724	-4.466	152.8
7.32	-9.731	-9.717	165.2
7.33	-9.738	-13.622	158.8
7.34	-9.746	-16.089	137.2
7.35	-9.756	-17.211	99.6
7.36	-9.768	-17.195	53.6
7.37	-9.782	-16.273	9.2
7.38	-9.794	-14.766	-25.3
7.39	-9.806	-13.089	-48.2
7.4	-9.819	-11.688	-61.7
7.41	-9.831	-10.970	-64.5
7.42	-9.841	-11.173	-61.9
7.43	-9.849	-12.155	-61.6
7.44	-9.856	-13.450	-57.9
7.45	-9.864	-14.658	-52.6
7.46	-9.872	-15.553	-48.8
7.47	-9.879	-15.961	-43.1
7.48	-9.887	-15.878	-41.3
7.49	-9.894	-15.456	-43.6
7.5	-9.901	-14.772	-43.0
7.51	-9.909	-13.923	-45.0
7.52	-9.916	-13.113	-45.7
7.53	-9.924	-12.455	-39.6
7.54	-9.933	-11.870	-37.2
7.55	-9.941	-11.342	-38.1
7.56	-9.948	-11.025	-38.2
7.57	-9.956	-10.978	-40.8
7.58	-9.964	-11.133	-43.1
7.59	-9.973	-11.464	-42.0
7.6	-9.981	-12.019	-43.7
7.61	-9.988	-12.809	-45.8
7.62	-9.995	-13.719	-49.5
7.63	-10.002	-14.742	-58.6
7.64	-10.009	-15.988	-51.5
7.65	-10.017	-17.322	-36.8
7.66	-10.024	-18.445	-41.3
7.67	-10.033	-19.250	-53.0
7.68	-10.043	-19.858	-46.6
7.69	-10.051	-20.388	-35.3
7.7	-10.060	-20.791	-36.8
7.71	-10.068	-20.934	-42.1
7.72	-10.076	-20.781	-37.5
7.73	-10.086	-20.414	-34.8
7.74	-10.094	-19.916	-42.1
7.75	-10.102	-19.297	-44.6
7.76	-10.109	-18.613	-43.1
7.77	-10.115	-18.039	-34.9
7.78	-10.121	-17.667	-27.3
7.79	-10.127	-17.402	-29.8
7.8	-10.131	-17.188	-30.9
7.81	-10.134	-17.044	-34.3
7.82	-10.138	-16.883	-25.6
7.83	-10.141	-16.602	-12.6
7.84	-10.146	-16.250	-6.7
7.85	-10.153	-16.003	11.4
7.86	-10.158	-15.964	32.9
7.87	-10.164	-16.028	45.4
7.88	-10.168	-16.041	41.7
7.89	-10.171	-15.966	14.8
7.9	-10.172	-15.845	-24.1
7.91	-10.172	-15.759	-51.3
7.92	-10.176	-15.805	-53.1
7.93	-10.183	-16.047	-51.3
7.94	-10.186	-16.478	-61.7
7.95	-10.181	-17.061	-50.8
7.96	-10.172	-17.717	33.4
7.97	-10.166	-18.292	213.8
7.98	-10.159	-18.644	343.8
7.99	-10.156	-18.736	235.6
8.0	-10.156	-18.630	36.8
8.01	-10.158	-18.398	-53.5
8.02	-10.153	-18.006	-67.6
8.03	-10.138	-17.400	-60.4
8.04	-10.113	-16.731	-57.9
8.05	-10.083	-16.289	-65.8
8.06	-10.058	-16.264	-58.3
8.07	-10.034	-16.713	-43.9
8.08	-10.013	-17.448	-47.0
8.09	-9.993	-17.806	-47.8
8.1	-9.977	-16.683	-35.1
8.11	-9.963	-12.930	-30.8
8.12	-9.947	-5.900	-26.6
8.13	-9.931	4.022	-15.7
8.14	-9.914	15.422	-10.4
8.15	-9.898	26.494	-5.4
8.16	-9.881	35.536	9.0
8.17	-9.866	41.138	24.5
8.18	-9.853	42.444	36.2
8.19	-9.840	39.419	48.1
8.2	-9.828	32.813	63.6
8.21	-9.814	23.945	92.8
8.22	-9.802	14.314	127.6
8.23	-9.789	5.136	146.5
8.24	-9.778	-2.853	157.5
8.25	-9.768	-9.250	168.9
8.26	-9.759	-13.817	171.0
8.27	-9.753	-16.586	148.6
8.28	-9.756	-17.875	103.9
8.29	-9.764	-18.011	54.9
8.3	-9.769	-17.262	5.9
8.31	-9.768	-15.989	-32.4
8.32	-9.766	-14.602	-48.3
8.33	-9.768	-13.417	-58.3
8.34	-9.769	-12.675	-67.9
8.35	-9.767	-12.645	-65.7
8.36	-9.763	-13.392	-61.9
8.37	-9.757	-14.577	-66.2
8.38	-9.751	-15.713	-59.9
8.39	-9.746	-16.477	-49.3
8.4	-9.739	-16.773	-49.5
8.41	-9.730	-16.611	-44.9
8.42	-9.719	-15.992	-35.7
8.43	-9.709	-14.966	-40.7
8.44	-9.698	-13.595	-44.2
8.45	-9.688	-11.969	-36.9
8.46	-9.678	-10.347	-37.8
8.47	-9.669	-9.061	-42.9
8.48	-9.660	-8.281	-44.8
8.49	-9.651	-8.036	-43.6
8.5	-9.642	-8.323	-39.7
8.51	-9.633	-9.127	-38.5
8.52	-9.624	-10.402	-43.0
8.53	-9.614	-11.984	-53.4
8.54	-9.604	-13.581	-55.9
8.55	-9.593	-14.958	-44.6
8.56	-9.584	-16.092	-38.4
8.57	-9.575	-17.094	-47.2
8.58	-9.566	-18.025	-53.7
8.59	-9.558	-18.863	-45.2
8.6	-9.550	-19.555	-32.8
8.61	-9.542	-20.116	-37.8
8.62	-9.534	-20.642	-46.5
8.63	-9.525	-21.098	-43.7
8.64	-9.516	-21.355	-41.2
8.65	-9.508	-21.347	-39.2
8.66	-9.499	-21.023	-37.3
8.67	-9.490	-20.434	-35.7
8.68	-9.481	-19.758	-36.3
8.69	-9.473	-19.038	-39.3
8.7	-9.465	-18.208	-39.7
8.71	-9.457	-17.411	-38.3
8.72	-9.450	-16.858	-34.5
8.73	-9.442	-16.544	-27.9
8.74	-9.434	-16.328	-15.6
8.75	-9.427	-16.097	-3.8
8.76	-9.421	-15.844	12.0
8.77	-9.418	-15.620	36.9
8.78	-9.414	-15.416	49.8
8.79	-9.412	-15.220	45.8
8.8	-9.409	-15.114	28.8
8.81	-9.404	-15.169	-5.3
8.82	-9.397	-15.378	-37.8
8.83	-9.392	-15.761	-53.3
8.84	-9.391	-16.289	-51.9
8.85	-9.388	-16.855	-54.3
8.86	-9.379	-17.400	-54.5
8.87	-9.366	-17.913	-4.0
8.88	-9.355	-18.355	146.8
8.89	-9.347	-18.683	342.4
8.9	-9.341	-18.861	345.3
8.91	-9.341	-18.847	143.1
8.92	-9.346	-18.628	-8.8
8.93	-9.346	-18.255	-50.0
8.94	-9.336	-17.767	-54.4
8.95	-9.318	-17.189	-61.7
8.96	-9.300	-16.600	-68.4
8.97	-9.285	-16.105	-59.7
8.98	-9.270	-15.739	-52.0
8.99	-9.254	-15.392	-46.5
9.0	-9.239	-14.697	-41.0
9.01	-9.227	-12.856	-45.5
9.02	-9.217	-8.742	-40.7
9.03	-9.209	-1.617	-25.5
9.04	-9.201	8.198	-18.9
9.05	-9.192	19.384	-16.2
9.06	-9.183	30.153	-13.6
9.07	-9.175	38.808	-4.1
9.08	-9.167	44.072	11.0
9.09	-9.159	45.098	16.4
9.1	-9.153	41.630	29.5
9.11	-9.147	34.433	58.1
9.12	-9.139	25.123	82.3
9.13	-9.129	15.311	99.3
9.14	-9.120	6.148	121.4
9.15	-9.110	-1.628	144.4
9.16	-9.101	-7.628	155.0
9.17	-9.092	-11.884	154.8
9.18	-9.083	-14.713	139.6
9.19	-9.076	-16.330	101.7
9.2	-9.071	-16.791	62.7
9.21	-9.069	-16.227	25.6
9.22	-9.064	-14.913	-13.0
9.23	-9.058	-13.147	-42.7
9.24	-9.054	-11.264	-58.7
9.25	-9.053	-9.759	-60.6
9.26	-9.054	-9.173	-63.0
9.27	-9.053	-9.778	-71.5
9.28	-9.053	-11.420	-69.5
9.29	-9.050	-13.559	-61.3
9.3	-9.047	-15.536	-53.2
9.31	-9.043	-16.870	-44.3
9.32	-9.038	-17.425	-43.4
9.33	-9.031	-17.288	-44.8
9.34	-9.024	-16.547	-40.1
9.35	-9.018	-15.341	-34.3
9.36	-9.011	-13.997	-34.8
9.37	-9.005	-12.856	-34.4
9.38	-8.999	-11.992	-36.8
9.39	-8.994	-11.355	-40.9
9.4	-8.990	-10.998	-36.3
9.41	-8.986	-10.955	-38.7
9.42	-8.981	-11.184	-43.6
9.43	-8.978	-11.758	-42.3
9.44	-8.973	-12.717	-38.9
9.45	-8.969	-13.902	-38.7
9.46	-8.964	-15.042	-41.9
9.47	-8.961	-15.972	-47.3
9.48	-8.958	-16.713	-49.0
9.49	-8.956	-17.422	-46.8
9.5	-8.954	-18.217	-41.0
9.51	-8.953	-19.034	-33.4
9.52	-8.954	-19.758	-39.9
9.53	-8.955	-20.389	-44.1
9.54	-8.957	-20.870	-36.4
9.55	-8.959	-21.055	-35.3
9.56	-8.960	-20.867	-35.8
9.57	-8.960	-20.191	-36.8
9.58	-8.959	-18.942	-40.5
9.59	-8.959	-17.391	-40.1
9.6	-8.958	-15.922	-34.2
9.61	-8.957	-14.845	-25.4
9.62	-8.956	-14.370	-20.6
9.63	-8.954	-14.428	-24.8
9.64	-8.953	-15.420	-31.3
9.65	-8.953	-18.339	-32.1
9.66	-8.951	-21.075	-31.4
9.67	-8.951	-21.011	-30.9
9.68	-8.951	-19.677	-33.8
9.69	-8.950	-18.809	-31.4
9.7	-8.950	-18.411	-7.9
9.71	-8.951	-18.183	4.7
9.72	-8.951	-17.948	7.3
9.73	-8.953	-17.650	29.0
9.74	-8.956	-17.291	50.2
9.75	-8.959	-16.911	51.6
9.76	-8.963	-16.545	41.2
9.77	-8.967	-16.283	22.2
9.78	-8.969	-16.209	-9.1
9.79	-8.974	-16.336	-37.6
9.8	-8.983	-16.644	-49.6
9.81	-8.994	-17.061	-50.1
9.82	-8.999	-17.434	-50.5
9.83	-8.996	-17.702	-37.7
9.84	-8.997	-17.906	61.6
9.85	-9.005	-18.048	278.0
9.86	-9.018	-18.088	411.7
9.87	-9.033	-18.020	282.8
9.88	-9.058	-17.875	74.4
9.89	-9.086	-17.698	-26.1
9.9	-9.106	-17.523	-56.4
9.91	-9.116	-17.347	-62.9
9.92	-9.122	-17.195	-67.2
9.93	-9.129	-17.128	-71.8
9.94	-9.134	-17.163	-61.2
9.95	-9.139	-17.231	-53.1
9.96	-9.142	-16.956	-50.8
9.97	-9.147	-15.461	-47.9
9.98	-9.155	-11.630	-42.7
9.99	-9.167	-4.636	-33.6
10.0	-9.181	5.397	-30.8
10.01	-9.198	17.197	-22.5
10.02	-9.216	28.919	-13.4
10.03	-9.236	38.777	-17.3
10.04	-9.257	45.466	-5.3
10.05	-9.280	48.055	18.0
10.06	-9.304	45.970	31.6
10.07	-9.327	39.664	44.4
10.08	-9.348	30.634	60.4
10.09	-9.367	20.600	83.6
10.1	-9.387	10.977	106.3
10.11	-9.405	2.677	125.3
10.12	-9.422	-3.922	143.5
10.13	-9.438	-8.780	143.6
10.14	-9.454	-11.989	136.8
10.15	-9.470	-13.797	125.8
10.16	-9.487	-14.570	94.0
10.17	-9.506	-14.600	52.1
10.18	-9.527	-14.033	12.3
10.19	-9.547	-13.011	-24.7
10.2	-9.568	-11.844	-50.9
10.21	-9.588	-10.909	-59.0
10.22	-9.609	-10.470	-65.5
10.23	-9.629	-10.683	-66.8
10.24	-9.647	-11.625	-52.7
10.25	-9.664	-13.117	-47.0
10.26	-9.679	-14.705	-49.4
10.27	-9.691	-15.942	-47.3
10.28	-9.703	-16.609	-47.4
10.29	-9.713	-16.723	-51.7
10.3	-9.723	-16.409	-51.7
10.31	-9.733	-15.756	-47.5
10.32	-9.744	-14.817	-44.2
10.33	-9.755	-13.759	-36.3
10.34	-9.766	-12.798	-29.7
10.35	-9.777	-12.014	-35.3
10.36	-9.790	-11.359	-37.7
10.37	-9.803	-10.838	-35.3
10.38	-9.816	-10.563	-39.3
10.39	-9.831	-10.614	-42.8
10.4	-9.844	-10.989	-42.9
10.41	-9.857	-11.669	-46.3
10.42	-9.869	-12.636	-49.2
10.43	-9.880	-13.859	-40.0
10.44	-9.893	-15.189	-32.7
10.45	-9.905	-16.478	-33.0
10.46	-9.917	-17.623	-34.0
10.47	-9.929	-18.527	-39.5
10.48	-9.941	-19.166	-42.7
10.49	-9.952	-19.595	-41.9
10.5	-9.963	-19.920	-36.5
10.51	-9.975	-20.220	-32.1
10.52	-9.988	-20.448	-31.5
10.53	-10.002	-20.491	-32.4
10.54	-10.016	-20.225	-31.8
10.55	-10.028	-19.617	-28.4
10.56	-10.040	-18.770	-29.0
10.57	-10.051	-17.836	-29.9
10.58	-10.062	-17.006	-27.8
10.59	-10.073	-16.450	-23.8
10.6	-10.085	-16.183	-23.7
10.61	-10.097	-16.092	-30.4
10.62	-10.108	-16.044	-26.3
10.63	-10.120	-16.020	-20.1
10.64	-10.131	-16.086	-15.8
10.65	-10.143	-16.241	-6.1
10.66	-10.156	-16.355	3.8
10.67	-10.169	-16.305	25.5
10.68	-10.181	-16.094	55.3
10.69	-10.193	-15.783	62.7
10.7	-10.204	-15.436	42.2
10.71	-10.213	-15.155	5.5
10.72	-10.220	-15.077	-28.1
10.73	-10.228	-15.250	-44.4
10.74	-10.239	-15.511	-47.6
10.75	-10.253	-15.745	-45.3
10.76	-10.262	-16.080	-51.9
10.77	-10.267	-16.611	-27.8
10.78	-10.271	-17.205	96.0
10.79	-10.277	-17.628	289.6
10.8	-10.283	-17.706	350.2
10.81	-10.293	-17.438	182.3
10.82	-10.305	-17.064	6.6
10.83	-10.318	-16.773	-49.5
10.84	-10.328	-16.431	-55.5
10.85	-10.331	-15.959	-54.2
10.86	-10.329	-15.597	-53.3
10.87	-10.327	-15.559	-51.5
10.88	-10.330	-15.819	-49.9
10.89	-10.336	-16.266	-43.9
10.9	-10.344	-16.677	-40.3
10.91	-10.353	-16.397	-41.0
10.92	-10.364	-14.327	-32.0
10.93	-10.374	-9.366	-21.4
10.94	-10.384	-1.066	-16.0
10.95	-10.394	9.884	-12.4
10.96	-10.404	21.902	-1.5
10.97	-10.414	33.080	12.1
10.98	-10.423	41.652	25.4
10.99	-10.433	46.269	35.1
11.0	-10.443	46.098	43.6
11.01	-10.454	41.219	64.4
11.02	-10.463	32.852	89.6
11.03	-10.471	22.769	109.3
11.04	-10.479	12.606	129.9
11.05	-10.485	3.461	152.8
11.06	-10.491	-4.145	167.4
11.07	-10.496	-10.036	177.9
11.08	-10.500	-14.214	182.7
11.09	-10.506	-16.809	157.0
11.1	-10.518	-18.028	105.7
11.11	-10.530	-18.089	55.6
11.12	-10.540	-17.245	9.8
11.13	-10.547	-15.813	-32.8
11.14	-10.554	-14.113	-54.9
11.15	-10.563	-12.553	-49.9
11.16	-10.571	-11.625	-47.8
11.17	-10.575	-11.672	-58.9
11.18	-10.577	-12.617	-59.6
11.19	-10.579	-14.017	-52.1
11.2	-10.583	-15.386	-48.6
11.21	-10.586	-16.333	-45.2
11.22	-10.588	-16.577	-42.8
11.23	-10.589	-16.042	-44.3
11.24	-10.591	-14.819	-45.5
11.25	-10.593	-13.122	-41.8
11.26	-10.596	-11.283	-30.3
11.27	-10.598	-9.698	-29.0
11.28	-10.598	-8.638	-33.3
11.29	-10.598	-8.056	-36.3
11.3	-10.598	-7.830	-42.2
11.31	-10.598	-7.998	-40.5
11.32	-10.597	-8.584	-42.4
11.33	-10.596	-9.502	-48.5
11.34	-10.596	-10.672	-46.5
11.35	-10.595	-12.052	-46.6
11.36	-10.594	-13.538	-48.9
11.37	-10.594	-14.980	-42.8
11.38	-10.592	-16.253	-41.7
11.39	-10.590	-17.258	-47.6
11.4	-10.587	-17.967	-49.7
11.41	-10.583	-18.397	-48.0
11.42	-10.579	-18.634	-42.0
11.43	-10.574	-18.848	-38.9
11.44	-10.569	-19.103	-39.4
11.45	-10.563	-19.316	-40.7
11.46	-10.555	-19.389	-45.7
11.47	-10.546	-19.302	-46.9
11.48	-10.535	-19.086	-41.7
11.49	-10.523	-18.731	-40.5
11.5	-10.509	-18.241	-40.0
11.51	-10.492	-17.736	-38.6
11.52	-10.474	-17.375	-37.2
11.53	-10.453	-17.158	-33.1
11.54	-10.430	-16.977	-24.6
11.55	-10.404	-16.739	-18.8
11.56	-10.378	-16.375	-14.0
11.57	-10.352	-15.861	7.8
11.58	-10.326	-15.266	33.6
11.59	-10.299	-14.769	41.4
11.6	-10.270	-14.541	26.0
11.61	-10.238	-14.639	-5.2
11.62	-10.202	-15.005	-30.3
11.63	-10.168	-15.489	-43.0
11.64	-10.138	-15.897	-54.0
11.65	-10.111	-16.181	-59.2
11.66	-10.079	-16.525	-55.1
11.67	-10.038	-17.017	-40.1
11.68	-9.996	-17.477	39.6
11.69	-9.957	-17.723	221.8
11.7	-9.924	-17.714	354.3
11.71	-9.894	-17.442	248.1
11.72	-9.869	-17.009	44.4
11.73	-9.846	-16.625	-43.3
11.74	-9.821	-16.300	-57.7
11.75	-9.788	-15.919	-62.6
11.76	-9.750	-15.572	-58.3
11.77	-9.709	-15.502	-58.5
11.78	-9.669	-15.828	-59.8
11.79	-9.632	-16.419	-56.0
11.8	-9.595	-16.903	-52.5
11.81	-9.560	-16.619	-51.5
11.82	-9.528	-14.592	-45.6
11.83	-9.498	-9.778	-33.7
11.84	-9.468	-1.655	-21.8
11.85	-9.438	9.180	-12.4
11.86	-9.409	21.198	-9.9
11.87	-9.381	32.547	-5.2
11.88	-9.353	41.433	5.4
11.89	-9.327	46.383	17.8
11.9	-9.303	46.522	29.3
11.91	-9.281	41.920	39.8
11.92	-9.261	33.669	62.7
11.93	-9.241	23.477	89.4
11.94	-9.220	13.116	114.2
11.95	-9.199	3.916	141.8
11.96	-9.179	-3.500	154.6
11.97	-9.159	-9.037	158.6
11.98	-9.139	-12.817	156.6
11.99	-9.119	-15.031	127.5
12.0	-9.100	-15.911	85.5
12.01	-9.084	-15.683	47.3
12.02	-9.068	-14.630	5.4
12.03	-9.050	-13.098	-35.8
12.04	-9.031	-11.408	-61.6
12.05	-9.014	-9.930	-66.5
12.06	-8.998	-9.122	-66.6
12.07	-8.979	-9.334	-70.6
12.08	-8.959	-10.556	-70.4
12.09	-8.938	-12.431	-68.9
12.1	-8.916	-14.478	-69.1
12.11	-8.894	-16.142	-66.1
12.12	-8.874	-16.970	-58.0
12.13	-8.855	-16.869	-47.9
12.14	-8.836	-15.958	-41.0
12.15	-8.819	-14.433	-47.2
12.16	-8.802	-12.611	-55.0
12.17	-8.785	-10.884	-45.8
12.18	-8.769	-9.547	-39.1
12.19	-8.754	-8.719	-45.7
12.2	-8.739	-8.411	-48.4
12.21	-8.725	-8.606	-45.3
12.22	-8.712	-9.248	-51.5
12.23	-8.700	-10.203	-54.5
12.24	-8.689	-11.292	-47.8
12.25	-8.680	-12.430	-52.1
12.26	-8.671	-13.638	-60.4
12.27	-8.661	-14.905	-59.8
12.28	-8.651	-16.155	-54.5
12.29	-8.642	-17.288	-55.4
12.3	-8.633	-18.169	-60.5
12.31	-8.624	-18.739	-58.3
12.32	-8.616	-19.067	-49.0
12.33	-8.607	-19.241	-49.2
12.34	-8.599	-19.309	-50.6
12.35	-8.591	-19.336	-45.9
12.36	-8.582	-19.361	-44.5
12.37	-8.576	-19.395	-45.6
12.38	-8.569	-19.423	-51.8
12.39	-8.563	-19.359	-53.5
12.4	-8.557	-19.120	-48.2
12.41	-8.551	-18.697	-46.8
12.42	-8.546	-18.130	-43.3
12.43	-8.541	-17.481	-39.4
12.44	-8.536	-16.844	-37.4
12.45	-8.529	-16.320	-34.8
12.46	-8.523	-16.003	-39.9
12.47	-8.517	-15.858	-42.8
12.48	-8.511	-15.748	-37.4
12.49	-8.505	-15.563	-30.6
12.5	-8.499	-15.292	-21.1
12.51	-8.496	-15.023	4.0
12.52	-8.492	-14.828	32.8
12.53	-8.489	-14.747	44.5
12.54	-8.487	-14.802	35.7
12.55	-8.484	-14.992	9.1
12.56	-8.481	-15.275	-25.5
12.57	-8.475	-15.591	-56.8
12.58	-8.471	-15.870	-70.8
12.59	-8.470	-16.100	-71.0
12.6	-8.469	-16.336	-71.1
12.61	-8.461	-16.631	-64.2
12.62	-8.451	-17.055	-10.9
12.63	-8.444	-17.598	149.9
12.64	-8.438	-18.086	351.5
12.65	-8.432	-18.405	345.8
12.66	-8.430	-18.538	139.5
12.67	-8.432	-18.430	-21.0
12.68	-8.431	-18.044	-71.5
12.69	-8.422	-17.409	-80.9
12.7	-8.408	-16.698	-90.1
12.71	-8.394	-16.205	-90.9
12.72	-8.383	-16.144	-82.5
12.73	-8.373	-16.466	-75.8
12.74	-8.360	-16.728	-76.1
12.75	-8.348	-16.136	-69.0
12.76	-8.337	-13.616	-61.4
12.77	-8.328	-8.008	-64.8
12.78	-8.320	1.194	-61.5
12.79	-8.314	13.173	-48.8
12.8	-8.309	26.036	-40.3
12.81	-8.304	37.672	-36.9
12.82	-8.299	46.095	-25.1
12.83	-8.296	49.952	-11.4
12.84	-8.293	49.108	-2.7
12.85	-8.290	43.719	7.5
12.86	-8.286	34.736	28.1
12.87	-8.280	24.306	55.8
12.88	-8.273	14.236	80.6
12.89	-8.266	5.505	99.3
12.9	-8.259	-1.548	112.5
12.91	-8.254	-6.902	128.5
12.92	-8.249	-10.655	135.2
12.93	-8.242	-13.033	122.3
12.94	-8.234	-14.244	94.8
12.95	-8.228	-14.361	44.4
12.96	-8.223	-13.519	-5.9
12.97	-8.219	-11.978	-29.8
12.98	-8.216	-10.058	-45.9
12.99	-8.214	-8.225	-63.4
13.0	-8.213	-7.044	-80.3
13.01	-8.213	-6.969	-89.3
13.02	-8.211	-8.161	-84.9
13.03	-8.209	-10.348	-74.6
13.04	-8.204	-12.947	-72.8
13.05	-8.199	-15.358	-75.8
13.06	-8.194	-17.114	-71.6
13.07	-8.191	-17.917	-66.8
13.08	-8.187	-17.795	-62.1
13.09	-8.184	-17.044	-61.6
13.1	-8.182	-15.942	-64.0
13.11	-8.180	-14.658	-63.6
13.12	-8.179	-13.403	-60.7
13.13	-8.178	-12.414	-55.1
13.14	-8.178	-11.789	-53.6
13.15	-8.178	-11.470	-52.7
13.16	-8.178	-11.380	-53.5
13.17	-8.179	-11.502	-55.6
13.18	-8.181	-11.881	-60.8
13.19	-8.183	-12.545	-64.8
13.2	-8.186	-13.419	-64.2
13.21	-8.190	-14.377	-68.4
13.22	-8.195	-15.342	-67.8
13.23	-8.201	-16.297	-62.8
13.24	-8.208	-17.211	-58.2
13.25	-8.216	-18.056	-52.4
13.26	-8.224	-18.750	-57.1
13.27	-8.232	-19.170	-62.3
13.28	-8.241	-19.328	-60.5
13.29	-8.250	-19.372	-59.3
13.3	-8.261	-19.406	-58.0
13.31	-8.275	-19.392	-61.4
13.32	-8.291	-19.234	-56.1
13.33	-8.309	-18.878	-45.8
13.34	-8.328	-18.366	-46.8
13.35	-8.350	-17.855	-49.0
13.36	-8.375	-17.466	-53.8
13.37	-8.401	-17.220	-54.9
13.38	-8.427	-17.113	-50.3
13.39	-8.451	-17.159	-53.3
13.4	-8.476	-17.313	-54.7
13.41	-8.500	-17.419	-49.0
13.42	-8.526	-17.375	-40.2
13.43	-8.551	-17.202	-33.8
13.44	-8.577	-16.958	-39.3
13.45	-8.604	-16.700	-49.0
13.46	-8.632	-16.442	-51.4
13.47	-8.660	-16.238	-50.0
13.48	-8.688	-16.147	-49.6
13.49	-8.715	-16.123	-45.3
13.5	-8.741	-16.059	-43.0
13.51	-8.766	-15.869	-45.4
13.52	-8.790	-15.541	-36.1
13.53	-8.814	-15.258	-18.5
13.54	-8.838	-15.233	-17.5
13.55	-8.863	-15.498	-19.0
13.56	-8.889	-15.967	8.4
13.57	-8.916	-16.528	40.0
13.58	-8.943	-16.994	39.7
13.59	-8.968	-17.256	17.7
13.6	-8.992	-17.369	-14.6
13.61	-9.016	-17.364	-42.5
13.62	-9.039	-17.228	-52.4
13.63	-9.065	-16.989	-54.7
13.64	-9.092	-16.741	-60.5
13.65	-9.115	-16.689	-72.9
13.66	-9.133	-16.980	-44.3
13.67	-9.149	-17.481	95.7
13.68	-9.168	-17.964	325.7
13.69	-9.188	-18.295	418.0
13.7	-9.209	-18.481	245.7
13.71	-9.234	-18.637	34.4
13.72	-9.260	-18.797	-54.2
13.73	-9.279	-18.762	-76.4
13.74	-9.289	-18.347	-85.0
13.75	-9.298	-17.670	-78.3
13.76	-9.309	-17.005	-68.8
13.77	-9.321	-16.478	-67.7
13.78	-9.332	-16.006	-67.6
13.79	-9.346	-15.178	-66.8
13.8	-9.360	-13.113	-62.8
13.81	-9.376	-8.597	-53.1
13.82	-9.394	-0.794	-48.8
13.83	-9.415	10.020	-48.3
13.84	-9.436	22.441	-35.7
13.85	-9.459	34.495	-23.8
13.86	-9.481	44.063	-16.7
13.87	-9.502	49.381	-11.1
13.88	-9.522	50.517	-2.7
13.89	-9.543	47.784	16.9
13.9	-9.563	40.748	36.8
13.91	-9.582	30.791	57.2
13.92	-9.599	20.208	75.4
13.93	-9.616	10.408	89.8
13.94	-9.633	2.142	110.7
13.95	-9.649	-4.320	134.7
13.96	-9.666	-8.961	146.4
13.97	-9.681	-11.873	137.8
13.98	-9.696	-13.283	112.5
13.99	-9.712	-13.492	77.1
14.0	-9.730	-12.756	36.2
14.01	-9.750	-11.314	-3.7
14.02	-9.769	-9.513	-43.2
14.03	-9.789	-7.788	-70.2
14.04	-9.808	-6.516	-70.6
14.05	-9.826	-6.003	-70.6
14.06	-9.842	-6.461	-80.7
14.07	-9.856	-7.902	-78.1
14.08	-9.867	-10.048	-66.9
14.09	-9.877	-12.370	-63.8
14.1	-9.886	-14.317	-70.0
14.11	-9.895	-15.513	-67.8
14.12	-9.903	-15.850	-57.9
14.13	-9.911	-15.477	-52.7
14.14	-9.918	-14.636	-53.8
14.15	-9.926	-13.531	-60.1
14.16	-9.935	-12.350	-54.6
14.17	-9.944	-11.298	-42.2
14.18	-9.955	-10.486	-42.9
14.19	-9.966	-9.877	-53.5
14.2	-9.978	-9.463	-58.1
14.21	-9.987	-9.284	-52.4
14.22	-9.996	-9.322	-57.2
14.23	-10.005	-9.606	-68.3
14.24	-10.013	-10.283	-60.5
14.25	-10.022	-11.431	-53.3
14.26	-10.032	-12.922	-57.6
14.27	-10.043	-14.541	-54.5
14.28	-10.053	-16.163	-55.5
14.29	-10.063	-17.694	-59.0
14.3	-10.072	-18.939	-58.0
14.31	-10.081	-19.700	-60.2
14.32	-10.090	-20.019	-62.2
14.33	-10.100	-20.097	-62.4
14.34	-10.111	-20.098	-55.8
14.35	-10.123	-20.089	-49.9
14.36	-10.134	-19.983	-52.8
14.37	-10.146	-19.652	-52.8
14.38	-10.157	-19.098	-49.6
14.39	-10.167	-18.436	-48.2
14.4	-10.176	-17.758	-49.7
14.41	-10.185	-17.075	-54.4
14.42	-10.194	-16.425	-50.3
14.43	-10.204	-15.881	-42.8
14.44	-10.213	-15.466	-47.8
14.45	-10.223	-15.175	-52.5
14.46	-10.231	-15.023	-45.5
14.47	-10.239	-15.044	-40.1
14.48	-10.245	-15.266	-50.2
14.49	-10.251	-15.620	-51.1
14.5	-10.256	-15.931	-36.3
14.51	-10.263	-16.061	-24.1
14.52	-10.269	-16.016	-15.2
14.53	-10.278	-15.902	-6.6
14.54	-10.286	-15.786	13.6
14.55	-10.295	-15.670	37.4
14.56	-10.303	-15.544	35.0
14.57	-10.310	-15.441	5.5
14.58	-10.315	-15.427	-27.8
14.59	-10.319	-15.508	-48.5
14.6	-10.323	-15.684	-55.1
14.61	-10.330	-15.944	-54.2
14.62	-10.338	-16.216	-57.6
14.63	-10.341	-16.473	-66.7
14.64	-10.338	-16.772	-46.3
14.65	-10.335	-17.164	62.7
14.66	-10.334	-17.637	256.8
14.67	-10.334	-18.145	338.1
14.68	-10.336	-18.542	183.5
14.69	-10.339	-18.655	2.4
14.7	-10.346	-18.461	-64.3
14.71	-10.350	-17.963	-70.7
14.72	-10.347	-17.217	-69.8
14.73	-10.336	-16.492	-75.4
14.74	-10.323	-16.086	-69.3
14.75	-10.315	-16.092	-61.5
14.76	-10.312	-16.403	-63.1
14.77	-10.310	-16.770	-56.4
14.78	-10.311	-16.616	-48.6
14.79	-10.314	-14.963	-42.8
14.8	-10.317	-10.689	-37.2
14.81	-10.319	-3.027	-37.3
14.82	-10.319	7.750	-29.4
14.83	-10.321	20.113	-18.1
14.84	-10.323	31.897	-13.8
14.85	-10.323	41.136	-0.3
14.86	-10.323	46.508	18.0
14.87	-10.321	47.252	29.1
14.88	-10.320	43.314	41.3
14.89	-10.319	35.620	59.1
14.9	-10.317	25.747	82.8
14.91	-10.313	15.353	112.4
14.92	-10.306	5.778	134.2
14.93	-10.298	-2.214	149.5
14.94	-10.288	-8.395	161.4
14.95	-10.276	-12.827	162.3
14.96	-10.263	-15.661	141.2
14.97	-10.254	-17.063	92.9
14.98	-10.250	-17.152	38.0
14.99	-10.244	-16.152	-8.1
15.0	-10.231	-14.508	-41.2
15.01	-10.217	-12.684	-58.1
15.02	-10.205	-11.106	-72.1
15.03	-10.193	-10.222	-85.8
15.04	-10.175	-10.280	-79.8
15.05	-10.154	-11.213	-67.5
15.06	-10.131	-12.744	-70.8
15.07	-10.108	-14.438	-75.5
15.08	-10.084	-15.844	-75.8
15.09	-10.058	-16.636	-68.0
15.1	-10.029	-16.614	-54.7
15.11	-9.998	-15.786	-50.0
15.12	-9.966	-14.422	-49.5
15.13	-9.932	-12.827	-51.9
15.14	-9.898	-11.238	-56.2
15.15	-9.863	-9.928	-46.4
15.16	-9.829	-9.105	-42.2
15.17	-9.794	-8.725	-57.6
15.18	-9.759	-8.709	-63.6
15.19	-9.726	-9.108	-53.3
15.2	-9.694	-9.956	-48.2
15.21	-9.666	-11.167	-54.7
15.22	-9.638	-12.598	-56.7
15.23	-9.613	-14.108	-53.2
15.24	-9.586	-15.548	-58.1
15.25	-9.561	-16.836	-60.8
15.26	-9.536	-17.892	-58.6
15.27	-9.511	-18.688	-63.8
15.28	-9.486	-19.366	-63.7
15.29	-9.460	-20.047	-54.0
15.3	-9.434	-20.663	-54.2
15.31	-9.408	-21.045	-58.9
15.32	-9.381	-21.123	-56.9
15.33	-9.354	-20.998	-56.8
15.34	-9.326	-20.789	-57.2
15.35	-9.296	-20.464	-49.7
15.36	-9.265	-19.967	-52.6
15.37	-9.233	-19.388	-59.2
15.38	-9.201	-18.802	-52.8
15.39	-9.168	-18.163	-51.6
15.4	-9.136	-17.458	-55.7
15.41	-9.105	-16.794	-53.9
15.42	-9.079	-16.309	-48.3
15.43	-9.059	-16.031	-49.8
15.44	-9.046	-15.834	-53.1
15.45	-9.037	-15.548	-44.1
15.46	-9.032	-15.184	-32.8
15.47	-9.028	-14.973	-21.6
15.48	-9.025	-15.039	-13.2
15.49	-9.023	-15.327	-4.1
15.5	-9.019	-15.809	16.8
15.51	-9.016	-16.398	38.2
15.52	-9.011	-16.884	29.2
15.53	-9.004	-17.139	-0.7
15.54	-8.996	-17.208	-30.9
15.55	-8.988	-17.209	-51.4
15.56	-8.983	-17.194	-52.3
15.57	-8.981	-17.173	-57.0
15.58	-8.977	-17.211	-68.6
15.59	-8.967	-17.398	-65.7
15.6	-8.954	-17.762	-11.2
15.61	-8.942	-18.208	150.3
15.62	-8.931	-18.588	341.3
15.63	-8.923	-18.750	321.8
15.64	-8.918	-18.642	114.0
15.65	-8.914	-18.358	-23.4
15.66	-8.908	-17.948	-63.1
15.67	-8.893	-17.441	-75.3
15.68	-8.871	-17.022	-71.1
15.69	-8.848	-16.886	-70.0
15.7	-8.826	-17.056	-75.3
15.71	-8.803	-17.386	-79.4
15.72	-8.780	-17.611	-77.2
15.73	-8.758	-17.280	-61.4
15.74	-8.739	-15.584	-47.9
15.75	-8.723	-11.450	-47.6
15.76	-8.708	-4.058	-44.1
15.77	-8.695	6.445	-32.2
15.78	-8.682	18.708	-27.8
15.79	-8.669	30.769	-33.5
15.8	-8.658	40.834	-25.9
15.81	-8.648	47.498	-6.0
15.82	-8.638	49.747	10.9
15.83	-8.629	47.203	26.6
15.84	-8.621	40.388	39.2
15.85	-8.614	30.750	62.3
15.86	-8.606	20.125	85.9
15.87	-8.599	9.331	102.2
15.88	-8.592	-2.139	127.7
15.89	-8.586	-11.767	144.7
15.9	-8.580	-16.622	140.6
15.91	-8.574	-18.427	131.8
15.92	-8.568	-19.145	110.2
15.93	-8.564	-18.980	60.9
15.94	-8.563	-17.903	5.4
15.95	-8.561	-16.050	-32.1
15.96	-8.559	-13.806	-55.0
15.97	-8.558	-11.648	-67.9
15.98	-8.559	-9.983	-77.6
15.99	-8.561	-9.188	-85.9
16.0	-8.563	-9.553	-83.4
16.01	-8.562	-10.969	-80.5
16.02	-8.560	-12.909	-84.4
16.03	-8.559	-14.742	-80.3
16.04	-8.558	-16.017	-69.1
16.05	-8.558	-16.536	-61.9
16.06	-8.557	-16.330	-59.3
16.07	-8.556	-15.623	-64.7
16.08	-8.554	-14.702	-67.3
16.09	-8.554	-13.773	-57.8
16.1	-8.553	-12.917	-62.1
16.11	-8.554	-12.142	-67.3
16.12	-8.555	-11.502	-56.8
16.13	-8.556	-11.078	-51.1
16.14	-8.556	-10.909	-54.7
16.15	-8.556	-11.003	-64.1
16.16	-8.556	-11.417	-75.9
16.17	-8.557	-12.177	-74.3
16.18	-8.557	-13.189	-73.5
16.19	-8.556	-14.355	-74.2
16.2	-8.554	-15.619	-66.0
16.21	-8.552	-16.880	-66.0
16.22	-8.549	-17.978	-67.0
16.23	-8.546	-18.802	-65.6
16.24	-8.543	-19.367	-66.4
16.25	-8.540	-19.805	-66.8
16.26	-8.537	-20.156	-69.4
16.27	-8.534	-20.328	-71.9
16.28	-8.531	-20.303	-71.6
16.29	-8.527	-20.183	-63.9
16.3	-8.524	-20.070	-56.7
16.31	-8.521	-19.973	-56.9
16.32	-8.518	-19.830	-59.0
16.33	-8.516	-19.578	-61.8
16.34	-8.513	-19.175	-64.5
16.35	-8.511	-18.678	-65.5
16.36	-8.509	-18.184	-69.1
16.37	-8.507	-17.702	-69.4
16.38	-8.506	-17.238	-61.8
16.39	-8.506	-16.873	-53.7
16.4	-8.506	-16.691	-54.2
16.41	-8.505	-16.656	-58.0
16.42	-8.504	-16.672	-57.3
16.43	-8.502	-16.681	-53.2
16.44	-8.501	-16.641	-52.6
16.45	-8.501	-16.542	-60.8
16.46	-8.501	-16.495	-57.1
16.47	-8.501	-16.586	-44.8
16.48	-8.502	-17.259	-40.6
16.49	-8.504	-18.622	-32.8
16.5	-8.508	-19.336	-24.1
16.51	-8.512	-18.980	-11.4
16.52	-8.518	-18.436	6.8
16.53	-8.524	-18.080	24.4
16.54	-8.531	-17.887	28.4
16.55	-8.536	-17.670	6.3
16.56	-8.540	-17.411	-28.8
16.57	-8.543	-17.292	-52.2
16.58	-8.547	-17.839	-61.8
16.59	-8.556	-19.206	-69.2
16.6	-8.564	-19.978	-75.0
16.61	-8.566	-19.542	-75.8
16.62	-8.563	-18.953	-34.7
16.63	-8.565	-18.717	113.7
16.64	-8.572	-18.788	331.3
16.65	-8.580	-19.023	376.2
16.66	-8.594	-19.219	182.1
16.67	-8.616	-19.166	-3.2
16.68	-8.640	-18.794	-72.1
16.69	-8.656	-18.167	-85.4
16.7	-8.662	-17.431	-94.6
16.71	-8.668	-16.800	-101.5
16.72	-8.674	-16.461	-91.1
16.73	-8.679	-16.458	-81.3
16.74	-8.681	-16.600	-78.0
16.75	-8.684	-16.291	-75.2
16.76	-8.693	-14.434	-72.8
16.77	-8.706	-9.742	-64.9
16.78	-8.724	-1.458	-63.4
16.79	-8.744	9.855	-60.0
16.8	-8.765	22.467	-46.4
16.81	-8.787	34.380	-35.8
16.82	-8.811	43.745	-23.0
16.83	-8.835	49.084	-10.6
16.84	-8.861	49.933	-3.3
16.85	-8.886	46.252	4.5
16.86	-8.912	38.489	22.7
16.87	-8.938	28.450	47.5
16.88	-8.963	18.078	65.4
16.89	-8.987	8.527	89.7
16.9	-9.011	0.361	116.7
16.91	-9.033	-6.161	129.6
16.92	-9.054	-10.913	134.7
16.93	-9.074	-13.891	130.7
16.94	-9.096	-15.330	104.6
16.95	-9.118	-15.584	65.8
16.96	-9.144	-14.994	29.7
16.97	-9.171	-13.873	-8.2
16.98	-9.196	-12.406	-41.8
16.99	-9.218	-10.831	-64.8
17.0	-9.240	-9.617	-70.5
17.01	-9.263	-9.319	-61.9
17.02	-9.286	-10.722	-65.4
17.03	-9.308	-13.811	-72.9
17.04	-9.328	-17.637	-69.0
17.05	-9.345	-20.831	-64.1
17.06	-9.361	-22.405	-63.4
17.07	-9.377	-22.758	-62.7
17.08	-9.394	-22.192	-60.2
17.09	-9.411	-20.816	-58.1
17.1	-9.427	-19.141	-56.3
17.11	-9.443	-17.439	-53.8
17.12	-9.459	-15.781	-47.7
17.13	-9.476	-14.200	-45.9
17.14	-9.492	-12.781	-50.2
17.15	-9.507	-11.728	-44.6
17.16	-9.522	-11.256	-43.4
17.17	-9.537	-11.375	-48.1
17.18	-9.553	-11.903	-52.2
17.19	-9.568	-12.708	-55.5
17.2	-9.584	-13.698	-49.5
17.21	-9.599	-14.744	-44.3
17.22	-9.615	-15.814	-48.4
17.23	-9.630	-16.931	-48.0
17.24	-9.645	-17.955	-39.9
17.25	-9.659	-18.692	-46.6
17.26	-9.672	-19.155	-55.5
17.27	-9.684	-19.505	-49.0
17.28	-9.696	-19.855	-49.8
17.29	-9.708	-20.220	-57.0
17.3	-9.721	-20.539	-59.4
17.31	-9.734	-20.695	-52.3
17.32	-9.748	-20.642	-43.7
17.33	-9.761	-20.444	-39.3
17.34	-9.773	-20.148	-40.3
17.35	-9.784	-19.795	-53.3
17.36	-9.795	-19.388	-56.2
17.37	-9.806	-18.872	-37.5
17.38	-9.816	-18.283	-34.4
17.39	-9.827	-17.720	-51.2
17.4	-9.837	-17.230	-53.3
17.41	-9.847	-16.780	-40.3
17.42	-9.856	-16.330	-35.5
17.43	-9.864	-15.917	-39.4
17.44	-9.874	-15.897	-42.8
17.45	-9.884	-16.820	-44.5
17.46	-9.895	-17.875	-42.5
17.47	-9.904	-17.788	-40.3
17.48	-9.913	-17.139	-30.2
17.49	-9.921	-16.795	-12.8
17.5	-9.930	-16.786	-2.1
17.51	-9.939	-17.050	12.2
17.52	-9.949	-17.528	33.4
17.53	-9.960	-18.020	43.9
17.54	-9.970	-18.284	36.0
17.55	-9.979	-18.295	7.5
17.56	-9.986	-18.170	-26.4
17.57	-9.992	-18.002	-40.9
17.58	-10.001	-17.850	-43.4
17.59	-10.012	-17.739	-44.6
17.6	-10.019	-17.692	-54.8
17.61	-10.021	-17.753	-46.0
17.62	-10.023	-17.881	40.3
17.63	-10.026	-17.905	225.2
17.64	-10.031	-17.752	361.6
17.65	-10.036	-17.611	252.5
17.66	-10.045	-17.681	47.7
17.67	-10.057	-17.938	-42.2
17.68	-10.066	-18.180	-61.7
17.69	-10.069	-18.272	-61.7
17.7	-10.066	-18.292	-59.6
17.71	-10.060	-18.395	-66.5
17.72	-10.056	-18.570	-65.3
17.73	-10.056	-18.637	-58.0
17.74	-10.061	-18.488	-54.3
17.75	-10.066	-17.908	-48.6
17.76	-10.074	-16.230	-43.4
17.77	-10.082	-12.441	-32.8
17.78	-10.089	-5.713	-25.1
17.79	-10.096	3.992	-23.4
17.8	-10.102	15.619	-18.5
17.81	-10.108	27.345	-14.1
17.82	-10.114	37.211	-5.5
17.83	-10.120	43.708	7.1
17.84	-10.126	45.884	22.5
17.85	-10.133	43.266	39.6
17.86	-10.138	36.345	60.3
17.87	-10.143	26.669	88.1
17.88	-10.146	16.036	113.1
17.89	-10.149	5.908	129.3
17.9	-10.151	-2.814	140.1
17.91	-10.153	-9.733	158.8
17.92	-10.154	-14.747	172.3
17.93	-10.156	-17.969	159.5
17.94	-10.163	-19.598	126.4
17.95	-10.174	-19.852	72.3
17.96	-10.187	-19.095	18.8
17.97	-10.196	-17.770	-15.8
17.98	-10.201	-16.202	-45.5
17.99	-10.208	-14.705	-61.4
18.0	-10.216	-13.628	-69.1
18.01	-10.224	-13.253	-83.0
18.02	-10.229	-13.753	-79.6
18.03	-10.232	-15.033	-59.7
18.04	-10.234	-16.603	-59.0
18.05	-10.236	-17.831	-64.5
18.06	-10.238	-18.291	-58.0
18.07	-10.241	-17.909	-54.8
18.08	-10.242	-16.827	-53.4
18.09	-10.244	-15.259	-50.4
18.1	-10.247	-13.466	-48.2
18.11	-10.249	-11.764	-46.7
18.12	-10.253	-10.456	-41.8
18.13	-10.256	-9.645	-41.0
18.14	-10.258	-9.247	-48.5
18.15	-10.260	-9.198	-51.6
18.16	-10.262	-9.522	-57.4
18.17	-10.264	-10.208	-55.4
18.18	-10.267	-11.144	-52.5
18.19	-10.269	-12.250	-58.5
18.2	-10.271	-13.508	-50.9
18.21	-10.272	-14.831	-45.5
18.22	-10.272	-16.152	-52.8
18.23	-10.272	-17.492	-56.1
18.24	-10.271	-18.813	-60.0
18.25	-10.271	-19.956	-61.4
18.26	-10.271	-20.764	-50.8
18.27	-10.269	-21.172	-50.9
18.28	-10.266	-21.239	-53.8
18.29	-10.263	-21.080	-47.1
18.3	-10.259	-20.717	-51.1
18.31	-10.254	-20.158	-54.3
18.32	-10.247	-19.577	-50.9
18.33	-10.238	-19.073	-42.9
18.34	-10.226	-18.642	-41.6
18.35	-10.211	-18.291	-45.4
18.36	-10.196	-18.011	-41.0
18.37	-10.178	-17.830	-39.9
18.38	-10.159	-17.761	-41.3
18.39	-10.139	-17.820	-36.8
18.4	-10.116	-17.900	-34.9
18.41	-10.092	-17.863	-35.5
18.42	-10.069	-17.703	-29.7
18.43	-10.047	-17.498	-23.7
18.44	-10.026	-17.366	-21.4
18.45	-10.006	-17.373	-6.8
18.46	-9.985	-17.473	25.4
18.47	-9.964	-17.503	51.8
18.48	-9.944	-17.327	43.1
18.49	-9.925	-16.994	10.6
18.5	-9.904	-16.623	-22.7
18.51	-9.881	-16.247	-43.6
18.52	-9.861	-15.936	-48.9
18.53	-9.844	-15.805	-52.3
18.54	-9.826	-15.920	-58.8
18.55	-9.800	-16.342	-58.7
18.56	-9.770	-17.055	-1.0
18.57	-9.742	-17.820	167.1
18.58	-9.718	-18.355	335.7
18.59	-9.698	-18.569	287.9
18.6	-9.682	-18.520	89.4
18.61	-9.669	-18.273	-32.5
18.62	-9.656	-17.897	-58.9
18.63	-9.636	-17.423	-63.2
18.64	-9.611	-16.908	-71.3
18.65	-9.582	-16.586	-73.5
18.66	-9.555	-16.709	-68.1
18.67	-9.531	-17.222	-64.8
18.68	-9.507	-17.789	-62.5
18.69	-9.485	-17.950	-50.4
18.7	-9.466	-16.964	-39.3
18.71	-9.448	-13.748	-38.3
18.72	-9.432	-7.386	-40.1
18.73	-9.415	2.166	-32.8
18.74	-9.399	13.745	-19.5
18.75	-9.383	25.433	-16.6
18.76	-9.367	35.316	-15.1
18.77	-9.353	42.017	-2.8
18.78	-9.339	44.659	15.9
18.79	-9.326	42.739	36.8
18.8	-9.313	36.598	52.4
18.81	-9.299	27.592	70.9
18.82	-9.284	17.419	102.2
18.83	-9.268	7.472	127.6
18.84	-9.249	-1.328	137.6
18.85	-9.231	-8.448	150.0
18.86	-9.212	-13.725	159.7
18.87	-9.194	-17.230	148.9
18.88	-9.178	-19.094	114.8
18.89	-9.167	-19.536	71.4
18.9	-9.161	-18.942	26.9
18.91	-9.154	-17.741	-14.8
18.92	-9.145	-16.239	-46.2
18.93	-9.138	-14.681	-65.6
18.94	-9.133	-13.464	-72.7
18.95	-9.127	-12.991	-72.1
18.96	-9.119	-13.370	-75.1
18.97	-9.110	-14.380	-81.7
18.98	-9.100	-15.588	-75.0
18.99	-9.090	-16.567	-63.0
19.0	-9.081	-17.084	-63.4
19.01	-9.071	-17.066	-60.0
19.02	-9.061	-16.542	-55.3
19.03	-9.051	-15.648	-52.5
19.04	-9.043	-14.498	-45.5
19.05	-9.034	-13.169	-48.1
19.06	-9.026	-11.878	-54.2
19.07	-9.018	-10.880	-53.4
19.08	-9.009	-10.275	-51.9
19.09	-8.999	-10.008	-50.4
19.1	-8.989	-9.989	-49.7
19.11	-8.980	-10.230	-55.3
19.12	-8.971	-10.822	-60.9
19.13	-8.963	-11.820	-53.2
19.14	-8.954	-13.195	-43.1
19.15	-8.945	-14.773	-45.5
19.16	-8.936	-16.270	-57.4
19.17	-8.927	-17.488	-63.0
19.18	-8.918	-18.384	-57.0
19.19	-8.910	-19.053	-52.1
19.2	-8.902	-19.645	-54.4
19.21	-8.894	-20.183	-58.4
19.22	-8.886	-20.548	-53.1
19.23	-8.879	-20.714	-38.3
19.24	-8.873	-20.788	-37.1
19.25	-8.866	-20.802	-45.6
19.26	-8.861	-20.611	-49.4
19.27	-8.856	-20.133	-51.2
19.28	-8.851	-19.506	-50.3
19.29	-8.846	-18.873	-48.9
19.3	-8.841	-18.233	-43.7
19.31	-8.835	-17.666	-36.1
19.32	-8.828	-17.359	-36.3
19.33	-8.821	-17.302	-37.6
19.34	-8.813	-17.283	-35.4
19.35	-8.803	-17.164	-33.8
19.36	-8.794	-16.914	-39.9
19.37	-8.784	-16.470	-39.9
19.38	-8.774	-15.870	-23.6
19.39	-8.766	-15.338	-16.4
19.4	-8.759	-15.009	-4.8
19.41	-8.752	-14.861	24.4
19.42	-8.747	-14.944	41.3
19.43	-8.741	-15.297	40.0
19.44	-8.736	-15.761	25.2
19.45	-8.729	-16.123	-3.3
19.46	-8.721	-16.345	-37.6
19.47	-8.711	-16.527	-57.9
19.48	-8.704	-16.742	-59.7
19.49	-8.699	-17.055	-62.5
19.5	-8.691	-17.483	-67.3
19.51	-8.678	-17.894	-33.2
19.52	-8.665	-18.159	85.3
19.53	-8.656	-18.306	286.7
19.54	-8.648	-18.380	375.4
19.55	-8.643	-18.314	217.7
19.56	-8.642	-18.072	27.9
19.57	-8.641	-17.734	-49.9
19.58	-8.634	-17.364	-73.3
19.59	-8.619	-16.927	-78.6
19.6	-8.602	-16.461	-73.6
19.61	-8.587	-16.183	-69.2
19.62	-8.572	-16.256	-71.6
19.63	-8.558	-16.520	-70.5
19.64	-8.542	-16.480	-61.7
19.65	-8.527	-15.350	-53.4
19.66	-8.514	-12.061	-54.9
19.67	-8.504	-5.613	-55.3
19.68	-8.495	4.098	-40.9
19.69	-8.487	15.881	-25.2
19.7	-8.481	27.800	-23.2
19.71	-8.475	37.938	-21.4
19.72	-8.471	44.825	-12.2
19.73	-8.467	47.405	0.9
19.74	-8.465	45.106	19.4
19.75	-8.463	38.386	38.5
19.76	-8.459	28.781	56.3
19.77	-8.456	18.219	77.1
19.78	-8.452	8.238	97.1
19.79	-8.448	-0.344	120.5
19.8	-8.444	-7.217	143.3
19.81	-8.441	-12.281	145.3
19.82	-8.438	-15.613	131.3
19.83	-8.435	-17.484	117.6
19.84	-8.432	-18.203	90.8
19.85	-8.431	-17.995	44.4
19.86	-8.431	-17.059	-0.4
19.87	-8.430	-15.609	-31.1
19.88	-8.428	-13.892	-52.0
19.89	-8.428	-12.303	-63.5
19.9	-8.430	-11.353	-68.3
19.91	-8.433	-11.302	-73.3
19.92	-8.434	-12.064	-71.3
19.93	-8.436	-13.441	-67.8
19.94	-8.436	-15.080	-68.7
19.95	-8.435	-16.463	-60.4
19.96	-8.434	-17.225	-53.6
19.97	-8.434	-17.300	-57.1
19.98	-8.435	-16.764	-54.1
19.99	-8.436	-15.848	-48.8
20.0	-8.439	-14.839	-51.9
20.01	-8.441	-13.853	-52.3
20.02	-8.443	-12.936	-53.6
20.03	-8.446	-12.175	-54.8
20.04	-8.451	-11.652	-49.2
20.05	-8.456	-11.414	-46.6
20.06	-8.463	-11.491	-50.1
20.07	-8.470	-11.894	-51.2
20.08	-8.478	-12.544	-51.4
20.09	-8.488	-13.308	-52.7
20.1	-8.498	-14.138	-52.4
20.11	-8.509	-15.025	-50.8
20.12	-8.521	-15.909	-51.6
20.13	-8.534	-16.694	-58.1
20.14	-8.546	-17.363	-58.3
20.15	-8.559	-17.997	-53.9
20.16	-8.573	-18.613	-53.6
20.17	-8.589	-19.098	-52.9
20.18	-8.605	-19.405	-51.2
20.19	-8.623	-19.592	-52.8
20.2	-8.641	-19.722	-55.1
20.21	-8.660	-19.797	-47.2
20.22	-8.679	-19.739	-44.7
20.23	-8.697	-19.448	-52.3
20.24	-8.716	-18.981	-49.9
20.25	-8.736	-18.464	-38.4
20.26	-8.758	-17.936	-38.2
20.27	-8.779	-17.394	-43.1
20.28	-8.799	-16.850	-41.0
20.29	-8.819	-16.378	-42.6
20.3	-8.840	-16.038	-44.6
20.31	-8.863	-15.781	-38.1
20.32	-8.886	-15.541	-33.7
20.33	-8.911	-15.305	-34.3
20.34	-8.938	-15.169	-33.7
20.35	-8.963	-15.220	-31.0
20.36	-8.986	-15.464	-16.2
20.37	-9.009	-15.856	-4.3
20.38	-9.033	-16.273	4.4
20.39	-9.057	-16.564	28.7
20.4	-9.080	-16.661	48.1
20.41	-9.103	-16.581	52.2
20.42	-9.125	-16.413	35.1
20.43	-9.147	-16.241	0.0
20.44	-9.167	-16.117	-30.1
20.45	-9.187	-16.034	-41.3
20.46	-9.209	-15.983	-37.6
20.47	-9.234	-16.086	-40.9
20.48	-9.254	-16.519	-47.2
20.49	-9.272	-17.234	-19.9
20.5	-9.289	-17.891	109.4
20.51	-9.309	-18.163	334.9
20.52	-9.328	-18.031	410.2
20.53	-9.346	-17.702	223.7
20.54	-9.369	-17.373	28.0
20.55	-9.394	-17.145	-41.1
20.56	-9.414	-17.016	-57.1
20.57	-9.425	-16.852	-64.1
20.58	-9.434	-16.556	-69.1
20.59	-9.444	-16.234	-63.6
20.6	-9.454	-16.066	-55.7
20.61	-9.464	-16.020	-52.1
20.62	-9.476	-15.720	-49.3
20.63	-9.489	-14.427	-48.8
20.64	-9.504	-11.025	-40.0
20.65	-9.520	-4.522	-32.3
20.66	-9.537	5.042	-32.3
20.67	-9.556	16.447	-24.0
20.68	-9.573	28.028	-17.3
20.69	-9.591	38.116	-6.7
20.7	-9.609	45.080	9.7
20.71	-9.626	47.520	20.5
20.72	-9.645	44.802	33.0
20.73	-9.663	37.661	42.0
20.74	-9.680	27.892	54.2
20.75	-9.696	17.367	87.2
20.76	-9.709	7.409	118.2
20.77	-9.720	-1.252	132.9
20.78	-9.731	-8.250	150.2
20.79	-9.741	-13.444	164.4
20.8	-9.753	-16.919	161.5
20.81	-9.765	-18.847	142.3
20.82	-9.779	-19.370	101.8
20.83	-9.796	-18.645	49.4
20.84	-9.814	-16.980	7.6
20.85	-9.832	-14.813	-22.2
20.86	-9.848	-12.583	-39.7
20.87	-9.863	-10.698	-49.8
20.88	-9.878	-9.545	-58.3
20.89	-9.892	-9.442	-59.0
20.9	-9.904	-10.438	-56.4
20.91	-9.914	-12.169	-55.2
20.92	-9.923	-14.053	-54.4
20.93	-9.932	-15.578	-55.1
20.94	-9.941	-16.452	-57.8
20.95	-9.950	-16.628	-52.5
20.96	-9.959	-16.233	-41.8
20.97	-9.969	-15.397	-35.3
20.98	-9.978	-14.153	-36.3
20.99	-9.987	-12.752	-38.6
21.0	-9.996	-11.697	-39.3
21.01	-10.006	-11.019	-39.2
21.02	-10.016	-10.559	-35.9
21.03	-10.026	-10.428	-38.2
21.04	-10.033	-10.680	-42.7
21.05	-10.040	-11.414	-35.3
21.06	-10.047	-12.572	-30.4
21.07	-10.055	-13.903	-37.6
21.08	-10.064	-15.308	-37.2
21.09	-10.073	-16.703	-34.4
21.1	-10.081	-17.895	-38.4
21.11	-10.089	-18.695	-39.5
21.12	-10.098	-19.123	-37.1
21.13	-10.106	-19.356	-32.4
21.14	-10.113	-19.500	-35.3
21.15	-10.120	-19.575	-43.1
21.16	-10.126	-19.614	-38.4
21.17	-10.133	-19.588	-33.9
21.18	-10.140	-19.383	-36.8
21.19	-10.148	-18.992	-33.8
21.2	-10.157	-18.502	-29.9
21.21	-10.165	-17.952	-32.0
21.22	-10.171	-17.305	-32.1
21.23	-10.176	-16.538	-29.0
21.24	-10.179	-15.734	-31.8
21.25	-10.183	-15.009	-29.2
21.26	-10.187	-14.456	-19.2
21.27	-10.191	-14.178	-9.6
21.28	-10.197	-14.236	-2.2
21.29	-10.204	-14.614	10.6
21.3	-10.211	-15.206	32.3
21.31	-10.218	-15.853	52.8
21.32	-10.224	-16.403	46.3
21.33	-10.228	-16.784	10.3
21.34	-10.233	-17.042	-26.5
21.35	-10.236	-17.205	-48.3
21.36	-10.242	-17.366	-53.8
21.37	-10.250	-17.767	-45.7
21.38	-10.256	-18.136	-44.8
21.39	-10.255	-18.116	-43.1
21.4	-10.253	-17.994	26.8
21.41	-10.253	-17.834	206.9
21.42	-10.255	-17.623	353.7
21.43	-10.258	-17.344	260.3
21.44	-10.263	-16.784	61.3
21.45	-10.271	-16.198	-31.1
21.46	-10.279	-15.828	-51.6
21.47	-10.282	-15.492	-56.2
21.48	-10.279	-15.073	-57.9
21.49	-10.271	-14.709	-59.9
21.5	-10.266	-14.617	-54.2
21.51	-10.267	-14.888	-49.0
21.52	-10.273	-15.375	-44.7
21.53	-10.279	-15.669	-33.7
21.54	-10.286	-15.036	-28.4
21.55	-10.295	-12.470	-26.6
21.56	-10.303	-7.002	-18.9
21.57	-10.308	1.580	-14.5
21.58	-10.313	12.311	-6.7
21.59	-10.319	23.506	5.3
21.6	-10.326	33.363	8.8
21.61	-10.333	40.278	16.6
21.62	-10.341	42.967	36.4
21.63	-10.348	40.844	46.8
21.64	-10.355	34.517	62.2
21.65	-10.361	25.492	92.4
21.66	-10.366	15.500	116.4
21.67	-10.369	5.983	140.9
21.68	-10.374	-2.178	160.4
21.69	-10.378	-8.558	172.9
21.7	-10.380	-13.081	173.4
21.71	-10.381	-15.947	153.4
21.72	-10.383	-17.408	120.5
21.73	-10.389	-17.666	72.3
21.74	-10.398	-17.030	22.9
21.75	-10.403	-15.913	-17.6
21.76	-10.405	-14.583	-47.8
21.77	-10.408	-13.233	-58.1
21.78	-10.411	-12.248	-65.3
21.79	-10.414	-12.042	-79.7
21.8	-10.412	-12.684	-81.1
21.81	-10.409	-13.906	-67.5
21.82	-10.408	-15.278	-65.2
21.83	-10.406	-16.339	-73.3
21.84	-10.405	-16.792	-68.8
21.85	-10.403	-16.533	-57.0
21.86	-10.398	-15.647	-51.8
21.87	-10.394	-14.328	-55.2
21.88	-10.389	-12.714	-57.3
21.89	-10.386	-11.011	-50.0
21.9	-10.383	-9.520	-45.2
21.91	-10.379	-8.442	-51.2
21.92	-10.374	-7.900	-56.3
21.93	-10.366	-7.920	-56.2
21.94	-10.358	-8.398	-53.6
21.95	-10.350	-9.230	-51.2
21.96	-10.341	-10.367	-53.3
21.97	-10.331	-11.752	-53.4
21.98	-10.319	-13.213	-50.9
21.99	-10.308	-14.555	-50.9
22.0	-10.294	-15.688	-57.3
22.01	-10.281	-16.642	-58.2
22.02	-10.267	-17.459	-53.6
22.03	-10.253	-18.133	-56.2
22.04	-10.239	-18.695	-56.0
22.05	-10.224	-19.163	-51.7
22.06	-10.207	-19.456	-52.8
22.07	-10.189	-19.503	-51.1
22.08	-10.171	-19.294	-43.0
22.09	-10.151	-18.948	-46.5
22.1	-10.131	-18.617	-56.6
22.11	-10.109	-18.323	-50.6
22.12	-10.088	-18.005	-38.7
22.13	-10.066	-17.613	-43.3
22.14	-10.043	-17.189	-45.2
22.15	-10.019	-16.827	-32.7
22.16	-9.995	-16.548	-24.0
22.17	-9.973	-16.305	-11.4
22.18	-9.951	-16.003	12.8
22.19	-9.929	-15.608	27.8
22.2	-9.909	-15.195	22.1
22.21	-9.888	-14.864	10.0
22.22	-9.866	-14.633	-20.7
22.23	-9.841	-14.491	-54.3
22.24	-9.818	-14.453	-62.0
22.25	-9.799	-14.503	-64.3
22.26	-9.781	-14.648	-71.3
22.27	-9.756	-14.998	-72.5
22.28	-9.726	-15.552	-29.0
22.29	-9.697	-16.061	112.7
22.3	-9.672	-16.386	308.1
22.31	-9.651	-16.598	333.0
22.32	-9.633	-16.723	140.8
22.33	-9.622	-16.733	-25.3
22.34	-9.614	-16.659	-71.6
22.35	-9.601	-16.512	-71.4
22.36	-9.583	-16.250	-70.1
22.37	-9.562	-15.938	-78.5
22.38	-9.541	-15.723	-82.6
22.39	-9.523	-15.605	-73.3
22.4	-9.508	-15.461	-61.3
22.41	-9.495	-15.122	-58.4
22.42	-9.486	-14.017	-63.8
22.43	-9.480	-11.080	-58.0
22.44	-9.476	-5.306	-46.8
22.45	-9.473	3.528	-34.5
22.46	-9.468	14.547	-21.3
22.47	-9.463	26.106	-18.7
22.48	-9.457	36.331	-13.7
22.49	-9.453	43.372	-2.0
22.5	-9.448	45.736	10.3
22.51	-9.444	42.938	33.3
22.52	-9.439	35.778	56.7
22.53	-9.433	25.958	65.1
22.54	-9.426	15.366	81.4
22.55	-9.418	5.522	113.6
22.56	-9.411	-2.653	139.2
22.57	-9.403	-8.805	150.6
22.58	-9.396	-12.986	153.1
22.59	-9.388	-15.442	143.6
22.6	-9.381	-16.444	117.4
22.61	-9.376	-16.209	73.7
22.62	-9.374	-14.914	26.0
22.63	-9.373	-12.845	-16.1
22.64	-9.369	-10.533	-48.3
22.65	-9.365	-8.541	-61.8
22.66	-9.363	-7.350	-69.7
22.67	-9.360	-7.319	-74.1
22.68	-9.354	-8.545	-65.7
22.69	-9.346	-10.781	-64.0
22.7	-9.336	-13.436	-65.4
22.71	-9.325	-15.808	-59.8
22.72	-9.314	-17.403	-57.4
22.73	-9.303	-18.019	-53.8
22.74	-9.292	-17.686	-45.7
22.75	-9.281	-16.591	-43.8
22.76	-9.269	-14.986	-49.6
22.77	-9.259	-13.172	-49.6
22.78	-9.248	-11.419	-42.8
22.79	-9.237	-9.906	-40.0
22.8	-9.226	-8.808	-38.6
22.81	-9.214	-8.239	-35.3
22.82	-9.201	-8.219	-39.9
22.83	-9.189	-8.700	-44.0
22.84	-9.178	-9.589	-46.0
22.85	-9.167	-10.761	-56.1
22.86	-9.156	-12.061	-54.7
22.87	-9.146	-13.334	-44.1
22.88	-9.134	-14.555	-47.2
22.89	-9.123	-15.792	-48.3
22.9	-9.111	-17.031	-41.6
22.91	-9.101	-18.131	-47.0
22.92	-9.091	-18.994	-51.8
22.93	-9.082	-19.600	-45.9
22.94	-9.074	-19.897	-47.7
22.95	-9.066	-19.836	-52.7
22.96	-9.058	-19.552	-45.7
22.97	-9.049	-19.206	-42.9
22.98	-9.041	-18.794	-49.9
22.99	-9.033	-18.288	-50.6
23.0	-9.024	-17.792	-43.7
23.01	-9.015	-17.398	-41.6
23.02	-9.006	-17.019	-41.9
23.03	-8.996	-16.503	-42.9
23.04	-8.986	-15.923	-44.3
23.05	-8.976	-15.466	-32.3
23.06	-8.964	-15.130	-17.0
23.07	-8.954	-14.856	-10.8
23.08	-8.944	-14.675	4.8
23.09	-8.936	-14.563	26.8
23.1	-8.928	-14.400	40.3
23.11	-8.921	-14.173	39.5
23.12	-8.914	-14.022	18.9
23.13	-8.908	-13.995	-13.6
23.14	-8.902	-14.056	-42.0
23.15	-8.898	-14.173	-51.8
23.16	-8.896	-14.298	-47.8
23.17	-8.894	-14.438	-49.3
23.18	-8.887	-14.673	-58.1
23.19	-8.876	-15.058	-26.3
23.2	-8.866	-15.489	122.8
23.21	-8.859	-15.839	334.2
23.22	-8.853	-16.119	361.3
23.23	-8.849	-16.355	166.4
23.24	-8.853	-16.523	-2.8
23.25	-8.857	-16.577	-56.9
23.26	-8.853	-16.461	-63.5
23.27	-8.839	-16.175	-65.2
23.28	-8.824	-15.880	-68.7
23.29	-8.811	-15.756	-72.6
23.3	-8.799	-15.784	-69.4
23.31	-8.786	-15.808	-64.9
23.32	-8.772	-15.480	-64.1
23.33	-8.760	-13.981	-57.8
23.34	-8.751	-10.180	-51.5
23.35	-8.744	-3.256	-46.6
23.36	-8.738	6.658	-36.1
23.37	-8.732	18.441	-19.2
23.38	-8.728	30.438	-8.1
23.39	-8.723	40.694	-6.6
23.4	-8.720	47.125	-3.7
23.41	-8.719	48.220	4.1
23.42	-8.719	43.867	20.0
23.43	-8.719	35.420	41.8
23.44	-8.718	24.947	64.2
23.45	-8.717	14.367	84.0
23.46	-8.715	4.977	104.9
23.47	-8.713	-2.684	131.6
23.48	-8.711	-8.506	148.7
23.49	-8.708	-12.406	150.4
23.5	-8.705	-14.441	136.4
23.51	-8.702	-14.995	108.0
23.52	-8.699	-14.502	70.4
23.53	-8.701	-13.253	23.2
23.54	-8.702	-11.527	-18.7
23.55	-8.701	-9.641	-42.9
23.56	-8.701	-7.955	-57.8
23.57	-8.702	-6.911	-68.8
23.58	-8.703	-6.920	-72.7
23.59	-8.703	-8.103	-74.9
23.6	-8.701	-10.200	-71.6
23.61	-8.699	-12.703	-65.7
23.62	-8.695	-15.042	-66.8
23.63	-8.692	-16.800	-64.9
23.64	-8.689	-17.747	-60.3
23.65	-8.684	-17.744	-61.5
23.66	-8.680	-16.856	-56.9
23.67	-8.675	-15.370	-45.1
23.68	-8.672	-13.606	-47.4
23.69	-8.670	-11.897	-55.4
23.7	-8.669	-10.533	-54.1
23.71	-8.669	-9.678	-49.9
23.72	-8.669	-9.338	-49.7
23.73	-8.668	-9.359	-54.2
23.74	-8.667	-9.613	-54.2
23.75	-8.666	-10.114	-46.5
23.76	-8.666	-10.938	-47.9
23.77	-8.666	-12.019	-59.8
23.78	-8.667	-13.211	-60.7
23.79	-8.667	-14.445	-56.1
23.8	-8.666	-15.675	-59.6
23.81	-8.666	-16.819	-61.1
23.82	-8.666	-17.770	-58.1
23.83	-8.666	-18.439	-52.2
23.84	-8.667	-18.806	-43.5
23.85	-8.668	-18.961	-48.4
23.86	-8.670	-19.067	-59.3
23.87	-8.672	-19.231	-54.9
23.88	-8.673	-19.372	-48.8
23.89	-8.674	-19.333	-56.9
23.9	-8.677	-19.086	-56.9
23.91	-8.680	-18.691	-44.4
23.92	-8.685	-18.148	-40.2
23.93	-8.692	-17.453	-39.7
23.94	-8.701	-16.747	-41.8
23.95	-8.713	-16.164	-45.4
23.96	-8.728	-15.645	-47.8
23.97	-8.745	-15.111	-50.0
23.98	-8.764	-14.645	-45.3
23.99	-8.784	-14.408	-41.6
24.0	-8.804	-14.544	-44.0
24.01	-8.822	-15.070	-42.1
24.02	-8.841	-15.788	-36.6
24.03	-8.859	-16.406	-28.5
24.04	-8.879	-16.775	-21.1
24.05	-8.901	-16.919	-19.4
24.06	-8.924	-16.933	-1.8
24.07	-8.947	-16.897	34.3
24.08	-8.969	-16.858	55.8
24.09	-8.991	-16.788	42.8
24.1	-9.013	-16.650	11.7
24.11	-9.033	-16.488	-23.0
24.12	-9.053	-16.352	-49.2
24.13	-9.074	-16.217	-55.5
24.14	-9.101	-16.064	-53.2
24.15	-9.127	-15.991	-55.8
24.16	-9.146	-16.163	-51.5
24.17	-9.158	-16.567	-2.7
24.18	-9.172	-16.997	149.5
24.19	-9.188	-17.334	356.9
24.2	-9.204	-17.598	375.5
24.21	-9.224	-17.744	169.7
24.22	-9.249	-17.694	-3.2
24.23	-9.276	-17.441	-57.6
24.24	-9.296	-17.016	-66.5
24.25	-9.307	-16.498	-73.1
24.26	-9.314	-16.125	-80.3
24.27	-9.323	-16.100	-72.3
24.28	-9.331	-16.348	-64.8
24.29	-9.339	-16.614	-66.5
24.3	-9.347	-16.389	-63.4
24.31	-9.358	-14.663	-50.5
24.32	-9.373	-10.155	-42.2
24.33	-9.389	-2.097	-41.1
24.34	-9.406	9.066	-37.0
24.35	-9.424	21.819	-30.3
24.36	-9.440	34.250	-20.9
24.37	-9.457	44.164	-15.7
24.38	-9.474	49.506	-16.7
24.39	-9.492	49.995	-0.8
24.4	-9.511	45.788	27.3
24.41	-9.531	37.144	47.2
24.42	-9.550	26.139	68.2
24.43	-9.568	15.006	85.3
24.44	-9.585	5.042	107.4
24.45	-9.600	-3.041	130.9
24.46	-9.614	-9.000	141.4
24.47	-9.627	-12.900	143.2
24.48	-9.639	-14.989	131.3
24.49	-9.652	-15.569	110.2
24.5	-9.664	-14.927	77.2
24.51	-9.679	-13.406	30.9
24.52	-9.694	-11.414	-8.6
24.53	-9.709	-9.341	-32.0
24.54	-9.722	-7.522	-48.0
24.55	-9.734	-6.367	-60.2
24.56	-9.746	-6.336	-63.1
24.57	-9.755	-7.583	-68.0
24.58	-9.760	-9.827	-70.7
24.59	-9.763	-12.530	-66.3
24.6	-9.763	-15.098	-67.8
24.61	-9.764	-16.984	-62.1
24.62	-9.765	-17.842	-51.1
24.63	-9.766	-17.672	-49.0
24.64	-9.768	-16.722	-49.3
24.65	-9.769	-15.303	-55.8
24.66	-9.769	-13.653	-55.5
24.67	-9.768	-11.928	-41.5
24.68	-9.766	-10.389	-33.7
24.69	-9.763	-9.352	-35.9
24.7	-9.758	-8.892	-42.2
24.71	-9.752	-8.836	-47.2
24.72	-9.745	-9.125	-46.5
24.73	-9.737	-9.877	-45.8
24.74	-9.729	-11.008	-56.3
24.75	-9.721	-12.261	-63.5
24.76	-9.713	-13.555	-52.1
24.77	-9.704	-14.883	-46.6
24.78	-9.694	-16.172	-51.3
24.79	-9.684	-17.359	-50.4
24.8	-9.674	-18.387	-43.7
24.81	-9.661	-19.177	-45.1
24.82	-9.648	-19.663	-48.6
24.83	-9.634	-19.892	-50.2
24.84	-9.621	-19.961	-56.2
24.85	-9.607	-19.894	-51.6
24.86	-9.594	-19.691	-43.0
24.87	-9.581	-19.367	-42.9
24.88	-9.568	-18.973	-46.3
24.89	-9.554	-18.605	-43.8
24.9	-9.541	-18.280	-36.8
24.91	-9.527	-17.905	-43.2
24.92	-9.512	-17.448	-46.8
24.93	-9.498	-16.988	-39.7
24.94	-9.483	-16.541	-40.4
24.95	-9.470	-16.100	-43.5
24.96	-9.457	-15.753	-40.8
24.97	-9.445	-15.597	-40.2
24.98	-9.433	-15.630	-38.3
24.99	-9.419	-15.742	-28.4
25.0	-9.406	-15.791	-21.5
25.01	-9.392	-15.750	-16.3
25.02	-9.378	-15.673	-3.8
25.03	-9.364	-15.605	15.7
25.04	-9.352	-15.614	37.5
25.05	-9.341	-15.672	42.5
25.06	-9.328	-15.678	30.5
25.07	-9.315	-15.647	-0.8
25.08	-9.301	-15.653	-45.0
25.09	-9.286	-15.723	-62.3
25.1	-9.276	-15.844	-52.3
25.11	-9.266	-16.083	-49.6
25.12	-9.253	-16.566	-58.4
25.13	-9.235	-17.250	-43.2
25.14	-9.217	-17.966	68.1
25.15	-9.201	-18.530	281.2
25.16	-9.186	-18.747	371.7
25.17	-9.172	-18.622	209.8
25.18	-9.161	-18.402	25.3
25.19	-9.152	-18.214	-47.0
25.2	-9.139	-17.922	-63.2
25.21	-9.118	-17.461	-66.3
25.22	-9.092	-17.017	-78.4
25.23	-9.064	-16.745	-77.6
25.24	-9.037	-16.614	-66.8
25.25	-9.011	-16.606	-65.2
25.26	-8.986	-16.609	-60.3
25.27	-8.963	-16.059	-51.9
25.28	-8.941	-13.917	-46.2
25.29	-8.923	-9.027	-43.9
25.3	-8.908	-0.775	-37.7
25.31	-8.893	10.258	-29.7
25.32	-8.878	22.380	-27.8
25.33	-8.864	33.614	-18.4
25.34	-8.851	42.255	-4.6
25.35	-8.839	46.744	4.6
25.36	-8.829	45.997	17.9
25.37	-8.819	40.248	32.9
25.38	-8.809	31.072	50.8
25.39	-8.800	20.450	75.1
25.4	-8.792	10.023	103.3
25.41	-8.784	0.888	127.3
25.42	-8.777	-6.422	144.8
25.43	-8.769	-11.833	150.5
25.44	-8.761	-15.478	144.9
25.45	-8.754	-17.473	124.5
25.46	-8.748	-17.969	89.4
25.47	-8.746	-17.262	48.3
25.48	-8.744	-15.717	2.8
25.49	-8.739	-13.692	-31.2
25.5	-8.732	-11.594	-52.4
25.51	-8.728	-9.948	-67.8
25.52	-8.724	-9.261	-77.4
25.53	-8.720	-9.775	-81.7
25.54	-8.716	-11.348	-77.6
25.55	-8.711	-13.470	-68.4
25.56	-8.706	-15.419	-64.5
25.57	-8.702	-16.605	-65.4
25.58	-8.698	-16.847	-63.0
25.59	-8.693	-16.269	-60.0
25.6	-8.688	-15.113	-54.0
25.61	-8.681	-13.734	-50.3
25.62	-8.676	-12.503	-54.9
25.63	-8.671	-11.600	-55.8
25.64	-8.666	-11.020	-49.3
25.65	-8.662	-10.680	-50.7
25.66	-8.659	-10.498	-57.5
25.67	-8.655	-10.456	-52.7
25.68	-8.651	-10.600	-51.0
25.69	-8.647	-10.948	-65.0
25.7	-8.643	-11.534	-60.8
25.71	-8.639	-12.456	-50.3
25.72	-8.634	-13.608	-59.7
25.73	-8.628	-14.694	-62.8
25.74	-8.622	-15.648	-59.8
25.75	-8.616	-16.569	-63.9
25.76	-8.611	-17.409	-65.0
25.77	-8.606	-18.072	-59.8
25.78	-8.600	-18.578	-59.5
25.79	-8.594	-19.042	-58.5
25.8	-8.590	-19.480	-54.4
25.81	-8.585	-19.800	-56.6
25.82	-8.580	-19.942	-56.4
25.83	-8.574	-19.892	-56.3
25.84	-8.568	-19.614	-58.2
25.85	-8.562	-19.136	-57.4
25.86	-8.556	-18.628	-51.2
25.87	-8.551	-18.242	-45.8
25.88	-8.547	-17.973	-49.0
25.89	-8.545	-17.700	-51.1
25.9	-8.543	-17.338	-55.7
25.91	-8.541	-16.911	-57.8
25.92	-8.539	-16.469	-49.9
25.93	-8.537	-15.998	-42.5
25.94	-8.535	-15.516	-43.0
25.95	-8.534	-15.158	-50.0
25.96	-8.534	-15.058	-50.9
25.97	-8.534	-15.198	-47.2
25.98	-8.534	-15.519	-45.9
25.99	-8.533	-15.934	-38.3
26.0	-8.531	-16.322	-23.8
26.01	-8.532	-16.617	-12.9
26.02	-8.533	-16.866	6.6
26.03	-8.534	-17.109	32.6
26.04	-8.536	-17.336	42.5
26.05	-8.539	-17.538	29.4
26.06	-8.541	-17.705	-6.3
26.07	-8.541	-17.781	-42.8
26.08	-8.539	-17.766	-61.4
26.09	-8.539	-17.736	-70.0
26.1	-8.542	-17.711	-74.3
26.11	-8.543	-17.675	-82.2
26.12	-8.537	-17.730	-60.9
26.13	-8.534	-17.922	42.6
26.14	-8.533	-18.106	250.5
26.15	-8.534	-18.155	395.1
26.16	-8.534	-18.088	278.0
26.17	-8.538	-17.913	59.6
26.18	-8.546	-17.608	-52.2
26.19	-8.552	-17.256	-81.9
26.2	-8.547	-16.930	-86.1
26.21	-8.537	-16.595	-89.8
26.22	-8.528	-16.247	-94.2
26.23	-8.521	-16.055	-88.4
26.24	-8.513	-16.106	-80.4
26.25	-8.504	-16.084	-71.8
26.26	-8.496	-15.214	-70.7
26.27	-8.488	-12.288	-74.4
26.28	-8.481	-6.095	-66.2
26.29	-8.477	3.636	-57.3
26.3	-8.473	15.773	-49.7
26.31	-8.471	28.388	-37.3
26.32	-8.469	39.592	-26.4
26.33	-8.469	47.334	-25.3
26.34	-8.469	50.523	-18.2
26.35	-8.471	50.070	2.1
26.36	-8.473	45.848	10.0
26.37	-8.476	37.648	19.2
26.38	-8.477	27.555	48.7
26.39	-8.478	17.605	80.0
26.4	-8.477	8.991	107.8
26.41	-8.477	2.442	125.8
26.42	-8.477	-2.063	125.2
26.43	-8.478	-7.225	117.7
26.44	-8.476	-14.164	108.0
26.45	-8.472	-18.975	88.1
26.46	-8.468	-19.923	49.2
26.47	-8.466	-16.616	2.3
26.48	-8.463	-11.002	-31.4
26.49	-8.457	-6.689	-54.5
26.5	-8.451	-3.106	-67.1
26.51	-8.444	-0.088	-81.6
26.52	-8.438	1.555	-82.5
26.53	-8.431	1.747	-75.9
26.54	-8.422	0.973	-77.8
26.55	-8.413	-0.283	-73.9
26.56	-8.403	-1.966	-74.4
26.57	-8.393	-3.144	-68.1
26.58	-8.383	-2.936	-55.5
26.59	-8.373	-0.756	-55.4
26.6	-8.363	2.395	-56.8
26.61	-8.351	3.652	-54.7
26.62	-8.338	3.072	-52.3
26.63	-8.327	1.436	-54.4
26.64	-8.317	-7.753	-60.5
26.65	-8.308	-22.128	-58.2
26.66	-8.299	-31.889	-55.0
26.67	-8.294	-35.733	-57.8
26.68	-8.289	-29.663	-57.6
26.69	-8.285	-18.086	-61.8
26.7	-8.282	-12.075	-70.3
26.71	-8.280	-11.013	-71.3
26.72	-8.278	-11.655	-57.8
26.73	-8.277	-12.359	-61.2
26.74	-8.277	-9.839	-72.2
26.75	-8.276	-4.539	-66.7
26.76	-8.276	-1.044	-61.6
26.77	-8.276	-1.627	-56.4
26.78	-8.277	-11.655	-60.8
26.79	-8.278	-27.998	-63.7
26.8	-8.279	-32.036	-61.0
26.81	-8.280	-23.948	-63.2
26.82	-8.281	-17.647	-60.3
26.83	-8.280	-13.673	-56.8
26.84	-8.279	-9.680	-60.4
