Interval=	0.01 s
ExcelDateTime=	3.9770658720273685e+004	18/11/2008 15:48:33.431647
TimeFormat=	StartOfBlock
ChannelTitle=	Channel 1	Channel 2	Channel 3
Range=	20.000 mV	50.000 mV	1000.0 µV
0.0	-8.660	35.523	1.6
0.01	-8.685	34.183	25.4
0.02	-8.713	29.256	42.6
0.03	-8.744	22.484	46.1
0.04	-8.776	15.895	82.6
0.05	-8.808	9.588	113.8
0.06	-8.839	3.514	121.9
0.07	-8.870	-1.363	138.4
0.08	-8.901	-4.934	142.2
0.09	-8.931	-7.519	133.4
0.1	-8.961	-9.106	122.5
0.11	-8.990	-9.409	91.8
0.12	-9.021	-7.798	51.1
0.13	-9.053	-5.250	6.2
0.14	-9.084	-3.777	-24.6
0.15	-9.117	-3.869	-36.1
0.16	-9.150	-5.228	-47.3
0.17	-9.183	-7.578	-60.2
0.18	-9.215	-10.038	-53.9
0.19	-9.246	-11.891	-41.4
0.2	-9.275	-13.091	-47.3
0.21	-9.303	-13.833	-43.1
0.22	-9.331	-14.495	-34.6
0.23	-9.357	-14.852	-28.3
0.24	-9.383	-14.402	-22.3
0.25	-9.408	-13.758	-33.2
0.26	-9.435	-13.636	-36.7
0.27	-9.463	-13.552	-26.2
0.28	-9.491	-12.528	-28.2
0.29	-9.518	-10.352	-28.8
0.3	-9.545	-7.908	-20.8
0.31	-9.572	-6.377	-23.2
0.32	-9.599	-6.542	-32.4
0.33	-9.624	-7.911	-36.7
0.34	-9.650	-9.123	-31.3
0.35	-9.677	-10.109	-34.7
0.36	-9.704	-11.514	-41.1
0.37	-9.731	-13.133	-32.2
0.38	-9.756	-14.508	-16.5
0.39	-9.780	-15.378	-15.1
0.4	-9.805	-15.669	-29.0
0.41	-9.831	-16.100	-42.3
0.42	-9.859	-17.277	-46.7
0.43	-9.886	-18.380	-35.3
0.44	-9.913	-19.005	-25.5
0.45	-9.939	-19.633	-29.9
0.46	-9.964	-19.928	-24.2
0.47	-9.990	-19.248	-19.2
0.48	-10.014	-17.525	-29.1
0.49	-10.038	-15.211	-30.9
0.5	-10.061	-13.298	-24.1
0.51	-10.083	-12.869	-26.4
0.52	-10.104	-14.153	-18.3
0.53	-10.126	-16.134	-7.4
0.54	-10.147	-17.137	-11.0
0.55	-10.169	-16.594	-0.2
0.56	-10.192	-15.556	22.6
0.57	-10.215	-14.764	40.3
0.58	-10.238	-14.167	59.0
0.59	-10.262	-13.861	68.5
0.6	-10.284	-14.009	46.1
0.61	-10.306	-14.831	-2.6
0.62	-10.328	-16.361	-27.9
0.63	-10.349	-17.558	-35.5
0.64	-10.373	-16.936	-40.8
0.65	-10.399	-14.655	-39.9
0.66	-10.421	-12.888	-46.4
0.67	-10.440	-13.311	-3.1
0.68	-10.458	-14.784	154.2
0.69	-10.477	-14.991	345.4
0.7	-10.496	-13.472	359.8
0.71	-10.515	-11.678	172.6
0.72	-10.538	-11.045	8.8
0.73	-10.563	-11.842	-42.3
0.74	-10.584	-13.681	-47.2
0.75	-10.601	-15.716	-59.5
0.76	-10.614	-16.636	-65.4
0.77	-10.627	-16.214	-52.2
0.78	-10.641	-15.513	-50.7
0.79	-10.656	-15.353	-45.9
0.8	-10.672	-15.605	-31.7
0.81	-10.687	-15.444	-22.3
0.82	-10.702	-13.844	-20.0
0.83	-10.718	-9.992	-19.3
0.84	-10.735	-3.714	-7.6
0.85	-10.753	3.969	-4.1
0.86	-10.771	11.433	5.0
0.87	-10.791	18.369	15.7
0.88	-10.811	24.836	20.7
0.89	-10.830	28.944	34.7
0.9	-10.847	28.798	52.1
0.91	-10.861	25.003	72.9
0.92	-10.873	19.136	92.3
0.93	-10.884	12.052	107.0
0.94	-10.894	4.730	128.4
0.95	-10.906	-1.314	161.8
0.96	-10.919	-5.505	185.0
0.97	-10.932	-8.584	177.0
0.98	-10.944	-10.864	157.7
0.99	-10.959	-11.975	146.3
1.0	-10.978	-12.366	112.1
1.01	-10.998	-12.569	55.9
1.02	-11.017	-12.217	20.3
1.03	-11.035	-11.580	-10.5
1.04	-11.054	-11.434	-45.0
1.05	-11.071	-11.463	-62.1
1.06	-11.086	-11.045	-64.2
1.07	-11.098	-10.795	-59.6
1.08	-11.108	-11.628	-57.7
1.09	-11.119	-13.353	-56.4
1.1	-11.129	-14.881	-43.7
1.11	-11.137	-15.214	-32.3
1.12	-11.143	-14.556	-44.0
1.13	-11.149	-13.939	-52.3
1.14	-11.154	-13.623	-38.7
1.15	-11.161	-12.859	-28.6
1.16	-11.167	-11.148	-38.7
1.17	-11.174	-8.959	-49.5
1.18	-11.181	-7.436	-32.8
1.19	-11.186	-7.378	-28.9
1.2	-11.188	-8.405	-44.8
1.21	-11.188	-9.581	-42.8
1.22	-11.187	-10.553	-44.5
1.23	-11.185	-11.464	-53.5
1.24	-11.183	-12.519	-40.9
1.25	-11.179	-13.944	-34.8
1.26	-11.176	-15.472	-48.8
1.27	-11.172	-16.406	-51.4
1.28	-11.171	-16.541	-45.6
1.29	-11.169	-16.442	-43.6
1.3	-11.168	-16.980	-43.3
1.31	-11.166	-17.964	-47.6
1.32	-11.162	-17.928	-41.3
1.33	-11.155	-16.773	-31.1
1.34	-11.146	-16.073	-34.1
1.35	-11.137	-16.248	-31.8
1.36	-11.128	-16.555	-18.4
1.37	-11.118	-16.650	1.5
1.38	-11.110	-16.795	24.0
1.39	-11.101	-17.456	31.7
1.4	-11.089	-18.663	36.1
1.41	-11.076	-19.477	13.6
1.42	-11.059	-18.516	-33.1
1.43	-11.038	-16.080	-39.6
1.44	-11.014	-14.203	-42.1
1.45	-10.993	-13.875	-65.7
1.46	-10.971	-14.363	-74.3
1.47	-10.941	-15.072	-67.2
1.48	-10.905	-16.272	-32.8
1.49	-10.870	-17.739	89.1
1.5	-10.840	-18.167	292.2
1.51	-10.811	-16.906	348.2
1.52	-10.784	-15.084	170.5
1.53	-10.758	-14.391	-14.4
1.54	-10.736	-15.286	-71.9
1.55	-10.714	-16.313	-66.9
1.56	-10.686	-16.059	-76.2
1.57	-10.646	-15.228	-79.6
1.58	-10.603	-15.066	-58.8
1.59	-10.563	-15.556	-45.7
1.6	-10.529	-16.286	-46.7
1.61	-10.496	-17.070	-54.8
1.62	-10.467	-17.519	-54.3
1.63	-10.441	-16.808	-35.0
1.64	-10.416	-13.734	-27.3
1.65	-10.390	-7.505	-42.7
1.66	-10.364	1.033	-31.3
1.67	-10.338	9.864	-3.7
1.68	-10.313	17.433	1.8
1.69	-10.288	22.863	7.9
1.7	-10.264	25.775	15.3
1.71	-10.240	26.289	26.5
1.72	-10.216	24.269	46.0
1.73	-10.193	19.528	59.5
1.74	-10.169	12.806	90.4
1.75	-10.144	6.022	114.5
1.76	-10.119	1.023	124.6
1.77	-10.094	-2.563	151.3
1.78	-10.068	-6.255	164.8
1.79	-10.042	-9.908	152.5
1.8	-10.019	-12.323	128.6
1.81	-10.003	-13.450	84.0
1.82	-9.989	-14.138	25.9
1.83	-9.972	-14.248	-18.9
1.84	-9.955	-13.133	-50.4
1.85	-9.941	-11.695	-61.0
1.86	-9.928	-11.431	-63.1
1.87	-9.913	-12.234	-76.8
1.88	-9.896	-13.189	-73.0
1.89	-9.878	-14.242	-64.2
1.9	-9.861	-15.563	-74.2
1.91	-9.843	-16.592	-78.3
1.92	-9.826	-16.786	-63.4
1.93	-9.808	-16.081	-48.8
1.94	-9.789	-14.858	-41.1
1.95	-9.771	-13.933	-47.1
1.96	-9.754	-13.766	-50.3
1.97	-9.738	-13.478	-46.7
1.98	-9.722	-11.709	-51.3
1.99	-9.706	-9.042	-59.4
2.0	-9.691	-7.558	-62.8
2.01	-9.675	-7.950	-53.6
2.02	-9.661	-9.425	-39.3
2.03	-9.647	-11.195	-38.7
2.04	-9.633	-12.723	-56.8
2.05	-9.619	-13.595	-67.7
2.06	-9.606	-13.903	-58.5
2.07	-9.592	-14.141	-60.6
2.08	-9.580	-14.813	-68.7
2.09	-9.567	-16.083	-59.0
2.1	-9.555	-17.464	-50.8
2.11	-9.543	-18.420	-55.5
2.12	-9.532	-18.783	-59.2
2.13	-9.521	-18.580	-61.1
2.14	-9.509	-18.022	-51.9
2.15	-9.497	-17.302	-37.3
2.16	-9.484	-16.741	-44.7
2.17	-9.472	-16.795	-54.8
2.18	-9.459	-17.417	-39.0
2.19	-9.447	-18.059	-30.4
2.2	-9.434	-18.181	-26.1
2.21	-9.422	-17.767	-3.3
2.22	-9.409	-17.370	19.3
2.23	-9.397	-17.278	26.2
2.24	-9.385	-17.444	22.6
2.25	-9.373	-17.695	-2.2
2.26	-9.358	-17.439	-40.8
2.27	-9.343	-16.541	-58.2
2.28	-9.328	-15.898	-63.9
2.29	-9.316	-16.073	-77.0
2.3	-9.303	-16.545	-78.7
2.31	-9.283	-16.647	-67.2
2.32	-9.259	-16.380	-18.1
2.33	-9.238	-16.052	145.3
2.34	-9.223	-15.845	349.5
2.35	-9.209	-15.880	333.7
2.36	-9.197	-16.111	119.1
2.37	-9.191	-16.270	-39.7
2.38	-9.184	-16.017	-88.3
2.39	-9.170	-15.583	-86.7
2.4	-9.151	-15.633	-83.1
2.41	-9.131	-16.163	-79.7
2.42	-9.111	-16.716	-65.9
2.43	-9.094	-17.283	-61.1
2.44	-9.078	-17.848	-64.4
2.45	-9.061	-17.813	-61.8
2.46	-9.048	-16.153	-52.7
2.47	-9.037	-11.931	-48.1
2.48	-9.028	-5.327	-49.2
2.49	-9.021	2.458	-39.7
2.5	-9.013	10.305	-17.1
2.51	-9.005	17.469	-5.9
2.52	-8.998	23.517	-4.6
2.53	-8.990	27.752	-1.7
2.54	-8.984	29.088	6.9
2.55	-8.977	27.294	26.9
2.56	-8.970	23.153	47.7
2.57	-8.963	17.391	62.4
2.58	-8.954	10.583	85.1
2.59	-8.945	3.617	115.3
2.6	-8.937	-2.442	148.3
2.61	-8.929	-6.970	161.3
2.62	-8.921	-9.919	149.1
2.63	-8.914	-11.353	134.7
2.64	-8.908	-11.505	103.1
2.65	-8.906	-11.028	56.5
2.66	-8.905	-10.703	16.5
2.67	-8.902	-10.647	-22.0
2.68	-8.898	-10.359	-48.8
2.69	-8.897	-9.897	-59.8
2.7	-8.895	-9.864	-69.6
2.71	-8.891	-10.747	-72.3
2.72	-8.885	-12.341	-68.2
2.73	-8.876	-13.655	-70.8
2.74	-8.867	-14.333	-80.8
2.75	-8.857	-14.900	-78.4
2.76	-8.846	-15.569	-58.0
2.77	-8.836	-16.108	-49.8
2.78	-8.824	-16.355	-54.5
2.79	-8.813	-16.058	-60.5
2.8	-8.804	-14.563	-49.8
2.81	-8.796	-12.031	-40.7
2.82	-8.789	-10.120	-47.7
2.83	-8.782	-9.741	-50.3
2.84	-8.775	-9.995	-50.7
2.85	-8.768	-10.088	-48.5
2.86	-8.763	-10.295	-55.7
2.87	-8.758	-11.053	-64.7
2.88	-8.752	-12.356	-56.2
2.89	-8.748	-13.675	-53.0
2.9	-8.741	-14.484	-54.7
2.91	-8.734	-14.970	-49.6
2.92	-8.728	-15.684	-53.2
2.93	-8.720	-16.605	-59.5
2.94	-8.714	-17.102	-64.9
2.95	-8.710	-17.114	-62.4
2.96	-8.706	-17.294	-47.7
2.97	-8.703	-17.908	-54.4
2.98	-8.699	-18.253	-58.1
2.99	-8.696	-17.645	-45.3
3.0	-8.693	-16.720	-41.9
3.01	-8.689	-16.514	-35.6
3.02	-8.684	-17.003	-41.8
3.03	-8.679	-17.494	-55.2
3.04	-8.674	-17.673	-54.1
3.05	-8.668	-17.995	-38.7
3.06	-8.661	-18.609	-22.3
3.07	-8.656	-18.492	-19.6
3.08	-8.650	-17.289	-0.2
3.09	-8.644	-16.141	28.4
3.1	-8.640	-15.722	43.0
3.11	-8.636	-16.012	37.3
3.12	-8.631	-16.641	-4.8
3.13	-8.626	-16.784	-59.7
3.14	-8.619	-16.567	-72.1
3.15	-8.616	-16.777	-62.8
3.16	-8.616	-17.053	-72.2
3.17	-8.613	-16.559	-81.8
3.18	-8.604	-15.642	-62.5
3.19	-8.596	-15.252	24.0
3.2	-8.591	-15.566	222.0
3.21	-8.588	-16.161	386.2
3.22	-8.583	-16.614	292.8
3.23	-8.581	-16.430	71.8
3.24	-8.582	-15.583	-53.8
3.25	-8.578	-15.083	-84.9
3.26	-8.564	-15.791	-85.2
3.27	-8.547	-16.964	-91.3
3.28	-8.533	-17.144	-94.9
3.29	-8.521	-16.505	-90.5
3.3	-8.509	-16.558	-83.7
3.31	-8.495	-17.370	-74.3
3.32	-8.479	-16.975	-64.0
3.33	-8.465	-13.667	-58.8
3.34	-8.453	-7.592	-58.4
3.35	-8.441	-0.031	-62.2
3.36	-8.431	8.125	-51.3
3.37	-8.422	16.414	-34.4
3.38	-8.414	23.839	-29.1
3.39	-8.407	28.988	-18.7
3.4	-8.401	30.803	-17.4
3.41	-8.394	29.369	-2.9
3.42	-8.389	25.838	33.3
3.43	-8.384	20.995	55.9
3.44	-8.378	14.931	72.7
3.45	-8.372	8.142	89.9
3.46	-8.366	1.792	109.1
3.47	-8.361	-3.323	119.9
3.48	-8.357	-7.138	126.8
3.49	-8.353	-9.509	132.8
3.5	-8.348	-10.370	122.1
3.51	-8.346	-10.413	86.2
3.52	-8.345	-10.409	39.3
3.53	-8.345	-10.078	1.5
3.54	-8.343	-8.798	-34.4
3.55	-8.342	-7.272	-64.3
3.56	-8.344	-6.966	-80.8
3.57	-8.347	-8.177	-87.5
3.58	-8.350	-9.997	-75.7
3.59	-8.353	-11.783	-86.3
3.6	-8.355	-13.758	-91.7
3.61	-8.356	-15.892	-63.0
3.62	-8.358	-17.114	-64.5
3.63	-8.361	-16.658	-75.3
3.64	-8.363	-15.236	-62.5
3.65	-8.366	-14.067	-47.1
3.66	-8.369	-13.692	-53.6
3.67	-8.373	-13.870	-66.9
3.68	-8.379	-13.784	-58.1
3.69	-8.387	-12.778	-44.8
3.7	-8.399	-11.342	-47.6
3.71	-8.412	-10.353	-58.0
3.72	-8.428	-9.895	-54.5
3.73	-8.446	-9.908	-51.6
3.74	-8.464	-10.545	-57.7
3.75	-8.484	-11.873	-60.0
3.76	-8.504	-13.664	-59.4
3.77	-8.525	-15.197	-62.2
3.78	-8.546	-15.891	-61.7
3.79	-8.568	-16.064	-56.3
3.8	-8.589	-16.409	-52.0
3.81	-8.613	-17.039	-56.8
3.82	-8.639	-17.497	-60.8
3.83	-8.666	-17.511	-55.9
3.84	-8.693	-17.538	-48.9
3.85	-8.722	-18.042	-50.3
3.86	-8.750	-18.491	-54.0
3.87	-8.777	-18.241	-55.4
3.88	-8.803	-17.683	-56.1
3.89	-8.829	-17.480	-44.9
3.9	-8.856	-17.637	-32.6
3.91	-8.881	-17.667	-43.3
3.92	-8.906	-17.320	-60.0
3.93	-8.931	-17.031	-51.0
3.94	-8.956	-17.467	-40.6
3.95	-8.981	-18.058	-47.8
3.96	-9.007	-17.480	-49.8
3.97	-9.033	-16.058	-44.4
3.98	-9.058	-15.323	-34.4
3.99	-9.082	-15.722	-25.7
4.0	-9.107	-16.531	-18.5
4.01	-9.133	-17.109	1.5
4.02	-9.158	-17.205	24.2
4.03	-9.184	-16.986	35.2
4.04	-9.209	-16.688	41.1
4.05	-9.237	-16.262	33.0
4.06	-9.264	-15.714	-3.4
4.07	-9.288	-15.384	-33.4
4.08	-9.311	-15.545	-39.1
4.09	-9.335	-16.025	-55.0
4.1	-9.361	-16.542	-63.8
4.11	-9.386	-16.919	-58.9
4.12	-9.404	-16.969	-45.3
4.13	-9.422	-16.509	55.1
4.14	-9.445	-15.936	284.0
4.15	-9.470	-15.834	429.4
4.16	-9.496	-16.092	292.8
4.17	-9.526	-16.516	65.0
4.18	-9.557	-16.995	-42.3
4.19	-9.583	-16.914	-68.5
4.2	-9.600	-16.242	-69.8
4.21	-9.614	-15.942	-60.6
4.22	-9.628	-16.430	-68.3
4.23	-9.643	-17.063	-72.9
4.24	-9.659	-17.130	-51.9
4.25	-9.676	-16.648	-44.0
4.26	-9.693	-15.653	-48.9
4.27	-9.711	-13.380	-39.2
4.28	-9.731	-8.675	-40.3
4.29	-9.752	-1.005	-39.7
4.3	-9.773	8.480	-19.0
4.31	-9.794	17.486	-8.5
4.32	-9.816	24.433	2.2
4.33	-9.837	29.309	12.2
4.34	-9.858	32.225	22.4
4.35	-9.879	32.019	34.8
4.36	-9.898	28.044	35.9
4.37	-9.916	21.605	58.3
4.38	-9.933	14.400	100.3
4.39	-9.949	7.328	116.6
4.4	-9.963	0.695	130.7
4.41	-9.978	-5.016	158.0
4.42	-9.991	-8.870	171.2
4.43	-10.003	-10.653	162.1
4.44	-10.016	-11.294	149.0
4.45	-10.030	-11.838	121.3
4.46	-10.048	-12.323	64.4
4.47	-10.068	-11.602	24.7
4.48	-10.086	-9.577	-0.9
4.49	-10.104	-7.859	-30.2
4.5	-10.121	-7.277	-47.3
4.51	-10.136	-7.639	-54.4
4.52	-10.149	-9.042	-51.6
4.53	-10.159	-11.283	-61.2
4.54	-10.169	-13.602	-67.2
4.55	-10.177	-15.631	-50.1
4.56	-10.186	-17.069	-39.5
4.57	-10.195	-17.108	-45.2
4.58	-10.204	-15.705	-49.4
4.59	-10.214	-13.956	-40.2
4.6	-10.225	-12.777	-31.6
4.61	-10.236	-12.147	-28.2
4.62	-10.246	-11.350	-31.2
4.63	-10.256	-10.134	-37.6
4.64	-10.264	-9.264	-30.7
4.65	-10.272	-9.405	-34.2
4.66	-10.279	-10.161	-48.0
4.67	-10.285	-10.525	-46.8
4.68	-10.292	-10.467	-40.4
4.69	-10.299	-11.102	-38.5
4.7	-10.307	-12.767	-34.3
4.71	-10.313	-14.605	-32.3
4.72	-10.318	-15.756	-39.8
4.73	-10.323	-16.045	-40.8
4.74	-10.328	-16.022	-39.5
4.75	-10.333	-16.320	-46.8
4.76	-10.336	-17.000	-48.7
4.77	-10.340	-17.894	-38.6
4.78	-10.343	-18.559	-28.6
4.79	-10.348	-18.436	-38.9
4.8	-10.353	-17.845	-45.5
4.81	-10.358	-17.259	-38.2
4.82	-10.361	-16.814	-39.1
4.83	-10.364	-16.766	-37.9
4.84	-10.367	-16.913	-32.1
4.85	-10.369	-16.909	-26.5
4.86	-10.371	-16.873	-23.2
4.87	-10.372	-17.089	-28.5
4.88	-10.374	-17.533	-19.3
4.89	-10.376	-17.575	-14.5
4.9	-10.379	-16.786	-11.6
4.91	-10.381	-15.905	25.8
4.92	-10.384	-15.894	51.3
4.93	-10.387	-16.272	41.5
4.94	-10.388	-16.022	27.8
4.95	-10.387	-15.489	-4.0
4.96	-10.384	-15.575	-37.8
4.97	-10.381	-16.281	-56.3
4.98	-10.383	-16.653	-65.6
4.99	-10.385	-15.795	-55.2
5.0	-10.379	-14.536	-50.3
5.01	-10.369	-14.425	-25.3
5.02	-10.361	-15.198	111.5
5.03	-10.356	-15.647	320.9
5.04	-10.353	-15.545	347.8
5.05	-10.351	-15.414	143.3
5.06	-10.351	-15.638	-14.9
5.07	-10.354	-16.102	-49.8
5.08	-10.353	-16.364	-60.8
5.09	-10.343	-16.195	-62.5
5.1	-10.323	-15.977	-55.1
5.11	-10.299	-16.189	-60.5
5.12	-10.280	-16.798	-56.8
5.13	-10.266	-17.247	-53.0
5.14	-10.256	-17.063	-69.4
5.15	-10.249	-16.419	-55.7
5.16	-10.246	-14.961	-22.4
5.17	-10.246	-11.341	-21.1
5.18	-10.245	-5.030	-25.7
5.19	-10.243	3.152	-25.1
5.2	-10.240	12.047	-11.9
5.21	-10.236	20.350	16.1
5.22	-10.230	26.473	12.9
5.23	-10.224	29.386	5.0
5.24	-10.217	29.177	31.3
5.25	-10.208	26.267	54.1
5.26	-10.197	21.098	74.5
5.27	-10.184	14.369	104.6
5.28	-10.169	7.000	120.7
5.29	-10.155	0.228	131.9
5.3	-10.140	-5.039	162.7
5.31	-10.125	-8.931	182.8
5.32	-10.109	-11.738	170.2
5.33	-10.096	-13.152	126.3
5.34	-10.087	-13.109	74.2
5.35	-10.081	-12.283	39.5
5.36	-10.071	-11.425	-8.7
5.37	-10.058	-10.886	-50.7
5.38	-10.047	-10.586	-49.7
5.39	-10.036	-10.388	-57.5
5.4	-10.024	-10.752	-74.7
5.41	-10.009	-12.144	-76.0
5.42	-9.992	-13.942	-80.2
5.43	-9.976	-15.217	-81.6
5.44	-9.961	-15.888	-71.0
5.45	-9.947	-16.320	-59.3
5.46	-9.931	-16.314	-46.0
5.47	-9.913	-15.264	-36.1
5.48	-9.895	-13.520	-43.6
5.49	-9.877	-12.027	-54.7
5.5	-9.861	-10.997	-45.6
5.51	-9.844	-10.077	-36.2
5.52	-9.826	-9.089	-49.8
5.53	-9.807	-8.505	-55.9
5.54	-9.787	-8.848	-44.3
5.55	-9.768	-9.716	-39.2
5.56	-9.750	-10.427	-44.0
5.57	-9.731	-11.111	-52.6
5.58	-9.712	-12.258	-56.8
5.59	-9.692	-13.822	-59.7
5.6	-9.672	-15.178	-63.4
5.61	-9.652	-15.870	-56.5
5.62	-9.634	-16.314	-45.5
5.63	-9.616	-17.361	-46.0
5.64	-9.599	-18.789	-55.8
5.65	-9.582	-19.028	-57.4
5.66	-9.566	-17.620	-49.9
5.67	-9.549	-16.295	-51.9
5.68	-9.533	-16.308	-52.7
5.69	-9.515	-16.991	-58.4
5.7	-9.497	-17.348	-57.7
5.71	-9.478	-17.366	-40.9
5.72	-9.458	-17.548	-43.2
5.73	-9.438	-17.716	-54.0
5.74	-9.416	-17.469	-44.0
5.75	-9.396	-17.036	-39.0
5.76	-9.374	-16.527	-39.4
5.77	-9.354	-15.978	-33.4
5.78	-9.334	-15.722	-25.6
5.79	-9.315	-15.827	-6.3
5.8	-9.298	-16.063	17.5
5.81	-9.282	-16.241	35.3
5.82	-9.266	-16.267	40.2
5.83	-9.250	-15.920	20.2
5.84	-9.233	-15.417	-22.3
5.85	-9.214	-15.313	-49.8
5.86	-9.197	-15.297	-63.2
5.87	-9.184	-15.089	-73.8
5.88	-9.171	-15.153	-73.4
5.89	-9.152	-15.630	-64.5
5.9	-9.129	-16.188	-5.3
5.91	-9.108	-16.464	147.3
5.92	-9.091	-16.419	334.7
5.93	-9.076	-16.127	336.8
5.94	-9.063	-15.592	140.7
5.95	-9.053	-15.203	-24.7
5.96	-9.044	-15.319	-84.0
5.97	-9.031	-15.755	-84.2
5.98	-9.011	-16.134	-77.9
5.99	-8.989	-16.313	-78.5
6.0	-8.966	-16.453	-72.0
6.01	-8.946	-16.703	-57.0
6.02	-8.928	-16.845	-52.3
6.03	-8.909	-16.553	-63.1
6.04	-8.890	-15.459	-56.8
6.05	-8.873	-12.613	-44.1
6.06	-8.858	-7.053	-56.7
6.07	-8.846	0.888	-57.0
6.08	-8.835	9.698	-25.4
6.09	-8.824	17.809	-10.0
6.1	-8.814	24.520	-3.6
6.11	-8.803	29.720	2.7
6.12	-8.793	32.605	4.7
6.13	-8.783	31.800	25.3
6.14	-8.772	27.064	52.6
6.15	-8.760	19.972	71.2
6.16	-8.748	12.298	92.5
6.17	-8.736	4.866	114.4
6.18	-8.724	-1.811	140.9
6.19	-8.713	-7.055	163.5
6.2	-8.701	-10.098	160.8
6.21	-8.689	-10.928	141.3
6.22	-8.677	-10.800	114.9
6.23	-8.668	-10.778	67.8
6.24	-8.662	-10.816	14.9
6.25	-8.657	-10.502	-17.2
6.26	-8.650	-9.702	-39.3
6.27	-8.645	-8.842	-65.9
6.28	-8.642	-8.613	-80.5
6.29	-8.639	-9.347	-79.3
6.3	-8.634	-10.866	-75.8
6.31	-8.626	-12.661	-69.3
6.32	-8.617	-14.509	-70.1
6.33	-8.608	-16.308	-69.3
6.34	-8.599	-17.261	-55.0
6.35	-8.591	-16.698	-54.2
6.36	-8.584	-15.397	-64.1
6.37	-8.578	-14.392	-63.3
6.38	-8.572	-13.600	-51.4
6.39	-8.568	-12.708	-40.1
6.4	-8.564	-11.819	-44.7
6.41	-8.561	-11.139	-50.6
6.42	-8.558	-10.600	-50.4
6.43	-8.553	-10.064	-51.7
6.44	-8.548	-9.950	-45.6
6.45	-8.543	-10.716	-46.9
6.46	-8.537	-12.111	-53.6
6.47	-8.531	-13.447	-54.5
6.48	-8.525	-14.225	-52.5
6.49	-8.518	-14.469	-54.8
6.5	-8.511	-14.811	-60.2
6.51	-8.504	-15.773	-58.5
6.52	-8.496	-17.012	-51.0
6.53	-8.488	-17.880	-52.2
6.54	-8.479	-18.203	-48.4
6.55	-8.470	-18.148	-38.1
6.56	-8.461	-17.780	-46.2
6.57	-8.451	-17.319	-58.2
6.58	-8.441	-17.141	-53.8
6.59	-8.431	-17.328	-44.0
6.6	-8.420	-17.741	-44.7
6.61	-8.409	-18.145	-54.5
6.62	-8.399	-18.144	-54.0
6.63	-8.391	-17.533	-48.3
6.64	-8.383	-16.816	-46.6
6.65	-8.377	-16.536	-41.2
6.66	-8.372	-16.489	-43.2
6.67	-8.367	-16.428	-46.4
6.68	-8.364	-16.466	-41.4
6.69	-8.359	-16.663	-35.8
6.7	-8.354	-16.823	-35.1
6.71	-8.348	-16.433	-42.9
6.72	-8.341	-15.653	-25.3
6.73	-8.334	-15.314	-2.2
6.74	-8.329	-15.488	-5.3
6.75	-8.323	-15.895	14.2
6.76	-8.318	-16.512	47.3
6.77	-8.313	-16.989	40.6
6.78	-8.308	-16.684	18.1
6.79	-8.303	-15.783	-7.1
6.8	-8.295	-15.316	-32.3
6.81	-8.288	-15.539	-50.3
6.82	-8.284	-15.733	-62.8
6.83	-8.281	-15.631	-62.8
6.84	-8.276	-15.869	-61.3
6.85	-8.268	-16.644	-34.9
6.86	-8.262	-17.058	98.3
6.87	-8.258	-16.816	330.8
6.88	-8.253	-16.619	424.4
6.89	-8.248	-16.414	242.5
6.9	-8.246	-16.002	31.5
6.91	-8.245	-16.073	-55.8
6.92	-8.238	-16.639	-83.1
6.93	-8.225	-16.917	-85.1
6.94	-8.211	-16.786	-88.7
6.95	-8.203	-16.606	-86.3
6.96	-8.196	-16.689	-67.3
6.97	-8.189	-16.906	-56.0
6.98	-8.179	-16.575	-60.5
6.99	-8.169	-15.159	-73.3
7.0	-8.160	-11.730	-62.3
7.01	-8.152	-5.236	-41.8
7.02	-8.147	3.603	-45.8
7.03	-8.144	12.892	-37.0
7.04	-8.144	21.613	-17.3
7.05	-8.145	29.353	-20.7
7.06	-8.147	34.784	-17.8
7.07	-8.149	36.097	-4.5
7.08	-8.152	33.102	8.4
7.09	-8.154	27.183	30.4
7.1	-8.154	19.722	54.3
7.11	-8.154	11.947	84.9
7.12	-8.153	4.783	116.2
7.13	-8.151	-1.291	120.3
7.14	-8.150	-5.881	127.5
7.15	-8.150	-8.947	147.4
7.16	-8.150	-10.517	145.7
7.17	-8.149	-10.689	129.2
7.18	-8.149	-10.339	96.2
7.19	-8.151	-10.075	44.8
7.2	-8.156	-9.509	4.5
7.21	-8.159	-8.541	-24.6
7.22	-8.163	-7.616	-53.1
7.23	-8.168	-7.063	-71.5
7.24	-8.175	-7.375	-76.2
7.25	-8.183	-9.039	-71.8
7.26	-8.188	-11.538	-62.6
7.27	-8.192	-13.769	-57.5
7.28	-8.194	-15.384	-60.7
7.29	-8.197	-16.637	-68.1
7.3	-8.200	-17.366	-75.8
7.31	-8.204	-17.244	-68.3
7.32	-8.208	-16.378	-59.1
7.33	-8.213	-15.302	-65.8
7.34	-8.217	-14.464	-52.8
7.35	-8.221	-13.595	-25.9
7.36	-8.225	-12.595	-24.7
7.37	-8.230	-11.909	-43.9
7.38	-8.236	-11.627	-54.3
7.39	-8.241	-11.584	-49.3
7.4	-8.247	-11.688	-48.9
7.41	-8.253	-12.148	-61.8
7.42	-8.259	-13.063	-60.3
7.43	-8.266	-13.675	-51.7
7.44	-8.272	-13.981	-47.9
7.45	-8.278	-14.777	-44.2
7.46	-8.284	-15.886	-43.8
7.47	-8.292	-16.981	-48.3
7.48	-8.299	-17.716	-57.0
7.49	-8.308	-17.872	-56.9
7.5	-8.316	-18.208	-45.9
7.51	-8.324	-18.873	-40.8
7.52	-8.331	-18.873	-52.8
7.53	-8.339	-18.119	-58.1
7.54	-8.346	-17.602	-54.2
7.55	-8.354	-17.625	-50.3
7.56	-8.361	-17.708	-34.3
7.57	-8.369	-17.620	-35.3
7.58	-8.377	-17.673	-49.3
7.59	-8.386	-17.953	-47.6
7.6	-8.395	-18.023	-43.8
7.61	-8.404	-17.764	-39.2
7.62	-8.414	-17.398	-30.3
7.63	-8.424	-16.925	-43.1
7.64	-8.434	-16.306	-56.4
7.65	-8.444	-15.833	-40.0
7.66	-8.455	-15.891	-33.9
7.67	-8.466	-16.359	-39.7
7.68	-8.479	-16.666	-31.9
7.69	-8.494	-16.634	-35.3
7.7	-8.509	-16.764	-37.7
7.71	-8.527	-17.119	-28.7
7.72	-8.548	-16.927	-32.2
7.73	-8.571	-16.006	-34.2
7.74	-8.596	-15.253	-22.2
7.75	-8.620	-15.478	-2.4
7.76	-8.644	-16.472	35.3
7.77	-8.668	-17.294	64.5
7.78	-8.693	-17.456	59.1
7.79	-8.719	-17.322	40.0
7.8	-8.744	-17.163	13.0
7.81	-8.767	-16.856	-23.5
7.82	-8.789	-16.464	-46.6
7.83	-8.811	-16.238	-63.3
7.84	-8.837	-16.434	-62.3
7.85	-8.863	-17.031	-48.8
7.86	-8.886	-17.689	-40.6
7.87	-8.908	-18.027	30.4
7.88	-8.930	-17.877	232.8
7.89	-8.954	-17.603	431.9
7.9	-8.978	-17.484	370.3
7.91	-9.004	-17.137	131.1
7.92	-9.034	-16.539	-36.9
7.93	-9.066	-16.364	-88.7
7.94	-9.089	-16.725	-74.9
7.95	-9.106	-17.178	-63.9
7.96	-9.120	-17.530	-73.6
7.97	-9.136	-17.666	-78.2
7.98	-9.153	-17.584	-68.8
7.99	-9.170	-17.286	-66.1
8.0	-9.187	-16.222	-65.4
8.01	-9.203	-13.608	-49.8
8.02	-9.221	-8.986	-42.0
8.03	-9.241	-2.169	-46.5
8.04	-9.263	6.561	-42.3
8.05	-9.286	15.917	-30.1
8.06	-9.311	24.355	-24.1
8.07	-9.337	30.764	-20.9
8.08	-9.363	34.236	-5.7
8.09	-9.391	34.106	15.7
8.1	-9.418	30.463	44.9
8.11	-9.442	24.200	68.5
8.12	-9.464	16.377	77.2
8.13	-9.486	8.098	89.3
8.14	-9.508	0.580	117.2
8.15	-9.529	-5.186	144.6
8.16	-9.549	-8.939	154.5
8.17	-9.572	-11.341	161.9
8.18	-9.594	-12.952	159.2
8.19	-9.617	-13.620	129.5
8.2	-9.639	-13.291	83.2
8.21	-9.663	-12.548	34.2
8.22	-9.687	-11.808	-1.6
8.23	-9.709	-10.748	-28.3
8.24	-9.731	-9.470	-49.2
8.25	-9.752	-8.872	-55.4
8.26	-9.773	-9.436	-49.0
8.27	-9.793	-11.005	-48.0
8.28	-9.811	-13.017	-58.4
8.29	-9.826	-14.675	-62.7
8.3	-9.842	-15.688	-60.3
8.31	-9.858	-16.216	-51.3
8.32	-9.874	-16.364	-41.5
8.33	-9.891	-16.231	-45.2
8.34	-9.908	-15.692	-32.7
8.35	-9.925	-14.691	-20.1
8.36	-9.942	-13.700	-24.7
8.37	-9.959	-12.845	-33.0
8.38	-9.978	-11.895	-38.7
8.39	-9.994	-11.022	-47.8
8.4	-10.011	-10.520	-51.3
8.41	-10.026	-10.673	-38.2
8.42	-10.042	-11.597	-33.0
8.43	-10.056	-12.797	-30.1
8.44	-10.070	-13.713	-29.4
8.45	-10.084	-14.475	-42.5
8.46	-10.098	-15.313	-42.5
8.47	-10.113	-15.923	-30.4
8.48	-10.129	-16.158	-32.8
8.49	-10.147	-16.420	-45.2
8.5	-10.166	-17.000	-46.1
8.51	-10.184	-17.722	-30.3
8.52	-10.202	-18.341	-20.2
8.53	-10.217	-18.695	-28.6
8.54	-10.231	-18.664	-33.8
8.55	-10.244	-18.386	-34.0
8.56	-10.258	-18.131	-37.1
8.57	-10.270	-17.864	-31.9
8.58	-10.281	-17.539	-27.3
8.59	-10.291	-17.458	-27.3
8.6	-10.300	-17.678	-29.7
8.61	-10.308	-17.809	-32.2
8.62	-10.315	-17.641	-28.2
8.63	-10.321	-17.481	-28.3
8.64	-10.327	-17.414	-29.7
8.65	-10.333	-16.997	-30.1
8.66	-10.339	-16.225	-24.0
8.67	-10.347	-15.819	-21.2
8.68	-10.355	-16.064	-16.4
8.69	-10.363	-16.189	-10.9
8.7	-10.370	-15.761	-14.4
8.71	-10.377	-15.473	-6.3
8.72	-10.384	-15.772	11.5
8.73	-10.393	-16.178	32.7
8.74	-10.401	-16.238	58.2
8.75	-10.409	-16.148	69.1
8.76	-10.417	-16.273	48.3
8.77	-10.424	-16.422	8.6
8.78	-10.430	-16.369	-9.7
8.79	-10.437	-16.439	-19.4
8.8	-10.446	-16.620	-40.6
8.81	-10.458	-16.528	-49.0
8.82	-10.464	-16.309	-55.4
8.83	-10.466	-16.234	-38.8
8.84	-10.466	-16.253	68.6
8.85	-10.468	-16.333	263.7
8.86	-10.471	-16.569	363.1
8.87	-10.473	-17.005	217.6
8.88	-10.474	-17.259	24.1
8.89	-10.476	-16.900	-47.6
8.9	-10.479	-16.411	-54.9
8.91	-10.478	-16.395	-58.3
8.92	-10.467	-16.611	-48.4
8.93	-10.452	-16.734	-41.7
8.94	-10.440	-16.997	-58.1
8.95	-10.434	-17.761	-54.6
8.96	-10.429	-18.597	-38.2
8.97	-10.428	-18.395	-39.1
8.98	-10.428	-16.817	-39.1
8.99	-10.431	-14.038	-25.8
9.0	-10.434	-9.258	-1.4
9.01	-10.438	-2.016	11.1
9.02	-10.439	6.781	-1.9
9.03	-10.441	15.634	-14.6
9.04	-10.444	22.897	6.1
9.05	-10.445	27.556	36.0
9.06	-10.446	29.278	43.4
9.07	-10.445	28.045	56.0
9.08	-10.444	23.970	84.5
9.09	-10.444	17.544	112.3
9.1	-10.443	10.181	131.4
9.11	-10.442	3.147	145.2
9.12	-10.440	-3.219	168.0
9.13	-10.438	-8.630	180.6
9.14	-10.434	-12.759	185.5
9.15	-10.433	-15.456	178.2
9.16	-10.437	-16.677	136.6
9.17	-10.444	-16.819	83.2
9.18	-10.446	-16.381	40.9
9.19	-10.444	-15.547	-2.5
9.2	-10.442	-14.563	-46.4
9.21	-10.443	-13.878	-66.3
9.22	-10.443	-13.927	-59.9
9.23	-10.440	-14.594	-53.5
9.24	-10.435	-15.342	-61.3
9.25	-10.430	-16.166	-64.9
9.26	-10.426	-16.978	-63.6
9.27	-10.423	-17.102	-56.6
9.28	-10.419	-16.267	-46.7
9.29	-10.413	-15.128	-50.5
9.3	-10.408	-14.238	-51.7
9.31	-10.401	-13.267	-43.0
9.32	-10.395	-12.061	-32.1
9.33	-10.389	-10.967	-26.7
9.34	-10.384	-10.061	-35.0
9.35	-10.379	-9.241	-43.9
9.36	-10.374	-8.709	-38.3
9.37	-10.368	-8.756	-41.6
9.38	-10.361	-9.338	-46.1
9.39	-10.354	-10.422	-37.0
9.4	-10.346	-12.002	-46.4
9.41	-10.338	-13.658	-58.3
9.42	-10.328	-14.964	-46.9
9.43	-10.316	-15.806	-43.5
9.44	-10.304	-16.144	-42.3
9.45	-10.291	-16.402	-30.3
9.46	-10.278	-16.984	-36.0
9.47	-10.263	-17.497	-49.9
9.48	-10.248	-17.766	-51.0
9.49	-10.231	-18.131	-52.4
9.5	-10.215	-18.406	-49.8
9.51	-10.199	-18.167	-32.0
9.52	-10.184	-17.794	-31.4
9.53	-10.169	-17.998	-49.2
9.54	-10.153	-18.586	-34.4
9.55	-10.135	-18.627	-27.3
9.56	-10.117	-17.878	-53.3
9.57	-10.099	-16.819	-55.6
9.58	-10.081	-16.242	-41.3
9.59	-10.063	-16.489	-24.5
9.6	-10.044	-16.802	-6.7
9.61	-10.026	-16.905	-3.5
9.62	-10.008	-17.009	11.7
9.63	-9.990	-16.738	37.4
9.64	-9.971	-16.169	50.8
9.65	-9.951	-16.033	33.0
9.66	-9.929	-16.194	-1.5
9.67	-9.906	-16.014	-24.7
9.68	-9.883	-15.702	-41.7
9.69	-9.864	-15.689	-58.9
9.7	-9.848	-15.844	-59.7
9.71	-9.830	-15.886	-59.1
9.72	-9.807	-15.889	-56.8
9.73	-9.781	-16.012	26.4
9.74	-9.759	-16.069	209.9
9.75	-9.742	-15.917	340.9
9.76	-9.729	-15.745	245.3
9.77	-9.717	-15.616	50.8
9.78	-9.709	-15.481	-45.7
9.79	-9.699	-15.459	-74.3
9.8	-9.686	-15.627	-78.7
9.81	-9.666	-15.806	-66.7
9.82	-9.641	-15.903	-57.2
9.83	-9.617	-16.258	-70.0
9.84	-9.596	-17.028	-76.3
9.85	-9.579	-17.719	-63.5
9.86	-9.563	-17.636	-58.0
9.87	-9.549	-16.416	-43.3
9.88	-9.536	-13.764	-28.0
9.89	-9.525	-8.906	-29.3
9.9	-9.514	-1.592	-29.2
9.91	-9.502	7.025	-28.1
9.92	-9.489	15.538	-22.9
9.93	-9.476	22.697	-6.9
9.94	-9.462	27.389	16.0
9.95	-9.447	29.278	32.9
9.96	-9.433	28.223	43.8
9.97	-9.418	23.980	57.5
9.98	-9.401	17.297	78.0
9.99	-9.384	10.008	108.8
10.0	-9.365	3.347	141.1
10.01	-9.346	-2.742	153.9
10.02	-9.327	-8.111	155.4
10.03	-9.307	-12.066	174.9
10.04	-9.287	-14.464	179.1
10.05	-9.270	-15.733	134.1
10.06	-9.258	-16.188	67.3
10.07	-9.248	-15.770	19.3
10.08	-9.236	-14.594	-7.1
10.09	-9.223	-13.367	-35.5
10.1	-9.213	-12.603	-62.7
10.11	-9.205	-12.356	-84.1
10.12	-9.197	-12.695	-84.4
10.13	-9.187	-13.633	-80.7
10.14	-9.174	-14.800	-83.5
10.15	-9.162	-15.658	-76.3
10.16	-9.149	-16.095	-78.0
10.17	-9.136	-16.277	-69.2
10.18	-9.123	-16.072	-48.5
10.19	-9.109	-15.309	-45.2
10.2	-9.095	-14.203	-54.4
10.21	-9.080	-13.167	-67.9
10.22	-9.065	-12.411	-64.7
10.23	-9.051	-11.744	-50.7
10.24	-9.036	-10.800	-53.5
10.25	-9.023	-9.772	-62.2
10.26	-9.009	-9.355	-51.8
10.27	-8.994	-9.794	-53.9
10.28	-8.981	-10.831	-62.2
10.29	-8.967	-12.222	-55.2
10.3	-8.956	-13.539	-56.1
10.31	-8.944	-14.330	-60.9
10.32	-8.932	-14.875	-60.5
10.33	-8.921	-15.613	-59.7
10.34	-8.909	-16.364	-59.2
10.35	-8.899	-16.925	-62.2
10.36	-8.888	-17.378	-65.3
10.37	-8.877	-17.919	-60.8
10.38	-8.867	-18.391	-60.0
10.39	-8.859	-18.352	-54.5
10.4	-8.849	-17.872	-46.7
10.41	-8.841	-17.447	-57.9
10.42	-8.832	-17.398	-58.9
10.43	-8.823	-17.684	-52.9
10.44	-8.816	-17.920	-51.2
10.45	-8.808	-17.825	-46.3
10.46	-8.800	-17.572	-56.6
10.47	-8.792	-17.289	-67.5
10.48	-8.784	-17.011	-49.9
10.49	-8.776	-16.947	-23.6
10.5	-8.769	-16.927	-15.0
10.51	-8.763	-16.652	-15.9
10.52	-8.758	-16.323	3.3
10.53	-8.754	-16.094	31.6
10.54	-8.751	-15.916	38.8
10.55	-8.748	-15.864	23.0
10.56	-8.744	-16.003	-14.1
10.57	-8.739	-16.247	-56.3
10.58	-8.734	-16.372	-82.3
10.59	-8.731	-16.253	-79.2
10.6	-8.730	-15.906	-66.8
10.61	-8.724	-15.563	-68.3
10.62	-8.714	-15.414	-40.3
10.63	-8.703	-15.433	79.3
10.64	-8.697	-15.695	282.0
10.65	-8.691	-16.059	352.3
10.66	-8.687	-16.209	194.8
10.67	-8.686	-16.194	19.3
10.68	-8.686	-16.113	-72.3
10.69	-8.681	-15.759	-100.9
10.7	-8.668	-15.403	-88.8
10.71	-8.653	-15.539	-75.0
10.72	-8.640	-16.034	-81.7
10.73	-8.629	-16.548	-102.2
10.74	-8.618	-16.867	-91.7
10.75	-8.607	-16.762	-70.4
10.76	-8.595	-15.636	-76.5
10.77	-8.584	-12.634	-67.4
10.78	-8.574	-6.967	-52.8
10.79	-8.566	1.303	-63.3
10.8	-8.559	10.430	-50.4
10.81	-8.554	18.548	-28.7
10.82	-8.548	25.320	-32.1
10.83	-8.544	30.430	-31.8
10.84	-8.539	32.597	-18.1
10.85	-8.536	30.945	6.1
10.86	-8.533	25.952	23.8
10.87	-8.531	19.067	34.4
10.88	-8.527	11.572	59.9
10.89	-8.524	4.172	87.5
10.9	-8.519	-2.267	102.5
10.91	-8.514	-7.058	122.1
10.92	-8.509	-10.336	147.7
10.93	-8.504	-12.444	135.4
10.94	-8.499	-13.522	103.4
10.95	-8.494	-13.825	88.3
10.96	-8.492	-13.634	44.2
10.97	-8.492	-13.016	-24.3
10.98	-8.491	-12.150	-60.0
10.99	-8.489	-11.380	-68.6
11.0	-8.488	-10.827	-75.8
11.01	-8.488	-10.628	-81.3
11.02	-8.488	-10.988	-77.9
11.03	-8.487	-12.025	-77.7
11.04	-8.484	-13.577	-87.6
11.05	-8.481	-15.061	-89.1
11.06	-8.478	-15.986	-68.3
11.07	-8.474	-16.239	-70.5
11.08	-8.469	-16.094	-80.8
11.09	-8.465	-15.802	-67.4
11.1	-8.461	-15.275	-59.0
11.11	-8.456	-14.484	-53.2
11.12	-8.453	-13.536	-56.5
11.13	-8.451	-12.567	-61.3
11.14	-8.451	-11.670	-55.3
11.15	-8.451	-10.878	-56.6
11.16	-8.453	-10.458	-65.9
11.17	-8.454	-10.841	-73.9
11.18	-8.455	-12.025	-68.7
11.19	-8.456	-13.422	-53.5
11.2	-8.457	-14.419	-51.8
11.21	-8.457	-14.872	-63.2
11.22	-8.458	-15.142	-61.2
11.23	-8.459	-15.634	-55.8
11.24	-8.461	-16.231	-63.4
11.25	-8.462	-16.797	-68.0
11.26	-8.463	-17.381	-67.2
11.27	-8.464	-17.738	-57.0
11.28	-8.466	-17.881	-51.2
11.29	-8.469	-18.084	-62.0
11.3	-8.471	-18.203	-64.5
11.31	-8.473	-18.256	-59.2
11.32	-8.476	-18.261	-58.4
11.33	-8.477	-17.880	-58.4
11.34	-8.479	-17.242	-47.3
11.35	-8.481	-16.789	-45.5
11.36	-8.484	-16.722	-56.3
11.37	-8.486	-16.988	-60.8
11.38	-8.487	-17.273	-55.3
11.39	-8.488	-17.247	-51.1
11.4	-8.488	-16.844	-47.6
11.41	-8.488	-16.366	-35.2
11.42	-8.489	-16.148	-31.4
11.43	-8.491	-16.117	-42.0
11.44	-8.493	-16.048	-33.8
11.45	-8.496	-15.978	-3.2
11.46	-8.501	-15.995	20.7
11.47	-8.504	-16.011	36.4
11.48	-8.508	-16.038	44.3
11.49	-8.510	-16.027	33.8
11.5	-8.511	-15.744	-7.3
11.51	-8.511	-15.447	-58.6
11.52	-8.511	-15.677	-81.6
11.53	-8.512	-16.281	-76.0
11.54	-8.514	-16.744	-68.1
11.55	-8.512	-16.898	-68.1
11.56	-8.511	-16.803	-24.9
11.57	-8.512	-16.600	128.5
11.58	-8.518	-16.391	353.6
11.59	-8.523	-16.272	396.6
11.6	-8.528	-16.316	189.2
11.61	-8.539	-16.373	-10.7
11.62	-8.552	-16.281	-90.4
11.63	-8.558	-16.208	-106.2
11.64	-8.554	-16.395	-95.5
11.65	-8.547	-16.597	-77.1
11.66	-8.541	-16.630	-69.9
11.67	-8.537	-16.836	-74.1
11.68	-8.531	-17.020	-75.3
11.69	-8.523	-16.238	-78.2
11.7	-8.516	-13.708	-79.4
11.71	-8.511	-9.122	-71.6
11.72	-8.510	-2.431	-64.0
11.73	-8.511	5.878	-53.7
11.74	-8.514	14.636	-30.3
11.75	-8.517	22.805	-14.0
11.76	-8.520	29.358	-20.8
11.77	-8.523	32.955	-20.6
11.78	-8.527	32.994	-0.7
11.79	-8.531	29.816	7.8
11.8	-8.536	23.991	10.5
11.81	-8.539	16.345	42.3
11.82	-8.541	8.264	85.7
11.83	-8.543	1.027	110.9
11.84	-8.543	-4.873	122.4
11.85	-8.543	-9.159	133.5
11.86	-8.544	-11.742	141.0
11.87	-8.546	-13.025	125.6
11.88	-8.547	-13.489	109.8
11.89	-8.550	-13.506	83.1
11.9	-8.556	-13.220	38.4
11.91	-8.561	-12.584	4.0
11.92	-8.566	-11.716	-22.6
11.93	-8.571	-10.773	-50.1
11.94	-8.579	-9.963	-73.3
11.95	-8.587	-9.794	-74.9
11.96	-8.594	-10.627	-68.0
11.97	-8.599	-12.053	-70.4
11.98	-8.603	-13.366	-71.7
11.99	-8.605	-14.453	-61.1
12.0	-8.609	-15.408	-47.6
12.01	-8.614	-15.914	-57.9
12.02	-8.619	-15.922	-66.7
12.03	-8.623	-15.719	-55.0
12.04	-8.627	-15.250	-45.2
12.05	-8.632	-14.558	-41.4
12.06	-8.637	-13.802	-47.2
12.07	-8.644	-12.811	-51.1
12.08	-8.652	-11.725	-45.1
12.09	-8.663	-11.141	-45.8
12.1	-8.675	-11.370	-46.7
12.11	-8.689	-11.989	-45.9
12.12	-8.705	-12.570	-44.8
12.13	-8.723	-13.211	-41.5
12.14	-8.743	-13.842	-48.9
12.15	-8.764	-14.309	-53.6
12.16	-8.786	-14.700	-48.4
12.17	-8.809	-15.191	-45.6
12.18	-8.832	-16.011	-43.7
12.19	-8.857	-16.933	-49.4
12.2	-8.882	-17.466	-51.8
12.21	-8.907	-17.675	-52.3
12.22	-8.931	-17.881	-53.9
12.23	-8.956	-18.006	-37.4
12.24	-8.980	-17.702	-29.8
12.25	-9.004	-17.295	-44.2
12.26	-9.027	-17.475	-46.7
12.27	-9.051	-17.894	-43.3
12.28	-9.072	-17.838	-44.7
12.29	-9.094	-17.584	-46.0
12.3	-9.116	-17.678	-47.8
12.31	-9.138	-17.838	-37.7
12.32	-9.159	-17.572	-31.3
12.33	-9.181	-17.103	-41.4
12.34	-9.203	-16.817	-39.2
12.35	-9.224	-16.578	-31.6
12.36	-9.245	-16.238	-28.2
12.37	-9.266	-16.022	-29.0
12.38	-9.287	-16.067	-33.7
12.39	-9.306	-16.333	-22.0
12.4	-9.326	-16.727	-10.4
12.41	-9.345	-16.884	6.9
12.42	-9.365	-16.422	41.6
12.43	-9.385	-15.584	56.3
12.44	-9.406	-15.063	45.7
12.45	-9.425	-15.144	30.7
12.46	-9.443	-15.586	5.1
12.47	-9.458	-16.128	-35.3
12.48	-9.473	-16.534	-55.5
12.49	-9.489	-16.675	-53.6
12.5	-9.506	-16.642	-56.6
12.51	-9.519	-16.336	-59.2
12.52	-9.529	-15.841	-16.2
12.53	-9.541	-15.694	129.4
12.54	-9.554	-15.980	353.7
12.55	-9.567	-16.292	393.6
12.56	-9.580	-16.494	180.8
12.57	-9.598	-16.561	2.8
12.58	-9.618	-16.416	-52.7
12.59	-9.633	-16.327	-62.9
12.6	-9.639	-16.450	-67.8
12.61	-9.644	-16.381	-72.7
12.62	-9.651	-16.111	-63.3
12.63	-9.660	-16.234	-60.2
12.64	-9.671	-16.719	-69.0
12.65	-9.683	-16.652	-59.8
12.66	-9.696	-15.067	-43.0
12.67	-9.712	-11.413	-44.5
12.68	-9.729	-5.386	-33.0
12.69	-9.749	2.958	-19.1
12.7	-9.771	12.284	-18.7
12.71	-9.793	20.444	-16.2
12.72	-9.813	26.303	-6.2
12.73	-9.832	29.906	12.2
12.74	-9.852	31.150	10.5
12.75	-9.871	29.506	18.9
12.76	-9.890	24.817	62.9
12.77	-9.908	17.661	82.0
12.78	-9.926	9.448	83.3
12.79	-9.943	1.830	115.3
12.8	-9.961	-4.278	148.0
12.81	-9.978	-8.694	158.6
12.82	-9.993	-11.700	168.0
12.83	-10.008	-13.658	166.2
12.84	-10.023	-14.563	148.6
12.85	-10.041	-14.548	116.3
12.86	-10.061	-14.067	65.6
12.87	-10.081	-13.350	10.3
12.88	-10.100	-12.500	-30.5
12.89	-10.119	-11.681	-52.5
12.9	-10.140	-11.097	-45.6
12.91	-10.160	-10.813	-34.3
12.92	-10.178	-10.988	-51.7
12.93	-10.194	-12.017	-60.2
12.94	-10.207	-13.663	-61.3
12.95	-10.218	-14.947	-61.3
12.96	-10.229	-15.302	-43.4
12.97	-10.240	-14.894	-44.5
12.98	-10.252	-14.284	-43.3
12.99	-10.265	-13.895	-31.5
13.0	-10.278	-13.181	-34.9
13.01	-10.291	-12.014	-29.6
13.02	-10.304	-11.273	-29.7
13.03	-10.318	-10.939	-33.6
13.04	-10.329	-10.284	-30.9
13.05	-10.341	-9.547	-35.9
13.06	-10.351	-9.581	-44.4
13.07	-10.361	-10.269	-52.7
13.08	-10.370	-11.058	-42.0
13.09	-10.379	-11.805	-37.3
13.1	-10.388	-12.461	-52.6
13.11	-10.397	-13.297	-45.0
13.12	-10.405	-14.672	-32.5
13.13	-10.413	-16.113	-37.8
13.14	-10.422	-16.706	-38.0
13.15	-10.431	-16.652	-49.0
13.16	-10.439	-16.850	-57.6
13.17	-10.446	-17.156	-36.0
13.18	-10.453	-16.967	-27.6
13.19	-10.458	-16.542	-46.7
13.2	-10.465	-16.508	-45.0
13.21	-10.471	-17.033	-33.8
13.22	-10.478	-17.672	-39.8
13.23	-10.482	-17.828	-38.5
13.24	-10.486	-17.413	-35.5
13.25	-10.488	-16.831	-36.9
13.26	-10.490	-16.505	-27.1
13.27	-10.492	-16.239	-15.6
13.28	-10.494	-15.773	1.1
13.29	-10.497	-15.544	21.8
13.3	-10.499	-15.834	38.3
13.31	-10.501	-16.173	51.9
13.32	-10.501	-16.045	39.6
13.33	-10.501	-15.550	-4.9
13.34	-10.501	-15.025	-40.4
13.35	-10.502	-14.755	-51.7
13.36	-10.506	-14.952	-56.5
13.37	-10.510	-15.209	-61.4
13.38	-10.510	-15.006	-57.5
13.39	-10.505	-14.819	-26.4
13.4	-10.500	-15.116	90.3
13.41	-10.498	-15.327	277.0
13.42	-10.498	-15.175	322.4
13.43	-10.500	-14.988	144.3
13.44	-10.502	-14.811	-20.8
13.45	-10.506	-14.723	-59.9
13.46	-10.511	-14.980	-63.3
13.47	-10.511	-15.442	-64.7
13.48	-10.503	-15.717	-62.3
13.49	-10.492	-15.911	-54.0
13.5	-10.487	-16.434	-56.0
13.51	-10.489	-16.970	-61.3
13.52	-10.494	-16.864	-45.5
13.53	-10.499	-16.228	-46.3
13.54	-10.508	-15.097	-47.8
13.55	-10.516	-12.436	-22.7
13.56	-10.524	-7.442	-12.4
13.57	-10.529	-0.511	-19.7
13.58	-10.533	7.514	-13.6
13.59	-10.538	15.489	-3.1
13.6	-10.542	21.870	7.8
13.61	-10.545	25.723	29.1
13.62	-10.547	26.994	41.1
13.63	-10.549	25.484	45.2
13.64	-10.550	20.875	70.0
13.65	-10.549	13.848	100.8
13.66	-10.547	6.181	122.6
13.67	-10.544	-0.552	145.2
13.68	-10.541	-5.956	167.0
13.69	-10.537	-10.141	185.5
13.7	-10.533	-12.959	187.6
13.71	-10.534	-14.517	166.2
13.72	-10.541	-15.363	118.5
13.73	-10.548	-15.872	56.5
13.74	-10.550	-15.817	6.6
13.75	-10.550	-14.880	-31.9
13.76	-10.551	-13.709	-67.6
13.77	-10.554	-13.334	-89.8
13.78	-10.553	-13.727	-73.6
13.79	-10.550	-14.386	-60.7
13.8	-10.546	-15.248	-70.2
13.81	-10.541	-16.086	-68.2
13.82	-10.539	-16.270	-67.2
13.83	-10.536	-15.688	-64.4
13.84	-10.532	-14.988	-52.6
13.85	-10.526	-14.317	-50.2
13.86	-10.521	-13.142	-54.1
13.87	-10.516	-11.666	-53.9
13.88	-10.511	-10.534	-52.5
13.89	-10.506	-9.628	-52.6
13.9	-10.501	-8.667	-55.3
13.91	-10.496	-8.063	-54.6
13.92	-10.491	-8.172	-45.4
13.93	-10.485	-8.808	-51.9
13.94	-10.480	-9.683	-59.3
13.95	-10.474	-10.642	-50.8
13.96	-10.467	-11.730	-48.7
13.97	-10.459	-12.977	-46.8
13.98	-10.448	-14.231	-47.4
13.99	-10.438	-15.325	-65.2
14.0	-10.428	-16.173	-80.6
14.01	-10.419	-16.616	-64.2
14.02	-10.410	-16.498	-50.3
14.03	-10.399	-16.341	-68.6
14.04	-10.389	-16.752	-61.1
14.05	-10.378	-17.347	-38.1
14.06	-10.364	-17.406	-38.7
14.07	-10.350	-17.027	-41.7
14.08	-10.334	-17.002	-45.7
14.09	-10.316	-17.467	-45.0
14.1	-10.297	-17.469	-34.0
14.11	-10.278	-16.644	-33.9
14.12	-10.259	-15.966	-23.8
14.13	-10.240	-16.097	20.2
14.14	-10.221	-16.428	49.5
14.15	-10.202	-16.298	33.1
14.16	-10.181	-15.950	-0.3
14.17	-10.158	-15.694	-37.0
14.18	-10.134	-15.525	-63.1
14.19	-10.112	-15.519	-62.6
14.2	-10.092	-15.525	-65.3
14.21	-10.070	-15.305	-83.0
14.22	-10.039	-15.169	-81.4
14.23	-10.006	-15.473	-8.3
14.24	-9.978	-15.720	187.7
14.25	-9.954	-15.402	357.3
14.26	-9.933	-14.909	264.5
14.27	-9.916	-14.617	43.5
14.28	-9.902	-14.483	-60.7
14.29	-9.889	-14.617	-77.2
14.3	-9.870	-15.095	-76.6
14.31	-9.845	-15.511	-79.5
14.32	-9.814	-15.550	-87.7
14.33	-9.784	-15.492	-80.1
14.34	-9.759	-15.722	-66.7
14.35	-9.736	-16.209	-65.9
14.36	-9.717	-16.283	-59.8
14.37	-9.701	-14.919	-51.8
14.38	-9.689	-11.614	-50.5
14.39	-9.677	-6.308	-38.5
14.4	-9.665	1.017	-21.6
14.41	-9.652	9.741	-19.6
14.42	-9.639	18.316	-24.6
14.43	-9.627	24.864	-11.7
14.44	-9.615	28.372	-5.6
14.45	-9.604	28.925	-1.2
14.46	-9.594	26.781	34.0
14.47	-9.584	22.052	56.9
14.48	-9.574	15.203	65.4
14.49	-9.561	7.566	89.5
14.5	-9.548	0.642	125.1
14.51	-9.534	-5.173	153.8
14.52	-9.521	-9.852	166.5
14.53	-9.509	-12.761	161.5
14.54	-9.496	-13.898	139.9
14.55	-9.486	-14.267	109.2
14.56	-9.481	-14.288	67.8
14.57	-9.479	-13.627	22.9
14.58	-9.473	-12.614	-22.2
14.59	-9.468	-11.955	-51.8
14.6	-9.466	-11.573	-59.1
14.61	-9.465	-11.323	-63.0
14.62	-9.462	-11.553	-71.3
14.63	-9.456	-12.444	-84.3
14.64	-9.448	-13.748	-82.1
14.65	-9.440	-14.941	-88.4
14.66	-9.432	-15.552	-85.3
14.67	-9.422	-15.598	-55.8
14.68	-9.412	-15.320	-58.5
14.69	-9.402	-14.678	-60.8
14.7	-9.393	-13.564	-48.2
14.71	-9.384	-12.264	-50.0
14.72	-9.376	-11.284	-46.2
14.73	-9.367	-10.614	-43.1
14.74	-9.359	-9.756	-57.4
14.75	-9.349	-8.980	-64.5
14.76	-9.339	-9.094	-52.3
14.77	-9.330	-9.991	-57.7
14.78	-9.321	-11.022	-60.7
14.79	-9.313	-11.953	-48.6
14.8	-9.303	-12.902	-53.3
14.81	-9.293	-13.981	-62.4
14.82	-9.283	-15.020	-63.8
14.83	-9.274	-15.644	-67.5
14.84	-9.266	-15.945	-70.0
14.85	-9.258	-16.439	-57.1
14.86	-9.250	-17.216	-44.5
14.87	-9.242	-17.759	-54.5
14.88	-9.234	-17.661	-67.4
14.89	-9.226	-17.195	-60.4
14.9	-9.217	-16.884	-45.8
14.91	-9.208	-16.850	-45.6
14.92	-9.199	-16.920	-58.3
14.93	-9.189	-16.894	-66.8
14.94	-9.181	-16.791	-64.9
14.95	-9.171	-16.853	-53.8
14.96	-9.159	-17.047	-30.4
14.97	-9.148	-16.992	-24.4
14.98	-9.138	-16.463	-30.3
14.99	-9.127	-15.792	-6.5
15.0	-9.118	-15.677	26.9
15.01	-9.109	-16.125	42.8
15.02	-9.101	-16.288	35.7
15.03	-9.093	-15.950	8.5
15.04	-9.084	-15.763	-21.0
15.05	-9.074	-15.852	-41.0
15.06	-9.065	-15.759	-58.5
15.07	-9.059	-15.342	-77.5
15.08	-9.054	-15.042	-81.6
15.09	-9.043	-15.302	-68.2
15.1	-9.029	-15.783	-7.6
15.11	-9.019	-15.847	149.7
15.12	-9.013	-15.606	353.2
15.13	-9.008	-15.644	349.7
15.14	-9.006	-15.831	124.7
15.15	-9.009	-15.528	-27.3
15.16	-9.009	-14.903	-65.1
15.17	-9.001	-14.759	-83.4
15.18	-8.988	-15.214	-94.0
15.19	-8.973	-15.725	-87.7
15.2	-8.960	-16.137	-65.9
15.21	-8.949	-16.748	-57.1
15.22	-8.938	-17.202	-65.9
15.23	-8.928	-16.477	-63.9
15.24	-8.919	-14.042	-56.9
15.25	-8.912	-9.753	-44.6
15.26	-8.908	-3.286	-35.3
15.27	-8.904	5.153	-47.6
15.28	-8.900	14.219	-42.3
15.29	-8.896	22.303	-20.3
15.3	-8.893	28.217	-6.9
15.31	-8.889	31.209	1.7
15.32	-8.887	31.197	11.6
15.33	-8.884	28.317	23.9
15.34	-8.881	22.698	37.0
15.35	-8.878	15.239	55.3
15.36	-8.874	7.398	88.5
15.37	-8.871	0.270	122.6
15.38	-8.867	-5.527	132.6
15.39	-8.863	-9.638	137.9
15.4	-8.859	-12.006	155.8
15.41	-8.855	-13.075	155.0
15.42	-8.851	-13.525	126.4
15.43	-8.849	-13.480	81.6
15.44	-8.849	-12.794	26.7
15.45	-8.848	-11.756	-14.0
15.46	-8.846	-10.717	-37.3
15.47	-8.844	-9.755	-60.7
15.48	-8.845	-9.013	-77.8
15.49	-8.844	-9.150	-73.8
15.5	-8.842	-10.516	-64.1
15.51	-8.838	-12.445	-68.2
15.52	-8.831	-14.161	-72.4
15.53	-8.824	-15.266	-70.6
15.54	-8.818	-15.634	-75.5
15.55	-8.811	-15.331	-71.2
15.56	-8.806	-14.555	-53.6
15.57	-8.801	-13.794	-44.3
15.58	-8.796	-13.406	-36.9
15.59	-8.793	-13.022	-39.2
15.6	-8.789	-12.156	-57.7
15.61	-8.786	-11.153	-60.7
15.62	-8.783	-10.609	-49.9
15.63	-8.779	-10.513	-51.6
15.64	-8.775	-10.655	-66.0
15.65	-8.771	-11.098	-69.4
15.66	-8.768	-11.950	-51.5
15.67	-8.764	-12.970	-54.0
15.68	-8.761	-13.792	-68.6
15.69	-8.758	-14.422	-64.7
15.7	-8.754	-14.983	-55.7
15.71	-8.752	-15.572	-53.7
15.72	-8.750	-16.245	-57.8
15.73	-8.748	-16.788	-62.0
15.74	-8.746	-17.083	-62.3
15.75	-8.746	-17.272	-56.7
15.76	-8.745	-17.419	-44.4
15.77	-8.744	-17.553	-48.3
15.78	-8.744	-17.577	-62.8
15.79	-8.742	-17.408	-48.3
15.8	-8.742	-17.131	-31.0
15.81	-8.741	-17.083	-45.5
15.82	-8.741	-17.516	-58.9
15.83	-8.739	-17.716	-56.5
15.84	-8.739	-17.164	-47.9
15.85	-8.739	-16.522	-44.3
15.86	-8.738	-16.345	-50.8
15.87	-8.737	-16.392	-41.3
15.88	-8.736	-16.294	-29.4
15.89	-8.734	-16.092	-38.2
15.9	-8.732	-16.036	-40.0
15.91	-8.731	-16.161	-26.2
15.92	-8.730	-16.145	-23.8
15.93	-8.729	-15.880	-14.9
15.94	-8.729	-15.616	18.4
15.95	-8.730	-15.575	40.3
15.96	-8.731	-15.741	45.6
15.97	-8.731	-15.845	42.9
15.98	-8.730	-15.842	15.8
15.99	-8.727	-15.878	-33.3
16.0	-8.724	-15.881	-68.0
16.01	-8.723	-15.791	-70.0
16.02	-8.724	-15.652	-63.9
16.03	-8.720	-15.619	-69.8
16.04	-8.712	-15.809	-36.8
16.05	-8.704	-16.064	84.3
16.06	-8.702	-16.289	294.8
16.07	-8.700	-16.477	423.3
16.08	-8.700	-16.405	278.5
16.09	-8.704	-15.984	45.6
16.1	-8.709	-15.597	-60.3
16.11	-8.707	-15.622	-74.5
16.12	-8.696	-15.923	-66.9
16.13	-8.683	-16.266	-67.1
16.14	-8.672	-16.583	-67.8
16.15	-8.662	-16.942	-73.3
16.16	-8.651	-17.241	-71.9
16.17	-8.639	-16.813	-65.7
16.18	-8.628	-14.816	-60.3
16.19	-8.618	-10.488	-49.6
16.2	-8.611	-3.459	-43.9
16.21	-8.603	5.570	-37.4
16.22	-8.597	15.059	-36.4
16.23	-8.592	23.292	-26.4
16.24	-8.587	29.220	-1.0
16.25	-8.582	32.697	-3.1
16.26	-8.578	33.414	-9.0
16.27	-8.574	30.905	16.5
16.28	-8.569	25.495	44.3
16.29	-8.564	18.314	55.9
16.3	-8.558	10.769	65.4
16.31	-8.551	3.809	96.3
16.32	-8.543	-2.252	123.1
16.33	-8.536	-7.242	132.2
16.34	-8.529	-10.725	148.1
16.35	-8.523	-12.228	159.2
16.36	-8.516	-12.141	145.4
16.37	-8.510	-11.616	98.4
16.38	-8.506	-11.317	55.8
16.39	-8.504	-10.891	36.8
16.4	-8.502	-9.909	-6.1
16.41	-8.501	-8.792	-46.4
16.42	-8.501	-8.156	-47.0
16.43	-8.503	-8.138	-49.9
16.44	-8.506	-8.916	-59.8
16.45	-8.507	-10.752	-63.5
16.46	-8.508	-13.066	-60.6
16.47	-8.507	-14.584	-50.0
16.48	-8.507	-15.006	-52.0
16.49	-8.507	-15.042	-54.7
16.5	-8.507	-14.863	-40.6
16.51	-8.507	-14.461	-39.0
16.52	-8.507	-14.259	-44.2
16.53	-8.506	-15.411	-40.6
16.54	-8.505	-16.936	-37.7
16.55	-8.505	-13.928	-46.4
16.56	-8.506	-8.859	-60.8
16.57	-8.509	-8.783	-47.9
16.58	-8.512	-11.695	-35.8
16.59	-8.515	-13.119	-44.1
16.6	-8.518	-13.059	-46.2
16.61	-8.521	-13.108	-46.7
16.62	-8.524	-13.742	-46.6
16.63	-8.526	-14.375	-49.5
16.64	-8.528	-14.533	-52.3
16.65	-8.531	-14.450	-55.2
16.66	-8.536	-14.947	-57.8
16.67	-8.541	-16.248	-47.5
16.68	-8.547	-17.436	-46.4
16.69	-8.553	-17.683	-55.2
16.7	-8.558	-17.200	-49.9
16.71	-8.563	-16.927	-44.5
16.72	-8.568	-17.211	-45.0
16.73	-8.572	-17.495	-46.2
16.74	-8.576	-17.364	-46.2
16.75	-8.581	-17.145	-41.5
16.76	-8.586	-17.373	-43.3
16.77	-8.591	-17.747	-50.3
16.78	-8.598	-17.503	-49.6
16.79	-8.607	-16.877	-46.0
16.8	-8.617	-16.586	-42.4
16.81	-8.630	-16.566	-40.4
16.82	-8.643	-16.600	-33.2
16.83	-8.658	-16.705	-34.1
16.84	-8.672	-16.834	-44.8
16.85	-8.687	-17.003	-43.1
16.86	-8.704	-16.869	-40.5
16.87	-8.722	-16.122	-35.2
16.88	-8.742	-15.492	-26.5
16.89	-8.764	-15.605	-31.6
16.9	-8.786	-16.050	-22.9
16.91	-8.809	-16.298	4.3
16.92	-8.832	-16.163	23.4
16.93	-8.856	-15.867	39.1
16.94	-8.879	-15.852	50.8
16.95	-8.901	-16.163	47.4
16.96	-8.922	-16.391	16.3
16.97	-8.942	-16.314	-34.9
16.98	-8.959	-16.300	-56.2
16.99	-8.978	-16.483	-57.1
17.0	-8.998	-16.372	-66.6
17.01	-9.016	-15.958	-68.9
17.02	-9.030	-16.048	-45.0
17.03	-9.044	-16.748	57.0
17.04	-9.062	-17.175	277.0
17.05	-9.081	-17.241	430.8
17.06	-9.100	-17.209	305.8
17.07	-9.123	-16.661	71.9
17.08	-9.148	-15.744	-52.6
17.09	-9.170	-15.533	-77.0
17.1	-9.183	-16.442	-76.3
17.11	-9.193	-17.320	-85.5
17.12	-9.202	-17.225	-75.4
17.13	-9.213	-16.905	-65.8
17.14	-9.223	-16.986	-78.3
17.15	-9.232	-16.742	-78.8
17.16	-9.244	-15.141	-61.9
17.17	-9.258	-11.502	-55.5
17.18	-9.274	-5.622	-63.7
17.19	-9.293	2.156	-44.7
17.2	-9.314	11.038	-17.1
17.21	-9.335	19.683	-13.7
17.22	-9.356	26.500	-13.0
17.23	-9.378	30.561	-17.0
17.24	-9.400	31.917	-9.9
17.25	-9.421	30.453	6.3
17.26	-9.441	25.752	15.7
17.27	-9.460	18.744	46.6
17.28	-9.479	11.473	84.7
17.29	-9.497	4.844	101.3
17.3	-9.514	-1.388	116.0
17.31	-9.531	-6.600	138.7
17.32	-9.547	-9.714	157.2
17.33	-9.566	-11.113	149.5
17.34	-9.583	-11.950	121.0
17.35	-9.601	-12.472	97.6
17.36	-9.621	-12.384	59.8
17.37	-9.643	-11.913	3.8
17.38	-9.664	-11.511	-18.5
17.39	-9.683	-10.806	-26.3
17.4	-9.702	-9.458	-60.0
17.41	-9.721	-8.533	-80.1
17.42	-9.739	-9.178	-78.0
17.43	-9.756	-10.878	-77.1
17.44	-9.771	-12.255	-70.6
17.45	-9.784	-13.197	-65.0
17.46	-9.797	-14.413	-66.5
17.47	-9.811	-15.370	-67.4
17.48	-9.826	-15.098	-66.7
17.49	-9.841	-13.947	-53.2
17.5	-9.857	-13.038	-37.0
17.51	-9.873	-12.697	-50.2
17.52	-9.889	-12.411	-61.0
17.53	-9.905	-11.988	-45.4
17.54	-9.921	-11.614	-36.4
17.55	-9.936	-11.059	-48.4
17.56	-9.951	-10.161	-56.2
17.57	-9.966	-9.675	-51.8
17.58	-9.980	-10.178	-55.1
17.59	-9.995	-11.283	-56.3
17.6	-10.011	-12.644	-54.7
17.61	-10.026	-14.017	-55.4
17.62	-10.041	-14.744	-47.2
17.63	-10.054	-14.722	-45.5
17.64	-10.069	-14.903	-46.9
17.65	-10.083	-15.636	-44.1
17.66	-10.097	-16.205	-45.3
17.67	-10.111	-16.555	-54.0
17.68	-10.124	-17.148	-56.2
17.69	-10.136	-17.498	-41.3
17.7	-10.148	-17.273	-36.3
17.71	-10.159	-17.161	-38.6
17.72	-10.170	-17.294	-40.4
17.73	-10.181	-17.153	-45.1
17.74	-10.192	-16.928	-43.3
17.75	-10.203	-16.917	-43.2
17.76	-10.214	-16.845	-41.4
17.77	-10.223	-16.669	-34.4
17.78	-10.233	-16.583	-34.3
17.79	-10.241	-16.469	-41.6
17.8	-10.250	-16.047	-46.9
17.81	-10.258	-15.514	-36.5
17.82	-10.266	-15.334	-22.0
17.83	-10.273	-15.438	-22.1
17.84	-10.281	-15.452	-18.8
17.85	-10.289	-15.502	6.2
17.86	-10.297	-15.623	37.5
17.87	-10.305	-15.434	48.4
17.88	-10.311	-15.183	40.5
17.89	-10.318	-15.311	22.4
17.9	-10.324	-15.367	-24.5
17.91	-10.329	-15.042	-60.3
17.92	-10.336	-14.928	-48.3
17.93	-10.344	-15.203	-51.9
17.94	-10.351	-15.423	-77.9
17.95	-10.353	-15.745	-69.6
17.96	-10.351	-16.363	-1.6
17.97	-10.351	-16.455	168.4
17.98	-10.353	-15.803	345.3
17.99	-10.355	-15.444	285.6
18.0	-10.356	-15.394	70.1
18.01	-10.358	-15.089	-54.9
18.02	-10.360	-14.988	-85.0
18.03	-10.359	-15.486	-76.6
18.04	-10.349	-16.120	-60.2
18.05	-10.332	-16.416	-62.7
18.06	-10.316	-16.575	-68.7
18.07	-10.308	-16.972	-60.8
18.08	-10.304	-17.423	-45.8
18.09	-10.301	-17.381	-37.5
18.1	-10.302	-16.153	-48.8
18.11	-10.305	-13.284	-46.2
18.12	-10.308	-8.783	-18.3
18.13	-10.309	-2.395	-14.3
18.14	-10.309	5.784	-22.3
18.15	-10.308	14.064	-15.7
18.16	-10.306	20.736	-3.0
18.17	-10.303	25.453	16.9
18.18	-10.300	27.906	35.7
18.19	-10.296	27.383	41.0
18.2	-10.292	23.764	64.0
18.21	-10.287	17.819	99.0
18.22	-10.281	10.603	108.2
18.23	-10.275	2.914	120.7
18.24	-10.268	-4.472	151.0
18.25	-10.259	-8.944	173.8
18.26	-10.249	-9.350	185.7
18.27	-10.242	-10.222	180.3
18.28	-10.242	-13.345	149.4
18.29	-10.248	-15.272	110.3
18.3	-10.249	-15.173	66.3
18.31	-10.245	-14.575	9.4
18.32	-10.241	-14.039	-47.0
18.33	-10.241	-13.255	-71.8
18.34	-10.241	-12.294	-64.3
18.35	-10.238	-11.952	-61.7
18.36	-10.233	-12.761	-70.7
18.37	-10.228	-14.330	-72.5
18.38	-10.224	-15.514	-61.7
18.39	-10.221	-15.516	-60.5
18.4	-10.216	-14.825	-63.1
18.41	-10.209	-14.011	-56.1
18.42	-10.199	-13.084	-51.9
18.43	-10.190	-12.031	-48.7
18.44	-10.180	-10.850	-47.3
18.45	-10.170	-9.544	-50.7
18.46	-10.162	-8.236	-50.9
18.47	-10.154	-7.295	-51.6
18.48	-10.147	-7.058	-46.1
18.49	-10.138	-7.658	-39.5
18.5	-10.129	-9.075	-50.6
18.51	-10.119	-10.759	-54.9
18.52	-10.111	-11.858	-49.8
18.53	-10.101	-12.311	-55.7
18.54	-10.091	-12.844	-52.3
18.55	-10.081	-13.773	-47.9
18.56	-10.071	-14.806	-56.2
18.57	-10.064	-15.584	-59.3
18.58	-10.058	-15.958	-55.1
18.59	-10.050	-16.183	-53.4
18.6	-10.043	-16.553	-50.7
18.61	-10.035	-16.859	-38.6
18.62	-10.026	-16.820	-41.2
18.63	-10.017	-16.719	-50.3
18.64	-10.006	-17.014	-43.5
18.65	-9.994	-17.333	-50.3
18.66	-9.982	-17.017	-63.8
18.67	-9.971	-16.470	-62.1
18.68	-9.959	-16.323	-52.8
18.69	-9.946	-16.384	-37.9
18.7	-9.934	-16.269	-16.8
18.71	-9.922	-15.988	-9.9
18.72	-9.910	-15.809	8.9
18.73	-9.898	-15.794	45.4
18.74	-9.884	-15.656	32.3
18.75	-9.870	-15.358	-12.6
18.76	-9.854	-15.139	-30.6
18.77	-9.837	-14.991	-46.3
18.78	-9.820	-14.884	-76.4
18.79	-9.807	-14.909	-79.0
18.8	-9.794	-15.025	-63.7
18.81	-9.776	-15.070	-63.3
18.82	-9.751	-15.019	-42.0
18.83	-9.728	-14.995	84.0
18.84	-9.709	-15.028	282.3
18.85	-9.694	-15.048	320.7
18.86	-9.682	-14.867	137.0
18.87	-9.672	-14.420	-36.3
18.88	-9.663	-14.155	-90.3
18.89	-9.652	-14.566	-87.4
18.9	-9.635	-15.369	-75.6
18.91	-9.611	-15.773	-72.2
18.92	-9.586	-15.603	-67.4
18.93	-9.563	-15.544	-65.4
18.94	-9.544	-15.913	-74.1
18.95	-9.528	-16.172	-71.2
18.96	-9.514	-15.613	-55.8
18.97	-9.504	-13.497	-41.3
18.98	-9.494	-9.373	-26.5
18.99	-9.486	-3.363	-33.9
19.0	-9.478	4.327	-38.6
19.01	-9.469	12.942	-13.5
19.02	-9.460	20.730	1.2
19.03	-9.451	26.216	-5.0
19.04	-9.443	28.994	1.8
19.05	-9.435	28.966	29.5
19.06	-9.428	25.913	48.7
19.07	-9.419	20.103	61.7
19.08	-9.410	12.889	85.8
19.09	-9.401	5.908	113.4
19.1	-9.393	-0.034	143.7
19.11	-9.384	-4.839	167.9
19.12	-9.376	-8.583	169.6
19.13	-9.367	-10.992	151.2
19.14	-9.359	-11.925	132.0
19.15	-9.356	-12.170	104.1
19.16	-9.355	-12.388	50.4
19.17	-9.353	-12.172	-0.3
19.18	-9.346	-11.194	-25.6
19.19	-9.342	-9.945	-50.2
19.2	-9.340	-9.219	-75.9
19.21	-9.338	-9.422	-89.2
19.22	-9.334	-10.252	-87.0
19.23	-9.327	-11.350	-69.4
19.24	-9.319	-12.675	-71.7
19.25	-9.312	-13.847	-85.0
19.26	-9.304	-14.339	-76.8
19.27	-9.297	-14.330	-68.1
19.28	-9.289	-14.098	-65.1
19.29	-9.281	-13.281	-50.3
19.3	-9.273	-11.841	-50.0
19.31	-9.266	-10.478	-62.1
19.32	-9.259	-9.544	-61.2
19.33	-9.253	-8.873	-62.2
19.34	-9.248	-8.441	-53.6
19.35	-9.241	-8.447	-51.8
19.36	-9.234	-9.045	-65.7
19.37	-9.227	-9.858	-63.6
19.38	-9.221	-10.455	-49.6
19.39	-9.215	-11.111	-55.1
19.4	-9.209	-12.072	-69.8
19.41	-9.204	-13.122	-62.0
19.42	-9.197	-14.061	-53.1
19.43	-9.191	-14.853	-57.6
19.44	-9.186	-15.541	-64.7
19.45	-9.180	-16.120	-67.3
19.46	-9.174	-16.458	-62.5
19.47	-9.167	-16.561	-68.0
19.48	-9.161	-16.733	-76.4
19.49	-9.154	-16.950	-62.9
19.5	-9.148	-16.719	-52.8
19.51	-9.141	-16.017	-58.0
19.52	-9.135	-15.536	-58.5
19.53	-9.129	-15.753	-50.3
19.54	-9.122	-16.420	-48.7
19.55	-9.115	-16.894	-56.7
19.56	-9.108	-16.700	-54.5
19.57	-9.101	-16.009	-48.7
19.58	-9.094	-15.425	-39.8
19.59	-9.088	-15.244	-27.9
19.6	-9.083	-15.145	-11.8
19.61	-9.079	-14.884	21.0
19.62	-9.076	-14.883	39.4
19.63	-9.072	-15.383	29.3
19.64	-9.067	-15.831	13.2
19.65	-9.061	-15.722	-17.8
19.66	-9.054	-15.094	-51.5
19.67	-9.048	-14.398	-64.0
19.68	-9.046	-14.189	-66.3
19.69	-9.044	-14.509	-71.3
19.7	-9.037	-14.923	-75.5
19.71	-9.024	-15.202	-44.3
19.72	-9.013	-15.267	77.4
19.73	-9.005	-15.163	290.6
19.74	-8.999	-15.089	382.6
19.75	-8.996	-14.973	210.1
19.76	-8.997	-14.789	5.9
19.77	-9.001	-14.830	-66.7
19.78	-8.999	-15.036	-83.8
19.79	-8.987	-15.155	-86.1
19.8	-8.973	-15.317	-84.4
19.81	-8.959	-15.602	-91.5
19.82	-8.947	-16.002	-85.2
19.83	-8.936	-16.508	-73.3
19.84	-8.923	-16.475	-69.1
19.85	-8.911	-15.030	-57.8
19.86	-8.900	-11.691	-46.9
19.87	-8.892	-6.183	-46.1
19.88	-8.886	1.645	-47.4
19.89	-8.881	11.053	-44.7
19.9	-8.877	19.980	-50.9
19.91	-8.874	26.748	-31.7
19.92	-8.871	30.939	12.9
19.93	-8.869	32.534	20.1
19.94	-8.867	31.330	16.7
19.95	-8.866	27.105	26.7
19.96	-8.864	20.528	48.1
19.97	-8.862	13.116	77.4
19.98	-8.859	6.016	102.0
19.99	-8.856	-0.183	126.4
20.0	-8.853	-4.967	143.0
20.01	-8.851	-8.177	157.7
20.02	-8.848	-10.013	163.3
20.03	-8.846	-10.700	142.1
20.04	-8.845	-10.478	98.1
20.05	-8.848	-9.745	44.2
20.06	-8.851	-8.800	-3.1
20.07	-8.854	-7.381	-47.6
20.08	-8.856	-5.975	-65.4
20.09	-8.860	-6.011	-63.9
20.1	-8.864	-7.050	-77.4
20.11	-8.867	-7.986	-87.2
20.12	-8.867	-9.348	-82.0
20.13	-8.866	-11.445	-78.2
20.14	-8.866	-13.309	-76.8
20.15	-8.865	-14.228	-66.2
20.16	-8.864	-14.722	-62.1
20.17	-8.863	-14.948	-64.1
20.18	-8.861	-14.363	-59.1
20.19	-8.860	-13.222	-50.5
20.2	-8.861	-12.150	-45.9
20.21	-8.863	-11.288	-50.4
20.22	-8.866	-10.567	-57.2
20.23	-8.869	-9.906	-59.1
20.24	-8.872	-9.219	-52.2
20.25	-8.874	-8.766	-42.7
20.26	-8.876	-9.216	-44.9
20.27	-8.877	-10.498	-53.3
20.28	-8.880	-11.630	-60.3
20.29	-8.882	-12.263	-65.2
20.3	-8.884	-13.088	-58.1
20.31	-8.886	-14.336	-44.9
20.32	-8.888	-15.359	-49.1
20.33	-8.891	-15.834	-64.8
20.34	-8.894	-16.019	-59.3
20.35	-8.897	-16.225	-54.6
20.36	-8.900	-16.675	-59.4
20.37	-8.903	-17.141	-57.5
20.38	-8.906	-17.052	-55.7
20.39	-8.909	-16.525	-52.4
20.4	-8.912	-16.288	-53.9
20.41	-8.914	-16.375	-54.8
20.42	-8.916	-16.347	-55.6
20.43	-8.918	-16.303	-62.9
20.44	-8.919	-16.439	-51.6
20.45	-8.919	-16.456	-30.5
20.46	-8.919	-16.137	-44.8
20.47	-8.918	-15.791	-69.5
20.48	-8.917	-15.775	-59.5
20.49	-8.916	-15.883	-36.1
20.5	-8.915	-15.648	-34.3
20.51	-8.914	-15.209	-52.3
20.52	-8.912	-15.136	-51.1
20.53	-8.911	-15.423	-26.3
20.54	-8.908	-15.613	-25.1
20.55	-8.905	-15.400	-33.2
20.56	-8.902	-14.878	-26.5
20.57	-8.900	-14.858	-16.0
20.58	-8.899	-15.600	7.1
20.59	-8.898	-15.989	32.3
20.6	-8.898	-15.578	52.7
20.61	-8.898	-15.263	45.9
20.62	-8.896	-15.511	4.6
20.63	-8.894	-15.781	-29.0
20.64	-8.891	-15.594	-51.1
20.65	-8.891	-15.280	-61.8
20.66	-8.894	-15.347	-56.8
20.67	-8.894	-15.775	-58.2
20.68	-8.889	-16.113	-68.3
20.69	-8.883	-16.114	-13.6
20.7	-8.882	-16.109	189.3
20.71	-8.884	-16.397	413.0
20.72	-8.886	-16.688	375.6
20.73	-8.891	-16.377	138.5
20.74	-8.903	-17.262	-23.7
20.75	-8.912	-18.811	-78.8
20.76	-8.909	-15.959	-88.8
20.77	-8.896	-13.058	-86.8
20.78	-8.884	-15.639	-75.5
20.79	-8.876	-18.381	-65.3
20.8	-8.869	-17.859	-69.0
20.81	-8.861	-16.561	-68.0
20.82	-8.853	-16.006	-58.2
20.83	-8.846	-14.036	-45.8
20.84	-8.844	-8.328	-51.8
20.85	-8.844	0.475	-58.4
20.86	-8.846	10.175	-43.0
20.87	-8.848	19.019	-27.9
20.88	-8.851	26.045	-15.5
20.89	-8.854	31.238	-7.2
20.9	-8.856	34.573	-0.1
20.91	-8.859	34.844	12.4
20.92	-8.864	30.755	21.4
20.93	-8.869	23.339	38.7
20.94	-8.873	15.995	66.6
20.95	-8.876	9.463	87.7
20.96	-8.880	2.331	112.7
20.97	-8.884	-3.859	142.4
20.98	-8.889	-7.430	148.0
20.99	-8.896	-9.138	154.6
21.0	-8.904	-9.936	160.0
21.01	-8.912	-10.066	126.1
21.02	-8.923	-9.486	74.1
21.03	-8.938	-8.162	26.6
21.04	-8.954	-6.483	-4.9
21.05	-8.967	-5.289	-37.4
21.06	-8.980	-4.980	-67.0
21.07	-8.996	-5.217	-71.3
21.08	-9.013	-5.891	-71.5
21.09	-9.027	-7.588	-70.1
21.1	-9.039	-10.295	-68.5
21.11	-9.048	-12.898	-77.1
21.12	-9.056	-14.698	-79.8
21.13	-9.064	-15.663	-79.1
21.14	-9.071	-15.734	-73.8
21.15	-9.076	-15.330	-60.1
21.16	-9.079	-14.873	-52.1
21.17	-9.083	-13.961	-44.7
21.18	-9.088	-12.448	-40.4
21.19	-9.092	-10.988	-49.3
21.2	-9.096	-10.111	-56.8
21.21	-9.099	-9.767	-51.1
21.22	-9.101	-9.583	-55.5
21.23	-9.103	-9.445	-67.9
21.24	-9.104	-9.700	-52.1
21.25	-9.105	-10.523	-48.2
21.26	-9.106	-11.669	-53.5
21.27	-9.108	-12.767	-43.5
21.28	-9.111	-13.508	-44.9
21.29	-9.114	-14.039	-52.5
21.3	-9.117	-14.847	-68.0
21.31	-9.123	-15.952	-67.7
21.32	-9.127	-16.800	-54.0
21.33	-9.134	-16.906	-50.2
21.34	-9.140	-16.598	-45.5
21.35	-9.146	-16.613	-51.5
21.36	-9.152	-16.991	-56.8
21.37	-9.157	-17.236	-49.3
21.38	-9.162	-17.073	-44.5
21.39	-9.166	-16.792	-42.6
21.4	-9.171	-16.848	-50.1
21.41	-9.176	-17.172	-55.6
21.42	-9.181	-17.291	-44.8
21.43	-9.186	-17.142	-44.3
21.44	-9.193	-17.022	-51.1
21.45	-9.200	-16.725	-40.4
21.46	-9.209	-15.938	-34.3
21.47	-9.219	-15.294	-39.1
21.48	-9.231	-15.439	-41.5
21.49	-9.242	-15.492	-40.8
21.5	-9.254	-15.330	-31.7
21.51	-9.266	-16.019	-41.3
21.52	-9.278	-16.161	-49.3
21.53	-9.291	-14.895	-37.7
21.54	-9.305	-14.236	-34.2
21.55	-9.319	-14.677	-35.5
21.56	-9.335	-15.331	-36.8
21.57	-9.350	-16.275	-29.5
21.58	-9.364	-17.164	-39.4
21.59	-9.380	-17.017	-46.2
21.6	-9.395	-16.058	-21.5
21.61	-9.409	-15.369	-18.2
21.62	-9.423	-15.500	-17.3
21.63	-9.438	-16.091	-6.7
21.64	-9.454	-16.494	-7.2
21.65	-9.471	-16.631	15.7
21.66	-9.489	-16.686	47.8
21.67	-9.508	-16.809	59.8
21.68	-9.526	-16.948	47.7
21.69	-9.543	-16.870	19.6
21.7	-9.557	-16.559	-9.6
21.71	-9.571	-16.420	-38.2
21.72	-9.586	-16.589	-48.1
21.73	-9.604	-16.588	-38.6
21.74	-9.621	-16.400	-48.7
21.75	-9.631	-16.383	-60.1
21.76	-9.639	-16.620	8.0
21.77	-9.651	-17.002	191.1
21.78	-9.666	-17.128	405.8
21.79	-9.679	-16.845	393.6
21.8	-9.694	-16.636	160.7
21.81	-9.711	-16.656	-6.1
21.82	-9.727	-16.622	-59.2
21.83	-9.734	-16.503	-65.9
21.84	-9.735	-16.428	-64.2
21.85	-9.737	-16.309	-64.2
21.86	-9.741	-16.303	-55.3
21.87	-9.747	-16.667	-55.4
21.88	-9.754	-16.883	-57.7
21.89	-9.763	-16.097	-43.7
21.9	-9.773	-13.598	-27.4
21.91	-9.786	-8.838	-30.1
21.92	-9.801	-1.673	-29.6
21.93	-9.818	7.363	-18.6
21.94	-9.834	16.892	-13.2
21.95	-9.850	25.273	-1.8
21.96	-9.866	31.263	5.9
21.97	-9.882	34.169	7.4
21.98	-9.898	33.738	24.3
21.99	-9.913	30.013	44.7
22.0	-9.928	23.911	58.8
22.01	-9.944	16.909	72.2
22.02	-9.958	9.684	92.3
22.03	-9.972	2.739	123.0
22.04	-9.985	-2.930	152.1
22.05	-9.999	-6.795	171.8
22.06	-10.013	-8.986	183.5
22.07	-10.027	-10.180	185.2
22.08	-10.041	-11.002	162.8
22.09	-10.057	-11.208	112.5
22.1	-10.074	-10.397	57.7
22.11	-10.093	-8.872	9.4
22.12	-10.110	-7.089	-27.2
22.13	-10.126	-5.372	-46.5
22.14	-10.143	-4.559	-58.2
22.15	-10.157	-5.242	-59.3
22.16	-10.168	-6.958	-56.3
22.17	-10.177	-9.259	-62.7
22.18	-10.184	-11.873	-65.8
22.19	-10.191	-14.009	-60.2
22.2	-10.198	-15.073	-59.9
22.21	-10.207	-15.234	-56.5
22.22	-10.216	-14.698	-40.6
22.23	-10.224	-13.592	-44.6
22.24	-10.233	-12.419	-53.7
22.25	-10.241	-11.627	-36.0
22.26	-10.249	-10.950	-34.6
22.27	-10.257	-10.036	-41.1
22.28	-10.263	-9.188	-38.6
22.29	-10.270	-8.997	-41.7
22.3	-10.276	-9.575	-40.3
22.31	-10.281	-10.220	-37.5
22.32	-10.287	-10.388	-38.6
22.33	-10.292	-10.745	-49.8
22.34	-10.297	-12.072	-51.4
22.35	-10.303	-13.877	-40.6
22.36	-10.307	-15.202	-41.2
22.37	-10.311	-15.773	-40.1
22.38	-10.315	-15.959	-35.7
22.39	-10.319	-16.164	-48.4
22.4	-10.323	-16.448	-51.7
22.41	-10.326	-16.709	-40.4
22.42	-10.329	-17.014	-41.0
22.43	-10.331	-17.317	-45.2
22.44	-10.334	-17.420	-41.4
22.45	-10.336	-17.406	-43.6
22.46	-10.337	-17.405	-50.8
22.47	-10.337	-17.384	-37.8
22.48	-10.337	-17.163	-27.1
22.49	-10.336	-16.620	-32.2
22.5	-10.336	-16.039	-35.4
22.51	-10.336	-15.781	-41.7
22.52	-10.335	-15.867	-38.9
22.53	-10.334	-16.064	-28.8
22.54	-10.333	-16.181	-40.1
22.55	-10.332	-16.113	-41.3
22.56	-10.330	-15.834	-22.2
22.57	-10.327	-15.525	-29.0
22.58	-10.323	-15.370	-31.3
22.59	-10.319	-15.405	-29.8
22.6	-10.314	-15.588	-35.3
22.61	-10.309	-15.670	-34.0
22.62	-10.302	-15.552	-40.8
22.63	-10.293	-15.625	-29.7
22.64	-10.283	-15.950	-6.9
22.65	-10.273	-16.056	0.3
22.66	-10.263	-15.828	-5.4
22.67	-10.252	-15.630	0.4
22.68	-10.240	-15.677	38.2
22.69	-10.225	-15.719	65.1
22.7	-10.208	-15.728	44.8
22.71	-10.190	-16.048	3.7
22.72	-10.172	-16.377	-29.7
22.73	-10.156	-16.347	-40.7
22.74	-10.143	-16.214	-39.6
22.75	-10.133	-16.239	-41.3
22.76	-10.119	-16.469	-52.3
22.77	-10.096	-16.695	-59.1
22.78	-10.069	-16.698	-0.9
22.79	-10.046	-16.584	184.7
22.8	-10.025	-16.636	370.3
22.81	-10.009	-16.786	292.5
22.82	-9.993	-16.655	63.6
22.83	-9.978	-16.295	-50.1
22.84	-9.965	-15.953	-69.1
22.85	-9.950	-15.773	-67.7
22.86	-9.926	-16.197	-68.0
22.87	-9.894	-17.325	-61.2
22.88	-9.864	-18.102	-46.8
22.89	-9.839	-17.970	-46.8
22.9	-9.818	-17.680	-52.5
22.91	-9.797	-17.314	-50.0
22.92	-9.779	-15.997	-41.0
22.93	-9.765	-13.042	-34.7
22.94	-9.753	-8.194	-31.0
22.95	-9.741	-1.306	-22.4
22.96	-9.729	7.372	-6.6
22.97	-9.717	16.281	2.3
22.98	-9.706	23.480	13.3
22.99	-9.696	28.303	27.7
23.0	-9.686	30.634	32.7
23.01	-9.675	29.848	39.4
23.02	-9.664	25.631	52.3
23.03	-9.654	18.902	83.0
23.04	-9.643	11.325	118.4
23.05	-9.631	4.202	137.7
23.06	-9.619	-1.977	163.3
23.07	-9.607	-6.769	186.4
23.08	-9.596	-9.702	190.5
23.09	-9.584	-11.184	189.2
23.1	-9.574	-12.017	175.0
23.11	-9.569	-12.614	131.6
23.12	-9.568	-12.861	72.2
23.13	-9.565	-12.463	20.6
23.14	-9.556	-11.502	-24.8
23.15	-9.549	-10.341	-59.6
23.16	-9.544	-9.578	-71.9
23.17	-9.541	-9.786	-74.2
23.18	-9.534	-10.788	-76.9
23.19	-9.524	-11.853	-76.4
23.2	-9.514	-12.747	-68.9
23.21	-9.506	-13.852	-58.6
23.22	-9.498	-15.148	-56.9
23.23	-9.488	-15.609	-64.6
23.24	-9.477	-14.589	-64.4
23.25	-9.465	-13.209	-51.0
23.26	-9.454	-12.373	-49.2
23.27	-9.443	-11.475	-52.8
23.28	-9.434	-10.148	-51.4
23.29	-9.424	-8.964	-52.9
23.3	-9.413	-8.533	-45.2
23.31	-9.402	-8.777	-38.1
23.32	-9.392	-9.255	-51.5
23.33	-9.382	-9.961	-62.8
23.34	-9.372	-10.991	-58.0
23.35	-9.361	-12.084	-49.9
23.36	-9.350	-13.105	-53.7
23.37	-9.338	-14.172	-58.8
23.38	-9.327	-15.027	-50.8
23.39	-9.315	-15.459	-51.1
23.4	-9.303	-16.009	-54.9
23.41	-9.293	-16.927	-58.6
23.42	-9.282	-17.619	-57.1
23.43	-9.271	-17.792	-53.3
23.44	-9.261	-17.819	-64.7
23.45	-9.252	-17.928	-58.5
23.46	-9.242	-17.955	-36.8
23.47	-9.234	-17.713	-38.2
23.48	-9.224	-17.372	-48.5
23.49	-9.216	-17.308	-55.0
23.5	-9.207	-17.505	-61.6
23.51	-9.199	-17.588	-50.6
23.52	-9.191	-17.503	-42.5
23.53	-9.183	-17.530	-46.5
23.54	-9.175	-17.544	-39.1
23.55	-9.166	-17.036	-46.9
23.56	-9.158	-16.156	-64.1
23.57	-9.149	-15.791	-54.7
23.58	-9.141	-15.988	-42.4
23.59	-9.134	-16.227	-35.5
23.6	-9.128	-16.466	-33.7
23.61	-9.121	-16.525	-36.5
23.62	-9.114	-16.248	-33.8
23.63	-9.106	-15.950	-35.2
23.64	-9.098	-15.980	-49.8
23.65	-9.089	-16.342	-48.9
23.66	-9.081	-16.538	-24.2
23.67	-9.073	-16.323	-19.3
23.68	-9.067	-16.205	-8.9
23.69	-9.061	-16.348	22.4
23.7	-9.056	-16.320	38.4
23.71	-9.051	-16.173	37.1
23.72	-9.045	-16.334	21.0
23.73	-9.037	-16.711	-6.5
23.74	-9.027	-16.944	-36.5
23.75	-9.018	-16.842	-56.9
23.76	-9.011	-16.747	-59.3
23.77	-9.006	-16.998	-69.3
23.78	-8.996	-17.097	-80.5
23.79	-8.981	-16.756	-28.0
23.8	-8.967	-16.525	111.6
23.81	-8.958	-16.838	314.6
23.82	-8.951	-17.361	384.5
23.83	-8.946	-17.442	206.8
23.84	-8.946	-17.052	12.8
23.85	-8.947	-16.864	-60.8
23.86	-8.941	-17.239	-66.5
23.87	-8.926	-17.539	-62.2
23.88	-8.909	-17.206	-85.8
23.89	-8.895	-16.914	-99.3
23.9	-8.882	-17.389	-70.4
23.91	-8.868	-17.905	-48.4
23.92	-8.854	-17.152	-57.6
23.93	-8.841	-15.044	-55.1
23.94	-8.830	-11.803	-39.7
23.95	-8.821	-6.592	-45.8
23.96	-8.812	1.169	-49.3
23.97	-8.806	10.472	-33.7
23.98	-8.799	19.397	-21.3
23.99	-8.794	26.377	-20.1
24.0	-8.788	30.725	-16.1
24.01	-8.784	32.270	7.3
24.02	-8.779	30.745	29.6
24.03	-8.776	26.317	33.0
24.04	-8.771	19.906	49.0
24.05	-8.764	12.550	78.3
24.06	-8.758	5.298	106.1
24.07	-8.751	-0.752	137.4
24.08	-8.744	-5.075	153.9
24.09	-8.737	-7.916	161.7
24.1	-8.731	-9.780	167.6
24.11	-8.726	-10.814	138.8
24.12	-8.721	-10.766	99.4
24.13	-8.719	-9.997	68.6
24.14	-8.721	-9.423	27.9
24.15	-8.722	-9.228	-8.4
24.16	-8.721	-8.678	-40.4
24.17	-8.721	-7.467	-67.3
24.18	-8.723	-6.683	-82.7
24.19	-8.726	-7.272	-85.1
24.2	-8.726	-8.631	-78.8
24.21	-8.724	-10.020	-78.9
24.22	-8.721	-11.531	-77.7
24.23	-8.717	-13.266	-71.6
24.24	-8.713	-14.648	-69.1
24.25	-8.709	-14.988	-62.9
24.26	-8.704	-14.642	-54.1
24.27	-8.698	-14.434	-61.5
24.28	-8.693	-14.214	-61.9
24.29	-8.689	-13.395	-42.9
24.3	-8.687	-12.202	-44.8
24.31	-8.686	-11.241	-49.3
24.32	-8.686	-10.778	-43.4
24.33	-8.687	-10.766	-54.8
24.34	-8.689	-10.809	-70.4
24.35	-8.691	-10.838	-65.2
24.36	-8.694	-11.245	-55.5
24.37	-8.696	-12.217	-49.3
24.38	-8.699	-13.519	-49.0
24.39	-8.701	-14.445	-57.4
24.4	-8.704	-14.738	-59.7
24.41	-8.707	-15.294	-62.8
24.42	-8.711	-16.356	-62.8
24.43	-8.716	-16.950	-50.0
24.44	-8.721	-17.095	-40.3
24.45	-8.724	-17.619	-53.0
24.46	-8.726	-18.167	-57.6
24.47	-8.728	-18.034	-52.6
24.48	-8.730	-17.658	-53.3
24.49	-8.732	-17.588	-48.8
24.5	-8.733	-17.644	-55.9
24.51	-8.734	-17.695	-56.7
24.52	-8.734	-17.941	-50.6
24.53	-8.734	-18.252	-53.4
24.54	-8.733	-18.189	-45.3
24.55	-8.731	-17.827	-42.1
24.56	-8.729	-17.698	-53.3
24.57	-8.727	-17.814	-51.8
24.58	-8.725	-17.456	-44.3
24.59	-8.724	-16.588	-50.3
24.6	-8.724	-16.191	-50.9
24.61	-8.723	-16.467	-40.6
24.62	-8.723	-16.708	-39.1
24.63	-8.723	-16.694	-45.7
24.64	-8.723	-16.673	-43.2
24.65	-8.723	-16.853	-29.8
24.66	-8.721	-17.141	-28.0
24.67	-8.721	-16.983	-39.0
24.68	-8.719	-16.298	-42.1
24.69	-8.719	-15.902	-40.1
24.7	-8.719	-16.238	-33.6
24.71	-8.719	-16.902	-25.5
24.72	-8.720	-17.367	-14.7
24.73	-8.721	-17.406	-1.0
24.74	-8.723	-17.094	6.1
24.75	-8.724	-16.744	22.1
24.76	-8.725	-16.750	39.2
24.77	-8.726	-17.141	44.7
24.78	-8.728	-17.367	38.1
24.79	-8.727	-17.211	-0.8
24.8	-8.725	-17.158	-41.7
24.81	-8.725	-17.363	-57.7
24.82	-8.726	-17.603	-59.0
24.83	-8.728	-17.759	-48.3
24.84	-8.723	-17.819	-47.9
24.85	-8.718	-17.809	-15.8
24.86	-8.716	-17.619	144.0
24.87	-8.717	-17.380	371.9
24.88	-8.718	-17.366	403.0
24.89	-8.720	-17.425	198.2
24.9	-8.726	-17.239	7.7
24.91	-8.733	-16.806	-64.4
24.92	-8.731	-16.602	-78.4
24.93	-8.721	-17.005	-81.7
24.94	-8.711	-17.408	-85.4
24.95	-8.703	-17.311	-83.2
24.96	-8.696	-17.294	-65.9
24.97	-8.688	-17.466	-57.5
24.98	-8.679	-16.756	-66.5
24.99	-8.671	-14.308	-70.1
25.0	-8.664	-9.805	-59.6
25.01	-8.660	-3.019	-40.4
25.02	-8.658	5.550	-33.8
25.03	-8.656	14.647	-38.0
25.04	-8.654	22.878	-30.1
25.05	-8.654	28.877	-11.1
25.06	-8.656	31.759	-4.0
25.07	-8.658	31.383	0.3
25.08	-8.662	28.177	21.1
25.09	-8.666	23.605	26.8
25.1	-8.669	18.580	37.3
25.11	-8.672	12.039	76.7
25.12	-8.674	4.706	109.3
25.13	-8.676	-1.302	131.5
25.14	-8.678	-5.488	149.0
25.15	-8.681	-8.095	151.9
25.16	-8.683	-9.434	146.7
25.17	-8.686	-9.444	132.8
25.18	-8.690	-9.180	96.6
25.19	-8.694	-9.641	56.9
25.2	-8.701	-9.795	29.4
25.21	-8.706	-8.842	-4.4
25.22	-8.710	-7.850	-40.9
25.23	-8.714	-7.867	-53.0
25.24	-8.721	-7.905	-63.4
25.25	-8.727	-7.178	-80.5
25.26	-8.732	-7.002	-69.3
25.27	-8.735	-8.787	-76.7
25.28	-8.738	-11.703	-83.4
25.29	-8.740	-14.117	-47.3
25.3	-8.743	-17.389	-37.3
25.31	-8.746	-21.530	-57.1
25.32	-8.749	-18.392	-61.1
25.33	-8.751	-9.863	-58.5
25.34	-8.751	-6.944	-66.6
25.35	-8.751	-9.755	-61.5
25.36	-8.751	-13.052	-42.1
25.37	-8.753	-14.344	-38.6
25.38	-8.756	-14.755	-56.6
25.39	-8.760	-14.825	-74.0
25.4	-8.764	-13.678	-72.6
25.41	-8.767	-11.783	-53.9
25.42	-8.771	-10.336	-52.5
25.43	-8.774	-9.939	-65.6
25.44	-8.776	-11.088	-62.9
25.45	-8.777	-13.639	-49.3
25.46	-8.778	-16.303	-41.3
25.47	-8.779	-17.572	-60.1
25.48	-8.781	-17.238	-74.4
25.49	-8.783	-16.502	-61.4
25.5	-8.785	-16.109	-63.5
25.51	-8.788	-16.141	-63.9
25.52	-8.791	-16.909	-49.2
25.53	-8.796	-17.966	-52.3
25.54	-8.803	-18.469	-51.3
25.55	-8.813	-18.578	-47.9
25.56	-8.827	-18.577	-55.1
25.57	-8.844	-18.058	-50.5
25.58	-8.866	-17.177	-45.3
25.59	-8.891	-17.027	-53.4
25.6	-8.919	-17.637	-55.6
25.61	-8.947	-17.847	-39.8
25.62	-8.977	-17.464	-30.9
25.63	-9.004	-17.428	-45.4
25.64	-9.030	-17.772	-49.9
25.65	-9.053	-17.767	-36.0
25.66	-9.077	-17.509	-33.7
25.67	-9.101	-17.259	-45.5
25.68	-9.124	-16.900	-51.0
25.69	-9.148	-16.439	-46.3
25.7	-9.171	-16.106	-50.0
25.71	-9.195	-16.316	-47.3
25.72	-9.219	-17.008	-39.5
25.73	-9.244	-17.366	-35.5
25.74	-9.268	-16.948	-29.5
25.75	-9.292	-16.503	-24.7
25.76	-9.313	-16.741	-23.3
25.77	-9.332	-17.106	-24.2
25.78	-9.351	-16.817	-24.9
25.79	-9.370	-16.398	-16.6
25.8	-9.388	-16.647	18.8
25.81	-9.407	-17.103	56.5
25.82	-9.426	-17.231	64.8
25.83	-9.446	-16.983	48.6
25.84	-9.466	-16.839	18.3
25.85	-9.484	-17.242	-6.9
25.86	-9.501	-17.495	-32.4
25.87	-9.518	-17.200	-66.2
25.88	-9.539	-17.005	-61.5
25.89	-9.559	-17.192	-50.2
25.9	-9.574	-17.102	-38.7
25.91	-9.588	-16.672	60.3
25.92	-9.603	-16.798	272.1
25.93	-9.621	-17.433	430.2
25.94	-9.638	-17.648	326.1
25.95	-9.656	-17.364	102.5
25.96	-9.679	-17.067	-22.0
25.97	-9.698	-16.873	-56.2
25.98	-9.709	-16.961	-64.6
25.99	-9.714	-17.139	-72.3
26.0	-9.721	-16.866	-77.8
26.01	-9.730	-16.659	-76.0
26.02	-9.741	-17.042	-57.4
26.03	-9.751	-17.370	-50.6
26.04	-9.761	-16.633	-50.6
26.05	-9.773	-14.036	-31.5
26.06	-9.785	-9.331	-22.9
26.07	-9.801	-2.542	-27.6
26.08	-9.821	6.088	-25.3
26.09	-9.842	15.198	-12.2
26.1	-9.862	22.902	-1.2
26.11	-9.881	28.047	6.6
26.12	-9.898	30.067	17.4
26.13	-9.916	28.992	20.9
26.14	-9.934	25.555	38.0
26.15	-9.951	20.463	61.6
26.16	-9.968	14.236	69.6
26.17	-9.985	7.792	95.3
26.18	-10.001	2.047	140.6
26.19	-10.019	-2.795	162.0
26.2	-10.036	-6.547	163.8
26.21	-10.054	-8.923	168.1
26.22	-10.072	-10.327	170.6
26.23	-10.088	-11.483	154.7
26.24	-10.106	-12.231	101.2
26.25	-10.126	-12.136	49.1
26.26	-10.146	-11.586	15.5
26.27	-10.165	-10.808	-17.9
26.28	-10.184	-9.767	-42.5
26.29	-10.204	-8.833	-65.6
26.3	-10.223	-8.506	-71.7
26.31	-10.239	-9.075	-63.1
26.32	-10.253	-10.239	-74.6
26.33	-10.265	-11.548	-78.1
26.34	-10.276	-12.889	-55.2
26.35	-10.287	-13.841	-53.8
26.36	-10.297	-13.916	-61.5
26.37	-10.308	-13.392	-42.8
26.38	-10.319	-12.759	-33.7
26.39	-10.331	-12.061	-37.5
26.4	-10.342	-11.291	-39.6
26.41	-10.354	-10.788	-39.1
26.42	-10.366	-10.580	-41.4
26.43	-10.378	-10.145	-43.2
26.44	-10.390	-9.664	-35.6
26.45	-10.401	-9.758	-37.8
26.46	-10.411	-10.116	-45.0
26.47	-10.421	-10.328	-45.2
26.48	-10.431	-10.847	-44.6
26.49	-10.441	-12.053	-42.6
26.5	-10.450	-13.452	-41.8
26.51	-10.459	-14.544	-44.2
26.52	-10.467	-15.420	-44.5
26.53	-10.477	-16.050	-46.6
26.54	-10.486	-16.300	-44.6
26.55	-10.494	-16.377	-39.0
26.56	-10.503	-16.475	-45.8
26.57	-10.512	-16.642	-42.2
26.58	-10.521	-17.056	-27.5
26.59	-10.531	-17.783	-24.8
26.6	-10.540	-18.512	-28.5
26.61	-10.548	-18.933	-36.3
26.62	-10.556	-18.998	-42.9
26.63	-10.564	-18.792	-38.2
26.64	-10.571	-18.556	-24.5
26.65	-10.577	-18.589	-25.4
26.66	-10.584	-18.744	-33.8
26.67	-10.591	-18.658	-29.4
26.68	-10.598	-18.441	-26.8
26.69	-10.604	-17.725	-26.6
26.7	-10.609	-15.975	-24.8
26.71	-10.616	-15.964	-27.9
26.72	-10.621	-18.166	-27.7
26.73	-10.627	-18.883	-23.9
26.74	-10.631	-18.247	-12.4
26.75	-10.635	-17.762	3.8
26.76	-10.639	-17.047	-1.7
26.77	-10.644	-15.397	12.0
26.78	-10.649	-11.186	57.8
26.79	-10.653	-3.194	63.5
26.8	-10.657	3.628	47.3
26.81	-10.659	-0.323	32.7
26.82	-10.661	-15.144	-5.2
26.83	-10.662	-30.498	-38.6
26.84	-10.664	-40.511	-48.9
26.85	-10.670	-45.272	-41.5
26.86	-10.673	-45.520	-44.1
26.87	-10.671	-41.442	-39.8
26.88	-10.667	-33.548	41.3
26.89	-10.665	-24.544	219.0
26.9	-10.664	-17.178	353.8
26.91	-10.663	-13.939	248.7
26.92	-10.663	-14.795	41.5
26.93	-10.661	-15.673	-49.5
26.94	-10.660	-17.111	-63.6
26.95	-10.654	-21.858	-51.9
26.96	-10.638	-26.350	-43.5
26.97	-10.610	-26.705	-53.2
26.98	-10.583	-23.413	-52.9
26.99	-10.563	-19.353	-42.8
27.0	-10.546	-17.489	-33.6
27.01	-10.529	-19.306	-40.6
27.02	-10.513	-23.620	-43.0
27.03	-10.498	-26.378	-17.7
27.04	-10.481	-23.267	-11.4
27.05	-10.461	-13.292	-24.1
27.06	-10.438	0.111	-6.2
27.07	-10.413	12.667	23.6
27.08	-10.387	23.509	20.5
27.09	-10.361	33.472	10.0
27.1	-10.334	41.800	18.7
27.11	-10.307	46.003	39.2
27.12	-10.279	43.609	71.4
27.13	-10.252	36.403	96.3
27.14	-10.225	28.695	116.8
27.15	-10.196	22.389	147.7
27.16	-10.167	15.738	170.8
27.17	-10.137	6.381	182.6
27.18	-10.106	-4.100	196.5
27.19	-10.076	-11.928	200.1
27.2	-10.050	-13.733	175.5
27.21	-10.031	-10.539	130.3
27.22	-10.011	-8.613	73.5
27.23	-9.985	-9.414	14.1
27.24	-9.959	-9.908	-31.3
27.25	-9.935	-9.738	-54.9
27.26	-9.915	-9.466	-71.5
27.27	-9.895	-9.345	-80.2
27.28	-9.874	-9.731	-86.0
27.29	-9.853	-10.575	-84.4
27.3	-9.832	-11.598	-64.8
27.31	-9.814	-12.622	-64.2
27.32	-9.796	-13.484	-65.3
27.33	-9.777	-14.470	-57.9
27.34	-9.758	-15.813	-65.2
27.35	-9.738	-17.308	-54.4
27.36	-9.717	-18.528	-43.1
27.37	-9.698	-18.605	-60.0
27.38	-9.680	-17.317	-62.2
27.39	-9.662	-15.628	-42.1
27.4	-9.646	-14.116	-40.5
27.41	-9.629	-12.639	-52.6
27.42	-9.615	-10.850	-59.0
27.43	-9.601	-9.011	-57.3
27.44	-9.588	-9.295	-49.3
27.45	-9.575	-12.211	-45.7
27.46	-9.561	-14.928	-62.2
27.47	-9.547	-16.811	-75.5
27.48	-9.534	-19.200	-58.3
27.49	-9.521	-22.058	-53.1
27.5	-9.508	-24.919	-64.7
27.51	-9.495	-26.728	-63.1
27.52	-9.482	-25.698	-57.8
27.53	-9.471	-21.641	-55.2
27.54	-9.459	-16.788	-52.2
27.55	-9.447	-12.963	-56.3
27.56	-9.436	-10.417	-66.8
27.57	-9.424	-9.272	-61.2
27.58	-9.413	-9.820	-49.6
27.59	-9.403	-11.527	-49.7
27.6	-9.393	-13.084	-53.0
27.61	-9.382	-14.145	-51.6
27.62	-9.369	-15.109	-62.1
27.63	-9.356	-15.867	-66.9
27.64	-9.343	-16.350	-39.1
27.65	-9.332	-17.292	-10.9
27.66	-9.321	-17.948	11.5
27.67	-9.311	-17.033	25.8
27.68	-9.302	-15.848	26.5
27.69	-9.292	-15.577	28.0
27.7	-9.281	-15.372	0.9
27.71	-9.268	-13.928	-53.2
27.72	-9.254	-11.525	-74.0
27.73	-9.242	-10.020	-68.9
27.74	-9.231	-9.991	-66.8
27.75	-9.218	-10.963	-75.7
27.76	-9.199	-13.169	-66.5
27.77	-9.178	-15.117	34.1
27.78	-9.161	-14.609	244.4
27.79	-9.148	-13.020	375.5
27.8	-9.135	-12.400	238.1
27.81	-9.126	-12.641	19.2
27.82	-9.119	-12.873	-77.0
27.83	-9.111	-12.783	-88.7
27.84	-9.095	-12.913	-85.9
27.85	-9.076	-13.445	-87.0
27.86	-9.056	-14.108	-84.4
27.87	-9.039	-14.752	-67.5
27.88	-9.023	-15.242	-52.4
27.89	-9.007	-15.330	-59.8
27.9	-8.990	-14.750	-64.6
27.91	-8.974	-13.111	-57.2
27.92	-8.962	-9.784	-48.5
27.93	-8.951	-4.331	-45.7
27.94	-8.943	2.703	-44.8
27.95	-8.936	9.861	-20.9
27.96	-8.929	15.941	-1.9
27.97	-8.922	20.336	-0.7
27.98	-8.916	22.544	13.7
27.99	-8.909	22.341	22.7
28.0	-8.904	20.102	20.7
28.01	-8.897	16.398	40.3
28.02	-8.890	11.725	74.8
28.03	-8.882	6.652	98.8
28.04	-8.873	1.680	116.4
28.05	-8.865	-3.403	136.3
28.06	-8.857	-8.202	157.5
28.07	-8.851	-10.941	168.1
28.08	-8.844	-10.952	160.8
28.09	-8.839	-9.327	129.8
28.1	-8.836	-7.408	72.3
28.11	-8.836	-5.163	12.1
28.12	-8.834	-3.272	-27.9
28.13	-8.831	-4.453	-55.6
28.14	-8.830	-8.180	-75.8
28.15	-8.830	-11.869	-87.5
28.16	-8.829	-14.869	-88.8
28.17	-8.827	-16.859	-78.7
28.18	-8.822	-17.439	-82.4
28.19	-8.816	-16.372	-91.6
28.2	-8.810	-14.102	-83.3
28.21	-8.804	-11.813	-73.3
28.22	-8.797	-10.436	-67.4
28.23	-8.791	-10.322	-65.0
28.24	-8.786	-10.992	-66.8
28.25	-8.780	-11.753	-62.2
28.26	-8.775	-12.139	-55.3
28.27	-8.770	-11.867	-53.5
28.28	-8.766	-11.128	-57.8
28.29	-8.761	-10.228	-62.0
28.3	-8.756	-9.602	-63.0
28.31	-8.751	-9.766	-60.9
28.32	-8.746	-10.467	-51.1
28.33	-8.742	-10.931	-57.6
28.34	-8.738	-11.030	-68.0
28.35	-8.734	-11.259	-58.2
28.36	-8.731	-11.933	-58.4
28.37	-8.728	-12.967	-71.0
28.38	-8.725	-14.153	-74.5
28.39	-8.723	-15.352	-70.4
28.4	-8.720	-16.522	-68.6
28.41	-8.717	-17.472	-61.9
28.42	-8.716	-17.866	-54.7
28.43	-8.715	-17.898	-57.1
28.44	-8.713	-17.852	-61.7
28.45	-8.711	-17.334	-63.9
28.46	-8.709	-16.644	-59.4
28.47	-8.707	-16.347	-49.1
28.48	-8.707	-16.194	-45.8
28.49	-8.706	-16.272	-46.0
28.5	-8.706	-16.844	-47.6
28.51	-8.705	-17.813	-57.4
28.52	-8.705	-19.044	-60.1
28.53	-8.705	-19.889	-50.6
28.54	-8.704	-19.413	-44.7
28.55	-8.704	-17.795	-48.8
28.56	-8.703	-16.039	-46.6
28.57	-8.702	-14.702	-25.7
28.58	-8.701	-13.948	-13.6
28.59	-8.700	-13.913	-7.4
28.6	-8.699	-14.628	15.9
28.61	-8.698	-15.602	36.3
28.62	-8.698	-16.102	42.0
28.63	-8.699	-16.208	33.9
28.64	-8.699	-16.206	2.9
28.65	-8.697	-15.925	-34.4
28.66	-8.695	-15.150	-52.9
28.67	-8.696	-14.069	-53.3
28.68	-8.697	-13.320	-59.9
28.69	-8.697	-13.311	-77.7
28.7	-8.693	-13.883	-41.0
28.71	-8.691	-14.555	90.6
28.72	-8.694	-15.277	299.3
28.73	-8.698	-16.298	407.2
28.74	-8.703	-17.439	246.9
28.75	-8.710	-18.314	32.8
28.76	-8.723	-18.158	-53.1
28.77	-8.729	-16.669	-76.6
28.78	-8.724	-15.002	-91.1
28.79	-8.715	-14.342	-90.5
28.8	-8.706	-14.784	-78.2
28.81	-8.700	-15.789	-84.1
28.82	-8.694	-16.691	-90.0
28.83	-8.686	-16.916	-74.6
28.84	-8.679	-15.848	-55.9
28.85	-8.674	-12.644	-43.7
28.86	-8.671	-6.519	-49.7
28.87	-8.670	2.223	-56.9
28.88	-8.670	11.756	-35.2
28.89	-8.671	20.075	-29.5
28.9	-8.672	25.959	-36.4
28.91	-8.674	29.231	-20.2
28.92	-8.677	30.298	-4.1
28.93	-8.680	29.047	15.8
28.94	-8.684	25.186	41.8
28.95	-8.688	19.305	54.0
28.96	-8.691	12.841	58.7
28.97	-8.691	6.831	89.6
28.98	-8.691	1.345	132.6
28.99	-8.691	-3.613	139.5
29.0	-8.691	-7.244	127.6
29.01	-8.692	-8.838	141.4
29.02	-8.692	-9.083	153.5
29.03	-8.693	-8.933	127.0
29.04	-8.694	-8.647	77.8
29.05	-8.699	-8.403	27.6
29.06	-8.703	-8.188	-16.1
29.07	-8.706	-7.895	-46.9
29.08	-8.709	-7.575	-70.3
29.09	-8.714	-7.186	-78.8
29.1	-8.720	-6.966	-67.1
29.11	-8.724	-7.595	-64.0
29.12	-8.727	-9.114	-73.4
29.13	-8.729	-10.713	-68.5
29.14	-8.731	-11.853	-57.1
29.15	-8.734	-12.447	-57.2
29.16	-8.739	-12.616	-56.2
29.17	-8.742	-13.072	-65.2
29.18	-8.744	-13.708	-64.4
29.19	-8.747	-13.319	-47.5
29.2	-8.749	-12.063	-51.3
29.21	-8.751	-10.950	-50.8
29.22	-8.752	-10.466	-38.2
29.23	-8.755	-10.459	-40.2
29.24	-8.758	-10.395	-49.2
29.25	-8.761	-10.438	-54.0
29.26	-8.765	-11.027	-63.2
29.27	-8.769	-11.867	-59.8
29.28	-8.773	-12.447	-50.4
29.29	-8.776	-12.819	-57.2
29.3	-8.781	-13.358	-51.6
29.31	-8.784	-14.222	-40.3
29.32	-8.789	-15.191	-42.6
29.33	-8.793	-16.028	-47.3
29.34	-8.799	-16.856	-53.8
29.35	-8.803	-17.500	-52.3
29.36	-8.808	-17.531	-56.3
29.37	-8.812	-17.378	-64.1
29.38	-8.816	-17.534	-50.5
29.39	-8.820	-17.588	-36.5
29.4	-8.824	-17.442	-36.6
29.41	-8.828	-17.634	-43.6
29.42	-8.831	-18.192	-45.4
29.43	-8.835	-18.697	-34.9
29.44	-8.839	-18.841	-44.1
29.45	-8.842	-18.664	-55.6
29.46	-8.845	-18.281	-38.9
29.47	-8.848	-17.461	-32.2
29.48	-8.850	-16.320	-38.5
29.49	-8.852	-15.453	-43.4
29.5	-8.853	-15.083	-43.0
29.51	-8.853	-15.159	-36.0
29.52	-8.853	-15.788	-38.3
29.53	-8.854	-17.120	-30.3
29.54	-8.857	-18.713	-16.6
29.55	-8.860	-19.534	-18.6
29.56	-8.864	-19.147	-13.0
29.57	-8.868	-17.864	8.3
29.58	-8.872	-16.442	30.4
29.59	-8.876	-15.739	46.9
29.6	-8.881	-15.716	51.0
29.61	-8.885	-15.844	18.5
29.62	-8.889	-15.972	-26.2
29.63	-8.891	-15.966	-46.1
29.64	-8.896	-15.802	-59.8
29.65	-8.902	-15.686	-73.7
29.66	-8.904	-16.045	-71.4
29.67	-8.899	-17.184	-44.2
29.68	-8.893	-17.914	58.7
29.69	-8.894	-17.003	294.3
29.7	-8.898	-15.322	443.6
29.71	-8.901	-14.078	293.0
29.72	-8.910	-13.750	62.4
29.73	-8.928	-15.102	-41.1
29.74	-8.943	-18.098	-69.6
29.75	-8.949	-20.409	-81.1
29.76	-8.949	-19.972	-82.6
29.77	-8.950	-17.664	-70.7
29.78	-8.953	-15.269	-58.3
29.79	-8.956	-13.559	-54.2
29.8	-8.957	-13.017	-55.5
29.81	-8.959	-13.938	-62.8
29.82	-8.965	-14.425	-62.1
29.83	-8.975	-10.425	-48.3
29.84	-8.990	-0.892	-32.2
29.85	-9.010	10.717	-26.9
29.86	-9.034	21.025	-18.3
29.87	-9.060	28.403	-5.2
29.88	-9.089	32.106	-6.3
29.89	-9.119	31.891	-3.0
29.9	-9.150	28.091	12.6
29.91	-9.183	22.353	24.4
29.92	-9.215	16.669	46.0
29.93	-9.245	11.614	73.4
29.94	-9.274	6.703	90.4
29.95	-9.302	1.667	120.5
29.96	-9.329	-2.800	144.5
29.97	-9.357	-5.622	138.7
29.98	-9.384	-6.838	136.3
29.99	-9.410	-7.583	142.9
30.0	-9.438	-8.506	120.5
30.01	-9.468	-9.491	84.3
30.02	-9.502	-10.558	47.2
30.03	-9.535	-11.666	-5.9
30.04	-9.567	-11.931	-46.7
30.05	-9.599	-10.492	-61.3
30.06	-9.633	-8.116	-63.5
30.07	-9.666	-6.375	-69.0
30.08	-9.697	-6.098	-72.8
30.09	-9.725	-7.344	-55.3
30.1	-9.752	-9.791	-50.0
30.11	-9.776	-12.511	-58.9
30.12	-9.799	-14.125	-52.3
30.13	-9.821	-14.519	-45.5
30.14	-9.843	-14.275	-49.9
30.15	-9.866	-13.253	-51.5
30.16	-9.889	-11.748	-39.0
30.17	-9.913	-10.483	-38.0
30.18	-9.936	-9.728	-38.9
30.19	-9.959	-9.525	-32.3
30.2	-9.981	-9.634	-37.0
30.21	-10.002	-9.663	-35.6
30.22	-10.023	-9.677	-32.6
30.23	-10.042	-9.998	-39.4
30.24	-10.061	-10.714	-44.1
30.25	-10.081	-11.625	-42.4
30.26	-10.101	-12.530	-38.0
30.27	-10.121	-13.500	-39.4
30.28	-10.139	-14.559	-47.6
30.29	-10.158	-15.422	-32.5
30.3	-10.176	-15.888	-17.1
30.31	-10.194	-16.127	-37.2
30.32	-10.211	-16.241	-49.7
30.33	-10.228	-16.238	-39.4
30.34	-10.244	-16.286	-34.3
30.35	-10.260	-16.536	-34.3
30.36	-10.276	-16.870	-33.9
30.37	-10.291	-17.036	-25.8
30.38	-10.306	-17.030	-17.1
30.39	-10.322	-16.933	-27.6
30.4	-10.339	-16.766	-32.7
30.41	-10.356	-16.727	-25.9
30.42	-10.373	-16.839	-34.0
30.43	-10.389	-16.923	-32.6
30.44	-10.404	-17.131	-22.7
30.45	-10.417	-17.527	-20.9
30.46	-10.429	-17.725	-16.8
30.47	-10.441	-17.484	-23.2
30.48	-10.453	-16.950	-8.6
30.49	-10.466	-16.202	11.3
30.5	-10.478	-15.327	0.1
30.51	-10.490	-14.802	21.3
30.52	-10.502	-14.880	65.7
30.53	-10.514	-15.336	81.5
30.54	-10.527	-15.819	62.3
30.55	-10.538	-16.078	21.8
30.56	-10.548	-16.036	-7.2
30.57	-10.558	-15.830	-24.3
30.58	-10.569	-15.720	-33.7
30.59	-10.583	-15.581	-30.7
30.6	-10.596	-15.458	-49.5
30.61	-10.606	-15.697	-51.9
30.62	-10.616	-16.219	71.2
30.63	-10.628	-17.064	296.7
30.64	-10.639	-17.864	404.6
30.65	-10.652	-17.378	262.3
30.66	-10.666	-15.845	62.4
30.67	-10.681	-15.566	-29.9
30.68	-10.694	-17.288	-49.5
30.69	-10.704	-18.666	-49.7
30.7	-10.708	-17.720	-49.3
30.71	-10.709	-15.386	-45.4
30.72	-10.711	-13.645	-41.0
30.73	-10.716	-13.397	-19.6
30.74	-10.723	-14.766	-12.8
30.75	-10.733	-17.136	-31.0
30.76	-10.744	-18.458	-27.0
30.77	-10.759	-16.541	-19.4
30.78	-10.774	-10.586	-14.7
30.79	-10.791	-1.445	7.5
30.8	-10.807	8.584	23.6
30.81	-10.821	16.723	27.5
30.82	-10.834	21.650	33.2
30.83	-10.848	24.013	33.6
30.84	-10.859	24.717	38.8
30.85	-10.868	23.789	57.8
30.86	-10.876	21.059	71.9
30.87	-10.882	16.684	106.0
30.88	-10.886	11.148	150.5
30.89	-10.888	5.180	169.6
30.9	-10.891	-0.906	195.2
30.91	-10.891	-6.630	211.3
30.92	-10.890	-10.641	196.8
30.93	-10.889	-12.567	189.5
30.94	-10.890	-13.386	160.8
30.95	-10.895	-13.541	108.9
30.96	-10.898	-12.923	78.1
30.97	-10.893	-11.784	39.3
30.98	-10.889	-10.798	-2.5
30.99	-10.885	-10.263	-25.8
31.0	-10.881	-10.038	-42.5
31.01	-10.871	-10.592	-57.9
31.02	-10.858	-12.400	-64.5
31.03	-10.842	-14.498	-66.9
31.04	-10.826	-15.613	-65.2
31.05	-10.809	-15.580	-40.8
31.06	-10.791	-14.506	-25.9
31.07	-10.770	-12.733	-28.3
31.08	-10.746	-11.358	-26.1
31.09	-10.719	-10.845	-26.2
31.1	-10.691	-10.250	-29.1
31.11	-10.663	-9.027	-42.1
31.12	-10.634	-8.109	-55.1
31.13	-10.606	-8.052	-30.8
31.14	-10.576	-8.034	-12.0
31.15	-10.546	-7.933	-32.8
31.16	-10.516	-8.595	-44.6
31.17	-10.485	-9.933	-41.6
31.18	-10.454	-11.284	-34.7
31.19	-10.423	-12.242	-32.6
31.2	-10.394	-12.770	-35.7
31.21	-10.365	-13.209	-30.8
31.22	-10.337	-13.738	-34.2
31.23	-10.310	-14.616	-38.7
31.24	-10.283	-15.853	-33.1
31.25	-10.256	-16.792	-22.5
31.26	-10.229	-17.183	-24.6
31.27	-10.201	-17.122	-32.2
31.28	-10.173	-16.669	-39.0
31.29	-10.145	-16.220	-51.6
31.3	-10.118	-16.042	-41.7
31.31	-10.091	-16.202	-30.5
31.32	-10.064	-16.637	-22.4
31.33	-10.038	-17.020	7.6
31.34	-10.014	-17.311	20.8
31.35	-9.990	-17.514	33.0
31.36	-9.967	-17.231	54.4
31.37	-9.944	-16.534	44.3
31.38	-9.919	-16.019	7.8
31.39	-9.894	-15.856	-29.5
31.4	-9.868	-15.809	-55.5
31.41	-9.843	-15.709	-58.6
31.42	-9.822	-15.483	-48.8
31.43	-9.800	-15.244	-61.0
31.44	-9.772	-15.205	-59.0
31.45	-9.741	-15.455	1.0
31.46	-9.712	-15.978	151.1
