Interval=	0.01 s
ExcelDateTime=	3.9770666337483846e+004	18/11/2008 15:59:31.558604
TimeFormat=	StartOfBlock
ChannelTitle=	Channel 1	Channel 2	Channel 3
Range=	20.000 mV	50.000 mV	1000.0 µV
0.0	-10.105	-26.809	-0.4
0.01	-10.134	-26.203	-11.6
0.02	-10.163	-25.708	-15.0
0.03	-10.192	-25.283	6.0
0.04	-10.221	-24.847	22.5
0.05	-10.249	-24.303	29.9
0.06	-10.277	-23.731	25.8
0.07	-10.304	-23.283	-7.4
0.08	-10.330	-22.977	-44.7
0.09	-10.356	-22.738	-58.9
0.1	-10.381	-22.559	-59.5
0.11	-10.406	-22.463	-63.3
0.12	-10.433	-22.413	-67.9
0.13	-10.457	-22.389	-71.1
0.14	-10.476	-22.414	-65.9
0.15	-10.493	-22.534	13.8
0.16	-10.512	-22.836	218.4
0.17	-10.533	-23.359	377.6
0.18	-10.553	-23.914	273.8
0.19	-10.575	-24.183	52.7
0.2	-10.599	-24.169	-63.4
0.21	-10.623	-24.219	-82.8
0.22	-10.644	-24.548	-80.1
0.23	-10.657	-25.053	-79.9
0.24	-10.667	-25.670	-68.2
0.25	-10.678	-26.533	-55.4
0.26	-10.689	-27.500	-51.2
0.27	-10.701	-28.006	-50.3
0.28	-10.713	-27.367	-46.9
0.29	-10.727	-24.222	-39.1
0.3	-10.743	-15.948	-41.0
0.31	-10.759	0.041	-40.0
0.32	-10.775	22.503	-25.2
0.33	-10.790	41.848	-15.8
0.34	-10.806	50.013	-11.2
0.35	-10.822	51.120	2.4
0.36	-10.838	51.136	14.9
0.37	-10.851	51.139	25.8
0.38	-10.863	51.125	40.1
0.39	-10.874	50.539	49.8
0.4	-10.884	45.248	68.4
0.41	-10.894	30.831	99.0
0.42	-10.903	11.511	116.9
0.43	-10.913	-5.516	128.0
0.44	-10.921	-18.209	141.6
0.45	-10.929	-26.848	140.9
0.46	-10.938	-31.811	125.2
0.47	-10.949	-33.453	86.5
0.48	-10.964	-32.452	37.7
0.49	-10.978	-29.642	-1.5
0.5	-10.989	-25.573	-42.8
0.51	-10.999	-21.064	-62.8
0.52	-11.009	-17.631	-60.3
0.53	-11.018	-16.511	-66.1
0.54	-11.023	-17.948	-78.4
0.55	-11.024	-21.403	-67.3
0.56	-11.023	-25.722	-52.8
0.57	-11.022	-29.428	-59.9
0.58	-11.021	-31.175	-64.2
0.59	-11.019	-30.372	-61.4
0.6	-11.016	-27.408	-56.2
0.61	-11.014	-22.931	-49.9
0.62	-11.011	-17.447	-51.9
0.63	-11.006	-11.689	-49.9
0.64	-11.001	-6.644	-43.2
0.65	-10.993	-3.044	-43.8
0.66	-10.984	-1.263	-51.4
0.67	-10.972	-1.397	-58.2
0.68	-10.958	-3.194	-57.1
0.69	-10.941	-6.322	-57.2
0.7	-10.924	-10.441	-55.8
0.71	-10.903	-14.988	-57.3
0.72	-10.881	-19.361	-63.9
0.73	-10.854	-23.267	-58.8
0.74	-10.826	-26.702	-57.6
0.75	-10.796	-29.555	-65.5
0.76	-10.764	-31.503	-65.8
0.77	-10.729	-32.567	-61.9
0.78	-10.693	-33.128	-60.3
0.79	-10.655	-33.355	-62.7
0.8	-10.616	-33.209	-64.9
0.81	-10.576	-32.741	-56.9
0.82	-10.536	-32.064	-47.3
0.83	-10.496	-31.294	-46.4
0.84	-10.458	-30.489	-47.1
0.85	-10.421	-29.614	-35.3
0.86	-10.386	-28.602	-18.5
0.87	-10.351	-27.494	-5.1
0.88	-10.315	-26.389	2.8
0.89	-10.279	-25.277	7.3
0.9	-10.243	-24.148	3.5
0.91	-10.206	-23.138	-29.1
0.92	-10.172	-22.363	-72.9
0.93	-10.138	-21.816	-89.8
0.94	-10.105	-21.394	-84.9
0.95	-10.073	-20.969	-84.5
0.96	-10.043	-20.494	-88.8
0.97	-10.011	-20.045	-93.2
0.98	-9.972	-19.753	-79.0
0.99	-9.932	-19.644	13.8
1.0	-9.894	-19.709	217.5
1.01	-9.859	-20.011	342.0
1.02	-9.828	-20.473	200.5
1.03	-9.797	-20.870	-6.0
1.04	-9.769	-21.159	-88.1
1.05	-9.743	-21.542	-94.0
1.06	-9.713	-22.108	-83.0
1.07	-9.676	-22.784	-80.1
1.08	-9.635	-23.563	-79.0
1.09	-9.596	-24.470	-74.7
1.1	-9.559	-25.389	-74.4
1.11	-9.526	-26.000	-73.0
1.12	-9.493	-25.592	-71.2
1.13	-9.464	-22.586	-59.1
1.14	-9.438	-14.558	-44.8
1.15	-9.415	0.631	-41.8
1.16	-9.393	22.066	-37.3
1.17	-9.371	41.225	-28.8
1.18	-9.351	49.823	-19.3
1.19	-9.331	51.116	-12.5
1.2	-9.310	51.136	-7.7
1.21	-9.290	51.136	-0.1
1.22	-9.271	51.122	15.2
1.23	-9.250	50.109	38.8
1.24	-9.229	43.278	66.5
1.25	-9.208	27.617	94.2
1.26	-9.188	8.767	113.7
1.27	-9.168	-7.188	122.8
1.28	-9.148	-19.113	126.0
1.29	-9.128	-27.139	120.9
1.3	-9.113	-31.448	94.8
1.31	-9.104	-32.614	54.8
1.32	-9.097	-31.502	11.3
1.33	-9.088	-28.781	-30.3
1.34	-9.077	-25.033	-58.3
1.35	-9.068	-21.161	-70.6
1.36	-9.061	-18.387	-76.1
1.37	-9.053	-17.683	-84.4
1.38	-9.043	-19.234	-91.2
1.39	-9.032	-22.420	-82.2
1.4	-9.019	-26.002	-74.4
1.41	-9.006	-28.606	-77.5
1.42	-8.994	-29.402	-78.5
1.43	-8.981	-28.270	-70.8
1.44	-8.969	-25.513	-62.8
1.45	-8.956	-21.683	-61.1
1.46	-8.944	-17.381	-57.3
1.47	-8.934	-13.095	-55.8
1.48	-8.924	-9.377	-57.5
1.49	-8.916	-6.766	-55.2
1.5	-8.908	-5.597	-57.6
1.51	-8.899	-5.936	-59.9
1.52	-8.890	-7.578	-61.4
1.53	-8.883	-10.217	-62.7
1.54	-8.874	-13.584	-63.6
1.55	-8.866	-17.350	-70.2
1.56	-8.857	-21.083	-68.6
1.57	-8.848	-24.547	-61.8
1.58	-8.838	-27.633	-63.1
1.59	-8.829	-30.150	-70.1
1.6	-8.821	-32.041	-72.1
1.61	-8.814	-33.353	-63.6
1.62	-8.808	-34.116	-59.3
1.63	-8.801	-34.436	-61.3
1.64	-8.795	-34.408	-64.8
1.65	-8.789	-34.028	-63.0
1.66	-8.784	-33.306	-62.4
1.67	-8.779	-32.398	-59.0
1.68	-8.774	-31.516	-47.1
1.69	-8.768	-30.636	-36.6
1.7	-8.763	-29.659	-23.5
1.71	-8.758	-28.698	-9.2
1.72	-8.752	-27.811	-5.1
1.73	-8.748	-26.930	1.4
1.74	-8.744	-26.117	18.1
1.75	-8.739	-25.422	22.7
1.76	-8.736	-24.727	-4.5
1.77	-8.731	-23.989	-47.5
1.78	-8.728	-23.327	-77.5
1.79	-8.726	-22.880	-85.4
1.8	-8.725	-22.520	-78.2
1.81	-8.726	-22.017	-75.2
1.82	-8.726	-21.511	-80.0
1.83	-8.721	-21.306	-83.4
1.84	-8.713	-21.344	-38.5
1.85	-8.711	-21.419	125.9
1.86	-8.711	-21.639	329.4
1.87	-8.713	-22.048	325.2
1.88	-8.721	-22.375	112.3
1.89	-8.738	-22.602	-50.6
1.9	-8.757	-22.938	-95.7
1.91	-8.768	-23.322	-92.8
1.92	-8.771	-23.636	-84.8
1.93	-8.773	-24.002	-85.8
1.94	-8.781	-24.564	-82.8
1.95	-8.791	-25.127	-77.6
1.96	-8.799	-25.202	-75.4
1.97	-8.804	-23.894	-69.4
1.98	-8.810	-19.345	-60.6
1.99	-8.820	-9.052	-47.5
2.0	-8.835	8.634	-42.5
2.01	-8.853	30.339	-47.6
2.02	-8.874	45.813	-42.0
2.03	-8.898	50.734	-32.2
2.04	-8.923	51.120	-23.8
2.05	-8.949	51.139	-7.5
2.06	-8.976	51.134	6.1
2.07	-9.003	51.086	21.1
2.08	-9.031	49.580	38.5
2.09	-9.058	41.675	52.2
2.1	-9.082	25.828	74.3
2.11	-9.106	8.442	93.8
2.12	-9.131	-5.461	104.3
2.13	-9.156	-15.530	112.8
2.14	-9.181	-22.316	112.1
2.15	-9.205	-26.244	99.0
2.16	-9.231	-27.603	72.2
2.17	-9.259	-26.727	38.8
2.18	-9.288	-24.206	-2.5
2.19	-9.315	-20.870	-35.1
2.2	-9.342	-17.528	-45.1
2.21	-9.372	-14.978	-58.4
2.22	-9.402	-14.206	-70.9
2.23	-9.430	-15.892	-70.7
2.24	-9.454	-19.472	-73.8
2.25	-9.474	-23.475	-78.2
2.26	-9.494	-26.756	-66.8
2.27	-9.514	-28.650	-48.9
2.28	-9.533	-28.750	-51.1
2.29	-9.553	-27.169	-50.5
2.3	-9.572	-24.464	-40.3
2.31	-9.593	-21.178	-51.3
2.32	-9.614	-17.609	-60.8
2.33	-9.637	-14.059	-51.2
2.34	-9.659	-10.978	-45.5
2.35	-9.680	-8.856	-51.9
2.36	-9.700	-8.031	-53.3
2.37	-9.719	-8.464	-52.6
2.38	-9.736	-9.972	-58.3
2.39	-9.754	-12.400	-49.1
2.4	-9.773	-15.486	-47.3
2.41	-9.791	-18.930	-58.4
2.42	-9.809	-22.367	-59.6
2.43	-9.828	-25.405	-56.6
2.44	-9.847	-27.920	-52.3
2.45	-9.867	-30.039	-50.4
2.46	-9.886	-31.702	-54.3
2.47	-9.904	-32.652	-57.8
2.48	-9.922	-32.922	-59.1
2.49	-9.941	-32.902	-53.1
2.5	-9.960	-32.791	-47.3
2.51	-9.978	-32.439	-47.3
2.52	-9.996	-31.831	-46.6
2.53	-10.014	-31.130	-47.9
2.54	-10.030	-30.419	-50.1
2.55	-10.046	-29.763	-46.4
2.56	-10.061	-29.245	-41.1
2.57	-10.077	-28.805	-44.1
2.58	-10.091	-28.203	-39.2
2.59	-10.105	-27.336	-20.9
2.6	-10.118	-26.298	-6.7
2.61	-10.130	-25.159	9.1
2.62	-10.141	-24.020	25.4
2.63	-10.151	-23.067	29.7
2.64	-10.161	-22.367	18.9
2.65	-10.171	-21.853	-11.4
2.66	-10.181	-21.522	-49.1
2.67	-10.190	-21.386	-60.4
2.68	-10.199	-21.380	-58.1
2.69	-10.208	-21.355	-66.4
2.7	-10.218	-21.284	-68.3
2.71	-10.224	-21.397	-67.6
2.72	-10.225	-21.728	-58.4
2.73	-10.225	-21.948	21.8
2.74	-10.229	-22.052	214.0
2.75	-10.237	-22.323	355.1
2.76	-10.246	-22.633	236.1
2.77	-10.256	-22.689	20.1
2.78	-10.269	-22.677	-77.7
2.79	-10.282	-23.009	-80.9
2.8	-10.288	-23.753	-70.0
2.81	-10.288	-24.719	-81.7
2.82	-10.285	-25.850	-80.4
2.83	-10.285	-27.122	-62.0
2.84	-10.286	-28.288	-55.7
2.85	-10.288	-28.825	-54.4
2.86	-10.291	-27.770	-52.4
2.87	-10.296	-23.230	-48.9
2.88	-10.303	-12.608	-38.2
2.89	-10.309	5.766	-33.6
2.9	-10.314	28.477	-33.3
2.91	-10.319	45.042	-22.6
2.92	-10.323	50.609	-11.3
2.93	-10.325	51.120	-0.6
2.94	-10.325	51.139	10.4
2.95	-10.324	51.127	18.9
2.96	-10.322	50.867	30.2
2.97	-10.318	47.114	47.9
2.98	-10.313	34.514	71.4
2.99	-10.306	15.467	96.0
3.0	-10.296	-2.291	112.3
3.01	-10.284	-15.847	128.3
3.02	-10.269	-25.505	139.2
3.03	-10.251	-31.533	129.8
3.04	-10.234	-34.264	114.7
3.05	-10.221	-34.234	88.7
3.06	-10.209	-31.953	44.4
3.07	-10.191	-28.034	-0.7
3.08	-10.169	-23.406	-35.2
3.09	-10.148	-19.194	-51.6
3.1	-10.126	-16.520	-65.1
3.11	-10.100	-16.147	-72.0
3.12	-10.070	-18.066	-67.4
3.13	-10.037	-21.367	-62.7
3.14	-10.004	-24.691	-55.0
3.15	-9.971	-27.002	-53.7
3.16	-9.938	-27.736	-58.3
3.17	-9.906	-26.597	-57.1
3.18	-9.874	-23.725	-51.9
3.19	-9.842	-19.656	-49.3
3.2	-9.813	-15.039	-50.7
3.21	-9.786	-10.619	-45.8
3.22	-9.759	-7.113	-43.5
3.23	-9.734	-5.003	-49.9
3.24	-9.708	-4.438	-46.3
3.25	-9.681	-5.233	-38.8
3.26	-9.653	-7.048	-43.1
3.27	-9.625	-9.652	-50.5
3.28	-9.598	-12.802	-53.9
3.29	-9.570	-15.855	-56.2
3.3	-9.543	-18.284	-56.6
3.31	-9.515	-20.898	-55.2
3.32	-9.488	-24.017	-50.3
3.33	-9.460	-26.314	-48.6
3.34	-9.432	-27.477	-54.3
3.35	-9.404	-28.258	-56.5
3.36	-9.376	-28.809	-56.8
3.37	-9.348	-29.058	-55.2
3.38	-9.320	-29.766	-49.3
3.39	-9.294	-32.413	-46.1
3.4	-9.269	-33.586	-49.2
3.41	-9.244	-29.963	-47.9
3.42	-9.218	-26.734	-42.7
3.43	-9.193	-26.414	-33.3
3.44	-9.168	-26.416	-14.8
3.45	-9.143	-25.220	1.3
3.46	-9.117	-22.914	8.5
3.47	-9.093	-21.292	16.9
3.48	-9.069	-20.673	28.8
3.49	-9.045	-20.008	34.0
3.5	-9.022	-19.316	16.0
3.51	-9.000	-18.789	-26.2
3.52	-8.979	-18.419	-58.6
3.53	-8.959	-18.569	-65.5
3.54	-8.939	-17.972	-74.9
3.55	-8.922	-16.242	-78.2
3.56	-8.906	-15.227	-65.1
3.57	-8.886	-14.903	-63.6
3.58	-8.863	-14.952	-41.5
3.59	-8.840	-16.573	85.8
3.6	-8.821	-18.620	299.3
3.61	-8.805	-18.917	357.7
3.62	-8.791	-18.277	169.6
3.63	-8.779	-18.000	-14.7
3.64	-8.771	-18.142	-77.2
3.65	-8.760	-19.163	-81.8
3.66	-8.744	-20.977	-74.6
3.67	-8.724	-21.950	-66.8
3.68	-8.706	-22.078	-58.8
3.69	-8.689	-21.717	-55.2
3.7	-8.672	-20.364	-50.9
3.71	-8.652	-18.720	-45.9
3.72	-8.634	-16.413	-42.2
3.73	-8.617	-10.566	-36.7
3.74	-8.603	2.123	-32.1
3.75	-8.591	20.959	-27.8
3.76	-8.581	39.141	-23.0
3.77	-8.573	48.919	-17.0
3.78	-8.566	51.055	-8.7
3.79	-8.560	51.136	1.5
3.8	-8.555	51.134	13.7
3.81	-8.549	51.066	26.5
3.82	-8.544	49.209	40.6
3.83	-8.538	40.420	62.3
3.84	-8.533	23.873	82.5
3.85	-8.526	6.152	98.9
3.86	-8.519	-8.319	121.7
3.87	-8.512	-18.805	134.5
3.88	-8.505	-25.314	130.4
3.89	-8.499	-28.714	122.2
3.9	-8.494	-30.006	97.5
3.91	-8.493	-29.777	52.8
3.92	-8.492	-28.080	8.5
3.93	-8.489	-25.030	-23.4
3.94	-8.487	-21.608	-40.4
3.95	-8.487	-19.045	-48.1
3.96	-8.488	-18.016	-62.8
3.97	-8.488	-18.742	-66.7
3.98	-8.486	-21.066	-59.4
3.99	-8.481	-24.330	-60.3
4.0	-8.476	-27.566	-60.3
4.01	-8.472	-29.572	-56.7
4.02	-8.468	-29.463	-52.3
4.03	-8.464	-27.411	-49.7
4.04	-8.463	-24.239	-48.1
4.05	-8.461	-20.628	-45.3
4.06	-8.461	-16.925	-43.9
4.07	-8.461	-13.494	-40.5
4.08	-8.461	-10.922	-33.6
4.09	-8.462	-9.600	-38.1
4.1	-8.462	-9.458	-46.4
4.11	-8.461	-10.222	-41.0
4.12	-8.461	-11.730	-39.6
4.13	-8.462	-13.895	-46.4
4.14	-8.463	-16.623	-51.8
4.15	-8.463	-19.584	-50.5
4.16	-8.463	-22.181	-44.8
4.17	-8.462	-24.225	-46.8
4.18	-8.462	-25.961	-50.0
4.19	-8.463	-27.511	-48.1
4.2	-8.467	-28.931	-49.6
4.21	-8.473	-30.180	-46.6
4.22	-8.479	-30.975	-42.7
4.23	-8.488	-31.205	-47.3
4.24	-8.496	-31.127	-55.1
4.25	-8.505	-30.970	-54.8
4.26	-8.516	-30.672	-49.7
4.27	-8.527	-30.125	-45.9
4.28	-8.540	-29.481	-40.5
4.29	-8.554	-28.942	-37.8
4.3	-8.567	-28.511	-44.3
4.31	-8.581	-27.998	-47.6
4.32	-8.594	-27.134	-39.7
4.33	-8.609	-25.911	-34.8
4.34	-8.624	-24.681	-33.4
4.35	-8.643	-23.756	-26.4
4.36	-8.664	-23.188	-16.4
4.37	-8.686	-22.817	-5.8
4.38	-8.710	-22.459	4.5
4.39	-8.735	-22.111	19.2
4.4	-8.761	-21.873	34.0
4.41	-8.787	-21.688	44.3
4.42	-8.814	-21.430	38.5
4.43	-8.842	-21.172	9.1
4.44	-8.871	-21.052	-24.8
4.45	-8.899	-21.113	-45.9
4.46	-8.927	-21.383	-55.6
4.47	-8.955	-21.714	-58.8
4.48	-8.985	-21.923	-59.8
4.49	-9.013	-22.208	-58.5
4.5	-9.036	-22.594	-44.5
4.51	-9.060	-22.727	39.0
4.52	-9.087	-22.759	247.3
4.53	-9.115	-23.092	418.5
4.54	-9.146	-23.422	309.0
4.55	-9.181	-23.338	74.9
4.56	-9.219	-23.034	-35.8
4.57	-9.253	-22.719	-65.8
4.58	-9.279	-22.298	-78.1
4.59	-9.300	-21.863	-72.9
4.6	-9.322	-21.752	-60.5
4.61	-9.345	-22.017	-51.8
4.62	-9.366	-22.208	-54.3
4.63	-9.386	-21.725	-58.3
4.64	-9.406	-19.594	-50.8
4.65	-9.429	-13.694	-41.3
4.66	-9.454	-1.359	-35.8
4.67	-9.481	17.989	-32.2
4.68	-9.509	37.845	-28.8
4.69	-9.537	48.702	-19.9
4.7	-9.567	51.045	-13.0
4.71	-9.596	51.134	-4.2
4.72	-9.624	51.134	5.8
4.73	-9.652	51.077	13.1
4.74	-9.678	49.423	27.9
4.75	-9.703	41.170	45.3
4.76	-9.726	24.856	60.3
4.77	-9.748	6.636	82.6
4.78	-9.770	-8.500	114.9
4.79	-9.793	-19.672	134.7
4.8	-9.816	-27.064	127.7
4.81	-9.839	-31.042	118.4
4.82	-9.861	-32.097	109.0
4.83	-9.886	-30.886	84.4
4.84	-9.914	-28.150	47.6
4.85	-9.941	-24.511	5.3
4.86	-9.967	-20.402	-23.6
4.87	-9.992	-16.497	-40.5
4.88	-10.016	-13.817	-55.6
4.89	-10.039	-13.186	-60.1
4.9	-10.060	-14.772	-55.9
4.91	-10.078	-17.972	-49.3
4.92	-10.092	-21.598	-49.0
4.93	-10.106	-24.425	-46.4
4.94	-10.119	-25.803	-38.8
4.95	-10.134	-25.723	-35.3
4.96	-10.149	-24.381	-36.1
4.97	-10.164	-21.928	-34.9
4.98	-10.181	-18.708	-34.5
4.99	-10.199	-15.380	-37.0
5.0	-10.218	-12.563	-33.8
5.01	-10.236	-10.472	-23.4
5.02	-10.252	-9.022	-22.3
5.03	-10.268	-8.392	-30.7
5.04	-10.284	-9.078	-37.7
5.05	-10.299	-11.086	-40.9
5.06	-10.316	-13.672	-38.2
5.07	-10.332	-16.158	-35.4
5.08	-10.349	-18.603	-34.3
5.09	-10.365	-21.392	-39.2
5.1	-10.381	-24.338	-49.8
5.11	-10.396	-26.716	-46.4
5.12	-10.411	-28.231	-29.6
5.13	-10.426	-29.147	-27.3
5.14	-10.439	-29.597	-41.9
5.15	-10.453	-29.563	-46.1
5.16	-10.465	-29.155	-38.4
5.17	-10.478	-28.475	-30.9
5.18	-10.491	-27.633	-35.7
5.19	-10.504	-26.881	-41.1
5.2	-10.516	-26.313	-32.4
5.21	-10.528	-25.714	-24.6
5.22	-10.539	-24.920	-17.0
5.23	-10.549	-23.931	-15.8
5.24	-10.556	-22.784	-21.9
5.25	-10.563	-21.598	-8.0
5.26	-10.568	-20.566	21.3
5.27	-10.573	-19.800	39.0
5.28	-10.576	-19.163	38.9
5.29	-10.578	-18.436	31.5
5.3	-10.578	-17.692	7.8
5.31	-10.578	-17.217	-28.1
5.32	-10.577	-17.188	-53.6
5.33	-10.574	-17.584	-60.4
5.34	-10.571	-18.172	-52.4
5.35	-10.566	-18.753	-48.3
5.36	-10.556	-19.278	-59.8
5.37	-10.533	-19.634	-59.3
5.38	-10.503	-19.794	9.1
5.39	-10.472	-19.906	191.2
5.4	-10.444	-20.058	347.3
5.41	-10.419	-20.209	258.2
5.42	-10.396	-20.278	49.8
5.43	-10.378	-20.273	-57.7
5.44	-10.361	-20.356	-75.3
5.45	-10.338	-20.744	-67.3
5.46	-10.303	-21.488	-63.8
5.47	-10.259	-22.334	-60.8
5.48	-10.217	-23.000	-57.3
5.49	-10.179	-23.334	-52.9
5.5	-10.142	-22.739	-44.3
5.51	-10.107	-19.880	-39.4
5.52	-10.075	-15.584	-34.2
5.53	-10.046	-10.133	-27.0
5.54	-10.018	0.667	-28.2
5.55	-9.991	18.200	-25.9
5.56	-9.963	36.689	-16.3
5.57	-9.936	47.961	-6.1
5.58	-9.909	50.972	6.6
5.59	-9.880	51.131	13.7
5.6	-9.851	51.127	17.5
5.61	-9.821	50.645	35.0
5.62	-9.791	46.023	58.5
5.63	-9.760	32.867	72.1
5.64	-9.731	14.356	91.1
5.65	-9.701	-2.913	116.0
5.66	-9.673	-16.480	129.9
5.67	-9.646	-26.069	141.3
5.68	-9.619	-31.758	146.8
5.69	-9.595	-34.017	128.2
5.7	-9.577	-33.734	89.0
5.71	-9.561	-31.786	44.8
5.72	-9.541	-28.681	-0.2
5.73	-9.518	-24.834	-32.0
5.74	-9.495	-20.969	-51.2
5.75	-9.474	-18.084	-69.8
5.76	-9.451	-17.106	-78.8
5.77	-9.424	-18.236	-75.7
5.78	-9.396	-20.608	-65.2
5.79	-9.367	-22.839	-57.5
5.8	-9.339	-23.920	-63.2
5.81	-9.312	-23.655	-62.3
5.82	-9.286	-22.288	-57.2
5.83	-9.262	-19.953	-54.7
5.84	-9.239	-16.834	-48.3
5.85	-9.219	-13.356	-44.6
5.86	-9.199	-9.948	-45.4
5.87	-9.181	-6.998	-49.8
5.88	-9.164	-4.870	-46.1
5.89	-9.148	-3.930	-37.9
5.9	-9.132	-4.452	-44.4
5.91	-9.117	-6.303	-57.6
5.92	-9.101	-9.028	-64.7
5.93	-9.086	-12.183	-58.5
5.94	-9.071	-15.417	-49.7
5.95	-9.055	-18.541	-56.3
5.96	-9.039	-21.417	-68.1
5.97	-9.023	-23.772	-63.8
5.98	-9.008	-25.442	-52.2
5.99	-8.994	-26.556	-46.8
6.0	-8.982	-27.292	-56.4
6.01	-8.973	-27.706	-66.5
6.02	-8.963	-27.681	-58.5
6.03	-8.954	-27.247	-54.0
6.04	-8.945	-26.675	-62.8
6.05	-8.936	-26.075	-62.5
6.06	-8.926	-25.430	-52.8
6.07	-8.916	-24.741	-47.1
6.08	-8.905	-24.022	-42.5
6.09	-8.895	-23.308	-42.0
6.1	-8.884	-22.592	-41.0
6.11	-8.874	-21.913	-32.3
6.12	-8.865	-21.364	-19.2
6.13	-8.856	-20.947	-3.6
6.14	-8.848	-20.478	7.4
6.15	-8.840	-19.773	20.9
6.16	-8.834	-19.034	31.5
6.17	-8.829	-18.706	19.0
6.18	-8.825	-18.905	-16.2
6.19	-8.821	-19.297	-48.5
6.2	-8.816	-19.448	-63.0
6.21	-8.811	-19.283	-69.0
6.22	-8.806	-19.022	-70.4
6.23	-8.803	-18.800	-74.7
6.24	-8.797	-18.655	-84.7
6.25	-8.786	-18.555	-67.4
6.26	-8.774	-18.459	21.5
6.27	-8.765	-18.555	214.4
6.28	-8.759	-19.034	361.7
6.29	-8.755	-19.666	257.5
6.3	-8.755	-20.013	48.8
6.31	-8.761	-19.981	-56.6
6.32	-8.763	-19.784	-85.8
6.33	-8.758	-19.603	-90.3
6.34	-8.746	-19.563	-87.8
6.35	-8.734	-19.841	-84.1
6.36	-8.726	-20.405	-73.7
6.37	-8.718	-20.967	-62.2
6.38	-8.708	-21.075	-55.2
6.39	-8.698	-19.845	-47.8
6.4	-8.691	-15.780	-43.2
6.41	-8.686	-6.877	-42.1
6.42	-8.683	8.478	-39.5
6.43	-8.680	28.328	-34.8
6.44	-8.679	44.194	-28.6
6.45	-8.679	50.372	-24.1
6.46	-8.679	51.123	-21.7
6.47	-8.681	51.134	-4.8
6.48	-8.682	51.070	19.4
6.49	-8.684	49.317	31.5
6.5	-8.687	41.019	41.9
6.51	-8.689	25.042	63.8
6.52	-8.690	7.378	85.7
6.53	-8.690	-7.270	96.5
6.54	-8.690	-18.167	109.6
6.55	-8.691	-25.580	118.2
6.56	-8.694	-29.844	106.5
6.57	-8.700	-31.459	87.0
6.58	-8.711	-31.128	62.5
6.59	-8.725	-29.363	29.2
6.6	-8.738	-26.439	-4.8
6.61	-8.751	-22.859	-31.0
6.62	-8.769	-19.466	-52.0
6.63	-8.793	-17.073	-67.8
6.64	-8.817	-16.387	-76.4
6.65	-8.839	-17.642	-79.6
6.66	-8.860	-20.039	-82.5
6.67	-8.879	-22.303	-79.8
6.68	-8.896	-23.694	-65.4
6.69	-8.914	-23.917	-57.8
6.7	-8.933	-22.778	-59.1
6.71	-8.952	-20.559	-51.4
6.72	-8.971	-17.986	-45.1
6.73	-8.991	-15.502	-49.0
6.74	-9.014	-13.063	-53.9
6.75	-9.036	-10.713	-52.7
6.76	-9.058	-8.986	-52.9
6.77	-9.078	-8.327	-60.3
6.78	-9.098	-8.616	-59.3
6.79	-9.117	-9.567	-47.5
6.8	-9.138	-11.069	-43.4
6.81	-9.158	-13.073	-51.8
6.82	-9.178	-15.400	-60.2
6.83	-9.197	-17.756	-64.8
6.84	-9.217	-19.956	-63.7
6.85	-9.238	-21.938	-59.6
6.86	-9.259	-23.619	-60.7
6.87	-9.281	-24.858	-57.3
6.88	-9.303	-25.589	-58.2
6.89	-9.324	-25.911	-60.8
6.9	-9.345	-25.998	-53.0
6.91	-9.366	-25.963	-50.8
6.92	-9.386	-25.780	-56.2
6.93	-9.407	-25.425	-53.9
6.94	-9.428	-25.013	-45.7
6.95	-9.449	-24.600	-47.1
6.96	-9.471	-24.113	-52.2
6.97	-9.493	-23.583	-48.7
6.98	-9.514	-23.111	-49.7
6.99	-9.535	-22.539	-56.2
7.0	-9.555	-21.689	-52.1
7.01	-9.574	-20.805	-42.6
7.02	-9.592	-20.189	-39.0
7.03	-9.611	-19.773	-39.9
7.04	-9.629	-19.455	-33.8
7.05	-9.648	-19.280	-18.7
7.06	-9.666	-19.175	-14.0
7.07	-9.684	-19.030	-14.8
7.08	-9.704	-18.852	-3.7
7.09	-9.724	-18.631	16.1
7.1	-9.744	-18.397	36.6
7.11	-9.763	-18.305	40.8
7.12	-9.781	-18.444	14.1
7.13	-9.798	-18.655	-18.3
7.14	-9.816	-18.861	-41.2
7.15	-9.834	-19.184	-57.9
7.16	-9.853	-19.644	-67.1
7.17	-9.873	-20.014	-70.5
7.18	-9.889	-20.078	-71.3
7.19	-9.899	-19.906	-52.5
7.2	-9.909	-19.692	31.3
7.21	-9.920	-19.616	222.0
7.22	-9.933	-19.750	374.8
7.23	-9.948	-19.888	270.1
7.24	-9.966	-19.834	52.8
7.25	-9.987	-19.656	-58.1
7.26	-10.006	-19.563	-80.8
7.27	-10.017	-19.652	-67.5
7.28	-10.021	-19.859	-60.6
7.29	-10.025	-20.211	-61.9
7.3	-10.032	-20.803	-55.7
7.31	-10.040	-21.445	-50.6
7.32	-10.048	-21.600	-42.7
7.33	-10.056	-20.389	-32.4
7.34	-10.067	-16.275	-32.1
7.35	-10.079	-7.139	-36.4
7.36	-10.091	8.617	-23.3
7.37	-10.102	28.777	-9.3
7.38	-10.113	44.542	-11.9
7.39	-10.123	50.455	-4.1
7.4	-10.133	51.125	9.5
7.41	-10.143	51.134	16.2
7.42	-10.152	51.095	27.8
7.43	-10.161	49.698	44.6
7.44	-10.170	41.931	56.2
7.45	-10.178	25.698	65.1
7.46	-10.186	6.947	87.0
7.47	-10.192	-8.939	113.8
7.48	-10.198	-20.828	126.3
7.49	-10.204	-28.819	133.9
7.5	-10.211	-33.355	141.3
7.51	-10.219	-34.764	130.2
7.52	-10.231	-33.556	94.3
7.53	-10.246	-30.711	49.1
7.54	-10.256	-27.036	3.6
7.55	-10.264	-22.881	-26.5
7.56	-10.271	-18.820	-38.4
7.57	-10.278	-15.902	-51.0
7.58	-10.283	-14.931	-61.4
7.59	-10.283	-15.791	-64.8
7.6	-10.279	-17.745	-57.6
7.61	-10.273	-19.938	-46.5
7.62	-10.266	-21.470	-45.7
7.63	-10.259	-21.800	-47.9
7.64	-10.249	-20.880	-45.9
7.65	-10.238	-18.767	-36.8
7.66	-10.225	-15.733	-36.0
7.67	-10.211	-12.398	-46.3
7.68	-10.195	-9.184	-54.2
7.69	-10.178	-6.358	-51.2
7.7	-10.159	-4.416	-38.9
7.71	-10.139	-3.708	-36.6
7.72	-10.118	-4.161	-41.8
7.73	-10.095	-5.652	-41.6
7.74	-10.073	-8.072	-47.3
7.75	-10.049	-11.041	-56.9
7.76	-10.026	-14.034	-56.4
7.77	-10.003	-16.825	-56.6
7.78	-9.979	-19.425	-56.7
7.79	-9.954	-21.753	-50.2
7.8	-9.931	-23.597	-45.7
7.81	-9.908	-24.800	-41.2
7.82	-9.886	-25.356	-41.2
7.83	-9.865	-25.538	-49.1
7.84	-9.844	-25.658	-56.7
7.85	-9.822	-25.631	-56.8
7.86	-9.801	-25.225	-51.3
7.87	-9.777	-24.586	-45.2
7.88	-9.754	-23.900	-41.6
7.89	-9.731	-23.122	-45.2
7.9	-9.709	-22.372	-49.3
7.91	-9.686	-21.780	-45.5
7.92	-9.664	-21.220	-44.1
7.93	-9.641	-20.645	-39.1
7.94	-9.618	-20.144	-28.0
7.95	-9.594	-19.694	-15.7
7.96	-9.571	-19.144	-0.3
7.97	-9.549	-18.386	11.8
7.98	-9.527	-17.614	21.7
7.99	-9.506	-17.130	29.9
8.0	-9.486	-16.886	20.8
8.01	-9.466	-16.698	-11.2
8.02	-9.448	-16.631	-44.7
8.03	-9.430	-16.703	-56.8
8.04	-9.412	-16.820	-61.5
8.05	-9.394	-17.003	-69.5
8.06	-9.377	-17.169	-73.0
8.07	-9.356	-17.139	-72.0
8.08	-9.331	-17.047	-50.7
8.09	-9.304	-17.188	48.0
8.1	-9.282	-17.667	252.0
8.11	-9.263	-18.305	365.0
8.12	-9.247	-18.722	218.0
8.13	-9.237	-18.797	8.9
8.14	-9.232	-18.736	-73.1
8.15	-9.226	-18.658	-82.4
8.16	-9.213	-18.663	-79.7
8.17	-9.195	-18.872	-69.8
8.18	-9.175	-19.283	-67.4
8.19	-9.156	-19.914	-64.0
8.2	-9.138	-20.702	-57.9
8.21	-9.117	-21.123	-57.8
8.22	-9.097	-20.106	-52.6
8.23	-9.081	-15.981	-42.3
8.24	-9.067	-6.720	-39.3
8.25	-9.056	8.895	-36.1
8.26	-9.046	28.577	-29.4
8.27	-9.037	44.189	-22.5
8.28	-9.031	50.345	-7.8
8.29	-9.024	51.125	-0.4
8.3	-9.019	51.133	1.8
8.31	-9.013	51.036	22.0
8.32	-9.007	48.911	41.4
8.33	-9.001	39.997	51.2
8.34	-8.994	23.966	66.5
8.35	-8.987	6.680	91.4
8.36	-8.980	-7.933	112.2
8.37	-8.973	-19.027	121.8
8.38	-8.966	-26.436	125.8
8.39	-8.960	-30.455	123.2
8.4	-8.956	-31.717	108.2
8.41	-8.956	-30.922	75.8
8.42	-8.957	-28.605	31.4
8.43	-8.956	-25.114	-9.0
8.44	-8.953	-20.872	-32.9
8.45	-8.952	-16.805	-44.6
8.46	-8.953	-14.158	-61.7
8.47	-8.952	-13.670	-78.3
8.48	-8.948	-15.166	-81.0
8.49	-8.943	-17.916	-73.0
8.5	-8.937	-20.786	-60.4
8.51	-8.931	-22.603	-55.9
8.52	-8.925	-22.886	-59.7
8.53	-8.918	-21.731	-53.8
8.54	-8.911	-19.450	-48.4
8.55	-8.904	-16.569	-44.3
8.56	-8.899	-13.619	-42.3
8.57	-8.896	-10.944	-48.3
8.58	-8.892	-8.794	-50.3
8.59	-8.889	-7.431	-53.4
8.6	-8.886	-6.995	-55.0
8.61	-8.883	-7.445	-49.4
8.62	-8.879	-8.748	-48.3
8.63	-8.874	-10.738	-49.0
8.64	-8.870	-12.958	-51.1
8.65	-8.865	-15.113	-56.4
8.66	-8.861	-17.284	-53.3
8.67	-8.856	-19.431	-50.5
8.68	-8.852	-21.302	-54.4
8.69	-8.848	-22.825	-52.2
8.7	-8.846	-24.005	-51.3
8.71	-8.845	-24.759	-54.3
8.72	-8.844	-25.120	-53.9
8.73	-8.844	-25.266	-49.0
8.74	-8.842	-25.297	-45.9
8.75	-8.841	-25.144	-46.4
8.76	-8.841	-24.783	-47.1
8.77	-8.840	-24.339	-46.7
8.78	-8.841	-23.863	-47.4
8.79	-8.842	-23.228	-47.9
8.8	-8.844	-22.428	-45.9
8.81	-8.845	-21.619	-44.2
8.82	-8.846	-20.847	-44.2
8.83	-8.847	-20.159	-44.1
8.84	-8.849	-19.736	-38.7
8.85	-8.852	-19.602	-30.7
8.86	-8.856	-19.495	-19.2
8.87	-8.860	-19.194	-8.0
8.88	-8.866	-18.813	-2.0
8.89	-8.873	-18.464	14.2
8.9	-8.882	-18.025	33.0
8.91	-8.893	-17.511	40.5
8.92	-8.903	-17.131	28.7
8.93	-8.914	-17.005	-12.3
8.94	-8.926	-17.088	-53.8
8.95	-8.938	-17.264	-63.1
8.96	-8.951	-17.464	-62.9
8.97	-8.969	-17.714	-66.2
8.98	-8.989	-17.977	-66.6
8.99	-9.002	-18.178	-65.5
9.0	-9.009	-18.319	-38.7
9.01	-9.019	-18.425	78.8
9.02	-9.033	-18.588	299.6
9.03	-9.049	-18.842	391.6
9.04	-9.068	-19.014	216.2
9.05	-9.095	-19.044	15.5
9.06	-9.127	-19.084	-67.8
9.07	-9.154	-19.105	-88.2
9.08	-9.171	-19.012	-79.2
9.09	-9.183	-18.945	-66.7
9.1	-9.197	-19.081	-66.5
9.11	-9.213	-19.361	-68.3
9.12	-9.224	-19.420	-58.7
9.13	-9.231	-18.734	-45.7
9.14	-9.239	-16.323	-44.3
9.15	-9.253	-10.084	-44.7
9.16	-9.272	2.309	-36.2
9.17	-9.293	20.697	-28.8
9.18	-9.316	38.920	-28.8
9.19	-9.341	48.844	-23.5
9.2	-9.366	51.045	-10.5
9.21	-9.389	51.134	1.4
9.22	-9.412	51.127	12.2
9.23	-9.434	50.819	23.6
9.24	-9.457	47.188	31.7
9.25	-9.482	35.803	47.6
9.26	-9.506	18.905	70.9
9.27	-9.530	2.848	92.7
9.28	-9.553	-9.733	114.6
9.29	-9.574	-18.809	129.8
9.3	-9.594	-24.777	131.6
9.31	-9.614	-27.956	120.1
9.32	-9.633	-28.686	100.5
9.33	-9.654	-27.544	74.8
9.34	-9.679	-25.100	37.1
9.35	-9.706	-21.706	-1.2
9.36	-9.731	-17.822	-26.5
9.37	-9.755	-14.248	-43.2
9.38	-9.779	-11.931	-52.2
9.39	-9.800	-11.603	-54.6
9.4	-9.818	-13.269	-56.7
9.41	-9.833	-16.080	-53.8
9.42	-9.847	-18.942	-47.7
9.43	-9.860	-21.019	-46.6
9.44	-9.874	-21.806	-48.8
9.45	-9.888	-21.188	-44.9
9.46	-9.904	-19.428	-35.7
9.47	-9.919	-16.955	-28.6
9.48	-9.934	-14.127	-25.5
9.49	-9.948	-11.313	-29.5
9.5	-9.963	-8.847	-32.1
9.51	-9.976	-7.020	-33.1
9.52	-9.989	-6.131	-32.6
9.53	-10.003	-6.308	-33.3
9.54	-10.015	-7.439	-43.6
9.55	-10.027	-9.278	-44.7
9.56	-10.038	-11.536	-37.4
9.57	-10.049	-13.997	-35.3
9.58	-10.059	-16.480	-34.7
9.59	-10.069	-18.786	-37.9
9.6	-10.080	-20.781	-46.2
9.61	-10.092	-22.358	-43.2
9.62	-10.103	-23.480	-37.3
9.63	-10.114	-24.266	-36.7
9.64	-10.125	-24.806	-34.1
9.65	-10.136	-25.047	-37.6
9.66	-10.146	-25.014	-40.3
9.67	-10.156	-24.742	-40.2
9.68	-10.166	-24.197	-42.6
9.69	-10.175	-23.523	-41.0
9.7	-10.183	-22.920	-35.3
9.71	-10.191	-22.394	-29.7
9.72	-10.199	-21.903	-29.1
9.73	-10.206	-21.372	-35.6
9.74	-10.213	-20.681	-36.9
9.75	-10.219	-19.856	-27.2
9.76	-10.225	-19.011	-33.6
9.77	-10.231	-18.205	-41.4
9.78	-10.238	-17.517	-27.3
9.79	-10.244	-17.045	-11.0
9.8	-10.251	-16.808	-5.7
9.81	-10.256	-16.720	0.1
9.82	-10.261	-16.702	19.9
9.83	-10.265	-16.814	42.3
9.84	-10.268	-16.944	44.9
9.85	-10.269	-16.933	20.1
9.86	-10.270	-16.980	-14.5
9.87	-10.271	-17.156	-42.3
9.88	-10.273	-17.256	-56.6
9.89	-10.273	-17.306	-54.1
9.9	-10.275	-17.488	-49.1
9.91	-10.276	-17.725	-48.2
9.92	-10.268	-17.869	-47.0
9.93	-10.254	-17.955	-15.1
9.94	-10.239	-18.084	117.6
9.95	-10.228	-18.308	317.8
9.96	-10.220	-18.528	338.1
9.97	-10.217	-18.564	134.5
9.98	-10.220	-18.363	-25.4
9.99	-10.227	-18.119	-62.7
10.0	-10.226	-18.153	-63.6
10.01	-10.211	-18.572	-59.4
10.02	-10.186	-19.191	-60.9
10.03	-10.161	-19.870	-62.7
10.04	-10.138	-20.650	-55.7
10.05	-10.114	-21.361	-48.4
10.06	-10.092	-21.423	-44.9
10.07	-10.072	-19.792	-36.7
10.08	-10.056	-14.750	-27.5
10.09	-10.043	-4.325	-22.2
10.1	-10.031	12.209	-20.5
10.11	-10.017	31.606	-17.5
10.12	-10.003	45.689	-9.4
10.13	-9.990	50.619	-0.7
10.14	-9.976	51.127	9.5
10.15	-9.962	51.133	16.8
10.16	-9.947	51.016	25.3
10.17	-9.933	48.594	52.6
10.18	-9.918	38.947	74.0
10.19	-9.902	22.291	81.6
10.2	-9.885	4.894	102.5
10.21	-9.867	-9.331	126.5
10.22	-9.849	-19.620	139.4
10.23	-9.832	-26.116	141.9
10.24	-9.816	-29.341	131.9
10.25	-9.804	-29.938	111.7
10.26	-9.797	-28.653	80.1
10.27	-9.788	-26.045	32.2
10.28	-9.773	-22.552	-13.8
10.29	-9.758	-18.831	-39.7
10.3	-9.744	-15.777	-56.8
10.31	-9.729	-14.217	-67.3
10.32	-9.712	-14.427	-64.3
10.33	-9.691	-15.983	-56.7
10.34	-9.668	-18.178	-57.3
10.35	-9.645	-20.159	-58.0
10.36	-9.624	-21.048	-51.7
10.37	-9.603	-20.444	-49.0
10.38	-9.582	-18.616	-47.8
10.39	-9.562	-16.102	-44.1
10.4	-9.543	-13.192	-41.2
10.41	-9.526	-10.056	-34.6
10.42	-9.509	-7.177	-31.7
10.43	-9.491	-5.022	-37.5
10.44	-9.473	-3.663	-43.3
10.45	-9.455	-3.183	-47.9
10.46	-9.438	-3.831	-47.8
10.47	-9.422	-5.573	-43.1
10.48	-9.407	-8.042	-43.9
10.49	-9.392	-10.894	-47.4
10.5	-9.378	-13.864	-46.8
10.51	-9.365	-16.762	-49.6
10.52	-9.352	-19.463	-58.1
10.53	-9.339	-21.727	-57.4
10.54	-9.328	-23.352	-49.3
10.55	-9.318	-24.405	-46.7
10.56	-9.309	-25.100	-47.1
10.57	-9.301	-25.527	-45.7
10.58	-9.292	-25.684	-41.8
10.59	-9.284	-25.594	-39.2
10.6	-9.274	-25.231	-42.2
10.61	-9.265	-24.613	-47.9
10.62	-9.256	-23.848	-53.6
10.63	-9.246	-23.023	-57.0
10.64	-9.236	-22.183	-54.0
10.65	-9.227	-21.389	-46.4
10.66	-9.217	-20.647	-44.2
10.67	-9.208	-19.947	-41.7
10.68	-9.197	-19.295	-41.1
10.69	-9.186	-18.611	-39.3
10.7	-9.174	-17.913	-32.1
10.71	-9.162	-17.409	-28.3
10.72	-9.149	-17.173	-22.7
10.73	-9.138	-17.048	-14.2
10.74	-9.127	-16.961	-4.2
10.75	-9.117	-16.859	9.1
10.76	-9.107	-16.689	26.3
10.77	-9.099	-16.577	40.6
10.78	-9.090	-16.630	34.2
10.79	-9.081	-16.816	-3.8
10.8	-9.074	-17.042	-44.4
10.81	-9.066	-17.316	-57.7
10.82	-9.059	-17.777	-59.4
10.83	-9.053	-18.336	-62.0
10.84	-9.048	-18.681	-72.4
10.85	-9.039	-18.653	-76.2
10.86	-9.024	-18.450	-45.4
10.87	-9.011	-18.463	61.9
10.88	-9.000	-18.822	269.5
10.89	-8.992	-19.269	371.8
10.9	-8.986	-19.592	218.7
10.91	-8.985	-19.884	25.9
10.92	-8.988	-20.244	-57.5
10.93	-8.986	-20.503	-78.8
10.94	-8.974	-20.456	-78.7
10.95	-8.959	-20.208	-80.2
10.96	-8.947	-20.127	-74.4
10.97	-8.937	-20.419	-62.8
10.98	-8.926	-20.759	-57.3
10.99	-8.913	-20.433	-46.2
11.0	-8.900	-18.436	-44.1
11.01	-8.889	-13.044	-50.1
11.02	-8.881	-2.270	-46.1
11.03	-8.874	14.408	-39.4
11.04	-8.869	33.372	-30.6
11.05	-8.866	46.492	-21.4
11.06	-8.863	50.747	-14.9
11.07	-8.862	51.125	-8.3
11.08	-8.862	51.134	-3.7
11.09	-8.863	51.047	8.9
11.1	-8.863	49.106	30.4
11.11	-8.864	40.914	48.8
11.12	-8.864	26.159	68.8
11.13	-8.863	10.383	91.2
11.14	-8.861	-2.722	106.2
11.15	-8.859	-12.525	115.0
11.16	-8.857	-19.119	116.6
11.17	-8.855	-23.011	112.2
11.18	-8.856	-24.711	103.8
11.19	-8.861	-24.577	75.2
11.2	-8.871	-23.106	34.0
11.21	-8.881	-20.761	-1.4
11.22	-8.890	-17.889	-37.5
11.23	-8.904	-15.081	-57.5
11.24	-8.923	-13.122	-65.9
11.25	-8.944	-12.631	-72.5
11.26	-8.966	-13.739	-68.3
11.27	-8.987	-15.897	-61.7
11.28	-9.006	-18.305	-58.4
11.29	-9.023	-20.253	-60.2
11.3	-9.039	-21.152	-60.8
11.31	-9.054	-20.802	-54.4
11.32	-9.069	-19.392	-51.8
11.33	-9.085	-17.238	-48.1
11.34	-9.102	-14.702	-41.8
11.35	-9.119	-12.144	-43.7
11.36	-9.138	-9.898	-44.9
11.37	-9.158	-8.197	-45.3
11.38	-9.178	-7.181	-50.8
11.39	-9.199	-7.061	-50.7
11.4	-9.222	-7.889	-50.5
11.41	-9.244	-9.372	-53.5
11.42	-9.268	-11.203	-53.2
11.43	-9.293	-13.172	-48.7
11.44	-9.318	-15.116	-48.8
11.45	-9.341	-17.030	-53.9
11.46	-9.364	-18.889	-57.1
11.47	-9.387	-20.530	-56.9
11.48	-9.409	-21.933	-51.8
11.49	-9.432	-23.173	-47.9
11.5	-9.454	-24.188	-47.2
11.51	-9.477	-24.881	-45.0
11.52	-9.499	-25.144	-44.8
11.53	-9.523	-24.902	-47.3
11.54	-9.546	-24.364	-47.6
11.55	-9.569	-23.811	-41.3
11.56	-9.591	-23.263	-37.6
11.57	-9.613	-22.613	-43.8
11.58	-9.634	-21.856	-45.5
11.59	-9.654	-21.106	-42.6
11.6	-9.674	-20.514	-42.1
11.61	-9.693	-20.134	-37.7
11.62	-9.711	-19.798	-38.1
11.63	-9.727	-19.330	-40.0
11.64	-9.743	-18.805	-36.3
11.65	-9.760	-18.314	-35.6
11.66	-9.777	-17.813	-38.4
11.67	-9.794	-17.342	-39.2
11.68	-9.813	-16.978	-34.1
11.69	-9.829	-16.717	-29.7
11.7	-9.846	-16.586	-23.3
11.71	-9.863	-16.692	-10.3
11.72	-9.879	-17.019	1.9
11.73	-9.895	-17.316	19.3
11.74	-9.911	-17.541	38.4
11.75	-9.926	-17.892	48.6
11.76	-9.940	-18.347	30.5
11.77	-9.954	-18.741	-10.6
11.78	-9.967	-19.048	-33.7
11.79	-9.981	-19.309	-41.5
11.8	-9.996	-19.555	-49.9
11.81	-10.012	-19.800	-46.7
11.82	-10.027	-19.955	-48.2
11.83	-10.038	-19.917	-59.6
11.84	-10.044	-19.838	-27.2
11.85	-10.049	-19.906	108.7
11.86	-10.059	-20.113	314.0
11.87	-10.070	-20.286	364.5
11.88	-10.084	-20.166	178.6
11.89	-10.101	-19.698	-9.4
11.9	-10.119	-19.206	-75.3
11.91	-10.133	-19.025	-74.3
11.92	-10.139	-19.091	-60.2
11.93	-10.139	-19.255	-60.3
11.94	-10.141	-19.728	-60.8
11.95	-10.146	-20.659	-53.4
11.96	-10.151	-21.600	-52.3
11.97	-10.156	-21.708	-45.4
11.98	-10.163	-19.881	-32.3
11.99	-10.174	-14.511	-25.8
12.0	-10.186	-3.769	-24.3
12.01	-10.197	13.070	-25.0
12.02	-10.208	32.566	-16.7
12.03	-10.219	46.234	-2.6
12.04	-10.229	50.719	7.8
12.05	-10.240	51.125	14.6
12.06	-10.251	51.134	19.3
12.07	-10.261	51.058	30.9
12.08	-10.269	49.225	49.9
12.09	-10.277	41.113	63.3
12.1	-10.286	25.989	78.3
12.11	-10.295	9.411	107.4
12.12	-10.304	-4.502	132.0
12.13	-10.313	-14.944	145.7
12.14	-10.321	-22.006	148.3
12.15	-10.328	-26.069	140.6
12.16	-10.337	-27.577	124.6
12.17	-10.349	-27.095	88.1
12.18	-10.363	-25.227	45.6
12.19	-10.374	-22.373	11.3
12.2	-10.383	-18.891	-19.9
12.21	-10.393	-15.475	-44.0
12.22	-10.402	-13.123	-56.1
12.23	-10.408	-12.423	-58.9
12.24	-10.409	-13.231	-58.9
12.25	-10.408	-15.097	-59.3
12.26	-10.407	-17.269	-56.8
12.27	-10.405	-18.852	-54.1
12.28	-10.403	-19.375	-50.4
12.29	-10.401	-18.691	-40.3
12.3	-10.396	-16.920	-37.9
12.31	-10.391	-14.445	-37.7
12.32	-10.384	-11.514	-33.9
12.33	-10.375	-8.316	-39.4
12.34	-10.363	-5.433	-34.0
12.35	-10.348	-3.566	-30.2
12.36	-10.329	-2.877	-41.2
12.37	-10.307	-3.213	-39.6
12.38	-10.282	-4.530	-38.8
12.39	-10.254	-6.695	-43.7
12.4	-10.226	-9.317	-46.9
12.41	-10.198	-12.052	-48.9
12.42	-10.169	-14.791	-45.8
12.43	-10.142	-17.291	-46.1
12.44	-10.114	-19.319	-53.3
12.45	-10.087	-21.031	-50.9
12.46	-10.059	-22.520	-43.6
12.47	-10.033	-23.648	-46.0
12.48	-10.007	-24.378	-45.5
12.49	-9.981	-24.758	-43.0
12.5	-9.953	-24.802	-45.5
12.51	-9.926	-24.492	-44.6
12.52	-9.898	-23.963	-41.6
12.53	-9.872	-23.438	-44.0
12.54	-9.846	-22.970	-46.8
12.55	-9.821	-22.422	-44.1
12.56	-9.795	-21.747	-38.4
12.57	-9.769	-21.092	-38.3
12.58	-9.744	-20.573	-41.8
12.59	-9.720	-20.083	-39.0
12.6	-9.696	-19.495	-33.2
12.61	-9.672	-18.881	-26.9
12.62	-9.650	-18.325	-22.6
12.63	-9.628	-17.831	-16.6
12.64	-9.607	-17.453	-1.3
12.65	-9.586	-17.177	20.1
12.66	-9.564	-16.914	36.6
12.67	-9.543	-16.716	40.8
12.68	-9.521	-16.686	13.8
12.69	-9.500	-16.764	-35.7
12.7	-9.480	-16.833	-61.3
12.71	-9.462	-16.944	-64.7
12.72	-9.446	-17.180	-68.1
12.73	-9.432	-17.380	-68.1
12.74	-9.417	-17.377	-68.6
12.75	-9.396	-17.278	-65.1
12.76	-9.372	-17.308	-5.8
12.77	-9.348	-17.569	160.6
12.78	-9.328	-17.948	340.3
12.79	-9.311	-18.338	303.8
12.8	-9.298	-18.723	87.9
12.81	-9.292	-19.041	-58.5
12.82	-9.287	-19.294	-86.4
12.83	-9.277	-19.573	-73.1
12.84	-9.261	-19.858	-70.1
12.85	-9.241	-20.116	-75.8
12.86	-9.224	-20.514	-78.4
12.87	-9.207	-21.134	-68.9
12.88	-9.191	-21.627	-54.2
12.89	-9.173	-21.325	-52.3
12.9	-9.158	-19.200	-52.0
12.91	-9.146	-13.498	-44.7
12.92	-9.137	-2.303	-41.7
12.93	-9.129	14.702	-39.9
12.94	-9.121	33.669	-29.7
12.95	-9.114	46.603	-19.7
12.96	-9.106	50.759	-12.6
12.97	-9.100	51.127	-5.1
12.98	-9.095	51.133	4.0
12.99	-9.091	51.013	20.2
13.0	-9.088	48.714	42.7
13.01	-9.084	39.936	61.6
13.02	-9.078	25.081	75.0
13.03	-9.072	9.631	89.8
13.04	-9.066	-3.202	108.5
13.05	-9.058	-12.934	127.4
13.06	-9.051	-19.713	130.0
13.07	-9.044	-23.830	115.7
13.08	-9.041	-25.678	89.5
13.09	-9.042	-25.663	53.6
13.1	-9.043	-24.006	16.8
13.11	-9.041	-21.070	-17.5
13.12	-9.038	-17.602	-48.9
13.13	-9.038	-14.463	-69.3
13.14	-9.039	-12.469	-77.3
13.15	-9.039	-12.250	-71.9
13.16	-9.036	-13.788	-61.8
13.17	-9.031	-16.308	-61.4
13.18	-9.025	-18.847	-61.3
13.19	-9.018	-20.627	-60.9
13.2	-9.011	-21.120	-62.3
13.21	-9.004	-20.106	-58.7
13.22	-8.996	-17.839	-52.1
13.23	-8.989	-15.009	-45.9
13.24	-8.982	-12.152	-45.4
13.25	-8.976	-9.456	-45.5
13.26	-8.969	-7.255	-42.3
13.27	-8.964	-6.014	-40.0
13.28	-8.959	-5.894	-47.9
13.29	-8.953	-6.613	-60.6
13.3	-8.946	-7.811	-53.6
13.31	-8.939	-9.367	-43.3
13.32	-8.933	-11.180	-50.7
13.33	-8.926	-13.073	-55.1
13.34	-8.919	-15.097	-52.5
13.35	-8.912	-17.375	-51.7
13.36	-8.906	-19.725	-52.8
13.37	-8.899	-21.858	-52.5
13.38	-8.893	-23.650	-53.5
13.39	-8.888	-25.045	-57.3
13.4	-8.883	-25.948	-52.4
13.41	-8.877	-26.358	-43.7
13.42	-8.872	-26.356	-44.6
13.43	-8.867	-26.008	-47.3
13.44	-8.863	-25.430	-44.5
13.45	-8.859	-24.767	-46.6
13.46	-8.854	-24.058	-53.3
13.47	-8.850	-23.325	-54.1
13.48	-8.846	-22.686	-47.5
13.49	-8.842	-22.194	-43.5
13.5	-8.838	-21.753	-47.3
13.51	-8.834	-21.291	-47.3
13.52	-8.829	-20.911	-42.3
13.53	-8.826	-20.667	-42.9
13.54	-8.822	-20.347	-43.6
13.55	-8.820	-19.763	-28.3
13.56	-8.818	-19.088	-17.0
13.57	-8.816	-18.653	-19.2
13.58	-8.816	-18.434	-10.3
13.59	-8.816	-18.161	12.5
13.6	-8.818	-17.906	27.2
13.61	-8.819	-17.905	31.9
13.62	-8.821	-18.122	27.9
13.63	-8.823	-18.445	-1.9
13.64	-8.826	-18.794	-45.3
13.65	-8.828	-19.080	-72.2
13.66	-8.834	-19.273	-72.4
13.67	-8.844	-19.427	-64.1
13.68	-8.856	-19.611	-60.2
13.69	-8.864	-19.794	-59.5
13.7	-8.871	-19.914	-38.4
13.71	-8.885	-20.045	72.2
13.72	-8.908	-20.358	286.1
13.73	-8.935	-20.777	392.1
13.74	-8.966	-20.953	231.1
13.75	-9.005	-20.769	17.8
13.76	-9.047	-20.413	-64.7
13.77	-9.082	-19.966	-73.0
13.78	-9.106	-19.397	-67.3
13.79	-9.124	-18.886	-65.8
13.8	-9.142	-18.778	-71.3
13.81	-9.162	-19.183	-69.0
13.82	-9.180	-19.695	-59.4
13.83	-9.196	-19.527	-50.7
13.84	-9.211	-17.484	-46.4
13.85	-9.229	-11.733	-47.8
13.86	-9.249	-0.439	-40.5
13.87	-9.271	16.580	-28.5
13.88	-9.293	35.133	-29.3
13.89	-9.316	47.242	-25.8
13.9	-9.339	50.858	-10.1
13.91	-9.362	51.127	-2.0
13.92	-9.384	51.136	5.9
13.93	-9.407	51.103	24.8
13.94	-9.429	50.022	34.2
13.95	-9.453	44.022	44.2
13.96	-9.476	31.381	71.4
13.97	-9.499	16.575	90.3
13.98	-9.523	3.694	102.1
13.99	-9.545	-6.406	115.2
14.0	-9.566	-13.761	117.7
14.01	-9.588	-18.722	117.8
14.02	-9.608	-21.633	107.7
14.03	-9.630	-22.725	76.7
14.04	-9.655	-22.169	37.0
14.05	-9.680	-20.194	-2.0
14.06	-9.704	-17.247	-30.6
14.07	-9.728	-14.022	-48.4
14.08	-9.753	-11.425	-61.9
14.09	-9.778	-10.288	-64.2
14.1	-9.801	-10.872	-57.1
14.11	-9.821	-12.855	-51.8
14.12	-9.838	-15.648	-58.0
14.13	-9.854	-18.366	-61.1
14.14	-9.869	-20.114	-50.3
14.15	-9.885	-20.594	-41.2
14.16	-9.902	-19.861	-41.1
14.17	-9.920	-18.025	-49.2
14.18	-9.940	-15.488	-53.1
14.19	-9.961	-12.789	-40.9
14.2	-9.981	-10.358	-31.2
14.21	-10.000	-8.508	-38.1
14.22	-10.018	-7.377	-44.7
14.23	-10.035	-6.981	-42.7
14.24	-10.051	-7.327	-39.8
14.25	-10.066	-8.400	-38.0
14.26	-10.081	-10.048	-46.1
14.27	-10.096	-11.991	-54.3
14.28	-10.111	-14.113	-47.0
14.29	-10.126	-16.414	-38.9
14.3	-10.142	-18.753	-43.3
14.31	-10.158	-20.986	-48.8
14.32	-10.173	-22.909	-40.5
14.33	-10.188	-24.281	-36.7
14.34	-10.203	-25.117	-43.1
14.35	-10.216	-25.534	-39.9
14.36	-10.229	-25.623	-38.5
14.37	-10.242	-25.525	-38.1
14.38	-10.254	-25.305	-36.9
14.39	-10.266	-24.947	-37.3
14.4	-10.279	-24.531	-31.3
14.41	-10.291	-24.077	-27.2
14.42	-10.302	-23.484	-28.0
14.43	-10.311	-22.778	-33.0
14.44	-10.319	-22.031	-30.7
14.45	-10.328	-21.277	-25.7
14.46	-10.336	-20.553	-29.2
14.47	-10.346	-19.891	-26.8
14.48	-10.354	-19.327	-14.8
14.49	-10.363	-18.870	-6.0
14.5	-10.371	-18.428	-5.7
14.51	-10.378	-17.958	3.8
14.52	-10.386	-17.600	22.7
14.53	-10.392	-17.420	37.0
14.54	-10.396	-17.306	42.4
14.55	-10.400	-17.236	31.2
14.56	-10.403	-17.270	2.7
14.57	-10.406	-17.363	-30.5
14.58	-10.410	-17.475	-47.8
14.59	-10.414	-17.637	-42.3
14.6	-10.419	-17.823	-37.2
14.61	-10.422	-17.998	-45.0
14.62	-10.416	-18.136	-47.9
14.63	-10.404	-18.142	-0.9
14.64	-10.391	-18.080	162.1
14.65	-10.378	-18.198	353.5
14.66	-10.366	-18.448	322.8
14.67	-10.356	-18.520	108.8
14.68	-10.349	-18.434	-32.8
14.69	-10.342	-18.522	-67.1
14.7	-10.328	-18.942	-60.5
14.71	-10.297	-19.463	-43.8
14.72	-10.256	-19.923	-41.6
14.73	-10.213	-20.558	-43.8
14.74	-10.172	-21.436	-43.1
14.75	-10.134	-22.142	-39.9
14.76	-10.098	-22.117	-30.7
14.77	-10.063	-20.558	-27.0
14.78	-10.031	-15.958	-29.7
14.79	-9.999	-6.502	-24.3
14.8	-9.964	8.608	-10.8
14.81	-9.927	27.428	-2.8
14.82	-9.886	43.142	-0.8
14.83	-9.844	50.052	1.9
14.84	-9.800	51.116	10.0
14.85	-9.756	51.134	21.6
14.86	-9.712	51.127	30.6
14.87	-9.672	50.369	50.0
14.88	-9.638	45.148	79.8
14.89	-9.607	32.855	103.3
14.9	-9.581	17.325	116.5
14.91	-9.557	3.197	132.6
14.92	-9.533	-8.108	147.6
14.93	-9.509	-16.322	147.6
14.94	-9.486	-21.653	136.8
14.95	-9.466	-24.489	110.5
14.96	-9.451	-25.269	69.8
14.97	-9.434	-24.442	25.8
14.98	-9.413	-22.358	-13.6
14.99	-9.391	-19.494	-39.4
15.0	-9.373	-16.739	-56.1
15.01	-9.357	-15.077	-61.9
15.02	-9.341	-14.973	-68.9
15.03	-9.324	-16.234	-76.2
15.04	-9.306	-18.192	-64.3
15.05	-9.289	-20.053	-56.2
15.06	-9.273	-21.113	-57.8
15.07	-9.259	-20.802	-56.4
15.08	-9.246	-19.088	-61.2
15.09	-9.232	-16.484	-53.4
15.1	-9.219	-13.470	-40.4
15.11	-9.206	-10.330	-42.2
15.12	-9.193	-7.392	-38.4
15.13	-9.180	-5.083	-41.2
15.14	-9.168	-3.734	-51.6
15.15	-9.156	-3.422	-50.8
15.16	-9.143	-4.061	-47.5
15.17	-9.131	-5.520	-48.6
15.18	-9.119	-7.531	-54.9
15.19	-9.107	-9.850	-58.0
15.2	-9.097	-12.475	-52.9
15.21	-9.086	-15.316	-52.8
15.22	-9.074	-18.072	-58.2
15.23	-9.063	-20.520	-56.7
15.24	-9.052	-22.581	-57.3
15.25	-9.042	-24.244	-58.7
15.26	-9.033	-25.464	-57.0
15.27	-9.026	-26.222	-57.9
15.28	-9.019	-26.639	-57.0
15.29	-9.013	-26.850	-50.1
15.3	-9.006	-26.825	-47.8
15.31	-8.999	-26.433	-50.0
15.32	-8.993	-25.684	-45.3
15.33	-8.987	-24.728	-46.0
15.34	-8.981	-23.667	-53.7
15.35	-8.975	-22.572	-55.4
15.36	-8.969	-21.589	-50.8
15.37	-8.961	-20.831	-46.7
15.38	-8.953	-20.264	-43.9
15.39	-8.945	-19.803	-37.9
15.4	-8.938	-19.428	-28.8
15.41	-8.931	-19.183	-16.3
15.42	-8.924	-19.039	-8.3
15.43	-8.919	-18.850	3.0
15.44	-8.914	-18.584	22.2
15.45	-8.910	-18.320	28.3
15.46	-8.906	-18.123	16.8
15.47	-8.901	-18.117	-11.9
15.48	-8.896	-18.314	-42.8
15.49	-8.891	-18.506	-53.3
15.5	-8.884	-18.558	-58.2
15.51	-8.880	-18.598	-64.1
15.52	-8.876	-18.777	-71.1
15.53	-8.868	-18.906	-77.7
15.54	-8.855	-18.775	-49.0
15.55	-8.842	-18.577	69.4
15.56	-8.833	-18.586	282.1
15.57	-8.825	-18.819	374.4
15.58	-8.818	-19.166	206.8
15.59	-8.816	-19.509	4.0
15.6	-8.819	-19.772	-73.6
15.61	-8.816	-19.961	-79.6
15.62	-8.805	-20.097	-79.0
15.63	-8.791	-20.105	-82.6
15.64	-8.778	-20.106	-78.2
15.65	-8.768	-20.378	-67.5
15.66	-8.756	-20.703	-62.0
15.67	-8.742	-20.430	-64.2
15.68	-8.726	-18.723	-56.1
15.69	-8.713	-14.106	-44.4
15.7	-8.701	-4.720	-45.2
15.71	-8.691	10.233	-41.8
15.72	-8.684	28.598	-31.5
15.73	-8.679	43.617	-24.5
15.74	-8.676	50.114	-18.2
15.75	-8.673	51.116	-9.4
15.76	-8.671	51.134	1.0
15.77	-8.669	51.130	11.6
15.78	-8.668	50.519	29.6
15.79	-8.667	46.022	46.2
15.8	-8.666	35.020	60.5
15.81	-8.664	20.897	80.9
15.82	-8.661	7.978	93.8
15.83	-8.658	-2.631	113.0
15.84	-8.656	-10.656	131.8
15.85	-8.653	-15.998	123.6
15.86	-8.652	-19.042	101.9
15.87	-8.657	-20.347	66.7
15.88	-8.664	-20.298	27.5
15.89	-8.669	-19.116	1.4
15.9	-8.672	-17.023	-30.2
15.91	-8.678	-14.541	-60.3
15.92	-8.687	-12.588	-70.7
15.93	-8.696	-12.027	-73.0
15.94	-8.704	-13.131	-74.1
15.95	-8.710	-15.533	-66.7
15.96	-8.715	-18.347	-58.8
15.97	-8.721	-20.494	-57.3
15.98	-8.728	-21.333	-50.4
15.99	-8.738	-20.913	-46.7
16.0	-8.750	-19.541	-49.8
16.01	-8.766	-17.450	-47.0
16.02	-8.787	-14.803	-39.8
16.03	-8.811	-11.963	-37.9
16.04	-8.839	-9.523	-45.7
16.05	-8.867	-7.844	-53.1
16.06	-8.896	-6.875	-50.3
16.07	-8.922	-6.638	-41.3
16.08	-8.947	-7.269	-41.3
16.09	-8.973	-8.633	-50.0
16.1	-8.999	-10.480	-54.9
16.11	-9.027	-12.673	-52.2
16.12	-9.054	-14.967	-42.9
16.13	-9.081	-17.050	-44.9
16.14	-9.106	-18.936	-53.5
16.15	-9.130	-20.800	-45.7
16.16	-9.155	-22.605	-40.8
16.17	-9.181	-24.153	-45.5
16.18	-9.206	-25.286	-40.5
16.19	-9.231	-26.041	-39.5
16.2	-9.257	-26.550	-49.6
16.21	-9.282	-26.864	-47.8
16.22	-9.308	-26.988	-36.8
16.23	-9.332	-26.791	-33.1
16.24	-9.357	-26.138	-35.9
16.25	-9.382	-25.217	-35.2
16.26	-9.407	-24.305	-29.0
16.27	-9.431	-23.500	-25.9
16.28	-9.456	-22.839	-31.4
16.29	-9.479	-22.300	-36.0
16.3	-9.501	-21.727	-36.8
16.31	-9.522	-21.016	-35.3
16.32	-9.543	-20.361	-30.8
16.33	-9.564	-19.938	-28.2
16.34	-9.585	-19.597	-24.5
16.35	-9.606	-19.136	-14.8
16.36	-9.627	-18.606	-2.6
16.37	-9.648	-18.295	-0.2
16.38	-9.669	-18.381	8.9
16.39	-9.691	-18.706	30.9
16.4	-9.711	-18.998	44.2
16.41	-9.731	-19.156	41.1
16.42	-9.750	-19.253	17.5
16.43	-9.768	-19.361	-16.7
16.44	-9.786	-19.495	-39.8
16.45	-9.804	-19.605	-49.7
16.46	-9.822	-19.636	-58.4
16.47	-9.842	-19.656	-59.0
16.48	-9.859	-19.738	-58.4
16.49	-9.871	-19.883	-51.2
16.5	-9.880	-20.194	16.1
16.51	-9.889	-20.758	203.3
16.52	-9.900	-21.352	383.2
16.53	-9.912	-21.584	305.0
16.54	-9.928	-21.370	81.1
16.55	-9.947	-20.973	-44.7
16.56	-9.967	-20.634	-72.6
16.57	-9.983	-20.386	-65.3
16.58	-9.991	-20.247	-61.7
16.59	-9.996	-20.417	-57.9
16.6	-10.003	-21.094	-50.8
16.61	-10.012	-22.031	-52.2
16.62	-10.021	-22.686	-45.3
16.63	-10.029	-22.388	-37.7
16.64	-10.039	-19.781	-34.9
16.65	-10.053	-12.834	-34.2
16.66	-10.066	-0.108	-31.1
16.67	-10.079	17.961	-15.7
16.68	-10.091	36.597	-9.3
16.69	-10.103	47.939	-1.2
16.7	-10.116	50.967	9.2
16.71	-10.129	51.131	6.8
16.72	-10.141	51.136	20.0
16.73	-10.151	51.081	43.3
16.74	-10.160	49.623	61.1
16.75	-10.169	42.678	83.7
16.76	-10.177	29.166	103.3
16.77	-10.184	13.891	123.2
16.78	-10.191	0.689	148.3
16.79	-10.196	-9.500	161.7
16.8	-10.203	-16.647	159.1
16.81	-10.209	-21.223	143.8
16.82	-10.218	-23.591	114.7
16.83	-10.230	-23.906	77.4
16.84	-10.241	-22.480	34.7
16.85	-10.249	-19.884	-1.7
16.86	-10.256	-16.847	-28.9
16.87	-10.264	-14.198	-40.2
16.88	-10.270	-12.680	-39.6
16.89	-10.272	-12.648	-48.4
16.9	-10.271	-13.986	-56.4
16.91	-10.266	-16.152	-57.5
16.92	-10.262	-18.314	-52.4
16.93	-10.258	-19.623	-38.2
16.94	-10.251	-19.572	-31.3
16.95	-10.244	-18.184	-35.1
16.96	-10.236	-15.866	-35.6
16.97	-10.228	-12.994	-35.1
16.98	-10.216	-9.805	-31.9
16.99	-10.203	-6.688	-29.1
17.0	-10.186	-4.263	-32.7
17.01	-10.166	-2.897	-33.1
17.02	-10.145	-2.519	-32.2
17.03	-10.122	-3.066	-35.9
17.04	-10.098	-4.620	-37.0
17.05	-10.073	-6.989	-34.3
17.06	-10.048	-9.750	-44.4
17.07	-10.024	-12.656	-54.6
17.08	-10.001	-15.555	-42.9
17.09	-9.978	-18.153	-38.4
17.1	-9.956	-20.236	-47.5
17.11	-9.933	-21.873	-44.9
17.12	-9.910	-23.252	-36.7
17.13	-9.887	-24.386	-36.1
17.14	-9.863	-25.197	-44.5
17.15	-9.839	-25.716	-46.4
17.16	-9.814	-25.952	-44.3
17.17	-9.789	-25.881	-48.6
17.18	-9.765	-25.611	-46.7
17.19	-9.740	-25.216	-46.3
17.2	-9.715	-24.695	-46.2
17.21	-9.690	-24.048	-33.8
17.22	-9.666	-23.264	-27.4
17.23	-9.643	-22.380	-25.3
17.24	-9.619	-21.516	-19.1
17.25	-9.596	-20.802	-12.6
17.26	-9.574	-20.239	3.9
17.27	-9.553	-19.672	14.9
17.28	-9.533	-19.038	30.9
17.29	-9.514	-18.492	46.8
17.3	-9.494	-18.183	17.7
17.31	-9.476	-18.102	-27.5
17.32	-9.456	-18.142	-51.4
17.33	-9.438	-18.161	-60.6
17.34	-9.419	-18.045	-66.6
17.35	-9.402	-17.822	-69.7
17.36	-9.384	-17.639	-72.2
17.37	-9.361	-17.486	-74.1
17.38	-9.336	-17.270	-24.4
17.39	-9.311	-17.186	143.3
17.4	-9.290	-17.425	345.8
17.41	-9.273	-17.805	328.0
17.42	-9.258	-18.100	106.5
17.43	-9.249	-18.317	-48.0
17.44	-9.242	-18.581	-83.8
17.45	-9.232	-19.044	-76.8
17.46	-9.216	-19.631	-64.7
17.47	-9.196	-20.083	-64.2
17.48	-9.176	-20.470	-60.7
17.49	-9.158	-21.052	-50.0
17.5	-9.140	-21.661	-51.5
17.51	-9.119	-21.691	-52.1
17.52	-9.099	-20.217	-42.7
17.53	-9.081	-15.664	-34.1
17.54	-9.067	-6.167	-34.6
17.55	-9.055	8.844	-28.1
17.56	-9.045	27.217	-8.6
17.57	-9.037	42.684	-3.8
17.58	-9.030	49.833	-4.8
17.59	-9.025	51.098	-0.2
17.6	-9.021	51.134	13.8
17.61	-9.017	51.130	30.3
17.62	-9.014	50.630	46.0
17.63	-9.009	46.614	67.9
17.64	-9.004	36.156	88.8
17.65	-8.999	22.009	110.4
17.66	-8.993	8.617	129.9
17.67	-8.988	-2.464	137.4
17.68	-8.984	-10.895	142.5
17.69	-8.981	-16.630	135.9
17.7	-8.980	-19.855	107.6
17.71	-8.984	-21.109	67.0
17.72	-8.988	-20.892	20.8
17.73	-8.988	-19.333	-14.6
17.74	-8.989	-16.814	-42.3
17.75	-8.993	-14.286	-62.7
17.76	-8.999	-12.747	-69.3
17.77	-9.002	-12.739	-71.3
17.78	-9.002	-14.219	-66.3
17.79	-8.999	-16.644	-61.4
17.8	-8.997	-19.108	-62.1
17.81	-8.994	-20.677	-58.5
17.82	-8.992	-20.845	-55.3
17.83	-8.989	-19.672	-51.8
17.84	-8.986	-17.489	-48.3
17.85	-8.982	-14.675	-47.7
17.86	-8.981	-11.664	-39.3
17.87	-8.979	-8.994	-33.6
17.88	-8.978	-7.075	-37.2
17.89	-8.977	-6.077	-43.2
17.9	-8.976	-5.972	-45.8
17.91	-8.973	-6.508	-46.2
17.92	-8.971	-7.567	-50.8
17.93	-8.969	-9.180	-50.7
17.94	-8.968	-11.152	-55.6
17.95	-8.967	-13.309	-59.6
17.96	-8.966	-15.672	-50.7
17.97	-8.964	-18.131	-48.5
17.98	-8.964	-20.456	-48.4
17.99	-8.963	-22.502	-46.6
18.0	-8.964	-24.225	-47.8
18.01	-8.964	-25.597	-49.2
18.02	-8.966	-26.606	-50.3
18.03	-8.967	-27.272	-51.1
18.04	-8.968	-27.553	-52.0
18.05	-8.971	-27.344	-49.3
18.06	-8.973	-26.703	-47.8
18.07	-8.978	-25.922	-49.1
18.08	-8.984	-25.181	-47.2
18.09	-8.992	-24.450	-43.1
18.1	-9.003	-23.775	-40.3
18.11	-9.015	-23.236	-39.1
18.12	-9.027	-22.750	-43.6
18.13	-9.042	-22.247	-39.8
18.14	-9.058	-21.759	-25.5
18.15	-9.076	-21.294	-15.5
18.16	-9.094	-20.817	-4.0
18.17	-9.113	-20.242	13.4
18.18	-9.134	-19.591	25.9
18.19	-9.156	-19.094	29.8
18.2	-9.178	-18.847	16.4
18.21	-9.201	-18.792	-18.7
18.22	-9.224	-18.909	-44.8
18.23	-9.248	-19.103	-61.5
18.24	-9.270	-19.222	-75.9
18.25	-9.293	-19.180	-72.6
18.26	-9.317	-19.033	-66.7
18.27	-9.336	-18.925	-69.1
18.28	-9.350	-18.872	-43.9
18.29	-9.366	-18.866	83.0
18.3	-9.384	-19.130	310.5
18.31	-9.402	-19.667	388.6
18.32	-9.422	-20.020	199.3
18.33	-9.447	-19.947	0.2
18.34	-9.478	-19.736	-68.4
18.35	-9.504	-19.688	-70.4
18.36	-9.523	-19.752	-66.8
18.37	-9.538	-19.842	-69.1
18.38	-9.554	-20.114	-63.8
18.39	-9.570	-20.645	-61.9
18.4	-9.584	-21.131	-59.8
18.41	-9.595	-20.995	-48.5
18.42	-9.606	-19.205	-34.2
18.43	-9.622	-13.967	-28.8
18.44	-9.641	-3.405	-33.0
18.45	-9.662	12.866	-31.1
18.46	-9.683	31.659	-21.1
18.47	-9.703	45.478	-7.2
18.48	-9.723	50.544	-3.1
18.49	-9.742	51.127	-2.2
18.5	-9.761	51.139	13.6
18.51	-9.779	51.130	31.6
18.52	-9.797	50.780	47.9
18.53	-9.817	47.372	66.2
18.54	-9.836	37.533	82.3
18.55	-9.854	23.461	100.0
18.56	-9.870	9.995	117.6
18.57	-9.886	-0.956	129.4
18.58	-9.902	-9.164	138.3
18.59	-9.918	-14.820	138.3
18.6	-9.936	-18.100	120.8
18.61	-9.956	-19.194	86.0
18.62	-9.978	-18.530	45.8
18.63	-10.000	-16.534	7.9
18.64	-10.021	-13.684	-29.8
18.65	-10.041	-10.898	-52.8
18.66	-10.061	-9.216	-56.0
18.67	-10.081	-9.253	-58.2
18.68	-10.096	-11.048	-57.2
18.69	-10.109	-13.984	-54.5
18.7	-10.120	-16.966	-51.6
18.71	-10.130	-19.130	-45.4
18.72	-10.140	-20.180	-46.2
18.73	-10.151	-20.033	-42.0
18.74	-10.161	-18.755	-31.1
18.75	-10.173	-16.600	-31.1
18.76	-10.188	-13.902	-38.4
18.77	-10.203	-11.080	-41.6
18.78	-10.217	-8.542	-33.1
18.79	-10.229	-6.616	-27.2
18.8	-10.241	-5.513	-34.4
18.81	-10.252	-5.328	-42.9
18.82	-10.262	-6.150	-45.5
18.83	-10.271	-7.913	-41.1
18.84	-10.281	-10.252	-39.7
18.85	-10.292	-12.814	-41.6
18.86	-10.303	-15.397	-37.6
18.87	-10.312	-17.880	-36.0
18.88	-10.321	-20.252	-43.7
18.89	-10.331	-22.489	-43.2
18.9	-10.340	-24.363	-36.7
18.91	-10.349	-25.644	-41.3
18.92	-10.358	-26.386	-41.3
18.93	-10.368	-26.755	-39.5
18.94	-10.377	-26.834	-44.1
18.95	-10.387	-26.672	-40.4
18.96	-10.397	-26.423	-31.7
18.97	-10.406	-26.139	-28.7
18.98	-10.414	-25.597	-33.6
18.99	-10.422	-24.800	-40.9
19.0	-10.428	-23.991	-36.8
19.01	-10.434	-23.166	-32.0
19.02	-10.439	-22.302	-30.0
19.03	-10.445	-21.542	-18.0
19.04	-10.449	-20.908	-10.4
19.05	-10.452	-20.333	-8.8
19.06	-10.454	-19.888	2.4
19.07	-10.454	-19.548	21.3
19.08	-10.454	-19.188	37.4
19.09	-10.454	-18.883	41.1
19.1	-10.453	-18.728	20.8
19.11	-10.452	-18.538	-17.6
19.12	-10.451	-18.214	-43.5
19.13	-10.451	-18.011	-43.6
19.14	-10.450	-18.016	-43.2
19.15	-10.449	-18.038	-56.2
19.16	-10.446	-18.045	-61.1
19.17	-10.434	-18.080	-54.3
19.18	-10.418	-18.119	-14.8
19.19	-10.400	-18.236	131.6
19.2	-10.384	-18.542	330.3
19.21	-10.373	-18.916	327.3
19.22	-10.364	-19.045	117.0
19.23	-10.359	-18.861	-31.1
19.24	-10.358	-18.720	-63.7
19.25	-10.353	-19.005	-64.4
19.26	-10.334	-19.664	-65.0
19.27	-10.303	-20.455	-63.7
19.28	-10.267	-21.363	-49.8
19.29	-10.231	-22.470	-45.0
19.3	-10.196	-23.539	-49.3
19.31	-10.161	-23.938	-47.5
19.32	-10.129	-22.722	-36.7
19.33	-10.103	-18.430	-26.9
19.34	-10.078	-9.344	-27.9
19.35	-10.053	5.384	-22.8
19.36	-10.026	24.220	-10.8
19.37	-9.999	41.027	2.7
19.38	-9.972	49.400	11.1
19.39	-9.944	51.077	9.2
19.4	-9.915	51.136	11.3
19.41	-9.886	51.130	22.9
19.42	-9.856	50.895	46.2
19.43	-9.827	47.998	71.2
19.44	-9.797	38.631	89.4
19.45	-9.768	24.302	107.8
19.46	-9.738	10.147	130.4
19.47	-9.707	-1.448	148.5
19.48	-9.678	-10.134	151.6
19.49	-9.650	-15.966	137.2
19.5	-9.626	-19.269	105.7
19.51	-9.608	-20.583	67.3
19.52	-9.590	-20.245	23.5
19.53	-9.569	-18.394	-18.3
19.54	-9.546	-15.616	-44.2
19.55	-9.527	-13.128	-60.8
19.56	-9.509	-12.041	-71.6
19.57	-9.491	-12.770	-75.5
19.58	-9.471	-15.014	-74.3
19.59	-9.449	-17.984	-69.5
19.6	-9.427	-20.780	-68.6
19.61	-9.405	-22.592	-69.5
19.62	-9.383	-22.902	-64.3
19.63	-9.363	-21.694	-52.0
19.64	-9.342	-19.252	-46.7
19.65	-9.321	-15.975	-49.0
19.66	-9.301	-12.402	-47.3
19.67	-9.282	-9.048	-46.0
19.68	-9.263	-6.330	-43.7
19.69	-9.246	-4.561	-43.1
19.7	-9.228	-3.873	-47.3
19.71	-9.210	-4.197	-51.6
19.72	-9.192	-5.425	-52.9
19.73	-9.174	-7.464	-53.6
19.74	-9.157	-10.131	-55.3
19.75	-9.140	-13.083	-52.6
19.76	-9.124	-15.977	-52.4
19.77	-9.107	-18.667	-55.4
19.78	-9.091	-21.175	-51.6
19.79	-9.076	-23.430	-56.3
19.8	-9.062	-25.247	-61.0
19.81	-9.049	-26.558	-52.9
19.82	-9.037	-27.369	-50.9
19.83	-9.025	-27.684	-54.2
19.84	-9.014	-27.623	-53.5
19.85	-9.002	-27.306	-49.7
19.86	-8.990	-26.734	-47.5
19.87	-8.978	-26.042	-50.7
19.88	-8.965	-25.394	-56.9
19.89	-8.953	-24.748	-57.1
19.9	-8.940	-24.045	-49.2
19.91	-8.928	-23.361	-45.4
19.92	-8.917	-22.833	-50.9
19.93	-8.905	-22.428	-52.9
19.94	-8.893	-21.955	-45.1
19.95	-8.883	-21.331	-35.3
19.96	-8.871	-20.658	-30.0
19.97	-8.862	-20.048	-28.2
19.98	-8.853	-19.573	-20.9
19.99	-8.845	-19.250	-3.4
20.0	-8.838	-18.980	22.7
20.01	-8.831	-18.722	38.5
20.02	-8.824	-18.655	30.8
20.03	-8.817	-18.945	2.5
20.04	-8.811	-19.480	-35.7
20.05	-8.804	-19.952	-53.7
20.06	-8.797	-20.150	-54.3
20.07	-8.791	-20.123	-65.6
20.08	-8.786	-20.081	-71.0
20.09	-8.779	-20.094	-67.1
20.1	-8.768	-20.002	-55.5
20.11	-8.755	-19.797	17.1
20.12	-8.744	-19.819	200.9
20.13	-8.736	-20.327	365.3
20.14	-8.729	-21.094	286.1
20.15	-8.724	-21.634	72.0
20.16	-8.724	-21.747	-49.2
20.17	-8.723	-21.627	-81.6
20.18	-8.715	-21.467	-84.4
20.19	-8.700	-21.313	-80.6
20.2	-8.685	-21.259	-74.0
20.21	-8.673	-21.491	-70.8
20.22	-8.662	-21.900	-74.0
20.23	-8.651	-21.881	-65.5
20.24	-8.637	-20.539	-53.0
20.25	-8.624	-16.581	-46.4
20.26	-8.614	-8.250	-43.9
20.27	-8.605	5.609	-44.9
20.28	-8.598	23.878	-41.5
20.29	-8.593	40.672	-33.4
20.3	-8.590	49.286	-19.8
20.31	-8.589	51.070	-5.3
20.32	-8.589	51.136	1.7
20.33	-8.589	51.136	7.4
20.34	-8.592	51.117	20.8
20.35	-8.595	50.263	36.7
20.36	-8.599	45.041	52.2
20.37	-8.604	33.545	70.5
20.38	-8.608	19.684	98.0
20.39	-8.614	7.363	120.8
20.4	-8.621	-2.470	123.7
20.41	-8.631	-9.663	121.2
20.42	-8.644	-14.381	107.2
20.43	-8.662	-17.002	76.5
20.44	-8.686	-17.863	43.5
20.45	-8.711	-17.197	9.7
20.46	-8.734	-15.325	-23.6
20.47	-8.756	-12.861	-47.1
20.48	-8.781	-10.806	-62.3
20.49	-8.809	-10.170	-76.8
20.5	-8.837	-11.380	-76.5
20.51	-8.862	-14.231	-68.0
20.52	-8.886	-17.931	-61.9
20.53	-8.911	-21.123	-53.9
20.54	-8.936	-22.795	-55.2
20.55	-8.961	-22.966	-59.9
20.56	-8.984	-22.023	-55.6
20.57	-9.008	-20.191	-47.8
20.58	-9.030	-17.794	-41.3
20.59	-9.054	-15.205	-36.2
20.6	-9.079	-12.650	-39.8
20.61	-9.106	-10.483	-47.3
20.62	-9.133	-9.050	-42.3
20.63	-9.161	-8.356	-42.1
20.64	-9.188	-8.294	-49.7
20.65	-9.213	-8.858	-49.2
20.66	-9.238	-10.088	-46.6
20.67	-9.263	-11.947	-46.8
20.68	-9.289	-14.308	-44.2
20.69	-9.315	-16.920	-41.3
20.7	-9.341	-19.492	-45.8
20.71	-9.366	-21.863	-44.1
20.72	-9.391	-24.034	-45.5
20.73	-9.416	-25.913	-53.0
20.74	-9.440	-27.225	-47.9
20.75	-9.463	-27.956	-46.7
20.76	-9.486	-28.436	-46.6
20.77	-9.509	-28.766	-39.4
20.78	-9.531	-28.783	-40.0
20.79	-9.553	-28.436	-42.0
20.8	-9.575	-27.844	-34.3
20.81	-9.597	-27.180	-33.3
20.82	-9.617	-26.473	-47.0
20.83	-9.638	-25.642	-49.8
20.84	-9.658	-24.869	-32.5
20.85	-9.678	-24.281	-26.2
20.86	-9.696	-23.634	-38.0
20.87	-9.715	-22.853	-40.3
20.88	-9.734	-22.125	-29.5
20.89	-9.752	-21.553	-25.6
20.9	-9.769	-21.184	-31.1
20.91	-9.786	-20.963	-34.0
20.92	-9.804	-20.763	-29.1
20.93	-9.822	-20.561	-17.2
20.94	-9.841	-20.306	-3.7
20.95	-9.860	-19.950	4.5
20.96	-9.879	-19.631	16.8
20.97	-9.898	-19.556	36.3
20.98	-9.916	-19.705	42.1
20.99	-9.932	-19.889	32.1
21.0	-9.948	-20.119	9.5
21.01	-9.964	-20.478	-20.4
21.02	-9.980	-20.789	-41.1
21.03	-9.995	-20.911	-48.4
21.04	-10.011	-21.005	-54.2
21.05	-10.028	-21.166	-54.8
21.06	-10.040	-21.220	-51.8
21.07	-10.046	-21.153	-34.7
21.08	-10.052	-21.208	69.9
21.09	-10.060	-21.448	276.5
21.1	-10.069	-21.738	380.6
21.11	-10.081	-21.905	229.5
21.12	-10.094	-21.809	26.2
21.13	-10.109	-21.581	-57.7
21.14	-10.124	-21.570	-69.2
21.15	-10.133	-21.844	-61.8
21.16	-10.133	-22.206	-56.4
21.17	-10.132	-22.711	-52.7
21.18	-10.131	-23.477	-54.8
21.19	-10.133	-24.145	-61.1
21.2	-10.133	-24.216	-57.5
21.21	-10.137	-23.133	-37.3
21.22	-10.143	-19.505	-19.6
21.23	-10.151	-11.252	-24.2
21.24	-10.158	2.933	-23.6
21.25	-10.163	21.955	-12.1
21.26	-10.168	39.742	-13.3
21.27	-10.173	49.069	-13.2
21.28	-10.178	51.059	1.7
21.29	-10.181	51.136	13.5
21.3	-10.184	51.136	27.0
21.31	-10.186	51.122	46.8
21.32	-10.189	50.273	61.8
21.33	-10.191	44.764	77.1
21.34	-10.194	32.223	97.2
21.35	-10.195	17.028	122.9
21.36	-10.196	3.967	136.2
21.37	-10.195	-6.108	139.8
21.38	-10.194	-13.477	153.8
21.39	-10.193	-18.269	141.4
21.4	-10.195	-20.698	97.5
21.41	-10.201	-21.192	56.4
21.42	-10.204	-20.078	14.6
21.43	-10.203	-17.784	-23.1
21.44	-10.202	-15.153	-48.0
21.45	-10.202	-13.111	-62.6
21.46	-10.199	-12.291	-68.4
21.47	-10.192	-13.042	-69.3
21.48	-10.182	-15.272	-65.1
21.49	-10.171	-18.189	-62.2
21.5	-10.160	-20.678	-62.8
21.51	-10.149	-22.027	-59.3
21.52	-10.136	-21.953	-55.8
21.53	-10.122	-20.392	-48.5
21.54	-10.107	-17.697	-39.6
21.55	-10.091	-14.391	-40.4
21.56	-10.074	-10.883	-44.8
21.57	-10.056	-7.620	-47.9
21.58	-10.037	-5.069	-47.6
21.59	-10.018	-3.525	-47.1
21.6	-9.996	-3.072	-47.7
21.61	-9.973	-3.708	-46.8
21.62	-9.948	-5.405	-45.1
21.63	-9.924	-7.911	-43.8
21.64	-9.899	-10.802	-48.9
21.65	-9.876	-13.823	-52.9
21.66	-9.854	-16.889	-52.0
21.67	-9.832	-19.847	-55.2
21.68	-9.811	-22.522	-55.3
21.69	-9.791	-24.791	-51.0
21.7	-9.771	-26.528	-49.9
21.71	-9.751	-27.705	-48.1
21.72	-9.731	-28.322	-45.1
21.73	-9.709	-28.438	-49.1
21.74	-9.687	-28.322	-53.3
21.75	-9.664	-28.125	-51.3
21.76	-9.640	-27.713	-50.5
21.77	-9.615	-27.066	-50.6
21.78	-9.589	-26.333	-49.8
21.79	-9.561	-25.595	-52.0
21.8	-9.534	-24.873	-54.8
21.81	-9.506	-24.078	-53.8
21.82	-9.479	-23.092	-49.8
21.83	-9.451	-22.095	-45.5
21.84	-9.425	-21.425	-37.9
21.85	-9.399	-21.109	-36.6
21.86	-9.376	-20.823	-28.4
21.87	-9.353	-20.316	-3.5
21.88	-9.331	-19.714	7.6
21.89	-9.309	-19.252	10.9
21.9	-9.288	-18.913	19.1
21.91	-9.268	-18.611	20.2
21.92	-9.246	-18.425	-0.9
21.93	-9.226	-18.389	-44.1
21.94	-9.204	-18.444	-73.7
21.95	-9.183	-18.595	-77.9
21.96	-9.163	-18.891	-72.5
21.97	-9.145	-19.194	-72.3
21.98	-9.124	-19.352	-83.0
21.99	-9.097	-19.477	-66.6
22.0	-9.070	-19.655	39.1
22.01	-9.046	-19.919	249.6
22.02	-9.026	-20.398	367.7
22.03	-9.009	-20.894	216.4
22.04	-8.994	-21.047	4.0
22.05	-8.983	-21.050	-77.2
22.06	-8.974	-21.320	-88.0
22.07	-8.960	-21.688	-88.8
22.08	-8.941	-21.831	-89.8
22.09	-8.921	-22.095	-83.5
22.1	-8.902	-22.897	-71.1
22.11	-8.885	-23.788	-75.6
22.12	-8.866	-23.856	-79.1
22.13	-8.846	-22.450	-69.0
22.14	-8.829	-18.678	-61.7
22.15	-8.815	-10.878	-51.6
22.16	-8.803	2.466	-44.8
22.17	-8.793	20.784	-43.8
22.18	-8.784	38.644	-34.3
22.19	-8.776	48.648	-31.0
22.2	-8.768	51.025	-30.7
22.21	-8.761	51.133	-17.5
22.22	-8.754	51.136	-4.2
22.23	-8.747	51.117	8.9
22.24	-8.741	50.208	27.8
22.25	-8.734	44.633	49.8
22.26	-8.728	32.597	69.6
22.27	-8.720	18.438	88.0
22.28	-8.712	5.816	103.9
22.29	-8.705	-4.477	112.6
22.3	-8.698	-11.950	113.2
22.31	-8.693	-16.759	93.0
22.32	-8.689	-19.419	58.3
22.33	-8.690	-20.322	20.1
22.34	-8.689	-19.728	-26.3
22.35	-8.684	-17.947	-63.8
22.36	-8.679	-15.525	-83.5
22.37	-8.677	-13.328	-95.8
22.38	-8.674	-12.308	-92.3
22.39	-8.671	-12.989	-84.6
22.4	-8.665	-15.217	-89.5
22.41	-8.658	-18.225	-90.1
22.42	-8.649	-20.903	-86.3
22.43	-8.640	-22.389	-87.0
22.44	-8.631	-22.400	-82.5
22.45	-8.620	-21.100	-84.2
22.46	-8.609	-18.922	-84.3
22.47	-8.599	-16.275	-66.0
22.48	-8.589	-13.456	-57.1
22.49	-8.581	-10.764	-62.5
22.5	-8.573	-8.595	-70.1
22.51	-8.568	-7.402	-72.8
22.52	-8.563	-7.417	-65.3
22.53	-8.558	-8.586	-64.4
22.54	-8.554	-10.413	-70.6
22.55	-8.549	-12.166	-77.8
22.56	-8.544	-13.873	-79.7
22.57	-8.538	-15.900	-76.8
22.58	-8.533	-18.075	-76.8
22.59	-8.527	-20.209	-74.0
22.6	-8.523	-22.286	-76.8
22.61	-8.520	-24.164	-81.4
22.62	-8.518	-25.750	-74.3
22.63	-8.515	-27.155	-67.5
22.64	-8.514	-28.342	-70.8
22.65	-8.512	-28.984	-78.3
22.66	-8.513	-28.952	-74.0
22.67	-8.514	-28.578	-69.4
22.68	-8.518	-28.172	-76.3
22.69	-8.523	-27.678	-77.2
22.7	-8.529	-27.041	-66.8
22.71	-8.536	-26.380	-60.1
22.72	-8.546	-25.827	-68.9
22.73	-8.556	-25.370	-70.4
22.74	-8.570	-24.884	-62.7
22.75	-8.586	-24.361	-65.9
22.76	-8.604	-23.877	-65.3
22.77	-8.624	-23.350	-56.0
22.78	-8.648	-22.672	-53.1
22.79	-8.673	-21.991	-57.8
22.8	-8.702	-21.494	-48.2
22.81	-8.732	-21.142	-35.5
22.82	-8.763	-20.844	-31.2
22.83	-8.794	-20.611	-14.7
22.84	-8.827	-20.486	4.1
22.85	-8.860	-20.541	20.0
22.86	-8.893	-20.867	22.4
22.87	-8.925	-21.377	-7.1
22.88	-8.956	-21.820	-46.8
22.89	-8.984	-22.039	-70.5
22.9	-9.013	-22.000	-78.1
22.91	-9.041	-21.833	-83.2
22.92	-9.071	-21.794	-81.9
22.93	-9.097	-21.903	-80.4
22.94	-9.116	-21.998	-73.1
22.95	-9.133	-22.041	-1.4
22.96	-9.153	-22.159	204.4
22.97	-9.176	-22.441	403.6
22.98	-9.199	-22.639	324.7
22.99	-9.224	-22.341	73.7
23.0	-9.255	-21.634	-70.5
23.01	-9.285	-21.119	-90.5
23.02	-9.306	-21.080	-86.9
23.03	-9.321	-21.320	-92.0
23.04	-9.333	-21.766	-91.3
23.05	-9.348	-22.406	-87.0
23.06	-9.365	-22.973	-75.3
23.07	-9.381	-23.036	-62.3
23.08	-9.397	-21.878	-62.4
23.09	-9.414	-18.091	-62.5
23.1	-9.434	-9.672	-56.3
23.11	-9.454	4.856	-50.2
23.12	-9.476	24.259	-41.7
23.13	-9.497	41.520	-36.6
23.14	-9.519	49.664	-35.8
23.15	-9.542	51.094	-20.4
23.16	-9.564	51.134	-0.6
23.17	-9.586	51.139	2.3
23.18	-9.607	51.128	8.2
23.19	-9.629	50.766	31.5
23.2	-9.649	47.075	56.9
23.21	-9.669	36.325	73.4
23.22	-9.688	21.119	89.8
23.23	-9.706	7.006	110.1
23.24	-9.726	-4.063	127.2
23.25	-9.746	-12.089	133.7
23.26	-9.764	-17.350	116.9
23.27	-9.783	-20.253	87.7
23.28	-9.804	-21.197	54.1
23.29	-9.827	-20.472	10.3
23.3	-9.849	-18.447	-18.8
23.31	-9.871	-15.702	-39.7
23.32	-9.893	-13.003	-63.4
23.33	-9.912	-11.180	-70.8
23.34	-9.930	-10.909	-70.3
23.35	-9.944	-12.395	-71.8
23.36	-9.956	-15.128	-70.6
23.37	-9.966	-18.150	-65.7
23.38	-9.976	-20.647	-60.7
23.39	-9.987	-22.148	-57.4
23.4	-9.999	-22.367	-53.5
23.41	-10.011	-21.216	-49.8
23.42	-10.024	-18.961	-47.3
23.43	-10.038	-16.098	-51.2
23.44	-10.052	-12.992	-55.3
23.45	-10.065	-10.027	-52.0
23.46	-10.078	-7.794	-45.2
23.47	-10.091	-6.573	-46.8
23.48	-10.103	-6.252	-51.4
23.49	-10.113	-6.845	-44.8
23.5	-10.123	-8.353	-43.6
23.51	-10.133	-10.586	-53.8
23.52	-10.144	-13.402	-60.2
23.53	-10.157	-16.577	-59.9
23.54	-10.168	-19.714	-57.1
23.55	-10.179	-22.508	-53.8
23.56	-10.189	-24.820	-52.0
23.57	-10.200	-26.613	-48.2
23.58	-10.210	-27.917	-47.0
23.59	-10.221	-28.833	-52.8
23.6	-10.231	-29.461	-54.0
23.61	-10.241	-29.773	-49.1
23.62	-10.249	-29.747	-48.5
23.63	-10.258	-29.455	-49.3
23.64	-10.264	-28.916	-50.5
23.65	-10.269	-28.200	-50.8
23.66	-10.272	-27.447	-43.1
23.67	-10.274	-26.698	-37.1
23.68	-10.276	-25.919	-35.6
23.69	-10.276	-25.050	-39.3
23.7	-10.274	-24.133	-39.1
23.71	-10.270	-23.258	-24.6
23.72	-10.265	-22.377	-17.4
23.73	-10.258	-21.528	-4.8
23.74	-10.248	-20.903	25.1
23.75	-10.234	-20.484	33.9
23.76	-10.217	-20.094	24.3
23.77	-10.198	-19.728	0.7
23.78	-10.176	-19.455	-36.6
23.79	-10.152	-19.277	-63.4
23.8	-10.127	-19.198	-70.9
23.81	-10.103	-19.119	-71.3
23.82	-10.079	-18.906	-71.7
23.83	-10.052	-18.639	-65.8
23.84	-10.016	-18.494	-57.6
23.85	-9.975	-18.539	0.7
23.86	-9.936	-18.838	185.1
23.87	-9.901	-19.430	352.4
23.88	-9.869	-20.105	261.4
23.89	-9.840	-20.545	48.2
23.9	-9.814	-20.695	-55.2
23.91	-9.792	-20.784	-76.2
23.92	-9.768	-21.311	-70.6
23.93	-9.736	-22.641	-66.5
23.94	-9.698	-23.973	-77.2
23.95	-9.660	-24.644	-74.8
23.96	-9.626	-25.039	-60.3
23.97	-9.594	-25.181	-52.0
23.98	-9.561	-24.744	-49.5
23.99	-9.527	-23.020	-47.1
24.0	-9.497	-18.473	-38.3
24.01	-9.468	-9.250	-30.0
24.02	-9.441	5.830	-26.3
24.03	-9.415	25.269	-18.9
24.04	-9.390	42.078	-9.7
24.05	-9.366	49.803	-6.2
24.06	-9.342	51.103	-6.1
24.07	-9.319	51.134	5.9
24.08	-9.294	51.131	31.3
24.09	-9.271	50.992	55.8
24.1	-9.249	48.516	72.8
24.11	-9.229	39.453	85.9
24.12	-9.208	24.528	109.4
24.13	-9.187	9.148	132.2
24.14	-9.166	-3.636	143.8
24.15	-9.144	-13.297	139.1
24.16	-9.125	-20.045	125.2
24.17	-9.111	-24.291	106.7
24.18	-9.102	-26.325	58.7
24.19	-9.092	-26.395	1.4
24.2	-9.079	-24.886	-30.3
24.21	-9.067	-22.505	-46.2
24.22	-9.058	-20.088	-65.4
24.23	-9.049	-18.402	-86.2
24.24	-9.038	-18.016	-89.3
24.25	-9.026	-19.117	-80.5
24.26	-9.014	-21.375	-77.0
24.27	-9.001	-23.834	-72.7
24.28	-8.990	-25.283	-66.0
24.29	-8.979	-25.155	-63.5
24.3	-8.969	-23.658	-61.2
24.31	-8.957	-21.073	-60.1
24.32	-8.946	-17.678	-61.8
24.33	-8.935	-14.009	-58.1
24.34	-8.925	-10.553	-53.7
24.35	-8.917	-7.705	-55.8
24.36	-8.909	-5.906	-57.6
24.37	-8.901	-5.306	-57.9
24.38	-8.893	-5.720	-58.3
24.39	-8.884	-7.358	-59.3
24.4	-8.875	-11.305	-61.3
24.41	-8.866	-16.438	-60.2
24.42	-8.856	-19.758	-61.9
24.43	-8.846	-21.544	-62.8
24.44	-8.836	-23.217	-61.9
24.45	-8.826	-24.958	-67.0
24.46	-8.816	-27.200	-69.6
24.47	-8.808	-29.023	-67.0
24.48	-8.802	-29.564	-62.8
24.49	-8.797	-29.720	-58.0
24.5	-8.793	-29.877	-55.3
24.51	-8.789	-29.763	-57.7
24.52	-8.784	-29.466	-57.5
24.53	-8.780	-29.106	-55.4
24.54	-8.775	-28.606	-57.1
24.55	-8.769	-27.884	-56.0
24.56	-8.764	-27.027	-49.0
24.57	-8.759	-26.153	-49.1
24.58	-8.753	-25.263	-55.2
24.59	-8.748	-24.375	-48.9
24.6	-8.743	-23.683	-34.8
24.61	-8.738	-23.228	-29.3
24.62	-8.732	-22.852	-19.2
24.63	-8.728	-22.509	0.6
24.64	-8.724	-22.148	16.5
24.65	-8.721	-21.597	29.8
24.66	-8.717	-20.928	27.8
24.67	-8.715	-20.263	-4.0
24.68	-8.712	-19.563	-47.7
24.69	-8.707	-18.959	-75.7
24.7	-8.703	-18.658	-78.0
24.71	-8.699	-18.558	-70.3
24.72	-8.696	-18.298	-70.0
24.73	-8.692	-17.747	-73.7
24.74	-8.683	-17.141	-65.9
24.75	-8.674	-16.770	0.7
24.76	-8.670	-16.742	195.6
24.77	-8.668	-16.928	374.0
24.78	-8.664	-17.022	289.1
24.79	-8.664	-16.867	63.5
24.8	-8.671	-16.603	-64.6
24.81	-8.678	-16.420	-93.1
24.82	-8.678	-16.436	-88.4
24.83	-8.671	-16.777	-86.7
24.84	-8.664	-17.591	-89.3
24.85	-8.659	-18.777	-84.4
24.86	-8.655	-19.903	-74.6
24.87	-8.648	-20.522	-67.5
24.88	-8.638	-20.089	-69.9
24.89	-8.629	-17.313	-69.0
24.9	-8.624	-10.150	-52.4
24.91	-8.621	3.002	-40.6
24.92	-8.618	21.544	-39.0
24.93	-8.617	39.455	-34.1
24.94	-8.619	49.002	-25.7
24.95	-8.621	51.056	-19.1
24.96	-8.624	51.136	-19.1
24.97	-8.628	51.138	-8.8
24.98	-8.634	51.125	16.9
24.99	-8.643	50.358	34.7
25.0	-8.653	45.097	48.9
25.01	-8.662	32.817	68.1
25.02	-8.669	17.500	91.6
25.03	-8.678	3.825	112.1
25.04	-8.687	-6.830	111.0
25.05	-8.699	-14.453	100.5
25.06	-8.714	-19.569	98.6
25.07	-8.734	-22.566	78.0
25.08	-8.759	-23.672	39.5
25.09	-8.787	-23.191	11.6
25.1	-8.814	-21.508	-16.1
25.11	-8.843	-19.200	-46.5
25.12	-8.877	-17.033	-61.6
25.13	-8.913	-15.744	-69.2
25.14	-8.946	-15.834	-74.9
25.15	-8.976	-17.323	-70.4
25.16	-9.001	-19.631	-67.0
25.17	-9.026	-21.830	-65.2
25.18	-9.049	-23.188	-53.8
25.19	-9.072	-23.452	-50.7
25.2	-9.096	-22.620	-61.6
25.21	-9.119	-20.789	-60.6
25.22	-9.145	-18.305	-47.7
25.23	-9.171	-15.638	-40.8
25.24	-9.197	-13.069	-44.8
25.25	-9.221	-10.753	-51.1
25.26	-9.244	-8.927	-47.8
25.27	-9.268	-7.942	-45.5
25.28	-9.291	-8.002	-53.5
25.29	-9.314	-8.931	-60.3
25.3	-9.339	-10.506	-56.4
25.31	-9.366	-12.611	-46.3
25.32	-9.392	-15.047	-39.5
25.33	-9.416	-17.484	-44.2
25.34	-9.439	-19.838	-52.1
25.35	-9.463	-22.266	-50.6
25.36	-9.486	-24.620	-48.8
25.37	-9.511	-26.456	-49.1
25.38	-9.536	-27.681	-49.5
25.39	-9.561	-28.581	-44.6
25.4	-9.584	-29.319	-41.8
25.41	-9.608	-29.803	-43.1
25.42	-9.632	-29.869	-40.2
25.43	-9.656	-29.481	-45.4
25.44	-9.679	-28.883	-46.2
25.45	-9.702	-28.338	-42.6
25.46	-9.724	-27.763	-39.7
25.47	-9.746	-26.948	-35.7
25.48	-9.767	-26.022	-42.7
25.49	-9.788	-25.219	-42.2
25.5	-9.809	-24.463	-34.5
25.51	-9.828	-23.681	-22.5
25.52	-9.846	-22.927	-4.1
25.53	-9.864	-22.230	-2.5
25.54	-9.883	-21.703	5.1
25.55	-9.902	-21.416	32.1
25.56	-9.920	-21.267	49.3
25.57	-9.938	-21.117	50.5
25.58	-9.953	-20.941	23.6
25.59	-9.967	-20.767	-24.6
25.6	-9.982	-20.586	-49.3
25.61	-9.997	-20.358	-51.6
25.62	-10.011	-20.122	-53.2
25.63	-10.027	-20.027	-48.5
25.64	-10.041	-20.134	-45.8
25.65	-10.051	-20.311	-44.3
25.66	-10.059	-20.466	13.3
25.67	-10.068	-20.681	187.5
25.68	-10.080	-21.078	369.6
25.69	-10.092	-21.531	312.6
25.7	-10.108	-21.670	88.1
25.71	-10.124	-21.348	-43.9
25.72	-10.143	-20.898	-69.1
25.73	-10.158	-20.684	-64.2
25.74	-10.166	-20.806	-57.7
25.75	-10.169	-21.253	-57.2
25.76	-10.172	-22.009	-57.3
25.77	-10.179	-22.973	-51.8
25.78	-10.185	-23.883	-40.8
25.79	-10.191	-24.228	-39.3
25.8	-10.198	-22.933	-45.7
25.81	-10.207	-18.163	-32.6
25.82	-10.217	-7.963	-12.4
25.83	-10.228	8.406	-4.6
25.84	-10.238	28.381	-5.1
25.85	-10.248	44.095	-4.7
25.86	-10.258	50.325	2.3
25.87	-10.266	51.125	14.8
25.88	-10.274	51.138	27.6
25.89	-10.281	51.133	35.6
25.9	-10.287	50.998	51.8
25.91	-10.292	48.489	78.7
25.92	-10.296	39.052	100.2
25.93	-10.300	23.419	114.2
25.94	-10.304	7.480	127.5
25.95	-10.307	-5.666	143.6
25.96	-10.309	-15.620	154.2
25.97	-10.311	-22.545	146.8
25.98	-10.317	-26.814	120.9
25.99	-10.324	-28.738	77.5
26.0	-10.328	-28.544	32.9
26.01	-10.326	-26.559	2.4
26.02	-10.322	-23.534	-21.8
26.03	-10.318	-20.572	-47.1
26.04	-10.309	-18.525	-64.3
26.05	-10.294	-17.820	-63.7
26.06	-10.273	-18.566	-55.1
26.07	-10.250	-20.327	-52.2
26.08	-10.226	-22.195	-51.8
26.09	-10.201	-23.309	-48.5
26.1	-10.174	-23.095	-46.1
26.11	-10.144	-21.392	-43.6
26.12	-10.114	-18.464	-36.9
26.13	-10.083	-14.770	-37.0
26.14	-10.051	-10.811	-41.9
26.15	-10.018	-7.044	-41.0
26.16	-9.986	-3.933	-41.5
26.17	-9.954	-1.936	-39.7
26.18	-9.922	-1.306	-33.9
26.19	-9.889	-2.013	-37.2
26.2	-9.856	-3.791	-48.2
26.21	-9.822	-6.348	-52.1
26.22	-9.790	-9.525	-44.8
26.23	-9.758	-13.070	-45.8
26.24	-9.728	-16.594	-56.0
26.25	-9.699	-19.817	-56.6
26.26	-9.670	-22.647	-46.6
26.27	-9.642	-25.041	-42.5
26.28	-9.615	-26.908	-49.2
26.29	-9.588	-28.245	-48.5
26.3	-9.562	-29.150	-40.9
26.31	-9.537	-29.634	-40.0
26.32	-9.512	-29.845	-45.0
26.33	-9.488	-30.172	-45.4
26.34	-9.464	-30.481	-43.7
26.35	-9.441	-30.134	-41.3
26.36	-9.418	-29.092	-26.0
26.37	-9.394	-27.789	-8.9
26.38	-9.372	-26.569	-0.7
26.39	-9.350	-25.602	7.1
26.4	-9.328	-24.734	23.3
26.41	-9.306	-23.798	39.2
26.42	-9.282	-22.817	30.8
26.43	-9.258	-21.589	-1.8
26.44	-9.232	-20.391	-39.3
26.45	-9.209	-19.866	-69.4
26.46	-9.186	-19.659	-74.7
26.47	-9.164	-19.417	-63.6
26.48	-9.145	-19.256	-66.6
26.49	-9.126	-19.103	-76.2
26.5	-9.103	-18.897	-63.8
26.51	-9.078	-18.561	7.0
26.52	-9.057	-18.225	189.3
26.53	-9.039	-18.088	349.0
26.54	-9.021	-17.980	256.8
26.55	-9.005	-17.752	44.2
26.56	-8.992	-17.650	-64.4
26.57	-8.980	-17.878	-90.6
26.58	-8.966	-18.605	-90.8
26.59	-8.946	-19.909	-80.3
26.6	-8.922	-21.020	-73.3
26.61	-8.901	-21.511	-67.7
26.62	-8.881	-21.905	-63.1
26.63	-8.861	-22.208	-63.2
26.64	-8.841	-21.948	-57.4
26.65	-8.821	-20.086	-46.3
26.66	-8.804	-14.759	-41.1
26.67	-8.791	-4.303	-36.7
26.68	-8.779	11.731	-32.4
26.69	-8.768	30.653	-31.6
26.7	-8.759	45.008	-21.8
26.71	-8.749	50.466	-16.5
26.72	-8.740	51.125	-12.0
26.73	-8.732	51.138	9.7
26.74	-8.724	51.130	34.2
26.75	-8.719	50.745	48.9
26.76	-8.716	47.036	57.7
26.77	-8.714	36.406	78.3
26.78	-8.711	21.341	105.1
26.79	-8.706	7.084	114.7
26.8	-8.700	-4.619	116.8
26.81	-8.693	-13.730	120.9
26.82	-8.687	-20.184	114.1
26.83	-8.683	-24.217	92.7
26.84	-8.681	-26.253	47.3
26.85	-8.677	-26.438	-4.2
26.86	-8.670	-24.988	-36.0
26.87	-8.665	-22.638	-57.8
26.88	-8.661	-20.263	-66.5
26.89	-8.658	-18.505	-72.1
26.9	-8.654	-17.939	-76.5
26.91	-8.649	-18.869	-73.3
26.92	-8.642	-20.819	-79.4
26.93	-8.635	-22.684	-79.5
26.94	-8.627	-23.523	-65.1
26.95	-8.619	-23.084	-58.7
26.96	-8.611	-21.567	-54.8
26.97	-8.604	-19.172	-53.6
26.98	-8.596	-16.137	-59.5
26.99	-8.589	-12.964	-56.3
27.0	-8.582	-10.155	-50.7
27.01	-8.578	-8.037	-55.5
27.02	-8.573	-6.898	-57.7
27.03	-8.569	-6.917	-55.8
27.04	-8.563	-7.992	-57.2
27.05	-8.557	-9.630	-57.4
27.06	-8.553	-11.364	-59.4
27.07	-8.548	-13.298	-56.0
27.08	-8.544	-15.764	-50.8
27.09	-8.541	-18.516	-57.9
27.1	-8.536	-21.402	-66.1
27.11	-8.532	-24.161	-67.8
27.12	-8.529	-26.095	-64.2
27.13	-8.528	-27.613	-62.3
27.14	-8.528	-28.936	-58.5
27.15	-8.528	-29.344	-53.9
27.16	-8.528	-29.250	-53.8
27.17	-8.528	-29.553	-49.8
27.18	-8.527	-29.686	-52.6
27.19	-8.527	-29.055	-56.9
27.2	-8.527	-28.052	-55.4
27.21	-8.527	-26.519	-57.6
27.22	-8.527	-24.227	-44.0
27.23	-8.528	-21.122	-25.7
27.24	-8.527	-13.773	-17.7
27.25	-8.527	-3.792	-2.2
27.26	-8.526	-0.795	9.8
27.27	-8.525	-5.019	20.2
27.28	-8.524	-9.930	30.5
27.29	-8.523	-13.438	24.1
27.3	-8.522	-15.616	0.2
27.31	-8.519	-17.022	-35.2
27.32	-8.517	-18.050	-62.9
27.33	-8.514	-18.708	-74.9
27.34	-8.511	-18.920	-80.9
27.35	-8.508	-18.827	-80.0
27.36	-8.503	-18.667	-79.2
27.37	-8.493	-18.539	-68.3
27.38	-8.484	-18.481	8.7
27.39	-8.478	-18.573	208.1
27.4	-8.474	-18.758	384.9
27.41	-8.471	-18.670	293.1
27.42	-8.473	-18.466	61.9
27.43	-8.481	-18.794	-62.3
27.44	-8.491	-19.261	-85.9
27.45	-8.494	-19.247	-83.6
27.46	-8.491	-19.195	-84.6
27.47	-8.486	-19.617	-84.1
27.48	-8.482	-20.447	-79.0
27.49	-8.481	-21.286	-69.1
27.5	-8.476	-21.631	-58.7
27.51	-8.470	-20.706	-55.1
27.52	-8.464	-17.064	-51.0
27.53	-8.460	-8.759	-50.2
27.54	-8.459	5.548	-44.6
27.55	-8.460	24.609	-30.0
27.56	-8.463	41.597	-21.4
27.57	-8.466	49.666	-15.8
27.58	-8.470	51.094	-14.1
27.59	-8.474	51.134	-6.2
27.6	-8.478	51.134	12.0
27.61	-8.481	51.052	21.9
27.62	-8.485	49.228	34.7
27.63	-8.490	41.619	59.8
27.64	-8.496	28.033	82.7
27.65	-8.506	13.530	101.3
27.66	-8.517	1.320	117.7
27.67	-8.527	-8.153	122.4
27.68	-8.537	-14.911	117.2
27.69	-8.547	-19.305	101.2
27.7	-8.559	-21.888	75.6
27.71	-8.574	-22.956	41.0
27.72	-8.589	-22.550	-2.2
27.73	-8.603	-20.823	-29.1
27.74	-8.620	-18.398	-39.1
27.75	-8.644	-16.262	-52.8
27.76	-8.672	-15.188	-69.0
27.77	-8.701	-15.530	-70.4
27.78	-8.729	-17.280	-59.8
27.79	-8.756	-19.859	-55.3
27.8	-8.783	-22.259	-53.8
27.81	-8.810	-23.591	-50.6
27.82	-8.839	-23.497	-44.8
27.83	-8.868	-22.166	-43.0
27.84	-8.898	-19.978	-47.3
27.85	-8.929	-17.342	-48.0
27.86	-8.961	-14.764	-49.8
27.87	-8.995	-12.461	-51.6
27.88	-9.030	-10.350	-47.5
27.89	-9.066	-8.572	-38.9
27.9	-9.104	-7.273	-33.7
27.91	-9.143	-6.352	-41.6
27.92	-9.179	-5.805	-51.5
27.93	-9.214	-5.909	-49.8
27.94	-9.246	-7.038	-46.2
27.95	-9.277	-9.408	-48.1
27.96	-9.308	-12.697	-50.4
27.97	-9.336	-16.131	-47.5
27.98	-9.364	-19.047	-37.5
27.99	-9.393	-21.183	-32.9
28.0	-9.424	-23.114	-39.8
28.01	-9.454	-25.125	-46.5
28.02	-9.487	-26.589	-47.2
28.03	-9.519	-27.577	-45.5
28.04	-9.552	-28.467	-40.6
28.05	-9.584	-29.084	-39.2
28.06	-9.615	-29.211	-36.6
28.07	-9.645	-28.828	-20.8
28.08	-9.675	-28.123	-4.8
28.09	-9.704	-27.289	5.3
28.1	-9.734	-26.431	10.0
28.11	-9.765	-25.539	19.8
28.12	-9.796	-24.623	34.4
28.13	-9.824	-23.706	40.9
28.14	-9.853	-22.777	32.7
28.15	-9.880	-21.900	-4.8
28.16	-9.908	-21.197	-40.5
28.17	-9.935	-20.669	-47.7
28.18	-9.962	-20.252	-48.2
28.19	-9.990	-19.958	-52.4
28.2	-10.019	-19.728	-58.7
28.21	-10.044	-19.447	-61.4
28.22	-10.065	-19.236	-22.7
28.23	-10.085	-19.286	109.1
28.24	-10.106	-19.598	315.0
28.25	-10.126	-20.045	377.7
28.26	-10.146	-20.409	194.8
28.27	-10.170	-20.600	3.7
28.28	-10.198	-20.816	-65.6
28.29	-10.227	-21.148	-68.9
28.3	-10.251	-21.505	-58.8
28.31	-10.269	-21.933	-51.9
28.32	-10.286	-22.450	-53.2
28.33	-10.304	-22.914	-56.7
28.34	-10.321	-23.297	-42.5
28.35	-10.336	-23.444	-33.6
28.36	-10.351	-22.514	-33.8
28.37	-10.367	-18.906	-23.3
28.38	-10.387	-10.750	-14.6
28.39	-10.409	3.213	-20.9
28.4	-10.433	22.084	-18.4
28.41	-10.457	39.809	3.3
28.42	-10.481	49.086	19.3
28.43	-10.506	51.061	18.7
28.44	-10.529	51.136	18.4
28.45	-10.553	51.136	32.6
28.46	-10.577	51.092	53.2
28.47	-10.602	49.788	73.1
28.48	-10.629	42.977	93.9
28.49	-10.657	29.073	112.7
28.5	-10.684	12.983	129.9
28.51	-10.713	-1.028	152.2
28.52	-10.743	-12.142	158.4
28.53	-10.774	-20.350	140.6
28.54	-10.810	-25.716	117.8
28.55	-10.851	-28.586	91.6
28.56	-10.895	-29.428	55.4
28.57	-10.938	-28.555	5.9
28.58	-10.980	-26.341	-28.4
28.59	-11.023	-23.508	-38.6
28.6	-11.065	-21.023	-48.1
28.61	-11.104	-19.766	-52.1
28.62	-11.141	-20.159	-48.9
28.63	-11.172	-21.783	-40.9
28.64	-11.202	-23.656	-31.8
28.65	-11.231	-24.789	-30.1
28.66	-11.258	-24.517	-34.5
28.67	-11.283	-22.730	-37.1
28.68	-11.306	-19.705	-29.5
28.69	-11.328	-15.827	-25.3
28.7	-11.349	-11.620	-27.9
28.71	-11.369	-7.734	-27.7
28.72	-11.387	-4.709	-33.6
28.73	-11.403	-2.805	-37.1
28.74	-11.417	-2.094	-34.4
28.75	-11.429	-2.534	-36.7
28.76	-11.439	-4.055	-38.5
28.77	-11.448	-6.455	-36.1
28.78	-11.456	-9.364	-32.5
28.79	-11.464	-12.725	-37.6
28.8	-11.471	-16.570	-39.5
28.81	-11.477	-20.542	-36.3
28.82	-11.481	-23.980	-44.4
28.83	-11.484	-26.430	-46.0
28.84	-11.487	-27.823	-32.5
28.85	-11.489	-28.322	-27.8
28.86	-11.491	-28.586	-18.6
28.87	-11.490	-28.791	4.7
28.88	-11.488	-28.608	17.4
28.89	-11.484	-28.131	25.3
28.9	-11.477	-27.823	32.2
28.91	-11.468	-28.014	33.0
28.92	-11.457	-28.161	12.6
28.93	-11.444	-27.752	-27.3
28.94	-11.429	-26.903	-49.8
28.95	-11.412	-25.613	-55.8
28.96	-11.392	-23.813	-59.6
28.97	-11.370	-21.963	-57.1
28.98	-11.341	-20.713	-61.8
28.99	-11.299	-19.847	-65.2
29.0	-11.246	-19.006	-15.9
29.01	-11.190	-18.509	139.9
29.02	-11.135	-18.311	319.3
29.03	-11.081	-17.859	283.8
29.04	-11.029	-17.058	76.4
29.05	-10.981	-16.191	-56.5
29.06	-10.937	-15.452	-83.6
29.07	-10.895	-15.097	-68.4
29.08	-10.848	-15.553	-57.0
29.09	-10.791	-16.728	-54.9
29.1	-10.731	-17.995	-59.0
29.11	-10.672	-19.211	-70.3
29.12	-10.616	-20.408	-58.4
29.13	-10.561	-21.158	-37.1
29.14	-10.510	-20.786	-28.3
29.15	-10.464	-18.175	-31.7
29.16	-10.422	-11.570	-32.6
29.17	-10.381	0.302	-16.0
29.18	-10.341	16.972	-7.5
29.19	-10.300	34.783	-12.9
29.2	-10.261	46.825	-9.4
29.21	-10.224	50.763	6.9
29.22	-10.189	51.127	23.3
29.23	-10.154	51.133	32.0
29.24	-10.120	51.022	44.7
29.25	-10.086	48.927	69.5
29.26	-10.051	40.759	94.1
29.27	-10.015	26.530	110.9
29.28	-9.979	11.264	124.2
29.29	-9.941	-1.747	131.9
29.3	-9.904	-11.936	133.1
29.31	-9.870	-19.342	120.8
29.32	-9.842	-24.117	85.4
29.33	-9.816	-26.384	38.4
29.34	-9.787	-26.463	-2.1
29.35	-9.756	-25.183	-31.7
29.36	-9.728	-23.241	-54.5
29.37	-9.701	-21.356	-68.8
29.38	-9.672	-20.400	-76.9
29.39	-9.642	-20.730	-74.8
29.4	-9.610	-22.219	-71.3
29.41	-9.578	-24.134	-69.3
29.42	-9.547	-25.222	-65.9
29.43	-9.516	-24.639	-63.8
29.44	-9.486	-22.422	-52.3
29.45	-9.456	-18.834	-48.3
29.46	-9.425	-14.402	-54.1
29.47	-9.394	-10.063	-53.7
29.48	-9.366	-6.202	-48.7
29.49	-9.338	-2.858	-49.0
29.5	-9.311	-0.470	-57.5
29.51	-9.283	0.525	-56.0
29.52	-9.254	0.105	-53.3
29.53	-9.224	-1.447	-56.4
29.54	-9.193	-3.788	-60.0
29.55	-9.162	-6.620	-63.2
29.56	-9.131	-9.789	-61.7
29.57	-9.102	-13.091	-59.7
29.58	-9.074	-16.267	-55.3
29.59	-9.047	-19.269	-52.0
29.6	-9.022	-22.131	-41.8
29.61	-8.998	-24.716	-29.1
29.62	-8.976	-26.723	-24.9
29.63	-8.955	-27.978	-15.1
29.64	-8.935	-28.592	-0.6
29.65	-8.915	-28.742	12.9
29.66	-8.895	-28.511	14.1
29.67	-8.875	-28.020	-16.6
29.68	-8.853	-27.480	-62.3
29.69	-8.830	-26.950	-81.6
29.7	-8.806	-26.195	-82.2
29.71	-8.783	-25.130	-85.3
29.72	-8.763	-24.045	-86.0
29.73	-8.746	-23.042	-93.7
29.74	-8.725	-22.023	-83.9
29.75	-8.704	-21.147	-24.2
29.76	-8.686	-20.655	134.9
29.77	-8.671	-20.655	321.6
29.78	-8.658	-21.050	278.6
29.79	-8.644	-21.639	57.1
29.8	-8.634	-22.392	-76.6
29.81	-8.627	-23.020	-99.0
29.82	-8.618	-23.261	-100.8
29.83	-8.603	-23.366	-102.2
29.84	-8.584	-23.475	-96.0
29.85	-8.566	-23.480	-90.2
29.86	-8.551	-23.198	-78.6
29.87	-8.535	-22.409	-66.7
29.88	-8.518	-20.834	-62.1
29.89	-8.499	-17.773	-58.8
29.9	-8.481	-11.763	-58.3
29.91	-8.466	-1.092	-57.6
29.92	-8.454	14.681	-46.8
29.93	-8.443	32.680	-34.7
29.94	-8.434	45.830	-31.5
29.95	-8.427	50.595	-24.9
29.96	-8.421	51.128	-9.2
29.97	-8.415	51.138	0.8
29.98	-8.409	51.128	6.8
29.99	-8.402	50.447	22.2
30.0	-8.395	45.609	43.8
30.01	-8.386	33.970	65.0
