Interval=	0.01 s
ExcelDateTime=	3.9770657313398136e+004	18/11/2008 15:46:31.877599
TimeFormat=	StartOfBlock
ChannelTitle=	Channel 1	Channel 2	Channel 3
Range=	20.000 mV	50.000 mV	1000.0 µV
0.0	-9.008	13.133	14.2
0.01	-8.991	9.861	53.1
0.02	-8.973	5.509	91.9
0.03	-8.953	1.113	121.3
0.04	-8.931	-2.272	132.9
0.05	-8.910	-4.625	148.8
0.06	-8.888	-6.548	145.2
0.07	-8.867	-8.331	126.6
0.08	-8.849	-9.761	118.1
0.09	-8.836	-10.195	64.0
0.1	-8.824	-9.506	-11.1
0.11	-8.811	-8.684	-50.8
0.12	-8.795	-8.284	-64.2
0.13	-8.783	-8.147	-72.4
0.14	-8.773	-8.441	-87.5
0.15	-8.763	-9.517	-85.8
0.16	-8.751	-11.158	-75.5
0.17	-8.739	-12.891	-72.4
0.18	-8.726	-14.294	-70.1
0.19	-8.711	-14.763	-74.2
0.2	-8.696	-14.456	-74.3
0.21	-8.682	-13.828	-69.6
0.22	-8.668	-12.897	-67.1
0.23	-8.653	-12.217	-55.6
0.24	-8.638	-12.269	-39.5
0.25	-8.624	-12.766	-41.8
0.26	-8.611	-13.139	-54.5
0.27	-8.598	-12.709	-48.2
0.28	-8.584	-11.520	-63.4
0.29	-8.571	-10.659	-68.3
0.3	-8.559	-10.761	-44.6
0.31	-8.546	-11.314	-48.6
0.32	-8.538	-11.936	-70.8
0.33	-8.538	-12.644	-76.7
0.34	-8.539	-13.278	-53.8
0.35	-8.535	-13.945	-58.9
0.36	-8.528	-14.631	-74.8
0.37	-8.521	-14.813	-51.1
0.38	-8.509	-14.659	-45.3
0.39	-8.496	-14.822	-58.3
0.4	-8.484	-15.364	-47.8
0.41	-8.473	-16.002	-45.8
0.42	-8.462	-16.338	-79.7
0.43	-8.452	-16.423	-84.9
0.44	-8.442	-16.528	-47.9
0.45	-8.431	-16.467	-22.8
0.46	-8.419	-16.153	-17.9
0.47	-8.408	-15.945	-7.0
0.48	-8.398	-16.083	22.3
0.49	-8.389	-16.050	31.6
0.5	-8.381	-15.434	16.2
0.51	-8.373	-14.713	0.6
0.52	-8.364	-14.458	-35.4
0.53	-8.353	-14.606	-64.2
0.54	-8.342	-14.908	-65.5
0.55	-8.332	-15.156	-81.2
0.56	-8.324	-15.080	-84.2
0.57	-8.312	-14.931	-75.3
0.58	-8.297	-15.047	-59.9
0.59	-8.282	-15.217	72.5
0.6	-8.268	-15.322	307.9
0.61	-8.255	-15.439	385.0
0.62	-8.244	-15.481	213.8
0.63	-8.239	-15.302	9.3
0.64	-8.235	-15.083	-89.7
0.65	-8.226	-14.841	-96.4
0.66	-8.214	-14.309	-76.2
0.67	-8.202	-13.953	-64.3
0.68	-8.194	-14.522	-84.4
0.69	-8.188	-15.753	-98.1
0.7	-8.182	-16.430	-83.4
0.71	-8.176	-15.777	-80.0
0.72	-8.170	-13.784	-58.8
0.73	-8.165	-10.302	-42.4
0.74	-8.162	-5.164	-46.7
0.75	-8.163	1.316	-30.3
0.76	-8.166	8.023	-16.9
0.77	-8.169	13.095	-25.3
0.78	-8.174	15.539	-29.3
0.79	-8.183	15.966	-16.1
0.8	-8.201	15.244	3.8
0.81	-8.225	13.419	23.8
0.82	-8.241	10.208	29.8
0.83	-8.246	6.113	47.5
0.84	-8.249	2.139	94.9
0.85	-8.252	-1.227	122.1
0.86	-8.255	-4.078	128.0
0.87	-8.258	-6.505	133.4
0.88	-8.261	-8.442	130.8
0.89	-8.264	-9.531	119.0
0.9	-8.268	-9.511	88.8
0.91	-8.273	-8.816	47.5
0.92	-8.281	-8.155	-3.1
0.93	-8.288	-8.011	-34.6
0.94	-8.294	-8.375	-40.2
0.95	-8.300	-8.989	-60.3
0.96	-8.309	-9.830	-79.8
0.97	-8.316	-11.102	-82.8
0.98	-8.322	-12.716	-83.0
0.99	-8.327	-14.378	-81.2
1.0	-8.331	-16.152	-69.4
1.01	-8.335	-18.228	-78.9
1.02	-8.340	-20.163	-89.8
1.03	-8.344	-21.028	-66.4
1.04	-8.348	-20.816	-60.4
1.05	-8.350	-20.189	-66.0
1.06	-8.351	-19.358	-56.7
1.07	-8.354	-18.211	-47.9
1.08	-8.357	-16.870	-63.0
1.09	-8.364	-16.052	-69.4
1.1	-8.371	-16.409	-66.1
1.11	-8.379	-17.595	-80.5
1.12	-8.387	-18.470	-82.7
1.13	-8.395	-17.797	-72.3
1.14	-8.403	-15.573	-63.3
1.15	-8.411	-13.438	-64.8
1.16	-8.418	-12.738	-71.6
1.17	-8.424	-13.689	-83.8
1.18	-8.431	-15.633	-96.8
1.19	-8.438	-17.183	-85.3
1.2	-8.447	-17.275	-90.9
1.21	-8.456	-15.961	-95.7
1.22	-8.466	-14.425	-70.5
1.23	-8.477	-13.722	-70.5
1.24	-8.488	-13.847	-87.2
1.25	-8.499	-14.484	-87.8
1.26	-8.511	-15.600	-80.7
1.27	-8.523	-16.891	-76.3
1.28	-8.537	-17.422	-83.9
1.29	-8.551	-16.936	-92.5
1.3	-8.567	-16.116	-68.9
1.31	-8.583	-15.483	-43.2
1.32	-8.599	-15.284	-52.0
1.33	-8.615	-15.731	-71.9
1.34	-8.630	-16.831	-82.0
1.35	-8.644	-17.991	-67.5
1.36	-8.659	-18.431	-39.3
1.37	-8.674	-17.861	-23.9
1.38	-8.689	-16.702	-13.6
1.39	-8.704	-15.875	7.1
1.4	-8.719	-15.863	26.3
1.41	-8.734	-16.331	18.2
1.42	-8.749	-16.927	-17.6
1.43	-8.761	-17.667	-47.1
1.44	-8.772	-18.369	-78.6
1.45	-8.784	-18.634	-89.9
1.46	-8.799	-18.256	-72.4
1.47	-8.816	-17.483	-82.2
1.48	-8.828	-16.936	-100.9
1.49	-8.839	-16.917	-56.1
1.5	-8.853	-17.308	108.3
1.51	-8.867	-17.958	322.1
1.52	-8.880	-18.467	348.4
1.53	-8.893	-18.286	168.6
1.54	-8.911	-17.498	1.2
1.55	-8.929	-16.767	-82.7
1.56	-8.937	-16.586	-108.0
1.57	-8.937	-16.958	-100.8
1.58	-8.938	-17.428	-110.0
1.59	-8.940	-17.391	-121.0
1.6	-8.944	-16.869	-107.5
1.61	-8.947	-16.256	-89.3
1.62	-8.952	-15.220	-90.0
1.63	-8.957	-12.783	-98.4
1.64	-8.966	-8.222	-76.0
1.65	-8.979	-1.947	-63.6
1.66	-8.993	4.766	-87.9
1.67	-9.009	10.678	-75.8
1.68	-9.027	14.827	-41.5
1.69	-9.046	17.017	-43.7
1.7	-9.066	17.611	-57.5
1.71	-9.088	16.773	-30.1
1.72	-9.108	14.609	9.0
1.73	-9.129	11.553	19.6
1.74	-9.149	7.797	20.2
1.75	-9.170	3.313	34.2
1.76	-9.189	-0.923	76.8
1.77	-9.208	-4.205	103.0
1.78	-9.228	-6.934	100.5
1.79	-9.247	-8.784	106.4
1.8	-9.266	-8.636	107.6
1.81	-9.284	-6.530	82.4
1.82	-9.305	-4.297	23.3
1.83	-9.329	-3.592	-32.3
1.84	-9.353	-4.369	-64.6
1.85	-9.376	-5.458	-82.8
1.86	-9.400	-6.188	-95.8
1.87	-9.426	-6.969	-102.1
1.88	-9.449	-8.241	-77.8
1.89	-9.472	-10.317	-76.2
1.9	-9.492	-12.859	-110.5
1.91	-9.510	-14.053	-110.6
1.92	-9.527	-13.198	-97.3
1.93	-9.543	-11.970	-87.5
1.94	-9.559	-11.830	-83.3
1.95	-9.574	-12.611	-83.3
1.96	-9.589	-13.666	-73.6
1.97	-9.604	-14.388	-68.0
1.98	-9.619	-13.919	-68.9
1.99	-9.636	-12.389	-78.5
2.0	-9.654	-10.723	-71.1
2.01	-9.672	-9.447	-50.5
2.02	-9.691	-8.978	-67.4
2.03	-9.709	-9.383	-75.0
2.04	-9.727	-10.250	-65.3
2.05	-9.745	-11.209	-83.8
2.06	-9.763	-12.139	-82.6
2.07	-9.779	-12.969	-73.2
2.08	-9.796	-13.323	-73.3
2.09	-9.813	-13.411	-57.2
2.1	-9.830	-14.077	-60.8
2.11	-9.848	-14.977	-78.7
2.12	-9.865	-15.177	-72.9
2.13	-9.881	-14.831	-60.3
2.14	-9.898	-14.608	-65.4
2.15	-9.914	-14.673	-61.7
2.16	-9.930	-14.886	-65.2
2.17	-9.946	-14.984	-71.8
2.18	-9.963	-14.822	-53.2
2.19	-9.979	-14.772	-47.6
2.2	-9.996	-15.036	-60.6
2.21	-10.013	-15.314	-57.4
2.22	-10.030	-15.422	-36.2
2.23	-10.046	-15.286	-39.8
2.24	-10.063	-14.905	-63.0
2.25	-10.079	-14.575	-68.0
2.26	-10.096	-14.294	-62.2
2.27	-10.112	-13.623	-44.6
2.28	-10.128	-12.766	-29.3
2.29	-10.143	-12.516	-19.7
2.3	-10.159	-13.058	-15.5
2.31	-10.176	-13.563	-23.2
2.32	-10.194	-13.256	0.6
2.33	-10.212	-12.559	40.9
2.34	-10.231	-12.339	32.7
2.35	-10.249	-12.561	-3.2
2.36	-10.266	-12.739	-23.8
2.37	-10.280	-12.833	-39.9
2.38	-10.294	-13.055	-51.2
2.39	-10.309	-13.300	-65.5
2.4	-10.325	-13.044	-80.8
2.41	-10.338	-12.148	-70.4
2.42	-10.344	-11.198	-61.1
2.43	-10.351	-11.033	34.4
2.44	-10.358	-11.891	254.1
2.45	-10.363	-12.934	334.6
2.46	-10.367	-13.627	175.8
2.47	-10.372	-14.083	3.5
2.48	-10.376	-14.313	-53.2
2.49	-10.376	-14.336	-56.5
2.5	-10.368	-13.902	-76.1
2.51	-10.352	-13.009	-88.4
2.52	-10.332	-12.380	-82.2
2.53	-10.314	-12.464	-81.6
2.54	-10.299	-12.969	-67.5
2.55	-10.285	-13.164	-46.7
2.56	-10.271	-12.614	-40.1
2.57	-10.258	-11.075	-40.7
2.58	-10.243	-7.788	-53.1
2.59	-10.226	-2.386	-46.2
2.6	-10.205	4.006	-25.0
2.61	-10.183	9.475	-25.8
2.62	-10.158	12.953	-14.8
2.63	-10.133	14.836	1.2
2.64	-10.109	15.967	2.9
2.65	-10.084	16.139	27.2
2.66	-10.059	14.334	55.7
2.67	-10.036	10.480	61.2
2.68	-10.011	5.733	67.7
2.69	-9.987	1.522	109.6
2.7	-9.963	-1.588	143.6
2.71	-9.938	-4.102	137.7
2.72	-9.912	-6.634	146.9
2.73	-9.888	-9.156	154.0
2.74	-9.866	-10.666	128.6
2.75	-9.851	-10.531	106.0
2.76	-9.841	-9.442	43.6
2.77	-9.829	-8.191	-28.7
2.78	-9.814	-7.253	-38.2
2.79	-9.802	-7.097	-63.3
2.8	-9.793	-7.828	-94.4
2.81	-9.781	-8.956	-73.7
2.82	-9.766	-10.063	-71.2
2.83	-9.750	-11.198	-84.8
2.84	-9.733	-12.377	-82.1
2.85	-9.717	-13.175	-72.1
2.86	-9.701	-13.188	-66.1
2.87	-9.683	-12.695	-67.8
2.88	-9.664	-12.258	-53.7
2.89	-9.644	-11.898	-46.6
2.9	-9.623	-11.331	-57.5
2.91	-9.604	-10.642	-67.3
2.92	-9.584	-10.377	-59.5
2.93	-9.565	-10.606	-42.3
2.94	-9.546	-10.483	-47.2
2.95	-9.526	-9.663	-70.1
2.96	-9.506	-9.161	-82.0
2.97	-9.487	-9.783	-72.0
2.98	-9.469	-11.188	-57.3
2.99	-9.451	-12.508	-54.4
3.0	-9.431	-12.891	-69.2
3.01	-9.411	-12.573	-80.9
3.02	-9.390	-12.534	-79.6
3.03	-9.370	-12.872	-84.6
3.04	-9.351	-13.252	-71.6
3.05	-9.334	-13.920	-51.0
3.06	-9.318	-14.983	-76.2
3.07	-9.301	-15.828	-86.8
3.08	-9.284	-16.067	-55.1
3.09	-9.269	-16.031	-67.3
3.1	-9.252	-16.183	-91.4
3.11	-9.237	-16.531	-75.6
3.12	-9.222	-16.775	-63.8
3.13	-9.206	-16.678	-62.5
3.14	-9.189	-16.206	-56.3
3.15	-9.171	-15.528	-45.7
3.16	-9.154	-14.725	-50.2
3.17	-9.137	-14.150	-36.2
3.18	-9.120	-14.338	7.4
3.19	-9.104	-15.034	22.3
3.2	-9.089	-15.470	23.6
3.21	-9.074	-15.595	7.8
3.22	-9.059	-15.764	-45.7
3.23	-9.043	-15.786	-86.6
3.24	-9.027	-15.495	-91.5
3.25	-9.014	-14.872	-73.9
3.26	-9.002	-14.364	-77.5
3.27	-8.986	-14.666	-78.8
3.28	-8.964	-15.222	-49.9
3.29	-8.941	-15.270	12.1
3.3	-8.922	-15.152	186.9
3.31	-8.908	-15.328	332.6
3.32	-8.895	-15.700	217.4
3.33	-8.884	-15.870	10.9
3.34	-8.874	-15.434	-69.5
3.35	-8.861	-14.675	-78.4
3.36	-8.842	-14.616	-82.6
3.37	-8.819	-15.214	-92.2
3.38	-8.796	-15.486	-95.1
3.39	-8.776	-15.480	-88.7
3.4	-8.756	-15.873	-89.7
3.41	-8.736	-16.589	-74.2
3.42	-8.717	-16.330	-55.7
3.43	-8.699	-13.773	-45.8
3.44	-8.683	-9.189	-50.0
3.45	-8.668	-3.708	-65.7
3.46	-8.657	2.045	-50.1
3.47	-8.646	7.506	-24.8
3.48	-8.636	11.689	-18.4
3.49	-8.628	14.025	-18.3
3.5	-8.621	14.681	-5.3
3.51	-8.614	13.986	20.9
3.52	-8.609	12.148	29.3
3.53	-8.603	9.319	38.3
3.54	-8.597	5.631	71.6
3.55	-8.590	1.706	107.1
3.56	-8.584	-1.591	112.0
3.57	-8.577	-4.294	119.8
3.58	-8.569	-6.788	140.9
3.59	-8.562	-8.597	143.4
3.6	-8.553	-9.284	113.0
3.61	-8.547	-9.294	59.3
3.62	-8.543	-8.966	14.7
3.63	-8.541	-8.525	-42.4
3.64	-8.537	-8.287	-80.8
3.65	-8.535	-8.394	-78.3
3.66	-8.536	-8.813	-77.8
3.67	-8.536	-9.333	-76.8
3.68	-8.536	-10.072	-83.1
3.69	-8.534	-11.139	-113.9
3.7	-8.531	-12.231	-118.5
3.71	-8.527	-13.119	-87.0
3.72	-8.523	-13.873	-87.1
3.73	-8.518	-14.389	-89.5
3.74	-8.512	-14.278	-49.3
3.75	-8.506	-13.622	-43.8
3.76	-8.501	-12.977	-78.4
3.77	-8.495	-12.555	-75.2
3.78	-8.491	-12.331	-60.6
3.79	-8.487	-12.256	-75.7
3.8	-8.484	-12.002	-77.5
3.81	-8.481	-11.519	-54.1
3.82	-8.479	-11.348	-63.2
3.83	-8.477	-11.861	-72.4
3.84	-8.476	-12.322	-58.4
3.85	-8.474	-11.923	-65.1
3.86	-8.473	-11.684	-91.6
3.87	-8.471	-12.750	-77.9
3.88	-8.469	-14.327	-56.2
3.89	-8.469	-15.352	-78.3
3.9	-8.470	-15.514	-81.8
3.91	-8.471	-14.997	-71.2
3.92	-8.473	-14.573	-75.7
3.93	-8.476	-14.616	-83.9
3.94	-8.479	-14.930	-72.5
3.95	-8.482	-15.397	-60.3
3.96	-8.486	-15.825	-70.4
3.97	-8.489	-16.295	-76.7
3.98	-8.492	-16.881	-62.7
3.99	-8.496	-16.967	-57.0
4.0	-8.498	-16.177	-71.6
4.01	-8.500	-15.122	-78.6
4.02	-8.501	-14.583	-83.3
4.03	-8.502	-14.792	-71.2
4.04	-8.504	-15.339	-58.5
4.05	-8.506	-15.655	-66.4
4.06	-8.507	-15.620	-56.3
4.07	-8.508	-15.280	-52.5
4.08	-8.509	-14.752	-78.6
4.09	-8.510	-14.448	-66.1
4.1	-8.511	-14.678	-41.4
4.11	-8.511	-15.122	-48.0
4.12	-8.512	-15.475	-47.0
4.13	-8.514	-15.853	-20.3
4.14	-8.517	-15.784	7.0
4.15	-8.519	-15.028	29.1
4.16	-8.522	-14.434	28.1
4.17	-8.523	-14.378	-1.0
4.18	-8.524	-14.570	-16.3
4.19	-8.522	-14.853	-46.2
4.2	-8.521	-15.202	-80.2
4.21	-8.521	-15.822	-83.3
4.22	-8.524	-16.838	-83.3
4.23	-8.524	-17.747	-81.9
4.24	-8.521	-16.844	-53.6
4.25	-8.521	-14.483	45.7
4.26	-8.525	-14.034	233.0
4.27	-8.529	-15.406	369.1
4.28	-8.533	-16.100	268.1
4.29	-8.543	-15.977	43.7
4.3	-8.555	-15.702	-77.9
4.31	-8.558	-15.458	-94.5
4.32	-8.552	-15.439	-84.1
4.33	-8.544	-15.555	-75.9
4.34	-8.537	-15.395	-80.0
4.35	-8.533	-15.120	-85.2
4.36	-8.527	-15.302	-86.7
4.37	-8.521	-15.491	-94.1
4.38	-8.517	-14.250	-83.3
4.39	-8.514	-10.808	-50.3
4.4	-8.514	-5.488	-45.3
4.41	-8.516	0.819	-66.3
4.42	-8.521	6.938	-49.3
4.43	-8.527	11.834	-16.8
4.44	-8.533	15.069	-30.4
4.45	-8.539	16.613	-39.5
4.46	-8.544	16.730	-13.8
4.47	-8.551	15.683	14.4
4.48	-8.556	13.195	30.6
4.49	-8.561	9.213	35.4
4.5	-8.564	4.502	60.6
4.51	-8.568	-0.091	101.1
4.52	-8.571	-3.898	116.8
4.53	-8.573	-6.475	115.8
4.54	-8.576	-7.778	123.7
4.55	-8.579	-8.208	127.5
4.56	-8.582	-8.395	97.7
4.57	-8.586	-8.378	76.3
4.58	-8.592	-7.917	54.0
4.59	-8.600	-7.536	7.0
4.6	-8.607	-7.664	-32.5
4.61	-8.614	-7.692	-59.6
4.62	-8.625	-7.277	-77.6
4.63	-8.637	-7.109	-79.5
4.64	-8.648	-8.009	-62.8
4.65	-8.658	-9.872	-62.4
4.66	-8.666	-11.817	-67.6
4.67	-8.674	-13.444	-56.7
4.68	-8.683	-14.655	-64.1
4.69	-8.693	-15.050	-63.5
4.7	-8.702	-14.736	-46.2
4.71	-8.711	-14.270	-48.9
4.72	-8.719	-13.845	-56.6
4.73	-8.728	-13.581	-50.0
4.74	-8.737	-13.353	-44.1
4.75	-8.747	-12.702	-54.7
4.76	-8.758	-11.903	-61.8
4.77	-8.771	-11.553	-40.8
4.78	-8.784	-11.470	-31.6
4.79	-8.797	-11.552	-42.2
4.8	-8.813	-12.023	-44.3
4.81	-8.827	-12.408	-77.6
4.82	-8.842	-12.563	-78.7
4.83	-8.856	-13.183	-43.8
4.84	-8.870	-14.225	-63.4
4.85	-8.883	-14.928	-72.1
4.86	-8.897	-15.156	-46.4
4.87	-8.911	-15.578	-30.2
4.88	-8.925	-16.308	-43.9
4.89	-8.940	-16.489	-65.2
4.9	-8.957	-15.952	-68.1
4.91	-8.975	-15.555	-76.6
4.92	-8.994	-15.728	-62.2
4.93	-9.012	-16.167	-37.0
4.94	-9.030	-16.425	-39.3
4.95	-9.047	-16.356	-45.8
4.96	-9.064	-16.298	-54.3
4.97	-9.082	-16.372	-57.4
4.98	-9.100	-16.273	-61.4
4.99	-9.118	-15.920	-61.1
5.0	-9.136	-15.503	-35.3
5.01	-9.155	-15.209	-19.8
5.02	-9.172	-15.259	-23.3
5.03	-9.191	-15.589	-29.0
5.04	-9.209	-15.620	-38.6
5.05	-9.229	-15.369	-47.9
5.06	-9.248	-15.364	-59.4
5.07	-9.268	-15.283	-45.7
5.08	-9.288	-14.852	-38.6
5.09	-9.308	-14.630	-45.0
5.1	-9.328	-14.969	-25.0
5.11	-9.348	-15.473	-14.3
5.12	-9.368	-15.467	-14.8
5.13	-9.391	-15.064	1.8
5.14	-9.415	-14.878	24.6
5.15	-9.439	-14.953	48.1
5.16	-9.462	-15.105	56.1
5.17	-9.484	-15.344	34.3
5.18	-9.504	-15.447	-0.1
5.19	-9.524	-15.323	-46.4
5.2	-9.543	-15.416	-68.6
5.21	-9.567	-15.652	-51.9
5.22	-9.592	-15.658	-42.0
5.23	-9.613	-15.458	-41.9
5.24	-9.628	-15.306	-25.1
5.25	-9.643	-15.531	75.3
5.26	-9.661	-15.973	292.3
5.27	-9.679	-15.969	396.9
5.28	-9.699	-15.278	222.3
5.29	-9.722	-14.481	18.3
5.3	-9.744	-14.209	-44.5
5.31	-9.758	-14.594	-60.6
5.32	-9.763	-15.292	-67.6
5.33	-9.766	-15.744	-57.1
5.34	-9.770	-15.805	-60.1
5.35	-9.777	-15.839	-58.8
5.36	-9.787	-15.838	-55.5
5.37	-9.800	-15.464	-61.8
5.38	-9.815	-14.511	-54.1
5.39	-9.831	-12.094	-38.7
5.4	-9.849	-7.219	-25.5
5.41	-9.868	-0.680	-23.6
5.42	-9.889	5.759	-26.0
5.43	-9.909	11.266	-18.3
5.44	-9.928	15.372	-5.2
5.45	-9.948	17.219	10.5
5.46	-9.969	16.559	20.2
5.47	-9.992	14.270	42.9
5.48	-10.018	11.295	67.8
5.49	-10.044	7.789	69.4
5.5	-10.070	3.758	86.1
5.51	-10.094	-0.197	120.1
5.52	-10.117	-3.538	141.2
5.53	-10.139	-6.153	155.8
5.54	-10.159	-7.994	165.2
5.55	-10.176	-9.169	162.3
5.56	-10.193	-10.002	152.4
5.57	-10.211	-10.655	93.0
5.58	-10.232	-10.833	33.3
5.59	-10.253	-10.477	24.1
5.6	-10.272	-9.956	-8.3
5.61	-10.289	-9.297	-38.0
5.62	-10.308	-8.742	-44.2
5.63	-10.324	-9.178	-46.8
5.64	-10.338	-10.439	-56.4
5.65	-10.348	-11.208	-67.1
5.66	-10.356	-11.470	-57.8
5.67	-10.363	-12.208	-59.8
5.68	-10.369	-13.272	-56.0
5.69	-10.377	-13.902	-33.3
5.7	-10.385	-13.856	-38.3
5.71	-10.394	-13.667	-43.4
5.72	-10.404	-13.764	-38.7
5.73	-10.416	-13.348	-37.1
5.74	-10.428	-11.959	-27.6
5.75	-10.439	-10.597	-49.2
5.76	-10.450	-10.242	-58.9
5.77	-10.458	-10.625	-24.1
5.78	-10.465	-11.036	-24.5
5.79	-10.471	-11.583	-40.5
5.8	-10.476	-12.175	-41.2
5.81	-10.482	-12.286	-45.6
5.82	-10.488	-12.331	-52.1
5.83	-10.493	-12.831	-57.1
5.84	-10.499	-13.608	-49.8
5.85	-10.506	-14.377	-50.1
5.86	-10.514	-14.906	-52.5
5.87	-10.521	-15.045	-41.9
5.88	-10.525	-14.967	-31.9
5.89	-10.529	-15.084	-33.6
5.9	-10.531	-15.480	-49.4
5.91	-10.532	-15.980	-51.6
5.92	-10.533	-16.086	-47.3
5.93	-10.533	-15.564	-49.5
5.94	-10.532	-15.206	-44.6
5.95	-10.531	-15.375	-38.8
5.96	-10.529	-15.466	-35.6
5.97	-10.525	-15.173	-44.8
5.98	-10.519	-14.888	-63.6
5.99	-10.512	-15.094	-60.6
6.0	-10.502	-15.733	-35.6
6.01	-10.490	-16.156	-21.9
6.02	-10.476	-15.906	-30.8
6.03	-10.461	-15.338	-38.1
6.04	-10.446	-14.911	-6.9
6.05	-10.431	-14.606	21.6
6.06	-10.416	-14.475	17.1
6.07	-10.401	-14.628	21.8
6.08	-10.384	-15.044	25.3
6.09	-10.365	-15.620	29.9
6.1	-10.344	-16.000	-2.9
6.11	-10.323	-15.809	-55.9
6.12	-10.303	-15.048	-56.1
6.13	-10.285	-14.195	-57.7
6.14	-10.264	-13.897	-75.5
6.15	-10.238	-14.175	-89.1
6.16	-10.208	-14.802	-29.5
6.17	-10.180	-15.603	166.0
6.18	-10.156	-16.105	321.2
6.19	-10.136	-16.036	259.3
6.2	-10.119	-15.364	66.9
6.21	-10.101	-14.416	-67.1
6.22	-10.082	-13.977	-95.4
6.23	-10.059	-14.313	-96.6
6.24	-10.028	-14.733	-84.6
6.25	-9.989	-14.952	-54.4
6.26	-9.953	-15.483	-62.3
6.27	-9.921	-16.375	-77.3
6.28	-9.891	-16.992	-67.7
6.29	-9.864	-16.658	-58.0
6.3	-9.840	-15.223	-51.6
6.31	-9.820	-12.877	-56.2
6.32	-9.803	-9.522	-46.8
6.33	-9.787	-4.936	-42.3
6.34	-9.771	0.652	-48.7
6.35	-9.755	6.580	-19.5
6.36	-9.740	11.533	9.3
6.37	-9.725	14.166	11.0
6.38	-9.710	14.583	5.8
6.39	-9.695	13.531	4.7
6.4	-9.679	11.178	40.7
6.41	-9.664	7.445	82.8
6.42	-9.648	2.673	85.9
6.43	-9.633	-1.717	107.1
6.44	-9.617	-4.447	139.6
6.45	-9.602	-6.100	150.8
6.46	-9.586	-8.025	158.2
6.47	-9.572	-10.144	149.8
6.48	-9.563	-11.458	109.6
6.49	-9.560	-12.108	54.1
6.5	-9.556	-12.834	5.8
6.51	-9.549	-13.280	-31.7
6.52	-9.541	-12.588	-48.5
6.53	-9.537	-11.103	-70.2
6.54	-9.533	-10.133	-93.4
6.55	-9.527	-10.370	-65.9
6.56	-9.518	-11.527	-66.1
6.57	-9.507	-12.870	-96.2
6.58	-9.495	-13.936	-80.9
6.59	-9.483	-14.619	-74.4
6.6	-9.471	-14.664	-76.5
6.61	-9.459	-14.123	-70.0
6.62	-9.446	-13.686	-62.0
6.63	-9.433	-13.438	-44.5
6.64	-9.421	-12.881	-46.4
6.65	-9.409	-11.967	-54.5
6.66	-9.398	-10.986	-54.7
6.67	-9.386	-10.394	-57.1
6.68	-9.375	-10.358	-54.8
6.69	-9.364	-10.598	-60.8
6.7	-9.353	-10.983	-72.1
6.71	-9.342	-11.359	-72.6
6.72	-9.331	-11.608	-74.3
6.73	-9.320	-12.150	-71.0
6.74	-9.309	-13.322	-61.6
6.75	-9.298	-14.258	-70.3
6.76	-9.287	-14.170	-77.2
6.77	-9.278	-13.961	-64.9
6.78	-9.269	-14.594	-76.0
6.79	-9.260	-15.592	-89.0
6.8	-9.252	-16.164	-58.5
6.81	-9.244	-16.433	-38.1
6.82	-9.237	-16.669	-60.1
6.83	-9.230	-16.791	-66.0
6.84	-9.222	-16.688	-55.5
6.85	-9.214	-16.306	-67.5
6.86	-9.206	-15.994	-69.3
6.87	-9.199	-16.067	-59.0
6.88	-9.191	-16.294	-60.1
6.89	-9.184	-16.289	-52.7
6.9	-9.176	-16.009	-42.9
6.91	-9.168	-15.745	-38.3
6.92	-9.159	-15.577	-37.5
6.93	-9.151	-15.406	-57.4
6.94	-9.141	-15.305	-67.9
6.95	-9.132	-15.255	-39.8
6.96	-9.123	-15.089	-28.6
6.97	-9.114	-14.895	-38.6
6.98	-9.106	-14.898	7.0
6.99	-9.098	-15.077	51.8
7.0	-9.091	-15.214	45.8
7.01	-9.084	-15.189	27.8
7.02	-9.076	-15.219	7.5
7.03	-9.066	-15.183	-14.9
7.04	-9.054	-14.853	-48.5
7.05	-9.046	-14.794	-64.9
7.06	-9.041	-15.270	-62.5
7.07	-9.033	-15.491	-70.0
7.08	-9.020	-15.053	-66.9
7.09	-9.006	-14.658	-6.3
7.1	-8.994	-14.770	178.9
7.11	-8.986	-15.111	385.6
7.12	-8.978	-15.072	343.2
7.13	-8.973	-14.531	130.5
7.14	-8.972	-14.291	-14.0
7.15	-8.965	-14.730	-78.5
7.16	-8.949	-15.328	-87.3
7.17	-8.929	-15.570	-75.7
7.18	-8.911	-15.475	-71.5
7.19	-8.895	-15.414	-62.6
7.2	-8.880	-15.728	-55.8
7.21	-8.864	-16.223	-62.1
7.22	-8.848	-15.747	-66.6
7.23	-8.833	-13.202	-56.8
7.24	-8.819	-8.761	-48.6
7.25	-8.807	-3.331	-48.9
7.26	-8.797	2.550	-54.7
7.27	-8.788	8.298	-42.4
7.28	-8.781	12.867	-14.6
7.29	-8.774	15.458	3.2
7.3	-8.768	15.975	8.3
7.31	-8.762	14.952	6.0
7.32	-8.755	12.886	2.7
7.33	-8.748	10.031	26.4
7.34	-8.741	6.542	71.1
7.35	-8.734	2.539	81.8
7.36	-8.728	-1.547	97.0
7.37	-8.721	-4.842	142.4
7.38	-8.715	-6.769	143.9
7.39	-8.709	-7.986	131.9
7.4	-8.704	-9.148	138.2
7.41	-8.699	-9.647	113.6
7.42	-8.697	-9.327	55.9
7.43	-8.696	-9.050	-3.5
7.44	-8.695	-9.056	-34.6
7.45	-8.693	-8.906	-43.4
7.46	-8.693	-8.623	-68.2
7.47	-8.695	-8.639	-85.1
7.48	-8.697	-8.991	-72.9
7.49	-8.700	-9.598	-62.9
7.5	-8.701	-10.678	-68.0
7.51	-8.700	-12.136	-82.5
7.52	-8.700	-13.413	-74.7
7.53	-8.699	-14.234	-62.7
7.54	-8.698	-14.702	-66.9
7.55	-8.696	-14.680	-50.4
7.56	-8.691	-14.223	-31.2
7.57	-8.687	-13.630	-42.6
7.58	-8.683	-12.838	-51.9
7.59	-8.681	-12.039	-43.0
7.6	-8.681	-11.889	-54.3
7.61	-8.682	-12.428	-55.2
7.62	-8.684	-12.644	-30.8
7.63	-8.686	-12.014	-40.1
7.64	-8.689	-11.481	-64.7
7.65	-8.691	-11.895	-50.4
7.66	-8.693	-12.580	-30.9
7.67	-8.693	-12.608	-54.0
7.68	-8.694	-12.466	-79.9
7.69	-8.694	-13.178	-67.9
7.7	-8.696	-14.609	-54.8
7.71	-8.697	-15.519	-64.8
7.72	-8.700	-15.539	-51.2
7.73	-8.703	-15.491	-36.3
7.74	-8.706	-15.705	-55.5
7.75	-8.708	-15.934	-58.3
7.76	-8.711	-16.048	-45.9
7.77	-8.713	-15.981	-51.6
7.78	-8.716	-15.870	-61.5
7.79	-8.719	-16.022	-59.0
7.8	-8.722	-16.284	-55.6
7.81	-8.725	-16.359	-47.5
7.82	-8.729	-16.320	-41.1
7.83	-8.733	-16.394	-43.8
7.84	-8.738	-16.650	-38.9
7.85	-8.742	-16.611	-42.3
7.86	-8.746	-15.998	-50.7
7.87	-8.751	-15.541	-56.2
7.88	-8.756	-15.773	-49.1
7.89	-8.761	-16.206	-41.2
7.9	-8.766	-16.456	-51.3
7.91	-8.770	-16.483	-47.9
7.92	-8.773	-16.256	-41.3
7.93	-8.776	-16.205	-36.2
7.94	-8.779	-16.486	-34.6
7.95	-8.781	-16.647	-43.8
7.96	-8.783	-16.509	-23.8
7.97	-8.785	-16.161	4.8
7.98	-8.787	-15.827	16.6
7.99	-8.789	-15.722	42.6
8.0	-8.792	-15.584	55.5
8.01	-8.795	-15.142	23.5
8.02	-8.796	-14.766	-15.8
8.03	-8.796	-15.031	-38.1
8.04	-8.796	-15.641	-51.8
8.05	-8.799	-15.989	-61.2
8.06	-8.804	-16.153	-67.2
8.07	-8.802	-16.159	-72.3
8.08	-8.797	-15.903	-42.1
8.09	-8.796	-15.698	84.9
8.1	-8.801	-15.744	290.6
8.11	-8.808	-15.863	384.0
8.12	-8.819	-15.941	221.2
8.13	-8.840	-15.703	14.8
8.14	-8.864	-15.008	-48.2
8.15	-8.879	-14.463	-58.9
8.16	-8.884	-14.558	-83.3
8.17	-8.888	-14.928	-94.8
8.18	-8.893	-14.984	-86.1
8.19	-8.898	-15.064	-75.5
8.2	-8.901	-15.547	-77.3
8.21	-8.904	-15.336	-86.7
8.22	-8.911	-13.455	-75.6
8.23	-8.920	-10.081	-43.8
8.24	-8.934	-5.227	-32.4
8.25	-8.952	1.142	-37.8
8.26	-8.973	7.814	-37.4
8.27	-8.995	13.034	-38.1
8.28	-9.018	15.961	-29.2
8.29	-9.042	17.030	-14.7
8.3	-9.066	16.988	3.6
8.31	-9.092	15.527	28.4
8.32	-9.119	12.228	43.6
8.33	-9.144	8.016	51.1
8.34	-9.169	4.083	73.1
8.35	-9.193	0.642	111.3
8.36	-9.215	-2.755	125.5
8.37	-9.238	-6.009	140.4
8.38	-9.261	-8.261	149.7
8.39	-9.285	-8.933	139.8
8.4	-9.308	-8.359	118.8
8.41	-9.331	-7.467	72.5
8.42	-9.357	-6.917	37.8
8.43	-9.383	-6.809	12.5
8.44	-9.408	-7.097	-19.2
8.45	-9.433	-7.877	-45.1
8.46	-9.457	-8.678	-48.0
8.47	-9.481	-8.994	-31.5
8.48	-9.505	-9.303	-48.7
8.49	-9.527	-9.728	-75.2
8.5	-9.547	-9.963	-63.9
8.51	-9.568	-10.153	-57.8
8.52	-9.587	-10.636	-56.0
8.53	-9.607	-11.441	-52.5
8.54	-9.626	-12.355	-44.8
8.55	-9.643	-13.184	-21.9
8.56	-9.661	-13.416	-35.4
8.57	-9.678	-12.708	-47.8
8.58	-9.695	-11.691	-26.4
8.59	-9.712	-11.295	-40.3
8.6	-9.730	-11.570	-63.3
8.61	-9.746	-11.636	-46.8
8.62	-9.761	-10.878	-36.9
8.63	-9.776	-9.806	-45.8
8.64	-9.791	-9.597	-47.2
8.65	-9.808	-10.555	-34.8
8.66	-9.823	-11.708	-23.5
8.67	-9.839	-12.455	-42.6
8.68	-9.855	-13.305	-66.9
8.69	-9.870	-14.395	-64.7
8.7	-9.884	-15.106	-44.7
8.71	-9.899	-15.281	-42.0
8.72	-9.914	-15.173	-58.3
8.73	-9.929	-15.031	-46.7
8.74	-9.944	-15.272	-40.0
8.75	-9.960	-15.883	-39.1
8.76	-9.975	-16.252	-32.4
8.77	-9.989	-15.778	-37.6
8.78	-10.004	-14.809	-40.8
8.79	-10.018	-14.450	-48.1
8.8	-10.030	-14.641	-44.3
8.81	-10.042	-14.663	-32.2
8.82	-10.054	-14.752	-21.9
8.83	-10.067	-15.016	-36.6
8.84	-10.079	-15.028	-38.9
8.85	-10.092	-14.713	-15.5
8.86	-10.105	-14.388	-24.4
8.87	-10.118	-14.517	-36.3
8.88	-10.131	-15.094	-37.3
8.89	-10.143	-15.613	-27.0
8.9	-10.154	-15.738	-15.2
8.91	-10.164	-15.536	-24.4
8.92	-10.172	-14.986	-11.3
8.93	-10.181	-13.753	0.5
8.94	-10.191	-12.448	-0.3
8.95	-10.201	-12.389	27.6
8.96	-10.213	-13.544	49.6
8.97	-10.223	-14.859	47.1
8.98	-10.234	-15.595	46.3
8.99	-10.243	-15.569	34.0
9.0	-10.253	-15.069	-3.6
9.01	-10.261	-14.492	-32.7
9.02	-10.271	-14.114	-50.8
9.03	-10.284	-14.047	-54.9
9.04	-10.294	-14.220	-43.8
9.05	-10.301	-14.631	-49.5
9.06	-10.307	-15.003	25.0
9.07	-10.316	-15.033	241.6
9.08	-10.326	-14.939	370.6
9.09	-10.335	-14.806	247.2
9.1	-10.345	-14.725	56.3
9.11	-10.353	-14.880	-43.8
9.12	-10.356	-15.064	-74.6
9.13	-10.354	-14.914	-65.9
9.14	-10.348	-14.427	-51.2
9.15	-10.340	-14.320	-66.6
9.16	-10.338	-15.044	-75.0
9.17	-10.339	-15.902	-47.4
9.18	-10.342	-16.120	-42.8
9.19	-10.346	-15.520	-43.6
9.2	-10.352	-13.992	-30.6
9.21	-10.358	-10.933	-37.9
9.22	-10.364	-5.827	-38.4
9.23	-10.370	0.609	-26.9
9.24	-10.376	6.845	-16.6
9.25	-10.382	11.630	5.4
9.26	-10.389	14.511	6.2
9.27	-10.396	15.505	12.8
9.28	-10.403	14.747	38.8
9.29	-10.409	12.719	39.5
9.3	-10.414	9.650	52.5
9.31	-10.418	5.695	76.0
9.32	-10.420	1.725	104.2
9.33	-10.421	-1.859	152.8
9.34	-10.421	-5.219	177.1
9.35	-10.421	-7.773	176.9
9.36	-10.420	-9.083	172.2
9.37	-10.419	-9.747	137.3
9.38	-10.422	-10.339	84.0
9.39	-10.430	-10.861	50.8
9.4	-10.436	-11.044	25.4
9.41	-10.438	-10.553	-4.5
9.42	-10.438	-9.659	-33.7
9.43	-10.440	-8.897	-53.6
9.44	-10.442	-8.659	-59.8
9.45	-10.440	-9.555	-62.0
9.46	-10.434	-11.220	-71.2
9.47	-10.428	-12.606	-75.4
9.48	-10.422	-13.411	-70.2
9.49	-10.416	-13.481	-66.6
9.5	-10.409	-12.983	-50.6
9.51	-10.401	-12.613	-38.2
9.52	-10.391	-12.461	-28.5
9.53	-10.380	-12.227	-37.9
9.54	-10.369	-11.864	-55.4
9.55	-10.358	-11.303	-37.7
9.56	-10.346	-10.833	-31.5
9.57	-10.334	-10.713	-49.8
9.58	-10.318	-10.342	-43.4
9.59	-10.301	-9.734	-17.8
9.6	-10.281	-9.984	-41.7
9.61	-10.262	-11.178	-75.2
9.62	-10.242	-12.138	-60.3
9.63	-10.222	-12.341	-29.1
9.64	-10.201	-12.411	-23.3
9.65	-10.180	-12.731	-46.0
9.66	-10.158	-12.952	-39.2
9.67	-10.137	-13.125	-33.8
9.68	-10.114	-13.752	-47.7
9.69	-10.092	-14.545	-49.3
9.7	-10.069	-14.813	-53.2
9.71	-10.046	-14.566	-41.0
9.72	-10.023	-14.284	-36.7
9.73	-10.000	-14.142	-41.0
9.74	-9.977	-14.180	-32.8
9.75	-9.954	-14.550	-39.9
9.76	-9.930	-15.039	-40.4
9.77	-9.907	-15.188	-36.5
9.78	-9.884	-14.752	-38.7
9.79	-9.862	-14.009	-43.3
9.8	-9.839	-13.542	-44.7
9.81	-9.817	-13.564	-36.8
9.82	-9.795	-13.928	-22.6
9.83	-9.773	-14.208	-6.8
9.84	-9.751	-14.075	-3.2
9.85	-9.730	-13.784	8.4
9.86	-9.710	-13.791	30.9
9.87	-9.692	-14.102	36.0
9.88	-9.674	-13.939	36.3
9.89	-9.655	-13.177	29.3
9.9	-9.635	-12.936	-16.8
9.91	-9.613	-13.414	-42.6
9.92	-9.592	-13.595	-33.2
9.93	-9.575	-13.339	-39.1
9.94	-9.557	-13.602	-74.8
9.95	-9.533	-14.363	-94.9
9.96	-9.505	-14.472	-19.6
9.97	-9.479	-13.680	145.7
9.98	-9.458	-13.000	326.4
9.99	-9.439	-13.092	317.7
10.0	-9.422	-13.488	123.8
10.01	-9.407	-13.577	-7.7
10.02	-9.393	-13.583	-66.9
10.03	-9.376	-13.758	-84.5
10.04	-9.353	-13.847	-71.4
10.05	-9.324	-13.769	-71.3
10.06	-9.296	-13.658	-64.7
10.07	-9.269	-13.900	-67.0
10.08	-9.246	-14.548	-66.8
10.09	-9.222	-14.756	-54.7
10.1	-9.201	-13.856	-54.1
10.11	-9.183	-11.691	-44.3
10.12	-9.168	-8.056	-27.9
10.13	-9.154	-2.920	-26.5
10.14	-9.140	3.061	-29.2
10.15	-9.126	8.589	-20.4
10.16	-9.111	12.380	1.2
10.17	-9.096	14.192	-0.1
10.18	-9.081	14.803	-0.2
10.19	-9.066	14.483	38.0
10.2	-9.051	12.763	67.0
10.21	-9.036	8.898	75.0
10.22	-9.019	4.173	82.9
10.23	-9.003	0.961	115.6
10.24	-8.988	-1.830	150.3
10.25	-8.971	-5.267	160.9
10.26	-8.953	-7.830	165.6
10.27	-8.935	-8.897	164.6
10.28	-8.918	-9.239	146.3
10.29	-8.904	-9.364	82.8
10.3	-8.896	-9.208	13.9
10.31	-8.888	-8.992	-16.8
10.32	-8.876	-8.958	-50.8
10.33	-8.867	-8.767	-69.7
10.34	-8.860	-8.364	-57.5
10.35	-8.853	-8.230	-64.7
10.36	-8.845	-8.903	-75.4
10.37	-8.834	-10.509	-85.5
10.38	-8.823	-12.059	-87.6
10.39	-8.811	-12.708	-66.3
10.4	-8.798	-12.956	-66.1
10.41	-8.785	-13.406	-67.8
10.42	-8.771	-13.614	-51.8
10.43	-8.758	-12.861	-51.5
10.44	-8.744	-11.428	-54.4
10.45	-8.732	-10.292	-57.8
10.46	-8.721	-10.067	-70.4
10.47	-8.709	-10.417	-41.8
10.48	-8.698	-10.461	-23.0
10.49	-8.686	-9.938	-53.3
10.5	-8.674	-9.536	-60.1
10.51	-8.662	-9.814	-68.0
10.52	-8.650	-10.630	-79.0
10.53	-8.638	-11.527	-75.5
10.54	-8.626	-12.069	-65.0
10.55	-8.614	-12.559	-38.6
10.56	-8.603	-13.427	-42.4
10.57	-8.593	-14.222	-70.7
10.58	-8.584	-14.455	-70.2
10.59	-8.577	-14.053	-52.1
10.6	-8.569	-13.558	-62.2
10.61	-8.561	-13.923	-82.3
10.62	-8.554	-14.855	-66.1
10.63	-8.548	-15.325	-46.7
10.64	-8.542	-15.238	-53.7
10.65	-8.536	-14.988	-60.1
10.66	-8.529	-14.945	-49.2
10.67	-8.522	-14.981	-42.1
10.68	-8.515	-14.511	-45.4
10.69	-8.509	-13.914	-57.5
10.7	-8.503	-14.011	-60.2
10.71	-8.498	-14.598	-54.1
10.72	-8.492	-14.873	-66.3
10.73	-8.486	-14.541	-72.3
10.74	-8.480	-14.130	-58.1
10.75	-8.474	-14.111	-36.7
10.76	-8.467	-14.281	-17.8
10.77	-8.461	-14.214	-39.3
10.78	-8.456	-13.966	-55.4
10.79	-8.453	-13.681	-18.9
10.8	-8.451	-13.361	0.3
10.81	-8.451	-13.355	11.5
10.82	-8.451	-13.978	45.0
10.83	-8.450	-14.622	20.7
10.84	-8.447	-14.269	-36.3
10.85	-8.443	-13.280	-56.9
10.86	-8.439	-12.886	-76.8
10.87	-8.438	-13.305	-79.7
10.88	-8.437	-13.798	-71.3
10.89	-8.433	-13.819	-89.5
10.9	-8.428	-13.669	-59.0
10.91	-8.425	-13.814	110.0
10.92	-8.424	-14.213	349.4
10.93	-8.422	-14.678	383.6
10.94	-8.422	-14.811	169.3
10.95	-8.428	-14.423	-4.6
10.96	-8.432	-14.178	-68.4
10.97	-8.428	-14.308	-103.9
10.98	-8.417	-14.148	-99.5
10.99	-8.407	-13.644	-94.5
11.0	-8.399	-13.623	-94.4
11.01	-8.393	-14.355	-74.1
11.02	-8.387	-14.991	-70.8
11.03	-8.380	-14.642	-81.2
11.04	-8.374	-12.919	-82.8
11.05	-8.369	-9.283	-62.8
11.06	-8.367	-3.659	-47.9
11.07	-8.367	2.656	-53.0
11.08	-8.369	8.233	-39.4
11.09	-8.372	12.675	-18.1
11.1	-8.374	15.811	-18.8
11.11	-8.377	17.044	-27.8
11.12	-8.381	16.066	-14.0
11.13	-8.385	13.650	24.3
11.14	-8.388	10.877	56.9
11.15	-8.390	7.917	59.8
11.16	-8.391	4.609	67.8
11.17	-8.393	1.131	106.1
11.18	-8.394	-2.070	120.0
11.19	-8.396	-4.583	128.2
11.2	-8.398	-6.367	148.8
11.21	-8.401	-7.498	142.1
11.22	-8.403	-7.855	112.8
11.23	-8.406	-7.427	64.8
11.24	-8.412	-6.656	12.9
11.25	-8.419	-6.005	-26.5
11.26	-8.425	-5.509	-47.1
11.27	-8.429	-5.339	-60.4
11.28	-8.433	-5.870	-68.8
11.29	-8.438	-6.938	-69.0
11.3	-8.443	-8.131	-73.6
11.31	-8.446	-9.373	-87.1
11.32	-8.447	-10.711	-78.9
11.33	-8.447	-11.883	-67.2
11.34	-8.448	-12.644	-74.1
11.35	-8.449	-13.064	-68.7
11.36	-8.451	-13.423	-48.1
11.37	-8.453	-13.725	-33.2
11.38	-8.453	-13.541	-41.3
11.39	-8.454	-12.898	-46.8
11.4	-8.456	-12.042	-42.1
11.41	-8.459	-11.223	-49.6
11.42	-8.464	-11.063	-53.0
11.43	-8.471	-11.355	-35.7
11.44	-8.479	-11.239	-23.8
11.45	-8.486	-10.791	-37.6
11.46	-8.494	-10.664	-41.9
11.47	-8.502	-10.980	-37.8
11.48	-8.509	-11.384	-46.4
11.49	-8.516	-11.892	-55.3
11.5	-8.523	-12.722	-53.5
11.51	-8.529	-13.777	-41.7
11.52	-8.537	-14.716	-31.1
11.53	-8.546	-15.088	-30.2
11.54	-8.558	-14.747	-42.2
11.55	-8.569	-14.130	-49.8
11.56	-8.580	-13.841	-46.7
11.57	-8.591	-14.148	-55.3
11.58	-8.602	-14.961	-57.9
11.59	-8.611	-15.714	-36.3
11.6	-8.621	-15.973	-28.8
11.61	-8.629	-15.756	-43.8
11.62	-8.636	-15.038	-50.5
11.63	-8.644	-14.206	-41.2
11.64	-8.652	-13.844	-39.0
11.65	-8.659	-13.983	-39.9
11.66	-8.666	-14.339	-42.3
11.67	-8.672	-14.667	-48.7
11.68	-8.679	-15.025	-41.3
11.69	-8.684	-15.213	-45.5
11.7	-8.690	-14.802	-38.5
11.71	-8.696	-14.156	-22.8
11.72	-8.702	-14.055	-32.8
11.73	-8.707	-14.477	-48.8
11.74	-8.714	-14.938	-48.5
11.75	-8.721	-15.333	-38.4
11.76	-8.728	-15.753	-35.1
11.77	-8.735	-16.313	-22.4
11.78	-8.743	-17.022	7.9
11.79	-8.753	-17.286	26.2
11.8	-8.764	-16.720	33.8
11.81	-8.777	-16.514	53.3
11.82	-8.791	-17.714	39.2
11.83	-8.804	-19.133	-4.3
11.84	-8.815	-19.492	-30.3
11.85	-8.828	-19.423	-52.4
11.86	-8.843	-19.673	-78.2
11.87	-8.862	-19.708	-83.1
11.88	-8.876	-18.628	-65.8
11.89	-8.886	-16.791	-33.9
11.9	-8.899	-15.720	68.0
11.91	-8.916	-16.023	289.6
11.92	-8.932	-16.891	422.3
11.93	-8.947	-17.509	269.9
11.94	-8.967	-17.644	38.8
11.95	-8.991	-17.278	-54.5
11.96	-9.008	-16.875	-65.1
11.97	-9.016	-16.794	-89.9
11.98	-9.021	-16.280	-98.2
11.99	-9.026	-15.027	-77.3
12.0	-9.031	-14.205	-82.3
12.01	-9.034	-14.480	-87.7
12.02	-9.037	-15.028	-75.5
12.03	-9.041	-14.619	-76.5
12.04	-9.045	-12.448	-66.7
12.05	-9.052	-8.238	-43.2
12.06	-9.062	-2.116	-34.9
12.07	-9.074	5.066	-32.4
12.08	-9.088	11.548	-30.5
12.09	-9.103	15.670	-19.6
12.1	-9.119	17.089	4.8
12.11	-9.135	16.531	-2.6
12.12	-9.151	14.791	-13.1
12.13	-9.168	12.230	15.6
12.14	-9.184	8.730	45.6
12.15	-9.200	4.717	84.0
12.16	-9.216	1.283	116.6
12.17	-9.232	-1.194	120.4
12.18	-9.248	-3.278	136.6
12.19	-9.264	-5.308	154.3
12.2	-9.281	-7.034	140.1
12.21	-9.298	-8.039	102.5
12.22	-9.315	-7.989	73.3
12.23	-9.334	-7.145	49.3
12.24	-9.355	-6.180	18.9
12.25	-9.376	-5.616	-18.5
12.26	-9.398	-5.553	-66.5
12.27	-9.418	-5.702	-73.9
12.28	-9.439	-6.131	-56.8
12.29	-9.458	-7.464	-60.8
12.3	-9.474	-9.742	-69.8
12.31	-9.488	-11.708	-79.9
12.32	-9.501	-12.416	-78.3
12.33	-9.514	-12.708	-65.6
12.34	-9.527	-13.414	-60.4
12.35	-9.541	-13.719	-61.1
12.36	-9.556	-12.930	-55.0
12.37	-9.571	-11.941	-48.0
12.38	-9.588	-11.581	-47.0
12.39	-9.605	-11.345	-34.0
12.4	-9.623	-10.734	-29.8
12.41	-9.640	-10.345	-48.6
12.42	-9.658	-10.569	-48.2
12.43	-9.676	-10.764	-61.6
12.44	-9.693	-10.538	-65.0
12.45	-9.710	-10.283	-32.9
12.46	-9.728	-10.348	-36.1
12.47	-9.746	-10.669	-36.6
12.48	-9.764	-11.080	-38.9
12.49	-9.784	-11.839	-54.2
12.5	-9.803	-12.989	-42.2
12.51	-9.821	-13.866	-44.6
12.52	-9.840	-14.263	-55.6
12.53	-9.859	-14.263	-50.1
12.54	-9.879	-13.956	-41.4
12.55	-9.898	-13.914	-51.2
12.56	-9.918	-14.428	-60.9
12.57	-9.938	-14.952	-49.7
12.58	-9.959	-15.013	-34.5
12.59	-9.982	-14.753	-19.2
12.6	-10.004	-14.411	-33.2
12.61	-10.027	-14.066	-57.8
12.62	-10.048	-13.739	-48.6
12.63	-10.069	-13.731	-31.3
12.64	-10.089	-14.105	-36.7
12.65	-10.108	-14.411	-40.3
12.66	-10.128	-14.378	-41.5
12.67	-10.149	-13.931	-58.0
12.68	-10.170	-13.231	-45.0
12.69	-10.189	-13.059	-20.3
12.7	-10.206	-13.983	-15.1
12.71	-10.223	-15.072	-18.7
12.72	-10.238	-15.039	-22.7
12.73	-10.253	-14.147	-13.3
12.74	-10.268	-13.569	-5.0
12.75	-10.283	-13.805	-6.4
12.76	-10.301	-14.252	6.3
12.77	-10.318	-14.084	39.8
12.78	-10.336	-13.631	66.7
12.79	-10.351	-13.911	74.5
12.8	-10.366	-14.792	53.2
12.81	-10.379	-15.009	11.6
12.82	-10.390	-14.403	-14.4
12.83	-10.401	-14.105	-37.7
12.84	-10.414	-14.138	-51.9
12.85	-10.429	-13.753	-46.3
12.86	-10.441	-13.317	-40.5
12.87	-10.448	-13.464	-6.4
12.88	-10.458	-13.859	113.6
12.89	-10.468	-14.138	310.3
12.9	-10.478	-14.642	364.1
12.91	-10.488	-15.456	183.2
12.92	-10.498	-15.784	22.7
12.93	-10.508	-15.223	-19.3
12.94	-10.515	-14.552	-50.0
12.95	-10.517	-14.270	-66.4
12.96	-10.512	-14.145	-49.9
12.97	-10.505	-14.198	-37.4
12.98	-10.502	-14.578	-45.7
12.99	-10.503	-15.294	-54.3
13.0	-10.506	-15.931	-34.5
13.01	-10.511	-15.669	-7.9
13.02	-10.516	-13.867	-15.8
13.03	-10.519	-10.395	-37.0
13.04	-10.523	-5.353	-33.0
13.05	-10.524	0.909	-20.7
13.06	-10.526	7.100	3.7
13.07	-10.528	11.792	13.6
13.08	-10.530	14.483	6.0
13.09	-10.532	15.378	37.1
13.1	-10.534	14.922	62.6
13.11	-10.534	13.328	61.7
13.12	-10.531	10.509	75.1
13.13	-10.526	6.825	103.5
13.14	-10.521	3.031	134.2
13.15	-10.515	-0.606	146.0
13.16	-10.509	-3.939	162.0
13.17	-10.501	-6.578	180.8
13.18	-10.491	-8.417	174.0
13.19	-10.479	-9.314	161.4
13.2	-10.471	-9.319	124.1
13.21	-10.468	-9.183	62.5
13.22	-10.464	-9.128	16.9
13.23	-10.452	-8.662	-18.9
13.24	-10.438	-7.964	-44.8
13.25	-10.426	-7.455	-59.8
13.26	-10.414	-7.259	-66.0
13.27	-10.399	-7.544	-61.0
13.28	-10.379	-8.431	-64.0
13.29	-10.358	-9.966	-59.1
13.3	-10.337	-11.639	-43.0
13.31	-10.316	-12.650	-51.3
13.32	-10.294	-12.741	-73.2
13.33	-10.271	-12.317	-70.8
13.34	-10.247	-12.131	-51.3
13.35	-10.223	-12.106	-39.2
13.36	-10.199	-11.755	-33.6
13.37	-10.175	-11.053	-33.1
13.38	-10.152	-9.802	-36.0
13.39	-10.128	-8.455	-39.6
13.4	-10.104	-8.016	-45.6
13.41	-10.078	-8.531	-59.4
13.42	-10.053	-9.300	-60.9
13.43	-10.029	-9.828	-40.7
13.44	-10.005	-10.484	-20.2
13.45	-9.982	-11.559	-29.3
13.46	-9.958	-12.466	-48.2
13.47	-9.935	-12.961	-50.1
13.48	-9.912	-13.506	-59.7
13.49	-9.891	-14.256	-62.2
13.5	-9.869	-14.828	-47.1
13.51	-9.849	-15.145	-45.8
13.52	-9.829	-15.309	-35.5
13.53	-9.809	-15.069	-35.8
13.54	-9.789	-14.536	-54.8
13.55	-9.771	-14.339	-41.6
13.56	-9.752	-14.672	-40.5
13.57	-9.734	-14.842	-65.5
13.58	-9.717	-14.588	-46.8
13.59	-9.700	-14.508	-21.4
13.6	-9.683	-14.631	-34.2
13.61	-9.666	-14.592	-41.4
13.62	-9.649	-14.605	-33.0
13.63	-9.631	-14.867	-27.4
13.64	-9.614	-15.011	-29.6
13.65	-9.598	-14.647	-30.0
13.66	-9.582	-13.944	0.3
13.67	-9.568	-13.484	46.7
13.68	-9.555	-13.600	52.5
13.69	-9.542	-14.108	31.2
13.7	-9.528	-14.455	10.8
13.71	-9.513	-14.336	-33.0
13.72	-9.498	-14.220	-73.6
13.73	-9.483	-14.433	-64.6
13.74	-9.472	-14.505	-38.8
13.75	-9.460	-14.050	-47.3
13.76	-9.443	-13.464	-58.9
13.77	-9.422	-13.559	-13.6
13.78	-9.405	-14.447	158.9
13.79	-9.391	-15.044	353.0
13.8	-9.380	-14.677	298.5
13.81	-9.371	-14.211	83.2
13.82	-9.364	-14.420	-40.0
13.83	-9.356	-14.759	-54.0
13.84	-9.343	-14.670	-37.2
13.85	-9.324	-14.375	-55.1
13.86	-9.301	-14.413	-81.8
13.87	-9.279	-14.950	-69.6
13.88	-9.260	-15.466	-46.7
13.89	-9.241	-15.352	-37.9
13.9	-9.219	-14.566	-54.9
13.91	-9.198	-13.664	-63.8
13.92	-9.179	-12.383	-26.9
13.93	-9.163	-9.405	-9.3
13.94	-9.150	-4.258	-24.6
13.95	-9.139	2.031	-19.9
13.96	-9.129	7.859	2.3
13.97	-9.121	12.102	4.0
13.98	-9.113	14.430	15.1
13.99	-9.105	15.052	52.5
14.0	-9.096	14.233	53.8
14.01	-9.086	12.133	57.0
14.02	-9.076	8.936	91.8
14.03	-9.064	4.866	114.0
14.04	-9.052	0.897	149.3
14.05	-9.041	-1.913	177.8
14.06	-9.029	-3.964	168.3
14.07	-9.020	-6.058	175.4
14.08	-9.011	-8.023	185.2
14.09	-9.002	-9.439	154.3
14.1	-8.995	-10.095	97.7
14.11	-8.992	-9.881	46.3
14.12	-8.988	-9.002	-2.9
14.13	-8.982	-7.827	-38.1
14.14	-8.976	-6.814	-44.7
14.15	-8.974	-6.744	-52.0
14.16	-8.972	-7.803	-48.9
14.17	-8.969	-9.241	-50.5
14.18	-8.965	-10.553	-57.3
14.19	-8.959	-11.678	-48.1
14.2	-8.954	-12.638	-61.1
14.21	-8.948	-13.438	-61.7
14.22	-8.942	-13.983	-47.1
14.23	-8.934	-14.227	-43.4
14.24	-8.925	-14.028	-33.1
14.25	-8.916	-13.300	-37.1
14.26	-8.908	-12.222	-32.8
14.27	-8.901	-10.998	-26.6
14.28	-8.894	-10.134	-27.1
14.29	-8.888	-10.000	-22.9
14.3	-8.881	-10.102	-41.2
14.31	-8.875	-10.064	-46.7
14.32	-8.869	-10.427	-34.7
14.33	-8.863	-11.420	-40.7
14.34	-8.856	-12.169	-44.6
14.35	-8.850	-12.200	-42.1
14.36	-8.842	-12.281	-22.9
14.37	-8.836	-12.911	-20.8
14.38	-8.829	-13.623	-56.6
14.39	-8.823	-14.061	-60.9
14.4	-8.818	-14.502	-46.1
14.41	-8.811	-15.184	-42.4
14.42	-8.804	-15.577	-31.8
14.43	-8.799	-15.427	-46.3
14.44	-8.793	-15.367	-50.7
14.45	-8.787	-15.364	-21.7
14.46	-8.783	-15.044	-25.7
14.47	-8.778	-14.661	-40.0
14.48	-8.774	-14.530	-41.9
14.49	-8.770	-14.450	-58.3
14.5	-8.766	-14.338	-61.3
14.51	-8.763	-14.761	-33.6
14.52	-8.758	-15.564	-23.8
14.53	-8.752	-15.738	-28.8
14.54	-8.748	-15.105	-23.6
14.55	-8.743	-14.364	-29.7
14.56	-8.739	-13.816	-44.2
14.57	-8.734	-13.359	-45.7
14.58	-8.731	-13.330	-35.6
14.59	-8.729	-14.075	-39.1
14.6	-8.726	-15.077	-31.4
14.61	-8.723	-15.659	-9.2
14.62	-8.720	-15.608	4.3
14.63	-8.717	-14.822	9.6
14.64	-8.714	-13.570	1.6
14.65	-8.713	-12.789	5.8
14.66	-8.712	-13.178	42.2
14.67	-8.711	-14.080	62.7
14.68	-8.711	-14.523	44.6
14.69	-8.709	-14.663	29.3
14.7	-8.706	-14.891	-7.7
14.71	-8.702	-15.119	-57.7
14.72	-8.699	-15.092	-49.2
14.73	-8.699	-14.598	-35.2
14.74	-8.696	-14.105	-60.1
14.75	-8.689	-14.183	-44.2
14.76	-8.683	-14.622	50.4
14.77	-8.681	-15.033	256.4
14.78	-8.681	-15.144	437.3
14.79	-8.681	-14.920	343.0
14.8	-8.686	-14.652	109.3
14.81	-8.694	-14.428	-33.3
14.82	-8.697	-14.345	-67.8
14.83	-8.688	-14.697	-54.3
14.84	-8.676	-15.203	-66.5
14.85	-8.667	-15.161	-89.7
14.86	-8.660	-14.748	-66.8
14.87	-8.653	-14.738	-37.0
14.88	-8.645	-15.059	-43.1
14.89	-8.638	-14.541	-51.4
14.9	-8.632	-11.878	-39.5
14.91	-8.628	-7.216	-23.4
14.92	-8.626	-1.647	-24.7
14.93	-8.626	4.375	-30.6
14.94	-8.627	10.273	-8.6
14.95	-8.629	14.698	0.7
14.96	-8.631	16.827	-6.3
14.97	-8.634	17.113	16.9
14.98	-8.639	15.944	35.4
14.99	-8.644	13.389	31.2
15.0	-8.649	10.167	52.0
15.01	-8.654	6.564	86.9
15.02	-8.659	2.414	107.2
15.03	-8.664	-1.400	133.5
15.04	-8.669	-3.950	164.1
15.05	-8.674	-5.625	181.8
15.06	-8.681	-7.017	163.9
15.07	-8.688	-8.056	132.5
15.08	-8.697	-8.222	111.2
15.09	-8.708	-7.434	74.8
15.1	-8.724	-6.719	29.3
15.11	-8.741	-6.700	-0.0
15.12	-8.755	-6.894	-13.3
15.13	-8.769	-6.778	-33.4
15.14	-8.787	-6.366	-51.4
15.15	-8.806	-6.297	-73.7
15.16	-8.825	-7.295	-85.5
15.17	-8.842	-9.266	-60.9
15.18	-8.857	-11.377	-45.7
15.19	-8.873	-12.930	-42.5
15.2	-8.888	-13.753	-29.9
15.21	-8.904	-14.153	-28.6
15.22	-8.919	-14.209	-40.2
15.23	-8.934	-13.622	-52.9
15.24	-8.947	-12.922	-51.7
15.25	-8.962	-12.620	-37.0
15.26	-8.977	-12.330	-30.0
15.27	-8.992	-11.961	-16.4
15.28	-9.009	-11.664	-15.0
15.29	-9.026	-11.345	-39.6
15.3	-9.042	-11.106	-48.5
15.31	-9.058	-11.161	-51.6
15.32	-9.074	-11.466	-41.9
15.33	-9.090	-12.064	-30.8
15.34	-9.106	-13.119	-38.0
15.35	-9.122	-14.284	-27.4
15.36	-9.138	-14.730	-25.6
15.37	-9.154	-14.384	-27.1
15.38	-9.170	-14.264	-28.1
15.39	-9.187	-14.775	-54.3
15.4	-9.204	-15.436	-39.7
15.41	-9.222	-15.811	-20.3
15.42	-9.240	-15.942	-38.1
15.43	-9.259	-15.980	-39.3
15.44	-9.277	-15.808	-35.5
15.45	-9.294	-15.366	-22.8
15.46	-9.312	-14.975	-14.7
15.47	-9.328	-15.155	-26.1
15.48	-9.344	-15.761	-18.6
15.49	-9.361	-16.014	-13.0
15.5	-9.377	-15.769	-25.1
15.51	-9.394	-15.742	-28.9
15.52	-9.412	-15.984	-17.5
15.53	-9.430	-15.717	-12.2
15.54	-9.449	-15.220	-28.1
15.55	-9.469	-15.366	-35.6
15.56	-9.489	-15.639	-20.2
15.57	-9.508	-15.275	-25.1
15.58	-9.526	-14.850	-43.2
15.59	-9.544	-14.913	-37.6
15.6	-9.561	-14.902	-16.3
15.61	-9.579	-14.480	0.8
15.62	-9.597	-14.289	-4.8
15.63	-9.616	-14.639	-17.7
15.64	-9.635	-15.116	8.6
15.65	-9.656	-15.284	51.5
15.66	-9.678	-15.244	51.5
15.67	-9.699	-15.281	36.2
15.68	-9.721	-15.342	50.6
15.69	-9.741	-15.531	41.6
15.7	-9.759	-15.802	0.1
15.71	-9.776	-15.683	-24.1
15.72	-9.793	-15.086	-35.3
15.73	-9.813	-14.691	-34.3
15.74	-9.832	-15.022	-45.3
15.75	-9.844	-15.506	-47.4
15.76	-9.854	-15.500	30.7
15.77	-9.867	-15.144	218.4
15.78	-9.883	-15.008	400.7
15.79	-9.898	-15.380	344.5
15.8	-9.916	-15.597	117.3
15.81	-9.936	-15.148	-28.8
15.82	-9.950	-14.914	-53.9
15.83	-9.954	-15.628	-61.1
15.84	-9.954	-16.320	-66.8
15.85	-9.953	-15.992	-54.8
15.86	-9.955	-15.158	-66.3
15.87	-9.958	-14.823	-71.6
15.88	-9.962	-15.131	-50.1
15.89	-9.966	-15.258	-39.6
15.9	-9.973	-14.119	-31.9
15.91	-9.982	-10.841	-25.2
15.92	-9.995	-5.381	-28.1
15.93	-10.008	1.111	-26.3
15.94	-10.020	7.203	-23.3
15.95	-10.032	12.106	-10.2
15.96	-10.044	15.163	8.3
15.97	-10.055	15.997	17.6
15.98	-10.065	15.233	28.2
15.99	-10.074	13.502	44.7
16.0	-10.083	10.777	64.4
16.01	-10.092	7.309	73.8
16.02	-10.101	3.592	99.3
16.03	-10.111	-0.300	131.0
16.04	-10.121	-4.270	141.3
16.05	-10.132	-7.483	162.5
16.06	-10.143	-9.042	180.0
16.07	-10.155	-9.292	183.2
16.08	-10.168	-9.227	150.1
16.09	-10.184	-8.964	78.7
16.1	-10.203	-8.464	38.2
16.11	-10.221	-8.256	-1.2
16.12	-10.238	-8.267	-38.8
16.13	-10.253	-8.044	-36.8
16.14	-10.269	-7.684	-51.3
16.15	-10.283	-7.780	-67.5
16.16	-10.294	-8.764	-56.6
16.17	-10.305	-10.331	-48.8
16.18	-10.314	-11.856	-41.8
16.19	-10.323	-12.969	-59.5
16.2	-10.331	-13.569	-88.2
16.21	-10.338	-13.802	-51.8
16.22	-10.346	-13.730	-15.9
16.23	-10.356	-13.355	-38.9
16.24	-10.369	-12.883	-54.8
16.25	-10.383	-12.395	-44.9
16.26	-10.395	-11.783	-24.1
16.27	-10.404	-11.147	-22.7
16.28	-10.410	-10.828	-39.9
16.29	-10.413	-10.734	-32.8
16.3	-10.414	-10.463	-36.2
16.31	-10.415	-10.336	-53.6
16.32	-10.416	-11.064	-47.0
16.33	-10.418	-12.308	-38.4
16.34	-10.417	-12.898	-38.1
16.35	-10.415	-12.884	-44.1
16.36	-10.412	-13.191	-44.4
16.37	-10.408	-13.628	-34.0
16.38	-10.403	-13.767	-31.8
16.39	-10.398	-13.983	-46.7
16.4	-10.393	-14.672	-53.6
16.41	-10.388	-15.527	-45.8
16.42	-10.381	-15.883	-31.9
16.43	-10.375	-15.827	-36.6
16.44	-10.368	-15.858	-41.8
16.45	-10.361	-15.622	-22.8
16.46	-10.353	-14.758	-30.6
16.47	-10.343	-14.181	-51.1
16.48	-10.333	-14.598	-52.2
16.49	-10.323	-15.345	-35.6
16.5	-10.311	-15.709	-19.6
16.51	-10.300	-15.925	-34.3
16.52	-10.288	-16.148	-49.3
16.53	-10.274	-15.789	-44.4
16.54	-10.258	-14.623	-36.1
16.55	-10.241	-13.577	-32.1
16.56	-10.223	-13.633	-32.3
16.57	-10.206	-14.263	-20.4
16.58	-10.190	-14.520	3.6
16.59	-10.176	-14.616	24.0
16.6	-10.164	-14.947	31.5
16.61	-10.151	-15.070	31.4
16.62	-10.138	-14.363	36.3
16.63	-10.124	-13.752	29.2
16.64	-10.109	-14.027	5.1
16.65	-10.093	-13.503	-20.3
16.66	-10.079	-12.838	-44.7
16.67	-10.068	-14.369	-56.0
16.68	-10.059	-16.245	-54.8
16.69	-10.044	-15.877	-49.4
16.7	-10.024	-14.402	-17.5
16.71	-10.006	-14.053	89.5
16.72	-9.991	-14.714	269.1
16.73	-9.979	-15.128	344.5
16.74	-9.969	-14.748	194.6
16.75	-9.958	-14.061	7.7
16.76	-9.946	-14.167	-60.4
16.77	-9.929	-14.975	-70.8
16.78	-9.904	-15.333	-49.4
16.79	-9.871	-15.180	-28.2
16.8	-9.836	-15.183	-36.0
16.81	-9.804	-15.491	-47.9
16.82	-9.776	-15.884	-53.3
16.83	-9.749	-15.920	-42.2
16.84	-9.724	-15.483	-48.9
16.85	-9.702	-14.391	-59.0
16.86	-9.682	-11.630	-19.8
16.87	-9.662	-6.934	10.4
16.88	-9.640	-1.428	12.0
16.89	-9.617	4.144	16.0
16.9	-9.595	9.450	12.2
16.91	-9.573	13.348	8.1
16.92	-9.553	14.944	21.7
16.93	-9.533	14.513	37.2
16.94	-9.513	12.806	52.0
16.95	-9.494	10.305	71.0
16.96	-9.474	6.652	93.8
16.97	-9.455	2.128	145.8
16.98	-9.435	-1.836	179.1
16.99	-9.416	-4.836	182.8
17.0	-9.398	-7.419	180.5
17.01	-9.379	-9.533	172.8
17.02	-9.361	-10.728	167.4
17.03	-9.346	-10.917	128.3
17.04	-9.336	-10.500	64.8
17.05	-9.325	-10.281	9.7
17.06	-9.312	-10.513	-18.8
17.07	-9.299	-10.219	-31.0
17.08	-9.289	-9.119	-49.4
17.09	-9.282	-8.694	-75.4
17.1	-9.272	-9.914	-85.1
17.11	-9.259	-11.683	-73.6
17.12	-9.244	-12.492	-70.7
17.13	-9.229	-12.523	-67.9
17.14	-9.216	-13.030	-55.7
17.15	-9.202	-14.052	-56.7
17.16	-9.187	-14.200	-59.2
17.17	-9.171	-13.075	-45.1
17.18	-9.156	-12.119	-40.2
17.19	-9.141	-12.303	-43.5
17.2	-9.128	-12.761	-39.1
17.21	-9.116	-12.406	-27.7
17.22	-9.105	-11.367	-17.5
17.23	-9.093	-10.280	-30.6
17.24	-9.082	-9.602	-44.2
17.25	-9.071	-9.688	-41.8
17.26	-9.061	-10.581	-52.3
17.27	-9.052	-11.611	-64.7
17.28	-9.043	-12.350	-42.1
17.29	-9.033	-13.269	-31.2
17.3	-9.024	-14.198	-46.1
17.31	-9.016	-14.348	-44.8
17.32	-9.009	-13.969	-30.2
17.33	-9.003	-14.050	-27.1
17.34	-8.997	-14.834	-57.3
17.35	-8.991	-15.575	-72.0
17.36	-8.985	-15.773	-46.5
17.37	-8.979	-15.698	-50.2
17.38	-8.973	-15.813	-60.5
17.39	-8.966	-15.967	-45.9
17.4	-8.959	-15.875	-38.8
17.41	-8.953	-15.842	-31.2
17.42	-8.947	-16.038	-37.6
17.43	-8.941	-16.186	-45.4
17.44	-8.934	-15.892	-39.5
17.45	-8.927	-15.413	-47.1
17.46	-8.919	-15.181	-61.1
17.47	-8.912	-15.052	-50.1
17.48	-8.905	-15.013	-21.2
17.49	-8.898	-15.097	-16.9
17.5	-8.889	-15.058	-31.4
17.51	-8.883	-14.797	-32.3
17.52	-8.876	-14.627	-29.1
17.53	-8.869	-14.622	-46.1
17.54	-8.863	-14.588	-52.3
17.55	-8.856	-14.797	-20.2
17.56	-8.849	-15.297	13.5
17.57	-8.843	-15.256	25.8
17.58	-8.838	-14.552	41.8
17.59	-8.832	-14.214	55.2
17.6	-8.826	-14.463	37.9
17.61	-8.819	-14.603	7.7
17.62	-8.810	-14.573	-18.4
17.63	-8.801	-14.795	-39.9
17.64	-8.793	-15.163	-41.2
17.65	-8.787	-15.222	-50.8
17.66	-8.781	-15.038	-74.1
17.67	-8.769	-14.820	-64.3
17.68	-8.758	-14.588	6.2
17.69	-8.750	-14.734	178.4
17.7	-8.744	-15.470	378.8
17.71	-8.739	-15.827	357.4
17.72	-8.738	-15.272	148.4
17.73	-8.739	-14.686	3.9
17.74	-8.736	-14.720	-58.7
17.75	-8.724	-15.047	-84.2
17.76	-8.708	-15.014	-87.1
17.77	-8.694	-14.794	-81.2
17.78	-8.681	-15.106	-64.8
17.79	-8.668	-15.672	-55.2
17.8	-8.653	-15.611	-49.9
17.81	-8.640	-14.805	-55.7
17.82	-8.628	-13.216	-56.3
17.83	-8.617	-9.883	-42.2
17.84	-8.609	-4.352	-44.9
17.85	-8.602	2.094	-31.0
17.86	-8.596	7.898	-14.9
17.87	-8.592	12.523	-22.7
17.88	-8.588	15.789	-0.4
17.89	-8.584	17.244	18.1
17.9	-8.581	16.542	16.4
17.91	-8.579	14.039	31.4
17.92	-8.577	10.561	43.1
17.93	-8.574	6.736	60.2
17.94	-8.570	3.088	101.0
17.95	-8.566	-0.006	133.8
17.96	-8.563	-2.642	143.6
17.97	-8.561	-4.967	149.8
17.98	-8.559	-6.847	147.1
17.99	-8.558	-8.144	139.6
18.0	-8.556	-8.750	131.2
18.01	-8.556	-8.748	108.3
18.02	-8.558	-8.525	67.5
18.03	-8.561	-8.170	9.8
18.04	-8.563	-7.523	-29.8
18.05	-8.566	-6.652	-47.2
18.06	-8.571	-6.103	-65.4
18.07	-8.578	-6.484	-71.4
18.08	-8.584	-7.717	-70.3
18.09	-8.589	-9.375	-67.6
18.1	-8.592	-11.098	-46.2
18.11	-8.594	-12.423	-32.4
18.12	-8.596	-13.002	-46.5
18.13	-8.598	-13.105	-63.3
18.14	-8.598	-13.375	-65.6
18.15	-8.599	-13.734	-48.5
18.16	-8.599	-13.678	-28.7
18.17	-8.599	-13.269	-30.0
18.18	-8.601	-12.695	-39.4
18.19	-8.604	-11.959	-48.5
18.2	-8.609	-11.377	-56.2
18.21	-8.616	-11.141	-48.2
18.22	-8.622	-10.864	-26.9
18.23	-8.629	-10.498	-37.8
18.24	-8.635	-10.661	-59.3
18.25	-8.641	-11.414	-39.3
18.26	-8.646	-12.134	-35.8
18.27	-8.651	-12.656	-47.4
18.28	-8.654	-13.306	-41.0
18.29	-8.658	-14.175	-48.8
18.3	-8.662	-14.855	-56.6
18.31	-8.668	-15.042	-33.7
18.32	-8.673	-14.969	-37.9
18.33	-8.679	-15.003	-64.7
18.34	-8.686	-15.103	-54.5
18.35	-8.693	-15.089	-46.8
18.36	-8.700	-15.227	-39.3
18.37	-8.707	-15.363	-32.2
18.38	-8.716	-15.297	-43.7
18.39	-8.724	-15.530	-45.5
18.4	-8.731	-15.859	-29.4
18.41	-8.739	-15.656	-18.5
18.42	-8.746	-15.127	-42.8
18.43	-8.753	-14.834	-60.8
18.44	-8.761	-14.988	-40.6
18.45	-8.768	-15.138	-37.0
18.46	-8.774	-14.895	-44.9
18.47	-8.779	-14.573	-34.9
18.48	-8.784	-14.461	-27.8
18.49	-8.789	-14.322	-29.7
18.5	-8.794	-14.158	-20.1
18.51	-8.799	-14.311	-22.1
18.52	-8.805	-14.708	-43.8
18.53	-8.811	-14.936	-46.8
18.54	-8.817	-14.763	-39.8
18.55	-8.823	-14.644	-22.5
18.56	-8.829	-14.798	-13.9
18.57	-8.834	-14.658	-23.7
18.58	-8.839	-14.156	-11.9
18.59	-8.844	-13.930	-4.3
18.6	-8.851	-14.180	1.1
18.61	-8.860	-14.595	26.3
18.62	-8.869	-14.867	35.0
18.63	-8.879	-15.013	47.0
18.64	-8.889	-15.423	62.8
18.65	-8.897	-15.666	39.0
18.66	-8.903	-15.103	-1.0
18.67	-8.909	-14.383	-36.1
18.68	-8.917	-14.223	-47.8
18.69	-8.928	-14.459	-37.9
18.7	-8.936	-14.663	-46.3
18.71	-8.938	-14.936	-48.7
18.72	-8.941	-15.458	34.6
18.73	-8.949	-15.803	234.0
18.74	-8.960	-15.764	416.6
18.75	-8.971	-15.509	359.1
18.76	-8.988	-14.956	133.7
18.77	-9.011	-14.194	-15.4
18.78	-9.030	-13.959	-52.5
18.79	-9.037	-14.520	-71.7
18.8	-9.039	-15.059	-89.7
18.81	-9.041	-15.048	-64.5
18.82	-9.044	-15.105	-46.7
18.83	-9.047	-15.530	-52.5
18.84	-9.051	-15.492	-60.0
18.85	-9.054	-14.261	-48.6
18.86	-9.060	-11.536	-14.6
18.87	-9.069	-7.395	-28.6
18.88	-9.082	-2.336	-47.3
18.89	-9.099	3.463	-26.3
18.9	-9.118	9.420	-9.2
18.91	-9.137	14.178	-3.3
18.92	-9.156	16.853	6.8
18.93	-9.176	17.502	23.7
18.94	-9.196	16.697	39.4
18.95	-9.216	14.550	42.5
18.96	-9.237	10.695	56.1
18.97	-9.258	5.911	92.8
18.98	-9.277	1.652	119.2
18.99	-9.297	-1.548	136.6
19.0	-9.318	-3.986	149.2
19.01	-9.338	-6.058	165.4
19.02	-9.358	-7.639	164.2
19.03	-9.377	-8.358	154.3
19.04	-9.397	-8.545	160.8
19.05	-9.418	-8.834	117.8
19.06	-9.441	-9.025	46.3
19.07	-9.466	-8.517	17.2
19.08	-9.489	-7.639	-0.1
19.09	-9.514	-7.092	-36.4
19.1	-9.539	-6.806	-44.4
19.11	-9.563	-6.730	-40.8
19.12	-9.585	-7.431	-61.4
19.13	-9.606	-8.895	-65.0
19.14	-9.625	-10.428	-49.8
19.15	-9.643	-11.656	-32.6
19.16	-9.661	-12.741	-23.9
19.17	-9.678	-13.692	-26.9
19.18	-9.696	-13.928	-30.8
19.19	-9.713	-13.339	-30.3
19.2	-9.731	-12.581	-27.0
19.21	-9.751	-12.084	-32.8
19.22	-9.771	-11.638	-29.5
19.23	-9.791	-11.273	-19.2
19.24	-9.811	-11.373	-19.0
19.25	-9.829	-11.539	-28.5
19.26	-9.848	-11.319	-35.9
19.27	-9.867	-11.108	-28.3
19.28	-9.885	-11.006	-13.4
19.29	-9.903	-10.859	-5.5
19.3	-9.921	-11.248	-25.7
19.31	-9.939	-12.263	-45.2
19.32	-9.957	-13.122	-36.4
19.33	-9.974	-13.723	-29.0
19.34	-9.992	-14.538	-31.3
19.35	-10.010	-15.395	-35.0
19.36	-10.028	-15.595	-15.1
19.37	-10.046	-15.086	-5.1
19.38	-10.064	-14.531	-28.6
19.39	-10.081	-14.386	-43.0
19.4	-10.096	-14.641	-35.1
19.41	-10.112	-15.175	-13.8
19.42	-10.128	-15.673	0.4
19.43	-10.144	-15.794	-4.6
19.44	-10.159	-15.666	-17.2
19.45	-10.172	-15.591	-21.9
19.46	-10.185	-15.563	-24.4
19.47	-10.197	-15.128	-14.3
19.48	-10.209	-14.445	-13.1
19.49	-10.223	-14.408	-32.9
19.5	-10.237	-15.009	-27.9
19.51	-10.251	-15.469	5.0
19.52	-10.265	-15.594	11.4
19.53	-10.279	-15.447	-12.1
19.54	-10.293	-14.877	-20.0
19.55	-10.304	-14.433	-22.9
19.56	-10.315	-14.611	-5.7
19.57	-10.325	-14.717	13.3
19.58	-10.335	-14.289	6.8
19.59	-10.346	-13.923	19.9
19.6	-10.358	-14.241	44.7
19.61	-10.371	-14.808	54.1
19.62	-10.386	-14.834	66.5
19.63	-10.400	-14.602	69.4
19.64	-10.413	-14.647	47.8
19.65	-10.425	-14.759	13.1
19.66	-10.438	-14.805	-10.2
19.67	-10.451	-15.011	-14.9
19.68	-10.467	-15.167	-17.7
19.69	-10.483	-15.013	-39.4
19.7	-10.493	-14.866	-48.3
19.71	-10.499	-14.988	22.3
19.72	-10.507	-15.275	182.7
19.73	-10.514	-15.402	358.8
19.74	-10.522	-15.264	333.8
19.75	-10.529	-15.048	111.3
19.76	-10.536	-14.688	-29.0
19.77	-10.542	-14.164	-38.3
19.78	-10.544	-14.053	-32.4
19.79	-10.539	-14.703	-44.8
19.8	-10.531	-15.444	-36.7
19.81	-10.523	-15.544	-26.7
19.82	-10.519	-15.386	-40.3
19.83	-10.517	-15.583	-36.6
19.84	-10.514	-15.772	-13.4
19.85	-10.514	-15.009	-1.2
19.86	-10.514	-13.025	-4.4
19.87	-10.513	-9.819	-2.2
19.88	-10.509	-4.909	1.1
19.89	-10.504	1.034	1.4
19.9	-10.499	6.505	10.3
19.91	-10.493	11.309	16.7
19.92	-10.486	15.114	29.9
19.93	-10.478	16.242	44.8
19.94	-10.471	14.402	65.0
19.95	-10.464	11.313	100.6
19.96	-10.456	8.097	108.9
19.97	-10.448	4.598	105.8
19.98	-10.438	0.919	132.9
19.99	-10.428	-2.350	180.3
20.0	-10.416	-5.209	216.9
20.01	-10.404	-7.878	212.2
20.02	-10.391	-9.880	205.8
20.03	-10.381	-10.973	194.4
20.04	-10.378	-11.388	131.8
20.05	-10.379	-11.272	75.8
20.06	-10.374	-10.753	36.2
20.07	-10.363	-10.109	0.2
20.08	-10.353	-9.716	-22.4
20.09	-10.346	-9.669	-47.8
20.1	-10.339	-9.897	-60.4
20.11	-10.328	-10.427	-66.1
20.12	-10.316	-11.173	-60.9
20.13	-10.304	-11.756	-49.8
20.14	-10.293	-12.036	-52.8
20.15	-10.281	-12.130	-41.8
20.16	-10.268	-12.227	-12.8
20.17	-10.253	-12.600	-18.3
20.18	-10.236	-12.830	-43.3
20.19	-10.219	-12.163	-46.3
20.2	-10.201	-11.089	-49.3
20.21	-10.184	-10.361	-39.9
20.22	-10.168	-9.620	-18.6
20.23	-10.151	-8.827	-22.1
20.24	-10.133	-8.884	-19.7
20.25	-10.114	-9.819	-26.6
20.26	-10.094	-10.541	-46.9
20.27	-10.074	-10.658	-39.3
20.28	-10.054	-10.622	-40.1
20.29	-10.034	-11.023	-50.3
20.3	-10.012	-11.984	-40.9
20.31	-9.991	-12.994	-25.8
20.32	-9.970	-13.705	-30.9
20.33	-9.951	-14.189	-47.0
20.34	-9.930	-14.388	-46.1
20.35	-9.908	-14.169	-46.5
20.36	-9.884	-13.903	-47.3
20.37	-9.861	-14.055	-44.7
20.38	-9.836	-14.472	-46.4
20.39	-9.813	-14.836	-39.3
20.4	-9.790	-15.123	-26.0
20.41	-9.768	-15.138	-30.6
20.42	-9.745	-14.853	-41.2
20.43	-9.723	-14.639	-39.0
20.44	-9.701	-14.525	-40.2
20.45	-9.680	-14.281	-38.7
20.46	-9.658	-13.997	-41.5
20.47	-9.635	-13.891	-49.4
20.48	-9.612	-14.053	-42.8
20.49	-9.588	-14.439	-18.0
20.5	-9.564	-14.552	-2.5
20.51	-9.542	-14.073	-4.8
20.52	-9.521	-13.658	14.6
20.53	-9.499	-13.863	39.4
20.54	-9.477	-14.350	48.6
20.55	-9.454	-14.422	33.8
20.56	-9.432	-13.984	1.9
20.57	-9.409	-13.513	-31.6
20.58	-9.388	-13.261	-61.0
20.59	-9.369	-13.264	-60.8
20.6	-9.352	-13.270	-47.8
20.61	-9.332	-13.378	-47.4
20.62	-9.308	-13.877	-32.1
20.63	-9.283	-14.270	43.0
20.64	-9.263	-14.183	219.6
20.65	-9.245	-14.075	350.8
20.66	-9.231	-14.266	242.2
20.67	-9.218	-14.084	35.0
20.68	-9.207	-13.111	-57.0
20.69	-9.196	-12.444	-68.1
20.7	-9.180	-13.080	-66.6
20.71	-9.159	-14.163	-55.1
20.72	-9.136	-14.527	-72.4
20.73	-9.116	-14.778	-76.1
20.74	-9.097	-15.606	-54.4
20.75	-9.078	-15.953	-53.0
20.76	-9.059	-14.975	-36.3
20.77	-9.044	-12.927	-33.6
20.78	-9.029	-9.873	-39.1
20.79	-9.018	-5.580	-19.5
20.8	-9.006	-0.236	-18.2
20.81	-8.994	5.417	-24.4
20.82	-8.983	10.227	-16.6
20.83	-8.972	13.314	1.1
20.84	-8.961	15.047	20.0
20.85	-8.949	15.584	34.0
20.86	-8.939	14.377	59.4
20.87	-8.927	11.617	65.7
20.88	-8.915	7.961	68.5
20.89	-8.902	4.059	112.0
20.9	-8.887	0.278	144.8
20.91	-8.873	-3.017	157.8
20.92	-8.859	-5.356	176.3
20.93	-8.846	-7.169	177.1
20.94	-8.832	-8.870	154.4
20.95	-8.819	-10.677	133.5
20.96	-8.811	-11.853	97.4
20.97	-8.807	-10.078	28.5
20.98	-8.802	-7.320	-42.3
20.99	-8.793	-7.353	-75.3
21.0	-8.785	-8.616	-66.1
21.01	-8.779	-8.542	-59.9
21.02	-8.774	-7.997	-73.8
21.03	-8.768	-8.686	-93.2
21.04	-8.760	-10.344	-82.9
21.05	-8.751	-11.586	-60.7
21.06	-8.741	-11.738	-74.8
21.07	-8.731	-11.656	-91.4
21.08	-8.723	-12.030	-71.9
21.09	-8.713	-12.350	-45.7
21.1	-8.704	-12.278	-47.2
21.11	-8.695	-11.786	-69.2
21.12	-8.687	-10.930	-64.0
21.13	-8.679	-10.180	-49.5
21.14	-8.671	-9.936	-62.9
21.15	-8.661	-10.064	-68.8
21.16	-8.652	-10.206	-63.8
21.17	-8.642	-10.267	-52.2
21.18	-8.633	-10.139	-45.1
21.19	-8.622	-9.986	-65.8
21.2	-8.611	-10.416	-73.0
21.21	-8.601	-11.606	-68.2
21.22	-8.589	-13.122	-82.8
21.23	-8.578	-14.133	-66.3
21.24	-8.570	-14.280	-52.8
21.25	-8.564	-14.069	-81.5
21.26	-8.557	-13.905	-77.7
21.27	-8.550	-14.086	-66.7
21.28	-8.543	-14.581	-71.6
21.29	-8.537	-14.889	-60.8
21.3	-8.532	-15.150	-44.1
21.31	-8.527	-15.416	-49.3
21.32	-8.523	-15.203	-82.9
21.33	-8.519	-14.680	-93.3
21.34	-8.516	-14.473	-81.9
21.35	-8.514	-14.630	-70.6
21.36	-8.511	-14.717	-53.9
21.37	-8.508	-14.753	-52.4
21.38	-8.504	-14.992	-56.9
21.39	-8.501	-15.088	-44.6
21.4	-8.498	-14.753	-43.6
21.41	-8.495	-14.353	-74.9
21.42	-8.493	-14.047	-80.6
21.43	-8.491	-13.855	-59.4
21.44	-8.489	-13.866	-52.2
21.45	-8.487	-14.013	-48.0
21.46	-8.485	-14.106	-40.7
21.47	-8.484	-14.142	-36.6
21.48	-8.482	-14.177	-27.4
21.49	-8.481	-13.991	-14.5
21.5	-8.481	-13.667	4.8
21.51	-8.480	-13.572	22.7
21.52	-8.478	-13.742	26.1
21.53	-8.476	-13.928	14.9
21.54	-8.473	-14.097	-31.2
21.55	-8.468	-14.316	-66.5
21.56	-8.466	-14.494	-67.9
21.57	-8.466	-14.591	-78.8
21.58	-8.465	-14.592	-84.1
21.59	-8.460	-14.677	-64.6
21.6	-8.456	-14.908	7.0
21.61	-8.454	-15.081	175.4
21.62	-8.454	-15.053	368.3
21.63	-8.453	-14.523	341.7
21.64	-8.454	-13.805	125.6
21.65	-8.460	-13.602	-32.3
21.66	-8.464	-13.694	-83.8
21.67	-8.457	-13.895	-92.3
21.68	-8.447	-14.417	-101.8
21.69	-8.439	-14.789	-98.5
21.7	-8.434	-14.595	-96.4
21.71	-8.429	-14.267	-101.9
21.72	-8.426	-14.248	-102.0
21.73	-8.421	-13.802	-74.9
21.74	-8.418	-11.744	-46.3
21.75	-8.415	-8.045	-73.5
21.76	-8.414	-3.142	-85.1
21.77	-8.414	2.873	-54.3
21.78	-8.416	9.230	-36.0
21.79	-8.418	14.425	-40.8
21.8	-8.422	17.370	-39.4
21.81	-8.426	17.873	-19.8
21.82	-8.431	16.756	-13.4
21.83	-8.437	14.653	-5.1
21.84	-8.441	11.447	15.5
21.85	-8.445	7.381	29.7
21.86	-8.447	3.409	74.4
21.87	-8.449	0.402	106.0
21.88	-8.452	-1.809	100.8
21.89	-8.456	-3.663	140.6
21.9	-8.461	-4.991	168.4
21.91	-8.466	-5.811	124.8
21.92	-8.472	-6.330	79.5
21.93	-8.478	-6.180	66.7
21.94	-8.486	-5.309	30.7
21.95	-8.497	-4.539	-36.3
21.96	-8.507	-4.294	-64.0
21.97	-8.516	-4.291	-78.1
21.98	-8.529	-4.495	-82.7
21.99	-8.545	-5.072	-62.0
22.0	-8.563	-6.067	-77.2
22.01	-8.579	-7.663	-97.8
22.02	-8.596	-9.627	-91.4
22.03	-8.611	-11.359	-91.5
22.04	-8.627	-12.505	-87.8
22.05	-8.644	-13.028	-65.7
22.06	-8.660	-13.316	-55.7
22.07	-8.676	-13.427	-59.7
22.08	-8.693	-13.183	-48.7
22.09	-8.712	-12.795	-45.2
22.1	-8.731	-12.283	-62.3
22.11	-8.751	-11.255	-80.0
22.12	-8.772	-9.884	-79.3
22.13	-8.793	-9.338	-74.6
22.14	-8.814	-9.819	-64.5
22.15	-8.834	-10.233	-54.0
22.16	-8.856	-10.259	-55.3
22.17	-8.877	-10.530	-44.4
22.18	-8.899	-11.498	-31.1
22.19	-8.921	-12.692	-52.6
22.2	-8.944	-13.345	-80.9
22.21	-8.966	-13.280	-72.6
22.22	-8.987	-12.936	-63.6
22.23	-9.008	-13.127	-71.9
22.24	-9.029	-14.092	-61.5
22.25	-9.051	-15.105	-40.4
22.26	-9.074	-15.489	-23.8
22.27	-9.097	-15.438	-31.1
22.28	-9.119	-15.284	-52.0
22.29	-9.141	-15.019	-46.8
22.3	-9.161	-14.570	-54.3
22.31	-9.182	-13.989	-66.5
22.32	-9.203	-13.745	-48.7
22.33	-9.223	-14.270	-37.4
22.34	-9.242	-15.095	-39.3
22.35	-9.261	-15.372	-31.4
22.36	-9.281	-15.092	-29.5
22.37	-9.300	-14.695	-43.3
22.38	-9.319	-14.419	-50.6
22.39	-9.338	-14.127	-47.6
22.4	-9.357	-13.719	-40.6
22.41	-9.377	-13.586	-38.7
22.42	-9.396	-13.803	-38.8
22.43	-9.414	-14.202	-31.6
22.44	-9.433	-14.534	-34.4
22.45	-9.453	-14.433	-42.8
22.46	-9.473	-14.116	-40.5
22.47	-9.494	-14.066	-36.7
22.48	-9.514	-14.136	-12.9
22.49	-9.535	-14.006	-4.6
22.5	-9.556	-14.047	-11.3
22.51	-9.577	-14.381	2.5
22.52	-9.598	-14.650	23.8
22.53	-9.617	-14.859	39.2
22.54	-9.638	-14.941	25.3
22.55	-9.658	-14.642	-8.6
22.56	-9.676	-14.038	-48.2
22.57	-9.693	-13.717	-58.3
22.58	-9.713	-14.283	-43.9
22.59	-9.735	-15.066	-48.6
22.6	-9.753	-15.130	-73.7
22.61	-9.765	-14.911	-62.0
22.62	-9.777	-15.048	52.2
22.63	-9.792	-15.228	276.2
22.64	-9.809	-15.061	394.2
22.65	-9.829	-14.756	230.4
22.66	-9.850	-14.436	37.6
22.67	-9.872	-14.236	-33.1
22.68	-9.889	-14.483	-72.4
22.69	-9.901	-15.000	-91.1
22.7	-9.908	-15.223	-78.6
22.71	-9.913	-15.014	-69.8
22.72	-9.919	-15.070	-88.3
22.73	-9.928	-15.448	-83.5
22.74	-9.938	-15.216	-49.9
22.75	-9.951	-14.180	-48.7
22.76	-9.965	-12.227	-60.3
22.77	-9.980	-8.662	-49.7
22.78	-9.995	-3.356	-23.7
22.79	-10.009	2.822	-1.7
22.8	-10.022	8.569	-3.6
22.81	-10.034	13.164	-25.7
22.82	-10.047	16.466	-13.8
22.83	-10.058	17.856	25.9
22.84	-10.067	16.658	33.6
22.85	-10.073	13.416	38.2
22.86	-10.078	9.306	53.5
22.87	-10.080	5.048	72.7
22.88	-10.083	1.338	105.3
22.89	-10.085	-1.111	134.0
22.9	-10.089	-2.602	171.4
22.91	-10.093	-4.208	185.4
22.92	-10.098	-6.233	158.5
22.93	-10.103	-7.931	147.6
22.94	-10.108	-8.566	135.5
22.95	-10.116	-8.184	87.8
22.96	-10.127	-7.248	18.3
22.97	-10.139	-6.203	-29.5
22.98	-10.148	-5.400	-42.9
22.99	-10.157	-4.919	-58.9
23.0	-10.167	-4.863	-70.2
23.01	-10.176	-5.633	-68.4
23.02	-10.181	-7.444	-73.8
23.03	-10.183	-9.530	-83.5
23.04	-10.184	-11.023	-72.6
23.05	-10.185	-11.995	-73.5
23.06	-10.187	-12.636	-90.4
23.07	-10.189	-13.105	-71.7
23.08	-10.191	-13.317	-49.6
23.09	-10.193	-12.700	-50.9
23.1	-10.194	-11.489	-41.8
23.11	-10.195	-10.588	-41.6
23.12	-10.196	-10.109	-61.6
23.13	-10.196	-9.608	-50.6
23.14	-10.196	-9.084	-35.6
23.15	-10.194	-8.858	-58.1
23.16	-10.191	-9.097	-63.0
23.17	-10.188	-9.580	-50.8
23.18	-10.185	-9.894	-44.9
23.19	-10.181	-10.223	-43.2
23.2	-10.177	-11.172	-58.8
23.21	-10.172	-12.434	-54.2
23.22	-10.167	-13.041	-55.5
23.23	-10.161	-12.989	-69.2
23.24	-10.155	-13.064	-56.2
23.25	-10.148	-13.703	-51.5
23.26	-10.139	-14.633	-55.9
23.27	-10.129	-15.102	-50.2
23.28	-10.117	-14.920	-43.0
23.29	-10.104	-14.642	-55.3
23.3	-10.090	-14.447	-64.8
23.31	-10.075	-14.267	-57.7
23.32	-10.059	-14.280	-69.5
23.33	-10.042	-14.441	-72.5
23.34	-10.023	-14.678	-53.3
23.35	-10.003	-15.106	-50.8
23.36	-9.982	-15.417	-52.0
23.37	-9.960	-15.075	-43.1
23.38	-9.939	-14.244	-31.3
23.39	-9.917	-13.589	-48.9
23.4	-9.896	-13.384	-75.3
23.41	-9.874	-13.481	-56.2
23.42	-9.852	-13.963	-24.4
23.43	-9.831	-14.769	-24.5
23.44	-9.810	-15.061	-37.0
23.45	-9.791	-14.509	-18.1
23.46	-9.774	-13.850	18.8
23.47	-9.758	-13.558	33.3
23.48	-9.742	-13.427	25.7
23.49	-9.724	-13.389	13.4
23.5	-9.703	-13.725	-10.5
23.51	-9.681	-14.222	-47.1
23.52	-9.659	-14.492	-61.3
23.53	-9.639	-14.633	-55.1
23.54	-9.621	-14.667	-69.1
23.55	-9.599	-14.584	-83.6
23.56	-9.571	-14.530	-51.8
23.57	-9.544	-14.516	66.0
23.58	-9.521	-14.559	264.4
23.59	-9.501	-14.686	345.5
23.6	-9.482	-14.786	191.5
23.61	-9.464	-14.858	6.2
23.62	-9.447	-14.864	-65.4
23.63	-9.429	-14.841	-57.6
23.64	-9.406	-14.945	-61.8
23.65	-9.377	-15.023	-83.8
23.66	-9.346	-15.284	-76.6
23.67	-9.315	-16.150	-92.3
23.68	-9.288	-17.314	-97.6
23.69	-9.262	-17.698	-67.1
23.7	-9.236	-16.525	-50.7
23.71	-9.213	-14.178	-53.9
23.72	-9.193	-10.920	-50.9
23.73	-9.176	-6.366	-29.6
23.74	-9.162	-0.575	-31.0
23.75	-9.149	5.395	-45.1
23.76	-9.138	10.188	-28.8
23.77	-9.126	13.263	-3.4
23.78	-9.116	14.814	6.3
23.79	-9.104	15.139	16.8
23.8	-9.092	14.155	49.4
23.81	-9.079	11.606	64.3
23.82	-9.065	7.850	50.5
23.83	-9.051	3.647	71.0
23.84	-9.038	-0.163	133.9
23.85	-9.024	-3.058	166.6
23.86	-9.012	-5.355	161.7
23.87	-8.999	-7.134	175.8
23.88	-8.987	-8.056	174.5
23.89	-8.976	-8.459	116.2
23.9	-8.969	-8.823	51.4
23.91	-8.966	-8.823	0.4
23.92	-8.962	-8.033	-42.9
23.93	-8.954	-6.977	-75.7
23.94	-8.948	-6.414	-98.2
23.95	-8.943	-6.177	-83.1
23.96	-8.939	-6.441	-76.2
23.97	-8.931	-8.013	-103.8
23.98	-8.922	-10.495	-90.8
23.99	-8.911	-12.406	-67.3
24.0	-8.899	-13.066	-89.8
24.01	-8.888	-12.975	-99.1
24.02	-8.876	-12.555	-81.5
24.03	-8.863	-12.166	-66.6
24.04	-8.851	-11.984	-56.2
24.05	-8.839	-11.706	-59.8
24.06	-8.828	-11.294	-58.2
24.07	-8.817	-10.869	-50.1
24.08	-8.807	-10.453	-52.2
24.09	-8.797	-9.878	-55.5
24.1	-8.786	-9.189	-57.8
24.11	-8.775	-9.055	-64.6
24.12	-8.764	-9.617	-68.7
24.13	-8.754	-10.416	-65.1
24.14	-8.745	-11.406	-62.7
24.15	-8.735	-12.425	-66.9
24.16	-8.726	-12.970	-72.7
24.17	-8.716	-13.053	-54.6
24.18	-8.707	-13.303	-38.7
24.19	-8.699	-14.005	-66.9
24.2	-8.691	-14.700	-86.6
24.21	-8.682	-15.067	-65.3
24.22	-8.674	-15.244	-59.8
24.23	-8.668	-15.414	-66.3
24.24	-8.661	-15.411	-50.5
24.25	-8.654	-15.077	-51.8
24.26	-8.647	-14.875	-70.8
24.27	-8.639	-15.264	-63.9
24.28	-8.631	-15.931	-45.3
24.29	-8.624	-16.000	-56.8
24.3	-8.617	-15.188	-78.2
24.31	-8.611	-14.277	-64.4
24.32	-8.606	-13.905	-40.5
24.33	-8.599	-14.270	-41.5
24.34	-8.594	-14.934	-52.6
24.35	-8.589	-14.981	-48.3
24.36	-8.585	-14.505	-46.7
24.37	-8.581	-14.269	-65.2
24.38	-8.578	-14.572	-64.1
24.39	-8.573	-14.933	-39.6
24.4	-8.569	-14.534	-32.6
24.41	-8.566	-13.600	-50.0
24.42	-8.562	-13.422	-46.2
24.43	-8.558	-14.391	-33.0
24.44	-8.555	-15.255	-33.4
24.45	-8.553	-14.953	-23.3
24.46	-8.551	-14.206	-12.0
24.47	-8.550	-14.144	2.5
24.48	-8.551	-14.594	33.3
24.49	-8.551	-14.803	48.8
24.5	-8.549	-14.856	30.4
24.51	-8.548	-15.263	-12.6
24.52	-8.546	-15.531	-47.5
24.53	-8.545	-15.063	-59.9
24.54	-8.546	-14.622	-77.0
24.55	-8.547	-14.705	-66.9
24.56	-8.544	-14.798	-54.8
24.57	-8.539	-15.002	-58.8
24.58	-8.537	-15.489	51.4
24.59	-8.538	-15.872	292.5
24.6	-8.539	-16.034	405.9
24.61	-8.541	-15.933	250.0
24.62	-8.547	-15.280	42.0
24.63	-8.556	-14.427	-45.4
24.64	-8.557	-14.386	-75.6
24.65	-8.548	-15.114	-94.0
24.66	-8.537	-15.281	-81.2
24.67	-8.529	-14.742	-78.0
24.68	-8.522	-14.950	-88.8
24.69	-8.514	-15.922	-97.3
24.7	-8.506	-15.891	-83.5
24.71	-8.497	-14.002	-58.6
24.72	-8.490	-10.713	-46.9
24.73	-8.486	-6.419	-45.2
24.74	-8.486	-1.022	-53.0
24.75	-8.486	5.369	-50.7
24.76	-8.486	11.502	-47.0
24.77	-8.487	15.530	-27.3
24.78	-8.488	16.989	-5.9
24.79	-8.491	16.870	-3.9
24.8	-8.496	15.628	27.1
24.81	-8.501	13.333	40.6
24.82	-8.505	10.609	20.9
24.83	-8.508	7.467	35.2
24.84	-8.509	3.586	84.2
24.85	-8.509	-0.267	125.0
24.86	-8.509	-3.098	141.2
24.87	-8.509	-4.866	148.0
24.88	-8.510	-5.988	163.4
24.89	-8.511	-6.534	162.0
24.9	-8.512	-6.053	100.1
24.91	-8.512	-4.611	38.4
24.92	-8.516	-3.600	18.4
24.93	-8.523	-3.763	-2.4
24.94	-8.528	-3.897	-40.3
24.95	-8.534	-3.336	-67.4
24.96	-8.540	-3.134	-64.6
24.97	-8.547	-3.880	-55.5
24.98	-8.553	-5.044	-76.1
24.99	-8.558	-6.356	-111.7
25.0	-8.561	-7.998	-84.8
25.01	-8.564	-10.016	-43.1
25.02	-8.566	-12.061	-52.3
25.03	-8.568	-13.378	-66.1
25.04	-8.569	-13.492	-59.1
25.05	-8.570	-12.927	-32.0
25.06	-8.569	-12.478	-50.4
25.07	-8.568	-11.902	-78.9
25.08	-8.568	-10.970	-60.1
25.09	-8.568	-10.681	-55.1
25.1	-8.571	-11.370	-47.3
25.11	-8.575	-11.659	-35.7
25.12	-8.579	-11.613	-41.4
25.13	-8.582	-12.450	-53.2
25.14	-8.585	-12.005	-43.1
25.15	-8.588	-11.083	-50.9
25.16	-8.592	-12.367	-74.9
25.17	-8.596	-13.367	-58.7
25.18	-8.599	-13.016	-53.8
25.19	-8.603	-12.286	-62.0
25.2	-8.606	-12.455	-50.0
25.21	-8.609	-13.809	-32.7
25.22	-8.612	-13.939	-45.1
25.23	-8.616	-12.756	-66.3
25.24	-8.619	-12.670	-58.2
25.25	-8.624	-13.920	-45.9
25.26	-8.630	-14.855	-41.3
25.27	-8.634	-14.853	-50.4
25.28	-8.639	-14.698	-54.7
25.29	-8.642	-14.658	-44.9
25.3	-8.644	-14.375	-53.7
25.31	-8.646	-14.191	-47.8
25.32	-8.649	-14.481	-30.2
25.33	-8.651	-15.019	-41.8
25.34	-8.652	-15.447	-48.0
25.35	-8.654	-15.672	-53.6
25.36	-8.655	-15.981	-45.7
25.37	-8.656	-15.970	-26.3
25.38	-8.658	-14.773	-44.2
25.39	-8.658	-13.228	-52.8
25.4	-8.659	-12.783	-36.4
25.41	-8.659	-13.128	-26.0
25.42	-8.659	-13.533	-29.6
25.43	-8.659	-13.867	-42.2
25.44	-8.659	-13.994	-32.9
25.45	-8.659	-14.092	-22.7
25.46	-8.659	-14.294	-27.9
25.47	-8.661	-14.292	-24.2
25.48	-8.662	-14.056	-6.3
25.49	-8.664	-13.872	-2.2
25.5	-8.665	-13.819	-13.2
25.51	-8.666	-13.927	12.0
25.52	-8.666	-14.058	55.0
25.53	-8.666	-14.181	51.5
25.54	-8.667	-16.319	41.3
25.55	-8.667	-20.727	29.5
25.56	-8.665	-20.008	-27.4
25.57	-8.664	-13.858	-43.4
25.58	-8.664	-12.305	-34.3
25.59	-8.666	-16.019	-64.9
25.6	-8.664	-17.866	-63.5
25.61	-8.659	-16.386	-15.6
25.62	-8.657	-14.878	95.4
25.63	-8.659	-14.877	314.5
25.64	-8.661	-15.536	451.8
25.65	-8.664	-15.450	313.9
25.66	-8.674	-14.433	66.9
25.67	-8.689	-13.403	-44.1
25.68	-8.700	-13.253	-43.8
25.69	-8.701	-13.828	-73.1
25.7	-8.698	-14.320	-77.5
25.71	-8.695	-14.514	-46.4
25.72	-8.692	-14.733	-60.9
25.73	-8.688	-14.842	-75.3
25.74	-8.683	-14.675	-55.6
25.75	-8.678	-14.159	-29.8
25.76	-8.675	-12.322	-33.9
25.77	-8.676	-8.375	-53.4
25.78	-8.681	-2.794	-27.0
25.79	-8.690	3.423	-7.9
25.8	-8.701	9.203	-30.4
25.81	-8.714	13.764	-22.7
25.82	-8.728	16.823	17.2
25.83	-8.744	17.975	38.2
25.84	-8.762	16.609	21.2
25.85	-8.782	13.452	30.8
25.86	-8.803	10.159	71.4
25.87	-8.826	6.888	86.1
25.88	-8.848	3.106	96.3
25.89	-8.869	-0.528	132.5
25.9	-8.889	-3.000	167.5
25.91	-8.909	-4.383	178.2
25.92	-8.931	-5.631	175.4
25.93	-8.953	-6.872	164.9
25.94	-8.976	-7.302	143.5
25.95	-9.000	-6.966	92.2
25.96	-9.029	-6.622	45.8
25.97	-9.059	-6.433	20.1
25.98	-9.088	-6.422	-30.6
25.99	-9.115	-6.433	-67.4
26.0	-9.143	-6.070	-49.3
26.01	-9.172	-5.772	-49.8
26.02	-9.201	-6.536	-67.8
26.03	-9.228	-8.611	-54.4
26.04	-9.252	-10.631	-44.5
26.05	-9.274	-11.419	-56.4
26.06	-9.297	-11.802	-58.5
26.07	-9.319	-12.759	-41.2
26.08	-9.339	-13.805	-41.6
26.09	-9.360	-13.966	-52.2
26.1	-9.379	-13.239	-43.2
26.11	-9.400	-12.495	-40.9
26.12	-9.420	-12.497	-37.6
26.13	-9.441	-12.766	-28.7
26.14	-9.461	-11.913	-24.0
26.15	-9.480	-10.222	-29.8
26.16	-9.500	-9.559	-46.6
26.17	-9.521	-10.252	-43.5
26.18	-9.543	-10.889	-38.4
26.19	-9.565	-11.091	-29.1
26.2	-9.588	-11.733	-34.8
26.21	-9.609	-12.853	-67.3
26.22	-9.629	-13.866	-45.9
26.23	-9.649	-14.655	-16.4
26.24	-9.669	-15.122	-36.8
26.25	-9.689	-15.267	-48.4
26.26	-9.709	-15.383	-35.3
26.27	-9.729	-15.520	-32.8
26.28	-9.750	-15.717	-53.2
26.29	-9.771	-16.081	-55.9
26.3	-9.793	-16.280	-38.6
26.31	-9.815	-16.167	-35.5
26.32	-9.836	-16.120	-38.0
26.33	-9.857	-16.025	-34.0
26.34	-9.879	-15.522	-38.3
26.35	-9.900	-14.953	-46.4
26.36	-9.922	-14.823	-32.6
26.37	-9.943	-15.069	-23.7
26.38	-9.964	-15.375	-28.3
26.39	-9.984	-15.491	-32.3
26.4	-10.003	-15.447	-28.4
26.41	-10.022	-15.347	-18.3
26.42	-10.041	-14.906	-17.3
26.43	-10.060	-14.103	-5.3
26.44	-10.079	-13.622	5.6
26.45	-10.096	-14.031	-18.4
26.46	-10.113	-14.794	-26.4
26.47	-10.128	-14.920	-4.9
26.48	-10.145	-14.648	34.4
26.49	-10.162	-14.753	77.6
26.5	-10.178	-14.975	87.4
26.51	-10.194	-14.733	65.1
26.52	-10.208	-14.322	27.0
26.53	-10.221	-14.436	-0.9
26.54	-10.233	-14.903	-10.7
26.55	-10.246	-15.045	-22.4
26.56	-10.263	-15.220	-31.1
26.57	-10.278	-15.730	-39.3
26.58	-10.289	-16.034	-35.3
26.59	-10.298	-15.783	24.2
26.6	-10.309	-15.095	183.8
26.61	-10.321	-15.163	376.3
26.62	-10.334	-15.564	371.1
26.63	-10.348	-14.938	161.9
26.64	-10.361	-14.113	-18.0
26.65	-10.373	-14.131	-58.4
26.66	-10.381	-15.034	-50.5
26.67	-10.383	-15.964	-56.7
26.68	-10.382	-16.091	-44.5
26.69	-10.381	-15.644	-30.1
26.7	-10.383	-15.461	-20.0
26.71	-10.388	-15.867	-19.6
26.72	-10.394	-16.141	-35.8
26.73	-10.399	-15.250	-36.9
26.74	-10.406	-12.975	-21.8
26.75	-10.414	-9.494	-18.1
26.76	-10.423	-4.945	-24.5
26.77	-10.432	0.427	0.8
26.78	-10.439	5.983	30.9
26.79	-10.447	10.356	32.3
26.8	-10.455	12.833	40.8
26.81	-10.463	14.041	37.7
26.82	-10.469	14.294	33.8
26.83	-10.474	12.831	52.8
26.84	-10.478	9.431	92.9
26.85	-10.481	5.242	136.4
26.86	-10.482	1.194	168.0
26.87	-10.483	-2.622	181.8
26.88	-10.483	-6.091	184.6
26.89	-10.483	-8.359	205.6
26.9	-10.480	-8.892	197.7
26.91	-10.476	-8.677	156.8
26.92	-10.473	-8.827	123.4
26.93	-10.473	-9.228	74.6
26.94	-10.469	-9.389	33.6
26.95	-10.458	-9.331	11.8
26.96	-10.444	-9.058	-26.8
26.97	-10.429	-8.494	-53.6
26.98	-10.413	-7.989	-62.2
26.99	-10.393	-8.136	-56.8
27.0	-10.368	-9.013	-49.1
27.01	-10.340	-10.078	-59.0
27.02	-10.313	-11.188	-50.5
27.03	-10.284	-12.347	-47.2
27.04	-10.255	-13.105	-37.7
27.05	-10.223	-13.022	-18.5
27.06	-10.188	-12.275	-24.7
27.07	-10.153	-11.622	-42.6
27.08	-10.118	-11.583	-42.3
27.09	-10.086	-11.441	-27.6
27.1	-10.054	-10.334	-29.9
27.11	-10.024	-9.092	-32.3
27.12	-9.994	-8.919	-47.8
27.13	-9.964	-9.638	-55.4
27.14	-9.938	-10.295	-35.9
27.15	-9.912	-10.545	-29.3
27.16	-9.888	-11.002	-30.8
27.17	-9.864	-12.019	-36.6
27.18	-9.841	-12.834	-40.9
27.19	-9.818	-12.938	-38.2
27.2	-9.794	-13.127	-39.8
27.21	-9.773	-13.989	-49.7
27.22	-9.752	-14.780	-54.5
27.23	-9.732	-15.170	-47.4
27.24	-9.712	-15.700	-33.3
27.25	-9.692	-16.134	-23.3
27.26	-9.672	-15.858	-29.3
27.27	-9.652	-15.163	-39.5
27.28	-9.633	-15.288	-47.0
27.29	-9.613	-16.261	-35.0
27.3	-9.594	-16.255	-22.2
27.31	-9.574	-15.206	-27.3
27.32	-9.556	-14.706	2.2
27.33	-9.541	-15.098	34.3
27.34	-9.526	-15.938	45.1
27.35	-9.510	-16.273	61.3
27.36	-9.494	-15.488	46.5
27.37	-9.476	-14.558	0.8
27.38	-9.457	-14.686	-48.8
27.39	-9.437	-15.578	-70.4
27.4	-9.418	-15.684	-52.3
27.41	-9.401	-15.044	-41.9
27.42	-9.381	-15.284	-52.4
27.43	-9.356	-16.012	-42.8
27.44	-9.331	-15.875	32.8
27.45	-9.308	-15.488	205.7
27.46	-9.290	-16.056	348.7
27.47	-9.274	-17.073	251.7
27.48	-9.258	-17.188	49.2
27.49	-9.243	-16.189	-38.5
27.5	-9.228	-15.227	-53.7
27.51	-9.208	-15.334	-52.3
27.52	-9.184	-15.952	-66.3
27.53	-9.159	-16.306	-88.5
27.54	-9.135	-16.914	-79.7
27.55	-9.114	-18.173	-64.9
27.56	-9.092	-19.242	-47.9
27.57	-9.071	-19.186	-28.1
27.58	-9.048	-17.908	-27.1
27.59	-9.027	-15.938	-54.6
27.6	-9.008	-13.659	-60.2
27.61	-8.992	-9.784	-26.7
27.62	-8.978	-3.642	-7.5
27.63	-8.965	2.337	-0.5
27.64	-8.954	6.309	3.3
27.65	-8.944	8.908	4.6
27.66	-8.934	10.445	31.5
27.67	-8.927	10.203	48.2
27.68	-8.921	7.989	34.5
27.69	-8.914	5.063	49.3
27.7	-8.907	2.452	102.3
27.71	-8.899	-0.497	142.9
27.72	-8.892	-3.561	156.6
27.73	-8.885	-5.830	188.3
27.74	-8.879	-7.622	192.9
27.75	-8.874	-8.655	135.1
27.76	-8.869	-8.508	108.1
27.77	-8.869	-8.303	93.1
27.78	-8.870	-8.672	37.7
27.79	-8.869	-9.020	-21.8
27.8	-8.866	-8.984	-52.3
27.81	-8.863	-8.477	-54.8
27.82	-8.864	-7.777	-63.8
27.83	-8.864	-7.616	-95.9
27.84	-8.864	-8.133	-99.8
27.85	-8.862	-8.902	-69.2
27.86	-8.858	-9.834	-66.3
27.87	-8.854	-11.197	-66.5
27.88	-8.851	-12.800	-56.1
27.89	-8.847	-13.855	-64.7
27.9	-8.842	-13.684	-77.4
27.91	-8.835	-12.569	-81.3
27.92	-8.827	-11.781	-61.2
27.93	-8.819	-11.866	-42.2
27.94	-8.812	-11.938	-37.9
27.95	-8.807	-11.544	-37.5
27.96	-8.803	-11.264	-48.5
27.97	-8.799	-11.248	-62.4
27.98	-8.796	-11.170	-72.0
27.99	-8.792	-11.263	-57.6
28.0	-8.787	-11.636	-45.9
28.01	-8.782	-12.088	-64.1
28.02	-8.776	-12.500	-66.6
28.03	-8.770	-12.641	-45.4
28.04	-8.764	-12.795	-54.9
28.05	-8.758	-13.556	-75.7
28.06	-8.752	-14.863	-69.0
28.07	-8.746	-16.144	-65.6
28.08	-8.739	-16.834	-52.2
28.09	-8.733	-16.769	-45.8
28.1	-8.726	-16.338	-55.3
28.11	-8.721	-15.903	-52.3
28.12	-8.715	-15.564	-45.4
28.13	-8.710	-15.484	-62.0
28.14	-8.705	-15.452	-84.5
28.15	-8.700	-15.525	-70.9
28.16	-8.696	-16.517	-38.0
28.17	-8.691	-17.669	-25.4
28.18	-8.685	-17.419	-45.8
28.19	-8.679	-16.338	-63.0
28.2	-8.672	-15.664	-47.2
28.21	-8.666	-15.444	-27.0
28.22	-8.661	-15.214	-21.1
28.23	-8.656	-14.853	-4.9
28.24	-8.652	-14.738	17.8
28.25	-8.647	-14.941	46.1
28.26	-8.641	-15.116	53.5
28.27	-8.636	-15.052	21.3
28.28	-8.629	-14.825	-16.2
28.29	-8.621	-14.614	-41.0
28.3	-8.613	-14.495	-66.5
28.31	-8.607	-14.397	-77.9
28.32	-8.600	-14.150	-63.8
28.33	-8.590	-13.942	-45.8
28.34	-8.579	-14.077	-9.4
28.35	-8.572	-14.503	143.0
28.36	-8.568	-14.892	367.8
28.37	-8.564	-14.853	369.9
28.38	-8.561	-14.752	156.9
28.39	-8.563	-15.203	-0.5
28.4	-8.566	-15.431	-46.9
28.41	-8.561	-14.389	-72.9
28.42	-8.549	-12.961	-91.1
28.43	-8.538	-12.988	-77.3
28.44	-8.530	-14.641	-78.3
28.45	-8.523	-16.183	-82.6
28.46	-8.515	-16.445	-63.3
28.47	-8.506	-15.789	-53.7
28.48	-8.496	-13.928	-59.8
28.49	-8.488	-9.966	-64.3
28.5	-8.482	-4.645	-53.5
28.51	-8.479	0.800	-37.3
28.52	-8.477	5.858	-33.3
28.53	-8.476	10.047	-44.1
28.54	-8.477	13.213	-24.1
28.55	-8.479	15.514	7.7
28.56	-8.482	16.252	-2.7
28.57	-8.486	14.328	7.1
28.58	-8.489	10.627	40.1
28.59	-8.492	7.002	56.3
28.6	-8.494	3.506	83.7
28.61	-8.494	-0.091	108.1
28.62	-8.496	-2.886	123.4
28.63	-8.497	-4.586	144.9
28.64	-8.499	-5.648	143.1
28.65	-8.502	-6.530	139.3
28.66	-8.505	-7.530	140.9
28.67	-8.508	-8.333	101.2
28.68	-8.511	-8.412	33.5
28.69	-8.514	-7.741	-27.6
28.7	-8.516	-6.933	-46.9
28.71	-8.516	-6.489	-35.0
28.72	-8.519	-6.269	-42.5
28.73	-8.523	-6.241	-45.7
28.74	-8.526	-6.748	-71.3
28.75	-8.529	-8.037	-96.6
28.76	-8.530	-9.602	-68.6
28.77	-8.531	-10.939	-52.6
28.78	-8.531	-12.133	-48.8
28.79	-8.531	-12.859	-49.5
28.8	-8.531	-12.844	-42.3
28.81	-8.530	-12.638	-34.4
28.82	-8.528	-12.577	-61.0
28.83	-8.526	-12.252	-48.8
28.84	-8.524	-11.919	-16.8
28.85	-8.523	-12.211	-33.3
28.86	-8.523	-12.255	-52.5
28.87	-8.524	-11.170	-42.5
28.88	-8.525	-9.997	-39.1
28.89	-8.526	-9.766	-57.3
28.9	-8.528	-10.247	-53.9
28.91	-8.530	-11.131	-45.6
28.92	-8.531	-12.106	-54.0
28.93	-8.532	-12.797	-45.8
28.94	-8.532	-13.470	-35.4
28.95	-8.531	-14.514	-55.9
28.96	-8.533	-15.605	-74.2
28.97	-8.535	-16.186	-52.6
28.98	-8.538	-16.202	-28.3
28.99	-8.542	-15.948	-32.7
29.0	-8.546	-15.808	-48.8
29.01	-8.550	-16.177	-54.5
29.02	-8.553	-16.873	-50.0
29.03	-8.556	-17.209	-53.5
29.04	-8.559	-17.172	-50.7
29.05	-8.562	-17.255	-42.9
29.06	-8.564	-17.266	-54.3
29.07	-8.564	-17.133	-45.8
29.08	-8.565	-17.278	-17.2
29.09	-8.566	-17.203	-28.3
29.1	-8.566	-16.755	-51.2
29.11	-8.568	-16.748	-45.0
29.12	-8.569	-16.981	-0.7
29.13	-8.571	-16.961	67.1
29.14	-8.572	-16.883	74.0
29.15	-8.575	-16.634	20.3
29.16	-8.577	-16.334	-10.3
29.17	-8.578	-16.216	-33.7
29.18	-8.579	-15.848	-65.7
29.19	-8.581	-15.413	-82.0
29.2	-8.584	-15.425	-77.0
29.21	-8.585	-15.384	-51.7
29.22	-8.582	-15.002	-39.4
29.23	-8.582	-14.861	22.0
29.24	-8.587	-15.077	229.2
29.25	-8.592	-15.102	406.9
29.26	-8.598	-14.795	305.9
29.27	-8.607	-14.427	63.2
29.28	-8.623	-13.906	-61.9
29.29	-8.636	-13.575	-93.0
29.3	-8.639	-14.217	-99.0
29.31	-8.636	-15.173	-75.4
29.32	-8.633	-15.266	-77.7
29.33	-8.629	-15.139	-88.2
29.34	-8.624	-15.630	-78.9
29.35	-8.617	-15.778	-70.4
29.36	-8.611	-14.647	-53.8
29.37	-8.605	-12.591	-70.8
29.38	-8.603	-9.411	-85.5
29.39	-8.607	-4.433	-52.4
29.4	-8.616	1.598	-34.3
29.41	-8.630	7.369	-33.9
29.42	-8.646	11.888	-28.8
29.43	-8.665	14.548	-16.9
29.44	-8.688	15.486	4.6
29.45	-8.714	14.866	5.3
29.46	-8.742	12.684	9.2
29.47	-8.773	9.475	37.0
29.48	-8.802	5.772	59.5
29.49	-8.831	1.913	92.6
29.5	-8.859	-1.331	113.1
29.51	-8.890	-3.636	130.7
29.52	-8.922	-5.722	157.1
29.53	-8.957	-7.936	152.9
29.54	-8.993	-9.367	137.5
29.55	-9.029	-9.419	97.1
29.56	-9.066	-8.847	48.2
29.57	-9.103	-8.278	31.6
29.58	-9.140	-7.950	3.5
29.59	-9.176	-7.953	-51.1
29.6	-9.213	-7.838	-76.3
29.61	-9.251	-7.678	-78.2
29.62	-9.289	-7.941	-68.3
29.63	-9.327	-8.600	-52.4
29.64	-9.363	-9.791	-72.7
29.65	-9.395	-11.569	-68.8
29.66	-9.425	-12.984	-40.8
29.67	-9.454	-13.258	-59.4
29.68	-9.484	-13.030	-78.5
29.69	-9.513	-13.145	-57.3
29.7	-9.541	-13.423	-24.9
29.71	-9.568	-13.516	-30.5
29.72	-9.595	-13.373	-62.0
29.73	-9.623	-12.544	-50.8
29.74	-9.650	-11.231	-22.8
29.75	-9.677	-10.508	-32.7
29.76	-9.704	-10.508	-54.3
29.77	-9.730	-10.597	-63.4
29.78	-9.757	-10.817	-57.1
29.79	-9.784	-11.405	-39.3
29.8	-9.811	-12.181	-30.6
29.81	-9.839	-13.039	-38.0
29.82	-9.866	-13.700	-41.9
29.83	-9.893	-13.872	-48.3
29.84	-9.919	-14.047	-53.8
29.85	-9.947	-14.689	-56.3
29.86	-9.974	-15.266	-57.5
29.87	-10.003	-15.475	-39.4
29.88	-10.031	-15.831	-33.8
29.89	-10.057	-16.347	-34.0
29.9	-10.083	-16.370	-41.0
29.91	-10.107	-15.817	-52.6
29.92	-10.131	-15.470	-35.7
29.93	-10.156	-15.686	-29.7
29.94	-10.180	-16.002	-22.2
29.95	-10.204	-16.088	2.9
29.96	-10.228	-16.066	12.0
29.97	-10.251	-16.164	22.2
29.98	-10.274	-16.416	55.4
29.99	-10.296	-16.583	65.5
