Interval=	0.01 s
ExcelDateTime=	3.9769602194115920e+004	17/11/2008 14:27:09.571615
TimeFormat=	StartOfBlock
ChannelTitle=	Channel 1	Channel 2	Channel 3
Range=	20.000 mV	50.000 mV	500.0 µV
0.0	-8.918	4.184	0.3
0.01	-8.915	10.725	-11.9
0.02	-8.914	15.147	-13.5
0.03	-8.914	17.016	-1.7
0.04	-8.914	16.578	10.4
0.05	-8.914	14.442	25.4
0.06	-8.914	11.142	43.5
0.07	-8.915	6.945	65.5
0.08	-8.916	2.091	92.3
0.09	-8.918	-2.902	124.0
0.1	-8.920	-7.369	154.3
0.11	-8.924	-10.848	177.1
0.12	-8.928	-13.111	187.0
0.13	-8.932	-14.073	174.5
0.14	-8.937	-13.838	130.1
0.15	-8.942	-12.859	65.6
0.16	-8.948	-11.761	5.2
0.17	-8.956	-10.831	-37.7
0.18	-8.967	-10.023	-62.9
0.19	-8.985	-9.222	-74.1
0.2	-9.006	-8.456	-76.8
0.21	-9.029	-8.231	-76.7
0.22	-9.054	-9.116	-74.6
0.23	-9.080	-10.891	-71.3
0.24	-9.106	-12.816	-69.8
0.25	-9.132	-14.455	-68.2
0.26	-9.155	-15.839	-68.3
0.27	-9.178	-16.952	-68.4
0.28	-9.200	-17.438	-65.7
0.29	-9.224	-17.027	-63.4
0.3	-9.248	-15.950	-62.6
0.31	-9.275	-14.833	-63.5
0.32	-9.304	-14.161	-66.0
0.33	-9.334	-13.844	-64.3
0.34	-9.366	-13.456	-60.4
0.35	-9.398	-12.869	-59.2
0.36	-9.429	-12.380	-59.9
0.37	-9.459	-12.247	-60.5
0.38	-9.488	-12.375	-59.9
0.39	-9.516	-12.563	-57.8
0.4	-9.544	-12.769	-56.2
0.41	-9.571	-13.014	-55.0
0.42	-9.599	-13.288	-53.9
0.43	-9.626	-13.653	-53.8
0.44	-9.653	-14.186	-53.3
0.45	-9.679	-14.670	-52.3
0.46	-9.705	-14.875	-52.1
0.47	-9.730	-14.988	-50.2
0.48	-9.754	-15.163	-48.1
0.49	-9.777	-15.117	-47.5
0.5	-9.799	-14.669	-47.4
0.51	-9.820	-14.125	-46.0
0.52	-9.841	-13.791	-45.6
0.53	-9.862	-13.694	-42.7
0.54	-9.883	-13.916	-32.5
0.55	-9.904	-14.473	-13.5
0.56	-9.926	-15.056	17.2
0.57	-9.947	-15.413	38.3
0.58	-9.967	-15.581	31.2
0.59	-9.987	-15.589	22.5
0.6	-10.005	-15.373	13.5
0.61	-10.023	-15.017	-15.4
0.62	-10.038	-14.781	-45.3
0.63	-10.052	-14.827	-55.5
0.64	-10.064	-15.016	-53.5
0.65	-10.076	-15.020	-52.6
0.66	-10.091	-14.720	-53.3
0.67	-10.111	-14.344	-49.8
0.68	-10.136	-14.120	54.7
0.69	-10.156	-13.969	274.4
0.7	-10.169	-13.567	309.4
0.71	-10.177	-12.733	75.1
0.72	-10.183	-11.720	-139.3
0.73	-10.189	-11.041	-165.8
0.74	-10.193	-11.002	-95.9
0.75	-10.197	-11.422	-53.5
0.76	-10.203	-11.838	-44.8
0.77	-10.211	-12.038	-43.9
0.78	-10.219	-11.923	-41.3
0.79	-10.224	-11.092	-36.2
0.8	-10.227	-9.061	-32.0
0.81	-10.226	-5.353	-27.4
0.82	-10.223	0.366	-23.0
0.83	-10.221	7.347	-16.7
0.84	-10.220	13.686	-8.7
0.85	-10.223	17.822	0.1
0.86	-10.226	19.453	11.2
0.87	-10.229	19.048	24.8
0.88	-10.231	17.009	40.3
0.89	-10.232	13.539	59.9
0.9	-10.233	8.947	84.6
0.91	-10.234	3.714	114.2
0.92	-10.236	-1.509	144.9
0.93	-10.238	-6.033	171.9
0.94	-10.241	-9.336	189.7
0.95	-10.245	-11.277	190.0
0.96	-10.250	-12.122	159.8
0.97	-10.255	-12.103	100.4
0.98	-10.260	-11.381	35.3
0.99	-10.264	-10.438	-15.8
1.0	-10.269	-9.741	-51.6
1.01	-10.274	-9.295	-71.1
1.02	-10.278	-9.022	-78.0
1.03	-10.283	-9.242	-79.2
1.04	-10.287	-10.373	-80.3
1.05	-10.289	-12.239	-82.6
1.06	-10.288	-14.275	-80.1
1.07	-10.284	-16.181	-76.0
1.08	-10.278	-17.944	-75.5
1.09	-10.267	-19.434	-73.6
1.1	-10.253	-20.286	-72.1
1.11	-10.234	-20.244	-71.0
1.12	-10.213	-19.442	-67.4
1.13	-10.188	-18.372	-64.6
1.14	-10.161	-17.492	-64.6
1.15	-10.131	-16.819	-63.8
1.16	-10.097	-16.137	-63.3
1.17	-10.060	-15.373	-62.7
1.18	-10.019	-14.716	-61.8
1.19	-9.974	-14.408	-61.8
1.2	-9.928	-14.275	-61.2
1.21	-9.880	-13.813	-58.9
1.22	-9.832	-12.855	-56.3
1.23	-9.786	-11.705	-52.9
1.24	-9.741	-10.728	-51.3
1.25	-9.698	-10.255	-50.0
1.26	-9.657	-10.492	-48.5
1.27	-9.617	-11.350	-48.0
1.28	-9.578	-12.464	-46.5
1.29	-9.541	-13.383	-40.2
1.3	-9.504	-13.864	-28.9
1.31	-9.469	-13.883	-8.0
1.32	-9.434	-13.491	21.4
1.33	-9.399	-12.911	35.3
1.34	-9.365	-12.480	26.5
1.35	-9.331	-12.475	18.4
1.36	-9.297	-12.977	1.8
1.37	-9.264	-13.891	-32.1
1.38	-9.231	-15.136	-56.5
1.39	-9.197	-16.477	-60.3
1.4	-9.164	-17.348	-55.5
1.41	-9.132	-17.244	-54.3
1.42	-9.105	-16.302	-57.8
1.43	-9.086	-15.222	-45.9
1.44	-9.071	-14.483	81.1
1.45	-9.054	-14.123	267.6
1.46	-9.030	-14.036	224.6
1.47	-9.004	-14.128	-21.8
1.48	-8.978	-14.375	-182.9
1.49	-8.952	-14.628	-162.6
1.5	-8.926	-14.691	-82.9
1.51	-8.902	-14.464	-46.9
1.52	-8.880	-13.942	-41.0
1.53	-8.861	-13.353	-39.4
1.54	-8.843	-13.059	-36.1
1.55	-8.824	-13.047	-32.0
1.56	-8.803	-12.538	-26.8
1.57	-8.780	-10.320	-19.2
1.58	-8.756	-5.664	-13.2
1.59	-8.732	0.905	-7.9
1.6	-8.711	7.733	-1.1
1.61	-8.693	13.019	7.7
1.62	-8.678	15.723	18.8
1.63	-8.663	15.880	32.9
1.64	-8.649	14.056	51.3
1.65	-8.635	10.627	74.2
1.66	-8.623	5.969	101.8
1.67	-8.610	0.803	134.9
1.68	-8.599	-4.277	167.1
1.69	-8.589	-8.945	192.2
1.7	-8.580	-12.645	205.0
1.71	-8.572	-14.722	195.3
1.72	-8.564	-15.119	150.5
1.73	-8.558	-14.388	81.7
1.74	-8.553	-13.150	15.5
1.75	-8.549	-11.883	-33.5
1.76	-8.546	-10.928	-64.3
1.77	-8.547	-10.405	-77.8
1.78	-8.550	-10.392	-81.8
1.79	-8.553	-11.175	-83.1
1.8	-8.555	-12.930	-84.5
1.81	-8.558	-15.142	-84.5
1.82	-8.559	-16.861	-82.0
1.83	-8.558	-17.692	-79.6
1.84	-8.555	-18.034	-79.2
1.85	-8.551	-18.364	-75.5
1.86	-8.547	-18.595	-72.6
1.87	-8.543	-18.288	-71.3
1.88	-8.540	-17.442	-68.2
1.89	-8.539	-16.631	-65.4
1.9	-8.538	-16.184	-63.7
1.91	-8.539	-15.944	-60.4
1.92	-8.540	-15.845	-58.1
1.93	-8.542	-16.030	-57.6
1.94	-8.544	-16.361	-56.9
1.95	-8.545	-16.450	-55.8
1.96	-8.547	-16.186	-55.2
1.97	-8.551	-15.867	-53.4
1.98	-8.554	-15.784	-52.8
1.99	-8.559	-15.988	-52.7
2.0	-8.563	-16.456	-52.0
2.01	-8.567	-17.038	-51.6
2.02	-8.571	-17.372	-51.3
2.03	-8.576	-17.200	-48.4
2.04	-8.580	-16.659	-46.6
2.05	-8.583	-16.028	-46.5
2.06	-8.586	-15.380	-47.3
2.07	-8.589	-14.739	-46.5
2.08	-8.590	-14.267	-44.3
2.09	-8.592	-14.122	-41.8
2.1	-8.594	-14.275	-38.8
2.11	-8.596	-14.511	-32.0
2.12	-8.599	-14.623	-21.1
2.13	-8.601	-14.600	-0.7
2.14	-8.603	-14.516	29.3
2.15	-8.604	-14.388	42.8
2.16	-8.605	-14.170	33.7
2.17	-8.605	-13.881	29.4
2.18	-8.605	-13.614	16.6
2.19	-8.604	-13.322	-18.7
2.2	-8.601	-13.003	-46.9
2.21	-8.600	-12.786	-51.6
2.22	-8.599	-12.547	-49.0
2.23	-8.599	-12.128	-49.5
2.24	-8.603	-11.750	-51.9
2.25	-8.611	-11.823	-37.5
2.26	-8.619	-12.408	100.0
2.27	-8.624	-12.995	304.6
2.28	-8.627	-13.050	279.5
2.29	-8.631	-12.659	35.0
2.3	-8.636	-12.159	-136.1
2.31	-8.638	-11.630	-130.6
2.32	-8.634	-11.258	-73.1
2.33	-8.626	-11.402	-50.5
2.34	-8.620	-11.920	-46.8
2.35	-8.616	-12.173	-43.4
2.36	-8.613	-11.842	-40.1
2.37	-8.609	-10.938	-37.6
2.38	-8.606	-8.938	-33.5
2.39	-8.601	-4.747	-28.6
2.4	-8.596	1.778	-24.1
2.41	-8.592	9.034	-17.7
2.42	-8.591	15.048	-10.2
2.43	-8.591	18.588	-1.7
2.44	-8.591	19.330	8.0
2.45	-8.592	17.827	21.1
2.46	-8.592	14.806	37.8
2.47	-8.594	10.570	60.3
2.48	-8.598	5.383	86.3
2.49	-8.604	-0.078	115.0
2.5	-8.613	-5.059	144.7
2.51	-8.626	-9.066	170.5
2.52	-8.641	-11.811	186.5
2.53	-8.661	-13.203	184.3
2.54	-8.683	-13.305	151.4
2.55	-8.706	-12.569	92.8
2.56	-8.732	-11.673	29.0
2.57	-8.758	-10.831	-20.2
2.58	-8.786	-9.853	-50.1
2.59	-8.818	-8.713	-66.0
2.6	-8.850	-7.803	-73.2
2.61	-8.882	-7.775	-73.9
2.62	-8.912	-9.086	-73.2
2.63	-8.939	-11.466	-72.0
2.64	-8.963	-14.033	-70.5
2.65	-8.986	-16.131	-70.0
2.66	-9.008	-17.686	-68.3
2.67	-9.027	-18.816	-66.2
2.68	-9.048	-19.475	-66.8
2.69	-9.069	-19.495	-64.3
2.7	-9.091	-18.927	-60.0
2.71	-9.114	-18.294	-59.3
2.72	-9.138	-17.986	-62.0
2.73	-9.162	-17.666	-63.5
2.74	-9.186	-16.922	-64.3
2.75	-9.211	-15.959	-62.8
2.76	-9.234	-15.089	-60.5
2.77	-9.256	-14.364	-58.8
2.78	-9.277	-13.902	-56.0
2.79	-9.299	-13.917	-53.2
2.8	-9.321	-14.463	-52.6
2.81	-9.342	-15.256	-51.8
2.82	-9.365	-15.825	-51.2
2.83	-9.388	-16.012	-51.9
2.84	-9.410	-16.056	-53.9
2.85	-9.432	-16.134	-54.0
2.86	-9.453	-16.297	-51.0
2.87	-9.473	-16.545	-45.9
2.88	-9.492	-16.727	-45.2
2.89	-9.511	-16.647	-45.7
2.9	-9.529	-16.266	-44.7
2.91	-9.546	-15.711	-44.5
2.92	-9.563	-15.222	-45.0
2.93	-9.578	-14.950	-44.3
2.94	-9.594	-14.758	-44.4
2.95	-9.610	-14.511	-42.8
2.96	-9.626	-14.333	-39.4
2.97	-9.642	-14.216	-32.5
2.98	-9.657	-13.972	-21.0
2.99	-9.672	-13.655	3.7
3.0	-9.686	-13.477	35.0
3.01	-9.699	-13.511	42.0
3.02	-9.713	-13.777	30.4
3.03	-9.726	-14.334	25.6
3.04	-9.739	-14.994	7.1
3.05	-9.752	-15.330	-27.4
3.06	-9.763	-15.084	-48.6
3.07	-9.773	-14.236	-50.1
3.08	-9.781	-12.866	-47.2
3.09	-9.791	-11.275	-45.5
3.1	-9.804	-9.998	-47.0
3.11	-9.824	-9.423	-13.7
3.12	-9.844	-9.486	153.2
3.13	-9.860	-9.841	308.6
3.14	-9.868	-10.117	195.4
3.15	-9.873	-10.130	-56.7
3.16	-9.877	-10.008	-174.7
3.17	-9.881	-10.042	-127.9
3.18	-9.883	-10.323	-61.6
3.19	-9.886	-10.722	-41.1
3.2	-9.891	-11.202	-38.3
3.21	-9.898	-11.766	-36.7
3.22	-9.904	-12.191	-32.5
3.23	-9.906	-11.898	-26.4
3.24	-9.905	-10.055	-22.4
3.25	-9.901	-5.903	-17.9
3.26	-9.895	0.589	-12.6
3.27	-9.891	8.152	-7.5
3.28	-9.891	14.736	1.0
3.29	-9.895	18.848	11.2
3.3	-9.900	20.127	19.7
3.31	-9.905	18.952	34.6
3.32	-9.908	15.850	54.3
3.33	-9.911	11.270	77.1
3.34	-9.912	5.767	104.0
3.35	-9.913	0.061	133.1
3.36	-9.914	-5.120	160.2
3.37	-9.914	-9.095	183.1
3.38	-9.916	-11.420	194.6
3.39	-9.918	-12.197	184.8
3.4	-9.920	-12.011	143.3
3.41	-9.921	-11.705	79.2
3.42	-9.920	-11.836	16.5
3.43	-9.918	-12.127	-30.4
3.44	-9.916	-11.978	-59.8
3.45	-9.911	-11.563	-72.7
3.46	-9.902	-11.677	-75.8
3.47	-9.888	-12.763	-76.5
3.48	-9.866	-14.398	-78.4
3.49	-9.838	-15.895	-78.7
3.5	-9.806	-17.183	-77.4
3.51	-9.769	-18.461	-75.5
3.52	-9.729	-19.488	-73.9
3.53	-9.688	-19.930	-70.3
3.54	-9.645	-19.825	-67.6
3.55	-9.603	-19.470	-65.5
3.56	-9.564	-19.061	-61.3
3.57	-9.526	-18.581	-57.1
3.58	-9.491	-17.972	-56.0
3.59	-9.457	-17.177	-55.5
3.6	-9.426	-16.252	-54.4
3.61	-9.397	-15.442	-53.6
3.62	-9.369	-14.958	-54.6
3.63	-9.342	-14.709	-55.2
3.64	-9.316	-14.522	-55.0
3.65	-9.293	-14.397	-52.4
3.66	-9.271	-14.388	-52.5
3.67	-9.251	-14.541	-54.7
3.68	-9.232	-14.884	-53.7
3.69	-9.216	-15.278	-51.3
3.7	-9.200	-15.380	-50.4
3.71	-9.185	-14.923	-48.9
3.72	-9.171	-13.988	-49.0
3.73	-9.156	-12.908	-48.2
3.74	-9.141	-12.123	-45.9
3.75	-9.127	-11.980	-43.9
3.76	-9.113	-12.280	-39.7
3.77	-9.100	-12.623	-30.0
3.78	-9.087	-13.059	-5.8
3.79	-9.075	-13.530	28.6
3.8	-9.063	-13.486	37.3
3.81	-9.052	-12.664	27.3
3.82	-9.041	-11.586	22.5
3.83	-9.031	-10.970	4.9
3.84	-9.021	-11.002	-28.5
3.85	-9.011	-11.413	-49.2
3.86	-8.999	-12.005	-51.9
3.87	-8.988	-12.767	-50.5
3.88	-8.978	-13.706	-52.4
3.89	-8.971	-14.719	-55.0
3.9	-8.971	-15.659	-26.3
3.91	-8.973	-16.327	140.8
3.92	-8.970	-16.387	312.3
3.93	-8.962	-15.572	207.6
3.94	-8.950	-14.023	-49.2
3.95	-8.939	-12.183	-172.6
3.96	-8.927	-10.420	-133.9
3.97	-8.914	-9.036	-68.1
3.98	-8.904	-8.336	-43.9
3.99	-8.898	-8.539	-40.0
4.0	-8.893	-9.611	-39.9
4.01	-8.888	-11.127	-38.0
4.02	-8.881	-12.344	-32.8
4.03	-8.871	-12.258	-25.0
4.04	-8.859	-9.772	-21.2
4.05	-8.847	-4.469	-16.1
4.06	-8.835	2.577	-7.6
4.07	-8.826	9.291	-0.2
4.08	-8.819	13.978	7.4
4.09	-8.814	15.858	17.7
4.1	-8.809	14.980	30.8
4.11	-8.804	12.027	50.0
4.12	-8.798	7.836	74.2
4.13	-8.793	3.002	103.0
4.14	-8.788	-2.106	133.5
4.15	-8.784	-7.081	162.4
4.16	-8.780	-11.316	186.2
4.17	-8.778	-14.167	199.4
4.18	-8.776	-15.208	187.4
4.19	-8.775	-14.516	142.6
4.2	-8.774	-12.856	76.2
4.21	-8.774	-11.166	12.4
4.22	-8.776	-9.816	-32.9
4.23	-8.781	-8.820	-57.1
4.24	-8.789	-8.389	-69.7
4.25	-8.799	-8.797	-76.3
4.26	-8.809	-10.136	-79.5
4.27	-8.816	-12.409	-79.7
4.28	-8.819	-15.230	-78.9
4.29	-8.821	-17.741	-77.2
4.3	-8.819	-19.328	-75.3
4.31	-8.816	-19.833	-72.9
4.32	-8.813	-19.308	-71.6
4.33	-8.811	-17.964	-70.5
4.34	-8.810	-16.163	-67.9
4.35	-8.810	-14.492	-65.3
4.36	-8.812	-13.606	-63.8
4.37	-8.816	-13.863	-61.5
4.38	-8.821	-15.105	-58.8
4.39	-8.828	-16.670	-55.9
4.4	-8.833	-17.766	-54.5
4.41	-8.839	-17.928	-54.3
4.42	-8.844	-17.247	-55.1
4.43	-8.851	-16.289	-53.4
4.44	-8.857	-15.614	-51.6
4.45	-8.862	-15.361	-51.3
4.46	-8.866	-15.425	-50.6
4.47	-8.871	-15.827	-48.4
4.48	-8.876	-16.511	-47.5
4.49	-8.881	-17.002	-46.3
4.5	-8.886	-16.842	-46.5
4.51	-8.891	-16.206	-47.1
4.52	-8.896	-15.569	-44.8
4.53	-8.900	-15.084	-41.9
4.54	-8.902	-14.734	-42.0
4.55	-8.904	-14.513	-42.6
4.56	-8.904	-14.380	-41.5
4.57	-8.906	-14.300	-40.1
4.58	-8.907	-14.100	-40.8
4.59	-8.908	-13.598	-39.1
4.6	-8.910	-12.942	-37.8
4.61	-8.912	-12.488	-36.7
4.62	-8.914	-12.455	-34.7
4.63	-8.916	-12.795	-33.8
4.64	-8.919	-13.278	-34.3
4.65	-8.921	-13.770	-33.9
4.66	-8.922	-14.264	-32.9
4.67	-8.924	-14.613	-32.6
4.68	-8.924	-14.588	-30.9
4.69	-8.925	-14.134	-23.7
4.7	-8.926	-13.369	-8.1
4.71	-8.926	-12.455	23.3
4.72	-8.928	-11.548	47.4
4.73	-8.930	-10.728	42.2
4.74	-8.933	-10.097	33.6
4.75	-8.935	-10.016	34.2
4.76	-8.936	-10.617	15.2
4.77	-8.936	-11.431	-19.2
4.78	-8.935	-12.003	-38.9
4.79	-8.934	-12.289	-42.1
4.8	-8.934	-12.359	-42.0
4.81	-8.936	-12.270	-41.0
4.82	-8.941	-12.155	-40.8
4.83	-8.949	-12.097	62.5
4.84	-8.955	-12.048	286.9
4.85	-8.959	-11.811	331.3
4.86	-8.964	-11.372	103.4
4.87	-8.968	-11.016	-108.4
4.88	-8.970	-10.758	-137.5
4.89	-8.966	-10.664	-79.1
4.9	-8.957	-11.050	-48.1
4.91	-8.947	-11.734	-44.3
4.92	-8.941	-12.169	-42.5
4.93	-8.937	-12.289	-37.9
4.94	-8.936	-12.116	-36.0
4.95	-8.934	-10.589	-32.2
4.96	-8.929	-6.086	-27.9
4.97	-8.924	1.731	-24.3
4.98	-8.920	10.988	-18.7
4.99	-8.917	18.872	-11.8
5.0	-8.916	23.530	-3.7
5.01	-8.916	24.525	6.1
5.02	-8.916	22.497	17.5
5.03	-8.914	18.330	32.1
5.04	-8.911	12.659	50.3
5.05	-8.911	6.389	74.5
5.06	-8.911	0.622	102.0
5.07	-8.912	-4.183	133.1
5.08	-8.914	-8.041	161.3
5.09	-8.916	-10.728	180.8
5.1	-8.919	-11.978	186.5
5.11	-8.924	-12.095	168.2
5.12	-8.929	-11.847	120.6
5.13	-8.934	-11.684	57.9
5.14	-8.940	-11.597	1.3
5.15	-8.946	-11.494	-37.3
5.16	-8.957	-11.075	-59.0
5.17	-8.973	-10.064	-67.2
5.18	-8.988	-8.892	-70.1
5.19	-9.002	-8.544	-71.5
5.2	-9.014	-9.513	-70.1
5.21	-9.025	-11.375	-69.3
5.22	-9.035	-13.695	-71.0
5.23	-9.046	-16.353	-68.1
5.24	-9.058	-18.931	-64.6
5.25	-9.072	-20.667	-63.6
5.26	-9.089	-20.939	-63.2
5.27	-9.107	-19.758	-63.2
5.28	-9.127	-17.889	-62.6
5.29	-9.149	-16.261	-58.8
5.3	-9.172	-15.305	-58.3
5.31	-9.197	-14.998	-60.1
5.32	-9.222	-15.167	-58.9
5.33	-9.247	-15.470	-56.8
5.34	-9.271	-15.544	-56.5
5.35	-9.295	-15.380	-55.1
5.36	-9.318	-15.077	-54.9
5.37	-9.341	-14.605	-53.9
5.38	-9.364	-14.116	-51.6
5.39	-9.388	-13.839	-50.7
5.4	-9.411	-13.719	-51.5
5.41	-9.433	-13.614	-51.2
5.42	-9.455	-13.523	-49.2
5.43	-9.477	-13.470	-48.7
5.44	-9.499	-13.584	-49.8
5.45	-9.519	-14.011	-48.2
5.46	-9.539	-14.478	-46.0
5.47	-9.559	-14.488	-43.7
5.48	-9.577	-13.973	-44.3
5.49	-9.594	-13.359	-45.5
5.5	-9.613	-12.973	-44.2
5.51	-9.631	-12.688	-42.8
5.52	-9.649	-12.313	-44.2
5.53	-9.668	-11.945	-43.7
5.54	-9.685	-11.698	-40.9
5.55	-9.703	-11.444	-38.4
5.56	-9.719	-11.047	-37.7
5.57	-9.736	-10.711	-34.7
5.58	-9.752	-10.800	-17.7
5.59	-9.768	-11.300	15.5
5.6	-9.784	-11.905	35.4
5.61	-9.799	-12.463	31.6
5.62	-9.814	-12.913	24.9
5.63	-9.829	-13.120	21.8
5.64	-9.844	-12.964	1.6
5.65	-9.857	-12.498	-31.2
5.66	-9.868	-11.859	-49.3
5.67	-9.877	-11.119	-50.1
5.68	-9.887	-10.291	-49.9
5.69	-9.899	-9.525	-50.8
5.7	-9.917	-9.117	-42.5
5.71	-9.938	-9.200	81.6
5.72	-9.957	-9.742	297.6
5.73	-9.970	-10.547	293.0
5.74	-9.977	-11.155	39.5
5.75	-9.982	-11.242	-155.1
5.76	-9.988	-10.938	-156.7
5.77	-9.992	-10.600	-82.1
5.78	-9.997	-10.494	-46.3
5.79	-10.003	-10.675	-41.3
5.8	-10.013	-10.927	-41.8
5.81	-10.023	-10.969	-39.3
5.82	-10.032	-10.853	-34.8
5.83	-10.038	-10.467	-30.7
5.84	-10.041	-8.616	-28.1
5.85	-10.042	-3.720	-22.7
5.86	-10.044	4.167	-15.0
5.87	-10.047	12.819	-8.8
5.88	-10.052	19.591	-2.3
5.89	-10.058	23.173	9.1
5.9	-10.065	23.719	24.0
5.91	-10.071	21.978	41.4
5.92	-10.077	18.578	59.4
5.93	-10.083	13.923	82.1
5.94	-10.089	8.463	112.0
5.95	-10.095	2.848	143.2
5.96	-10.103	-2.136	168.9
5.97	-10.110	-6.006	186.5
5.98	-10.118	-8.781	187.8
5.99	-10.127	-10.509	160.9
6.0	-10.136	-11.098	103.0
6.01	-10.144	-10.905	37.5
6.02	-10.152	-10.745	-15.1
6.03	-10.159	-10.989	-50.3
6.04	-10.168	-11.192	-69.9
6.05	-10.176	-11.030	-78.6
6.06	-10.184	-11.036	-82.3
6.07	-10.194	-11.870	-82.9
6.08	-10.203	-13.297	-82.5
6.09	-10.210	-14.611	-81.1
6.1	-10.214	-15.759	-80.1
6.11	-10.217	-17.194	-77.9
6.12	-10.217	-18.755	-75.2
6.13	-10.218	-19.678	-73.6
6.14	-10.218	-19.625	-71.6
6.15	-10.220	-18.967	-66.6
6.16	-10.223	-18.127	-61.3
6.17	-10.228	-17.117	-57.5
6.18	-10.233	-15.934	-56.7
6.19	-10.239	-14.944	-56.2
6.2	-10.244	-14.323	-55.0
6.21	-10.249	-13.706	-53.8
6.22	-10.253	-12.891	-53.8
6.23	-10.256	-12.113	-53.3
6.24	-10.259	-11.469	-52.7
6.25	-10.261	-10.780	-53.0
6.26	-10.263	-10.009	-53.3
6.27	-10.263	-9.452	-51.3
6.28	-10.261	-9.272	-49.0
6.29	-10.256	-9.303	-49.5
6.3	-10.247	-9.444	-51.5
6.31	-10.233	-9.758	-51.3
6.32	-10.213	-10.183	-50.1
6.33	-10.188	-10.616	-49.0
6.34	-10.161	-11.239	-48.8
6.35	-10.130	-12.188	-45.8
6.36	-10.098	-13.078	-43.9
6.37	-10.064	-13.356	-45.3
6.38	-10.029	-13.050	-43.9
6.39	-9.995	-12.750	-35.4
6.4	-9.959	-12.775	-12.7
6.41	-9.924	-12.891	19.6
6.42	-9.888	-12.820	32.9
6.43	-9.852	-12.548	27.9
6.44	-9.816	-12.209	22.9
6.45	-9.782	-11.803	11.1
6.46	-9.749	-11.252	-18.5
6.47	-9.715	-10.795	-45.6
6.48	-9.681	-10.905	-52.2
6.49	-9.648	-11.644	-51.3
6.5	-9.616	-12.583	-54.0
6.51	-9.588	-13.539	-54.6
6.52	-9.565	-14.625	-14.3
6.53	-9.547	-15.573	154.2
6.54	-9.527	-15.775	283.1
6.55	-9.501	-14.917	138.3
6.56	-9.471	-13.517	-108.9
6.57	-9.443	-12.419	-200.1
6.58	-9.414	-11.778	-136.3
6.59	-9.387	-11.517	-63.2
6.6	-9.361	-11.942	-39.0
6.61	-9.339	-12.988	-34.2
6.62	-9.319	-13.883	-32.3
6.63	-9.301	-14.150	-29.0
6.64	-9.282	-13.948	-25.8
6.65	-9.261	-13.125	-21.8
6.66	-9.238	-10.547	-17.4
6.67	-9.214	-5.058	-12.9
6.68	-9.191	2.842	-7.1
6.69	-9.171	10.947	1.8
6.7	-9.153	17.119	11.8
6.71	-9.138	20.534	23.8
6.72	-9.123	21.492	39.1
6.73	-9.109	20.659	58.1
6.74	-9.094	18.328	81.0
6.75	-9.081	14.469	108.7
6.76	-9.068	9.445	141.1
6.77	-9.058	4.166	174.1
6.78	-9.048	-0.620	197.0
6.79	-9.040	-4.798	207.6
6.8	-9.033	-8.448	196.3
6.81	-9.026	-11.295	150.2
6.82	-9.020	-13.066	79.0
6.83	-9.016	-14.050	9.3
6.84	-9.012	-14.647	-39.5
6.85	-9.010	-14.716	-65.6
6.86	-9.010	-14.038	-79.5
6.87	-9.011	-12.948	-87.6
6.88	-9.013	-12.158	-87.4
6.89	-9.016	-12.322	-83.8
6.9	-9.019	-13.613	-82.9
6.91	-9.021	-15.634	-82.3
6.92	-9.019	-17.905	-81.9
6.93	-9.016	-20.194	-78.9
6.94	-9.010	-22.080	-75.0
6.95	-9.004	-22.628	-72.6
6.96	-8.998	-21.378	-69.6
6.97	-8.994	-19.153	-65.6
6.98	-8.991	-17.191	-62.6
6.99	-8.991	-16.019	-62.2
7.0	-8.992	-15.488	-60.1
7.01	-8.994	-15.414	-56.5
7.02	-8.994	-15.673	-56.7
7.03	-8.995	-15.966	-55.5
7.04	-8.996	-16.063	-54.0
7.05	-8.996	-15.922	-54.0
7.06	-8.996	-15.689	-53.8
7.07	-8.998	-15.639	-55.1
7.08	-8.999	-15.755	-55.1
7.09	-9.001	-15.819	-53.0
7.1	-9.004	-15.819	-52.2
7.11	-9.006	-15.855	-51.0
7.12	-9.009	-15.803	-50.0
7.13	-9.013	-15.452	-48.5
7.14	-9.014	-15.045	-48.3
7.15	-9.016	-15.030	-47.5
7.16	-9.017	-15.269	-45.3
7.17	-9.018	-15.420	-44.7
7.18	-9.019	-15.542	-44.3
7.19	-9.020	-15.616	-42.8
7.2	-9.021	-15.331	-42.8
7.21	-9.023	-14.742	-42.8
7.22	-9.025	-14.213	-38.8
7.23	-9.027	-13.780	-27.7
7.24	-9.029	-13.355	-0.6
7.25	-9.031	-13.125	29.5
7.26	-9.032	-13.194	36.7
7.27	-9.033	-13.350	31.0
7.28	-9.033	-13.491	27.9
7.29	-9.033	-13.663	18.3
7.3	-9.032	-13.634	-11.3
7.31	-9.031	-13.247	-40.5
7.32	-9.029	-12.806	-48.9
7.33	-9.028	-12.594	-48.8
7.34	-9.028	-12.533	-48.0
7.35	-9.031	-12.455	-50.3
7.36	-9.039	-12.348	-6.0
7.37	-9.047	-12.236	184.3
7.38	-9.054	-11.902	332.2
7.39	-9.058	-11.248	192.8
7.4	-9.061	-10.720	-58.1
7.41	-9.063	-10.653	-155.6
7.42	-9.061	-10.783	-109.3
7.43	-9.053	-10.873	-58.6
7.44	-9.044	-11.125	-44.1
7.45	-9.037	-11.595	-42.5
7.46	-9.033	-11.889	-41.0
7.47	-9.031	-11.611	-38.1
7.48	-9.027	-10.541	-36.9
7.49	-9.024	-8.206	-31.1
7.5	-9.018	-3.486	-23.4
7.51	-9.013	4.348	-17.8
7.52	-9.009	13.836	-13.2
7.53	-9.006	22.072	-7.7
7.54	-9.003	27.195	1.1
7.55	-9.001	29.222	12.7
7.56	-8.999	28.806	25.3
7.57	-8.996	26.188	43.5
7.58	-8.994	21.478	65.8
7.59	-8.993	15.389	91.9
7.6	-8.993	9.169	122.3
7.61	-8.994	3.614	146.7
7.62	-8.997	-1.359	167.4
7.63	-8.999	-5.688	183.7
7.64	-9.002	-8.675	175.5
7.65	-9.006	-10.147	134.1
7.66	-9.009	-11.011	72.2
7.67	-9.013	-11.975	13.8
7.68	-9.018	-12.616	-30.9
7.69	-9.024	-12.516	-59.2
7.7	-9.036	-12.050	-69.8
7.71	-9.050	-11.531	-72.1
7.72	-9.064	-11.028	-73.9
7.73	-9.076	-10.858	-74.3
7.74	-9.087	-11.300	-73.2
7.75	-9.098	-12.302	-71.2
7.76	-9.109	-13.731	-68.8
7.77	-9.121	-15.506	-66.9
7.78	-9.134	-17.370	-66.4
7.79	-9.150	-18.894	-65.6
7.8	-9.168	-19.656	-63.1
7.81	-9.188	-19.620	-59.2
7.82	-9.209	-19.211	-57.3
7.83	-9.233	-18.795	-57.7
7.84	-9.259	-18.395	-57.4
7.85	-9.285	-17.828	-55.5
7.86	-9.312	-17.034	-53.6
7.87	-9.338	-16.148	-52.5
7.88	-9.363	-15.347	-52.4
7.89	-9.388	-14.930	-52.2
7.9	-9.411	-15.070	-50.9
7.91	-9.434	-15.509	-48.7
7.92	-9.457	-15.881	-48.2
7.93	-9.480	-16.103	-48.3
7.94	-9.503	-16.244	-47.9
7.95	-9.527	-16.302	-48.0
7.96	-9.551	-16.177	-47.0
7.97	-9.575	-15.850	-44.7
7.98	-9.598	-15.492	-44.4
7.99	-9.619	-15.280	-44.5
8.0	-9.639	-15.102	-43.6
8.01	-9.659	-14.663	-42.7
8.02	-9.678	-14.038	-41.4
8.03	-9.697	-13.700	-39.8
8.04	-9.716	-13.908	-39.9
8.05	-9.735	-14.478	-39.9
8.06	-9.754	-15.097	-39.0
8.07	-9.772	-15.552	-38.8
8.08	-9.790	-15.858	-38.5
8.09	-9.808	-16.153	-35.0
8.1	-9.826	-16.334	-20.2
8.11	-9.843	-16.103	13.7
8.12	-9.859	-15.538	39.9
8.13	-9.875	-15.153	38.4
8.14	-9.891	-15.166	31.2
8.15	-9.906	-15.192	27.4
8.16	-9.921	-14.963	8.0
8.17	-9.935	-14.688	-25.3
8.18	-9.947	-14.483	-44.9
8.19	-9.957	-14.139	-46.7
8.2	-9.968	-13.586	-47.5
8.21	-9.981	-13.123	-48.2
8.22	-10.000	-12.966	-39.9
8.23	-10.023	-12.955	79.7
8.24	-10.045	-12.803	293.3
8.25	-10.060	-12.383	296.0
8.26	-10.068	-11.733	48.0
8.27	-10.073	-10.945	-150.4
8.28	-10.079	-10.238	-154.9
8.29	-10.084	-10.016	-80.9
8.3	-10.091	-10.525	-45.0
8.31	-10.099	-11.469	-38.2
8.32	-10.110	-12.216	-37.7
8.33	-10.121	-12.463	-35.6
8.34	-10.129	-12.302	-31.1
8.35	-10.136	-11.452	-27.4
8.36	-10.139	-8.766	-23.3
8.37	-10.141	-2.898	-19.6
8.38	-10.141	5.877	-14.2
8.39	-10.143	14.981	-5.0
8.4	-10.148	21.839	3.3
8.41	-10.155	25.745	12.4
8.42	-10.162	27.009	25.6
8.43	-10.168	25.841	41.1
8.44	-10.172	22.458	61.1
8.45	-10.176	17.483	87.1
8.46	-10.179	11.575	116.2
8.47	-10.183	5.138	145.1
8.48	-10.186	-1.294	169.3
8.49	-10.191	-6.941	185.7
8.5	-10.197	-11.217	187.5
8.51	-10.203	-13.986	162.0
8.52	-10.208	-15.445	107.8
8.53	-10.213	-15.992	43.6
8.54	-10.217	-15.972	-10.6
8.55	-10.221	-15.434	-46.4
8.56	-10.225	-14.447	-64.5
8.57	-10.229	-13.477	-73.2
8.58	-10.234	-13.233	-77.5
8.59	-10.238	-14.111	-78.2
8.6	-10.241	-15.820	-77.5
8.61	-10.243	-17.845	-75.4
8.62	-10.241	-19.834	-73.6
8.63	-10.236	-21.531	-71.7
8.64	-10.229	-22.742	-67.5
8.65	-10.217	-23.227	-64.7
8.66	-10.203	-22.748	-62.4
8.67	-10.185	-21.402	-59.4
8.68	-10.165	-19.809	-57.8
8.69	-10.143	-18.636	-55.7
8.7	-10.119	-17.858	-53.6
8.71	-10.093	-17.044	-52.7
8.72	-10.064	-16.048	-51.4
8.73	-10.031	-14.947	-50.5
8.74	-9.996	-13.725	-51.3
8.75	-9.959	-12.520	-52.4
8.76	-9.921	-11.748	-50.9
8.77	-9.884	-12.038	-49.3
8.78	-9.849	-15.055	-48.5
8.79	-9.816	-22.133	-47.8
8.8	-9.786	-30.386	-47.0
8.81	-9.756	-37.600	-47.3
8.82	-9.729	-44.844	-48.9
8.83	-9.702	-49.800	-56.1
8.84	-9.676	-51.083	-59.2
8.85	-9.652	-51.138	-47.3
8.86	-9.628	-51.136	-38.8
8.87	-9.605	-51.045	-39.3
8.88	-9.582	-49.469	-38.1
8.89	-9.561	-43.727	-25.8
8.9	-9.540	-33.988	5.1
8.91	-9.519	-23.153	33.8
8.92	-9.499	-13.113	38.3
8.93	-9.480	-4.656	31.5
8.94	-9.462	1.727	28.6
8.95	-9.445	6.289	14.5
8.96	-9.428	9.625	-17.7
8.97	-9.410	11.638	-42.5
8.98	-9.392	12.348	-47.4
8.99	-9.373	12.473	-46.2
9.0	-9.356	12.100	-47.1
9.01	-9.344	10.764	-48.1
9.02	-9.339	8.823	16.6
9.03	-9.336	6.805	202.6
9.04	-9.329	4.616	286.2
9.05	-9.318	2.263	100.9
9.06	-9.303	0.209	-127.9
9.07	-9.287	-1.188	-180.2
9.08	-9.271	-2.087	-105.8
9.09	-9.256	-3.038	-49.2
9.1	-9.242	-4.522	-36.5
9.11	-9.232	-6.545	-33.6
9.12	-9.224	-8.553	-30.9
9.13	-9.215	-9.925	-27.9
9.14	-9.204	-10.400	-24.0
9.15	-9.191	-9.566	-19.1
9.16	-9.175	-6.408	-14.9
9.17	-9.159	-0.238	-11.0
9.18	-9.144	7.863	-3.4
9.19	-9.131	15.233	6.9
9.2	-9.120	19.638	17.5
9.21	-9.111	20.667	29.5
9.22	-9.103	19.234	45.8
9.23	-9.094	16.120	65.6
9.24	-9.085	11.473	89.7
9.25	-9.078	5.572	119.6
9.26	-9.071	-0.783	150.7
9.27	-9.065	-6.591	178.0
9.28	-9.060	-11.209	201.1
9.29	-9.056	-14.500	208.1
9.3	-9.053	-16.431	186.6
9.31	-9.049	-17.017	134.4
9.32	-9.047	-16.467	65.4
9.33	-9.046	-15.234	3.4
9.34	-9.046	-13.853	-38.9
9.35	-9.047	-12.694	-62.2
9.36	-9.052	-11.892	-72.3
9.37	-9.056	-11.592	-75.6
9.38	-9.059	-12.234	-76.5
9.39	-9.062	-13.995	-77.3
9.4	-9.063	-16.214	-78.1
9.41	-9.063	-18.094	-77.4
9.42	-9.061	-19.316	-74.7
9.43	-9.058	-19.773	-71.6
9.44	-9.053	-19.542	-68.2
9.45	-9.049	-18.927	-65.5
9.46	-9.046	-18.197	-62.6
9.47	-9.044	-17.498	-58.9
9.48	-9.044	-16.978	-56.0
9.49	-9.045	-16.758	-55.9
9.5	-9.047	-16.734	-53.9
9.51	-9.050	-16.705	-51.8
9.52	-9.053	-16.720	-50.5
9.53	-9.055	-16.991	-50.4
9.54	-9.056	-17.586	-51.8
9.55	-9.058	-18.438	-51.6
9.56	-9.059	-19.316	-51.6
9.57	-9.061	-19.831	-51.9
9.58	-9.063	-19.819	-50.5
9.59	-9.066	-19.448	-48.6
9.6	-9.070	-18.706	-47.8
9.61	-9.074	-17.427	-48.0
9.62	-9.079	-15.836	-47.3
9.63	-9.084	-14.519	-46.6
9.64	-9.089	-13.836	-46.1
9.65	-9.093	-13.598	-45.1
9.66	-9.095	-13.533	-42.9
9.67	-9.096	-13.705	-41.5
9.68	-9.096	-14.188	-41.4
9.69	-9.095	-14.678	-41.7
9.7	-9.096	-14.748	-39.8
9.71	-9.098	-14.497	-36.3
9.72	-9.099	-14.545	-31.8
9.73	-9.102	-15.252	-11.5
9.74	-9.104	-16.325	24.3
9.75	-9.106	-17.183	40.6
9.76	-9.107	-17.266	33.6
9.77	-9.109	-16.288	28.3
9.78	-9.109	-14.561	23.3
9.79	-9.111	-12.756	-2.4
9.8	-9.111	-11.336	-35.7
9.81	-9.110	-10.608	-48.4
9.82	-9.109	-10.673	-47.4
9.83	-9.109	-11.145	-47.6
9.84	-9.111	-11.505	-51.2
9.85	-9.117	-11.584	-21.5
9.86	-9.125	-11.431	154.7
9.87	-9.131	-10.986	337.5
9.88	-9.136	-10.134	235.8
9.89	-9.140	-9.119	-28.1
9.9	-9.144	-8.383	-158.2
9.91	-9.143	-8.169	-123.2
9.92	-9.136	-8.639	-65.6
9.93	-9.124	-9.736	-46.0
9.94	-9.113	-11.009	-42.3
9.95	-9.107	-11.978	-42.1
9.96	-9.104	-12.320	-38.4
9.97	-9.102	-11.642	-34.4
9.98	-9.099	-9.122	-32.0
9.99	-9.094	-3.766	-27.9
10.0	-9.088	4.311	-22.3
10.01	-9.084	13.077	-16.0
10.02	-9.081	19.897	-8.1
10.03	-9.079	23.319	0.2
10.04	-9.078	23.409	11.4
10.05	-9.076	21.100	26.3
10.06	-9.072	17.422	43.0
10.07	-9.069	13.013	63.3
10.08	-9.068	8.125	89.8
10.09	-9.067	3.009	118.0
10.1	-9.068	-2.017	146.0
10.11	-9.070	-6.538	171.7
10.12	-9.073	-10.008	187.7
10.13	-9.077	-12.183	182.9
10.14	-9.081	-13.358	146.8
10.15	-9.085	-14.066	85.8
10.16	-9.089	-14.470	23.2
10.17	-9.093	-14.291	-24.8
10.18	-9.099	-13.386	-53.8
10.19	-9.109	-12.092	-68.7
10.2	-9.119	-10.864	-74.5
10.21	-9.128	-10.069	-75.9
10.22	-9.134	-10.302	-75.7
10.23	-9.138	-11.886	-75.8
10.24	-9.141	-14.158	-75.0
10.25	-9.142	-16.348	-71.8
10.26	-9.143	-18.286	-67.1
10.27	-9.144	-19.869	-64.6
10.28	-9.146	-20.834	-63.5
10.29	-9.148	-20.980	-62.1
10.3	-9.151	-20.417	-60.8
10.31	-9.156	-19.648	-59.9
10.32	-9.161	-19.034	-59.3
10.33	-9.168	-18.448	-58.4
10.34	-9.176	-17.750	-55.7
10.35	-9.186	-17.164	-53.7
10.36	-9.195	-16.858	-54.7
10.37	-9.204	-16.713	-56.5
10.38	-9.213	-16.795	-54.4
10.39	-9.221	-17.142	-52.8
10.4	-9.229	-17.364	-50.7
10.41	-9.237	-17.244	-48.0
10.42	-9.245	-16.895	-47.5
10.43	-9.252	-16.325	-47.8
10.44	-9.259	-15.527	-47.4
10.45	-9.267	-14.841	-47.6
10.46	-9.274	-14.709	-46.2
10.47	-9.281	-15.141	-45.0
10.48	-9.286	-15.719	-45.0
10.49	-9.290	-16.084	-44.4
10.5	-9.293	-16.239	-42.0
10.51	-9.295	-16.247	-42.0
10.52	-9.297	-15.966	-43.1
10.53	-9.300	-15.300	-41.0
10.54	-9.303	-14.477	-38.6
10.55	-9.305	-13.941	-37.5
10.56	-9.308	-13.789	-35.8
10.57	-9.310	-13.761	-34.4
10.58	-9.313	-13.950	-26.0
10.59	-9.314	-14.519	0.8
10.6	-9.314	-15.045	33.8
10.61	-9.314	-15.055	43.6
10.62	-9.315	-14.734	36.5
10.63	-9.318	-14.481	31.8
10.64	-9.322	-14.209	21.9
10.65	-9.328	-13.773	-7.7
10.66	-9.335	-13.414	-36.0
10.67	-9.344	-13.241	-42.7
10.68	-9.356	-12.973	-43.0
10.69	-9.369	-12.498	-45.5
10.7	-9.387	-12.156	-49.0
10.71	-9.408	-12.194	-0.7
10.72	-9.431	-12.416	202.1
10.73	-9.451	-12.558	356.4
10.74	-9.469	-12.452	204.6
10.75	-9.486	-12.067	-61.6
10.76	-9.502	-11.641	-163.1
10.77	-9.517	-11.377	-111.4
10.78	-9.529	-11.311	-55.5
10.79	-9.541	-11.428	-40.4
10.8	-9.555	-11.581	-37.8
10.81	-9.569	-11.600	-37.5
10.82	-9.583	-11.414	-36.9
10.83	-9.595	-10.683	-33.1
10.84	-9.605	-8.364	-27.2
10.85	-9.614	-3.223	-22.0
10.86	-9.623	4.631	-17.4
10.87	-9.633	13.052	-13.4
10.88	-9.645	19.573	-4.6
10.89	-9.659	23.084	6.6
10.9	-9.674	23.508	17.0
10.91	-9.689	21.375	32.8
10.92	-9.704	17.738	51.8
10.93	-9.719	13.533	70.1
10.94	-9.734	8.980	97.8
10.95	-9.749	3.909	129.6
10.96	-9.765	-1.398	157.4
10.97	-9.782	-6.178	179.6
10.98	-9.799	-9.859	191.1
10.99	-9.817	-12.325	181.0
11.0	-9.836	-13.616	141.6
11.01	-9.853	-13.836	79.7
11.02	-9.870	-13.208	17.3
11.03	-9.887	-12.064	-29.1
11.04	-9.902	-10.892	-57.5
11.05	-9.918	-10.111	-72.8
11.06	-9.934	-9.848	-77.1
11.07	-9.953	-10.367	-76.1
11.08	-9.972	-12.059	-75.3
11.09	-9.989	-14.497	-75.6
11.1	-10.004	-16.630	-75.1
11.11	-10.017	-18.155	-73.2
11.12	-10.028	-19.498	-70.0
11.13	-10.036	-20.719	-67.4
11.14	-10.044	-21.406	-65.7
11.15	-10.053	-21.356	-64.5
11.16	-10.063	-20.669	-63.5
11.17	-10.074	-19.503	-62.1
11.18	-10.088	-18.173	-60.4
11.19	-10.101	-17.105	-59.6
11.2	-10.114	-16.589	-57.8
11.21	-10.129	-16.653	-56.4
11.22	-10.144	-17.069	-54.9
11.23	-10.157	-17.575	-54.9
11.24	-10.171	-17.852	-55.8
11.25	-10.184	-17.530	-54.9
11.26	-10.197	-16.602	-52.2
11.27	-10.210	-15.406	-52.5
11.28	-10.223	-14.281	-53.5
11.29	-10.238	-13.356	-52.3
11.3	-10.252	-12.731	-50.3
11.31	-10.266	-12.630	-48.8
11.32	-10.280	-12.963	-48.3
11.33	-10.293	-13.175	-48.9
11.34	-10.305	-13.017	-47.1
11.35	-10.317	-12.798	-44.3
11.36	-10.328	-12.736	-44.9
11.37	-10.338	-12.738	-46.2
11.38	-10.348	-12.705	-36.7
11.39	-10.358	-12.566	-9.5
11.4	-10.367	-12.342	22.0
11.41	-10.377	-12.070	33.2
11.42	-10.386	-11.617	29.6
11.43	-10.394	-10.944	25.5
11.44	-10.401	-10.305	15.9
11.45	-10.408	-9.936	-13.1
11.46	-10.413	-9.852	-41.8
11.47	-10.417	-9.909	-47.8
11.48	-10.419	-9.981	-46.3
11.49	-10.421	-10.167	-48.2
11.5	-10.426	-10.672	-49.3
11.51	-10.435	-11.400	-7.4
11.52	-10.447	-11.983	168.8
11.53	-10.456	-12.091	298.4
11.54	-10.458	-11.544	143.3
11.55	-10.456	-10.528	-112.7
11.56	-10.452	-9.686	-205.8
11.57	-10.445	-9.537	-136.4
11.58	-10.434	-9.916	-55.5
11.59	-10.422	-10.406	-31.1
11.6	-10.411	-10.998	-29.2
11.61	-10.405	-11.717	-30.0
11.62	-10.403	-12.042	-28.3
11.63	-10.399	-11.478	-24.7
11.64	-10.393	-10.131	-19.7
11.65	-10.384	-7.847	-14.1
11.66	-10.371	-3.722	-7.2
11.67	-10.358	2.480	1.4
11.68	-10.346	9.297	8.6
11.69	-10.337	14.747	15.7
11.7	-10.331	17.697	27.5
11.71	-10.324	18.114	43.5
11.72	-10.313	16.522	64.1
11.73	-10.296	13.213	87.3
11.74	-10.275	8.377	117.1
11.75	-10.251	2.714	150.8
11.76	-10.223	-2.850	181.8
11.77	-10.193	-7.634	205.2
11.78	-10.161	-11.258	215.5
11.79	-10.128	-13.606	198.5
11.8	-10.096	-14.839	146.3
11.81	-10.064	-15.411	75.0
11.82	-10.031	-15.772	8.6
11.83	-9.998	-15.941	-40.1
11.84	-9.968	-15.786	-68.3
11.85	-9.939	-15.395	-83.0
11.86	-9.911	-15.036	-87.5
11.87	-9.883	-15.019	-87.0
11.88	-9.856	-15.447	-86.4
11.89	-9.832	-16.361	-87.0
11.9	-9.806	-17.931	-88.0
11.91	-9.779	-19.903	-86.6
11.92	-9.749	-21.516	-80.7
11.93	-9.717	-22.194	-75.3
11.94	-9.687	-21.953	-71.9
11.95	-9.658	-21.102	-69.6
11.96	-9.633	-19.944	-66.7
11.97	-9.609	-18.772	-64.2
11.98	-9.588	-17.808	-62.2
11.99	-9.569	-17.052	-60.1
12.0	-9.551	-16.336	-57.3
12.01	-9.532	-15.547	-58.3
12.02	-9.514	-14.748	-59.8
12.03	-9.498	-14.002	-58.0
12.04	-9.482	-13.216	-55.2
12.05	-9.469	-12.359	-55.9
12.06	-9.456	-11.519	-56.7
12.07	-9.446	-10.764	-55.9
12.08	-9.436	-10.163	-54.4
12.09	-9.427	-9.853	-53.8
12.1	-9.419	-10.056	-53.7
12.11	-9.410	-10.841	-53.8
12.12	-9.401	-11.867	-51.9
12.13	-9.391	-12.656	-47.1
12.14	-9.382	-13.122	-30.3
12.15	-9.373	-13.514	2.2
12.16	-9.364	-14.013	25.2
12.17	-9.355	-14.514	24.5
12.18	-9.346	-14.619	20.3
12.19	-9.337	-14.145	16.5
12.2	-9.329	-13.567	-3.5
12.21	-9.320	-13.383	-35.8
12.22	-9.309	-13.422	-53.6
12.23	-9.297	-13.284	-55.2
12.24	-9.285	-13.123	-57.2
12.25	-9.275	-13.433	-59.7
12.26	-9.271	-14.220	-44.8
12.27	-9.273	-14.889	80.4
12.28	-9.274	-15.069	273.1
12.29	-9.268	-14.836	246.1
12.3	-9.258	-14.214	0.2
12.31	-9.245	-13.148	-172.7
12.32	-9.232	-11.939	-159.2
12.33	-9.219	-11.025	-81.4
12.34	-9.207	-10.472	-46.0
12.35	-9.197	-10.319	-42.2
12.36	-9.190	-10.852	-40.6
12.37	-9.184	-11.983	-39.0
12.38	-9.176	-12.931	-36.7
12.39	-9.166	-12.756	-30.4
12.4	-9.154	-10.756	-24.5
12.41	-9.141	-6.288	-20.8
12.42	-9.127	0.745	-14.9
12.43	-9.115	8.797	-7.0
12.44	-9.105	15.244	2.6
12.45	-9.097	18.323	14.0
12.46	-9.089	18.113	28.4
12.47	-9.081	15.670	45.1
12.48	-9.073	11.702	66.0
12.49	-9.066	6.545	91.9
12.5	-9.059	1.081	123.5
12.51	-9.052	-3.416	155.5
12.52	-9.046	-6.525	181.1
12.53	-9.041	-8.884	195.2
12.54	-9.036	-10.920	189.8
12.55	-9.033	-12.344	152.4
12.56	-9.031	-13.019	88.8
12.57	-9.029	-13.389	21.0
12.58	-9.029	-13.814	-29.6
12.59	-9.029	-13.994	-59.1
12.6	-9.033	-13.441	-72.3
12.61	-9.038	-12.345	-78.5
12.62	-9.044	-11.577	-82.7
12.63	-9.049	-11.822	-82.4
12.64	-9.053	-13.003	-80.1
12.65	-9.054	-14.691	-81.3
12.66	-9.053	-16.613	-82.3
12.67	-9.051	-18.331	-80.4
12.68	-9.047	-19.250	-76.0
12.69	-9.044	-19.269	-71.7
12.7	-9.041	-18.692	-67.9
12.71	-9.039	-17.694	-66.8
12.72	-9.039	-16.620	-65.2
12.73	-9.039	-16.116	-62.4
12.74	-9.042	-16.359	-59.9
12.75	-9.046	-16.861	-57.4
12.76	-9.052	-17.155	-54.9
12.77	-9.058	-17.077	-55.6
12.78	-9.063	-16.731	-55.3
12.79	-9.067	-16.439	-53.4
12.8	-9.071	-16.230	-53.2
12.81	-9.075	-15.877	-54.9
12.82	-9.079	-15.603	-55.9
12.83	-9.083	-15.777	-56.1
12.84	-9.088	-16.103	-53.3
12.85	-9.093	-16.078	-51.6
12.86	-9.099	-15.734	-51.5
12.87	-9.105	-15.377	-51.1
12.88	-9.111	-15.206	-50.6
12.89	-9.116	-15.448	-50.5
12.9	-9.121	-16.088	-49.0
12.91	-9.125	-16.489	-47.6
12.92	-9.128	-16.195	-45.3
12.93	-9.131	-15.455	-39.9
12.94	-9.134	-14.609	-17.7
12.95	-9.136	-13.822	17.4
12.96	-9.138	-13.183	31.1
12.97	-9.139	-12.780	23.1
12.98	-9.140	-12.705	20.2
12.99	-9.141	-13.002	15.5
13.0	-9.141	-13.658	-11.1
13.01	-9.141	-14.355	-44.1
13.02	-9.143	-14.552	-55.0
13.03	-9.146	-14.206	-56.3
13.04	-9.152	-13.813	-57.5
13.05	-9.162	-13.653	-61.8
13.06	-9.176	-13.567	-22.3
13.07	-9.191	-13.398	160.6
13.08	-9.206	-13.175	323.7
13.09	-9.222	-12.748	207.0
13.1	-9.240	-12.027	-48.7
13.11	-9.259	-11.228	-165.1
13.12	-9.276	-10.566	-124.8
13.13	-9.291	-10.139	-71.8
13.14	-9.304	-9.955	-55.3
13.15	-9.318	-9.933	-49.8
13.16	-9.333	-9.884	-47.2
13.17	-9.348	-9.498	-46.8
13.18	-9.360	-8.489	-45.8
13.19	-9.371	-6.498	-42.2
13.2	-9.382	-2.725	-35.4
13.21	-9.393	3.320	-30.5
13.22	-9.406	10.242	-24.8
13.23	-9.422	15.556	-17.0
13.24	-9.441	18.030	-6.9
13.25	-9.461	18.152	4.0
13.26	-9.481	16.727	18.6
13.27	-9.501	13.941	37.0
13.28	-9.520	9.853	58.7
13.29	-9.540	4.995	85.4
13.3	-9.560	0.053	117.0
13.31	-9.581	-4.470	145.9
13.32	-9.602	-8.175	169.6
13.33	-9.623	-10.716	181.5
13.34	-9.644	-12.041	168.2
13.35	-9.664	-12.373	123.9
13.36	-9.684	-11.870	60.9
13.37	-9.704	-10.880	0.1
13.38	-9.724	-10.072	-43.1
13.39	-9.744	-9.750	-67.8
13.4	-9.764	-9.506	-80.6
13.41	-9.785	-9.059	-85.7
13.42	-9.807	-8.995	-85.5
13.43	-9.829	-10.016	-85.7
13.44	-9.850	-11.969	-84.7
13.45	-9.868	-14.245	-82.4
13.46	-9.884	-16.608	-79.5
13.47	-9.898	-18.945	-79.1
13.48	-9.912	-20.798	-77.0
13.49	-9.924	-21.702	-74.2
13.5	-9.938	-21.531	-73.4
13.51	-9.951	-20.423	-72.1
13.52	-9.965	-18.783	-71.3
13.53	-9.979	-17.131	-69.8
13.54	-9.994	-15.961	-67.2
13.55	-10.011	-15.613	-66.6
13.56	-10.028	-15.944	-64.6
13.57	-10.044	-16.466	-62.5
13.58	-10.060	-16.945	-59.9
13.59	-10.076	-17.405	-60.5
13.6	-10.091	-17.663	-62.0
13.61	-10.107	-17.491	-59.5
13.62	-10.123	-17.048	-57.5
13.63	-10.138	-16.602	-57.3
13.64	-10.154	-16.183	-57.0
13.65	-10.170	-15.750	-56.9
13.66	-10.186	-15.398	-54.5
13.67	-10.200	-15.159	-53.0
13.68	-10.214	-14.819	-51.9
13.69	-10.228	-14.313	-51.3
13.7	-10.240	-13.944	-50.4
13.71	-10.252	-13.880	-49.9
13.72	-10.264	-13.795	-45.5
13.73	-10.276	-13.405	-24.5
13.74	-10.287	-12.902	9.5
13.75	-10.297	-12.456	27.2
13.76	-10.308	-11.953	24.1
13.77	-10.316	-11.381	22.0
13.78	-10.324	-10.995	17.3
13.79	-10.333	-10.958	-10.3
13.8	-10.339	-11.097	-42.3
13.81	-10.344	-11.108	-55.1
13.82	-10.346	-10.894	-54.6
13.83	-10.348	-10.614	-53.2
13.84	-10.353	-10.497	-52.9
13.85	-10.362	-10.755	-28.2
13.86	-10.374	-11.280	126.7
13.87	-10.384	-11.569	300.3
13.88	-10.386	-11.328	206.0
13.89	-10.384	-10.911	-58.0
13.9	-10.381	-10.813	-195.9
13.91	-10.374	-10.981	-152.2
13.92	-10.364	-11.264	-70.3
13.93	-10.350	-11.761	-41.0
13.94	-10.338	-12.405	-37.8
13.95	-10.331	-12.906	-37.0
13.96	-10.327	-13.033	-33.3
13.97	-10.320	-12.567	-31.0
13.98	-10.309	-11.202	-27.8
13.99	-10.293	-8.334	-22.4
14.0	-10.272	-3.245	-16.7
14.01	-10.248	3.606	-10.8
14.02	-10.224	10.077	-2.4
14.03	-10.201	14.081	7.7
14.04	-10.176	15.058	19.8
14.05	-10.148	13.486	34.0
14.06	-10.116	10.081	52.2
14.07	-10.080	5.713	74.1
14.08	-10.041	1.173	101.4
14.09	-10.002	-3.219	132.5
14.1	-9.963	-7.267	162.6
14.11	-9.924	-10.559	186.4
14.12	-9.886	-12.892	200.1
14.13	-9.848	-14.444	190.6
14.14	-9.812	-15.342	146.9
14.15	-9.776	-15.666	79.2
14.16	-9.741	-15.678	13.2
14.17	-9.707	-15.494	-36.7
14.18	-9.676	-14.880	-66.0
14.19	-9.647	-13.842	-80.6
14.2	-9.621	-12.972	-86.5
14.21	-9.598	-12.991	-87.4
14.22	-9.577	-14.006	-87.5
14.23	-9.557	-15.508	-87.3
14.24	-9.536	-17.069	-86.0
14.25	-9.513	-18.473	-85.6
14.26	-9.487	-19.488	-83.3
14.27	-9.461	-19.922	-78.3
14.28	-9.435	-19.781	-72.7
14.29	-9.411	-19.256	-69.1
14.3	-9.389	-18.711	-66.7
14.31	-9.371	-18.558	-64.6
14.32	-9.355	-18.834	-61.6
14.33	-9.340	-18.917	-59.2
14.34	-9.327	-18.120	-57.9
14.35	-9.313	-16.523	-58.0
14.36	-9.301	-14.808	-57.0
14.37	-9.288	-13.403	-55.9
14.38	-9.277	-12.311	-55.5
14.39	-9.268	-11.627	-55.1
14.4	-9.260	-11.569	-54.7
14.41	-9.253	-11.955	-54.9
14.42	-9.247	-12.297	-53.8
14.43	-9.241	-12.341	-53.8
14.44	-9.235	-12.209	-53.0
14.45	-9.229	-12.083	-51.2
14.46	-9.223	-11.978	-50.3
14.47	-9.216	-11.952	-50.6
14.48	-9.209	-12.252	-49.7
14.49	-9.202	-12.989	-48.1
14.5	-9.194	-13.791	-45.8
14.51	-9.188	-14.191	-41.6
14.52	-9.182	-14.147	-23.4
14.53	-9.176	-13.909	10.2
14.54	-9.171	-13.689	30.3
14.55	-9.166	-13.578	27.0
14.56	-9.161	-13.527	23.2
14.57	-9.158	-13.416	20.1
14.58	-9.152	-13.169	-2.0
14.59	-9.147	-12.788	-36.5
14.6	-9.140	-12.295	-51.8
14.61	-9.132	-11.684	-51.5
14.62	-9.124	-11.033	-51.1
14.63	-9.120	-10.706	-53.8
14.64	-9.121	-11.092	-34.8
14.65	-9.124	-12.014	112.0
14.66	-9.127	-12.830	301.8
14.67	-9.125	-13.088	246.2
14.68	-9.119	-12.902	-3.4
14.69	-9.112	-12.558	-156.5
14.7	-9.103	-12.081	-134.4
14.71	-9.092	-11.658	-70.8
14.72	-9.082	-11.761	-46.6
14.73	-9.074	-12.380	-42.0
14.74	-9.070	-12.883	-40.3
14.75	-9.066	-12.825	-37.9
14.76	-9.061	-12.166	-34.9
14.77	-9.054	-10.444	-32.0
14.78	-9.043	-6.691	-28.0
14.79	-9.033	-0.791	-21.8
14.8	-9.023	5.670	-13.6
14.81	-9.016	10.658	-6.1
14.82	-9.010	13.066	2.2
14.83	-9.004	12.786	13.8
14.84	-8.999	10.394	28.0
14.85	-8.992	6.805	44.5
14.86	-8.986	2.892	66.7
14.87	-8.981	-0.920	92.8
14.88	-8.977	-4.631	122.5
14.89	-8.974	-8.130	153.1
14.9	-8.971	-10.995	178.7
14.91	-8.970	-12.920	192.5
14.92	-8.969	-13.950	184.8
14.93	-8.969	-14.223	145.8
14.94	-8.969	-13.942	85.3
14.95	-8.970	-13.402	23.6
14.96	-8.972	-12.692	-24.3
14.97	-8.974	-11.772	-53.7
14.98	-8.980	-10.777	-66.9
14.99	-8.989	-10.000	-71.7
15.0	-8.998	-9.828	-72.9
15.01	-9.005	-10.505	-72.2
15.02	-9.010	-11.753	-71.6
15.03	-9.013	-13.078	-71.3
15.04	-9.013	-14.366	-69.6
15.05	-9.012	-15.631	-68.3
15.06	-9.009	-16.681	-66.5
15.07	-9.006	-17.359	-64.5
15.08	-9.004	-17.623	-62.5
15.09	-9.002	-17.408	-60.5
15.1	-9.003	-16.838	-58.1
15.11	-9.007	-16.155	-58.0
15.12	-9.013	-15.403	-59.9
15.13	-9.019	-14.609	-56.8
15.14	-9.026	-13.953	-51.1
15.15	-9.034	-13.623	-50.5
15.16	-9.041	-13.702	-50.1
15.17	-9.048	-14.102	-49.8
15.18	-9.056	-14.631	-49.6
15.19	-9.063	-15.202	-48.6
15.2	-9.070	-15.870	-47.3
15.21	-9.077	-16.480	-47.1
15.22	-9.084	-16.634	-47.0
15.23	-9.090	-16.270	-46.8
15.24	-9.097	-15.822	-45.2
15.25	-9.103	-15.634	-44.1
15.26	-9.109	-15.539	-43.7
15.27	-9.116	-15.297	-42.9
15.28	-9.120	-15.003	-41.6
15.29	-9.124	-14.741	-41.5
15.3	-9.126	-14.416	-41.0
15.31	-9.127	-13.966	-40.6
15.32	-9.128	-13.484	-39.8
15.33	-9.129	-13.158	-39.0
15.34	-9.131	-13.077	-38.5
15.35	-9.133	-13.194	-38.3
15.36	-9.135	-13.406	-35.3
15.37	-9.137	-13.652	-23.0
15.38	-9.139	-13.845	6.6
15.39	-9.141	-13.797	35.4
15.4	-9.143	-13.344	39.2
15.41	-9.144	-12.614	31.7
15.42	-9.144	-11.963	30.6
15.43	-9.144	-11.648	19.2
15.44	-9.143	-11.720	-13.2
15.45	-9.141	-12.067	-41.2
15.46	-9.139	-12.598	-48.0
15.47	-9.139	-13.161	-48.6
15.48	-9.139	-13.380	-48.7
15.49	-9.142	-13.048	-51.9
15.5	-9.147	-12.353	5.8
15.51	-9.151	-11.630	213.6
15.52	-9.152	-11.142	349.8
15.53	-9.156	-10.931	185.0
15.54	-9.161	-10.983	-71.3
15.55	-9.165	-11.255	-159.0
15.56	-9.164	-11.669	-107.5
15.57	-9.156	-12.306	-60.5
15.58	-9.144	-13.206	-47.4
15.59	-9.132	-14.014	-43.7
15.6	-9.119	-14.148	-42.5
15.61	-9.105	-13.372	-41.4
15.62	-9.090	-11.684	-38.6
15.63	-9.075	-8.445	-35.8
15.64	-9.062	-2.878	-31.8
15.65	-9.053	4.261	-26.2
15.66	-9.047	10.938	-19.8
15.67	-9.044	15.627	-12.3
15.68	-9.042	17.870	-2.2
15.69	-9.041	17.841	9.9
15.7	-9.039	15.947	24.3
15.71	-9.037	12.491	43.0
15.72	-9.037	7.834	66.8
15.73	-9.037	2.714	94.4
15.74	-9.039	-2.094	125.3
15.75	-9.042	-6.167	154.3
15.76	-9.047	-9.316	176.2
15.77	-9.054	-11.289	185.1
15.78	-9.063	-12.053	170.2
15.79	-9.074	-11.933	124.1
15.8	-9.088	-11.550	60.7
15.81	-9.104	-11.384	2.8
15.82	-9.122	-11.120	-37.6
15.83	-9.143	-10.245	-62.4
15.84	-9.167	-8.958	-74.1
15.85	-9.193	-7.816	-79.0
15.86	-9.218	-7.316	-81.1
15.87	-9.241	-7.816	-80.8
15.88	-9.261	-9.088	-79.3
15.89	-9.280	-10.394	-77.3
15.9	-9.298	-11.405	-76.3
15.91	-9.316	-12.534	-77.0
15.92	-9.333	-14.017	-75.2
15.93	-9.351	-15.341	-72.4
15.94	-9.369	-15.838	-69.6
15.95	-9.388	-15.434	-67.9
15.96	-9.406	-14.733	-67.7
15.97	-9.426	-14.275	-66.2
15.98	-9.447	-13.963	-64.3
15.99	-9.469	-13.536	-65.5
16.0	-9.490	-13.177	-66.5
16.01	-9.511	-13.181	-65.3
16.02	-9.531	-13.464	-63.9
16.03	-9.551	-13.770	-64.3
16.04	-9.572	-13.961	-63.1
16.05	-9.594	-13.948	-60.2
16.06	-9.615	-13.730	-58.6
16.07	-9.636	-13.473	-58.8
16.08	-9.656	-13.389	-58.0
16.09	-9.677	-13.488	-56.3
16.1	-9.697	-13.561	-55.2
16.11	-9.717	-13.520	-55.5
16.12	-9.737	-13.520	-57.8
16.13	-9.756	-13.633	-58.9
16.14	-9.774	-13.728	-55.1
16.15	-9.793	-13.656	-52.1
16.16	-9.810	-13.477	-50.8
16.17	-9.827	-13.327	-50.2
16.18	-9.843	-13.142	-50.6
16.19	-9.858	-12.900	-50.2
16.2	-9.873	-12.797	-49.4
16.21	-9.888	-13.038	-48.2
16.22	-9.902	-13.673	-47.3
16.23	-9.916	-14.523	-49.1
16.24	-9.929	-15.322	-47.7
16.25	-9.943	-15.884	-41.2
16.26	-9.957	-16.117	-23.2
16.27	-9.971	-15.873	9.1
16.28	-9.984	-15.055	29.1
16.29	-9.998	-13.827	25.9
16.3	-10.009	-12.491	22.9
16.31	-10.021	-11.316	20.8
16.32	-10.033	-10.364	-1.4
16.33	-10.043	-9.531	-34.6
16.34	-10.053	-8.886	-51.5
16.35	-10.061	-8.636	-53.0
16.36	-10.069	-8.822	-53.3
16.37	-10.078	-9.252	-53.8
16.38	-10.093	-9.809	-43.9
16.39	-10.112	-10.422	72.8
16.4	-10.129	-10.888	274.2
16.41	-10.140	-11.094	272.6
16.42	-10.144	-11.195	31.5
16.43	-10.146	-11.500	-160.4
16.44	-10.147	-12.055	-162.7
16.45	-10.145	-12.592	-88.6
16.46	-10.143	-12.956	-51.0
16.47	-10.143	-13.055	-44.6
16.48	-10.147	-12.767	-43.4
16.49	-10.152	-12.080	-40.7
16.5	-10.154	-11.047	-37.4
16.51	-10.154	-9.381	-34.2
16.52	-10.152	-6.178	-29.9
16.53	-10.148	-0.591	-23.6
16.54	-10.142	6.894	-17.1
16.55	-10.139	14.295	-12.5
16.56	-10.138	19.628	-5.3
16.57	-10.141	22.222	5.9
16.58	-10.144	22.589	19.4
16.59	-10.146	21.277	35.3
16.6	-10.149	18.394	55.9
16.61	-10.151	14.166	81.0
16.62	-10.153	9.155	108.5
16.63	-10.156	3.828	137.3
16.64	-10.158	-1.547	162.5
16.65	-10.161	-6.322	179.4
16.66	-10.164	-9.509	182.6
16.67	-10.168	-10.720	158.4
16.68	-10.172	-10.473	103.2
16.69	-10.177	-9.581	35.3
16.7	-10.181	-8.669	-22.2
16.71	-10.184	-8.077	-57.8
16.72	-10.188	-7.905	-75.7
16.73	-10.193	-8.064	-85.0
16.74	-10.197	-8.733	-86.9
16.75	-10.203	-10.323	-86.6
16.76	-10.208	-12.561	-87.0
16.77	-10.213	-14.641	-86.6
16.78	-10.216	-16.233	-84.0
16.79	-10.216	-17.498	-82.1
16.8	-10.215	-18.534	-81.3
16.81	-10.214	-19.322	-76.7
16.82	-10.213	-19.839	-71.5
16.83	-10.213	-19.947	-69.8
16.84	-10.214	-19.564	-68.3
16.85	-10.217	-18.850	-64.6
16.86	-10.222	-17.913	-61.9
16.87	-10.227	-16.589	-61.7
16.88	-10.233	-14.942	-60.2
16.89	-10.238	-13.481	-59.6
16.9	-10.244	-12.484	-59.7
16.91	-10.251	-11.773	-59.1
16.92	-10.258	-11.084	-58.2
16.93	-10.264	-10.313	-57.5
16.94	-10.272	-9.648	-57.3
16.95	-10.280	-9.316	-57.5
16.96	-10.289	-9.188	-57.4
16.97	-10.297	-9.083	-56.4
16.98	-10.304	-9.186	-55.9
16.99	-10.311	-9.736	-54.9
17.0	-10.316	-10.555	-53.3
17.01	-10.320	-11.225	-51.8
17.02	-10.321	-11.469	-50.2
17.03	-10.320	-11.317	-50.3
17.04	-10.316	-11.044	-48.6
17.05	-10.308	-10.872	-47.3
17.06	-10.297	-10.938	-47.6
17.07	-10.281	-11.378	-45.7
17.08	-10.261	-12.206	-39.9
17.09	-10.238	-13.202	-17.3
17.1	-10.212	-13.884	15.8
17.11	-10.183	-13.769	28.6
17.12	-10.151	-12.786	24.4
17.13	-10.116	-11.319	21.4
17.14	-10.080	-9.942	11.9
17.15	-10.043	-9.105	-16.6
17.16	-10.004	-8.864	-43.9
17.17	-9.964	-9.048	-51.7
17.18	-9.922	-9.622	-51.2
17.19	-9.883	-10.616	-50.9
17.2	-9.846	-11.909	-51.0
17.21	-9.814	-13.289	-27.4
17.22	-9.786	-14.441	121.3
17.23	-9.756	-14.916	283.5
17.24	-9.718	-14.448	185.1
17.25	-9.678	-13.345	-70.3
17.26	-9.639	-12.295	-199.1
17.27	-9.602	-11.705	-153.5
17.28	-9.565	-11.602	-70.7
17.29	-9.531	-11.941	-36.4
17.3	-9.500	-12.611	-31.5
17.31	-9.472	-13.369	-31.7
17.32	-9.446	-14.005	-30.0
17.33	-9.419	-14.333	-26.9
17.34	-9.391	-13.802	-22.4
17.35	-9.361	-11.367	-17.8
17.36	-9.330	-6.183	-11.7
17.37	-9.300	1.302	-4.5
17.38	-9.273	9.162	2.0
17.39	-9.250	15.461	10.6
17.4	-9.230	19.455	23.6
17.41	-9.211	21.219	39.3
17.42	-9.194	20.925	56.9
17.43	-9.178	18.672	79.5
17.44	-9.163	14.739	108.0
17.45	-9.149	9.780	139.5
17.46	-9.135	4.466	171.6
17.47	-9.123	-0.719	198.0
17.48	-9.111	-5.206	210.3
17.49	-9.101	-8.489	199.6
17.5	-9.092	-10.588	157.6
17.51	-9.085	-11.952	91.3
17.52	-9.079	-12.788	23.3
17.53	-9.074	-13.052	-27.3
17.54	-9.070	-12.867	-58.0
17.55	-9.068	-12.394	-75.1
17.56	-9.066	-11.739	-81.2
17.57	-9.066	-11.345	-82.3
17.58	-9.069	-11.736	-83.1
17.59	-9.071	-12.739	-82.8
17.6	-9.072	-13.959	-80.9
17.61	-9.071	-15.644	-78.7
17.62	-9.067	-17.919	-77.3
17.63	-9.060	-19.964	-73.7
17.64	-9.053	-20.772	-69.7
17.65	-9.045	-20.181	-67.4
17.66	-9.039	-18.756	-63.5
17.67	-9.036	-17.173	-61.0
17.68	-9.034	-16.047	-59.8
17.69	-9.033	-15.709	-56.7
17.7	-9.034	-15.906	-55.5
17.71	-9.034	-16.194	-56.3
17.72	-9.033	-16.459	-56.9
17.73	-9.033	-16.730	-55.4
17.74	-9.033	-16.842	-53.7
17.75	-9.034	-16.584	-53.0
17.76	-9.036	-15.984	-51.5
17.77	-9.038	-15.202	-53.1
17.78	-9.040	-14.442	-54.8
17.79	-9.043	-13.988	-52.3
17.8	-9.044	-13.928	-49.8
17.81	-9.047	-14.166	-48.7
17.82	-9.050	-14.659	-48.9
17.83	-9.053	-15.294	-49.0
17.84	-9.054	-15.633	-48.7
17.85	-9.056	-15.252	-47.5
17.86	-9.057	-14.345	-44.6
17.87	-9.058	-13.533	-43.2
17.88	-9.058	-13.098	-42.6
17.89	-9.059	-12.939	-42.8
17.9	-9.059	-12.933	-42.3
17.91	-9.061	-12.911	-34.4
17.92	-9.063	-12.744	-9.5
17.93	-9.064	-12.605	23.5
17.94	-9.066	-12.628	34.3
17.95	-9.066	-12.653	26.6
17.96	-9.066	-12.633	25.4
17.97	-9.065	-12.789	21.3
17.98	-9.064	-13.083	-6.2
17.99	-9.064	-13.039	-38.7
18.0	-9.063	-12.522	-52.6
18.01	-9.061	-11.991	-51.7
18.02	-9.060	-11.658	-47.5
18.03	-9.062	-11.355	-50.3
18.04	-9.067	-11.178	-21.3
18.05	-9.074	-11.256	154.6
18.06	-9.079	-11.392	336.9
18.07	-9.082	-11.361	238.5
18.08	-9.084	-11.223	-21.0
18.09	-9.085	-11.044	-151.4
18.1	-9.082	-10.734	-120.0
18.11	-9.074	-10.505	-66.0
18.12	-9.064	-10.708	-48.5
18.13	-9.056	-11.273	-44.4
18.14	-9.051	-11.770	-43.0
18.15	-9.047	-11.778	-42.9
18.16	-9.045	-10.975	-40.1
18.17	-9.041	-8.831	-33.5
18.18	-9.036	-4.456	-29.5
18.19	-9.030	2.739	-25.3
18.2	-9.025	11.784	-18.1
18.21	-9.022	20.473	-10.1
18.22	-9.019	27.072	-2.2
18.23	-9.017	30.956	7.2
18.24	-9.014	32.052	20.3
18.25	-9.012	30.466	38.3
18.26	-9.009	26.452	59.8
18.27	-9.009	20.533	85.7
18.28	-9.010	13.728	115.1
18.29	-9.012	7.266	143.2
18.3	-9.015	1.905	167.6
18.31	-9.020	-2.113	184.0
18.32	-9.027	-4.742	177.4
18.33	-9.036	-6.167	138.1
18.34	-9.046	-6.892	77.8
18.35	-9.059	-7.422	18.2
18.36	-9.073	-7.881	-27.8
18.37	-9.092	-8.156	-57.0
18.38	-9.115	-8.103	-70.5
18.39	-9.143	-7.614	-73.7
18.4	-9.172	-6.977	-74.0
18.41	-9.202	-6.989	-74.1
18.42	-9.231	-8.284	-74.3
18.43	-9.258	-10.505	-73.1
18.44	-9.283	-12.864	-71.1
18.45	-9.305	-15.305	-68.8
18.46	-9.327	-17.948	-67.3
18.47	-9.348	-20.080	-66.8
18.48	-9.369	-20.925	-64.5
18.49	-9.391	-20.650	-62.7
18.5	-9.413	-19.873	-63.3
18.51	-9.436	-18.897	-63.4
18.52	-9.461	-17.870	-61.8
18.53	-9.486	-17.012	-58.6
18.54	-9.511	-16.291	-57.7
18.55	-9.536	-15.522	-57.5
18.56	-9.559	-14.780	-56.2
18.57	-9.582	-14.238	-55.3
18.58	-9.604	-13.863	-54.4
18.59	-9.626	-13.645	-52.5
18.6	-9.648	-13.756	-52.0
18.61	-9.671	-14.178	-52.4
18.62	-9.693	-14.620	-50.3
18.63	-9.716	-14.988	-49.2
18.64	-9.738	-15.364	-51.0
18.65	-9.759	-15.681	-51.6
18.66	-9.780	-15.861	-49.8
18.67	-9.799	-15.811	-48.1
18.68	-9.818	-15.478	-46.8
18.69	-9.836	-15.106	-45.2
18.7	-9.853	-14.947	-45.4
18.71	-9.871	-14.838	-45.4
18.72	-9.888	-14.647	-44.3
18.73	-9.904	-14.702	-44.2
18.74	-9.919	-15.148	-42.2
18.75	-9.935	-15.502	-37.5
18.76	-9.951	-15.567	-28.8
18.77	-9.966	-15.775	-1.3
18.78	-9.981	-16.084	27.7
18.79	-9.995	-15.836	31.7
18.8	-10.009	-14.941	25.9
18.81	-10.023	-13.981	25.7
18.82	-10.036	-13.234	13.4
18.83	-10.049	-12.719	-19.4
18.84	-10.061	-12.627	-45.4
18.85	-10.071	-12.873	-49.9
18.86	-10.079	-13.016	-49.1
18.87	-10.089	-12.834	-50.0
18.88	-10.103	-12.453	-49.2
18.89	-10.123	-12.023	37.4
18.9	-10.144	-11.691	241.8
18.91	-10.159	-11.547	304.9
18.92	-10.168	-11.438	96.6
18.93	-10.172	-11.230	-130.9
18.94	-10.178	-10.728	-172.9
18.95	-10.181	-8.213	-102.3
18.96	-10.183	-3.450	-54.8
18.97	-10.187	-0.706	-41.3
18.98	-10.194	-0.345	-37.1
18.99	-10.203	0.731	-35.7
19.0	-10.211	1.313	-35.8
19.01	-10.216	-1.281	-34.6
19.02	-10.217	-4.108	-30.1
19.03	-10.217	-2.938	-23.8
19.04	-10.215	1.098	-17.1
19.05	-10.214	6.558	-10.0
19.06	-10.217	12.541	-1.0
19.07	-10.222	17.420	10.3
19.08	-10.227	20.270	22.0
19.09	-10.232	21.222	34.9
19.1	-10.236	20.375	54.2
19.11	-10.239	16.833	82.2
19.12	-10.241	11.694	111.1
19.13	-10.244	7.013	139.2
19.14	-10.248	2.656	165.9
19.15	-10.253	-1.538	185.0
19.16	-10.259	-5.130	189.9
19.17	-10.267	-7.853	168.9
19.18	-10.276	-9.556	115.2
19.19	-10.284	-10.264	47.0
19.2	-10.291	-10.377	-11.5
19.21	-10.299	-10.380	-49.6
19.22	-10.306	-10.391	-70.7
19.23	-10.314	-10.336	-80.0
19.24	-10.322	-10.419	-81.7
19.25	-10.331	-11.083	-82.6
19.26	-10.339	-12.420	-84.1
19.27	-10.347	-14.095	-82.7
19.28	-10.353	-15.978	-81.3
19.29	-10.356	-18.120	-80.7
19.3	-10.356	-20.277	-78.0
19.31	-10.354	-21.909	-73.7
19.32	-10.350	-22.591	-69.0
19.33	-10.346	-22.411	-66.5
19.34	-10.341	-21.872	-65.3
19.35	-10.336	-21.275	-61.7
19.36	-10.329	-20.564	-58.8
19.37	-10.319	-19.708	-56.5
19.38	-10.306	-18.709	-54.6
19.39	-10.286	-17.408	-54.3
19.4	-10.261	-15.795	-55.4
19.41	-10.230	-14.208	-55.7
19.42	-10.197	-12.884	-53.7
19.43	-10.162	-11.808	-52.4
19.44	-10.128	-11.105	-53.6
19.45	-10.093	-11.127	-52.7
19.46	-10.059	-11.898	-51.6
19.47	-10.025	-12.955	-51.9
19.48	-9.991	-13.816	-51.6
19.49	-9.956	-14.283	-49.7
19.5	-9.922	-14.464	-49.4
19.51	-9.889	-14.600	-50.9
19.52	-9.857	-14.775	-50.0
19.53	-9.826	-14.966	-46.4
19.54	-9.796	-15.194	-43.9
19.55	-9.766	-15.452	-27.2
19.56	-9.737	-15.602	8.5
19.57	-9.709	-15.564	29.7
19.58	-9.681	-15.458	27.8
19.59	-9.654	-15.486	25.8
19.6	-9.627	-15.720	22.0
19.61	-9.602	-16.055	-0.9
19.62	-9.576	-16.305	-33.2
19.63	-9.551	-16.373	-49.6
19.64	-9.526	-16.213	-51.3
19.65	-9.501	-15.706	-53.1
19.66	-9.479	-14.927	-53.1
19.67	-9.463	-14.250	-44.8
19.68	-9.451	-13.923	57.1
19.69	-9.441	-14.017	257.2
19.7	-9.424	-14.469	266.8
19.71	-9.402	-14.830	25.9
19.72	-9.380	-14.684	-169.9
19.73	-9.357	-14.217	-172.8
19.74	-9.335	-13.892	-92.0
19.75	-9.313	-13.869	-45.7
19.76	-9.294	-14.066	-35.7
19.77	-9.278	-14.423	-36.9
19.78	-9.263	-14.905	-34.5
19.79	-9.247	-15.302	-29.1
19.8	-9.229	-15.055	-26.6
19.81	-9.208	-13.356	-22.7
19.82	-9.186	-9.366	-17.2
19.83	-9.162	-2.933	-11.0
19.84	-9.141	4.755	-5.2
19.85	-9.123	11.814	4.5
19.86	-9.107	16.908	17.8
19.87	-9.092	19.692	31.5
19.88	-9.078	20.259	46.5
19.89	-9.065	18.625	67.2
19.9	-9.052	15.075	95.1
19.91	-9.041	10.303	126.5
19.92	-9.030	4.848	160.1
19.93	-9.020	-0.841	190.6
19.94	-9.011	-5.894	208.8
19.95	-9.003	-9.520	206.2
19.96	-8.996	-11.711	169.4
19.97	-8.989	-12.880	106.0
19.98	-8.984	-13.327	36.1
19.99	-8.980	-13.258	-20.6
20.0	-8.978	-13.008	-56.8
20.01	-8.977	-12.819	-76.0
20.02	-8.978	-12.694	-81.8
20.03	-8.979	-12.728	-81.7
20.04	-8.981	-13.302	-82.6
20.05	-8.984	-14.589	-83.1
20.06	-8.987	-16.167	-83.0
20.07	-8.987	-17.619	-81.1
20.08	-8.984	-18.956	-79.1
20.09	-8.979	-20.213	-77.5
20.1	-8.974	-21.281	-75.5
20.11	-8.968	-21.988	-72.6
20.12	-8.963	-21.988	-68.5
20.13	-8.960	-21.213	-65.8
20.14	-8.958	-20.094	-62.9
20.15	-8.957	-18.887	-56.4
20.16	-8.957	-17.634	-54.0
20.17	-8.959	-16.620	-54.3
20.18	-8.959	-16.144	-54.3
20.19	-8.961	-16.250	-54.6
20.2	-8.963	-16.939	-53.5
20.21	-8.964	-18.163	-51.9
20.22	-8.966	-19.445	-51.3
20.23	-8.967	-20.114	-50.8
20.24	-8.969	-20.003	-51.7
20.25	-8.973	-19.514	-52.1
20.26	-8.977	-18.994	-52.6
20.27	-8.981	-18.586	-50.8
20.28	-8.984	-18.528	-47.4
20.29	-8.988	-18.897	-46.3
20.3	-8.990	-19.286	-47.7
20.31	-8.991	-19.192	-47.6
20.32	-8.991	-18.500	-44.7
20.33	-8.992	-17.411	-42.8
20.34	-8.995	-16.289	-42.5
20.35	-8.997	-15.484	-41.6
20.36	-8.999	-15.002	-40.9
20.37	-9.001	-14.736	-39.6
20.38	-9.002	-14.864	-28.8
20.39	-9.004	-15.295	1.8
20.4	-9.006	-15.455	30.7
20.41	-9.007	-15.147	35.5
20.42	-9.008	-14.786	30.4
20.43	-9.009	-14.514	30.2
20.44	-9.009	-14.091	20.3
20.45	-9.008	-13.723	-9.7
20.46	-9.006	-13.817	-37.5
20.47	-9.004	-14.084	-44.8
20.48	-9.003	-13.966	-45.6
20.49	-9.003	-13.594	-47.1
20.5	-9.006	-13.541	-49.4
20.51	-9.013	-13.788	18.9
20.52	-9.020	-13.733	223.3
20.53	-9.025	-13.275	334.9
20.54	-9.029	-12.958	164.0
20.55	-9.034	-13.097	-73.5
20.56	-9.038	-13.483	-143.7
20.57	-9.037	-14.098	-92.9
20.58	-9.031	-15.380	-53.3
20.59	-9.021	-16.998	-43.0
20.6	-9.013	-17.780	-40.8
20.61	-9.006	-17.389	-39.5
20.62	-9.001	-16.486	-38.2
20.63	-8.998	-14.977	-36.4
20.64	-8.993	-11.456	-32.0
20.65	-8.988	-4.911	-25.4
20.66	-8.981	3.817	-21.0
20.67	-8.976	12.611	-15.6
20.68	-8.974	19.544	-7.9
20.69	-8.973	23.528	1.5
20.7	-8.971	24.367	12.9
20.71	-8.969	22.497	27.8
20.72	-8.967	18.564	45.4
20.73	-8.966	13.364	68.5
20.74	-8.966	7.733	98.2
20.75	-8.966	2.289	129.9
20.76	-8.968	-2.530	157.5
20.77	-8.971	-6.352	179.0
20.78	-8.974	-8.881	187.9
20.79	-8.978	-10.228	170.5
20.8	-8.984	-11.098	121.3
20.81	-8.993	-12.009	58.2
20.82	-9.006	-12.642	1.5
20.83	-9.024	-12.544	-39.0
20.84	-9.046	-11.934	-61.0
20.85	-9.072	-11.292	-69.5
20.86	-9.104	-10.708	-72.3
20.87	-9.136	-10.347	-73.1
20.88	-9.166	-10.925	-73.0
20.89	-9.194	-12.720	-70.2
20.9	-9.219	-14.931	-68.8
20.91	-9.243	-16.825	-69.0
20.92	-9.266	-18.509	-69.6
20.93	-9.287	-20.202	-66.0
20.94	-9.310	-21.564	-61.3
20.95	-9.334	-22.080	-60.4
20.96	-9.360	-21.548	-60.8
20.97	-9.387	-20.258	-60.2
20.98	-9.414	-18.791	-58.0
20.99	-9.442	-17.563	-55.2
21.0	-9.469	-16.719	-57.2
21.01	-9.498	-16.275	-58.3
21.02	-9.524	-16.236	-53.9
21.03	-9.551	-16.517	-50.6
21.04	-9.576	-16.766	-51.7
21.05	-9.600	-16.692	-53.1
21.06	-9.625	-16.317	-52.6
21.07	-9.650	-15.755	-50.4
21.08	-9.675	-15.128	-50.6
21.09	-9.701	-14.628	-51.6
21.1	-9.726	-14.448	-49.2
21.11	-9.751	-14.547	-46.6
21.12	-9.774	-14.739	-47.3
21.13	-9.797	-14.984	-46.2
21.14	-9.819	-15.280	-45.6
21.15	-9.839	-15.528	-45.6
21.16	-9.859	-15.673	-45.1
21.17	-9.879	-15.761	-43.6
21.18	-9.899	-15.842	-43.3
21.19	-9.919	-15.895	-43.5
21.2	-9.938	-15.806	-42.1
21.21	-9.956	-15.511	-39.5
21.22	-9.973	-15.153	-37.8
21.23	-9.991	-14.952	-33.3
21.24	-10.007	-14.858	-13.5
21.25	-10.023	-14.642	19.3
21.26	-10.039	-14.339	34.5
21.27	-10.054	-14.198	30.0
21.28	-10.069	-14.178	27.0
21.29	-10.083	-13.936	20.9
21.3	-10.097	-13.558	-4.1
21.31	-10.109	-13.439	-32.7
21.32	-10.120	-13.445	-45.4
21.33	-10.129	-13.156	-45.7
21.34	-10.138	-12.550	-44.4
21.35	-10.151	-11.875	-48.0
21.36	-10.169	-11.281	-17.3
21.37	-10.189	-10.941	161.8
21.38	-10.206	-11.014	340.9
21.39	-10.216	-11.222	230.6
21.4	-10.221	-11.170	-41.6
21.41	-10.224	-10.942	-175.0
21.42	-10.226	-10.742	-132.2
21.43	-10.225	-10.533	-62.5
21.44	-10.224	-10.375	-38.7
21.45	-10.225	-10.516	-35.3
21.46	-10.230	-10.970	-35.2
21.47	-10.234	-11.463	-33.5
21.48	-10.236	-11.653	-30.3
21.49	-10.233	-10.889	-24.4
21.5	-10.228	-8.052	-18.6
21.51	-10.223	-2.408	-14.3
21.52	-10.218	5.231	-10.7
21.53	-10.217	12.791	-2.7
21.54	-10.219	18.375	8.4
21.55	-10.222	21.114	19.4
21.56	-10.224	21.066	32.0
21.57	-10.225	18.688	50.3
21.58	-10.225	14.466	72.6
21.59	-10.225	8.941	100.4
21.6	-10.224	2.814	130.5
21.61	-10.224	-2.991	158.7
21.62	-10.225	-7.633	183.4
21.63	-10.227	-10.681	197.5
21.64	-10.229	-12.203	187.4
21.65	-10.231	-12.625	146.2
21.66	-10.233	-12.388	82.4
21.67	-10.234	-11.884	19.0
21.68	-10.235	-11.428	-30.5
21.69	-10.237	-10.966	-62.3
21.7	-10.239	-10.286	-76.1
21.71	-10.242	-9.622	-78.1
21.72	-10.244	-9.703	-79.7
21.73	-10.246	-11.045	-81.3
21.74	-10.248	-13.350	-80.5
21.75	-10.248	-15.892	-80.9
21.76	-10.246	-18.261	-82.3
21.77	-10.242	-20.358	-78.4
21.78	-10.237	-21.897	-73.1
21.79	-10.231	-22.347	-69.7
21.8	-10.224	-21.573	-67.0
21.81	-10.217	-20.128	-63.8
21.82	-10.213	-18.767	-62.0
21.83	-10.208	-17.869	-60.6
21.84	-10.203	-17.298	-58.4
21.85	-10.195	-16.672	-54.5
21.86	-10.184	-15.756	-51.3
21.87	-10.169	-14.689	-51.1
21.88	-10.149	-13.650	-54.5
21.89	-10.125	-12.550	-55.8
21.9	-10.098	-11.413	-54.5
21.91	-10.069	-10.592	-52.4
21.92	-10.040	-10.369	-52.4
21.93	-10.011	-10.645	-54.0
21.94	-9.981	-11.069	-53.1
21.95	-9.951	-11.408	-50.7
21.96	-9.919	-11.761	-49.5
21.97	-9.888	-12.219	-47.2
21.98	-9.855	-12.645	-47.5
21.99	-9.822	-12.938	-48.3
22.0	-9.791	-13.189	-47.4
22.01	-9.760	-13.488	-46.0
22.02	-9.730	-13.686	-45.4
22.03	-9.701	-13.642	-43.4
22.04	-9.674	-13.477	-36.5
22.05	-9.648	-13.359	-12.9
22.06	-9.621	-13.363	19.6
22.07	-9.596	-13.394	32.2
22.08	-9.571	-13.139	26.0
22.09	-9.547	-12.634	23.5
22.1	-9.524	-12.397	13.5
22.11	-9.502	-12.553	-17.0
22.12	-9.481	-12.770	-44.7
22.13	-9.459	-13.011	-50.6
22.14	-9.438	-13.411	-50.4
22.15	-9.418	-13.773	-52.2
22.16	-9.402	-13.863	-53.1
22.17	-9.392	-13.823	-19.5
22.18	-9.385	-13.741	142.7
22.19	-9.376	-13.477	296.7
22.2	-9.361	-13.141	184.8
22.21	-9.341	-12.967	-66.6
22.22	-9.322	-12.855	-184.0
22.23	-9.303	-12.636	-136.1
22.24	-9.284	-12.563	-65.2
22.25	-9.266	-12.873	-41.3
22.26	-9.251	-13.366	-38.0
22.27	-9.239	-13.781	-35.3
22.28	-9.228	-14.084	-34.9
22.29	-9.214	-14.167	-33.6
22.3	-9.198	-13.406	-26.8
22.31	-9.180	-10.686	-21.8
22.32	-9.161	-5.313	-18.3
22.33	-9.143	1.975	-11.1
22.34	-9.127	9.255	-3.8
22.35	-9.113	14.623	5.3
22.36	-9.101	17.086	17.5
22.37	-9.089	16.758	32.9
22.38	-9.078	14.428	49.5
22.39	-9.067	10.734	70.1
22.4	-9.057	5.953	98.2
22.41	-9.047	0.623	132.7
22.42	-9.040	-4.359	165.2
22.43	-9.033	-8.367	190.7
22.44	-9.027	-11.263	202.4
22.45	-9.022	-13.125	189.3
22.46	-9.018	-14.086	143.5
22.47	-9.013	-14.414	76.6
22.48	-9.009	-14.314	11.1
22.49	-9.007	-13.786	-36.8
22.5	-9.006	-12.991	-64.9
22.51	-9.007	-12.275	-79.3
22.52	-9.009	-11.709	-86.2
22.53	-9.013	-11.317	-84.6
22.54	-9.015	-11.738	-81.6
22.55	-9.018	-13.378	-81.1
22.56	-9.018	-15.514	-81.4
22.57	-9.016	-17.392	-80.6
22.58	-9.011	-18.948	-79.9
22.59	-9.006	-20.161	-77.5
22.6	-9.000	-20.720	-74.5
22.61	-8.995	-20.405	-71.9
22.62	-8.991	-19.498	-68.4
22.63	-8.988	-18.641	-64.4
22.64	-8.986	-18.133	-62.3
22.65	-8.987	-17.709	-60.1
22.66	-8.988	-17.208	-58.0
22.67	-8.989	-16.963	-57.1
22.68	-8.990	-17.142	-57.3
22.69	-8.991	-17.373	-55.7
22.7	-8.992	-17.386	-54.5
22.71	-8.994	-17.302	-53.8
22.72	-8.994	-17.064	-53.6
22.73	-8.996	-16.445	-53.4
22.74	-8.998	-15.644	-52.8
22.75	-9.000	-15.200	-50.6
22.76	-9.003	-15.361	-51.7
22.77	-9.006	-15.870	-51.4
22.78	-9.009	-16.378	-48.9
22.79	-9.012	-16.814	-47.4
22.8	-9.014	-17.036	-47.6
22.81	-9.016	-16.658	-47.7
22.82	-9.018	-15.573	-47.0
22.83	-9.019	-14.253	-45.2
22.84	-9.021	-13.155	-44.3
22.85	-9.023	-12.238	-43.7
22.86	-9.025	-11.480	-43.7
22.87	-9.027	-11.119	-42.4
22.88	-9.029	-11.236	-40.7
22.89	-9.029	-11.658	-39.2
22.9	-9.030	-12.020	-37.9
22.91	-9.031	-12.097	-36.1
22.92	-9.031	-12.141	-29.0
22.93	-9.031	-12.481	-3.4
22.94	-9.031	-12.945	27.4
22.95	-9.031	-13.113	36.0
22.96	-9.029	-12.908	29.7
22.97	-9.029	-12.542	29.0
22.98	-9.027	-12.064	21.0
22.99	-9.026	-11.370	-8.7
23.0	-9.023	-10.563	-39.6
23.01	-9.021	-10.038	-48.7
23.02	-9.019	-10.064	-47.1
23.03	-9.019	-10.597	-46.7
23.04	-9.021	-11.405	-52.0
23.05	-9.026	-12.098	-21.0
23.06	-9.033	-12.472	150.4
23.07	-9.038	-12.719	329.4
23.08	-9.041	-12.861	244.1
23.09	-9.045	-12.663	-6.9
23.1	-9.048	-12.264	-141.2
23.11	-9.047	-12.106	-115.4
23.12	-9.041	-12.377	-66.0
23.13	-9.032	-12.959	-49.7
23.14	-9.023	-13.603	-47.5
23.15	-9.016	-13.909	-45.2
23.16	-9.010	-13.536	-41.6
23.17	-9.006	-12.328	-38.7
23.18	-9.001	-9.855	-35.5
23.19	-8.994	-5.197	-31.4
23.2	-8.988	1.958	-27.3
23.21	-8.982	10.144	-21.8
23.22	-8.979	17.036	-15.0
23.23	-8.978	21.219	-6.4
23.24	-8.977	22.642	4.2
23.25	-8.976	21.822	17.2
23.26	-8.974	19.158	33.0
23.27	-8.974	15.083	53.5
23.28	-8.975	10.188	78.0
23.29	-8.978	4.920	110.0
23.3	-8.983	-0.366	142.6
23.31	-8.992	-4.941	167.0
23.32	-9.004	-7.980	181.4
23.33	-9.018	-9.381	178.1
23.34	-9.036	-9.689	143.6
23.35	-9.055	-9.320	85.1
23.36	-9.076	-8.498	23.0
23.37	-9.099	-7.608	-25.8
23.38	-9.124	-6.902	-55.3
23.39	-9.152	-6.470	-68.7
23.4	-9.183	-6.422	-75.0
23.41	-9.216	-6.767	-77.1
23.42	-9.246	-7.684	-75.1
23.43	-9.273	-9.508	-71.7
23.44	-9.296	-12.056	-71.4
23.45	-9.318	-14.586	-70.5
23.46	-9.338	-16.605	-68.9
23.47	-9.358	-18.181	-69.1
23.48	-9.379	-19.209	-70.0
23.49	-9.400	-19.189	-66.9
23.5	-9.423	-18.142	-62.9
23.51	-9.446	-16.866	-62.6
23.52	-9.471	-15.917	-63.5
23.53	-9.496	-15.272	-60.7
23.54	-9.521	-14.947	-59.7
23.55	-9.546	-15.016	-60.7
23.56	-9.571	-15.228	-59.6
23.57	-9.595	-15.320	-57.7
23.58	-9.619	-15.403	-58.3
23.59	-9.643	-15.539	-57.8
23.6	-9.666	-15.423	-56.4
23.61	-9.690	-15.086	-55.5
23.62	-9.714	-14.973	-54.4
23.63	-9.738	-15.073	-53.4
23.64	-9.761	-15.064	-53.7
23.65	-9.783	-15.095	-52.7
23.66	-9.805	-15.489	-51.4
23.67	-9.826	-15.878	-51.0
23.68	-9.846	-15.530	-51.0
23.69	-9.865	-14.666	-48.7
23.7	-9.884	-14.098	-46.6
23.71	-9.902	-13.875	-46.3
23.72	-9.921	-13.788	-47.5
23.73	-9.938	-14.109	-47.8
23.74	-9.955	-14.886	-45.8
23.75	-9.972	-15.664	-43.5
23.76	-9.988	-16.189	-41.9
23.77	-10.004	-16.570	-37.9
23.78	-10.020	-16.750	-21.3
23.79	-10.036	-16.453	12.5
23.8	-10.050	-15.653	31.5
23.81	-10.064	-14.647	29.2
23.82	-10.078	-13.728	26.3
23.83	-10.092	-12.900	22.0
23.84	-10.105	-12.047	-0.2
23.85	-10.116	-11.381	-33.1
23.86	-10.126	-11.319	-50.5
23.87	-10.136	-11.794	-50.5
23.88	-10.144	-12.163	-51.0
23.89	-10.155	-12.039	-51.5
23.9	-10.170	-11.688	-47.2
23.91	-10.189	-11.316	48.4
23.92	-10.208	-10.734	260.8
23.93	-10.221	-9.961	305.9
23.94	-10.227	-9.353	76.1
23.95	-10.232	-9.136	-144.9
23.96	-10.236	-9.395	-174.1
23.97	-10.238	-10.234	-98.7
23.98	-10.238	-11.459	-50.5
23.99	-10.240	-12.623	-40.0
24.0	-10.245	-13.500	-38.8
24.01	-10.253	-14.027	-36.9
24.02	-10.259	-13.988	-36.0
24.03	-10.262	-12.994	-33.0
24.04	-10.261	-10.484	-29.1
24.05	-10.258	-5.605	-23.5
24.06	-10.253	1.938	-14.3
24.07	-10.250	10.661	-6.7
24.08	-10.251	18.241	-0.4
24.09	-10.254	23.306	9.4
24.1	-10.259	25.742	21.7
24.11	-10.264	25.941	37.6
24.12	-10.268	24.161	55.8
24.13	-10.271	20.494	80.2
24.14	-10.274	15.280	110.9
24.15	-10.276	9.256	141.9
24.16	-10.278	3.216	167.7
24.17	-10.281	-2.141	187.8
24.18	-10.284	-6.166	193.7
24.19	-10.288	-8.647	169.3
24.2	-10.293	-10.009	112.9
24.21	-10.298	-10.767	45.5
24.22	-10.303	-11.011	-12.8
24.23	-10.308	-10.703	-51.0
24.24	-10.311	-10.041	-72.2
24.25	-10.315	-9.308	-81.9
24.26	-10.317	-8.891	-83.6
24.27	-10.318	-9.345	-82.9
24.28	-10.318	-10.748	-86.3
24.29	-10.315	-12.588	-88.1
24.3	-10.306	-14.653	-84.0
24.31	-10.291	-17.059	-80.7
24.32	-10.268	-19.556	-79.8
24.33	-10.239	-21.580	-76.0
24.34	-10.204	-22.669	-72.9
24.35	-10.166	-22.708	-70.8
24.36	-10.127	-22.017	-67.9
24.37	-10.088	-21.025	-64.3
24.38	-10.049	-19.830	-62.6
24.39	-10.009	-18.316	-61.5
24.4	-9.969	-16.480	-59.3
24.41	-9.929	-14.586	-57.3
24.42	-9.889	-13.030	-57.8
24.43	-9.849	-11.920	-57.8
24.44	-9.811	-11.042	-57.5
24.45	-9.775	-10.250	-56.6
24.46	-9.741	-9.750	-55.5
24.47	-9.710	-9.813	-55.6
24.48	-9.681	-10.505	-56.6
24.49	-9.653	-11.730	-57.7
24.5	-9.626	-13.105	-56.2
24.51	-9.601	-14.117	-53.2
24.52	-9.576	-14.614	-52.3
24.53	-9.551	-14.841	-49.7
24.54	-9.527	-15.028	-50.5
24.55	-9.504	-15.253	-52.9
24.56	-9.482	-15.575	-53.2
24.57	-9.461	-15.973	-50.8
24.58	-9.441	-16.269	-47.5
24.59	-9.422	-16.295	-45.4
24.6	-9.404	-15.964	-43.9
24.61	-9.388	-15.270	-32.1
24.62	-9.371	-14.428	0.4
24.63	-9.355	-13.741	27.9
24.64	-9.339	-13.278	29.1
24.65	-9.323	-13.053	26.2
24.66	-9.308	-13.098	26.5
24.67	-9.293	-13.266	8.4
24.68	-9.276	-13.363	-27.4
24.69	-9.260	-13.428	-48.4
24.7	-9.244	-13.591	-50.5
24.71	-9.228	-13.772	-50.7
24.72	-9.213	-13.884	-51.7
24.73	-9.204	-14.100	-53.8
24.74	-9.200	-14.519	-0.2
24.75	-9.199	-14.873	190.3
24.76	-9.194	-14.881	308.2
24.77	-9.183	-14.558	143.9
24.78	-9.169	-14.139	-99.7
24.79	-9.156	-13.891	-176.8
24.8	-9.141	-14.006	-115.6
24.81	-9.126	-14.427	-60.4
24.82	-9.115	-14.819	-44.5
24.83	-9.107	-15.078	-39.0
24.84	-9.101	-15.323	-37.2
24.85	-9.094	-15.414	-36.5
24.86	-9.086	-14.902	-35.0
24.87	-9.074	-13.111	-31.0
24.88	-9.061	-9.122	-26.0
24.89	-9.046	-2.461	-20.5
24.9	-9.032	5.858	-14.3
24.91	-9.020	13.784	-5.2
24.92	-9.009	19.711	4.7
24.93	-9.001	23.047	16.1
24.94	-8.992	23.898	31.2
24.95	-8.983	22.547	50.2
24.96	-8.975	19.202	73.3
24.97	-8.968	14.264	101.1
24.98	-8.963	8.481	132.0
24.99	-8.958	2.616	162.5
25.0	-8.954	-2.756	186.5
25.01	-8.950	-7.175	197.9
25.02	-8.946	-10.283	183.2
25.03	-8.944	-11.919	135.5
25.04	-8.941	-12.322	68.5
25.05	-8.939	-12.105	5.8
25.06	-8.938	-11.802	-38.7
25.07	-8.939	-11.495	-63.8
25.08	-8.944	-11.039	-77.6
25.09	-8.951	-10.500	-82.4
25.1	-8.957	-10.288	-80.4
25.11	-8.961	-10.880	-77.8
25.12	-8.964	-12.258	-78.0
25.13	-8.966	-13.923	-79.3
25.14	-8.966	-15.634	-78.0
25.15	-8.963	-17.552	-74.3
25.16	-8.959	-19.652	-71.9
25.17	-8.956	-21.389	-70.2
25.18	-8.954	-22.088	-68.4
25.19	-8.953	-21.550	-65.7
25.2	-8.954	-20.136	-63.3
25.21	-8.956	-18.522	-61.2
25.22	-8.959	-17.400	-59.8
25.23	-8.962	-17.084	-58.1
25.24	-8.964	-17.403	-57.5
25.25	-8.967	-18.014	-57.3
25.26	-8.969	-18.677	-58.2
25.27	-8.972	-19.194	-58.0
25.28	-8.975	-19.319	-55.4
25.29	-8.979	-18.898	-53.9
25.3	-8.983	-18.106	-53.7
25.31	-8.988	-17.270	-53.8
25.32	-8.993	-16.567	-53.2
25.33	-8.999	-16.095	-51.4
25.34	-9.004	-15.977	-50.4
25.35	-9.011	-16.286	-49.5
25.36	-9.016	-16.908	-48.8
25.37	-9.021	-17.355	-48.4
25.38	-9.024	-17.017	-48.1
25.39	-9.027	-15.881	-47.6
25.4	-9.031	-14.645	-47.0
25.41	-9.034	-14.025	-45.5
25.42	-9.038	-14.255	-46.8
25.43	-9.042	-15.267	-46.8
25.44	-9.046	-16.766	-43.5
25.45	-9.049	-18.183	-41.9
25.46	-9.053	-19.084	-41.4
25.47	-9.055	-19.445	-39.8
25.48	-9.056	-19.331	-38.3
25.49	-9.058	-18.728	-35.6
25.5	-9.058	-17.745	-22.3
25.51	-9.058	-16.773	11.7
25.52	-9.058	-16.095	38.6
25.53	-9.057	-15.447	37.0
25.54	-9.056	-14.502	30.1
25.55	-9.056	-13.430	30.4
25.56	-9.054	-12.614	15.6
25.57	-9.052	-12.161	-19.1
25.58	-9.049	-11.884	-43.9
25.59	-9.046	-11.713	-47.2
25.6	-9.044	-11.617	-46.4
25.61	-9.043	-11.413	-48.1
25.62	-9.044	-11.159	-52.9
25.63	-9.047	-11.216	14.1
25.64	-9.052	-11.823	230.1
25.65	-9.056	-12.822	351.6
25.66	-9.059	-13.688	173.4
25.67	-9.065	-14.119	-75.4
25.68	-9.069	-14.275	-152.5
25.69	-9.068	-14.408	-100.4
25.7	-9.061	-14.575	-56.8
25.71	-9.051	-14.531	-46.5
25.72	-9.043	-14.088	-45.5
25.73	-9.037	-13.363	-43.2
25.74	-9.034	-12.400	-39.7
25.75	-9.031	-10.863	-37.4
25.76	-9.027	-7.898	-34.4
25.77	-9.020	-2.475	-28.4
25.78	-9.013	5.397	-21.6
25.79	-9.007	14.205	-15.4
25.8	-9.003	21.970	-8.8
25.81	-9.001	27.181	0.6
25.82	-8.999	29.258	12.7
25.83	-8.996	28.613	26.2
25.84	-8.993	25.834	43.0
25.85	-8.991	21.067	66.7
25.86	-8.991	14.653	94.9
25.87	-8.992	7.681	124.4
25.88	-8.994	1.384	152.8
25.89	-8.996	-3.603	175.1
25.9	-8.999	-7.158	186.0
25.91	-9.004	-9.325	176.0
25.92	-9.008	-10.200	135.2
25.93	-9.014	-10.203	73.4
25.94	-9.019	-10.108	12.0
25.95	-9.025	-10.380	-32.1
25.96	-9.033	-10.797	-56.8
25.97	-9.044	-10.994	-68.5
25.98	-9.058	-11.050	-73.1
25.99	-9.070	-11.394	-74.1
26.0	-9.079	-12.414	-73.5
26.01	-9.088	-14.008	-72.5
26.02	-9.095	-15.575	-71.3
26.03	-9.101	-16.655	-69.4
26.04	-9.107	-17.363	-67.1
26.05	-9.114	-18.184	-64.7
26.06	-9.121	-19.263	-64.2
26.07	-9.133	-20.131	-63.0
26.08	-9.146	-20.389	-61.1
26.09	-9.163	-20.263	-59.8
26.1	-9.182	-20.148	-59.0
26.11	-9.203	-19.922	-57.9
26.12	-9.227	-19.111	-56.3
26.13	-9.252	-17.673	-56.7
26.14	-9.277	-16.275	-57.1
26.15	-9.303	-15.533	-56.0
26.16	-9.327	-15.361	-53.9
26.17	-9.351	-15.373	-51.8
26.18	-9.375	-15.456	-52.4
26.19	-9.399	-15.550	-52.1
26.2	-9.422	-15.398	-50.7
26.21	-9.446	-14.897	-49.5
26.22	-9.470	-14.420	-48.2
26.23	-9.494	-14.408	-48.6
26.24	-9.517	-14.803	-48.7
26.25	-9.539	-15.283	-47.3
26.26	-9.561	-15.748	-46.4
26.27	-9.581	-16.044	-44.1
26.28	-9.601	-15.797	-41.6
26.29	-9.621	-15.072	-40.8
26.3	-9.639	-14.366	-41.8
26.31	-9.657	-13.863	-41.9
26.32	-9.674	-13.480	-40.6
26.33	-9.691	-13.427	-40.9
26.34	-9.707	-13.930	-41.2
26.35	-9.724	-14.850	-40.2
26.36	-9.741	-15.800	-36.2
26.37	-9.759	-16.398	-18.1
26.38	-9.776	-16.467	17.7
26.39	-9.794	-15.950	39.9
26.4	-9.811	-14.819	37.4
26.41	-9.828	-13.325	35.0
26.42	-9.844	-12.041	32.8
26.43	-9.859	-11.525	10.9
26.44	-9.873	-11.878	-24.7
26.45	-9.885	-12.702	-45.1
26.46	-9.896	-13.673	-48.1
26.47	-9.907	-14.669	-49.0
26.48	-9.918	-15.295	-48.5
26.49	-9.934	-15.066	-48.0
26.5	-9.955	-14.008	22.8
26.51	-9.976	-12.730	222.6
26.52	-9.992	-11.747	317.9
26.53	-10.001	-11.053	135.5
26.54	-10.006	-10.597	-105.3
26.55	-10.011	-10.558	-170.8
26.56	-10.016	-11.019	-104.8
26.57	-10.019	-11.713	-52.7
26.58	-10.024	-12.348	-41.5
26.59	-10.032	-12.914	-39.7
26.6	-10.042	-13.286	-35.5
26.61	-10.051	-13.203	-32.6
26.62	-10.056	-12.353	-29.5
26.63	-10.059	-10.089	-24.7
26.64	-10.060	-5.419	-19.9
26.65	-10.060	2.042	-13.5
26.66	-10.062	10.947	-7.0
26.67	-10.066	19.002	0.7
26.68	-10.073	24.727	9.5
26.69	-10.081	27.877	20.9
26.7	-10.088	28.831	37.4
26.71	-10.092	27.919	57.5
26.72	-10.097	25.148	81.1
26.73	-10.101	20.453	107.8
26.74	-10.106	14.222	134.7
26.75	-10.113	7.486	162.1
26.76	-10.119	1.334	185.9
26.77	-10.128	-3.709	196.4
26.78	-10.136	-7.691	183.8
26.79	-10.146	-10.661	136.5
26.8	-10.156	-12.527	68.8
26.81	-10.166	-13.348	9.4
26.82	-10.176	-13.314	-33.4
26.83	-10.186	-12.638	-60.3
26.84	-10.194	-11.650	-73.5
26.85	-10.204	-10.903	-76.9
26.86	-10.214	-11.070	-77.4
26.87	-10.224	-12.459	-77.9
26.88	-10.234	-14.653	-77.6
26.89	-10.242	-16.938	-77.6
26.9	-10.248	-18.967	-75.1
26.91	-10.253	-20.761	-71.4
26.92	-10.257	-22.223	-68.5
26.93	-10.259	-23.028	-64.6
26.94	-10.261	-22.920	-63.3
26.95	-10.264	-22.047	-61.8
26.96	-10.269	-20.869	-57.6
26.97	-10.275	-19.809	-55.8
26.98	-10.282	-18.919	-54.2
26.99	-10.289	-17.887	-51.4
27.0	-10.295	-16.592	-50.7
27.01	-10.300	-15.338	-50.2
27.02	-10.306	-14.264	-49.6
27.03	-10.311	-13.091	-50.7
27.04	-10.317	-11.748	-49.9
27.05	-10.323	-10.745	-47.3
27.06	-10.330	-10.441	-47.3
27.07	-10.337	-10.583	-48.7
27.08	-10.344	-10.838	-48.6
27.09	-10.349	-11.108	-46.2
27.1	-10.353	-11.278	-44.0
27.11	-10.355	-11.248	-44.0
27.12	-10.354	-11.164	-44.5
27.13	-10.351	-11.259	-44.5
27.14	-10.345	-11.630	-43.2
27.15	-10.336	-12.211	-41.4
27.16	-10.322	-12.866	-41.0
27.17	-10.306	-13.452	-39.3
27.18	-10.286	-13.820	-23.2
27.19	-10.263	-13.939	13.0
27.2	-10.236	-13.889	38.5
27.21	-10.206	-13.688	36.5
27.22	-10.174	-13.359	32.3
27.23	-10.141	-13.066	29.8
27.24	-10.108	-12.992	8.0
27.25	-10.074	-13.156	-26.8
27.26	-10.039	-13.447	-46.1
27.27	-10.004	-13.769	-45.9
27.28	-9.971	-14.097	-45.2
27.29	-9.938	-14.420	-46.4
27.3	-9.909	-14.719	-46.6
27.31	-9.884	-14.911	15.1
27.32	-9.863	-14.963	203.2
27.33	-9.836	-14.850	286.0
27.34	-9.804	-14.425	91.6
27.35	-9.773	-13.705	-141.4
27.36	-9.742	-13.061	-193.1
27.37	-9.711	-12.813	-113.5
27.38	-9.681	-13.019	-47.0
27.39	-9.653	-13.538	-30.7
27.4	-9.629	-14.073	-30.1
27.41	-9.607	-14.364	-27.1
27.42	-9.587	-14.381	-22.5
27.43	-9.565	-14.152	-19.3
27.44	-9.542	-13.302	-15.5
27.45	-9.517	-10.755	-11.5
27.46	-9.492	-5.480	-6.6
27.47	-9.469	2.144	-0.1
27.48	-9.447	10.283	9.0
27.49	-9.429	17.222	20.5
27.5	-9.414	22.186	34.0
27.51	-9.401	24.873	50.2
27.52	-9.389	25.127	70.3
27.53	-9.377	22.994	94.7
27.54	-9.366	18.828	123.9
27.55	-9.356	13.298	159.1
27.56	-9.346	7.255	192.3
27.57	-9.338	1.367	213.8
27.58	-9.329	-3.948	220.0
27.59	-9.322	-8.303	200.6
27.6	-9.316	-11.492	148.0
27.61	-9.312	-13.666	75.4
27.62	-9.309	-14.992	8.0
27.63	-9.306	-15.514	-39.4
27.64	-9.303	-15.298	-64.3
27.65	-9.302	-14.575	-74.2
27.66	-9.302	-13.855	-79.0
27.67	-9.303	-13.777	-81.3
27.68	-9.306	-14.628	-82.3
27.69	-9.309	-16.163	-81.9
27.7	-9.311	-18.092	-78.8
27.71	-9.310	-20.275	-76.6
27.72	-9.305	-22.306	-75.0
27.73	-9.299	-23.531	-69.6
27.74	-9.292	-23.513	-64.5
27.75	-9.286	-22.377	-64.1
27.76	-9.281	-20.748	-62.2
27.77	-9.278	-19.263	-59.0
27.78	-9.277	-18.202	-56.9
27.79	-9.276	-17.578	-55.3
27.8	-9.274	-17.248	-52.8
27.81	-9.273	-17.047	-50.8
27.82	-9.271	-16.994	-51.0
27.83	-9.269	-17.205	-53.8
27.84	-9.269	-17.503	-56.0
27.85	-9.269	-17.502	-52.3
27.86	-9.271	-17.152	-48.6
27.87	-9.272	-16.714	-49.6
27.88	-9.273	-16.338	-49.8
27.89	-9.276	-16.080	-48.7
27.9	-9.277	-15.961	-47.7
27.91	-9.279	-15.783	-45.7
27.92	-9.281	-15.375	-45.0
27.93	-9.282	-14.923	-45.8
27.94	-9.283	-14.736	-44.4
27.95	-9.283	-14.905	-43.5
27.96	-9.283	-15.366	-42.7
27.97	-9.284	-16.008	-41.3
27.98	-9.286	-16.464	-41.1
27.99	-9.287	-16.322	-39.7
28.0	-9.288	-15.678	-37.0
28.01	-9.289	-14.955	-36.2
28.02	-9.289	-14.353	-37.6
28.03	-9.290	-13.852	-36.3
28.04	-9.291	-13.505	-33.5
28.05	-9.292	-13.464	-34.9
28.06	-9.293	-13.722	-33.7
28.07	-9.292	-14.070	-28.9
28.08	-9.292	-14.386	-20.6
28.09	-9.293	-14.692	3.1
28.1	-9.293	-14.947	31.6
28.11	-9.293	-14.953	38.7
28.12	-9.293	-14.488	36.5
28.13	-9.293	-13.534	37.8
28.14	-9.291	-12.381	23.9
28.15	-9.290	-11.358	-10.9
28.16	-9.288	-10.608	-37.7
28.17	-9.287	-10.256	-42.7
28.18	-9.286	-10.553	-41.6
28.19	-9.286	-11.614	-41.0
28.2	-9.288	-13.155	-41.8
28.21	-9.293	-14.538	43.5
28.22	-9.297	-15.145	266.4
28.23	-9.301	-14.822	349.2
28.24	-9.303	-13.794	142.9
28.25	-9.305	-12.520	-86.0
28.26	-9.306	-11.681	-135.9
28.27	-9.301	-11.750	-83.5
28.28	-9.292	-12.527	-48.1
28.29	-9.284	-13.509	-38.6
28.3	-9.277	-14.325	-38.3
28.31	-9.273	-14.592	-39.6
28.32	-9.269	-13.953	-36.9
28.33	-9.266	-11.966	-32.8
28.34	-9.259	-7.663	-27.8
28.35	-9.251	-0.094	-23.8
28.36	-9.241	10.058	-19.9
28.37	-9.234	20.295	-14.2
28.38	-9.228	28.244	-6.9
28.39	-9.224	33.017	3.4
28.4	-9.221	34.961	16.8
28.41	-9.216	34.623	31.1
28.42	-9.212	32.108	47.7
28.43	-9.208	27.519	67.5
28.44	-9.206	21.584	93.9
28.45	-9.206	15.184	124.7
28.46	-9.207	8.816	154.5
28.47	-9.209	2.934	176.6
28.48	-9.211	-1.961	185.5
28.49	-9.214	-5.688	171.6
28.5	-9.217	-8.314	128.7
28.51	-9.220	-9.920	67.7
28.52	-9.222	-10.673	9.8
28.53	-9.224	-10.728	-31.5
28.54	-9.229	-10.145	-56.0
28.55	-9.239	-9.061	-67.4
28.56	-9.252	-7.892	-70.3
28.57	-9.265	-7.475	-69.3
28.58	-9.277	-8.584	-67.8
28.59	-9.289	-11.033	-67.6
28.6	-9.301	-13.991	-66.1
28.61	-9.314	-16.984	-65.5
28.62	-9.329	-19.777	-66.1
28.63	-9.345	-21.863	-65.8
28.64	-9.363	-22.752	-62.3
28.65	-9.383	-22.488	-59.1
28.66	-9.405	-21.642	-56.7
28.67	-9.428	-20.825	-54.5
28.68	-9.453	-20.158	-54.8
28.69	-9.479	-19.456	-56.8
28.7	-9.506	-18.716	-55.6
28.71	-9.533	-18.063	-54.0
28.72	-9.559	-17.505	-53.7
28.73	-9.586	-16.997	-52.9
28.74	-9.611	-16.494	-52.6
28.75	-9.636	-16.020	-51.3
28.76	-9.661	-15.634	-48.7
28.77	-9.685	-15.359	-49.4
28.78	-9.710	-15.203	-49.1
28.79	-9.736	-15.173	-48.2
28.8	-9.763	-15.319	-49.8
28.81	-9.790	-15.638	-50.3
28.82	-9.816	-15.909	-47.1
28.83	-9.842	-15.878	-46.3
28.84	-9.866	-15.617	-46.4
28.85	-9.890	-15.430	-43.9
28.86	-9.913	-15.386	-44.1
28.87	-9.936	-15.323	-45.8
28.88	-9.957	-15.223	-45.3
28.89	-9.978	-15.263	-45.9
28.9	-9.999	-15.472	-43.9
28.91	-10.019	-15.697	-42.0
28.92	-10.038	-15.916	-41.8
28.93	-10.058	-16.100	-40.5
28.94	-10.077	-16.031	-40.5
28.95	-10.096	-15.723	-40.3
28.96	-10.114	-15.589	-39.9
28.97	-10.131	-15.864	-42.6
28.98	-10.148	-16.320	-39.0
28.99	-10.165	-16.644	-32.3
29.0	-10.183	-16.719	-19.9
29.01	-10.199	-16.539	7.0
29.02	-10.216	-16.097	26.8
29.03	-10.233	-15.434	29.0
29.04	-10.248	-14.673	28.3
29.05	-10.264	-14.002	20.6
29.06	-10.279	-13.584	-6.0
29.07	-10.293	-13.403	-36.2
29.08	-10.306	-13.298	-46.6
29.09	-10.317	-13.280	-48.1
29.1	-10.329	-13.377	-49.4
29.11	-10.342	-13.289	-51.4
29.12	-10.361	-12.886	-14.6
29.13	-10.382	-12.575	154.5
29.14	-10.400	-12.630	308.2
29.15	-10.410	-12.775	193.1
29.16	-10.414	-12.811	-64.1
29.17	-10.418	-12.945	-185.0
29.18	-10.422	-13.242	-136.5
29.19	-10.426	-13.580	-68.0
29.2	-10.429	-13.941	-44.6
29.21	-10.435	-14.250	-40.2
29.22	-10.444	-14.316	-39.3
29.23	-10.453	-13.989	-39.2
29.24	-10.460	-13.184	-37.4
29.25	-10.464	-11.456	-33.6
29.26	-10.464	-7.644	-29.8
29.27	-10.464	-0.817	-26.0
29.28	-10.462	8.195	-18.7
29.29	-10.461	17.144	-10.9
29.3	-10.464	24.123	-3.9
29.31	-10.467	28.548	6.8
29.32	-10.472	30.592	22.5
29.33	-10.474	30.333	39.1
29.34	-10.476	27.758	58.0
29.35	-10.476	22.867	84.0
29.36	-10.477	15.700	116.0
29.37	-10.478	7.903	147.0
29.38	-10.478	1.594	170.4
29.39	-10.480	-3.027	183.1
29.4	-10.483	-6.427	178.4
29.41	-10.486	-9.016	144.3
29.42	-10.489	-11.108	82.5
29.43	-10.493	-12.519	14.6
29.44	-10.494	-12.984	-35.3
29.45	-10.496	-12.645	-66.1
29.46	-10.498	-11.948	-80.8
29.47	-10.498	-11.297	-85.7
29.48	-10.498	-11.069	-89.2
29.49	-10.499	-11.836	-90.9
29.5	-10.499	-13.891	-89.7
29.51	-10.499	-16.789	-88.8
29.52	-10.497	-19.789	-85.9
29.53	-10.493	-22.434	-82.2
29.54	-10.486	-24.442	-81.4
29.55	-10.477	-25.306	-79.3
29.56	-10.466	-24.705	-75.0
29.57	-10.455	-23.092	-72.0
29.58	-10.444	-21.217	-67.5
29.59	-10.434	-19.559	-63.2
29.6	-10.422	-18.333	-59.9
29.61	-10.406	-17.356	-59.4
29.62	-10.384	-16.242	-59.7
29.63	-10.357	-14.972	-59.0
29.64	-10.323	-13.717	-58.6
29.65	-10.286	-12.503	-58.4
29.66	-10.247	-11.434	-57.2
29.67	-10.208	-10.769	-57.6
29.68	-10.169	-10.625	-58.4
29.69	-10.130	-10.998	-56.3
29.7	-10.092	-11.814	-53.1
29.71	-10.056	-12.703	-43.9
29.72	-10.020	-13.305	-12.6
29.73	-9.984	-13.639	17.4
29.74	-9.949	-13.911	21.1
29.75	-9.912	-14.302	16.2
29.76	-9.876	-14.967	13.2
29.77	-9.839	-15.925	-3.1
29.78	-9.803	-16.853	-34.9
29.79	-9.766	-17.295	-58.9
29.8	-9.729	-17.206	-62.7
29.81	-9.693	-16.959	-62.7
29.82	-9.658	-16.820	-63.1
29.83	-9.627	-16.709	-64.6
29.84	-9.604	-16.447	-24.1
29.85	-9.584	-16.056	147.8
29.86	-9.563	-15.661	277.9
29.87	-9.535	-15.202	131.4
29.88	-9.505	-14.567	-118.8
29.89	-9.476	-13.809	-212.2
29.9	-9.447	-13.223	-146.2
29.91	-9.418	-13.213	-69.3
29.92	-9.391	-13.919	-46.2
29.93	-9.367	-14.967	-44.4
29.94	-9.345	-15.745	-39.1
29.95	-9.326	-16.011	-33.5
29.96	-9.306	-15.831	-31.7
29.97	-9.284	-15.044	-28.1
29.98	-9.261	-13.148	-21.2
29.99	-9.237	-9.470	-14.2
30.0	-9.213	-3.691	-5.7
30.01	-9.191	3.469	0.8
30.02	-9.170	10.442	9.7
30.03	-9.151	15.728	24.5
30.04	-9.134	18.598	41.0
30.05	-9.117	18.909	60.6
30.06	-9.103	16.841	86.5
30.07	-9.088	12.928	119.5
30.08	-9.074	7.855	158.2
30.09	-9.061	2.248	191.5
30.1	-9.051	-3.234	215.1
30.11	-9.041	-7.734	224.8
30.12	-9.031	-10.688	204.0
30.13	-9.023	-12.369	143.8
30.14	-9.015	-13.389	65.1
30.15	-9.009	-14.195	-3.7
30.16	-9.004	-14.994	-48.5
30.17	-9.001	-15.828	-73.3
30.18	-8.999	-16.589	-84.0
30.19	-8.998	-16.955	-88.3
30.2	-8.999	-16.869	-90.2
30.21	-9.001	-16.783	-91.7
30.22	-9.005	-17.000	-91.6
30.23	-9.008	-17.494	-89.4
30.24	-9.008	-18.313	-88.9
30.25	-9.005	-19.494	-88.4
30.26	-9.000	-20.709	-84.5
30.27	-8.995	-21.452	-81.1
30.28	-8.990	-21.347	-75.8
30.29	-8.987	-20.328	-71.3
30.3	-8.986	-18.884	-68.3
30.31	-8.985	-17.887	-65.1
30.32	-8.986	-17.778	-61.4
30.33	-8.988	-18.091	-59.8
30.34	-8.990	-18.156	-59.4
30.35	-8.991	-17.900	-58.5
30.36	-8.994	-17.597	-57.7
30.37	-8.998	-17.306	-59.4
30.38	-9.002	-16.913	-59.4
30.39	-9.006	-16.580	-57.3
30.4	-9.010	-16.762	-56.1
30.41	-9.014	-17.434	-57.1
30.42	-9.020	-18.069	-57.1
30.43	-9.026	-18.444	-53.5
30.44	-9.033	-18.711	-50.0
30.45	-9.039	-18.983	-51.3
30.46	-9.044	-19.167	-53.4
30.47	-9.049	-19.137	-52.4
30.48	-9.054	-18.959	-49.4
30.49	-9.060	-18.683	-48.3
30.5	-9.066	-18.136	-47.2
30.51	-9.070	-17.269	-46.8
30.52	-9.073	-16.348	-45.6
30.53	-9.076	-15.591	-43.7
30.54	-9.079	-14.961	-41.1
30.55	-9.082	-14.406	-31.0
30.56	-9.086	-14.050	1.6
30.57	-9.089	-13.955	32.2
30.58	-9.090	-13.858	33.3
30.59	-9.089	-13.577	26.1
30.6	-9.088	-13.319	26.1
30.61	-9.086	-13.222	13.3
30.62	-9.082	-13.186	-20.1
30.63	-9.079	-13.252	-46.9
30.64	-9.076	-13.553	-52.5
30.65	-9.072	-13.917	-52.4
30.66	-9.069	-14.116	-51.2
30.67	-9.070	-14.241	-54.3
30.68	-9.075	-14.436	12.4
30.69	-9.079	-14.503	219.6
30.7	-9.082	-14.131	336.8
30.71	-9.084	-13.430	170.3
30.72	-9.088	-12.905	-68.2
30.73	-9.091	-12.889	-143.8
30.74	-9.089	-13.158	-97.2
30.75	-9.082	-13.406	-58.6
30.76	-9.072	-13.759	-49.9
30.77	-9.064	-14.305	-49.2
30.78	-9.058	-14.559	-45.5
30.79	-9.051	-14.059	-42.3
30.8	-9.044	-12.761	-39.3
30.81	-9.037	-10.089	-35.8
30.82	-9.031	-4.797	-31.4
30.83	-9.023	3.186	-27.2
30.84	-9.019	11.783	-21.4
30.85	-9.017	18.700	-13.9
30.86	-9.018	23.106	-5.2
30.87	-9.019	24.908	6.7
30.88	-9.023	23.931	21.7
30.89	-9.030	20.325	39.7
30.9	-9.043	14.803	63.4
30.91	-9.061	8.295	92.4
30.92	-9.085	1.803	124.6
30.93	-9.111	-3.747	153.2
30.94	-9.138	-7.866	174.8
30.95	-9.166	-10.420	184.0
30.96	-9.195	-11.470	170.4
30.97	-9.224	-11.414	124.7
30.98	-9.252	-10.884	62.5
30.99	-9.281	-10.363	6.1
31.0	-9.310	-9.959	-35.5
31.01	-9.340	-9.563	-61.0
31.02	-9.371	-9.116	-71.8
31.03	-9.403	-8.708	-75.8
31.04	-9.434	-8.545	-78.4
31.05	-9.464	-9.031	-78.4
31.06	-9.492	-10.438	-75.3
31.07	-9.519	-12.542	-72.0
31.08	-9.543	-14.959	-69.8
31.09	-9.566	-17.441	-69.8
31.1	-9.588	-19.702	-70.0
31.11	-9.607	-21.195	-69.9
31.12	-9.628	-21.481	-66.4
31.13	-9.649	-20.780	-64.1
31.14	-9.671	-19.870	-64.3
31.15	-9.694	-19.202	-64.6
31.16	-9.717	-18.620	-65.4
31.17	-9.742	-18.055	-66.4
31.18	-9.766	-17.664	-64.6
31.19	-9.789	-17.344	-63.0
31.2	-9.812	-16.637	-60.9
31.21	-9.834	-15.397	-59.5
31.22	-9.857	-14.078	-59.2
31.23	-9.881	-13.173	-59.6
31.24	-9.904	-12.909	-58.5
31.25	-9.928	-13.272	-57.2
31.26	-9.951	-14.027	-56.6
31.27	-9.973	-15.039	-55.2
31.28	-9.995	-16.308	-53.0
31.29	-10.016	-17.433	-52.2
31.3	-10.035	-17.811	-52.5
31.31	-10.054	-17.391	-53.2
31.32	-10.073	-16.691	-50.1
31.33	-10.091	-16.064	-48.5
31.34	-10.108	-15.598	-48.7
31.35	-10.124	-15.491	-47.1
31.36	-10.141	-15.780	-45.7
31.37	-10.155	-16.206	-45.2
31.38	-10.169	-16.586	-44.3
31.39	-10.183	-16.853	-44.3
31.4	-10.197	-16.820	-43.3
31.41	-10.211	-16.313	-43.1
31.42	-10.224	-15.455	-40.9
31.43	-10.238	-14.589	-31.1
31.44	-10.253	-13.942	-6.3
31.45	-10.269	-13.334	20.8
31.46	-10.284	-12.444	29.9
31.47	-10.299	-11.203	27.9
31.48	-10.313	-9.825	25.0
31.49	-10.326	-8.683	6.8
31.5	-10.339	-8.162	-25.0
31.51	-10.351	-8.405	-43.8
31.52	-10.361	-9.258	-43.4
31.53	-10.369	-10.422	-44.9
31.54	-10.381	-11.513	-46.9
31.55	-10.396	-12.198	-39.2
31.56	-10.416	-12.456	65.0
31.57	-10.434	-12.405	268.8
31.58	-10.448	-12.041	287.8
31.59	-10.453	-11.511	51.1
31.6	-10.456	-11.136	-153.8
31.61	-10.458	-11.038	-168.6
31.62	-10.458	-11.200	-89.3
31.63	-10.458	-11.548	-41.5
31.64	-10.458	-11.908	-30.6
31.65	-10.464	-12.130	-28.4
31.66	-10.471	-12.264	-25.9
31.67	-10.476	-12.316	-23.7
31.68	-10.476	-11.720	-19.6
31.69	-10.471	-9.458	-16.5
31.7	-10.463	-4.623	-14.9
31.71	-10.454	2.756	-10.2
31.72	-10.448	11.061	-3.6
31.73	-10.445	18.053	4.9
31.74	-10.444	22.447	18.1
31.75	-10.442	24.109	29.9
31.76	-10.439	23.434	44.2
31.77	-10.435	20.809	64.2
31.78	-10.429	16.533	88.7
31.79	-10.422	11.105	116.2
31.8	-10.415	5.208	146.0
31.81	-10.408	-0.502	176.0
31.82	-10.401	-5.430	199.4
31.83	-10.392	-9.131	204.8
31.84	-10.383	-11.542	181.0
31.85	-10.373	-12.945	125.0
31.86	-10.359	-13.603	56.7
31.87	-10.344	-13.658	-3.0
31.88	-10.328	-13.314	-42.6
31.89	-10.314	-12.828	-65.4
31.9	-10.301	-12.280	-76.1
31.91	-10.287	-11.753	-76.6
31.92	-10.272	-11.758	-73.8
31.93	-10.259	-12.652	-72.0
31.94	-10.246	-14.248	-70.7
31.95	-10.234	-16.320	-72.5
31.96	-10.222	-18.686	-71.4
31.97	-10.211	-20.955	-68.3
31.98	-10.204	-22.513	-63.3
31.99	-10.201	-22.827	-58.8
32.0	-10.207	-21.873	-56.6
32.01	-10.220	-20.325	-52.1
32.02	-10.237	-18.855	-50.2
32.03	-10.253	-17.552	-49.9
32.04	-10.265	-16.314	-45.9
32.05	-10.274	-15.116	-45.0
32.06	-10.281	-13.920	-45.8
32.07	-10.284	-12.597	-46.8
32.08	-10.286	-10.950	-45.6
32.09	-10.286	-9.120	-45.2
32.1	-10.286	-7.563	-46.0
32.11	-10.285	-6.480	-43.8
32.12	-10.284	-5.791	-39.0
32.13	-10.282	-5.448	-40.1
32.14	-10.278	-5.238	-42.6
32.15	-10.273	-4.817	-42.6
32.16	-10.266	-3.717	-40.7
32.17	-10.258	-2.077	-38.4
32.18	-10.248	-0.853	-37.6
32.19	-10.237	-0.513	-38.0
32.2	-10.223	-0.770	-38.2
32.21	-10.208	-1.402	-37.5
32.22	-10.189	-2.780	-34.1
32.23	-10.168	-4.409	-31.7
32.24	-10.143	-5.363	-15.7
32.25	-10.114	-5.809	18.7
32.26	-10.081	-5.828	37.1
32.27	-10.044	-5.536	31.5
32.28	-10.001	-5.419	26.8
32.29	-9.953	-5.536	21.5
32.3	-9.902	-5.988	4.3
32.31	-9.849	-6.889	-22.1
32.32	-9.796	-7.936	-39.0
32.33	-9.742	-8.958	-40.8
32.34	-9.690	-10.081	-41.2
32.35	-9.643	-11.513	-42.3
32.36	-9.603	-13.042	-17.3
32.37	-9.568	-14.230	120.3
32.38	-9.534	-15.122	271.8
32.39	-9.493	-15.722	178.4
32.4	-9.450	-15.656	-66.8
32.41	-9.409	-15.172	-190.6
32.42	-9.369	-14.969	-142.6
32.43	-9.329	-15.044	-57.2
32.44	-9.293	-14.941	-21.0
32.45	-9.260	-14.647	-15.2
32.46	-9.230	-14.325	-15.0
32.47	-9.201	-13.581	-12.5
32.48	-9.172	-12.523	-10.8
32.49	-9.144	-12.172	-10.2
32.5	-9.114	-11.539	-5.9
32.51	-9.084	-7.938	1.3
32.52	-9.056	-0.997	9.6
32.53	-9.030	6.833	16.9
32.54	-9.008	13.158	26.3
32.55	-8.987	17.230	37.8
32.56	-8.969	19.008	52.6
32.57	-8.951	18.409	71.1
32.58	-8.935	15.142	93.8
32.59	-8.919	10.063	121.7
32.6	-8.904	5.389	153.9
32.61	-8.892	1.563	183.8
32.62	-8.880	-2.188	211.0
32.63	-8.869	-5.597	228.0
32.64	-8.860	-8.267	220.0
32.65	-8.851	-10.314	175.0
32.66	-8.844	-12.020	102.9
32.67	-8.839	-13.373	30.4
32.68	-8.836	-14.270	-22.2
32.69	-8.832	-14.691	-51.9
32.7	-8.831	-14.456	-68.3
32.71	-8.830	-13.586	-76.3
32.72	-8.831	-12.892	-76.6
32.73	-8.834	-13.191	-77.1
32.74	-8.838	-14.413	-76.3
32.75	-8.841	-16.303	-75.4
32.76	-8.842	-18.875	-75.4
32.77	-8.838	-21.677	-73.3
32.78	-8.831	-23.883	-69.0
32.79	-8.822	-25.098	-66.8
32.8	-8.816	-25.275	-64.0
32.81	-8.809	-24.498	-59.8
32.82	-8.806	-23.277	-56.8
32.83	-8.803	-22.213	-55.2
32.84	-8.801	-21.477	-52.6
32.85	-8.799	-20.872	-49.5
32.86	-8.798	-20.189	-48.5
32.87	-8.797	-19.530	-49.6
32.88	-8.797	-19.163	-51.3
32.89	-8.799	-19.006	-52.3
32.9	-8.801	-18.850	-48.8
32.91	-8.803	-18.825	-47.5
32.92	-8.807	-19.006	-47.9
32.93	-8.811	-19.019	-47.8
32.94	-8.816	-18.528	-47.4
32.95	-8.819	-17.666	-47.0
32.96	-8.822	-16.831	-46.6
32.97	-8.826	-16.269	-44.7
32.98	-8.828	-15.950	-44.1
32.99	-8.830	-15.958	-44.1
33.0	-8.831	-16.303	-41.8
33.01	-8.833	-16.420	-35.5
33.02	-8.834	-15.869	-10.6
33.03	-8.836	-14.991	21.8
33.04	-8.837	-14.123	31.8
33.05	-8.838	-13.086	23.8
33.06	-8.840	-12.028	21.7
33.07	-8.841	-11.659	17.6
33.08	-8.842	-12.139	-8.5
33.09	-8.842	-12.819	-40.0
33.1	-8.842	-13.253	-51.1
33.11	-8.843	-13.569	-52.7
33.12	-8.844	-13.861	-52.3
33.13	-8.848	-13.841	-55.1
33.14	-8.854	-13.330	-16.9
33.15	-8.861	-12.616	164.0
33.16	-8.866	-12.039	328.6
33.17	-8.872	-11.519	218.8
33.18	-8.880	-10.819	-25.5
33.19	-8.890	-10.066	-137.1
33.2	-8.897	-9.589	-105.6
33.21	-8.898	-9.491	-62.3
33.22	-8.893	-9.730	-49.3
33.23	-8.884	-10.344	-46.5
33.24	-8.871	-11.341	-44.2
33.25	-8.856	-12.333	-43.2
33.26	-8.841	-12.517	-42.4
33.27	-8.825	-10.892	-36.0
33.28	-8.810	-6.472	-27.4
33.29	-8.796	0.767	-23.6
33.3	-8.785	9.266	-20.3
33.31	-8.776	16.823	-13.1
33.32	-8.768	21.822	-3.7
33.33	-8.761	23.866	6.3
33.34	-8.755	23.405	20.6
33.35	-8.749	20.667	38.5
33.36	-8.745	15.514	58.7
33.37	-8.744	9.644	83.5
33.38	-8.749	5.795	116.9
33.39	-8.759	3.250	150.7
33.4	-8.776	0.166	173.9
33.41	-8.800	-2.852	183.5
33.42	-8.829	-4.614	173.1
33.43	-8.860	-5.505	132.9
33.44	-8.893	-7.011	72.5
33.45	-8.927	-9.197	13.1
33.46	-8.964	-10.483	-29.4
33.47	-9.005	-10.488	-54.4
33.48	-9.049	-10.252	-67.0
33.49	-9.095	-10.220	-70.6
33.5	-9.141	-10.355	-70.9
33.51	-9.185	-10.819	-72.0
33.52	-9.224	-12.072	-71.5
33.53	-9.256	-14.208	-67.1
33.54	-9.283	-16.644	-65.0
33.55	-9.305	-18.586	-74.2
33.56	-9.326	-19.878	-64.9
33.57	-9.346	-20.628	-45.0
33.58	-9.365	-19.767	-45.3
33.59	-9.382	-14.911	-52.6
33.6	-9.398	-6.117	-56.5
33.61	-9.412	2.409	-54.7
33.62	-9.426	7.333	-52.3
33.63	-9.439	9.127	-55.5
33.64	-9.454	9.303	-52.3
33.65	-9.469	7.863	-51.9
33.66	-9.488	4.684	-60.3
33.67	-9.510	0.144	-60.4
33.68	-9.539	-5.017	-50.1
33.69	-9.574	-9.805	-46.6
33.7	-9.617	-13.666	-53.9
33.71	-9.665	-15.467	-56.5
33.72	-9.720	-16.219	-55.6
33.73	-9.781	-17.222	-60.2
33.74	-9.846	-17.027	-58.3
33.75	-9.911	-15.664	-45.5
33.76	-9.970	-13.731	-28.6
33.77	-10.024	-11.539	-24.3
33.78	-10.074	-10.272	-20.3
33.79	-10.121	-10.675	5.0
33.8	-10.169	-12.798	26.0
33.81	-10.217	-15.830	31.7
33.82	-10.265	-18.286	36.8
33.83	-10.311	-19.272	24.2
33.84	-10.355	-19.128	-13.0
33.85	-10.400	-18.581	-51.8
33.86	-10.446	-18.347	-65.7
33.87	-10.490	-18.820	-56.8
33.88	-10.534	-20.698	-52.3
33.89	-10.583	-24.255	-57.9
33.9	-10.638	-27.967	-47.1
33.91	-10.693	-30.441	74.5
33.92	-10.743	-31.722	250.9
33.93	-10.784	-32.284	205.1
33.94	-10.813	-32.448	-44.1
33.95	-10.837	-32.983	-207.0
33.96	-10.862	-34.311	-182.7
33.97	-10.886	-36.247	-96.5
33.98	-10.906	-38.820	-47.5
33.99	-10.924	-42.177	-38.9
34.0	-10.934	-46.453	-46.7
34.01	-10.936	-49.916	-45.8
34.02	-10.924	-51.066	-35.9
34.03	-10.893	-51.127	-29.8
34.04	-10.842	-50.786	-30.2
34.05	-10.771	-49.291	-25.4
34.06	-10.691	-47.761	-19.0
34.07	-10.608	-46.377	-12.9
34.08	-10.526	-41.723	1.9
34.09	-10.449	-33.144	17.5
