Interval=	0.01 s
ExcelDateTime=	3.9769612567599666e+004	17/11/2008 14:42:05.840611
TimeFormat=	StartOfBlock
ChannelTitle=	Channel 1	Channel 2	Channel 3
Range=	20.000 mV	50.000 mV	500.0 µV
0.0	-10.056	33.350	18.7
0.01	-10.058	21.136	100.1
0.02	-10.060	9.159	175.6
0.03	-10.063	-1.467	197.7
0.04	-10.067	-9.927	180.1
0.05	-10.070	-16.080	129.5
0.06	-10.074	-20.252	59.7
0.07	-10.078	-22.847	-1.5
0.08	-10.081	-24.083	-42.7
0.09	-10.084	-23.991	-67.0
0.1	-10.087	-22.789	-78.1
0.11	-10.091	-21.141	-83.2
0.12	-10.096	-19.930	-82.1
0.13	-10.104	-19.742	-83.2
0.14	-10.110	-20.802	-87.9
0.15	-10.114	-23.252	-82.1
0.16	-10.118	-26.698	-76.8
0.17	-10.120	-30.005	-79.2
0.18	-10.122	-32.366	-77.0
0.19	-10.123	-33.631	-73.0
0.2	-10.123	-33.628	-72.4
0.21	-10.124	-32.309	-70.3
0.22	-10.127	-30.108	-69.2
0.23	-10.131	-27.559	-64.5
0.24	-10.134	-25.086	-58.2
0.25	-10.139	-22.988	-59.0
0.26	-10.146	-21.414	-58.9
0.27	-10.152	-20.511	-58.9
0.28	-10.158	-20.306	-61.8
0.29	-10.165	-20.481	-60.0
0.3	-10.172	-20.723	-56.7
0.31	-10.179	-20.984	-54.3
0.32	-10.185	-21.356	-54.2
0.33	-10.191	-21.806	-53.6
0.34	-10.196	-21.942	-52.9
0.35	-10.201	-21.688	-57.4
0.36	-10.206	-21.469	-58.8
0.37	-10.212	-21.361	-54.7
0.38	-10.216	-21.170	-55.0
0.39	-10.219	-20.877	-55.0
0.4	-10.219	-20.605	-51.3
0.41	-10.216	-20.506	-49.1
0.42	-10.211	-20.603	-49.0
0.43	-10.203	-20.705	-36.6
0.44	-10.189	-20.630	-6.1
0.45	-10.169	-20.423	17.7
0.46	-10.144	-20.167	20.0
0.47	-10.113	-19.925	16.4
0.48	-10.079	-19.661	7.0
0.49	-10.043	-19.266	-16.8
0.5	-10.006	-18.791	-43.7
0.51	-9.968	-18.264	-57.4
0.52	-9.931	-17.722	-57.8
0.53	-9.894	-17.291	-58.4
0.54	-9.860	-16.956	-59.7
0.55	-9.831	-16.528	-37.1
0.56	-9.807	-15.897	100.8
0.57	-9.784	-15.247	278.7
0.58	-9.758	-14.645	213.2
0.59	-9.727	-13.852	-49.2
0.6	-9.696	-13.098	-204.9
0.61	-9.666	-13.047	-170.3
0.62	-9.636	-13.761	-88.5
0.63	-9.607	-14.806	-51.1
0.64	-9.581	-15.908	-43.5
0.65	-9.559	-16.889	-44.7
0.66	-9.539	-17.406	-43.3
0.67	-9.520	-17.208	-43.8
0.68	-9.500	-16.223	-40.3
0.69	-9.478	-13.764	-33.6
0.7	-9.455	-8.048	-28.8
0.71	-9.433	2.188	-18.6
0.72	-9.411	15.458	-7.8
0.73	-9.391	28.381	2.5
0.74	-9.372	38.134	12.5
0.75	-9.354	43.258	25.7
0.76	-9.337	43.650	45.3
0.77	-9.321	39.895	68.4
0.78	-9.306	32.923	99.6
0.79	-9.293	24.214	134.1
0.8	-9.280	14.870	162.5
0.81	-9.268	5.773	188.8
0.82	-9.257	-2.492	202.8
0.83	-9.246	-10.086	186.0
0.84	-9.236	-16.605	139.0
0.85	-9.227	-21.073	74.2
0.86	-9.220	-23.339	6.2
0.87	-9.214	-24.205	-47.6
0.88	-9.209	-24.255	-77.7
0.89	-9.203	-23.609	-93.9
0.9	-9.197	-22.648	-101.7
0.91	-9.193	-21.953	-101.4
0.92	-9.191	-21.839	-99.4
0.93	-9.190	-22.411	-95.7
0.94	-9.189	-23.731	-95.4
0.95	-9.187	-25.703	-97.3
0.96	-9.183	-27.847	-96.5
0.97	-9.178	-29.291	-94.3
0.98	-9.171	-29.391	-90.5
0.99	-9.164	-28.142	-84.6
1.0	-9.157	-26.008	-77.9
1.01	-9.150	-23.648	-75.0
1.02	-9.146	-21.431	-74.1
1.03	-9.143	-19.348	-71.1
1.04	-9.140	-17.450	-70.0
1.05	-9.138	-16.069	-73.7
1.06	-9.136	-15.453	-74.8
1.07	-9.133	-15.531	-71.8
1.08	-9.131	-16.247	-67.5
1.09	-9.129	-17.545	-63.0
1.1	-9.128	-19.005	-64.9
1.11	-9.128	-20.063	-66.3
1.12	-9.128	-20.697	-70.3
1.13	-9.129	-21.317	-71.1
1.14	-9.131	-21.980	-63.2
1.15	-9.132	-22.491	-62.1
1.16	-9.133	-22.713	-66.5
1.17	-9.133	-22.431	-63.0
1.18	-9.133	-21.853	-57.9
1.19	-9.133	-21.441	-58.3
1.2	-9.133	-21.172	-61.3
1.21	-9.133	-20.864	-62.0
1.22	-9.134	-20.480	-55.8
1.23	-9.134	-20.019	-51.9
1.24	-9.135	-19.534	-45.3
1.25	-9.136	-18.992	-15.9
1.26	-9.136	-18.469	12.9
1.27	-9.137	-18.045	14.4
1.28	-9.137	-17.567	11.8
1.29	-9.137	-17.030	14.3
1.3	-9.138	-16.634	1.2
1.31	-9.138	-16.456	-33.8
1.32	-9.137	-16.322	-62.1
1.33	-9.136	-16.127	-63.5
1.34	-9.135	-15.994	-60.4
1.35	-9.133	-15.809	-63.3
1.36	-9.134	-15.491	-64.6
1.37	-9.136	-15.261	26.7
1.38	-9.139	-15.122	254.7
1.39	-9.141	-14.855	341.8
1.4	-9.141	-14.469	130.7
1.41	-9.140	-14.264	-112.0
1.42	-9.139	-14.534	-165.1
1.43	-9.136	-15.003	-107.2
1.44	-9.130	-15.064	-70.8
1.45	-9.124	-14.895	-62.7
1.46	-9.121	-14.981	-59.5
1.47	-9.119	-14.838	-57.9
1.48	-9.118	-13.841	-59.4
1.49	-9.116	-11.705	-55.7
1.5	-9.114	-7.128	-47.3
1.51	-9.109	1.627	-44.3
1.52	-9.106	14.250	-40.9
1.53	-9.102	27.897	-28.9
1.54	-9.099	39.000	-17.1
1.55	-9.095	45.419	-8.4
1.56	-9.092	47.052	2.6
1.57	-9.089	44.705	16.8
1.58	-9.086	39.159	37.6
1.59	-9.084	31.278	63.5
1.6	-9.082	21.992	93.1
1.61	-9.081	12.317	124.1
1.62	-9.081	3.331	152.0
1.63	-9.081	-4.236	173.5
1.64	-9.082	-10.181	173.3
1.65	-9.082	-14.450	144.2
1.66	-9.084	-16.753	92.0
1.67	-9.086	-17.294	31.1
1.68	-9.087	-17.092	-21.7
1.69	-9.089	-16.706	-60.1
1.7	-9.094	-15.930	-79.8
1.71	-9.101	-14.830	-83.5
1.72	-9.111	-13.866	-84.2
1.73	-9.119	-13.630	-86.3
1.74	-9.126	-14.330	-85.1
1.75	-9.131	-15.613	-82.1
1.76	-9.134	-17.678	-81.0
1.77	-9.134	-20.642	-80.5
1.78	-9.134	-23.686	-81.7
1.79	-9.132	-25.697	-80.9
1.8	-9.131	-26.228	-75.5
1.81	-9.134	-25.794	-74.0
1.82	-9.141	-24.569	-74.3
1.83	-9.149	-22.467	-69.5
1.84	-9.161	-20.286	-66.9
1.85	-9.175	-18.887	-70.4
1.86	-9.191	-18.055	-69.5
1.87	-9.209	-17.209	-62.5
1.88	-9.225	-16.503	-63.0
1.89	-9.241	-16.309	-67.0
1.9	-9.256	-16.414	-64.9
1.91	-9.270	-16.664	-60.9
1.92	-9.284	-17.227	-61.0
1.93	-9.299	-17.925	-61.4
1.94	-9.314	-18.531	-58.9
1.95	-9.329	-19.158	-59.8
1.96	-9.343	-19.786	-61.8
1.97	-9.357	-20.278	-59.8
1.98	-9.371	-20.705	-57.6
1.99	-9.384	-21.164	-52.5
2.0	-9.398	-21.619	-50.2
2.01	-9.412	-21.880	-51.4
2.02	-9.426	-21.820	-50.0
2.03	-9.441	-21.681	-48.9
2.04	-9.456	-21.497	-46.3
2.05	-9.470	-20.925	-43.0
2.06	-9.484	-20.173	-37.1
2.07	-9.499	-19.642	-24.2
2.08	-9.513	-19.219	1.7
2.09	-9.526	-18.780	28.5
2.1	-9.540	-18.434	32.0
2.11	-9.553	-18.311	22.7
2.12	-9.566	-18.333	23.9
2.13	-9.579	-18.189	13.4
2.14	-9.592	-17.819	-23.5
2.15	-9.604	-17.436	-48.0
2.16	-9.615	-17.153	-53.1
2.17	-9.625	-16.988	-55.4
2.18	-9.636	-16.931	-54.2
2.19	-9.649	-16.944	-52.0
2.2	-9.666	-16.800	32.3
2.21	-9.684	-16.273	248.0
2.22	-9.697	-15.653	339.2
2.23	-9.706	-15.344	139.3
2.24	-9.713	-15.323	-109.9
2.25	-9.719	-15.420	-169.2
2.26	-9.726	-15.436	-102.2
2.27	-9.731	-15.242	-58.3
2.28	-9.739	-15.089	-51.8
2.29	-9.749	-15.042	-50.0
2.3	-9.760	-14.597	-45.6
2.31	-9.769	-13.478	-42.4
2.32	-9.775	-11.670	-37.8
2.33	-9.777	-8.225	-33.7
2.34	-9.777	-0.948	-33.0
2.35	-9.776	10.942	-24.5
2.36	-9.774	24.650	-12.3
2.37	-9.774	36.411	-4.6
2.38	-9.776	44.217	1.3
2.39	-9.779	47.420	13.4
2.4	-9.781	46.184	33.6
2.41	-9.781	41.366	53.3
2.42	-9.783	34.152	77.3
2.43	-9.784	25.572	107.8
2.44	-9.786	16.319	137.5
2.45	-9.787	7.227	164.0
2.46	-9.789	-0.764	183.9
2.47	-9.791	-7.153	186.8
2.48	-9.792	-12.025	161.0
2.49	-9.792	-15.480	104.8
2.5	-9.791	-17.308	39.5
2.51	-9.791	-17.592	-11.0
2.52	-9.793	-16.838	-48.8
2.53	-9.793	-15.598	-73.8
2.54	-9.793	-14.330	-82.1
2.55	-9.793	-13.364	-85.5
2.56	-9.794	-13.050	-84.5
2.57	-9.797	-13.575	-77.5
2.58	-9.799	-15.023	-78.0
2.59	-9.800	-17.387	-80.9
2.6	-9.798	-20.219	-78.1
2.61	-9.796	-22.884	-73.0
2.62	-9.793	-24.917	-69.2
2.63	-9.789	-25.927	-65.9
2.64	-9.787	-25.578	-63.8
2.65	-9.788	-23.995	-63.3
2.66	-9.791	-22.027	-59.9
2.67	-9.794	-20.455	-58.1
2.68	-9.796	-19.269	-56.0
2.69	-9.796	-18.002	-50.9
2.7	-9.794	-16.628	-49.4
2.71	-9.790	-15.620	-49.2
2.72	-9.783	-15.280	-49.1
2.73	-9.771	-15.409	-48.8
2.74	-9.755	-15.592	-47.6
2.75	-9.734	-15.948	-47.2
2.76	-9.710	-16.631	-49.8
2.77	-9.683	-17.097	-47.3
2.78	-9.653	-17.213	-40.4
2.79	-9.623	-17.480	-39.7
2.8	-9.590	-17.945	-44.0
2.81	-9.557	-18.328	-46.4
2.82	-9.524	-18.463	-46.0
2.83	-9.492	-18.289	-42.6
2.84	-9.460	-17.873	-39.6
2.85	-9.429	-17.356	-36.9
2.86	-9.401	-16.986	-23.4
2.87	-9.373	-16.898	7.6
2.88	-9.346	-16.875	35.4
2.89	-9.319	-16.678	37.6
2.9	-9.293	-16.298	30.0
2.91	-9.266	-15.897	23.2
2.92	-9.240	-15.670	5.5
2.93	-9.214	-15.606	-21.2
2.94	-9.189	-15.317	-39.0
2.95	-9.164	-14.673	-42.0
2.96	-9.138	-14.113	-44.0
2.97	-9.113	-13.834	-45.6
2.98	-9.091	-13.666	-40.0
2.99	-9.078	-13.467	45.3
3.0	-9.068	-12.997	248.2
3.01	-9.057	-12.298	308.2
3.02	-9.041	-12.011	92.0
3.03	-9.023	-12.377	-138.0
3.04	-9.006	-12.914	-178.8
3.05	-8.988	-13.381	-99.8
3.06	-8.970	-14.005	-43.5
3.07	-8.955	-14.609	-30.7
3.08	-8.943	-14.903	-29.5
3.09	-8.933	-15.136	-30.9
3.1	-8.924	-15.469	-30.6
3.11	-8.912	-15.288	-25.0
3.12	-8.898	-13.341	-18.4
3.13	-8.883	-8.195	-12.3
3.14	-8.865	1.002	-9.7
3.15	-8.849	13.119	-1.2
3.16	-8.836	25.127	15.1
3.17	-8.824	34.389	25.0
3.18	-8.812	39.677	37.1
3.19	-8.802	40.636	55.4
3.2	-8.792	37.756	74.6
3.21	-8.783	32.345	99.0
3.22	-8.775	25.436	129.9
3.23	-8.768	17.280	163.7
3.24	-8.762	8.313	193.3
3.25	-8.756	-0.259	211.8
3.26	-8.751	-7.269	212.6
3.27	-8.747	-12.545	182.8
3.28	-8.742	-16.441	120.7
3.29	-8.739	-18.956	50.1
3.3	-8.736	-20.014	-10.2
3.31	-8.733	-19.777	-49.5
3.32	-8.732	-18.719	-66.3
3.33	-8.731	-17.591	-72.8
3.34	-8.733	-16.877	-72.8
3.35	-8.737	-16.669	-74.1
3.36	-8.742	-16.966	-74.9
3.37	-8.748	-17.866	-76.6
3.38	-8.752	-19.439	-78.3
3.39	-8.756	-21.547	-72.5
3.4	-8.756	-23.692	-71.3
3.41	-8.756	-24.948	-69.2
3.42	-8.754	-24.623	-62.7
3.43	-8.753	-22.980	-60.1
3.44	-8.752	-20.855	-57.5
3.45	-8.753	-18.875	-56.3
3.46	-8.756	-17.195	-55.1
3.47	-8.758	-15.527	-49.5
3.48	-8.762	-13.853	-50.7
3.49	-8.766	-12.880	-56.8
3.5	-8.770	-13.034	-57.2
3.51	-8.774	-13.983	-51.4
3.52	-8.778	-15.191	-47.0
3.53	-8.781	-16.281	-47.3
3.54	-8.784	-17.203	-51.1
3.55	-8.787	-18.289	-53.8
3.56	-8.791	-19.469	-50.1
3.57	-8.796	-20.139	-49.8
3.58	-8.801	-20.253	-47.5
3.59	-8.808	-20.328	-43.5
3.6	-8.816	-20.708	-43.2
3.61	-8.823	-21.266	-43.3
3.62	-8.830	-21.622	-48.8
3.63	-8.836	-21.728	-50.4
3.64	-8.841	-21.780	-44.8
3.65	-8.845	-21.809	-41.9
3.66	-8.849	-21.664	-43.2
3.67	-8.853	-21.148	-45.1
3.68	-8.856	-20.280	-45.2
3.69	-8.859	-19.394	-37.0
3.7	-8.863	-18.738	-13.3
3.71	-8.867	-18.202	20.3
3.72	-8.871	-17.705	36.8
3.73	-8.875	-17.436	28.3
3.74	-8.878	-17.405	24.5
3.75	-8.880	-17.275	22.4
3.76	-8.882	-16.875	-3.4
3.77	-8.883	-16.311	-37.5
3.78	-8.884	-15.822	-51.1
3.79	-8.886	-15.759	-51.0
3.8	-8.888	-15.889	-52.6
3.81	-8.891	-15.467	-55.5
3.82	-8.896	-14.684	-27.3
3.83	-8.902	-14.370	141.9
3.84	-8.908	-14.294	340.7
3.85	-8.912	-13.869	269.5
3.86	-8.918	-13.427	1.1
3.87	-8.922	-13.398	-155.7
3.88	-8.925	-13.664	-132.0
3.89	-8.925	-13.963	-73.7
3.9	-8.922	-14.122	-56.2
3.91	-8.919	-13.953	-53.6
3.92	-8.917	-13.431	-51.1
3.93	-8.916	-12.711	-51.0
3.94	-8.915	-11.405	-49.4
3.95	-8.916	-8.083	-44.2
3.96	-8.914	-0.936	-38.9
3.97	-8.911	10.420	-34.3
3.98	-8.909	23.705	-28.8
3.99	-8.908	35.709	-18.4
4.0	-8.907	44.522	-8.5
4.01	-8.906	49.292	-0.9
4.02	-8.904	49.891	9.9
4.03	-8.902	46.830	29.8
4.04	-8.898	40.956	53.2
4.05	-8.896	33.203	78.0
4.06	-8.896	24.375	108.8
4.07	-8.896	15.269	138.2
4.08	-8.897	6.681	164.1
4.09	-8.899	-0.633	177.3
4.1	-8.901	-6.128	166.8
4.11	-8.902	-9.798	129.8
4.12	-8.904	-12.213	69.1
4.13	-8.907	-13.781	7.3
4.14	-8.909	-14.361	-35.4
4.15	-8.913	-13.917	-60.3
4.16	-8.920	-12.842	-77.5
4.17	-8.931	-11.689	-85.7
4.18	-8.943	-10.980	-84.1
4.19	-8.954	-11.053	-82.4
4.2	-8.966	-12.009	-81.0
4.21	-8.980	-13.923	-80.5
4.22	-8.994	-16.606	-81.0
4.23	-9.009	-19.323	-76.8
4.24	-9.023	-21.567	-74.0
4.25	-9.037	-23.217	-75.9
4.26	-9.051	-23.934	-72.4
4.27	-9.066	-23.473	-67.7
4.28	-9.082	-22.142	-65.8
4.29	-9.099	-20.556	-65.4
4.3	-9.118	-19.030	-69.0
4.31	-9.138	-17.481	-70.2
4.32	-9.158	-15.989	-68.1
4.33	-9.177	-14.847	-65.9
4.34	-9.196	-14.105	-64.3
4.35	-9.214	-13.730	-62.5
4.36	-9.232	-13.895	-59.3
4.37	-9.250	-14.728	-56.7
4.38	-9.268	-16.038	-57.4
4.39	-9.286	-16.992	-61.7
4.4	-9.304	-17.088	-58.5
4.41	-9.322	-17.255	-54.8
4.42	-9.340	-18.325	-55.5
4.43	-9.358	-19.625	-56.5
4.44	-9.375	-20.298	-56.8
4.45	-9.392	-20.503	-52.0
4.46	-9.408	-20.755	-51.1
4.47	-9.424	-21.178	-52.4
4.48	-9.440	-21.541	-52.0
4.49	-9.457	-21.670	-51.4
4.5	-9.473	-21.620	-49.1
4.51	-9.488	-21.338	-48.0
4.52	-9.503	-20.759	-48.0
4.53	-9.518	-20.197	-49.6
4.54	-9.534	-19.789	-45.2
4.55	-9.549	-19.316	-26.4
4.56	-9.565	-18.800	2.8
4.57	-9.580	-18.434	22.7
4.58	-9.595	-18.213	24.2
4.59	-9.609	-18.027	21.0
4.6	-9.623	-17.941	20.9
4.61	-9.636	-17.941	3.4
4.62	-9.648	-17.695	-32.8
4.63	-9.659	-17.105	-50.8
4.64	-9.671	-16.459	-49.8
4.65	-9.681	-15.963	-51.0
4.66	-9.691	-15.739	-54.4
4.67	-9.703	-15.970	-52.2
4.68	-9.717	-16.277	44.4
4.69	-9.733	-15.866	258.8
4.7	-9.746	-14.872	320.3
4.71	-9.754	-14.056	99.6
4.72	-9.759	-13.669	-134.7
4.73	-9.763	-13.581	-170.4
4.74	-9.766	-13.552	-99.0
4.75	-9.770	-13.334	-58.9
4.76	-9.776	-12.952	-51.0
4.77	-9.786	-12.591	-49.5
4.78	-9.796	-12.239	-48.2
4.79	-9.804	-11.595	-45.8
4.8	-9.810	-10.097	-42.7
4.81	-9.813	-6.513	-34.9
4.82	-9.814	0.911	-25.8
4.83	-9.813	12.784	-19.5
4.84	-9.813	27.017	-13.8
4.85	-9.814	39.816	-7.8
4.86	-9.818	47.870	2.0
4.87	-9.824	50.755	16.1
4.88	-9.830	51.063	33.5
4.89	-9.837	49.956	52.4
4.9	-9.845	45.619	74.5
4.91	-9.851	37.631	107.0
4.92	-9.856	28.069	142.7
4.93	-9.861	18.428	167.1
4.94	-9.865	9.152	179.1
4.95	-9.869	0.898	179.2
4.96	-9.874	-5.598	156.7
4.97	-9.877	-10.420	104.6
4.98	-9.879	-14.028	41.8
4.99	-9.881	-16.383	-12.4
5.0	-9.882	-17.272	-55.5
5.01	-9.882	-16.850	-78.5
5.02	-9.882	-15.620	-81.9
5.03	-9.883	-14.305	-83.2
5.04	-9.888	-13.588	-84.5
5.05	-9.893	-13.842	-83.1
5.06	-9.899	-15.200	-83.1
5.07	-9.904	-17.508	-83.5
5.08	-9.907	-20.364	-82.2
5.09	-9.908	-23.320	-77.0
5.1	-9.906	-25.738	-72.9
5.11	-9.901	-26.833	-73.0
5.12	-9.893	-26.434	-72.9
5.13	-9.882	-25.077	-70.8
5.14	-9.869	-23.198	-64.4
5.15	-9.854	-20.995	-63.9
5.16	-9.836	-18.769	-66.2
5.17	-9.814	-16.869	-61.6
5.18	-9.789	-15.525	-57.8
5.19	-9.761	-14.759	-58.7
5.2	-9.731	-14.495	-59.0
5.21	-9.702	-14.728	-57.4
5.22	-9.672	-15.342	-56.5
5.23	-9.645	-16.020	-57.2
5.24	-9.620	-16.550	-44.0
5.25	-9.598	-16.897	-7.2
5.26	-9.578	-17.145	20.4
5.27	-9.560	-17.416	22.0
5.28	-9.544	-17.795	18.6
5.29	-9.530	-18.259	16.0
5.3	-9.516	-18.608	-2.7
5.31	-9.503	-18.683	-39.7
5.32	-9.490	-18.631	-65.1
5.33	-9.476	-18.644	-68.4
5.34	-9.462	-18.594	-66.5
5.35	-9.448	-18.367	-66.0
5.36	-9.435	-18.025	-66.9
5.37	-9.427	-17.637	-39.7
5.38	-9.422	-17.319	122.5
5.39	-9.417	-17.039	300.2
5.4	-9.406	-16.747	205.5
5.41	-9.393	-16.594	-65.5
5.42	-9.379	-16.570	-209.0
5.43	-9.366	-16.403	-164.3
5.44	-9.352	-15.955	-81.5
5.45	-9.338	-15.398	-52.8
5.46	-9.327	-14.889	-50.6
5.47	-9.318	-14.517	-46.1
5.48	-9.310	-14.284	-42.4
5.49	-9.302	-13.780	-41.2
5.5	-9.293	-12.402	-35.1
5.51	-9.281	-9.445	-25.3
5.52	-9.266	-3.600	-19.2
5.53	-9.251	6.145	-18.5
5.54	-9.238	18.825	-8.8
5.55	-9.225	31.780	5.2
5.56	-9.214	42.334	19.8
5.57	-9.205	48.639	38.8
5.58	-9.196	50.692	56.0
5.59	-9.187	49.564	79.3
5.6	-9.179	45.072	111.0
5.61	-9.172	37.269	142.8
5.62	-9.166	27.559	173.6
5.63	-9.160	17.355	197.2
5.64	-9.154	7.644	204.7
5.65	-9.149	-0.992	178.4
5.66	-9.144	-8.188	119.3
5.67	-9.139	-13.688	52.2
5.68	-9.136	-17.438	-10.6
5.69	-9.134	-19.653	-59.8
5.7	-9.131	-20.600	-86.4
5.71	-9.127	-20.473	-96.0
5.72	-9.124	-19.795	-96.1
5.73	-9.121	-19.300	-95.4
5.74	-9.121	-19.419	-95.4
5.75	-9.122	-20.248	-97.1
5.76	-9.121	-21.808	-100.0
5.77	-9.119	-24.163	-95.6
5.78	-9.113	-26.998	-91.5
5.79	-9.106	-29.470	-93.5
5.8	-9.099	-30.648	-91.3
5.81	-9.093	-29.927	-86.3
5.82	-9.088	-27.483	-80.9
5.83	-9.083	-24.300	-76.5
5.84	-9.079	-21.334	-75.8
5.85	-9.077	-18.933	-74.5
5.86	-9.074	-17.031	-71.3
5.87	-9.071	-15.583	-71.2
5.88	-9.066	-14.713	-71.9
5.89	-9.063	-14.300	-70.5
5.9	-9.059	-14.114	-70.3
5.91	-9.058	-14.448	-68.1
5.92	-9.055	-15.684	-63.5
5.93	-9.053	-17.470	-63.2
5.94	-9.051	-19.073	-66.7
5.95	-9.049	-20.244	-65.5
5.96	-9.047	-21.266	-63.1
5.97	-9.046	-22.297	-63.6
5.98	-9.043	-23.145	-60.0
5.99	-9.041	-23.725	-58.6
6.0	-9.039	-24.156	-60.2
6.01	-9.037	-24.508	-57.8
6.02	-9.035	-24.767	-56.0
6.03	-9.034	-24.745	-55.7
6.04	-9.033	-24.269	-53.9
6.05	-9.033	-23.613	-51.2
6.06	-9.033	-23.136	-49.1
6.07	-9.032	-22.961	-49.4
6.08	-9.031	-22.888	-50.2
6.09	-9.031	-22.428	-51.6
6.1	-9.032	-21.506	-48.3
6.11	-9.033	-20.642	-42.7
6.12	-9.034	-20.192	-46.1
6.13	-9.034	-19.930	-49.0
6.14	-9.035	-19.488	-46.3
6.15	-9.036	-18.880	-45.2
6.16	-9.036	-18.442	-42.4
6.17	-9.036	-18.253	-39.8
6.18	-9.034	-17.963	-33.1
6.19	-9.033	-17.383	-8.7
6.2	-9.033	-16.842	22.3
6.21	-9.031	-16.616	31.5
6.22	-9.031	-16.495	26.6
6.23	-9.030	-16.117	27.8
6.24	-9.029	-15.481	20.5
6.25	-9.029	-14.991	-12.5
6.26	-9.029	-14.955	-43.4
6.27	-9.027	-15.222	-48.9
6.28	-9.026	-15.302	-47.9
6.29	-9.026	-14.928	-49.6
6.3	-9.026	-14.339	-54.6
6.31	-9.031	-13.927	4.3
6.32	-9.036	-13.828	219.8
6.33	-9.041	-13.808	366.1
6.34	-9.044	-13.633	209.1
6.35	-9.046	-13.409	-46.4
6.36	-9.047	-13.381	-141.3
6.37	-9.046	-13.644	-106.9
6.38	-9.042	-14.061	-74.3
6.39	-9.037	-14.442	-61.9
6.4	-9.033	-14.578	-53.7
6.41	-9.031	-14.209	-52.4
6.42	-9.029	-13.178	-50.2
6.43	-9.028	-10.783	-46.1
6.44	-9.026	-4.905	-42.4
6.45	-9.020	6.581	-36.6
6.46	-9.013	22.841	-32.2
6.47	-9.007	38.839	-28.7
6.48	-9.002	48.333	-20.1
6.49	-8.998	50.955	-10.2
6.5	-8.992	51.131	-2.0
6.51	-8.987	51.133	10.0
6.52	-8.983	50.972	29.1
6.53	-8.981	48.870	52.6
6.54	-8.979	41.659	79.7
6.55	-8.978	29.769	108.5
6.56	-8.978	16.963	136.5
6.57	-8.979	5.655	160.4
6.58	-8.982	-3.294	174.2
6.59	-8.987	-9.836	166.1
6.6	-8.994	-14.361	127.4
6.61	-9.001	-17.177	69.7
6.62	-9.011	-18.511	12.0
6.63	-9.024	-18.616	-33.5
6.64	-9.040	-17.833	-58.7
6.65	-9.058	-16.547	-68.8
6.66	-9.078	-15.134	-74.0
6.67	-9.098	-14.122	-77.0
6.68	-9.116	-14.081	-75.8
6.69	-9.133	-15.242	-74.4
6.7	-9.146	-17.512	-74.2
6.71	-9.159	-20.569	-74.1
6.72	-9.170	-23.716	-71.5
6.73	-9.180	-26.102	-68.7
6.74	-9.191	-27.297	-68.5
6.75	-9.201	-27.350	-69.2
6.76	-9.213	-26.466	-70.6
6.77	-9.224	-25.041	-68.4
6.78	-9.235	-23.467	-64.0
6.79	-9.246	-21.866	-63.6
6.8	-9.258	-20.314	-63.0
6.81	-9.271	-18.959	-61.4
6.82	-9.283	-17.927	-60.9
6.83	-9.294	-17.200	-62.2
6.84	-9.305	-16.697	-63.9
6.85	-9.316	-16.339	-61.5
6.86	-9.326	-16.269	-57.3
6.87	-9.338	-17.219	-57.8
6.88	-9.350	-18.584	-58.7
6.89	-9.362	-19.313	-56.9
6.9	-9.374	-19.920	-55.6
6.91	-9.386	-20.923	-56.1
6.92	-9.398	-22.214	-55.7
6.93	-9.408	-23.414	-52.8
6.94	-9.419	-24.134	-50.0
6.95	-9.429	-24.247	-51.2
6.96	-9.440	-24.044	-51.6
6.97	-9.450	-23.727	-52.8
6.98	-9.461	-23.000	-55.1
6.99	-9.470	-21.577	-52.5
7.0	-9.481	-20.394	-48.5
7.01	-9.492	-20.084	-43.8
7.02	-9.503	-20.553	-41.4
7.03	-9.515	-21.369	-48.4
7.04	-9.527	-20.919	-53.0
7.05	-9.539	-20.103	-49.5
7.06	-9.549	-20.292	-47.5
7.07	-9.559	-20.484	-46.0
7.08	-9.569	-20.411	-45.9
7.09	-9.578	-20.520	-46.0
7.1	-9.588	-20.738	-20.7
7.11	-9.598	-20.780	18.6
7.12	-9.607	-20.700	34.5
7.13	-9.617	-20.253	30.0
7.14	-9.627	-19.591	25.8
7.15	-9.638	-19.209	16.8
7.16	-9.649	-18.722	-14.0
7.17	-9.660	-17.725	-47.2
7.18	-9.671	-16.597	-52.3
7.19	-9.679	-15.722	-47.8
7.2	-9.687	-15.145	-49.7
7.21	-9.697	-14.736	-53.2
7.22	-9.711	-14.247	-4.4
7.23	-9.726	-13.520	182.0
7.24	-9.739	-12.631	322.0
7.25	-9.745	-11.778	177.7
7.26	-9.747	-11.013	-81.6
7.27	-9.748	-10.416	-183.7
7.28	-9.748	-10.200	-131.0
7.29	-9.748	-10.553	-69.3
7.3	-9.752	-11.350	-47.9
7.31	-9.759	-12.073	-44.2
7.32	-9.768	-12.475	-42.6
7.33	-9.776	-12.717	-41.5
7.34	-9.782	-12.603	-38.5
7.35	-9.785	-10.770	-33.0
7.36	-9.785	-4.673	-28.0
7.37	-9.783	7.353	-24.4
7.38	-9.779	23.620	-19.8
7.39	-9.776	39.058	-11.7
7.4	-9.776	48.228	0.4
7.41	-9.778	50.909	12.7
7.42	-9.780	51.130	25.6
7.43	-9.781	51.131	46.2
7.44	-9.782	50.672	70.5
7.45	-9.781	47.450	94.0
7.46	-9.780	39.478	121.2
7.47	-9.777	28.372	146.2
7.48	-9.776	16.661	166.0
7.49	-9.774	5.614	178.8
7.5	-9.773	-3.781	168.0
7.51	-9.771	-10.923	123.4
7.52	-9.769	-15.961	63.8
7.53	-9.766	-19.405	5.5
7.54	-9.759	-21.547	-42.8
7.55	-9.752	-22.345	-70.7
7.56	-9.743	-21.841	-81.4
7.57	-9.728	-20.588	-84.4
7.58	-9.710	-19.333	-84.3
7.59	-9.690	-18.580	-83.8
7.6	-9.668	-18.663	-86.1
7.61	-9.642	-19.739	-87.7
7.62	-9.613	-21.842	-87.2
7.63	-9.582	-24.708	-85.0
7.64	-9.551	-27.567	-79.4
7.65	-9.519	-29.420	-77.7
7.66	-9.488	-29.505	-73.2
7.67	-9.459	-27.919	-66.0
7.68	-9.434	-25.520	-64.7
7.69	-9.410	-23.025	-65.8
7.7	-9.389	-20.692	-66.2
7.71	-9.369	-18.653	-64.3
7.72	-9.351	-16.934	-61.0
7.73	-9.332	-15.534	-61.3
7.74	-9.316	-14.811	-62.2
7.75	-9.299	-15.100	-61.5
7.76	-9.284	-16.102	-60.3
7.77	-9.269	-17.028	-58.1
7.78	-9.257	-17.303	-55.4
7.79	-9.245	-17.169	-56.2
7.8	-9.235	-17.139	-60.8
7.81	-9.225	-17.145	-59.9
7.82	-9.217	-16.914	-55.8
7.83	-9.209	-16.573	-57.2
7.84	-9.202	-16.442	-56.0
7.85	-9.196	-16.655	-55.1
7.86	-9.190	-17.142	-54.0
7.87	-9.184	-17.791	-51.0
7.88	-9.178	-18.514	-49.5
7.89	-9.173	-19.106	-46.5
7.9	-9.168	-19.289	-24.5
7.91	-9.164	-19.108	12.0
7.92	-9.159	-19.020	27.3
7.93	-9.154	-19.314	19.1
7.94	-9.149	-19.663	13.9
7.95	-9.144	-19.647	8.0
7.96	-9.140	-19.298	-19.7
7.97	-9.136	-18.995	-50.1
7.98	-9.130	-18.956	-59.5
7.99	-9.123	-19.028	-60.3
8.0	-9.116	-18.991	-60.9
8.01	-9.112	-18.709	-63.4
8.02	-9.111	-18.167	-23.4
8.03	-9.115	-17.555	156.3
8.04	-9.117	-17.127	311.0
8.05	-9.117	-16.673	184.7
8.06	-9.113	-15.834	-77.8
8.07	-9.107	-14.909	-192.9
8.08	-9.100	-14.464	-137.7
8.09	-9.093	-14.528	-73.3
8.1	-9.088	-14.753	-56.8
8.11	-9.084	-14.991	-54.1
8.12	-9.084	-15.256	-51.1
8.13	-9.086	-15.463	-46.1
8.14	-9.085	-15.255	-44.9
8.15	-9.082	-13.678	-48.2
8.16	-9.076	-8.909	-42.6
8.17	-9.068	0.939	-29.5
8.18	-9.058	15.728	-22.6
8.19	-9.049	32.214	-16.7
8.2	-9.042	44.803	-5.8
8.21	-9.037	50.208	7.6
8.22	-9.034	51.111	24.0
8.23	-9.031	51.131	41.0
8.24	-9.027	51.045	62.6
8.25	-9.024	49.497	88.7
8.26	-9.022	43.613	117.1
8.27	-9.020	33.183	147.2
8.28	-9.019	21.264	170.5
8.29	-9.018	10.073	179.7
8.3	-9.018	0.314	167.3
8.31	-9.018	-7.961	123.9
8.32	-9.018	-14.811	58.4
8.33	-9.019	-19.102	-5.6
8.34	-9.019	-20.945	-53.1
8.35	-9.022	-21.914	-81.7
8.36	-9.026	-21.658	-91.6
8.37	-9.031	-20.283	-96.4
8.38	-9.035	-19.336	-98.2
8.39	-9.040	-19.163	-94.7
8.4	-9.045	-19.161	-95.7
8.41	-9.049	-19.722	-96.0
8.42	-9.050	-21.720	-91.2
8.43	-9.051	-24.964	-90.8
8.44	-9.051	-28.278	-92.1
8.45	-9.050	-30.380	-87.5
8.46	-9.050	-30.617	-82.2
8.47	-9.050	-29.155	-81.2
8.48	-9.051	-26.609	-78.3
8.49	-9.054	-23.756	-74.8
8.5	-9.059	-21.177	-75.3
8.51	-9.064	-18.931	-75.5
8.52	-9.069	-16.952	-74.1
8.53	-9.074	-15.395	-71.4
8.54	-9.079	-14.531	-67.5
8.55	-9.084	-14.516	-66.5
8.56	-9.091	-15.120	-67.2
8.57	-9.097	-15.958	-67.8
8.58	-9.103	-16.895	-67.9
8.59	-9.108	-17.880	-64.9
8.6	-9.114	-18.891	-63.3
8.61	-9.119	-20.030	-66.5
8.62	-9.124	-21.269	-63.6
8.63	-9.128	-22.427	-59.5
8.64	-9.133	-23.439	-57.4
8.65	-9.138	-24.297	-56.5
8.66	-9.143	-24.867	-57.5
8.67	-9.148	-25.136	-56.1
8.68	-9.151	-25.238	-54.3
8.69	-9.155	-25.184	-54.0
8.7	-9.158	-24.892	-54.0
8.71	-9.161	-24.334	-52.8
8.72	-9.162	-23.617	-49.2
8.73	-9.166	-22.919	-36.9
8.74	-9.169	-22.208	-6.9
8.75	-9.172	-21.409	21.6
8.76	-9.175	-20.814	26.5
8.77	-9.178	-20.683	21.1
8.78	-9.180	-20.714	21.1
8.79	-9.181	-20.484	4.8
8.8	-9.181	-19.981	-32.6
8.81	-9.181	-19.475	-54.8
8.82	-9.179	-19.002	-58.7
8.83	-9.178	-18.359	-64.3
8.84	-9.177	-17.681	-62.8
8.85	-9.178	-17.236	-54.3
8.86	-9.181	-16.970	55.0
8.87	-9.185	-16.773	280.5
8.88	-9.188	-16.652	325.2
8.89	-9.189	-16.464	89.8
8.9	-9.192	-16.027	-133.7
8.91	-9.192	-15.394	-163.8
8.92	-9.189	-14.823	-102.6
8.93	-9.184	-14.527	-66.6
8.94	-9.177	-14.395	-57.1
8.95	-9.171	-14.203	-56.5
8.96	-9.164	-13.897	-54.7
8.97	-9.155	-13.322	-50.4
8.98	-9.147	-11.541	-47.5
8.99	-9.140	-6.363	-45.6
9.0	-9.136	4.391	-39.6
9.01	-9.134	20.469	-31.6
9.02	-9.133	37.323	-21.0
9.03	-9.133	47.898	-13.4
9.04	-9.133	50.925	-9.9
9.05	-9.135	51.130	5.4
9.06	-9.138	51.139	27.5
9.07	-9.141	51.131	45.5
9.08	-9.148	50.936	68.3
9.09	-9.156	48.558	97.8
9.1	-9.167	40.811	128.3
9.11	-9.179	28.631	154.0
9.12	-9.193	16.025	171.8
9.13	-9.208	5.114	172.0
9.14	-9.223	-3.631	145.1
9.15	-9.236	-10.294	93.8
9.16	-9.250	-15.042	34.2
9.17	-9.264	-17.961	-20.2
9.18	-9.279	-19.137	-59.3
9.19	-9.294	-18.869	-79.7
9.2	-9.309	-17.745	-87.6
9.21	-9.325	-16.392	-87.3
9.22	-9.340	-15.314	-83.9
9.23	-9.354	-14.955	-85.8
9.24	-9.367	-15.753	-88.6
9.25	-9.379	-17.964	-89.4
9.26	-9.389	-21.397	-88.6
9.27	-9.399	-25.267	-87.5
9.28	-9.408	-28.300	-83.5
9.29	-9.417	-29.534	-75.0
9.3	-9.426	-29.073	-71.8
9.31	-9.434	-27.564	-73.0
9.32	-9.443	-25.473	-72.5
9.33	-9.453	-23.116	-73.0
9.34	-9.465	-20.797	-72.4
9.35	-9.477	-18.756	-70.8
9.36	-9.489	-17.178	-70.1
9.37	-9.502	-16.094	-69.7
9.38	-9.514	-15.391	-67.1
9.39	-9.527	-15.183	-64.6
9.4	-9.539	-15.622	-64.3
9.41	-9.551	-16.588	-64.3
9.42	-9.563	-17.781	-62.5
9.43	-9.574	-18.834	-61.4
9.44	-9.587	-19.773	-61.4
9.45	-9.600	-20.945	-61.5
9.46	-9.613	-22.322	-60.6
9.47	-9.627	-23.520	-60.6
9.48	-9.640	-24.341	-60.4
9.49	-9.653	-24.919	-56.5
9.5	-9.666	-25.347	-53.0
9.51	-9.678	-25.588	-52.5
9.52	-9.689	-25.606	-53.4
9.53	-9.701	-25.325	-52.1
9.54	-9.711	-24.863	-35.1
9.55	-9.722	-24.459	-0.8
9.56	-9.733	-24.123	21.0
9.57	-9.743	-23.809	18.3
9.58	-9.753	-23.452	14.5
9.59	-9.763	-22.964	11.9
9.6	-9.773	-22.430	-7.1
9.61	-9.781	-21.869	-37.2
9.62	-9.788	-21.131	-57.7
9.63	-9.794	-20.241	-62.1
9.64	-9.799	-19.553	-57.0
9.65	-9.804	-19.222	-60.3
9.66	-9.813	-18.919	-47.0
9.67	-9.826	-18.352	94.5
9.68	-9.840	-17.695	297.4
9.69	-9.850	-17.241	260.8
9.7	-9.854	-16.913	-6.7
9.71	-9.854	-16.522	-187.6
9.72	-9.853	-16.027	-167.4
9.73	-9.849	-15.436	-89.1
9.74	-9.845	-14.772	-56.1
9.75	-9.842	-14.083	-52.6
9.76	-9.844	-13.469	-52.5
9.77	-9.849	-12.988	-47.7
9.78	-9.851	-12.534	-39.8
9.79	-9.850	-11.491	-34.6
9.8	-9.847	-8.116	-30.6
9.81	-9.842	-0.089	-25.8
9.82	-9.838	13.442	-20.4
9.83	-9.836	30.198	-13.1
9.84	-9.836	44.003	-3.0
9.85	-9.840	50.119	11.1
9.86	-9.845	51.113	29.0
9.87	-9.849	51.136	45.6
9.88	-9.852	51.131	65.6
9.89	-9.853	50.872	91.7
9.9	-9.854	48.097	122.4
9.91	-9.853	39.667	156.1
9.92	-9.852	27.108	182.8
9.93	-9.851	14.523	193.9
9.94	-9.851	3.595	186.5
9.95	-9.852	-5.345	148.4
9.96	-9.851	-12.158	85.1
9.97	-9.851	-16.883	20.4
9.98	-9.848	-19.808	-32.0
9.99	-9.846	-21.383	-67.4
10.0	-9.842	-21.875	-83.9
10.01	-9.838	-21.578	-88.6
10.02	-9.834	-21.077	-92.6
10.03	-9.829	-20.995	-94.5
10.04	-9.819	-21.852	-90.8
10.05	-9.804	-23.944	-87.4
10.06	-9.783	-27.077	-87.0
10.07	-9.758	-30.383	-89.1
10.08	-9.729	-32.848	-88.3
10.09	-9.698	-34.003	-84.5
10.1	-9.667	-33.792	-77.8
10.11	-9.636	-32.402	-72.3
10.12	-9.606	-30.244	-70.0
10.13	-9.578	-27.617	-65.6
10.14	-9.553	-24.822	-61.6
10.15	-9.530	-22.323	-64.3
10.16	-9.508	-20.388	-64.0
10.17	-9.487	-18.986	-58.5
10.18	-9.467	-18.166	-59.1
10.19	-9.449	-18.102	-60.5
10.2	-9.432	-18.708	-56.0
10.21	-9.416	-19.666	-54.8
10.22	-9.402	-20.784	-58.8
10.23	-9.389	-21.969	-59.5
10.24	-9.378	-22.969	-55.4
10.25	-9.368	-23.538	-55.6
10.26	-9.359	-23.759	-55.1
10.27	-9.351	-23.881	-51.8
10.28	-9.344	-23.878	-51.0
10.29	-9.337	-23.517	-52.3
10.3	-9.331	-22.920	-51.0
10.31	-9.324	-22.488	-29.3
10.32	-9.317	-22.389	9.3
10.33	-9.310	-22.516	26.2
10.34	-9.303	-22.580	18.1
10.35	-9.296	-22.358	13.8
10.36	-9.290	-21.973	14.0
10.37	-9.284	-21.695	-9.2
10.38	-9.277	-21.533	-43.4
10.39	-9.270	-21.189	-57.8
10.4	-9.261	-20.538	-59.3
10.41	-9.252	-19.998	-55.7
10.42	-9.244	-20.016	-53.9
10.43	-9.241	-20.355	-38.2
10.44	-9.242	-20.483	114.1
10.45	-9.244	-20.247	316.7
10.46	-9.242	-19.742	256.0
10.47	-9.236	-19.033	-17.1
10.48	-9.227	-18.184	-182.9
10.49	-9.217	-17.334	-155.7
10.5	-9.207	-16.730	-81.9
10.51	-9.199	-16.614	-52.8
10.52	-9.195	-17.055	-47.2
10.53	-9.192	-17.827	-48.5
10.54	-9.190	-18.334	-45.8
10.55	-9.187	-18.205	-38.0
10.56	-9.183	-17.227	-34.0
10.57	-9.176	-13.898	-33.1
10.58	-9.168	-5.991	-28.7
10.59	-9.162	6.742	-20.9
10.6	-9.157	21.823	-9.1
10.61	-9.153	35.858	2.6
10.62	-9.149	45.786	10.9
10.63	-9.146	50.219	23.8
10.64	-9.141	50.923	44.9
10.65	-9.136	49.233	69.4
10.66	-9.132	43.950	99.2
10.67	-9.129	35.244	131.0
10.68	-9.126	24.981	159.5
10.69	-9.124	14.547	182.2
10.7	-9.123	4.773	194.9
10.71	-9.123	-3.683	184.5
10.72	-9.123	-10.342	141.6
10.73	-9.123	-15.192	71.7
10.74	-9.122	-18.527	4.5
10.75	-9.121	-20.547	-39.1
10.76	-9.123	-21.231	-68.1
10.77	-9.127	-20.711	-86.5
10.78	-9.133	-19.666	-91.2
10.79	-9.139	-18.900	-88.3
10.8	-9.144	-18.878	-88.2
10.81	-9.149	-19.791	-94.8
10.82	-9.151	-21.639	-92.4
10.83	-9.151	-24.417	-85.9
10.84	-9.149	-27.830	-87.3
10.85	-9.146	-30.939	-84.7
10.86	-9.145	-32.855	-78.8
10.87	-9.146	-33.217	-78.5
10.88	-9.147	-32.083	-75.7
10.89	-9.149	-29.845	-70.9
10.9	-9.150	-27.184	-69.0
10.91	-9.151	-24.786	-67.5
10.92	-9.152	-22.858	-67.8
10.93	-9.155	-21.292	-68.0
10.94	-9.158	-20.250	-64.1
10.95	-9.160	-19.936	-61.1
10.96	-9.163	-20.103	-60.3
10.97	-9.167	-20.381	-59.5
10.98	-9.171	-20.794	-57.9
10.99	-9.176	-21.520	-57.3
11.0	-9.183	-22.416	-57.4
11.01	-9.189	-23.156	-58.5
11.02	-9.194	-23.675	-60.3
11.03	-9.199	-24.188	-58.0
11.04	-9.205	-24.877	-53.6
11.05	-9.210	-25.713	-53.4
11.06	-9.216	-26.389	-54.0
11.07	-9.221	-26.614	-51.5
11.08	-9.226	-26.467	-47.8
11.09	-9.231	-26.164	-46.5
11.1	-9.235	-25.780	-47.7
11.11	-9.238	-25.338	-51.2
11.12	-9.241	-24.769	-49.6
11.13	-9.243	-23.994	-43.5
11.14	-9.245	-23.192	-38.8
11.15	-9.248	-22.620	-21.4
11.16	-9.251	-22.145	13.6
11.17	-9.256	-21.408	31.5
11.18	-9.259	-20.550	22.8
11.19	-9.262	-20.008	18.6
11.2	-9.263	-19.792	18.5
11.21	-9.263	-19.634	-5.0
11.22	-9.261	-19.353	-37.9
11.23	-9.259	-19.025	-53.2
11.24	-9.257	-18.705	-52.5
11.25	-9.256	-18.330	-49.4
11.26	-9.254	-17.950	-55.7
11.27	-9.256	-17.595	-32.3
11.28	-9.257	-17.213	145.1
11.29	-9.257	-16.822	353.3
11.3	-9.256	-16.461	281.8
11.31	-9.257	-16.183	6.5
11.32	-9.259	-16.002	-153.4
11.33	-9.261	-15.817	-130.1
11.34	-9.258	-15.570	-72.3
11.35	-9.251	-15.333	-53.8
11.36	-9.244	-15.223	-51.7
11.37	-9.238	-15.130	-52.9
11.38	-9.233	-14.775	-54.0
11.39	-9.229	-13.734	-49.6
11.4	-9.225	-10.981	-39.0
11.41	-9.223	-4.981	-31.4
11.42	-9.222	5.109	-30.2
11.43	-9.221	18.184	-27.1
11.44	-9.220	31.534	-17.5
11.45	-9.219	42.352	-6.0
11.46	-9.219	48.695	6.6
11.47	-9.219	50.466	17.4
11.48	-9.219	48.488	31.9
11.49	-9.222	43.039	58.0
11.5	-9.226	34.845	87.2
11.51	-9.232	25.297	116.4
11.52	-9.241	15.683	147.7
11.53	-9.251	6.908	171.8
11.54	-9.262	-0.519	185.8
11.55	-9.274	-6.313	179.5
11.56	-9.286	-10.514	139.6
11.57	-9.299	-13.367	77.1
11.58	-9.311	-14.875	15.9
11.59	-9.322	-15.089	-33.7
11.6	-9.336	-14.675	-63.5
11.61	-9.349	-14.255	-76.1
11.62	-9.364	-13.833	-84.2
11.63	-9.380	-13.478	-85.7
11.64	-9.397	-13.714	-81.4
11.65	-9.412	-14.997	-80.1
11.66	-9.427	-17.389	-79.7
11.67	-9.439	-20.539	-76.4
11.68	-9.449	-23.738	-74.4
11.69	-9.460	-26.284	-74.9
11.7	-9.471	-27.758	-74.0
11.71	-9.482	-28.070	-72.5
11.72	-9.493	-27.319	-69.3
11.73	-9.504	-25.795	-67.5
11.74	-9.515	-24.058	-67.9
11.75	-9.526	-22.333	-68.8
11.76	-9.539	-20.700	-65.6
11.77	-9.551	-19.442	-62.2
11.78	-9.564	-18.486	-63.3
11.79	-9.578	-17.752	-62.5
11.8	-9.591	-17.486	-57.9
11.81	-9.605	-17.741	-57.9
11.82	-9.618	-18.269	-60.4
11.83	-9.631	-18.889	-58.7
11.84	-9.644	-19.627	-56.2
11.85	-9.657	-20.488	-55.5
11.86	-9.670	-21.467	-56.7
11.87	-9.683	-22.491	-59.4
11.88	-9.697	-23.138	-57.9
11.89	-9.710	-23.272	-53.6
11.9	-9.723	-23.366	-50.3
11.91	-9.736	-23.677	-46.7
11.92	-9.748	-23.952	-46.6
11.93	-9.761	-24.017	-50.3
11.94	-9.773	-23.813	-51.0
11.95	-9.786	-23.313	-49.6
11.96	-9.797	-22.844	-46.2
11.97	-9.808	-22.636	-46.5
11.98	-9.818	-22.489	-48.0
11.99	-9.828	-22.117	-40.2
12.0	-9.836	-21.477	-15.5
12.01	-9.845	-20.745	15.1
12.02	-9.853	-20.003	26.1
12.03	-9.860	-19.267	20.1
12.04	-9.866	-18.673	18.4
12.05	-9.873	-18.258	10.9
12.06	-9.877	-17.855	-18.2
12.07	-9.881	-17.431	-48.1
12.08	-9.885	-17.273	-54.4
12.09	-9.887	-17.361	-50.8
12.1	-9.889	-17.320	-52.8
12.11	-9.893	-17.038	-57.9
12.12	-9.902	-16.600	-8.2
12.13	-9.915	-16.153	179.9
12.14	-9.926	-15.681	328.2
12.15	-9.931	-14.938	189.7
12.16	-9.930	-14.075	-77.5
12.17	-9.929	-13.464	-185.7
12.18	-9.927	-13.006	-130.5
12.19	-9.924	-12.644	-65.8
12.2	-9.919	-12.639	-42.9
12.21	-9.919	-12.958	-39.9
12.22	-9.922	-13.138	-41.9
12.23	-9.927	-12.919	-42.0
12.24	-9.928	-12.327	-36.9
12.25	-9.926	-10.805	-30.0
12.26	-9.921	-6.631	-24.9
12.27	-9.915	1.841	-19.9
12.28	-9.910	13.872	-14.2
12.29	-9.908	26.361	-6.4
12.3	-9.908	36.406	6.2
12.31	-9.909	42.730	18.8
12.32	-9.910	45.095	32.9
12.33	-9.911	43.631	51.3
12.34	-9.909	38.873	72.8
12.35	-9.908	31.825	100.6
12.36	-9.906	23.553	136.7
12.37	-9.904	14.756	169.1
12.38	-9.902	5.967	188.3
12.39	-9.899	-1.930	195.3
12.4	-9.896	-8.113	181.7
12.41	-9.891	-12.464	132.2
12.42	-9.883	-15.322	60.8
12.43	-9.871	-16.923	-3.7
12.44	-9.857	-17.292	-50.1
12.45	-9.842	-16.455	-76.0
12.46	-9.826	-14.884	-86.0
12.47	-9.808	-13.641	-88.9
12.48	-9.787	-13.458	-89.8
12.49	-9.765	-14.242	-94.7
12.5	-9.739	-15.827	-94.5
12.51	-9.711	-18.295	-89.2
12.52	-9.680	-21.489	-87.2
12.53	-9.648	-24.695	-89.7
12.54	-9.616	-26.908	-88.3
12.55	-9.586	-27.553	-82.3
12.56	-9.557	-26.789	-78.5
12.57	-9.530	-25.053	-74.6
12.58	-9.506	-22.873	-71.0
12.59	-9.484	-20.870	-72.2
12.6	-9.465	-19.403	-70.8
12.61	-9.447	-18.369	-67.3
12.62	-9.431	-17.566	-66.7
12.63	-9.415	-17.053	-64.6
12.64	-9.400	-17.000	-59.8
12.65	-9.386	-17.450	-59.5
12.66	-9.374	-18.034	-61.9
12.67	-9.363	-18.305	-60.2
12.68	-9.354	-18.373	-53.5
12.69	-9.346	-18.530	-33.8
12.7	-9.339	-18.689	-1.3
12.71	-9.333	-18.639	12.7
12.72	-9.328	-18.297	9.8
12.73	-9.322	-17.673	11.5
12.74	-9.318	-16.995	3.7
12.75	-9.313	-16.614	-26.8
12.76	-9.306	-16.473	-55.5
12.77	-9.297	-16.333	-67.5
12.78	-9.288	-16.306	-70.1
12.79	-9.279	-16.455	-68.1
12.8	-9.271	-16.553	-68.7
12.81	-9.266	-16.586	-75.7
12.82	-9.266	-16.714	-21.4
12.83	-9.269	-16.892	176.3
12.84	-9.268	-16.872	309.3
12.85	-9.260	-16.506	149.0
12.86	-9.251	-16.006	-112.1
12.87	-9.244	-15.850	-201.7
12.88	-9.236	-16.105	-136.5
12.89	-9.229	-16.327	-73.4
12.9	-9.223	-16.366	-57.4
12.91	-9.219	-16.409	-56.4
12.92	-9.219	-16.428	-56.3
12.93	-9.219	-16.091	-56.2
12.94	-9.219	-15.056	-48.5
12.95	-9.216	-13.105	-38.3
12.96	-9.210	-9.597	-33.0
12.97	-9.203	-3.391	-27.2
12.98	-9.193	5.848	-20.8
12.99	-9.184	16.692	-13.8
13.0	-9.178	26.694	-1.2
13.01	-9.173	33.837	13.8
13.02	-9.169	37.269	30.5
13.03	-9.166	37.042	48.0
13.04	-9.163	33.748	73.0
13.05	-9.160	28.278	107.2
13.06	-9.157	21.403	145.7
13.07	-9.154	13.777	178.9
13.08	-9.151	6.192	196.1
13.09	-9.150	-0.611	195.9
13.1	-9.149	-6.211	162.2
13.11	-9.148	-10.438	96.4
13.12	-9.146	-13.281	27.8
13.13	-9.146	-14.844	-31.0
13.14	-9.145	-15.339	-70.0
13.15	-9.146	-15.091	-88.9
13.16	-9.149	-14.425	-98.5
13.17	-9.154	-13.606	-100.8
13.18	-9.160	-13.111	-100.8
13.19	-9.165	-13.709	-101.2
13.2	-9.169	-15.738	-96.5
13.21	-9.169	-18.778	-95.5
13.22	-9.169	-22.119	-99.2
13.23	-9.165	-25.127	-96.8
13.24	-9.161	-27.197	-91.9
13.25	-9.157	-27.863	-87.0
13.26	-9.155	-27.113	-84.1
13.27	-9.154	-25.334	-85.1
13.28	-9.155	-23.073	-81.6
13.29	-9.157	-20.830	-76.0
13.3	-9.159	-18.892	-72.2
13.31	-9.162	-17.350	-71.3
13.32	-9.164	-16.261	-72.2
13.33	-9.166	-15.675	-69.8
13.34	-9.169	-15.584	-65.6
13.35	-9.172	-15.919	-65.3
13.36	-9.177	-16.503	-64.5
13.37	-9.183	-17.155	-62.2
13.38	-9.190	-17.817	-63.0
13.39	-9.197	-18.511	-63.3
13.4	-9.204	-19.258	-61.0
13.41	-9.209	-20.016	-60.3
13.42	-9.214	-20.719	-59.6
13.43	-9.219	-21.384	-58.7
13.44	-9.223	-22.000	-57.5
13.45	-9.226	-22.377	-56.5
13.46	-9.228	-22.434	-54.4
13.47	-9.229	-22.347	-52.2
13.48	-9.231	-22.263	-51.9
13.49	-9.232	-22.197	-52.7
13.5	-9.235	-21.997	-52.1
13.51	-9.238	-21.455	-50.6
13.52	-9.241	-20.661	-49.4
13.53	-9.243	-19.880	-49.4
13.54	-9.246	-19.061	-44.7
13.55	-9.247	-18.067	-39.0
13.56	-9.248	-17.069	-38.9
13.57	-9.248	-16.252	-41.6
13.58	-9.248	-15.592	-42.4
13.59	-9.249	-15.205	-42.3
13.6	-9.252	-14.813	-43.9
13.61	-9.256	-13.653	-43.5
13.62	-9.260	-12.542	-38.3
13.63	-9.263	-12.673	-37.9
13.64	-9.265	-13.216	-36.7
13.65	-9.267	-13.088	-30.9
13.66	-9.269	-12.523	-26.7
13.67	-9.271	-12.384	-8.5
13.68	-9.273	-12.783	21.8
13.69	-9.275	-12.933	32.6
13.7	-9.277	-12.423	26.3
13.71	-9.279	-11.697	24.8
13.72	-9.280	-11.325	26.9
13.73	-9.279	-11.494	5.7
13.74	-9.278	-12.036	-28.9
13.75	-9.277	-12.553	-43.9
13.76	-9.277	-12.880	-44.9
13.77	-9.277	-13.291	-43.1
13.78	-9.278	-13.845	-45.3
13.79	-9.282	-14.183	-37.4
13.8	-9.287	-14.233	102.9
13.81	-9.292	-14.344	331.4
13.82	-9.296	-14.589	327.3
13.83	-9.299	-14.950	70.5
13.84	-9.303	-15.347	-125.7
13.85	-9.303	-15.472	-135.6
13.86	-9.299	-15.491	-83.9
13.87	-9.293	-15.839	-59.9
13.88	-9.287	-16.386	-53.3
13.89	-9.285	-16.675	-56.3
13.9	-9.286	-16.356	-54.9
13.91	-9.289	-15.056	-48.8
13.92	-9.291	-11.709	-43.9
13.93	-9.291	-4.484	-40.8
13.94	-9.289	7.228	-39.0
13.95	-9.286	21.261	-29.8
13.96	-9.284	34.184	-21.6
13.97	-9.283	43.633	-19.4
13.98	-9.281	48.842	-9.2
13.99	-9.278	50.039	5.1
14.0	-9.275	47.708	22.0
14.01	-9.273	42.344	42.5
14.02	-9.272	34.731	63.9
14.03	-9.273	25.923	89.4
14.04	-9.274	16.952	123.4
14.05	-9.275	8.669	157.8
14.06	-9.277	1.788	177.3
14.07	-9.279	-3.352	179.2
14.08	-9.281	-6.863	156.4
14.09	-9.283	-8.852	103.3
14.1	-9.285	-9.263	38.2
14.11	-9.288	-8.492	-15.7
14.12	-9.293	-7.463	-46.6
14.13	-9.299	-6.805	-63.2
14.14	-9.308	-6.559	-75.6
14.15	-9.318	-6.694	-83.9
14.16	-9.328	-7.488	-85.0
14.17	-9.335	-9.244	-80.0
14.18	-9.339	-11.842	-75.8
14.19	-9.342	-14.880	-76.3
14.2	-9.342	-18.094	-72.8
14.21	-9.340	-21.130	-68.5
14.22	-9.338	-23.419	-70.4
14.23	-9.338	-24.500	-72.8
14.24	-9.338	-24.308	-71.1
14.25	-9.339	-23.238	-68.3
14.26	-9.342	-21.770	-68.0
14.27	-9.345	-20.128	-70.8
14.28	-9.351	-18.456	-68.7
14.29	-9.357	-16.998	-65.7
14.3	-9.366	-15.928	-64.4
14.31	-9.375	-15.252	-65.3
14.32	-9.383	-15.097	-68.0
14.33	-9.390	-15.666	-64.5
14.34	-9.397	-16.789	-59.5
14.35	-9.404	-17.994	-60.2
14.36	-9.411	-18.898	-61.2
14.37	-9.418	-19.391	-63.5
14.38	-9.424	-19.531	-61.6
14.39	-9.431	-19.513	-56.5
14.4	-9.439	-19.656	-58.1
14.41	-9.446	-20.086	-61.5
14.42	-9.451	-20.723	-59.2
14.43	-9.456	-21.375	-56.1
14.44	-9.460	-21.750	-53.0
14.45	-9.464	-21.845	-51.0
14.46	-9.469	-21.798	-54.6
14.47	-9.475	-21.498	-51.9
14.48	-9.482	-20.808	-46.4
14.49	-9.490	-19.844	-51.3
14.5	-9.499	-18.891	-51.8
14.51	-9.508	-18.075	-47.4
14.52	-9.518	-17.391	-45.8
14.53	-9.527	-17.050	-45.2
14.54	-9.538	-17.253	-43.6
14.55	-9.549	-17.691	-44.0
14.56	-9.559	-17.858	-43.6
14.57	-9.571	-17.617	-42.3
14.58	-9.582	-17.072	-44.7
14.59	-9.593	-16.458	-43.9
14.6	-9.604	-16.114	-37.7
14.61	-9.616	-16.136	-37.3
14.62	-9.629	-16.173	-40.0
14.63	-9.641	-15.916	-38.2
14.64	-9.652	-15.553	-38.4
14.65	-9.664	-15.363	-33.2
14.66	-9.677	-15.330	-6.6
14.67	-9.689	-15.250	24.2
14.68	-9.702	-14.956	33.9
14.69	-9.714	-14.527	28.5
14.7	-9.725	-14.100	25.6
14.71	-9.736	-13.692	13.5
14.72	-9.748	-13.397	-17.6
14.73	-9.759	-13.266	-43.0
14.74	-9.769	-13.030	-48.0
14.75	-9.779	-12.663	-46.9
14.76	-9.788	-12.572	-48.9
14.77	-9.799	-12.817	-56.3
14.78	-9.813	-13.002	-28.4
14.79	-9.829	-13.025	140.5
14.8	-9.843	-13.152	337.5
14.81	-9.853	-13.342	275.3
14.82	-9.858	-13.292	11.6
14.83	-9.864	-13.089	-151.1
14.84	-9.872	-13.114	-131.0
14.85	-9.879	-13.398	-71.9
14.86	-9.885	-13.719	-55.3
14.87	-9.894	-14.059	-56.2
14.88	-9.906	-14.370	-50.4
14.89	-9.917	-14.227	-43.9
14.9	-9.926	-13.192	-40.4
14.91	-9.934	-10.636	-37.8
14.92	-9.938	-5.091	-32.2
14.93	-9.941	4.664	-26.4
14.94	-9.943	17.744	-25.7
14.95	-9.946	31.313	-19.7
14.96	-9.950	42.334	-6.1
14.97	-9.954	48.761	4.8
14.98	-9.960	50.873	15.3
14.99	-9.965	50.597	32.7
15.0	-9.971	47.833	55.2
15.01	-9.978	41.470	80.8
15.02	-9.985	32.473	109.5
15.03	-9.993	22.703	138.4
15.04	-10.001	13.378	165.2
15.05	-10.009	5.119	177.7
15.06	-10.018	-1.678	170.5
15.07	-10.026	-6.877	141.9
15.08	-10.034	-10.536	89.4
15.09	-10.042	-12.550	26.3
15.1	-10.049	-13.041	-25.2
15.11	-10.058	-12.772	-55.8
15.12	-10.066	-12.152	-72.6
15.13	-10.073	-10.991	-81.0
15.14	-10.080	-9.741	-81.8
15.15	-10.089	-9.445	-81.7
15.16	-10.098	-10.644	-80.3
15.17	-10.105	-13.180	-77.3
15.18	-10.109	-16.619	-76.6
15.19	-10.111	-20.400	-77.4
15.2	-10.111	-23.833	-75.0
15.21	-10.111	-26.241	-73.3
15.22	-10.111	-27.298	-73.3
15.23	-10.111	-27.056	-72.0
15.24	-10.112	-25.825	-66.7
15.25	-10.113	-24.181	-59.7
15.26	-10.116	-22.483	-58.3
15.27	-10.119	-20.739	-59.4
15.28	-10.124	-19.102	-57.5
15.29	-10.129	-17.884	-56.9
15.3	-10.134	-17.108	-59.0
15.31	-10.139	-16.564	-57.4
15.32	-10.145	-16.139	-53.7
15.33	-10.151	-15.856	-57.2
15.34	-10.156	-15.875	-53.1
15.35	-10.162	-16.269	-48.3
15.36	-10.166	-16.728	-53.1
15.37	-10.170	-16.931	-54.0
15.38	-10.176	-16.981	-51.4
15.39	-10.183	-17.012	-46.7
15.4	-10.188	-17.017	-42.6
15.41	-10.194	-16.975	-47.7
15.42	-10.199	-16.770	-51.0
15.43	-10.206	-16.464	-46.4
15.44	-10.212	-16.394	-43.7
15.45	-10.218	-16.656	-31.0
15.46	-10.223	-17.031	3.9
15.47	-10.225	-17.358	28.6
15.48	-10.226	-17.489	26.4
15.49	-10.224	-17.289	22.8
15.5	-10.220	-17.005	20.4
15.51	-10.214	-16.953	-4.2
15.52	-10.202	-16.980	-33.0
15.53	-10.185	-16.831	-48.2
15.54	-10.163	-16.522	-57.4
15.55	-10.137	-16.233	-60.9
15.56	-10.108	-15.950	-56.1
15.57	-10.079	-15.263	-52.8
15.58	-10.052	-14.152	-20.2
15.59	-10.028	-13.075	141.6
15.6	-10.002	-12.248	293.4
15.61	-9.971	-11.709	171.9
15.62	-9.939	-11.563	-91.2
15.63	-9.908	-11.794	-206.6
15.64	-9.876	-12.209	-148.2
15.65	-9.844	-12.717	-71.6
15.66	-9.811	-13.283	-46.9
15.67	-9.781	-13.766	-40.9
15.68	-9.754	-14.173	-36.6
15.69	-9.731	-14.625	-34.6
15.7	-9.709	-14.995	-31.5
15.71	-9.686	-14.841	-28.2
15.72	-9.661	-13.263	-25.0
15.73	-9.634	-8.922	-17.8
15.74	-9.607	-0.914	-4.5
15.75	-9.582	10.106	4.7
15.76	-9.559	22.230	11.5
15.77	-9.539	33.377	24.8
15.78	-9.521	41.684	39.6
15.79	-9.505	46.050	55.0
15.8	-9.489	46.502	80.3
15.81	-9.474	43.503	114.6
15.82	-9.460	37.595	150.5
15.83	-9.447	29.531	180.1
15.84	-9.434	20.241	201.9
15.85	-9.424	10.864	218.4
15.86	-9.415	2.489	207.4
15.87	-9.406	-4.328	149.9
15.88	-9.398	-9.623	71.1
15.89	-9.391	-13.606	3.8
15.9	-9.386	-16.342	-43.4
15.91	-9.381	-17.666	-73.6
15.92	-9.374	-17.628	-91.0
15.93	-9.370	-17.003	-101.8
15.94	-9.367	-16.744	-96.6
15.95	-9.367	-17.233	-93.0
15.96	-9.369	-18.338	-96.4
15.97	-9.370	-20.058	-95.2
15.98	-9.369	-22.639	-93.9
15.99	-9.364	-25.756	-90.0
16.0	-9.356	-28.230	-88.0
16.01	-9.348	-28.969	-88.5
16.02	-9.340	-27.980	-86.2
16.03	-9.333	-26.059	-80.1
16.04	-9.328	-23.817	-74.9
16.05	-9.324	-21.528	-76.1
16.06	-9.322	-19.492	-73.9
16.07	-9.321	-18.028	-68.1
16.08	-9.319	-16.938	-64.7
16.09	-9.318	-15.888	-66.2
16.1	-9.316	-15.373	-68.6
16.11	-9.314	-15.920	-64.3
16.12	-9.312	-17.058	-61.1
16.13	-9.310	-18.050	-68.2
16.14	-9.309	-18.717	-70.6
16.15	-9.308	-19.236	-62.8
16.16	-9.309	-19.886	-61.3
16.17	-9.311	-20.753	-62.8
16.18	-9.313	-21.531	-61.7
16.19	-9.314	-21.911	-61.3
16.2	-9.316	-21.878	-60.3
16.21	-9.317	-21.592	-61.5
16.22	-9.318	-21.195	-60.7
16.23	-9.319	-20.752	-57.1
16.24	-9.320	-20.334	-51.2
16.25	-9.322	-20.016	-51.6
16.26	-9.322	-19.720	-55.8
16.27	-9.323	-19.342	-53.1
16.28	-9.323	-18.917	-50.3
16.29	-9.323	-18.634	-51.0
16.3	-9.322	-18.442	-52.7
16.31	-9.323	-18.098	-51.5
16.32	-9.323	-17.673	-43.7
16.33	-9.324	-17.323	-44.2
16.34	-9.324	-16.966	-46.6
16.35	-9.324	-16.580	-42.3
16.36	-9.325	-16.370	-28.8
16.37	-9.324	-16.458	3.8
16.38	-9.323	-16.705	26.4
16.39	-9.321	-16.845	24.1
16.4	-9.321	-16.775	21.3
16.41	-9.320	-16.597	17.3
16.42	-9.319	-16.430	-1.9
16.43	-9.319	-16.147	-33.6
16.44	-9.317	-15.527	-53.9
16.45	-9.315	-14.814	-52.5
16.46	-9.314	-14.498	-50.6
16.47	-9.313	-14.517	-55.1
16.48	-9.316	-14.508	-52.8
16.49	-9.321	-14.498	49.5
16.5	-9.325	-14.584	266.8
16.51	-9.326	-14.591	317.6
16.52	-9.322	-14.458	103.9
16.53	-9.319	-14.445	-110.7
16.54	-9.314	-14.606	-150.6
16.55	-9.309	-14.695	-95.0
16.56	-9.303	-14.839	-58.9
16.57	-9.298	-15.392	-50.8
16.58	-9.298	-16.198	-51.0
16.59	-9.300	-16.664	-49.0
16.6	-9.301	-16.358	-45.5
16.61	-9.300	-14.784	-42.7
16.62	-9.295	-10.475	-37.3
16.63	-9.289	-1.588	-34.1
16.64	-9.285	11.628	-30.3
16.65	-9.283	26.206	-21.7
16.66	-9.279	38.930	-12.3
16.67	-9.277	47.325	-3.2
16.68	-9.275	50.625	10.5
16.69	-9.273	50.930	26.2
16.7	-9.269	49.130	42.4
16.71	-9.268	43.753	64.0
16.72	-9.265	35.098	92.1
16.73	-9.264	25.045	123.4
16.74	-9.262	15.070	147.9
16.75	-9.260	6.089	166.0
16.76	-9.259	-1.475	177.3
16.77	-9.259	-7.441	161.3
16.78	-9.259	-11.645	111.4
16.79	-9.259	-14.073	42.8
16.8	-9.260	-15.119	-13.7
16.81	-9.262	-15.338	-46.0
16.82	-9.266	-15.113	-65.8
16.83	-9.271	-14.623	-76.9
16.84	-9.277	-14.017	-82.8
16.85	-9.283	-13.598	-85.8
16.86	-9.287	-13.891	-78.4
16.87	-9.291	-15.406	-73.0
16.88	-9.293	-18.081	-74.4
16.89	-9.291	-21.306	-73.6
16.9	-9.289	-24.575	-71.4
16.91	-9.286	-27.439	-69.9
16.92	-9.284	-29.339	-70.8
16.93	-9.283	-29.900	-69.3
16.94	-9.283	-29.189	-63.1
16.95	-9.284	-27.636	-65.0
16.96	-9.285	-25.672	-68.8
16.97	-9.286	-23.727	-64.0
16.98	-9.290	-22.164	-61.0
16.99	-9.294	-21.042	-62.3
17.0	-9.301	-20.280	-62.2
17.01	-9.307	-19.839	-60.4
17.02	-9.313	-19.736	-57.1
17.03	-9.318	-19.902	-55.4
17.04	-9.323	-20.167	-54.8
17.05	-9.328	-20.483	-56.2
17.06	-9.334	-20.955	-57.5
17.07	-9.339	-21.631	-56.5
17.08	-9.344	-22.341	-50.3
17.09	-9.349	-22.922	-46.6
17.1	-9.354	-23.427	-50.9
17.11	-9.359	-23.955	-56.0
17.12	-9.363	-24.355	-53.9
17.13	-9.367	-24.353	-47.0
17.14	-9.370	-24.036	-45.0
17.15	-9.374	-23.719	-45.9
17.16	-9.377	-23.438	-44.8
17.17	-9.381	-22.973	-45.3
17.18	-9.384	-22.250	-45.8
17.19	-9.386	-21.534	-46.3
17.2	-9.386	-21.067	-48.7
17.21	-9.387	-20.714	-48.4
17.22	-9.387	-20.288	-41.8
17.23	-9.387	-19.856	-35.9
17.24	-9.388	-19.536	-31.8
17.25	-9.389	-19.263	-12.1
17.26	-9.391	-18.884	21.9
17.27	-9.392	-18.455	34.5
17.28	-9.393	-18.158	26.2
17.29	-9.393	-18.077	23.2
17.3	-9.390	-18.123	18.5
17.31	-9.387	-18.089	-8.0
17.32	-9.383	-17.911	-37.8
17.33	-9.379	-17.761	-50.1
17.34	-9.377	-17.673	-51.7
17.35	-9.376	-17.447	-51.9
17.36	-9.376	-16.980	-54.7
17.37	-9.381	-16.469	-44.5
17.38	-9.389	-16.044	90.5
17.39	-9.396	-15.652	314.5
17.4	-9.404	-15.211	318.6
17.41	-9.413	-14.653	69.3
17.42	-9.423	-14.153	-128.1
17.43	-9.432	-13.956	-139.7
17.44	-9.439	-14.086	-85.3
17.45	-9.443	-14.453	-57.6
17.46	-9.448	-14.805	-50.1
17.47	-9.455	-14.909	-50.2
17.48	-9.461	-14.823	-47.4
17.49	-9.466	-14.491	-44.2
17.5	-9.469	-13.284	-41.5
17.51	-9.469	-9.745	-36.5
17.52	-9.467	-2.206	-30.3
17.53	-9.467	9.266	-26.7
17.54	-9.468	22.083	-20.3
17.55	-9.472	33.084	-8.3
17.56	-9.478	40.458	3.2
17.57	-9.484	43.644	12.1
17.58	-9.491	42.808	25.9
17.59	-9.498	38.620	47.9
17.6	-9.506	31.942	73.9
17.61	-9.514	23.761	101.1
17.62	-9.522	15.130	131.3
17.63	-9.531	6.839	160.4
17.64	-9.540	-0.552	178.9
17.65	-9.551	-6.563	179.2
17.66	-9.561	-11.016	154.5
17.67	-9.571	-13.992	103.2
17.68	-9.581	-15.633	42.6
17.69	-9.590	-16.238	-13.0
17.7	-9.600	-16.203	-54.3
17.71	-9.611	-15.759	-77.2
17.72	-9.621	-15.000	-82.3
17.73	-9.632	-14.203	-77.6
17.74	-9.645	-13.867	-79.5
17.75	-9.659	-14.466	-81.2
17.76	-9.672	-16.086	-77.4
17.77	-9.683	-18.359	-78.0
17.78	-9.693	-20.917	-76.5
17.79	-9.701	-23.506	-75.3
17.8	-9.708	-25.641	-73.5
17.81	-9.716	-26.747	-69.5
17.82	-9.724	-26.738	-70.0
17.83	-9.732	-25.888	-71.8
17.84	-9.741	-24.473	-69.7
17.85	-9.749	-22.870	-66.1
17.86	-9.759	-21.425	-63.3
17.87	-9.769	-20.248	-61.2
17.88	-9.779	-19.298	-59.1
17.89	-9.791	-18.556	-59.2
17.9	-9.802	-18.128	-59.3
17.91	-9.814	-18.097	-56.1
17.92	-9.826	-18.361	-55.6
17.93	-9.837	-18.745	-56.6
17.94	-9.849	-19.211	-53.9
17.95	-9.861	-19.831	-53.5
17.96	-9.874	-20.527	-51.3
17.97	-9.886	-21.081	-49.9
17.98	-9.897	-21.386	-52.0
17.99	-9.908	-21.452	-50.5
18.0	-9.920	-21.417	-48.8
18.01	-9.931	-21.364	-50.2
18.02	-9.941	-21.144	-48.2
18.03	-9.950	-20.758	-45.5
18.04	-9.959	-20.428	-45.5
18.05	-9.968	-20.192	-45.2
18.06	-9.978	-19.930	-42.9
18.07	-9.987	-19.620	-42.3
18.08	-9.996	-19.236	-41.2
18.09	-10.003	-18.773	-40.2
18.1	-10.011	-18.294	-40.9
18.11	-10.019	-17.717	-34.5
18.12	-10.026	-17.045	-11.1
18.13	-10.034	-16.555	18.3
18.14	-10.041	-16.402	30.3
18.15	-10.047	-16.403	30.2
18.16	-10.053	-16.278	28.5
18.17	-10.059	-15.927	13.0
18.18	-10.064	-15.486	-17.2
18.19	-10.069	-15.081	-40.9
18.2	-10.073	-14.606	-45.7
18.21	-10.075	-13.944	-45.8
18.22	-10.078	-13.128	-48.2
18.23	-10.082	-12.297	-48.1
18.24	-10.090	-11.622	-26.2
18.25	-10.103	-11.206	117.7
18.26	-10.113	-10.994	298.8
18.27	-10.117	-10.809	231.3
18.28	-10.114	-10.727	-28.3
18.29	-10.111	-10.900	-182.9
18.3	-10.106	-11.119	-149.4
18.31	-10.098	-11.380	-70.9
18.32	-10.088	-11.873	-41.7
18.33	-10.077	-12.381	-38.7
18.34	-10.069	-12.725	-36.5
18.35	-10.063	-12.864	-34.0
18.36	-10.052	-12.770	-30.5
18.37	-10.036	-12.106	-24.7
18.38	-10.014	-9.670	-19.7
18.39	-9.986	-3.903	-16.3
18.4	-9.953	5.553	-10.9
18.41	-9.918	16.864	-3.0
18.42	-9.883	27.167	6.5
18.43	-9.850	34.419	19.4
18.44	-9.819	37.827	34.3
18.45	-9.787	37.470	49.5
18.46	-9.755	33.977	69.6
18.47	-9.723	28.191	94.6
18.48	-9.693	20.819	123.9
18.49	-9.664	12.456	156.0
18.5	-9.636	3.980	183.0
18.51	-9.611	-3.566	196.6
18.52	-9.588	-9.523	194.0
18.53	-9.566	-13.816	163.3
18.54	-9.546	-16.716	101.8
18.55	-9.527	-18.502	29.8
18.56	-9.512	-19.370	-26.0
18.57	-9.496	-19.506	-58.8
18.58	-9.481	-19.052	-76.3
18.59	-9.467	-18.239	-82.6
18.6	-9.457	-17.361	-84.7
18.61	-9.451	-16.753	-85.5
18.62	-9.446	-16.825	-82.1
18.63	-9.441	-17.753	-84.1
18.64	-9.433	-19.320	-88.1
18.65	-9.422	-21.195	-85.0
18.66	-9.410	-23.011	-79.2
18.67	-9.398	-24.428	-77.8
18.68	-9.384	-24.792	-77.2
18.69	-9.371	-23.769	-73.1
18.7	-9.359	-22.061	-67.2
18.71	-9.350	-20.358	-61.9
18.72	-9.342	-18.841	-57.3
18.73	-9.336	-17.420	-53.2
18.74	-9.329	-16.280	-52.6
18.75	-9.324	-15.716	-55.7
18.76	-9.318	-15.647	-54.1
18.77	-9.313	-15.859	-51.7
18.78	-9.308	-16.147	-50.7
18.79	-9.305	-16.425	-49.8
18.8	-9.303	-16.675	-50.6
18.81	-9.303	-16.792	-50.4
18.82	-9.302	-16.684	-48.5
18.83	-9.301	-16.391	-48.0
18.84	-9.301	-16.059	-47.3
18.85	-9.300	-15.656	-47.7
18.86	-9.298	-15.047	-47.6
18.87	-9.296	-14.453	-46.5
18.88	-9.294	-14.244	-47.5
18.89	-9.293	-14.469	-47.9
18.9	-9.291	-14.888	-47.5
18.91	-9.289	-15.277	-46.5
18.92	-9.287	-15.570	-43.2
18.93	-9.286	-15.825	-44.5
18.94	-9.284	-16.098	-45.9
18.95	-9.283	-16.281	-42.0
18.96	-9.282	-16.255	-25.3
18.97	-9.281	-16.127	7.2
18.98	-9.279	-16.011	26.8
18.99	-9.278	-15.883	24.4
19.0	-9.277	-15.756	23.9
19.01	-9.276	-15.663	18.3
19.02	-9.274	-15.464	-10.2
19.03	-9.272	-15.172	-43.4
19.04	-9.269	-15.070	-53.8
19.05	-9.266	-15.139	-51.4
19.06	-9.263	-15.013	-53.1
19.07	-9.260	-14.594	-56.9
19.08	-9.261	-14.067	-51.3
19.09	-9.266	-13.653	45.1
19.1	-9.271	-13.413	255.1
19.11	-9.273	-13.098	310.2
19.12	-9.270	-12.509	90.6
19.13	-9.265	-11.863	-132.3
19.14	-9.260	-11.453	-164.7
19.15	-9.252	-11.355	-97.8
19.16	-9.246	-11.502	-58.8
19.17	-9.241	-11.773	-51.6
19.18	-9.239	-12.064	-49.3
19.19	-9.240	-12.259	-48.9
19.2	-9.241	-12.059	-48.9
19.21	-9.241	-10.980	-43.9
19.22	-9.237	-8.109	-37.2
19.23	-9.231	-2.144	-31.3
19.24	-9.226	7.242	-25.4
19.25	-9.221	18.261	-19.4
19.26	-9.216	28.091	-9.5
19.27	-9.212	34.845	-0.4
19.28	-9.209	38.034	9.9
19.29	-9.206	37.825	24.2
19.3	-9.203	34.644	43.9
19.31	-9.201	29.158	68.4
19.32	-9.198	22.069	95.2
19.33	-9.195	14.081	124.0
19.34	-9.193	6.070	151.4
19.35	-9.191	-1.086	172.0
19.36	-9.189	-6.841	178.8
19.37	-9.189	-11.055	158.6
19.38	-9.189	-13.795	109.4
19.39	-9.189	-15.189	46.5
19.4	-9.189	-15.477	-10.3
19.41	-9.190	-15.013	-50.6
19.42	-9.192	-14.172	-71.4
19.43	-9.196	-13.209	-81.4
19.44	-9.203	-12.311	-85.9
19.45	-9.209	-11.742	-85.6
19.46	-9.214	-11.861	-83.5
19.47	-9.217	-12.936	-82.0
19.48	-9.219	-14.908	-82.0
19.49	-9.218	-17.463	-81.3
19.5	-9.215	-20.108	-80.5
19.51	-9.212	-22.197	-79.4
19.52	-9.209	-23.206	-75.0
19.53	-9.207	-23.011	-71.4
19.54	-9.207	-21.906	-70.0
19.55	-9.207	-20.217	-70.0
19.56	-9.209	-18.305	-68.7
19.57	-9.214	-16.797	-66.1
19.58	-9.220	-16.030	-63.0
19.59	-9.227	-15.728	-60.7
19.6	-9.232	-15.564	-59.8
19.61	-9.238	-15.484	-59.4
19.62	-9.243	-15.544	-58.3
19.63	-9.248	-15.791	-59.1
19.64	-9.253	-16.177	-58.4
19.65	-9.259	-16.620	-55.2
19.66	-9.265	-17.155	-54.4
19.67	-9.271	-17.694	-55.2
19.68	-9.277	-18.153	-54.8
19.69	-9.283	-18.631	-53.4
19.7	-9.289	-19.142	-51.6
19.71	-9.296	-19.616	-53.8
19.72	-9.302	-19.923	-54.3
19.73	-9.308	-19.869	-49.3
19.74	-9.313	-19.384	-47.2
19.75	-9.316	-18.700	-48.8
19.76	-9.319	-18.195	-47.6
19.77	-9.322	-17.869	-44.9
19.78	-9.324	-17.356	-44.8
19.79	-9.328	-16.339	-46.4
19.8	-9.330	-15.069	-47.6
19.81	-9.333	-14.867	-48.9
19.82	-9.336	-15.772	-46.7
19.83	-9.340	-15.558	-41.6
19.84	-9.343	-14.464	-38.1
19.85	-9.346	-13.627	-38.9
19.86	-9.349	-11.070	-38.5
19.87	-9.353	-10.598	-26.6
19.88	-9.356	-13.634	3.7
19.89	-9.358	-14.627	30.8
19.9	-9.361	-13.784	33.2
19.91	-9.361	-13.445	26.8
19.92	-9.361	-13.920	27.1
19.93	-9.361	-14.575	15.9
19.94	-9.360	-14.700	-16.4
19.95	-9.360	-14.181	-44.0
19.96	-9.359	-13.266	-49.7
19.97	-9.360	-12.600	-47.1
19.98	-9.361	-12.628	-45.5
19.99	-9.363	-12.898	-52.2
20.0	-9.368	-12.888	-11.5
20.01	-9.374	-12.873	176.9
20.02	-9.376	-12.914	342.0
20.03	-9.378	-12.481	223.0
20.04	-9.382	-11.641	-39.2
20.05	-9.386	-10.886	-158.0
20.06	-9.389	-10.519	-120.2
20.07	-9.389	-10.655	-70.4
20.08	-9.386	-11.306	-55.2
20.09	-9.381	-12.217	-51.0
20.1	-9.376	-12.925	-46.3
20.11	-9.369	-13.078	-43.9
20.12	-9.360	-12.189	-40.8
20.13	-9.349	-9.239	-37.8
20.14	-9.338	-3.564	-34.2
20.15	-9.327	6.016	-28.0
20.16	-9.319	19.136	-21.8
20.17	-9.314	31.919	-14.5
20.18	-9.311	41.091	-4.0
20.19	-9.309	45.814	6.1
20.2	-9.308	46.517	18.7
20.21	-9.305	43.923	35.2
20.22	-9.303	38.741	54.9
20.23	-9.300	31.658	82.9
20.24	-9.298	23.419	115.2
20.25	-9.296	14.888	143.3
20.26	-9.296	6.873	166.0
20.27	-9.296	-0.081	177.4
20.28	-9.297	-5.650	174.5
20.29	-9.300	-9.645	144.2
20.3	-9.303	-12.123	84.9
20.31	-9.306	-13.330	24.2
20.32	-9.309	-13.489	-22.5
20.33	-9.315	-12.866	-54.8
20.34	-9.324	-11.845	-71.1
20.35	-9.337	-10.861	-76.1
20.36	-9.351	-10.263	-78.1
20.37	-9.364	-10.230	-80.8
20.38	-9.378	-10.930	-79.5
20.39	-9.391	-12.483	-77.8
20.4	-9.402	-14.825	-77.0
20.41	-9.412	-17.678	-75.4
20.42	-9.421	-20.466	-72.1
20.43	-9.429	-22.458	-68.7
20.44	-9.439	-23.134	-68.4
20.45	-9.448	-22.509	-69.5
20.46	-9.458	-21.108	-68.3
20.47	-9.469	-19.520	-66.6
20.48	-9.481	-18.130	-65.9
20.49	-9.494	-17.052	-65.1
20.5	-9.507	-16.230	-61.0
20.51	-9.521	-15.613	-58.3
20.52	-9.535	-15.156	-58.8
20.53	-9.548	-14.923	-59.4
20.54	-9.561	-15.052	-59.9
20.55	-9.573	-15.525	-59.6
20.56	-9.585	-16.163	-58.7
20.57	-9.597	-16.825	-58.5
20.58	-9.609	-17.505	-57.1
20.59	-9.622	-18.202	-55.1
20.6	-9.634	-18.808	-51.9
20.61	-9.648	-19.208	-51.4
20.62	-9.661	-19.381	-53.8
20.63	-9.675	-19.423	-54.5
20.64	-9.688	-19.481	-52.7
20.65	-9.701	-19.581	-51.2
20.66	-9.714	-19.653	-50.3
20.67	-9.727	-19.647	-47.4
20.68	-9.739	-19.536	-45.3
20.69	-9.752	-19.292	-48.2
20.7	-9.765	-18.823	-49.7
20.71	-9.777	-18.109	-47.3
20.72	-9.788	-17.413	-45.0
20.73	-9.799	-17.047	-44.8
20.74	-9.810	-17.080	-44.3
20.75	-9.821	-17.363	-41.9
20.76	-9.831	-17.672	-39.9
20.77	-9.841	-17.789	-35.6
20.78	-9.851	-17.686	-14.7
20.79	-9.862	-17.473	15.4
20.8	-9.873	-17.177	29.3
20.81	-9.884	-16.830	27.1
20.82	-9.894	-16.497	26.1
20.83	-9.904	-16.259	16.2
20.84	-9.914	-16.183	-15.1
20.85	-9.925	-16.219	-44.1
20.86	-9.935	-16.241	-51.9
20.87	-9.944	-16.109	-50.6
20.88	-9.951	-15.744	-50.9
20.89	-9.960	-15.195	-55.5
20.9	-9.972	-14.491	-32.4
20.91	-9.988	-13.617	122.1
20.92	-10.004	-12.759	310.2
20.93	-10.014	-12.123	245.5
20.94	-10.019	-11.633	-17.1
20.95	-10.022	-11.195	-176.3
20.96	-10.024	-10.945	-148.7
20.97	-10.028	-10.986	-78.0
20.98	-10.032	-11.206	-50.5
20.99	-10.038	-11.398	-46.8
21.0	-10.047	-11.408	-46.5
21.01	-10.058	-11.184	-43.8
21.02	-10.065	-10.731	-39.1
21.03	-10.070	-9.650	-35.6
21.04	-10.072	-6.384	-31.7
21.05	-10.071	1.098	-26.2
21.06	-10.069	12.961	-20.2
21.07	-10.068	26.609	-11.0
21.08	-10.069	38.722	-0.2
21.09	-10.073	46.897	8.9
21.1	-10.076	50.425	21.4
21.11	-10.079	50.955	38.5
21.12	-10.083	49.472	59.5
21.13	-10.084	44.780	84.4
21.14	-10.086	36.845	112.3
21.15	-10.087	27.142	140.8
21.16	-10.088	17.002	167.5
21.17	-10.089	7.531	184.4
21.18	-10.092	-0.572	183.8
21.19	-10.096	-7.069	154.2
21.2	-10.099	-11.967	96.3
21.21	-10.103	-15.398	30.9
21.22	-10.109	-17.409	-21.7
21.23	-10.113	-17.998	-55.6
21.24	-10.115	-17.378	-74.8
21.25	-10.119	-16.031	-82.0
21.26	-10.124	-14.634	-82.4
21.27	-10.131	-13.863	-86.6
21.28	-10.138	-14.122	-89.1
21.29	-10.143	-15.591	-86.7
21.3	-10.144	-18.222	-82.5
21.31	-10.144	-21.466	-79.5
21.32	-10.142	-24.392	-78.9
21.33	-10.138	-26.183	-76.4
21.34	-10.133	-26.463	-71.0
21.35	-10.127	-25.375	-70.0
21.36	-10.123	-23.453	-68.8
21.37	-10.118	-21.273	-63.3
21.38	-10.113	-19.203	-60.0
21.39	-10.108	-17.466	-61.9
21.4	-10.098	-16.209	-62.6
21.41	-10.085	-15.439	-60.5
21.42	-10.067	-15.050	-60.0
21.43	-10.044	-14.900	-61.5
21.44	-10.019	-14.828	-59.6
21.45	-9.992	-14.734	-58.4
21.46	-9.966	-14.506	-58.0
21.47	-9.939	-14.097	-55.2
21.48	-9.914	-13.720	-55.4
21.49	-9.891	-13.614	-56.7
21.5	-9.869	-13.791	-53.1
21.51	-9.849	-14.189	-41.4
21.52	-9.830	-14.709	-7.9
21.53	-9.811	-15.189	21.9
21.54	-9.793	-15.494	20.8
21.55	-9.775	-15.614	13.6
21.56	-9.757	-15.645	13.9
21.57	-9.739	-15.695	-3.0
21.58	-9.723	-15.928	-35.9
21.59	-9.706	-16.430	-57.1
21.6	-9.689	-17.000	-62.0
21.61	-9.671	-17.336	-63.6
21.62	-9.652	-17.405	-64.9
21.63	-9.636	-17.391	-64.7
21.64	-9.624	-17.303	-41.5
21.65	-9.617	-16.991	103.8
21.66	-9.611	-16.469	277.6
21.67	-9.599	-15.758	197.9
21.68	-9.584	-14.828	-64.2
21.69	-9.569	-13.948	-211.5
21.7	-9.554	-13.436	-169.5
21.71	-9.537	-13.298	-84.5
21.72	-9.523	-13.331	-52.1
21.73	-9.509	-13.328	-48.6
21.74	-9.499	-13.291	-47.6
21.75	-9.491	-13.311	-42.6
21.76	-9.484	-13.261	-36.2
21.77	-9.474	-12.730	-32.2
21.78	-9.463	-10.892	-25.6
21.79	-9.449	-6.247	-19.5
21.8	-9.434	2.405	-16.1
21.81	-9.419	14.350	-8.5
21.82	-9.406	27.191	3.0
21.83	-9.395	38.472	16.0
21.84	-9.385	46.405	32.0
21.85	-9.377	50.158	50.2
21.86	-9.369	50.230	73.5
21.87	-9.361	46.906	102.3
21.88	-9.353	40.289	134.1
21.89	-9.345	31.442	167.2
21.9	-9.338	21.455	195.6
21.91	-9.332	11.327	207.6
21.92	-9.328	2.061	193.9
21.93	-9.324	-5.727	147.7
21.94	-9.321	-11.753	80.9
21.95	-9.319	-16.042	13.3
21.96	-9.318	-18.816	-41.0
21.97	-9.318	-20.208	-73.5
21.98	-9.319	-20.425	-88.0
21.99	-9.321	-20.058	-94.1
22.0	-9.323	-19.700	-95.1
22.01	-9.326	-19.583	-96.1
22.02	-9.328	-19.866	-97.0
22.03	-9.330	-20.953	-93.6
22.04	-9.330	-23.169	-91.2
22.05	-9.328	-26.131	-95.3
22.06	-9.324	-28.789	-93.2
22.07	-9.321	-30.122	-84.8
22.08	-9.316	-29.773	-79.5
22.09	-9.312	-28.086	-76.7
22.1	-9.309	-25.661	-75.1
22.11	-9.307	-23.095	-72.5
22.12	-9.306	-20.730	-67.5
22.13	-9.305	-18.706	-64.1
22.14	-9.305	-17.225	-67.9
22.15	-9.304	-16.316	-70.4
22.16	-9.302	-15.747	-67.6
22.17	-9.301	-15.545	-65.5
22.18	-9.301	-15.969	-62.9
22.19	-9.301	-16.931	-61.8
22.2	-9.301	-18.047	-62.2
22.21	-9.302	-19.119	-62.7
22.22	-9.303	-20.214	-62.0
22.23	-9.303	-21.297	-62.3
22.24	-9.303	-22.128	-58.5
22.25	-9.304	-22.622	-57.0
22.26	-9.306	-22.927	-59.4
22.27	-9.306	-23.064	-58.2
22.28	-9.306	-22.961	-58.8
22.29	-9.307	-22.778	-56.3
22.3	-9.308	-22.780	-50.6
22.31	-9.309	-22.852	-52.7
22.32	-9.309	-22.631	-54.3
22.33	-9.310	-22.122	-51.2
22.34	-9.311	-21.580	-47.3
22.35	-9.312	-21.059	-46.3
22.36	-9.313	-20.423	-48.6
22.37	-9.313	-19.663	-49.2
22.38	-9.314	-18.969	-47.2
22.39	-9.314	-18.475	-43.8
22.4	-9.314	-18.150	-43.8
22.41	-9.314	-17.920	-47.0
22.42	-9.314	-17.711	-45.5
22.43	-9.314	-17.456	-40.6
22.44	-9.314	-17.109	-33.3
22.45	-9.314	-16.714	-21.8
22.46	-9.314	-16.381	1.5
22.47	-9.314	-16.102	23.0
22.48	-9.314	-15.784	28.2
22.49	-9.314	-15.389	27.0
22.5	-9.314	-14.953	23.1
22.51	-9.313	-14.600	1.9
22.52	-9.313	-14.436	-31.6
22.53	-9.311	-14.333	-48.7
22.54	-9.310	-14.161	-48.4
22.55	-9.309	-13.991	-48.3
22.56	-9.308	-13.823	-50.0
22.57	-9.311	-13.622	-42.1
22.58	-9.316	-13.470	84.0
22.59	-9.321	-13.377	305.4
22.6	-9.321	-13.303	314.2
22.61	-9.319	-13.288	67.3
22.62	-9.315	-13.284	-130.6
22.63	-9.311	-13.425	-140.4
22.64	-9.305	-13.872	-80.6
22.65	-9.301	-14.572	-52.1
22.66	-9.299	-15.417	-50.8
22.67	-9.300	-16.088	-56.6
22.68	-9.302	-16.203	-52.1
22.69	-9.303	-15.488	-42.9
22.7	-9.303	-12.847	-38.2
22.71	-9.299	-6.077	-36.2
22.72	-9.295	6.316	-34.0
22.73	-9.289	22.780	-29.8
22.74	-9.284	38.478	-20.8
22.75	-9.280	48.005	-12.5
22.76	-9.276	50.881	-4.8
22.77	-9.274	51.130	7.9
22.78	-9.271	51.123	23.7
22.79	-9.268	50.555	41.3
22.8	-9.265	46.977	64.4
22.81	-9.263	38.539	89.3
22.82	-9.261	27.358	117.8
22.83	-9.259	16.259	145.9
22.84	-9.259	6.375	162.4
22.85	-9.259	-1.713	168.8
22.86	-9.259	-7.975	155.6
22.87	-9.259	-12.805	110.8
22.88	-9.259	-16.236	52.0
22.89	-9.259	-17.948	-0.4
22.9	-9.261	-17.981	-40.9
22.91	-9.266	-16.895	-65.5
22.92	-9.273	-15.377	-74.9
22.93	-9.282	-14.005	-77.4
22.94	-9.289	-13.252	-75.1
22.95	-9.295	-13.528	-75.8
22.96	-9.298	-15.011	-77.6
22.97	-9.299	-17.523	-73.9
22.98	-9.297	-20.653	-69.3
22.99	-9.294	-23.856	-67.4
23.0	-9.290	-26.533	-68.0
23.01	-9.287	-28.066	-68.1
23.02	-9.287	-28.058	-66.5
23.03	-9.287	-26.744	-64.7
23.04	-9.287	-24.742	-62.8
23.05	-9.291	-22.531	-62.9
23.06	-9.295	-20.480	-62.2
23.07	-9.301	-18.923	-60.9
23.08	-9.308	-17.995	-57.9
23.09	-9.315	-17.605	-57.8
23.1	-9.321	-17.455	-61.3
23.11	-9.327	-17.347	-61.2
23.12	-9.332	-17.494	-57.4
23.13	-9.338	-18.105	-55.9
23.14	-9.344	-19.009	-55.5
23.15	-9.351	-19.920	-54.6
23.16	-9.359	-20.656	-52.9
23.17	-9.366	-21.238	-52.6
23.18	-9.376	-21.773	-54.8
23.19	-9.385	-22.225	-50.7
23.2	-9.396	-22.447	-42.4
23.21	-9.407	-22.430	-25.9
23.22	-9.419	-22.345	10.6
23.23	-9.430	-22.333	33.7
23.24	-9.442	-22.325	29.1
23.25	-9.454	-22.163	23.3
23.26	-9.465	-21.780	20.4
23.27	-9.476	-21.269	-0.4
23.28	-9.487	-20.789	-35.6
23.29	-9.498	-20.370	-57.8
23.3	-9.508	-19.906	-58.6
23.31	-9.516	-19.377	-55.9
23.32	-9.524	-18.930	-58.1
23.33	-9.535	-18.619	-62.7
23.34	-9.549	-18.317	-11.3
23.35	-9.564	-17.986	191.1
23.36	-9.576	-17.677	346.8
23.37	-9.584	-17.394	200.7
23.38	-9.589	-17.120	-71.1
23.39	-9.595	-16.897	-180.0
23.4	-9.601	-16.781	-128.1
23.41	-9.606	-16.731	-71.1
23.42	-9.611	-16.728	-52.9
23.43	-9.618	-16.781	-50.4
23.44	-9.627	-16.669	-48.9
23.45	-9.637	-16.097	-44.6
23.46	-9.645	-14.891	-43.1
23.47	-9.651	-12.444	-38.7
23.48	-9.655	-7.238	-30.4
23.49	-9.658	2.308	-25.1
23.5	-9.660	15.939	-17.8
23.51	-9.663	31.006	-9.0
23.52	-9.668	43.319	2.8
23.53	-9.673	49.600	16.1
23.54	-9.679	51.066	28.5
23.55	-9.686	51.098	48.4
23.56	-9.693	50.205	72.5
23.57	-9.699	46.030	96.6
23.58	-9.704	37.587	129.5
23.59	-9.710	26.986	161.7
23.6	-9.716	16.387	182.7
23.61	-9.723	6.855	191.8
23.62	-9.729	-1.141	175.9
23.63	-9.737	-7.567	127.8
23.64	-9.744	-12.427	63.8
23.65	-9.751	-15.656	1.8
23.66	-9.759	-17.322	-42.8
23.67	-9.766	-17.767	-67.1
23.68	-9.773	-17.450	-80.9
23.69	-9.779	-16.709	-87.1
23.7	-9.790	-15.958	-86.0
23.71	-9.803	-15.802	-84.5
23.72	-9.815	-16.688	-84.3
23.73	-9.824	-18.675	-84.3
23.74	-9.831	-21.602	-83.0
23.75	-9.836	-25.033	-80.7
23.76	-9.840	-28.113	-77.7
23.77	-9.844	-30.052	-76.5
23.78	-9.848	-30.552	-75.4
23.79	-9.853	-29.653	-71.6
23.8	-9.858	-27.694	-69.2
23.81	-9.864	-25.383	-67.5
23.82	-9.871	-23.361	-62.6
23.83	-9.878	-21.686	-60.6
23.84	-9.888	-20.102	-61.1
23.85	-9.898	-18.617	-57.6
23.86	-9.909	-17.477	-54.7
23.87	-9.919	-16.887	-56.8
23.88	-9.929	-16.917	-56.8
23.89	-9.940	-17.441	-54.5
23.9	-9.950	-18.102	-51.5
23.91	-9.960	-18.692	-51.2
23.92	-9.971	-19.295	-51.9
23.93	-9.982	-19.998	-48.1
23.94	-9.994	-20.694	-47.0
23.95	-10.006	-21.186	-47.8
23.96	-10.016	-21.431	-46.3
23.97	-10.026	-21.572	-47.3
23.98	-10.036	-21.723	-45.3
23.99	-10.047	-21.806	-43.0
24.0	-10.058	-21.772	-42.7
24.01	-10.067	-21.725	-43.0
24.02	-10.076	-21.595	-43.5
24.03	-10.084	-21.227	-41.6
24.04	-10.092	-20.680	-39.8
24.05	-10.101	-20.047	-39.0
24.06	-10.109	-19.369	-37.5
24.07	-10.118	-18.803	-38.4
24.08	-10.126	-18.489	-37.7
24.09	-10.136	-18.356	-35.4
24.1	-10.146	-18.241	-33.8
24.11	-10.156	-18.028	-32.4
24.12	-10.164	-17.653	-21.6
24.13	-10.171	-17.131	7.5
24.14	-10.176	-16.466	30.8
24.15	-10.179	-15.697	35.2
24.16	-10.180	-14.919	35.9
24.17	-10.179	-14.159	31.4
24.18	-10.175	-13.422	6.8
24.19	-10.168	-12.716	-29.0
24.2	-10.156	-12.134	-45.5
24.21	-10.139	-11.836	-46.4
24.22	-10.118	-11.838	-46.9
24.23	-10.096	-12.044	-46.1
24.24	-10.074	-12.358	-41.5
24.25	-10.053	-12.719	52.4
24.26	-10.030	-13.097	249.5
24.27	-10.000	-13.447	277.0
24.28	-9.964	-13.689	49.9
24.29	-9.926	-13.867	-160.5
24.3	-9.890	-14.066	-177.9
24.31	-9.853	-14.298	-93.2
24.32	-9.817	-14.611	-44.0
24.33	-9.785	-14.941	-36.1
24.34	-9.758	-15.086	-35.4
24.35	-9.733	-15.050	-34.0
24.36	-9.709	-14.944	-31.5
24.37	-9.683	-14.408	-26.1
24.38	-9.656	-11.855	-21.3
24.39	-9.627	-4.838	-18.3
24.4	-9.601	7.673	-11.7
24.41	-9.577	23.556	-5.6
24.42	-9.557	38.394	1.4
24.43	-9.541	47.684	11.3
24.44	-9.530	50.789	26.4
24.45	-9.521	51.127	42.6
24.46	-9.515	50.781	60.1
24.47	-9.509	47.980	86.2
24.48	-9.502	40.448	116.1
24.49	-9.494	29.420	146.2
24.5	-9.489	17.750	176.8
24.51	-9.485	7.039	199.8
24.52	-9.482	-2.006	208.1
24.53	-9.480	-9.198	188.8
24.54	-9.478	-14.616	136.7
24.55	-9.476	-18.447	68.9
24.56	-9.476	-20.842	5.5
24.57	-9.475	-21.813	-41.7
24.58	-9.474	-21.445	-68.4
24.59	-9.475	-20.267	-80.3
24.6	-9.478	-19.125	-84.6
24.61	-9.484	-18.602	-86.2
24.62	-9.490	-18.847	-85.7
24.63	-9.496	-19.963	-83.5
24.64	-9.499	-22.075	-80.8
24.65	-9.500	-24.805	-79.1
24.66	-9.498	-27.167	-77.9
24.67	-9.494	-28.244	-75.1
24.68	-9.491	-27.766	-71.1
24.69	-9.487	-26.098	-69.8
24.7	-9.484	-23.802	-68.9
24.71	-9.483	-21.423	-68.3
24.72	-9.483	-19.414	-65.2
24.73	-9.484	-17.978	-60.1
24.74	-9.485	-17.019	-60.9
24.75	-9.486	-16.405	-63.5
24.76	-9.487	-16.098	-61.9
24.77	-9.488	-16.097	-60.3
24.78	-9.489	-16.428	-59.5
24.79	-9.491	-17.078	-58.0
24.8	-9.492	-17.961	-57.4
24.81	-9.495	-18.906	-59.7
24.82	-9.497	-19.731	-61.3
24.83	-9.499	-20.363	-60.3
24.84	-9.501	-20.852	-58.3
24.85	-9.502	-21.172	-57.2
24.86	-9.504	-21.192	-56.0
24.87	-9.505	-20.963	-56.0
24.88	-9.506	-20.620	-57.6
24.89	-9.508	-20.247	-56.4
24.9	-9.509	-19.800	-54.0
24.91	-9.510	-19.230	-52.2
24.92	-9.511	-18.750	-50.6
24.93	-9.512	-18.553	-51.3
24.94	-9.513	-18.464	-51.8
24.95	-9.514	-18.295	-52.0
24.96	-9.515	-18.116	-50.1
24.97	-9.517	-17.955	-47.5
24.98	-9.518	-17.744	-46.5
24.99	-9.519	-17.475	-45.8
25.0	-9.519	-17.205	-40.2
25.01	-9.521	-16.986	-20.4
25.02	-9.523	-16.805	9.7
25.03	-9.526	-16.725	25.5
25.04	-9.527	-16.892	26.1
25.05	-9.529	-17.228	25.3
25.06	-9.530	-17.383	14.5
25.07	-9.529	-17.142	-18.2
25.08	-9.529	-16.684	-46.8
25.09	-9.527	-16.302	-51.5
25.1	-9.526	-16.008	-51.3
25.11	-9.526	-15.567	-54.0
25.12	-9.526	-14.988	-56.8
25.13	-9.530	-14.528	-35.3
25.14	-9.537	-14.245	126.4
25.15	-9.542	-14.033	330.2
25.16	-9.544	-13.755	263.5
25.17	-9.544	-13.338	-7.2
25.18	-9.542	-12.964	-165.1
25.19	-9.537	-12.847	-143.1
25.2	-9.530	-13.019	-85.6
25.21	-9.524	-13.414	-64.3
25.22	-9.521	-13.897	-60.9
25.23	-9.523	-14.281	-61.2
25.24	-9.525	-14.423	-58.0
25.25	-9.525	-14.002	-54.1
25.26	-9.523	-11.923	-48.1
25.27	-9.519	-6.133	-42.4
25.28	-9.514	5.000	-36.3
25.29	-9.511	20.414	-30.5
25.3	-9.508	36.077	-24.5
25.31	-9.505	46.747	-13.8
25.32	-9.503	50.648	-0.4
25.33	-9.501	51.131	11.0
25.34	-9.498	51.133	24.0
25.35	-9.495	50.841	43.4
25.36	-9.492	48.288	70.5
25.37	-9.488	41.048	99.9
25.38	-9.486	30.258	128.8
25.39	-9.484	18.992	153.8
25.4	-9.482	8.958	166.4
25.41	-9.481	0.789	165.0
25.42	-9.480	-5.588	142.0
25.43	-9.481	-10.483	86.7
25.44	-9.481	-13.880	20.3
25.45	-9.481	-15.628	-29.4
25.46	-9.481	-15.923	-58.7
25.47	-9.484	-15.266	-76.0
25.48	-9.488	-14.139	-84.8
25.49	-9.494	-12.897	-86.2
25.5	-9.499	-11.969	-83.7
25.51	-9.503	-11.956	-82.5
25.52	-9.505	-13.245	-79.9
25.53	-9.506	-15.838	-78.8
25.54	-9.505	-19.489	-84.4
25.55	-9.502	-23.570	-86.5
25.56	-9.499	-27.084	-79.0
25.57	-9.495	-29.130	-73.8
25.58	-9.492	-29.359	-72.2
25.59	-9.490	-28.048	-70.9
25.6	-9.489	-25.867	-69.3
25.61	-9.491	-23.484	-67.1
25.62	-9.495	-21.309	-69.0
25.63	-9.501	-19.500	-71.6
25.64	-9.508	-18.095	-69.8
25.65	-9.516	-17.150	-66.8
25.66	-9.523	-16.692	-63.8
25.67	-9.527	-16.713	-63.4
25.68	-9.531	-17.105	-60.8
25.69	-9.535	-17.681	-59.3
25.7	-9.539	-18.347	-61.5
25.71	-9.544	-19.070	-60.7
25.72	-9.548	-19.839	-60.0
25.73	-9.553	-20.628	-59.3
25.74	-9.558	-21.316	-57.0
25.75	-9.563	-21.894	-56.2
25.76	-9.566	-22.425	-56.5
25.77	-9.569	-22.814	-55.3
25.78	-9.571	-22.934	-52.0
25.79	-9.572	-22.767	-49.2
25.8	-9.574	-22.380	-47.4
25.81	-9.576	-21.938	-48.9
25.82	-9.577	-21.669	-50.0
25.83	-9.578	-21.566	-48.6
25.84	-9.579	-21.406	-47.0
25.85	-9.580	-21.058	-46.1
25.86	-9.580	-20.525	-44.1
25.87	-9.580	-19.967	-43.6
25.88	-9.580	-19.478	-44.9
25.89	-9.579	-18.983	-43.2
25.9	-9.578	-18.534	-38.0
25.91	-9.578	-18.328	-25.2
25.92	-9.578	-18.339	4.0
25.93	-9.579	-18.350	27.1
25.94	-9.581	-18.291	28.4
25.95	-9.582	-18.217	28.4
25.96	-9.581	-18.123	27.3
25.97	-9.580	-17.959	1.1
25.98	-9.578	-17.695	-33.7
25.99	-9.574	-17.350	-49.4
26.0	-9.571	-16.895	-49.7
26.01	-9.569	-16.298	-49.9
26.02	-9.567	-15.708	-54.3
26.03	-9.568	-15.325	-55.6
26.04	-9.571	-15.178	27.6
26.05	-9.574	-15.123	250.8
26.06	-9.574	-14.944	357.0
26.07	-9.575	-14.523	158.9
26.08	-9.576	-13.945	-94.0
26.09	-9.578	-13.348	-159.7
26.1	-9.575	-12.886	-101.5
26.11	-9.569	-12.783	-59.1
26.12	-9.561	-13.130	-48.0
26.13	-9.553	-13.698	-45.4
26.14	-9.546	-14.153	-45.8
26.15	-9.537	-14.256	-46.1
26.16	-9.526	-13.520	-44.5
26.17	-9.513	-10.381	-39.5
26.18	-9.498	-2.381	-31.5
26.19	-9.484	11.445	-24.1
26.2	-9.474	28.539	-18.5
26.21	-9.467	42.894	-11.3
26.22	-9.463	49.748	-0.3
26.23	-9.461	51.089	10.9
26.24	-9.458	51.136	24.6
26.25	-9.455	51.131	40.9
26.26	-9.452	50.898	61.7
26.27	-9.449	48.398	91.0
26.28	-9.446	40.802	123.3
26.29	-9.443	29.358	149.7
26.3	-9.441	17.677	170.0
26.31	-9.440	7.388	181.1
26.32	-9.439	-1.163	173.1
26.33	-9.438	-7.847	132.7
26.34	-9.436	-12.600	68.8
26.35	-9.436	-15.548	10.3
26.36	-9.436	-16.878	-32.4
26.37	-9.438	-16.769	-60.2
26.38	-9.444	-15.573	-73.3
26.39	-9.454	-13.925	-79.4
26.4	-9.465	-12.603	-84.2
26.41	-9.476	-12.227	-83.5
26.42	-9.487	-13.134	-78.1
26.43	-9.498	-15.500	-76.3
26.44	-9.507	-19.167	-75.5
26.45	-9.516	-23.358	-74.2
26.46	-9.523	-26.898	-73.2
26.47	-9.533	-28.834	-70.9
26.48	-9.543	-28.930	-67.6
26.49	-9.555	-27.755	-64.8
26.5	-9.569	-26.058	-64.2
26.51	-9.583	-24.234	-64.0
26.52	-9.598	-22.486	-63.8
26.53	-9.614	-20.864	-63.4
26.54	-9.629	-19.317	-61.0
26.55	-9.645	-17.948	-57.6
26.56	-9.660	-16.928	-54.6
26.57	-9.674	-16.392	-54.3
26.58	-9.688	-16.333	-55.6
26.59	-9.702	-16.639	-55.6
26.6	-9.715	-17.255	-53.0
26.61	-9.729	-18.136	-50.8
26.62	-9.744	-19.180	-51.5
26.63	-9.759	-20.191	-51.8
26.64	-9.774	-21.030	-48.6
26.65	-9.789	-21.786	-47.2
26.66	-9.804	-22.525	-47.3
26.67	-9.818	-23.103	-46.0
26.68	-9.831	-23.402	-45.6
26.69	-9.844	-23.472	-45.2
26.7	-9.857	-23.330	-43.2
26.71	-9.871	-23.002	-42.2
26.72	-9.884	-22.661	-41.9
26.73	-9.898	-22.381	-41.0
26.74	-9.911	-22.119	-38.5
26.75	-9.924	-21.878	-38.6
26.76	-9.936	-21.653	-40.5
26.77	-9.948	-21.367	-36.4
26.78	-9.961	-20.888	-30.9
26.79	-9.974	-20.263	-16.6
26.8	-9.988	-19.817	15.5
26.81	-10.002	-19.775	35.6
26.82	-10.016	-19.917	33.4
26.83	-10.031	-19.809	32.4
26.84	-10.046	-19.372	28.6
26.85	-10.060	-19.027	0.5
26.86	-10.074	-19.064	-33.5
26.87	-10.087	-19.242	-47.3
26.88	-10.097	-19.128	-44.6
26.89	-10.104	-18.678	-42.6
26.9	-10.113	-18.195	-45.0
26.91	-10.124	-17.887	-38.8
26.92	-10.136	-17.586	78.8
26.93	-10.145	-17.158	295.6
26.94	-10.144	-16.694	305.7
26.95	-10.132	-15.894	55.5
26.96	-10.112	-14.220	-155.0
26.97	-10.090	-12.613	-165.9
26.98	-10.073	-12.577	-84.7
26.99	-10.059	-13.720	-44.0
27.0	-10.049	-15.038	-38.1
27.01	-10.037	-15.517	-35.1
27.02	-10.023	-14.689	-34.8
27.03	-10.006	-13.902	-35.1
27.04	-9.988	-13.620	-28.3
27.05	-9.971	-11.133	-19.2
27.06	-9.958	-3.080	-13.0
27.07	-9.949	11.283	-4.4
27.08	-9.947	29.073	4.7
27.09	-9.949	43.563	4.7
27.1	-9.954	49.989	9.0
27.11	-9.959	51.103	22.1
27.12	-9.966	51.138	39.3
27.13	-9.976	51.134	65.3
27.14	-9.991	51.041	94.1
27.15	-10.011	49.353	122.0
27.16	-10.031	43.038	147.7
27.17	-10.052	32.159	170.2
27.18	-10.073	20.783	189.3
27.19	-10.093	9.591	192.3
27.2	-10.113	-2.377	167.1
27.21	-10.133	-11.067	116.1
27.22	-10.151	-15.350	53.5
27.23	-10.167	-18.738	-7.1
27.24	-10.179	-22.125	-48.7
27.25	-10.189	-24.003	-72.8
27.26	-10.201	-23.280	-91.9
27.27	-10.219	-21.222	-97.5
27.28	-10.239	-19.428	-93.3
27.29	-10.261	-18.713	-89.1
27.3	-10.280	-19.670	-88.1
27.31	-10.299	-22.028	-91.4
27.32	-10.314	-25.103	-91.7
27.33	-10.329	-28.359	-89.9
27.34	-10.340	-30.791	-84.3
27.35	-10.348	-31.698	-77.3
27.36	-10.352	-31.348	-75.2
27.37	-10.351	-29.778	-75.2
27.38	-10.346	-26.934	-77.4
27.39	-10.338	-23.413	-79.9
27.4	-10.324	-19.941	-77.4
27.41	-10.301	-16.909	-73.5
27.42	-10.270	-14.689	-70.8
27.43	-10.233	-13.555	-69.2
27.44	-10.189	-13.286	-69.7
27.45	-10.140	-13.486	-69.8
27.46	-10.090	-13.616	-65.3
27.47	-10.041	-13.253	-60.8
27.48	-9.996	-12.702	-44.8
27.49	-9.956	-12.517	-9.7
27.5	-9.919	-12.808	14.8
27.51	-9.886	-13.992	15.7
27.52	-9.857	-16.172	10.0
27.53	-9.834	-18.347	1.3
27.54	-9.813	-19.914	-24.9
27.55	-9.792	-21.684	-57.7
27.56	-9.771	-23.772	-69.6
27.57	-9.752	-24.239	-63.5
27.58	-9.735	-22.613	-62.8
27.59	-9.719	-20.369	-67.6
27.6	-9.707	-18.200	-69.9
27.61	-9.699	-16.019	-28.1
27.62	-9.695	-13.759	149.2
27.63	-9.690	-11.923	266.0
27.64	-9.679	-8.270	85.4
27.65	-9.665	-1.825	-173.9
27.66	-9.651	2.677	-240.2
27.67	-9.636	4.667	-154.6
27.68	-9.621	5.900	-76.6
27.69	-9.604	6.058	-47.9
27.7	-9.588	5.702	-32.4
27.71	-9.573	4.202	-20.1
27.72	-9.562	2.080	-20.9
27.73	-9.554	1.222	-21.5
27.74	-9.549	0.980	-10.5
27.75	-9.544	-0.344	0.5
27.76	-9.537	-1.356	7.3
27.77	-9.531	3.467	17.3
27.78	-9.524	16.942	32.9
27.79	-9.522	32.095	49.0
27.8	-9.521	42.020	63.8
27.81	-9.518	47.780	77.3
27.82	-9.512	50.619	113.5
27.83	-9.501	51.125	149.6
27.84	-9.489	51.138	160.7
27.85	-9.476	51.136	194.7
27.86	-9.461	51.069	240.3
27.87	-9.445	49.727	273.8
27.88	-9.428	44.742	285.7
27.89	-9.411	36.523	248.8
27.9	-9.391	27.752	186.5
27.91	-9.370	17.692	121.5
27.92	-9.349	5.742	75.2
27.93	-9.329	-9.013	38.5
27.94	-9.307	-26.102	-1.5
27.95	-9.285	-38.345	-34.3
27.96	-9.268	-40.409	-37.9
27.97	-9.258	-37.677	-21.7
27.98	-9.254	-40.116	-36.5
27.99	-9.255	-46.694	-47.4
28.0	-9.256	-49.473	-20.1
28.01	-9.259	-44.109	-7.3
28.02	-9.263	-18.297	-15.3
28.03	-9.264	22.764	-5.0
28.04	-9.262	46.936	12.3
28.05	-9.258	47.445	16.5
28.06	-9.255	23.409	2.7
28.07	-9.253	-19.555	1.9
28.08	-9.254	-39.777	40.8
28.09	-9.254	-13.802	73.1
28.1	-9.252	17.834	79.9
28.11	-9.249	3.691	98.0
28.12	-9.246	-32.747	141.2
28.13	-9.244	-49.139	166.2
28.14	-9.244	-51.066	119.9
28.15	-9.249	-51.056	99.3
28.16	-9.256	-49.238	164.3
28.17	-9.266	-44.556	220.2
28.18	-9.276	-44.081	248.9
28.19	-9.286	-48.611	264.4
28.2	-9.292	-48.916	245.2
28.21	-9.294	-43.536	187.6
28.22	-9.293	-39.989	158.3
28.23	-9.290	-42.192	200.6
28.24	-9.289	-43.972	215.5
28.25	-9.293	-39.678	210.9
28.26	-9.299	-32.586	240.4
28.27	-9.308	-29.348	238.6
28.28	-9.322	-32.973	224.0
28.29	-9.342	-39.939	184.9
28.3	-9.368	-42.859	137.8
28.31	-9.395	-44.508	139.8
28.32	-9.418	-48.630	157.3
28.33	-9.434	-50.731	173.6
28.34	-9.447	-48.966	183.3
28.35	-9.456	-44.859	186.0
28.36	-9.465	-39.930	151.9
28.37	-9.475	-31.755	160.9
28.38	-9.486	-19.628	165.1
28.39	-9.495	-8.441	79.3
28.4	-9.504	-3.028	27.7
28.41	-9.511	-6.491	-16.1
28.42	-9.514	-18.144	-27.1
28.43	-9.510	-33.595	-11.7
28.44	-9.499	-45.800	-34.3
28.45	-9.485	-50.567	-38.4
28.46	-9.471	-51.128	-22.2
28.47	-9.459	-51.139	110.6
28.48	-9.448	-51.133	345.7
28.49	-9.441	-51.067	352.4
28.5	-9.439	-50.973	90.9
28.51	-9.437	-50.986	-74.0
28.52	-9.433	-51.073	-38.8
28.53	-9.426	-51.127	-26.2
28.54	-9.414	-51.141	-84.5
28.55	-9.400	-51.141	-56.8
28.56	-9.382	-51.141	-16.7
28.57	-9.358	-51.141	-44.1
28.58	-9.332	-51.141	9.7
28.59	-9.305	-51.139	48.1
28.6	-9.276	-51.128	-12.5
28.61	-9.248	-50.366	14.5
28.62	-9.228	-44.922	27.9
28.63	-9.217	-31.831	-46.4
28.64	-9.216	-14.583	-25.2
28.65	-9.220	1.428	38.3
28.66	-9.229	13.541	39.3
28.67	-9.239	21.056	48.3
28.68	-9.247	22.730	81.1
28.69	-9.251	20.683	93.2
28.7	-9.251	19.998	123.6
28.71	-9.248	17.831	159.1
28.72	-9.241	6.667	178.1
28.73	-9.231	-12.306	172.8
28.74	-9.220	-29.661	141.3
28.75	-9.208	-41.228	155.5
28.76	-9.194	-48.245	200.4
28.77	-9.176	-50.866	160.7
28.78	-9.155	-51.105	6.8
28.79	-9.136	-50.373	-71.6
28.8	-9.117	-47.413	1.4
28.81	-9.100	-45.648	71.9
28.82	-9.081	-48.208	80.2
28.83	-9.064	-50.719	70.2
28.84	-9.053	-51.120	39.5
28.85	-9.044	-51.070	36.3
28.86	-9.033	-48.891	78.1
28.87	-9.020	-40.500	90.1
28.88	-9.006	-35.716	62.0
28.89	-8.991	-42.716	24.3
28.9	-8.978	-46.745	49.7
28.91	-8.965	-37.930	50.8
28.92	-8.949	-20.275	-13.3
28.93	-8.931	-5.713	-63.6
28.94	-8.911	-8.370	-143.4
28.95	-8.891	-25.784	-204.3
28.96	-8.871	-42.491	-162.9
28.97	-8.851	-49.805	-95.9
28.98	-8.832	-49.848	-72.3
28.99	-8.817	-44.394	-91.8
29.0	-8.806	-34.578	-213.4
29.01	-8.798	-24.745	-313.5
29.02	-8.792	-17.970	-315.7
29.03	-8.785	-14.642	-239.5
29.04	-8.776	-12.983	-84.6
29.05	-8.764	-12.633	-136.3
29.06	-8.749	-13.847	-324.9
29.07	-8.732	-13.470	-334.6
29.08	-8.715	-11.391	-248.6
29.09	-8.698	-12.778	-119.6
29.1	-8.681	-18.273	-88.4
29.11	-8.664	-24.688	-174.9
29.12	-8.648	-30.428	-193.2
29.13	-8.634	-30.284	-252.2
29.14	-8.624	-20.830	-336.1
29.15	-8.621	-8.273	-244.5
29.16	-8.623	-0.608	-95.9
29.17	-8.629	-1.450	-173.6
29.18	-8.634	-10.005	-314.1
29.19	-8.645	-21.533	-285.2
29.2	-8.664	-29.534	-139.0
29.21	-8.686	-31.033	75.2
29.22	-8.703	-29.292	181.0
29.23	-8.711	-29.942	138.1
29.24	-8.710	-34.889	-18.3
29.25	-8.700	-41.214	-269.9
29.26	-8.683	-46.450	-367.2
29.27	-8.656	-49.775	-289.8
29.28	-8.621	-50.914	-191.8
29.29	-8.580	-50.992	-114.9
29.3	-8.536	-51.069	-93.7
29.31	-8.493	-51.127	-38.1
29.32	-8.453	-50.866	-84.8
29.33	-8.413	-47.892	-274.9
29.34	-8.372	-37.828	-295.5
29.35	-8.332	-20.298	-181.2
29.36	-8.297	1.520	-105.3
29.37	-8.268	24.352	-18.5
29.38	-8.236	41.913	18.0
29.39	-8.198	49.647	-114.7
29.4	-8.159	50.358	-218.0
29.41	-8.127	46.661	-161.8
29.42	-8.104	39.366	-76.9
29.43	-8.083	31.288	-35.8
29.44	-8.059	24.989	41.9
29.45	-8.030	21.609	62.3
29.46	-7.999	18.770	63.0
29.47	-7.969	12.705	129.4
29.48	-7.942	2.811	-5.6
29.49	-7.918	-9.287	-116.1
29.5	-7.894	-20.728	-48.6
29.51	-7.871	-29.302	-80.6
29.52	-7.848	-32.591	-163.9
29.53	-7.829	-29.119	-140.1
29.54	-7.817	-22.405	-124.8
29.55	-7.809	-16.198	-171.7
29.56	-7.798	-10.239	-94.2
29.57	-7.781	-4.692	-58.0
29.58	-7.759	-0.755	-155.0
29.59	-7.734	1.734	-199.7
29.6	-7.706	1.488	-199.8
29.61	-7.676	-2.270	-148.2
29.62	-7.643	-8.258	-110.9
29.63	-7.609	-16.391	-111.5
29.64	-7.576	-24.792	-126.9
29.65	-7.544	-28.314	-133.3
29.66	-7.510	-26.505	-125.0
29.67	-7.476	-23.664	-155.6
29.68	-7.441	-21.077	-150.6
29.69	-7.404	-17.767	-78.6
29.7	-7.369	-13.205	-43.7
29.71	-7.333	-8.661	-41.1
29.72	-7.297	-7.741	-87.2
29.73	-7.263	-11.814	-168.1
29.74	-7.230	-16.741	-132.8
29.75	-7.203	-18.158	-28.6
29.76	-7.180	-17.020	57.2
29.77	-7.158	-16.309	55.1
29.78	-7.136	-16.056	-0.5
29.79	-7.115	-15.084	-47.3
29.8	-7.092	-15.189	-119.2
29.81	-7.066	-17.822	-90.2
29.82	-7.038	-19.831	-16.5
29.83	-7.008	-18.298	-59.0
29.84	-6.980	-16.014	-84.8
29.85	-6.951	-17.091	-98.5
29.86	-6.921	-19.377	-123.9
29.87	-6.888	-19.091	-83.3
29.88	-6.852	-17.442	57.0
29.89	-6.816	-16.313	280.0
29.9	-6.782	-15.911	265.7
29.91	-6.753	-16.670	16.2
29.92	-6.728	-17.780	-158.1
29.93	-6.703	-17.938	-171.1
29.94	-6.677	-19.692	-59.1
29.95	-6.652	-25.200	-71.3
29.96	-6.629	-30.225	-152.8
29.97	-6.609	-32.523	-123.7
29.98	-6.592	-34.331	-45.3
29.99	-6.577	-36.089	-28.6
30.0	-6.563	-36.841	-44.3
30.01	-6.548	-33.359	2.9
30.02	-6.532	-21.328	-11.2
30.03	-6.520	0.442	-76.4
30.04	-6.511	26.427	-56.8
30.05	-6.507	44.619	8.8
30.06	-6.509	50.572	1.1
30.07	-6.514	51.105	66.8
30.08	-6.520	50.286	113.7
30.09	-6.527	45.041	-10.7
30.1	-6.534	34.441	-22.0
30.11	-6.544	24.192	110.4
30.12	-6.558	17.169	186.3
30.13	-6.574	10.005	177.6
30.14	-6.593	0.811	191.3
30.15	-6.611	-6.930	234.0
30.16	-6.629	-10.047	161.5
30.17	-6.644	-11.380	45.8
30.18	-6.657	-13.398	-8.1
30.19	-6.671	-14.442	-55.2
30.2	-6.684	-15.419	-62.4
30.21	-6.697	-17.616	-65.7
30.22	-6.711	-19.570	-93.9
30.23	-6.724	-21.634	-106.2
30.24	-6.737	-24.464	-68.3
30.25	-6.750	-27.097	-92.5
30.26	-6.760	-30.208	-88.2
30.27	-6.768	-36.045	27.9
30.28	-6.775	-43.394	-75.0
30.29	-6.780	-48.270	-195.5
30.3	-6.782	-48.855	-120.1
30.31	-6.786	-47.398	-84.0
30.32	-6.791	-45.600	-64.2
30.33	-6.798	-42.009	-42.2
30.34	-6.805	-36.044	-29.7
30.35	-6.812	-28.872	2.0
30.36	-6.818	-23.930	-32.2
30.37	-6.823	-23.888	-89.9
30.38	-6.827	-26.136	-124.4
30.39	-6.831	-27.228	-127.9
30.4	-6.837	-27.359	-29.8
30.41	-6.844	-26.895	28.9
30.42	-6.851	-25.519	-18.7
30.43	-6.861	-24.116	52.7
30.44	-6.873	-23.892	66.8
30.45	-6.883	-24.938	-32.1
30.46	-6.894	-26.811	38.5
30.47	-6.904	-29.459	-1.4
30.48	-6.914	-32.477	-178.9
30.49	-6.923	-35.302	-133.9
30.5	-6.931	-37.458	-53.5
30.51	-6.939	-38.033	-82.4
30.52	-6.946	-36.325	-61.6
30.53	-6.957	-35.008	-16.7
30.54	-6.973	-35.492	18.9
30.55	-6.991	-33.978	199.4
30.56	-7.006	-29.027	267.4
30.57	-7.015	-24.052	21.7
30.58	-7.022	-21.673	-190.9
30.59	-7.027	-18.156	-210.9
30.6	-7.030	-7.433	-68.2
30.61	-7.031	11.428	20.3
30.62	-7.031	28.408	43.0
30.63	-7.034	28.166	49.8
30.64	-7.039	14.398	-79.3
30.65	-7.047	1.169	-137.7
30.66	-7.056	-7.180	-50.6
30.67	-7.064	-9.402	11.7
30.68	-7.072	-8.716	101.8
30.69	-7.078	-9.495	182.5
30.7	-7.081	-8.628	86.3
30.71	-7.084	0.730	107.7
30.72	-7.089	19.675	237.0
30.73	-7.096	38.723	219.2
30.74	-7.106	46.659	240.7
30.75	-7.116	40.655	314.6
30.76	-7.126	25.625	378.4
30.77	-7.133	7.872	434.7
30.78	-7.136	-9.341	405.5
30.79	-7.136	-27.409	406.1
30.8	-7.130	-43.248	439.9
30.81	-7.121	-50.206	432.7
30.82	-7.109	-51.127	462.8
30.83	-7.094	-51.139	482.1
30.84	-7.078	-51.141	423.9
30.85	-7.063	-51.141	397.0
30.86	-7.049	-51.131	458.6
30.87	-7.036	-50.967	486.7
30.88	-7.022	-47.528	468.0
30.89	-7.008	-34.830	481.6
30.9	-6.992	-18.442	506.6
30.91	-6.974	-11.361	NaN
30.92	-6.956	-12.770	511.8
30.93	-6.935	-11.948	NaN
30.94	-6.912	-0.225	511.8
30.95	-6.888	14.514	511.9
30.96	-6.863	16.636	NaN
30.97	-6.840	8.877	511.3
30.98	-6.820	0.533	NaN
30.99	-6.804	-5.188	508.7
31.0	-6.789	-7.086	510.1
31.01	-6.775	-7.663	467.8
31.02	-6.761	-9.281	348.7
31.03	-6.746	-10.598	254.7
31.04	-6.732	-10.372	217.7
31.05	-6.719	-10.411	247.7
31.06	-6.708	-11.305	292.7
31.07	-6.699	-11.042	342.2
31.08	-6.692	-9.677	347.9
31.09	-6.686	-7.744	240.9
31.1	-6.683	-5.692	235.3
31.11	-6.683	-3.623	263.4
31.12	-6.684	-1.867	134.5
31.13	-6.684	-3.514	123.6
31.14	-6.683	-11.717	240.7
31.15	-6.683	-22.322	160.2
31.16	-6.688	-26.336	28.5
31.17	-6.694	-25.291	29.2
31.18	-6.703	-25.400	123.1
31.19	-6.708	-24.736	320.5
31.2	-6.707	-21.527	484.5
31.21	-6.703	-17.745	444.9
31.22	-6.702	-13.183	281.1
31.23	-6.705	-7.225	209.0
31.24	-6.711	-2.145	271.7
31.25	-6.713	0.197	356.3
31.26	-6.709	3.075	332.7
31.27	-6.701	10.766	279.1
31.28	-6.694	14.303	245.5
31.29	-6.690	3.250	166.8
31.3	-6.689	-9.359	125.4
31.31	-6.692	-7.706	119.3
31.32	-6.693	6.333	155.5
31.33	-6.692	24.584	216.5
31.34	-6.689	37.969	167.8
31.35	-6.689	39.467	29.3
31.36	-6.695	31.113	-74.2
31.37	-6.705	22.264	-32.0
31.38	-6.716	16.887	81.7
31.39	-6.723	10.877	122.0
31.4	-6.726	3.663	197.7
31.41	-6.728	-1.741	209.1
31.42	-6.728	-5.553	95.4
31.43	-6.726	-9.145	62.2
31.44	-6.721	-13.628	104.0
31.45	-6.715	-19.700	140.9
31.46	-6.705	-26.044	139.4
31.47	-6.692	-28.195	116.1
31.48	-6.678	-23.152	91.2
31.49	-6.663	-14.925	81.6
31.5	-6.649	-11.930	-18.3
31.51	-6.641	-15.575	-177.0
31.52	-6.636	-20.436	-195.2
31.53	-6.632	-23.913	-155.3
31.54	-6.627	-25.509	-122.3
31.55	-6.624	-24.305	-59.9
31.56	-6.622	-19.908	-43.5
31.57	-6.622	-13.888	-61.3
31.58	-6.624	-8.981	-109.7
31.59	-6.630	-7.339	-149.4
31.6	-6.641	-9.389	-132.1
31.61	-6.657	-13.491	-118.9
31.62	-6.673	-19.367	-116.9
31.63	-6.688	-26.148	-134.2
31.64	-6.701	-30.189	-127.9
31.65	-6.713	-29.920	-79.8
31.66	-6.721	-27.077	-26.5
31.67	-6.726	-24.908	-42.2
31.68	-6.730	-25.467	-97.4
31.69	-6.734	-24.967	-82.6
31.7	-6.741	-21.138	28.3
31.71	-6.751	-17.078	137.4
31.72	-6.764	-16.358	45.4
31.73	-6.777	-20.281	-53.9
31.74	-6.791	-24.686	-71.9
31.75	-6.804	-24.967	-185.9
31.76	-6.816	-21.967	-236.2
31.77	-6.824	-20.172	-102.3
31.78	-6.828	-21.341	-39.6
31.79	-6.833	-22.855	-69.3
31.8	-6.840	-21.623	-21.2
31.81	-6.846	-19.202	-64.8
31.82	-6.848	-19.345	-150.8
31.83	-6.846	-22.327	-12.6
31.84	-6.839	-25.431	192.3
31.85	-6.833	-27.409	196.1
31.86	-6.831	-30.598	34.9
31.87	-6.832	-33.648	-172.8
31.88	-6.833	-33.967	-186.2
31.89	-6.832	-33.305	-49.7
31.9	-6.830	-32.447	-102.5
31.91	-6.828	-30.433	-175.9
31.92	-6.828	-25.927	-83.6
31.93	-6.827	-20.527	-91.8
31.94	-6.827	-16.427	-111.6
31.95	-6.826	-13.609	-1.3
31.96	-6.821	-15.080	-57.6
31.97	-6.816	-19.447	-105.9
31.98	-6.811	-16.805	12.9
31.99	-6.808	-4.770	6.4
32.0	-6.807	8.492	-75.3
32.01	-6.809	17.070	-53.4
32.02	-6.811	21.111	31.3
32.03	-6.815	21.089	80.5
32.04	-6.819	15.006	135.8
32.05	-6.822	-0.178	249.9
32.06	-6.824	-23.091	157.6
32.07	-6.825	-41.688	23.6
32.08	-6.828	-45.869	120.6
32.09	-6.831	-41.117	244.0
32.1	-6.838	-36.703	248.3
32.11	-6.843	-33.622	194.4
32.12	-6.848	-27.320	233.3
32.13	-6.852	-15.242	195.8
32.14	-6.857	-1.597	38.8
32.15	-6.866	8.528	8.9
32.16	-6.875	12.572	61.8
32.17	-6.882	9.552	157.4
32.18	-6.888	2.569	279.5
32.19	-6.893	-7.377	246.5
32.2	-6.897	-20.611	157.9
32.21	-6.896	-31.400	174.8
32.22	-6.892	-36.392	296.3
32.23	-6.884	-36.425	345.7
32.24	-6.877	-32.084	241.8
32.25	-6.874	-27.575	289.0
32.26	-6.877	-26.816	407.2
32.27	-6.881	-27.719	397.6
32.28	-6.884	-24.077	415.5
32.29	-6.886	-16.583	441.0
32.3	-6.887	-11.803	419.3
32.31	-6.887	-10.719	406.1
32.32	-6.888	-11.953	383.3
32.33	-6.888	-15.394	351.8
32.34	-6.886	-19.439	336.6
32.35	-6.883	-21.356	327.9
32.36	-6.883	-21.102	328.0
32.37	-6.884	-21.100	363.1
32.38	-6.887	-21.353	371.5
32.39	-6.892	-18.875	365.2
32.4	-6.898	-16.192	357.6
32.41	-6.905	-18.355	270.9
32.42	-6.913	-21.528	184.5
32.43	-6.918	-21.456	188.5
32.44	-6.918	-18.942	175.0
32.45	-6.910	-14.811	125.2
32.46	-6.899	-10.322	118.3
32.47	-6.889	-7.595	54.8
32.48	-6.880	-6.898	18.7
32.49	-6.872	-7.248	152.8
32.5	-6.862	-13.352	308.5
32.51	-6.851	-20.723	308.5
32.52	-6.839	-18.330	96.7
32.53	-6.826	-11.492	-170.8
32.54	-6.813	-7.472	-157.1
32.55	-6.798	-7.406	-8.1
32.56	-6.787	-11.745	-109.5
32.57	-6.781	-15.673	-243.3
32.58	-6.777	-15.641	-232.5
32.59	-6.774	-12.642	-219.3
32.6	-6.771	-8.533	-189.1
32.61	-6.763	-6.753	-197.2
32.62	-6.752	-6.748	-225.3
32.63	-6.739	-5.798	-191.8
32.64	-6.728	-3.642	-240.3
32.65	-6.724	-0.398	-299.7
32.66	-6.724	4.086	-244.5
32.67	-6.727	9.970	-224.3
32.68	-6.728	17.630	-222.1
32.69	-6.728	26.178	-215.9
32.7	-6.724	32.016	-217.5
32.71	-6.719	32.067	-193.2
32.72	-6.716	27.316	-206.4
32.73	-6.717	22.561	-185.2
32.74	-6.719	19.805	-81.0
32.75	-6.719	16.195	-42.0
32.76	-6.713	11.798	-162.6
32.77	-6.706	8.236	-272.7
32.78	-6.702	5.238	-239.3
32.79	-6.705	2.795	-189.4
32.8	-6.712	-1.623	-252.3
32.81	-6.720	-9.614	-334.7
32.82	-6.726	-14.048	-362.3
32.83	-6.730	-8.789	-347.4
32.84	-6.731	2.147	-264.9
32.85	-6.732	13.178	-202.7
32.86	-6.732	18.980	-269.9
32.87	-6.736	16.423	-373.0
32.88	-6.744	9.703	-356.5
32.89	-6.758	4.233	-284.0
32.9	-6.776	-1.120	-271.5
32.91	-6.792	-5.444	-280.8
32.92	-6.803	-5.675	-275.4
32.93	-6.806	-7.055	-269.6
32.94	-6.803	-12.113	-277.9
32.95	-6.794	-17.614	-176.0
32.96	-6.783	-22.111	-75.0
32.97	-6.773	-22.323	-136.5
32.98	-6.763	-8.048	-194.7
32.99	-6.750	20.916	-217.4
33.0	-6.730	43.864	-110.7
33.01	-6.700	50.489	65.1
33.02	-6.661	48.048	132.9
33.03	-6.613	41.755	120.0
33.04	-6.561	34.973	129.2
33.05	-6.510	22.231	186.2
33.06	-6.464	-3.616	259.5
33.07	-6.428	-32.034	379.5
33.08	-6.400	-43.634	475.7
33.09	-6.380	-25.844	477.1
33.1	-6.364	11.545	430.4
33.11	-6.349	39.367	433.0
33.12	-6.338	40.463	430.9
33.13	-6.330	18.950	363.0
33.14	-6.326	-11.788	288.0
33.15	-6.320	-37.163	230.8
33.16	-6.313	-48.955	201.5
33.17	-6.304	-51.075	189.0
33.18	-6.297	-51.128	185.3
33.19	-6.291	-51.041	171.8
33.2	-6.281	-48.058	126.4
33.21	-6.264	-32.613	118.8
33.22	-6.242	-4.955	149.5
33.23	-6.218	14.988	225.5
33.24	-6.190	16.106	386.1
33.25	-6.158	5.827	469.5
33.26	-6.124	-4.367	343.6
33.27	-6.093	1.305	127.5
33.28	-6.064	23.986	65.7
33.29	-6.034	35.655	131.4
