Interval=	0.01 s
ExcelDateTime=	3.9769643893431778e+004	17/11/2008 15:27:12.392506
TimeFormat=	StartOfBlock
ChannelTitle=	Channel 1	Channel 2	Channel 3
Range=	20.000 mV	50.000 mV	500.0 µV
0.0	-8.624	18.836	25.1
0.01	-8.603	-7.211	127.5
0.02	-8.582	-28.580	195.3
0.03	-8.563	-42.872	153.3
0.04	-8.544	-49.542	70.9
0.05	-8.527	-51.061	-5.1
0.06	-8.509	-51.005	-58.1
0.07	-8.493	-49.663	-83.7
0.08	-8.479	-45.617	-90.2
0.09	-8.467	-39.948	-94.2
0.1	-8.458	-35.619	-98.9
0.11	-8.450	-34.833	-98.5
0.12	-8.443	-38.584	-96.1
0.13	-8.434	-45.048	-95.0
0.14	-8.426	-49.725	-92.4
0.15	-8.418	-51.064	-89.2
0.16	-8.409	-51.130	-86.0
0.17	-8.400	-50.991	-84.3
0.18	-8.388	-49.183	-84.4
0.19	-8.377	-43.364	-81.7
0.2	-8.367	-34.491	-78.8
0.21	-8.360	-25.656	-75.3
0.22	-8.354	-18.278	-71.5
0.23	-8.349	-12.859	-68.4
0.24	-8.344	-9.864	-65.9
0.25	-8.341	-9.397	-65.8
0.26	-8.338	-11.155	-66.9
0.27	-8.336	-14.572	-66.3
0.28	-8.334	-18.948	-64.1
0.29	-8.332	-23.634	-64.6
0.3	-8.332	-28.167	-67.1
0.31	-8.331	-32.264	-71.7
0.32	-8.331	-35.761	-69.6
0.33	-8.332	-38.578	-60.3
0.34	-8.332	-40.758	-58.5
0.35	-8.334	-42.373	-61.5
0.36	-8.335	-43.384	-60.4
0.37	-8.336	-43.745	-56.5
0.38	-8.336	-43.536	-54.2
0.39	-8.335	-42.913	-56.6
0.4	-8.333	-42.009	-58.5
0.41	-8.331	-40.920	-45.0
0.42	-8.329	-39.713	-13.5
0.43	-8.329	-38.436	17.7
0.44	-8.328	-37.119	26.4
0.45	-8.326	-35.783	18.3
0.46	-8.325	-34.442	11.9
0.47	-8.322	-33.136	-2.4
0.48	-8.319	-31.931	-32.0
0.49	-8.316	-30.889	-58.1
0.5	-8.314	-30.000	-69.1
0.51	-8.311	-29.191	-70.0
0.52	-8.306	-28.366	-68.2
0.53	-8.301	-27.453	-67.1
0.54	-8.296	-26.505	-47.6
0.55	-8.296	-25.628	104.3
0.56	-8.301	-24.844	301.0
0.57	-8.309	-24.117	230.2
0.58	-8.322	-23.555	-37.2
0.59	-8.333	-23.398	-183.4
0.6	-8.336	-23.767	-151.7
0.61	-8.331	-24.572	-85.4
0.62	-8.321	-25.616	-57.6
0.63	-8.313	-26.728	-49.0
0.64	-8.308	-27.713	-46.1
0.65	-8.307	-28.236	-46.8
0.66	-8.306	-27.788	-45.5
0.67	-8.303	-25.031	-37.3
0.68	-8.297	-16.169	-28.7
0.69	-8.289	4.405	-25.3
0.7	-8.281	31.155	-21.5
0.71	-8.274	47.436	-13.4
0.72	-8.268	50.997	-4.7
0.73	-8.264	51.128	4.7
0.74	-8.261	51.139	19.1
0.75	-8.259	51.139	36.6
0.76	-8.258	51.139	56.3
0.77	-8.258	51.125	83.6
0.78	-8.258	50.861	115.4
0.79	-8.258	46.323	148.3
0.8	-8.258	30.486	180.6
0.81	-8.258	6.406	205.6
0.82	-8.258	-15.519	218.1
0.83	-8.259	-31.233	200.7
0.84	-8.258	-41.002	140.7
0.85	-8.256	-45.348	63.8
0.86	-8.252	-45.078	-1.3
0.87	-8.248	-41.283	-49.7
0.88	-8.244	-35.177	-79.1
0.89	-8.241	-28.145	-92.8
0.9	-8.241	-21.855	-98.6
0.91	-8.243	-18.028	-99.2
0.92	-8.248	-18.059	-96.9
0.93	-8.250	-22.725	-93.3
0.94	-8.249	-31.827	-92.1
0.95	-8.246	-42.409	-91.7
0.96	-8.240	-49.186	-85.5
0.97	-8.232	-51.036	-81.3
0.98	-8.226	-51.134	-84.9
0.99	-8.223	-51.131	-86.4
1.0	-8.219	-50.675	-83.3
1.01	-8.214	-47.733	-80.5
1.02	-8.209	-41.055	-78.5
1.03	-8.204	-32.967	-77.1
1.04	-8.200	-26.033	-75.4
1.05	-8.195	-20.983	-73.8
1.06	-8.191	-18.069	-69.4
1.07	-8.189	-17.311	-64.4
1.08	-8.188	-18.391	-66.3
1.09	-8.188	-20.755	-69.2
1.1	-8.189	-23.830	-67.5
1.11	-8.191	-27.161	-66.0
1.12	-8.195	-30.420	-65.0
1.13	-8.201	-33.381	-62.7
1.14	-8.209	-35.948	-60.4
1.15	-8.217	-38.163	-57.8
1.16	-8.227	-40.091	-58.5
1.17	-8.236	-41.717	-60.8
1.18	-8.245	-42.933	-56.7
1.19	-8.253	-43.680	-52.1
1.2	-8.261	-43.975	-53.1
1.21	-8.268	-43.863	-55.1
1.22	-8.276	-43.369	-54.1
1.23	-8.284	-42.545	-51.2
1.24	-8.293	-41.497	-48.7
1.25	-8.301	-40.338	-47.1
1.26	-8.309	-39.183	-35.0
1.27	-8.318	-38.087	-0.3
1.28	-8.328	-36.969	30.3
1.29	-8.341	-35.750	31.4
1.3	-8.354	-34.481	25.1
1.31	-8.367	-33.288	24.5
1.32	-8.382	-32.247	7.0
1.33	-8.396	-31.350	-28.9
1.34	-8.410	-30.561	-54.4
1.35	-8.424	-29.838	-59.9
1.36	-8.438	-29.163	-58.5
1.37	-8.449	-28.559	-58.5
1.38	-8.459	-28.019	-60.4
1.39	-8.471	-27.478	-37.0
1.4	-8.485	-26.906	128.3
1.41	-8.501	-26.369	323.7
1.42	-8.519	-25.967	234.0
1.43	-8.537	-25.756	-44.7
1.44	-8.554	-25.784	-185.7
1.45	-8.566	-26.109	-140.8
1.46	-8.574	-26.725	-68.7
1.47	-8.580	-27.553	-47.2
1.48	-8.586	-28.467	-45.4
1.49	-8.595	-29.263	-42.9
1.5	-8.608	-29.678	-37.9
1.51	-8.621	-29.392	-31.8
1.52	-8.633	-27.273	-26.3
1.53	-8.641	-19.711	-21.3
1.54	-8.648	-0.517	-14.4
1.55	-8.652	27.083	-8.8
1.56	-8.658	45.995	-3.9
1.57	-8.666	50.898	4.9
1.58	-8.678	51.127	18.9
1.59	-8.691	51.139	34.4
1.6	-8.704	51.139	49.5
1.61	-8.718	51.139	70.3
1.62	-8.731	51.130	98.0
1.63	-8.744	50.958	130.5
1.64	-8.758	47.322	164.6
1.65	-8.772	32.766	196.7
1.66	-8.785	8.473	222.4
1.67	-8.799	-14.939	232.0
1.68	-8.813	-32.161	209.8
1.69	-8.828	-43.231	152.4
1.7	-8.841	-48.569	78.8
1.71	-8.854	-48.791	9.8
1.72	-8.866	-44.858	-40.6
1.73	-8.877	-38.159	-67.4
1.74	-8.888	-30.444	-77.2
1.75	-8.899	-23.630	-80.0
1.76	-8.909	-19.508	-83.5
1.77	-8.919	-19.488	-88.0
1.78	-8.928	-24.359	-86.5
1.79	-8.936	-33.691	-80.5
1.8	-8.942	-43.866	-77.4
1.81	-8.947	-49.723	-75.6
1.82	-8.952	-51.080	-72.3
1.83	-8.957	-51.136	-69.7
1.84	-8.960	-51.092	-65.8
1.85	-8.962	-50.083	-63.8
1.86	-8.963	-45.856	-66.8
1.87	-8.965	-38.308	-67.0
1.88	-8.968	-30.202	-63.9
1.89	-8.972	-23.355	-60.3
1.9	-8.974	-18.259	-57.5
1.91	-8.976	-15.192	-56.9
1.92	-8.977	-14.125	-57.2
1.93	-8.977	-14.723	-55.7
1.94	-8.977	-16.617	-52.7
1.95	-8.976	-19.520	-50.6
1.96	-8.974	-23.109	-50.5
1.97	-8.969	-26.953	-52.1
1.98	-8.959	-30.688	-52.3
1.99	-8.946	-34.117	-48.6
2.0	-8.929	-37.144	-45.6
2.01	-8.908	-39.667	-46.9
2.02	-8.885	-41.567	-47.8
2.03	-8.859	-42.806	-48.9
2.04	-8.831	-43.450	-47.9
2.05	-8.803	-43.564	-46.1
2.06	-8.773	-43.222	-45.9
2.07	-8.742	-42.533	-43.0
2.08	-8.712	-41.614	-40.8
2.09	-8.681	-40.594	-40.4
2.1	-8.649	-39.558	-38.5
2.11	-8.619	-38.478	-40.0
2.12	-8.589	-37.295	-42.8
2.13	-8.563	-36.019	-41.6
2.14	-8.537	-34.695	-40.0
2.15	-8.513	-33.356	-40.2
2.16	-8.491	-32.059	-39.7
2.17	-8.470	-30.880	-38.3
2.18	-8.450	-29.853	-37.4
2.19	-8.431	-29.000	-38.8
2.2	-8.413	-28.355	-37.4
2.21	-8.396	-27.872	-25.1
2.22	-8.379	-27.461	5.7
2.23	-8.363	-27.128	35.9
2.24	-8.349	-26.947	38.3
2.25	-8.335	-26.897	29.2
2.26	-8.321	-26.880	25.4
2.27	-8.309	-26.852	13.1
2.28	-8.296	-26.863	-17.2
2.29	-8.283	-26.936	-45.5
2.3	-8.271	-27.042	-53.7
2.31	-8.259	-27.167	-50.8
2.32	-8.246	-27.292	-49.0
2.33	-8.234	-27.367	-52.3
2.34	-8.224	-27.333	-13.7
2.35	-8.217	-27.153	162.6
2.36	-8.214	-26.853	305.8
2.37	-8.212	-26.506	161.5
2.38	-8.211	-26.202	-99.4
2.39	-8.208	-26.086	-197.1
2.4	-8.201	-26.234	-134.6
2.41	-8.190	-26.530	-66.0
2.42	-8.180	-26.794	-45.9
2.43	-8.172	-26.970	-40.9
2.44	-8.168	-27.064	-36.5
2.45	-8.164	-26.986	-35.5
2.46	-8.161	-26.322	-32.5
2.47	-8.156	-23.711	-28.7
2.48	-8.148	-15.480	-24.9
2.49	-8.137	4.131	-17.1
2.5	-8.126	30.530	-12.1
2.51	-8.116	47.177	-4.0
2.52	-8.108	50.980	6.8
2.53	-8.103	51.128	12.9
2.54	-8.099	51.139	23.8
2.55	-8.097	51.139	43.8
2.56	-8.095	51.139	69.0
2.57	-8.094	51.133	93.4
2.58	-8.093	51.011	118.0
2.59	-8.092	47.947	152.9
2.6	-8.092	34.216	190.7
2.61	-8.092	9.495	218.3
2.62	-8.093	-15.467	226.8
2.63	-8.094	-34.128	204.0
2.64	-8.096	-45.625	145.9
2.65	-8.098	-50.281	70.5
2.66	-8.100	-51.064	3.2
2.67	-8.103	-50.148	-44.9
2.68	-8.104	-46.409	-72.5
2.69	-8.106	-39.838	-90.8
2.7	-8.111	-32.923	-100.0
2.71	-8.119	-27.964	-95.5
2.72	-8.126	-26.542	-90.0
2.73	-8.133	-29.680	-91.1
2.74	-8.139	-37.002	-95.1
2.75	-8.143	-45.216	-96.7
2.76	-8.147	-49.967	-92.0
2.77	-8.150	-51.084	-84.1
2.78	-8.154	-51.070	-79.0
2.79	-8.156	-49.891	-78.0
2.8	-8.157	-45.445	-81.3
2.81	-8.159	-37.900	-81.6
2.82	-8.161	-29.813	-73.9
2.83	-8.164	-22.834	-68.8
2.84	-8.168	-17.653	-69.0
2.85	-8.172	-14.677	-67.9
2.86	-8.177	-13.942	-68.2
2.87	-8.183	-15.075	-70.7
2.88	-8.188	-17.484	-68.4
2.89	-8.194	-20.652	-64.5
2.9	-8.199	-24.184	-66.0
2.91	-8.206	-27.745	-69.5
2.92	-8.213	-31.086	-67.7
2.93	-8.221	-34.063	-63.2
2.94	-8.229	-36.602	-61.9
2.95	-8.239	-38.722	-61.6
2.96	-8.249	-40.430	-60.3
2.97	-8.258	-41.656	-58.9
2.98	-8.264	-42.361	-56.4
2.99	-8.270	-42.572	-55.6
3.0	-8.274	-42.341	-57.5
3.01	-8.279	-41.734	-56.7
3.02	-8.283	-40.858	-57.0
3.03	-8.288	-39.917	-58.4
3.04	-8.294	-39.086	-51.5
3.05	-8.299	-38.339	-47.7
3.06	-8.305	-37.509	-51.1
3.07	-8.311	-36.492	-50.2
3.08	-8.317	-35.350	-49.0
3.09	-8.322	-34.183	-48.4
3.1	-8.328	-33.025	-46.3
3.11	-8.332	-31.947	-45.2
3.12	-8.337	-31.016	-42.8
3.13	-8.340	-30.205	-44.6
3.14	-8.343	-29.470	-47.3
3.15	-8.346	-28.841	-43.0
3.16	-8.348	-28.338	-40.6
3.17	-8.349	-27.938	-39.8
3.18	-8.351	-27.627	-35.3
3.19	-8.353	-27.414	-16.8
3.2	-8.354	-27.300	19.5
3.21	-8.357	-27.259	39.5
3.22	-8.361	-27.244	34.4
3.23	-8.364	-27.272	32.0
3.24	-8.365	-27.414	28.9
3.25	-8.364	-27.683	2.1
3.26	-8.363	-28.000	-32.6
3.27	-8.362	-28.289	-49.0
3.28	-8.362	-28.498	-51.4
3.29	-8.361	-28.575	-52.5
3.3	-8.356	-28.491	-53.3
3.31	-8.350	-28.258	-49.5
3.32	-8.346	-27.908	43.6
3.33	-8.348	-27.467	259.3
3.34	-8.356	-26.911	318.1
3.35	-8.369	-26.191	90.3
3.36	-8.383	-25.398	-137.2
3.37	-8.392	-24.833	-165.2
3.38	-8.390	-24.681	-93.1
3.39	-8.381	-24.858	-52.2
3.4	-8.371	-25.191	-44.9
3.41	-8.361	-25.505	-44.9
3.42	-8.353	-25.614	-39.9
3.43	-8.345	-25.316	-33.2
3.44	-8.334	-23.981	-30.9
3.45	-8.320	-19.322	-27.7
3.46	-8.303	-5.917	-20.2
3.47	-8.287	18.705	-13.1
3.48	-8.273	41.445	-5.3
3.49	-8.262	50.223	4.3
3.5	-8.255	51.103	11.4
3.51	-8.252	51.139	19.0
3.52	-8.251	51.139	30.8
3.53	-8.251	51.139	48.9
3.54	-8.253	51.139	72.8
3.55	-8.258	51.114	103.1
3.56	-8.264	50.564	140.0
3.57	-8.273	44.152	174.2
3.58	-8.282	24.766	203.0
3.59	-8.291	-2.177	224.2
3.6	-8.299	-25.320	228.7
3.61	-8.308	-40.875	200.8
3.62	-8.317	-48.736	133.2
3.63	-8.326	-50.930	53.0
3.64	-8.339	-50.655	-8.3
3.65	-8.353	-48.075	-46.8
3.66	-8.367	-42.281	-70.0
3.67	-8.382	-34.841	-79.2
3.68	-8.397	-28.078	-80.0
3.69	-8.414	-23.600	-82.0
3.7	-8.433	-22.705	-84.1
3.71	-8.451	-26.255	-84.2
3.72	-8.469	-34.020	-81.0
3.73	-8.485	-43.233	-76.4
3.74	-8.500	-49.272	-75.7
3.75	-8.516	-51.019	-74.0
3.76	-8.533	-51.130	-70.1
3.77	-8.551	-50.802	-69.5
3.78	-8.569	-48.436	-68.6
3.79	-8.586	-42.744	-65.5
3.8	-8.604	-35.398	-63.6
3.81	-8.621	-28.653	-62.5
3.82	-8.640	-23.338	-60.0
3.83	-8.660	-19.802	-58.5
3.84	-8.680	-18.223	-57.5
3.85	-8.699	-18.441	-55.3
3.86	-8.719	-19.980	-55.4
3.87	-8.738	-22.320	-56.2
3.88	-8.755	-25.069	-54.9
3.89	-8.773	-27.992	-52.0
3.9	-8.791	-30.942	-49.7
3.91	-8.809	-33.788	-50.6
3.92	-8.828	-36.405	-51.7
3.93	-8.846	-38.681	-51.7
3.94	-8.865	-40.491	-48.5
3.95	-8.884	-41.780	-43.7
3.96	-8.902	-42.630	-43.4
3.97	-8.919	-43.161	-44.2
3.98	-8.935	-43.397	-43.1
3.99	-8.951	-43.330	-44.3
4.0	-8.966	-42.991	-43.6
4.01	-8.980	-42.452	-37.8
4.02	-8.994	-41.798	-35.6
4.03	-9.008	-41.089	-37.3
4.04	-9.020	-40.283	-39.3
4.05	-9.032	-39.256	-38.6
4.06	-9.043	-37.973	-32.9
4.07	-9.055	-36.581	-20.4
4.08	-9.068	-35.259	10.0
4.09	-9.080	-34.067	39.8
4.1	-9.093	-32.984	44.2
4.11	-9.105	-32.020	38.8
4.12	-9.116	-31.203	34.9
4.13	-9.127	-30.519	14.8
4.14	-9.138	-29.948	-20.5
4.15	-9.148	-29.528	-41.7
4.16	-9.158	-29.253	-42.1
4.17	-9.166	-29.019	-40.4
4.18	-9.174	-28.692	-42.9
4.19	-9.181	-28.280	-44.9
4.2	-9.188	-27.891	-2.2
4.21	-9.198	-27.548	175.9
4.22	-9.211	-27.188	311.7
4.23	-9.224	-26.795	157.9
4.24	-9.236	-26.448	-105.9
4.25	-9.246	-26.298	-200.5
4.26	-9.251	-26.456	-129.8
4.27	-9.252	-26.844	-54.4
4.28	-9.249	-27.286	-28.4
4.29	-9.245	-27.706	-21.0
4.3	-9.247	-28.100	-19.4
4.31	-9.256	-28.348	-18.8
4.32	-9.267	-28.238	-16.5
4.33	-9.276	-27.325	-10.5
4.34	-9.279	-24.084	-2.6
4.35	-9.279	-14.697	6.7
4.36	-9.277	5.852	11.2
4.37	-9.273	31.905	15.2
4.38	-9.271	47.600	28.8
4.39	-9.273	51.005	42.9
4.4	-9.276	51.128	54.1
4.41	-9.282	51.139	69.2
4.42	-9.287	51.139	89.5
4.43	-9.290	51.139	116.0
4.44	-9.291	51.133	149.9
4.45	-9.289	51.027	186.8
4.46	-9.284	48.164	221.0
4.47	-9.273	34.494	248.8
4.48	-9.256	8.863	258.1
4.49	-9.235	-17.830	230.8
4.5	-9.209	-37.481	165.7
4.51	-9.183	-47.903	82.0
4.52	-9.156	-50.875	9.4
4.53	-9.128	-51.130	-37.4
4.54	-9.101	-50.966	-64.4
4.55	-9.071	-49.442	-78.8
4.56	-9.042	-45.306	-83.8
4.57	-9.014	-39.919	-83.7
4.58	-8.988	-36.027	-84.5
4.59	-8.963	-35.417	-84.1
4.6	-8.936	-38.706	-80.9
4.61	-8.907	-44.486	-80.8
4.62	-8.877	-49.211	-81.2
4.63	-8.848	-50.947	-76.4
4.64	-8.816	-50.969	-70.7
4.65	-8.787	-49.273	-68.3
4.66	-8.759	-44.058	-65.4
4.67	-8.735	-36.098	-62.3
4.68	-8.712	-27.958	-61.1
4.69	-8.691	-21.016	-60.2
4.7	-8.670	-15.795	-56.5
4.71	-8.650	-12.578	-54.3
4.72	-8.630	-11.436	-57.6
4.73	-8.612	-12.177	-60.6
4.74	-8.595	-14.386	-60.9
4.75	-8.579	-17.616	-58.2
4.76	-8.566	-21.434	-53.5
4.77	-8.554	-25.423	-52.7
4.78	-8.545	-29.248	-53.6
4.79	-8.537	-32.709	-54.8
4.8	-8.531	-35.711	-55.3
4.81	-8.525	-38.183	-52.2
4.82	-8.519	-40.083	-52.4
4.83	-8.514	-41.444	-55.3
4.84	-8.508	-42.325	-53.5
4.85	-8.502	-42.731	-50.5
4.86	-8.495	-42.680	-50.2
4.87	-8.488	-42.323	-42.2
4.88	-8.482	-41.828	-11.0
4.89	-8.478	-41.241	22.6
4.9	-8.474	-40.523	28.9
4.91	-8.471	-39.636	23.0
4.92	-8.467	-38.572	22.7
4.93	-8.464	-37.356	10.0
4.94	-8.460	-36.039	-23.6
4.95	-8.456	-34.733	-51.5
4.96	-8.452	-33.520	-60.6
4.97	-8.447	-32.395	-61.8
4.98	-8.440	-31.281	-62.4
4.99	-8.433	-30.103	-61.5
5.0	-8.426	-28.894	-44.2
5.01	-8.423	-27.766	89.1
5.02	-8.423	-26.750	279.9
5.03	-8.427	-25.814	229.0
5.04	-8.431	-24.958	-33.0
5.05	-8.436	-24.308	-195.0
5.06	-8.437	-24.020	-165.5
5.07	-8.432	-24.102	-84.2
5.08	-8.423	-24.442	-50.4
5.09	-8.414	-24.956	-44.5
5.1	-8.408	-25.561	-42.9
5.11	-8.405	-26.067	-40.0
5.12	-8.404	-26.200	-36.3
5.13	-8.402	-25.409	-31.0
5.14	-8.398	-22.086	-22.9
5.15	-8.391	-12.439	-16.0
5.16	-8.382	8.211	-13.7
5.17	-8.373	33.534	-10.4
5.18	-8.364	48.114	0.8
5.19	-8.356	51.036	13.8
5.2	-8.349	51.130	29.1
5.21	-8.344	51.139	46.6
5.22	-8.341	51.139	63.9
5.23	-8.338	51.139	88.4
5.24	-8.336	51.133	118.8
5.25	-8.334	51.063	154.5
5.26	-8.332	48.817	193.2
5.27	-8.333	36.886	220.7
5.28	-8.334	13.241	231.0
5.29	-8.336	-12.075	216.5
5.3	-8.336	-31.517	162.1
5.31	-8.336	-44.022	81.2
5.32	-8.336	-49.747	7.4
5.33	-8.337	-51.016	-43.0
5.34	-8.337	-50.200	-73.3
5.35	-8.338	-46.966	-89.7
5.36	-8.340	-41.400	-95.4
5.37	-8.344	-35.486	-97.6
5.38	-8.351	-31.136	-96.7
5.39	-8.357	-29.805	-94.1
5.4	-8.362	-32.441	-93.5
5.41	-8.365	-38.703	-95.5
5.42	-8.366	-45.831	-95.8
5.43	-8.364	-50.058	-89.4
5.44	-8.364	-51.088	-81.5
5.45	-8.364	-51.089	-78.1
5.46	-8.363	-50.159	-80.0
5.47	-8.363	-46.452	-80.4
5.48	-8.364	-39.823	-74.4
5.49	-8.366	-32.433	-71.1
5.5	-8.367	-25.884	-71.1
5.51	-8.370	-20.825	-68.9
5.52	-8.373	-17.650	-67.5
5.53	-8.377	-16.492	-68.0
5.54	-8.383	-17.183	-69.3
5.55	-8.389	-19.267	-69.6
5.56	-8.395	-22.150	-67.3
5.57	-8.402	-25.369	-63.0
5.58	-8.409	-28.697	-59.0
5.59	-8.416	-31.998	-59.8
5.6	-8.421	-35.108	-63.0
5.61	-8.428	-37.858	-62.2
5.62	-8.435	-40.159	-59.5
5.63	-8.441	-41.991	-57.8
5.64	-8.447	-43.338	-56.2
5.65	-8.452	-44.188	-57.0
5.66	-8.456	-44.534	-56.9
5.67	-8.460	-44.403	-56.0
5.68	-8.464	-43.898	-55.5
5.69	-8.469	-43.181	-52.4
5.7	-8.472	-42.363	-48.7
5.71	-8.474	-41.475	-43.8
5.72	-8.477	-40.495	-21.8
5.73	-8.481	-39.383	17.7
5.74	-8.485	-38.142	36.4
5.75	-8.491	-36.844	28.0
5.76	-8.496	-35.589	21.9
5.77	-8.500	-34.458	14.7
5.78	-8.502	-33.428	-11.7
5.79	-8.501	-32.413	-43.8
5.8	-8.501	-31.388	-60.3
5.81	-8.500	-30.414	-60.8
5.82	-8.499	-29.520	-61.0
5.83	-8.496	-28.711	-64.3
5.84	-8.490	-28.019	-61.9
5.85	-8.487	-27.470	29.3
5.86	-8.488	-27.034	248.9
5.87	-8.498	-26.622	315.3
5.88	-8.512	-26.127	83.0
5.89	-8.527	-25.641	-154.6
5.9	-8.536	-25.434	-183.3
5.91	-8.535	-25.609	-105.7
5.92	-8.526	-26.013	-60.3
5.93	-8.514	-26.472	-49.6
5.94	-8.503	-26.886	-47.3
5.95	-8.496	-27.122	-44.3
5.96	-8.490	-26.966	-39.4
5.97	-8.483	-25.889	-36.5
5.98	-8.472	-22.088	-32.6
5.99	-8.459	-11.128	-25.9
6.0	-8.444	11.345	-18.0
6.01	-8.430	36.452	-10.0
6.02	-8.419	49.103	-1.6
6.03	-8.411	51.102	6.2
6.04	-8.406	51.133	16.2
6.05	-8.403	51.139	30.5
6.06	-8.402	51.139	50.3
6.07	-8.401	51.139	76.0
6.08	-8.401	51.133	105.1
6.09	-8.402	51.017	138.1
6.1	-8.404	48.064	173.0
6.11	-8.407	34.673	204.5
6.12	-8.409	10.423	226.3
6.13	-8.411	-14.127	224.5
6.14	-8.412	-32.425	186.2
6.15	-8.412	-44.061	115.9
6.16	-8.412	-49.530	38.3
6.17	-8.414	-50.184	-23.4
6.18	-8.416	-47.177	-59.8
6.19	-8.416	-41.350	-78.3
6.2	-8.416	-34.400	-87.7
6.21	-8.418	-28.245	-89.3
6.22	-8.424	-24.444	-90.1
6.23	-8.430	-24.219	-93.4
6.24	-8.435	-28.256	-93.3
6.25	-8.439	-36.025	-88.3
6.26	-8.442	-44.569	-85.8
6.27	-8.444	-49.733	-84.8
6.28	-8.447	-51.069	-79.3
6.29	-8.451	-51.133	-77.0
6.3	-8.456	-50.916	-78.3
6.31	-8.463	-49.083	-75.8
6.32	-8.469	-44.175	-73.0
6.33	-8.476	-37.383	-71.8
6.34	-8.484	-30.925	-70.0
6.35	-8.493	-25.825	-68.5
6.36	-8.504	-22.461	-67.3
6.37	-8.515	-20.891	-66.1
6.38	-8.527	-20.944	-65.4
6.39	-8.540	-22.330	-65.6
6.4	-8.552	-24.617	-65.4
6.41	-8.564	-27.313	-62.3
6.42	-8.576	-30.100	-60.4
6.43	-8.589	-32.894	-60.4
6.44	-8.603	-35.638	-57.5
6.45	-8.617	-38.166	-57.8
6.46	-8.633	-40.294	-60.5
6.47	-8.648	-41.963	-58.1
6.48	-8.664	-43.219	-54.6
6.49	-8.680	-44.063	-56.1
6.5	-8.696	-44.431	-57.7
6.51	-8.713	-44.355	-51.3
6.52	-8.728	-43.969	-45.9
6.53	-8.744	-43.380	-48.6
6.54	-8.761	-42.638	-48.8
6.55	-8.778	-41.772	-46.8
6.56	-8.795	-40.841	-45.8
6.57	-8.811	-39.878	-43.7
6.58	-8.827	-38.836	-28.7
6.59	-8.843	-37.648	7.6
6.6	-8.859	-36.337	33.7
6.61	-8.876	-35.033	31.5
6.62	-8.893	-33.870	25.7
6.63	-8.908	-32.895	22.5
6.64	-8.922	-32.081	1.5
6.65	-8.936	-31.411	-31.1
6.66	-8.950	-30.856	-50.6
6.67	-8.964	-30.364	-56.2
6.68	-8.979	-29.889	-56.7
6.69	-8.991	-29.417	-55.5
6.7	-9.001	-28.952	-55.1
6.71	-9.012	-28.483	-7.8
6.72	-9.024	-28.000	179.9
6.73	-9.039	-27.520	324.5
6.74	-9.054	-27.081	168.8
6.75	-9.069	-26.734	-104.7
6.76	-9.082	-26.553	-201.4
6.77	-9.091	-26.572	-130.8
6.78	-9.096	-26.738	-57.2
6.79	-9.096	-27.016	-36.4
6.8	-9.099	-27.372	-36.4
6.81	-9.106	-27.720	-35.5
6.82	-9.119	-27.922	-33.3
6.83	-9.132	-27.689	-30.5
6.84	-9.141	-26.070	-22.0
6.85	-9.147	-20.439	-13.3
6.86	-9.148	-5.716	-9.2
6.87	-9.148	19.436	-3.9
6.88	-9.149	41.794	5.0
6.89	-9.154	50.261	15.8
6.9	-9.161	51.106	28.6
6.91	-9.171	51.139	41.4
6.92	-9.181	51.139	56.3
6.93	-9.191	51.139	79.0
6.94	-9.200	51.139	106.9
6.95	-9.209	51.116	139.4
6.96	-9.219	50.578	176.5
6.97	-9.229	44.317	209.6
6.98	-9.239	25.297	233.7
6.99	-9.248	-1.347	239.8
7.0	-9.258	-24.416	211.7
7.01	-9.267	-40.067	147.6
7.02	-9.275	-48.289	70.6
7.03	-9.282	-50.698	6.7
7.04	-9.288	-49.642	-37.4
7.05	-9.294	-45.772	-68.1
7.06	-9.300	-39.880	-85.9
7.07	-9.307	-33.903	-89.2
7.08	-9.315	-29.492	-86.4
7.09	-9.322	-28.005	-86.2
7.1	-9.329	-30.386	-86.4
7.11	-9.332	-36.564	-81.2
7.12	-9.335	-44.275	-77.8
7.13	-9.336	-49.478	-77.8
7.14	-9.335	-51.022	-73.3
7.15	-9.333	-51.106	-67.5
7.16	-9.331	-50.389	-65.5
7.17	-9.328	-46.984	-67.2
7.18	-9.326	-40.273	-67.3
7.19	-9.322	-32.489	-62.8
7.2	-9.317	-25.567	-58.2
7.21	-9.309	-20.123	-58.0
7.22	-9.298	-16.448	-58.9
7.23	-9.284	-14.628	-56.0
7.24	-9.266	-14.508	-53.2
7.25	-9.246	-15.766	-51.5
7.26	-9.224	-18.012	-48.4
7.27	-9.200	-20.898	-49.4
7.28	-9.176	-24.166	-49.4
7.29	-9.152	-27.617	-47.7
7.3	-9.127	-31.044	-50.3
7.31	-9.103	-34.222	-51.1
7.32	-9.078	-37.019	-48.7
7.33	-9.053	-39.420	-46.0
7.34	-9.028	-41.459	-44.2
7.35	-9.004	-43.098	-45.7
7.36	-8.979	-44.209	-46.2
7.37	-8.956	-44.705	-41.3
7.38	-8.931	-44.622	-38.7
7.39	-8.907	-44.122	-41.0
7.4	-8.884	-43.341	-44.4
7.41	-8.862	-42.328	-43.4
7.42	-8.841	-41.130	-37.3
7.43	-8.820	-39.841	-37.4
7.44	-8.800	-38.514	-41.4
7.45	-8.781	-37.094	-41.0
7.46	-8.762	-35.553	-38.4
7.47	-8.745	-34.041	-37.1
7.48	-8.729	-32.755	-36.8
7.49	-8.714	-31.773	-36.3
7.5	-8.699	-30.994	-36.2
7.51	-8.686	-30.245	-37.3
7.52	-8.671	-29.430	-36.8
7.53	-8.657	-28.580	-33.2
7.54	-8.643	-27.809	-31.7
7.55	-8.630	-27.220	-28.5
7.56	-8.617	-26.834	-4.0
7.57	-8.606	-26.584	32.5
7.58	-8.596	-26.398	41.5
7.59	-8.586	-26.264	32.1
7.6	-8.577	-26.213	30.8
7.61	-8.568	-26.269	21.5
7.62	-8.560	-26.441	-5.8
7.63	-8.552	-26.691	-32.3
7.64	-8.545	-26.934	-44.4
7.65	-8.537	-27.108	-46.8
7.66	-8.527	-27.197	-48.4
7.67	-8.518	-27.181	-51.3
7.68	-8.509	-27.020	-30.9
7.69	-8.503	-26.681	117.7
7.7	-8.502	-26.150	301.1
7.71	-8.504	-25.488	223.4
7.72	-8.506	-24.831	-42.0
7.73	-8.507	-24.378	-189.0
7.74	-8.501	-24.247	-151.9
7.75	-8.491	-24.355	-73.3
7.76	-8.481	-24.509	-42.1
7.77	-8.473	-24.558	-36.2
7.78	-8.467	-24.495	-33.9
7.79	-8.465	-24.388	-33.0
7.8	-8.462	-24.053	-33.0
7.81	-8.456	-22.619	-29.4
7.82	-8.447	-17.692	-22.5
7.83	-8.436	-4.480	-16.7
7.84	-8.422	19.136	-11.1
7.85	-8.411	41.239	-5.0
7.86	-8.401	50.133	2.4
7.87	-8.394	51.109	12.0
7.88	-8.390	51.139	24.4
7.89	-8.387	51.139	42.3
7.9	-8.383	51.139	64.3
7.91	-8.380	51.139	88.8
7.92	-8.377	51.130	116.9
7.93	-8.376	50.958	149.3
7.94	-8.375	47.242	183.4
7.95	-8.374	32.100	210.3
7.96	-8.373	6.586	225.1
7.97	-8.372	-17.839	219.5
7.98	-8.371	-35.092	176.3
7.99	-8.371	-45.331	100.6
8.0	-8.371	-49.666	24.8
8.01	-8.373	-49.484	-30.5
8.02	-8.374	-46.073	-63.6
8.03	-8.374	-40.722	-80.8
8.04	-8.374	-34.848	-88.9
8.05	-8.377	-29.838	-91.1
8.06	-8.383	-27.005	-89.5
8.07	-8.387	-27.438	-87.3
8.08	-8.390	-31.513	-87.7
8.09	-8.391	-38.406	-87.3
8.1	-8.390	-45.578	-84.2
8.11	-8.389	-49.889	-82.3
8.12	-8.388	-51.033	-81.2
8.13	-8.387	-50.388	-79.0
8.14	-8.386	-47.278	-75.7
8.15	-8.386	-41.356	-73.7
8.16	-8.385	-34.334	-69.9
8.17	-8.385	-27.744	-65.3
8.18	-8.384	-22.330	-64.6
8.19	-8.386	-18.567	-64.3
8.2	-8.387	-16.655	-65.1
8.21	-8.389	-16.522	-67.0
8.22	-8.392	-17.873	-67.7
8.23	-8.396	-20.259	-66.2
8.24	-8.400	-23.189	-62.8
8.25	-8.406	-26.295	-61.3
8.26	-8.411	-29.397	-60.0
8.27	-8.416	-32.361	-59.8
8.28	-8.421	-35.027	-59.1
8.29	-8.428	-37.273	-57.4
8.3	-8.436	-39.086	-56.5
8.31	-8.443	-40.477	-56.3
8.32	-8.449	-41.467	-57.0
8.33	-8.455	-42.108	-55.7
8.34	-8.461	-42.381	-56.9
8.35	-8.466	-42.197	-57.8
8.36	-8.469	-41.577	-52.8
8.37	-8.473	-40.722	-47.7
8.38	-8.476	-39.864	-45.8
8.39	-8.479	-39.084	-48.0
8.4	-8.482	-38.303	-51.5
8.41	-8.485	-37.414	-51.8
8.42	-8.488	-36.384	-48.9
8.43	-8.491	-35.250	-46.0
8.44	-8.494	-34.056	-43.6
8.45	-8.498	-32.870	-41.9
8.46	-8.503	-31.794	-41.3
8.47	-8.508	-30.894	-43.6
8.48	-8.511	-30.188	-46.9
8.49	-8.514	-29.625	-43.8
8.5	-8.516	-29.111	-38.4
8.51	-8.519	-28.577	-36.5
8.52	-8.520	-28.038	-35.6
8.53	-8.521	-27.580	-31.8
8.54	-8.523	-27.259	-11.8
8.55	-8.523	-27.017	25.5
8.56	-8.525	-26.777	44.9
8.57	-8.527	-26.578	38.8
8.58	-8.529	-26.530	33.7
8.59	-8.528	-26.630	26.5
8.6	-8.526	-26.744	1.3
8.61	-8.524	-26.777	-31.0
8.62	-8.523	-26.731	-47.6
8.63	-8.524	-26.609	-50.8
8.64	-8.523	-26.384	-51.9
8.65	-8.520	-26.080	-51.7
8.66	-8.515	-25.756	-42.2
8.67	-8.512	-25.419	77.5
8.68	-8.515	-25.045	293.9
8.69	-8.525	-24.633	300.9
8.7	-8.539	-24.156	46.1
8.71	-8.554	-23.653	-157.5
8.72	-8.561	-23.320	-158.3
8.73	-8.558	-23.294	-84.5
8.74	-8.548	-23.464	-48.9
8.75	-8.538	-23.602	-41.6
8.76	-8.531	-23.564	-42.4
8.77	-8.525	-23.345	-40.8
8.78	-8.518	-22.936	-35.1
8.79	-8.507	-21.845	-31.2
8.8	-8.493	-18.164	-30.5
8.81	-8.478	-7.652	-26.5
8.82	-8.463	13.680	-18.5
8.83	-8.450	37.377	-10.2
8.84	-8.440	49.252	0.0
8.85	-8.433	51.105	11.1
8.86	-8.427	51.134	23.1
8.87	-8.422	51.139	38.0
8.88	-8.419	51.139	53.7
8.89	-8.416	51.139	74.1
8.9	-8.414	51.133	103.0
8.91	-8.414	51.094	137.2
8.92	-8.415	49.248	173.2
8.93	-8.418	38.125	204.3
8.94	-8.422	14.708	223.9
8.95	-8.426	-10.927	224.6
8.96	-8.431	-30.114	191.3
8.97	-8.435	-42.045	121.6
8.98	-8.440	-47.727	43.9
8.99	-8.448	-48.456	-15.4
9.0	-8.458	-45.628	-55.5
9.01	-8.469	-40.583	-78.0
9.02	-8.479	-34.636	-86.9
9.03	-8.491	-29.098	-90.3
9.04	-8.504	-25.222	-90.8
9.05	-8.517	-24.152	-88.3
9.06	-8.529	-26.653	-84.9
9.07	-8.539	-32.627	-85.0
9.08	-8.547	-40.639	-85.3
9.09	-8.554	-47.466	-81.2
9.1	-8.561	-50.583	-78.4
9.11	-8.570	-51.119	-78.5
9.12	-8.579	-50.856	-75.3
9.13	-8.591	-48.883	-72.7
9.14	-8.603	-44.023	-73.5
9.15	-8.615	-37.516	-71.9
9.16	-8.629	-31.159	-68.9
9.17	-8.643	-25.755	-67.7
9.18	-8.659	-21.755	-66.1
9.19	-8.675	-19.427	-63.2
9.2	-8.691	-18.769	-61.7
9.21	-8.708	-19.530	-61.0
9.22	-8.724	-21.305	-60.5
9.23	-8.741	-23.678	-60.4
9.24	-8.758	-26.305	-59.1
9.25	-8.776	-28.984	-57.2
9.26	-8.796	-31.641	-55.5
9.27	-8.817	-34.195	-58.0
9.28	-8.838	-36.538	-59.3
9.29	-8.859	-38.573	-54.8
9.3	-8.878	-40.259	-52.2
9.31	-8.898	-41.527	-52.2
9.32	-8.916	-42.284	-50.9
9.33	-8.934	-42.544	-49.1
9.34	-8.951	-42.402	-46.8
9.35	-8.966	-41.925	-45.3
9.36	-8.982	-41.223	-47.8
9.37	-8.996	-40.450	-49.6
9.38	-9.010	-39.648	-47.5
9.39	-9.024	-38.755	-45.0
9.4	-9.037	-37.738	-42.3
9.41	-9.051	-36.622	-39.5
9.42	-9.064	-35.450	-35.9
9.43	-9.077	-34.325	-18.3
9.44	-9.091	-33.363	16.7
9.45	-9.104	-32.575	37.0
9.46	-9.117	-31.845	34.1
9.47	-9.129	-31.081	30.9
9.48	-9.141	-30.336	26.7
9.49	-9.151	-29.656	1.4
9.5	-9.162	-28.989	-34.1
9.51	-9.172	-28.300	-50.8
9.52	-9.182	-27.639	-49.2
9.53	-9.190	-27.091	-47.9
9.54	-9.196	-26.719	-47.0
9.55	-9.201	-26.538	-41.6
9.56	-9.208	-26.481	41.5
9.57	-9.218	-26.431	243.3
9.58	-9.231	-26.309	295.8
9.59	-9.242	-26.095	62.8
9.6	-9.254	-25.800	-168.8
9.61	-9.263	-25.516	-191.0
9.62	-9.268	-25.348	-99.5
9.63	-9.268	-25.345	-43.8
9.64	-9.266	-25.466	-35.3
9.65	-9.265	-25.594	-35.0
9.66	-9.271	-25.647	-28.9
9.67	-9.283	-25.598	-23.8
9.68	-9.294	-25.331	-22.5
9.69	-9.302	-24.213	-17.5
9.7	-9.305	-20.391	-9.0
9.71	-9.304	-10.172	-1.0
9.72	-9.299	10.403	4.8
9.73	-9.296	34.723	10.7
9.74	-9.296	48.377	20.3
9.75	-9.299	51.048	34.8
9.76	-9.304	51.130	51.8
9.77	-9.312	51.139	70.8
9.78	-9.318	51.139	93.8
9.79	-9.323	51.139	119.8
9.8	-9.328	51.133	153.5
9.81	-9.331	51.045	193.4
9.82	-9.334	48.539	223.9
9.83	-9.336	36.055	242.8
9.84	-9.336	12.223	246.5
9.85	-9.337	-12.452	211.9
9.86	-9.338	-30.608	137.9
9.87	-9.338	-42.044	56.8
9.88	-9.338	-47.914	-7.9
9.89	-9.335	-49.466	-52.3
9.9	-9.329	-47.852	-75.3
9.91	-9.321	-44.217	-84.4
9.92	-9.309	-39.720	-89.2
9.93	-9.297	-35.558	-90.4
9.94	-9.281	-33.048	-90.5
9.95	-9.261	-33.398	-90.8
9.96	-9.237	-37.072	-89.8
9.97	-9.211	-43.025	-87.6
9.98	-9.181	-48.344	-84.0
9.99	-9.149	-50.728	-79.6
10.0	-9.114	-50.675	-73.5
10.01	-9.078	-48.158	-70.4
10.02	-9.043	-42.464	-70.0
10.03	-9.009	-35.028	-65.9
10.04	-8.978	-27.681	-64.7
10.05	-8.948	-21.289	-66.2
10.06	-8.919	-16.372	-63.6
10.07	-8.893	-13.213	-62.9
10.08	-8.868	-11.853	-63.8
10.09	-8.846	-12.191	-60.6
10.1	-8.824	-13.986	-59.4
10.11	-8.803	-16.914	-59.9
10.12	-8.784	-20.594	-58.2
10.13	-8.766	-24.575	-58.5
10.14	-8.750	-28.447	-60.4
10.15	-8.734	-31.964	-62.7
10.16	-8.720	-34.941	-63.3
10.17	-8.707	-37.267	-62.6
10.18	-8.694	-39.011	-61.1
10.19	-8.683	-40.292	-57.5
10.2	-8.670	-41.155	-54.8
10.21	-8.658	-41.605	-53.4
10.22	-8.646	-41.678	-53.5
10.23	-8.634	-41.439	-51.2
10.24	-8.622	-40.919	-47.9
10.25	-8.611	-40.134	-34.5
10.26	-8.602	-39.141	3.3
10.27	-8.594	-38.038	26.6
10.28	-8.586	-36.891	19.7
10.29	-8.578	-35.652	14.9
10.3	-8.571	-34.303	12.8
10.31	-8.563	-33.000	-8.1
10.32	-8.554	-31.903	-42.6
10.33	-8.546	-30.964	-63.6
10.34	-8.538	-30.033	-65.6
10.35	-8.529	-29.095	-65.0
10.36	-8.518	-28.228	-63.9
10.37	-8.508	-27.413	-59.8
10.38	-8.499	-26.542	14.4
10.39	-8.494	-25.577	214.6
10.4	-8.494	-24.611	287.2
10.41	-8.494	-23.766	66.5
10.42	-8.496	-23.102	-173.0
10.43	-8.495	-22.723	-209.9
10.44	-8.489	-22.691	-124.5
10.45	-8.479	-22.903	-63.4
10.46	-8.468	-23.259	-50.3
10.47	-8.458	-23.684	-46.0
10.48	-8.452	-24.039	-40.7
10.49	-8.449	-24.148	-38.6
10.5	-8.446	-23.841	-34.4
10.51	-8.442	-22.544	-30.2
10.52	-8.435	-18.366	-27.7
10.53	-8.425	-7.353	-22.9
10.54	-8.414	13.925	-16.0
10.55	-8.404	37.294	-5.6
10.56	-8.394	49.159	6.5
10.57	-8.387	51.098	17.0
10.58	-8.381	51.133	29.0
10.59	-8.377	51.139	47.7
10.6	-8.374	51.139	74.8
10.61	-8.371	51.139	104.6
10.62	-8.369	51.133	138.5
10.63	-8.368	51.073	175.9
10.64	-8.367	49.080	208.2
10.65	-8.366	38.238	229.3
10.66	-8.366	16.491	228.7
10.67	-8.366	-6.803	191.3
10.68	-8.365	-24.305	118.2
10.69	-8.366	-35.470	36.4
10.7	-8.366	-41.280	-27.8
10.71	-8.367	-42.933	-68.2
10.72	-8.366	-41.580	-91.6
10.73	-8.364	-38.366	-102.2
10.74	-8.364	-34.413	-104.5
10.75	-8.367	-30.883	-107.1
10.76	-8.371	-29.094	-108.3
10.77	-8.374	-30.231	-105.6
10.78	-8.376	-34.689	-102.7
10.79	-8.376	-41.447	-99.4
10.8	-8.375	-47.588	-93.7
10.81	-8.373	-50.553	-90.2
10.82	-8.371	-51.053	-90.0
10.83	-8.368	-50.047	-90.3
10.84	-8.366	-46.345	-88.5
10.85	-8.364	-40.052	-82.6
10.86	-8.363	-33.028	-77.5
10.87	-8.362	-26.556	-76.5
10.88	-8.362	-21.297	-77.6
10.89	-8.362	-17.727	-76.0
10.9	-8.364	-16.017	-73.3
10.91	-8.366	-15.947	-72.9
10.92	-8.370	-17.078	-71.8
10.93	-8.374	-19.027	-70.6
10.94	-8.378	-21.530	-72.1
10.95	-8.382	-24.363	-73.5
10.96	-8.384	-27.320	-69.0
10.97	-8.386	-30.234	-64.1
10.98	-8.390	-33.017	-65.9
10.99	-8.394	-35.600	-69.2
11.0	-8.399	-37.814	-68.1
11.01	-8.405	-39.452	-64.7
11.02	-8.409	-40.398	-61.3
11.03	-8.412	-40.720	-59.4
11.04	-8.415	-40.619	-58.3
11.05	-8.418	-40.289	-59.5
11.06	-8.422	-39.825	-61.7
11.07	-8.426	-39.300	-60.8
11.08	-8.429	-38.777	-55.7
11.09	-8.430	-38.227	-51.0
11.1	-8.430	-37.552	-49.1
11.11	-8.430	-36.670	-32.5
11.12	-8.431	-35.545	4.0
11.13	-8.434	-34.225	26.0
11.14	-8.436	-32.837	21.7
11.15	-8.438	-31.525	17.6
11.16	-8.439	-30.378	15.1
11.17	-8.439	-29.444	-10.8
11.18	-8.439	-28.780	-47.5
11.19	-8.439	-28.370	-63.9
11.2	-8.441	-28.069	-62.7
11.21	-8.440	-27.723	-60.8
11.22	-8.436	-27.277	-61.4
11.23	-8.430	-26.756	-63.0
11.24	-8.426	-26.217	19.8
11.25	-8.429	-25.684	236.3
11.26	-8.438	-25.130	311.8
11.27	-8.452	-24.545	91.8
11.28	-8.467	-24.030	-147.8
11.29	-8.477	-23.775	-185.5
11.3	-8.477	-23.817	-110.1
11.31	-8.469	-24.022	-63.8
11.32	-8.459	-24.267	-54.7
11.33	-8.451	-24.469	-54.5
11.34	-8.446	-24.508	-49.1
11.35	-8.444	-24.223	-41.8
11.36	-8.440	-23.191	-38.9
11.37	-8.433	-19.998	-35.3
11.38	-8.423	-11.431	-31.3
11.39	-8.412	7.119	-26.5
11.4	-8.401	31.523	-17.7
11.41	-8.393	47.192	-8.7
11.42	-8.388	50.973	0.3
11.43	-8.385	51.131	14.3
11.44	-8.384	51.139	28.7
11.45	-8.384	51.139	43.9
11.46	-8.384	51.139	69.9
11.47	-8.385	51.139	102.9
11.48	-8.387	51.122	137.2
11.49	-8.391	50.800	171.6
11.5	-8.396	46.139	200.7
11.51	-8.401	30.866	221.9
11.52	-8.405	8.659	224.1
11.53	-8.407	-10.858	189.3
11.54	-8.407	-24.445	122.5
11.55	-8.406	-32.652	47.2
11.56	-8.406	-36.189	-18.4
11.57	-8.408	-35.914	-61.4
11.58	-8.409	-32.897	-83.1
11.59	-8.411	-28.459	-93.4
11.6	-8.414	-24.048	-97.1
11.61	-8.421	-20.997	-96.6
11.62	-8.430	-20.531	-94.5
11.63	-8.437	-23.636	-91.6
11.64	-8.442	-30.434	-89.0
11.65	-8.443	-39.419	-89.2
11.66	-8.442	-47.023	-89.3
11.67	-8.441	-50.500	-85.0
11.68	-8.442	-51.106	-75.7
11.69	-8.446	-50.683	-73.1
11.7	-8.450	-48.223	-78.7
11.71	-8.456	-42.811	-79.6
11.72	-8.462	-35.933	-75.3
11.73	-8.470	-29.389	-71.3
11.74	-8.479	-24.008	-68.5
11.75	-8.489	-20.234	-65.6
11.76	-8.501	-18.264	-62.7
11.77	-8.512	-18.038	-61.8
11.78	-8.524	-19.211	-62.8
11.79	-8.535	-21.277	-62.3
11.8	-8.547	-23.803	-59.3
11.81	-8.558	-26.534	-60.0
11.82	-8.570	-29.327	-62.5
11.83	-8.582	-32.066	-61.2
11.84	-8.596	-34.609	-56.8
11.85	-8.609	-36.819	-53.6
11.86	-8.623	-38.602	-53.5
11.87	-8.636	-39.961	-53.0
11.88	-8.649	-40.958	-50.1
11.89	-8.661	-41.623	-48.4
11.9	-8.673	-41.948	-47.7
11.91	-8.685	-41.931	-46.5
11.92	-8.697	-41.622	-46.2
11.93	-8.711	-41.088	-45.7
11.94	-8.724	-40.366	-46.8
11.95	-8.738	-39.475	-46.9
11.96	-8.751	-38.411	-41.7
11.97	-8.764	-37.192	-38.2
11.98	-8.777	-35.939	-39.1
11.99	-8.791	-34.780	-37.9
12.0	-8.804	-33.730	-29.9
12.01	-8.818	-32.741	-2.0
12.02	-8.831	-31.809	34.7
12.03	-8.846	-30.947	42.7
12.04	-8.861	-30.161	32.1
12.05	-8.875	-29.483	28.5
12.06	-8.888	-28.914	20.5
12.07	-8.900	-28.434	-8.1
12.08	-8.912	-28.073	-38.1
12.09	-8.924	-27.838	-48.6
12.1	-8.936	-27.655	-48.1
12.11	-8.945	-27.436	-46.3
12.12	-8.954	-27.173	-47.5
12.13	-8.962	-26.917	-36.6
12.14	-8.972	-26.702	98.7
12.15	-8.986	-26.489	308.4
12.16	-9.001	-26.259	276.9
12.17	-9.017	-26.070	8.9
12.18	-9.033	-26.011	-172.9
12.19	-9.044	-26.138	-153.0
12.2	-9.050	-26.389	-73.4
12.21	-9.052	-26.666	-41.0
12.22	-9.053	-26.920	-36.2
12.23	-9.058	-27.073	-34.8
12.24	-9.069	-27.041	-31.3
12.25	-9.081	-26.770	-25.3
12.26	-9.092	-25.786	-21.3
12.27	-9.098	-22.197	-18.9
12.28	-9.099	-11.772	-12.8
12.29	-9.098	9.886	-5.8
12.3	-9.097	35.075	2.0
12.31	-9.099	48.639	13.6
12.32	-9.104	51.073	24.6
12.33	-9.112	51.131	36.0
12.34	-9.121	51.139	48.5
12.35	-9.130	51.139	67.1
12.36	-9.138	51.139	97.2
12.37	-9.147	51.136	130.7
12.38	-9.155	51.119	163.2
12.39	-9.164	49.966	196.8
12.4	-9.172	41.556	226.4
12.41	-9.179	21.798	241.5
12.42	-9.186	-1.552	232.6
12.43	-9.193	-20.081	187.0
12.44	-9.200	-32.508	111.7
12.45	-9.206	-39.430	37.4
12.46	-9.213	-41.642	-19.0
12.47	-9.216	-40.192	-55.2
12.48	-9.220	-36.337	-74.3
12.49	-9.224	-31.422	-84.3
12.5	-9.229	-26.809	-87.7
12.51	-9.236	-23.969	-85.1
12.52	-9.241	-24.378	-81.5
12.53	-9.246	-28.881	-78.7
12.54	-9.248	-36.820	-77.3
12.55	-9.249	-45.109	-77.2
12.56	-9.249	-49.902	-74.2
12.57	-9.249	-51.078	-70.4
12.58	-9.248	-50.950	-67.8
12.59	-9.248	-49.273	-65.6
12.6	-9.248	-44.509	-66.0
12.61	-9.248	-37.519	-66.0
12.62	-9.250	-30.409	-62.7
12.63	-9.252	-24.347	-60.2
12.64	-9.255	-19.869	-59.9
12.65	-9.258	-17.156	-57.5
12.66	-9.261	-16.092	-52.9
12.67	-9.264	-16.422	-53.3
12.68	-9.267	-17.861	-56.3
12.69	-9.272	-20.100	-54.6
12.7	-9.277	-22.836	-54.5
12.71	-9.283	-25.830	-57.8
12.72	-9.287	-28.908	-56.6
12.73	-9.289	-31.881	-52.9
12.74	-9.291	-34.564	-49.8
12.75	-9.291	-36.844	-50.4
12.76	-9.288	-38.700	-50.3
12.77	-9.282	-40.038	-46.5
12.78	-9.273	-40.636	-50.7
12.79	-9.260	-40.594	-54.5
12.8	-9.244	-40.403	-50.4
12.81	-9.225	-40.333	-48.4
12.82	-9.203	-40.228	-46.5
12.83	-9.178	-39.844	-45.8
12.84	-9.150	-39.141	-47.0
12.85	-9.121	-38.191	-44.3
12.86	-9.092	-37.078	-44.7
12.87	-9.063	-35.869	-45.2
12.88	-9.033	-34.533	-41.7
12.89	-9.004	-33.041	-41.0
12.9	-8.977	-31.488	-39.4
12.91	-8.951	-30.058	-41.0
12.92	-8.927	-28.884	-45.7
12.93	-8.903	-27.977	-43.6
12.94	-8.880	-27.278	-39.8
12.95	-8.857	-26.691	-40.2
12.96	-8.835	-26.131	-41.5
12.97	-8.814	-25.644	-39.5
12.98	-8.794	-25.316	-35.9
12.99	-8.774	-25.148	-36.5
13.0	-8.756	-25.078	-38.9
13.01	-8.737	-25.073	-36.6
13.02	-8.720	-25.167	-27.6
13.03	-8.704	-25.358	-3.3
13.04	-8.690	-25.605	26.7
13.05	-8.677	-25.888	34.4
13.06	-8.664	-26.189	30.7
13.07	-8.652	-26.461	30.1
13.08	-8.640	-26.688	16.3
13.09	-8.628	-26.923	-13.8
13.1	-8.616	-27.206	-41.1
13.11	-8.605	-27.466	-53.4
13.12	-8.594	-27.594	-53.5
13.13	-8.581	-27.545	-49.6
13.14	-8.569	-27.355	-48.4
13.15	-8.558	-27.084	-25.4
13.16	-8.551	-26.769	128.0
13.17	-8.547	-26.372	305.5
13.18	-8.546	-25.786	212.4
13.19	-8.545	-24.994	-57.3
13.2	-8.542	-24.250	-196.0
13.21	-8.533	-23.856	-151.9
13.22	-8.521	-23.816	-75.7
13.23	-8.508	-23.930	-49.6
13.24	-8.498	-24.059	-44.2
13.25	-8.489	-24.152	-38.5
13.26	-8.484	-24.142	-37.2
13.27	-8.480	-23.780	-39.8
13.28	-8.474	-22.220	-36.5
13.29	-8.464	-16.984	-27.2
13.3	-8.452	-2.908	-19.8
13.31	-8.438	21.364	-16.1
13.32	-8.426	42.636	-8.3
13.33	-8.416	50.405	4.1
13.34	-8.409	51.106	13.9
13.35	-8.403	51.139	22.4
13.36	-8.398	51.139	37.0
13.37	-8.393	51.139	56.0
13.38	-8.388	51.139	81.1
13.39	-8.384	51.128	115.7
13.4	-8.380	50.919	151.2
13.41	-8.377	46.777	182.8
13.42	-8.376	31.138	209.6
13.43	-8.374	6.019	227.2
13.44	-8.373	-17.598	221.5
13.45	-8.372	-34.708	176.0
13.46	-8.371	-45.314	100.1
13.47	-8.370	-49.989	22.1
13.48	-8.370	-50.477	-34.8
13.49	-8.369	-47.784	-67.1
13.5	-8.366	-42.061	-84.4
13.51	-8.363	-34.913	-90.0
13.52	-8.364	-28.503	-95.5
13.53	-8.367	-24.484	-102.5
13.54	-8.373	-24.152	-100.2
13.55	-8.377	-28.192	-95.9
13.56	-8.379	-35.964	-94.0
13.57	-8.379	-44.475	-92.2
13.58	-8.377	-49.672	-91.0
13.59	-8.376	-51.045	-87.0
13.6	-8.374	-50.650	-81.6
13.61	-8.373	-47.959	-78.7
13.62	-8.371	-42.030	-78.0
13.63	-8.369	-34.577	-74.2
13.64	-8.369	-27.545	-67.5
13.65	-8.370	-21.783	-69.2
13.66	-8.371	-17.769	-71.6
13.67	-8.374	-15.653	-69.1
13.68	-8.378	-15.263	-69.5
13.69	-8.383	-16.273	-68.7
13.7	-8.387	-18.316	-65.3
13.71	-8.391	-21.003	-63.6
13.72	-8.394	-24.013	-63.6
13.73	-8.399	-27.077	-64.6
13.74	-8.404	-29.981	-64.4
13.75	-8.409	-32.605	-60.8
13.76	-8.416	-34.913	-59.2
13.77	-8.424	-36.886	-61.0
13.78	-8.432	-38.475	-61.3
13.79	-8.438	-39.586	-59.1
13.8	-8.444	-40.153	-56.7
13.81	-8.448	-40.233	-56.1
13.82	-8.451	-39.944	-54.4
13.83	-8.453	-39.425	-54.6
13.84	-8.455	-38.797	-56.3
13.85	-8.458	-38.134	-50.4
13.86	-8.462	-37.473	-47.0
13.87	-8.466	-36.773	-51.2
13.88	-8.469	-35.903	-50.9
13.89	-8.473	-34.813	-45.8
13.9	-8.475	-33.609	-43.2
13.91	-8.477	-32.434	-45.4
13.92	-8.479	-31.348	-46.8
13.93	-8.481	-30.344	-46.1
13.94	-8.482	-29.442	-42.9
13.95	-8.484	-28.686	-39.7
13.96	-8.484	-28.091	-41.2
13.97	-8.484	-27.628	-42.7
13.98	-8.484	-27.294	-40.9
13.99	-8.484	-27.092	-39.1
14.0	-8.484	-26.933	-36.2
14.01	-8.484	-26.698	-31.1
14.02	-8.485	-26.444	-12.9
14.03	-8.488	-26.325	22.3
14.04	-8.491	-26.339	42.2
14.05	-8.496	-26.339	38.0
14.06	-8.501	-26.320	32.5
14.07	-8.503	-26.431	26.9
14.08	-8.504	-26.706	1.4
14.09	-8.503	-27.000	-31.7
14.1	-8.502	-27.181	-45.6
14.11	-8.502	-27.259	-46.0
14.12	-8.500	-27.297	-46.7
14.13	-8.494	-27.289	-48.6
14.14	-8.487	-27.183	-45.2
14.15	-8.482	-26.922	63.6
14.16	-8.483	-26.494	286.2
14.17	-8.492	-25.931	316.3
14.18	-8.506	-25.295	66.8
14.19	-8.519	-24.698	-148.4
14.2	-8.526	-24.297	-158.3
14.21	-8.521	-24.152	-85.9
14.22	-8.510	-24.194	-50.3
14.23	-8.497	-24.322	-44.7
14.24	-8.488	-24.456	-43.3
14.25	-8.484	-24.511	-39.8
14.26	-8.481	-24.363	-35.9
14.27	-8.476	-23.488	-31.4
14.28	-8.468	-20.003	-27.9
14.29	-8.457	-9.425	-22.5
14.3	-8.446	12.573	-14.9
14.31	-8.436	37.059	-10.3
14.32	-8.430	49.233	-1.5
14.33	-8.429	51.105	9.2
14.34	-8.433	51.134	18.9
14.35	-8.439	51.139	34.1
14.36	-8.449	51.139	53.3
14.37	-8.461	51.139	76.6
14.38	-8.475	51.133	105.7
14.39	-8.489	51.016	138.8
14.4	-8.504	48.025	173.0
14.41	-8.519	34.638	203.9
14.42	-8.533	10.644	226.2
14.43	-8.547	-13.380	230.7
14.44	-8.561	-31.181	199.1
14.45	-8.572	-42.800	132.3
14.46	-8.583	-48.816	56.1
14.47	-8.594	-49.986	-8.8
14.48	-8.607	-47.167	-52.3
14.49	-8.621	-41.236	-74.1
14.5	-8.636	-33.572	-83.8
14.51	-8.652	-25.916	-88.3
14.52	-8.669	-19.989	-88.5
14.53	-8.686	-17.345	-84.3
14.54	-8.702	-19.125	-79.7
14.55	-8.716	-25.569	-80.3
14.56	-8.729	-35.373	-84.2
14.57	-8.741	-44.828	-84.6
14.58	-8.751	-49.933	-81.0
14.59	-8.763	-51.084	-76.2
14.6	-8.775	-51.039	-70.5
14.61	-8.787	-49.783	-68.4
14.62	-8.801	-45.586	-70.6
14.63	-8.813	-38.911	-69.5
14.64	-8.827	-31.923	-64.5
14.65	-8.842	-25.878	-61.6
14.66	-8.858	-21.297	-60.4
14.67	-8.874	-18.448	-59.6
14.68	-8.890	-17.300	-59.9
14.69	-8.904	-17.591	-59.4
14.7	-8.918	-18.909	-57.0
14.71	-8.931	-20.866	-55.6
14.72	-8.946	-23.228	-56.2
14.73	-8.961	-25.853	-55.4
14.74	-8.977	-28.611	-53.0
14.75	-8.993	-31.366	-52.3
14.76	-9.010	-33.972	-51.7
14.77	-9.027	-36.252	-50.3
14.78	-9.043	-38.083	-49.6
14.79	-9.059	-39.428	-47.3
14.8	-9.074	-40.286	-45.3
14.81	-9.088	-40.677	-46.1
14.82	-9.101	-40.702	-46.2
14.83	-9.114	-40.481	-44.3
14.84	-9.126	-40.100	-41.7
14.85	-9.138	-39.577	-40.9
14.86	-9.148	-38.916	-42.0
14.87	-9.159	-38.117	-38.3
14.88	-9.168	-37.211	-32.6
14.89	-9.178	-36.234	-24.7
14.9	-9.188	-35.194	3.9
14.91	-9.199	-34.092	34.4
14.92	-9.209	-32.952	37.6
14.93	-9.221	-31.811	30.1
14.94	-9.231	-30.750	25.8
14.95	-9.241	-29.823	12.4
14.96	-9.251	-29.000	-17.6
14.97	-9.259	-28.241	-41.2
14.98	-9.268	-27.577	-44.1
14.99	-9.275	-27.027	-44.9
15.0	-9.279	-26.530	-48.5
15.01	-9.283	-26.064	-47.3
15.02	-9.287	-25.664	3.3
15.03	-9.294	-25.339	185.4
15.04	-9.303	-25.064	315.4
15.05	-9.313	-24.850	150.5
15.06	-9.321	-24.763	-117.6
15.07	-9.328	-24.875	-205.8
15.08	-9.332	-25.219	-132.2
15.09	-9.331	-25.716	-56.6
15.1	-9.326	-26.269	-32.1
15.11	-9.318	-26.842	-28.4
15.12	-9.315	-27.373	-27.2
15.13	-9.321	-27.739	-23.9
15.14	-9.331	-27.861	-19.4
15.15	-9.338	-27.488	-15.5
15.16	-9.341	-25.370	-10.6
15.17	-9.338	-18.156	-1.1
15.18	-9.329	-0.411	6.9
15.19	-9.318	25.870	11.5
15.2	-9.307	45.203	19.2
15.21	-9.300	50.822	31.3
15.22	-9.297	51.123	45.7
15.23	-9.296	51.139	63.3
15.24	-9.293	51.139	88.0
15.25	-9.285	51.139	116.2
15.26	-9.274	51.133	149.1
15.27	-9.258	51.095	187.3
15.28	-9.238	49.355	220.8
15.29	-9.214	38.883	245.5
15.3	-9.188	16.677	255.0
15.31	-9.159	-8.178	232.4
15.32	-9.129	-27.889	168.1
15.33	-9.098	-41.456	81.6
15.34	-9.069	-48.698	5.0
15.35	-9.040	-50.900	-46.3
15.36	-9.011	-50.720	-72.3
15.37	-8.982	-48.445	-82.8
15.38	-8.953	-43.531	-90.7
15.39	-8.926	-37.658	-96.3
15.4	-8.901	-33.100	-96.3
15.41	-8.877	-31.586	-95.8
15.42	-8.854	-34.219	-95.7
15.43	-8.829	-40.481	-92.8
15.44	-8.804	-47.066	-88.3
15.45	-8.779	-50.452	-83.7
15.46	-8.754	-51.088	-81.9
15.47	-8.728	-50.397	-82.7
15.48	-8.703	-47.050	-78.6
15.49	-8.680	-40.364	-70.4
15.5	-8.659	-32.363	-68.3
15.51	-8.639	-24.966	-69.4
15.52	-8.621	-18.887	-68.2
15.53	-8.604	-14.470	-67.2
15.54	-8.588	-11.872	-65.5
15.55	-8.574	-11.094	-64.4
15.56	-8.560	-11.963	-65.0
15.57	-8.547	-14.111	-65.9
15.58	-8.537	-17.064	-65.8
15.59	-8.527	-20.409	-62.3
15.6	-8.519	-23.872	-56.9
15.61	-8.511	-27.267	-56.8
15.62	-8.504	-30.447	-59.2
15.63	-8.499	-33.291	-59.8
15.64	-8.494	-35.714	-61.0
15.65	-8.491	-37.698	-60.6
15.66	-8.488	-39.228	-59.6
15.67	-8.483	-40.241	-57.4
15.68	-8.479	-40.692	-52.6
15.69	-8.474	-40.623	-50.4
15.7	-8.469	-40.163	-44.0
15.71	-8.466	-39.491	-15.0
15.72	-8.464	-38.711	19.2
15.73	-8.461	-37.823	26.0
15.74	-8.459	-36.814	20.1
15.75	-8.457	-35.730	18.0
15.76	-8.454	-34.658	1.8
15.77	-8.451	-33.580	-32.0
15.78	-8.448	-32.400	-58.2
15.79	-8.445	-31.130	-64.7
15.8	-8.442	-29.897	-63.8
15.81	-8.436	-28.803	-67.2
15.82	-8.429	-27.844	-68.9
15.83	-8.422	-26.944	-37.8
15.84	-8.420	-25.998	122.6
15.85	-8.422	-24.988	303.3
15.86	-8.427	-24.003	210.1
15.87	-8.433	-23.134	-60.8
15.88	-8.438	-22.530	-199.6
15.89	-8.437	-22.359	-157.1
15.9	-8.431	-22.648	-80.9
15.91	-8.422	-23.316	-54.8
15.92	-8.414	-24.241	-51.5
15.93	-8.408	-25.264	-49.9
15.94	-8.406	-26.170	-47.2
15.95	-8.406	-26.630	-40.3
15.96	-8.405	-26.005	-33.0
15.97	-8.401	-22.528	-27.7
15.98	-8.392	-12.100	-21.3
15.99	-8.381	9.645	-16.7
16.0	-8.370	34.956	-11.2
16.01	-8.359	48.605	-0.4
16.02	-8.351	51.070	10.4
16.03	-8.346	51.131	20.7
16.04	-8.342	51.139	35.7
16.05	-8.340	51.139	60.0
16.06	-8.338	51.139	88.3
16.07	-8.338	51.130	119.4
16.08	-8.338	50.947	157.7
16.09	-8.339	47.261	193.9
16.1	-8.339	33.002	221.1
16.11	-8.340	9.698	232.8
16.12	-8.341	-12.552	213.9
16.13	-8.343	-28.961	157.4
16.14	-8.344	-39.670	77.1
16.15	-8.346	-45.242	0.8
16.16	-8.348	-46.377	-53.3
16.17	-8.349	-43.886	-83.3
16.18	-8.351	-38.748	-96.0
16.19	-8.352	-32.297	-98.3
16.2	-8.356	-26.227	-97.6
16.21	-8.363	-22.255	-97.9
16.22	-8.371	-21.830	-98.8
16.23	-8.378	-25.900	-99.7
16.24	-8.381	-34.278	-96.9
16.25	-8.381	-43.825	-94.5
16.26	-8.379	-49.619	-93.4
16.27	-8.377	-51.069	-88.5
16.28	-8.377	-51.131	-85.4
16.29	-8.377	-50.956	-85.1
16.3	-8.377	-49.103	-82.4
16.31	-8.377	-43.530	-78.3
16.32	-8.377	-35.302	-74.6
16.33	-8.377	-27.259	-71.0
16.34	-8.379	-20.722	-69.7
16.35	-8.382	-16.167	-70.6
16.36	-8.386	-13.839	-67.8
16.37	-8.389	-13.628	-64.6
16.38	-8.394	-15.142	-68.0
16.39	-8.399	-17.886	-70.3
16.4	-8.405	-21.338	-67.7
16.41	-8.411	-24.977	-65.5
16.42	-8.417	-28.414	-63.3
16.43	-8.422	-31.461	-60.3
16.44	-8.429	-34.091	-60.6
16.45	-8.436	-36.333	-59.8
16.46	-8.443	-38.236	-57.5
16.47	-8.449	-39.828	-58.3
16.48	-8.456	-41.050	-60.1
16.49	-8.461	-41.755	-59.3
16.5	-8.467	-41.886	-55.1
16.51	-8.473	-41.538	-53.5
16.52	-8.479	-40.823	-53.1
16.53	-8.483	-39.848	-51.5
16.54	-8.487	-38.753	-48.5
16.55	-8.489	-37.634	-41.9
16.56	-8.492	-36.472	-21.8
16.57	-8.495	-35.227	13.8
16.58	-8.499	-33.953	30.5
16.59	-8.502	-32.739	22.7
16.6	-8.505	-31.623	17.4
16.61	-8.507	-30.620	14.6
16.62	-8.507	-29.739	-6.7
16.63	-8.506	-28.963	-40.5
16.64	-8.508	-28.245	-59.0
16.65	-8.510	-27.569	-61.5
16.66	-8.510	-26.986	-63.3
16.67	-8.507	-26.567	-62.9
16.68	-8.502	-26.302	-60.8
16.69	-8.499	-26.050	24.8
16.7	-8.501	-25.647	246.6
16.71	-8.510	-25.059	324.6
16.72	-8.523	-24.444	102.3
16.73	-8.537	-24.039	-141.0
16.74	-8.546	-24.013	-182.1
16.75	-8.544	-24.334	-105.0
16.76	-8.536	-24.961	-58.3
16.77	-8.524	-25.869	-51.0
16.78	-8.514	-26.869	-51.3
16.79	-8.508	-27.661	-48.8
16.8	-8.502	-28.019	-40.5
16.81	-8.496	-27.461	-34.5
16.82	-8.485	-24.180	-31.8
16.83	-8.470	-13.641	-26.3
16.84	-8.454	8.958	-21.1
16.85	-8.439	35.086	-15.1
16.86	-8.428	48.775	-6.3
16.87	-8.421	51.088	2.8
16.88	-8.416	51.131	16.8
16.89	-8.414	51.139	32.9
16.9	-8.412	51.139	49.0
16.91	-8.411	51.139	70.7
16.92	-8.409	51.128	97.0
16.93	-8.410	50.934	134.5
16.94	-8.411	47.075	177.6
16.95	-8.413	32.500	208.3
16.96	-8.416	9.170	229.4
16.97	-8.418	-12.628	230.8
16.98	-8.419	-28.358	192.7
16.99	-8.418	-38.417	122.9
17.0	-8.418	-43.441	45.0
17.01	-8.419	-44.064	-18.7
17.02	-8.421	-41.058	-57.7
17.03	-8.425	-35.430	-78.0
17.04	-8.429	-28.527	-88.8
17.05	-8.437	-22.044	-94.0
17.06	-8.449	-17.756	-93.7
17.07	-8.464	-17.177	-87.3
17.08	-8.478	-21.273	-84.2
17.09	-8.491	-30.050	-85.5
17.1	-8.501	-40.925	-86.0
17.11	-8.508	-48.536	-85.8
17.12	-8.513	-50.939	-84.1
17.13	-8.520	-51.131	-80.4
17.14	-8.529	-51.125	-76.5
17.15	-8.539	-50.611	-73.4
17.16	-8.548	-47.589	-72.3
17.17	-8.558	-40.972	-74.1
17.18	-8.568	-33.041	-73.5
17.19	-8.579	-26.263	-69.3
17.2	-8.592	-21.427	-65.3
17.21	-8.605	-18.702	-65.5
17.22	-8.620	-17.952	-67.1
17.23	-8.634	-18.816	-68.0
17.24	-8.649	-20.811	-65.5
17.25	-8.665	-23.461	-60.5
17.26	-8.681	-26.413	-60.3
17.27	-8.696	-29.411	-59.1
17.28	-8.713	-32.227	-57.8
17.29	-8.730	-34.734	-59.1
17.3	-8.748	-36.920	-59.2
17.31	-8.768	-38.766	-59.5
17.32	-8.786	-40.195	-55.8
17.33	-8.804	-41.177	-50.3
17.34	-8.822	-41.755	-49.4
17.35	-8.839	-41.995	-51.1
17.36	-8.854	-41.966	-52.0
17.37	-8.869	-41.722	-50.9
17.38	-8.884	-41.255	-48.7
17.39	-8.898	-40.569	-46.3
17.4	-8.912	-39.767	-44.0
17.41	-8.925	-38.950	-44.1
17.42	-8.939	-38.105	-45.6
17.43	-8.953	-37.150	-42.8
17.44	-8.967	-36.036	-39.0
17.45	-8.981	-34.778	-30.3
17.46	-8.996	-33.444	2.4
17.47	-9.012	-32.125	35.3
17.48	-9.027	-30.880	37.1
17.49	-9.041	-29.766	27.4
17.5	-9.054	-28.880	22.8
17.51	-9.066	-28.289	6.7
17.52	-9.077	-27.970	-26.8
17.53	-9.087	-27.828	-49.3
17.54	-9.096	-27.770	-52.7
17.55	-9.106	-27.706	-51.7
17.56	-9.113	-27.566	-49.3
17.57	-9.119	-27.386	-48.6
17.58	-9.126	-27.255	-30.6
17.59	-9.136	-27.167	118.6
17.6	-9.149	-27.061	312.6
17.61	-9.163	-26.925	242.2
17.62	-9.177	-26.844	-35.2
17.63	-9.189	-26.923	-198.0
17.64	-9.197	-27.198	-159.8
17.65	-9.201	-27.595	-74.9
17.66	-9.199	-28.053	-41.3
17.67	-9.198	-28.567	-37.3
17.68	-9.201	-29.078	-38.0
17.69	-9.211	-29.441	-33.1
17.7	-9.223	-29.461	-27.1
17.71	-9.232	-28.511	-23.9
17.72	-9.238	-24.477	-22.4
17.73	-9.240	-12.489	-16.5
17.74	-9.240	11.500	-7.0
17.75	-9.241	37.127	1.0
17.76	-9.244	49.330	9.9
17.77	-9.251	51.105	20.4
17.78	-9.261	51.134	35.8
17.79	-9.271	51.139	50.9
17.8	-9.282	51.139	67.8
17.81	-9.293	51.139	92.5
17.82	-9.303	51.122	120.6
17.83	-9.313	50.816	157.7
17.84	-9.322	45.894	197.2
17.85	-9.330	29.138	225.3
17.86	-9.338	4.042	239.6
17.87	-9.344	-18.637	228.2
17.88	-9.351	-34.841	175.6
17.89	-9.356	-44.819	93.9
17.9	-9.359	-49.081	17.3
17.91	-9.360	-48.403	-34.3
17.92	-9.357	-43.953	-62.1
17.93	-9.352	-37.248	-77.2
17.94	-9.343	-30.006	-87.5
17.95	-9.334	-23.988	-88.8
17.96	-9.322	-20.847	-87.9
17.97	-9.308	-21.914	-92.5
17.98	-9.288	-27.713	-92.0
17.99	-9.263	-37.114	-85.1
18.0	-9.233	-45.992	-82.7
18.01	-9.203	-50.317	-85.6
18.02	-9.174	-51.108	-83.9
18.03	-9.143	-50.980	-76.3
18.04	-9.110	-49.284	-71.5
18.05	-9.078	-43.956	-71.3
18.06	-9.047	-35.833	-70.1
18.07	-9.018	-27.750	-67.4
18.08	-8.992	-21.180	-64.7
18.09	-8.969	-16.503	-62.5
18.1	-8.948	-13.786	-63.3
18.11	-8.928	-12.934	-64.3
18.12	-8.908	-13.734	-64.8
18.13	-8.889	-15.836	-64.0
18.14	-8.871	-18.803	-63.5
18.15	-8.853	-22.245	-63.8
18.16	-8.836	-25.878	-63.0
18.17	-8.819	-29.473	-62.0
18.18	-8.804	-32.816	-58.7
18.19	-8.790	-35.748	-56.8
18.2	-8.776	-38.230	-56.6
18.21	-8.763	-40.277	-55.0
18.22	-8.751	-41.853	-57.1
18.23	-8.738	-42.831	-60.8
18.24	-8.724	-43.164	-58.6
18.25	-8.712	-43.008	-54.4
18.26	-8.700	-42.575	-52.3
18.27	-8.688	-41.948	-50.5
18.28	-8.678	-41.120	-49.1
18.29	-8.667	-40.092	-49.2
18.3	-8.657	-38.906	-50.0
18.31	-8.647	-37.548	-49.1
18.32	-8.639	-36.027	-46.9
18.33	-8.631	-34.458	-45.0
18.34	-8.623	-33.013	-44.8
18.35	-8.615	-31.770	-45.2
18.36	-8.607	-30.692	-47.0
18.37	-8.599	-29.764	-47.8
18.38	-8.592	-29.059	-42.6
18.39	-8.585	-28.614	-38.3
18.4	-8.578	-28.311	-39.7
18.41	-8.572	-28.005	-41.7
18.42	-8.566	-27.661	-42.1
18.43	-8.561	-27.334	-40.5
18.44	-8.555	-27.114	-34.7
18.45	-8.549	-27.064	-30.7
18.46	-8.542	-27.161	-32.1
18.47	-8.536	-27.322	-17.1
18.48	-8.533	-27.459	19.5
18.49	-8.529	-27.539	41.0
18.5	-8.526	-27.627	37.7
18.51	-8.524	-27.775	31.8
18.52	-8.520	-27.945	24.2
18.53	-8.516	-28.059	-0.4
18.54	-8.511	-28.089	-32.0
18.55	-8.508	-28.095	-45.0
18.56	-8.506	-28.175	-43.6
18.57	-8.502	-28.323	-45.0
18.58	-8.495	-28.397	-48.0
18.59	-8.488	-28.278	-44.3
18.6	-8.485	-28.017	55.2
18.61	-8.486	-27.714	267.4
18.62	-8.492	-27.341	303.6
18.63	-8.500	-26.816	67.1
18.64	-8.509	-26.200	-145.4
18.65	-8.511	-25.722	-162.3
18.66	-8.506	-25.555	-90.2
18.67	-8.496	-25.633	-48.9
18.68	-8.488	-25.742	-40.9
18.69	-8.482	-25.761	-39.8
18.7	-8.481	-25.711	-34.5
18.71	-8.479	-25.480	-30.0
18.72	-8.475	-24.348	-30.0
18.73	-8.469	-20.052	-26.8
18.74	-8.461	-7.589	-18.8
18.75	-8.451	16.158	-12.8
18.76	-8.443	39.706	-7.7
18.77	-8.434	49.855	1.4
18.78	-8.428	51.108	11.0
18.79	-8.423	51.139	20.4
18.8	-8.420	51.139	34.7
18.81	-8.418	51.139	52.5
18.82	-8.415	51.139	72.9
18.83	-8.413	51.133	103.5
18.84	-8.412	51.017	137.5
18.85	-8.413	48.058	168.2
18.86	-8.415	34.680	199.0
18.87	-8.415	10.623	220.7
18.88	-8.415	-13.431	223.4
18.89	-8.415	-31.042	196.2
18.9	-8.416	-42.113	134.1
18.91	-8.418	-47.269	56.6
18.92	-8.419	-47.347	-5.5
18.93	-8.422	-43.448	-41.9
18.94	-8.424	-36.853	-65.5
18.95	-8.424	-29.097	-79.5
18.96	-8.427	-21.998	-82.8
18.97	-8.433	-17.319	-83.4
18.98	-8.441	-16.491	-84.8
18.99	-8.448	-20.403	-83.5
19.0	-8.452	-28.859	-83.7
19.01	-8.453	-39.552	-83.4
19.02	-8.451	-47.694	-78.6
19.03	-8.449	-50.763	-78.6
19.04	-8.449	-51.130	-77.4
19.05	-8.449	-50.970	-69.7
19.06	-8.450	-49.297	-65.7
19.07	-8.451	-44.286	-64.7
19.08	-8.453	-36.917	-65.3
19.09	-8.455	-29.789	-64.9
19.1	-8.458	-24.172	-61.2
19.11	-8.461	-20.498	-60.8
19.12	-8.464	-18.855	-62.5
19.13	-8.470	-18.969	-62.7
19.14	-8.476	-20.389	-61.6
19.15	-8.483	-22.623	-58.0
19.16	-8.489	-25.273	-55.7
19.17	-8.493	-28.091	-54.7
19.18	-8.498	-30.906	-53.4
19.19	-8.502	-33.581	-55.5
19.2	-8.507	-36.020	-55.3
19.21	-8.512	-38.134	-51.4
19.22	-8.520	-39.848	-50.3
19.23	-8.528	-41.138	-50.1
19.24	-8.536	-42.002	-51.1
19.25	-8.543	-42.400	-51.0
19.26	-8.549	-42.331	-49.0
19.27	-8.554	-41.972	-47.7
19.28	-8.559	-41.548	-46.2
19.29	-8.564	-41.103	-44.3
19.3	-8.568	-40.552	-44.2
19.31	-8.572	-39.863	-44.8
19.32	-8.574	-39.061	-42.2
19.33	-8.576	-38.091	-39.9
19.34	-8.577	-36.858	-39.3
19.35	-8.579	-35.439	-39.3
19.36	-8.581	-34.077	-41.2
19.37	-8.584	-32.947	-40.3
19.38	-8.588	-31.986	-37.1
19.39	-8.590	-31.092	-35.6
19.4	-8.592	-30.345	-33.7
19.41	-8.594	-29.827	-34.6
19.42	-8.595	-29.452	-38.5
19.43	-8.596	-29.106	-37.5
19.44	-8.598	-28.797	-34.8
19.45	-8.599	-28.581	-36.4
19.46	-8.601	-28.436	-36.7
19.47	-8.600	-28.338	-29.3
19.48	-8.600	-28.358	-11.6
19.49	-8.601	-28.567	22.4
19.5	-8.602	-28.877	47.8
19.51	-8.604	-29.072	44.4
19.52	-8.606	-29.059	37.1
19.53	-8.606	-28.969	35.6
19.54	-8.606	-28.956	18.2
19.55	-8.605	-28.992	-16.6
19.56	-8.604	-28.991	-41.1
19.57	-8.603	-29.023	-44.2
19.58	-8.601	-29.188	-43.6
19.59	-8.593	-29.352	-46.7
19.6	-8.582	-29.292	-47.6
19.61	-8.569	-28.984	17.1
19.62	-8.562	-28.541	222.5
19.63	-8.562	-27.980	346.6
19.64	-8.569	-27.250	168.7
19.65	-8.580	-26.416	-92.4
19.66	-8.588	-25.692	-170.9
19.67	-8.588	-25.236	-107.4
19.68	-8.578	-25.016	-55.1
19.69	-8.563	-24.952	-43.4
19.7	-8.550	-24.991	-40.3
19.71	-8.543	-25.073	-35.1
19.72	-8.539	-25.108	-30.2
19.73	-8.536	-24.784	-27.9
19.74	-8.529	-22.948	-27.9
19.75	-8.519	-16.366	-23.0
19.76	-8.507	0.616	-12.8
19.77	-8.494	26.334	-5.7
19.78	-8.486	45.342	-1.4
19.79	-8.481	50.831	6.6
19.8	-8.482	51.122	18.2
19.81	-8.489	51.139	31.5
19.82	-8.498	51.139	48.3
19.83	-8.509	51.139	67.3
19.84	-8.522	51.139	92.3
19.85	-8.537	51.117	126.8
19.86	-8.553	50.436	163.7
19.87	-8.570	43.525	195.9
19.88	-8.586	23.864	219.9
19.89	-8.603	-2.423	231.5
19.9	-8.617	-24.441	215.8
19.91	-8.632	-39.239	162.9
19.92	-8.646	-47.428	88.3
19.93	-8.660	-50.103	19.4
19.94	-8.674	-48.548	-31.4
19.95	-8.690	-43.755	-61.6
19.96	-8.704	-37.002	-72.9
19.97	-8.719	-29.955	-77.7
19.98	-8.734	-24.092	-82.5
19.99	-8.752	-20.680	-84.4
20.0	-8.771	-20.808	-83.6
20.01	-8.788	-25.097	-80.3
20.02	-8.804	-33.064	-79.3
20.03	-8.818	-42.286	-80.2
20.04	-8.830	-48.720	-76.9
20.05	-8.842	-50.906	-73.8
20.06	-8.853	-51.086	-70.7
20.07	-8.865	-50.152	-66.0
20.08	-8.876	-46.495	-64.0
20.09	-8.888	-40.097	-65.2
20.1	-8.900	-33.138	-64.5
20.11	-8.912	-27.100	-62.1
20.12	-8.926	-22.458	-60.4
20.13	-8.941	-19.480	-57.1
20.14	-8.957	-18.289	-53.0
20.15	-8.973	-18.750	-52.7
20.16	-8.988	-20.458	-54.7
20.17	-9.002	-22.897	-53.2
20.18	-9.018	-25.634	-52.8
20.19	-9.033	-28.409	-54.3
20.2	-9.048	-31.120	-53.4
20.21	-9.063	-33.738	-50.7
20.22	-9.076	-36.155	-48.1
20.23	-9.091	-38.181	-48.0
20.24	-9.106	-39.742	-48.8
20.25	-9.121	-40.908	-46.8
20.26	-9.136	-41.770	-42.5
20.27	-9.149	-42.356	-41.2
20.28	-9.162	-42.677	-42.7
20.29	-9.174	-42.786	-42.2
20.3	-9.185	-42.717	-38.9
20.31	-9.194	-42.419	-35.4
20.32	-9.204	-41.845	-36.4
20.33	-9.213	-41.019	-39.1
20.34	-9.221	-40.005	-39.5
20.35	-9.229	-38.866	-36.0
20.36	-9.237	-37.677	-27.7
20.37	-9.245	-36.517	-2.1
20.38	-9.255	-35.398	35.1
20.39	-9.266	-34.277	48.3
20.4	-9.275	-33.180	41.1
20.41	-9.284	-32.188	36.7
20.42	-9.292	-31.336	26.1
20.43	-9.299	-30.588	-4.3
20.44	-9.307	-29.947	-32.3
20.45	-9.314	-29.427	-40.1
20.46	-9.320	-28.959	-40.3
20.47	-9.324	-28.497	-42.3
20.48	-9.326	-28.117	-40.1
20.49	-9.329	-27.872	-27.3
20.5	-9.333	-27.656	81.4
20.51	-9.341	-27.328	274.7
20.52	-9.351	-26.872	260.5
20.53	-9.360	-26.391	0.3
20.54	-9.367	-26.034	-191.3
20.55	-9.371	-25.973	-177.8
20.56	-9.369	-26.242	-84.1
20.57	-9.361	-26.650	-32.6
20.58	-9.348	-27.048	-23.6
20.59	-9.336	-27.425	-23.1
20.6	-9.332	-27.752	-21.4
20.61	-9.333	-27.897	-17.7
20.62	-9.334	-27.706	-10.6
20.63	-9.329	-26.719	-4.6
20.64	-9.317	-23.288	-2.1
20.65	-9.297	-13.650	2.4
20.66	-9.272	6.767	12.1
20.67	-9.242	32.248	22.4
20.68	-9.211	47.603	32.2
20.69	-9.181	51.000	43.3
20.7	-9.154	51.130	57.9
20.71	-9.126	51.139	76.5
20.72	-9.097	51.139	101.0
20.73	-9.067	51.139	132.5
20.74	-9.037	51.133	168.3
20.75	-9.008	51.055	206.4
20.76	-8.979	48.667	238.0
20.77	-8.952	36.277	256.5
20.78	-8.924	11.856	254.7
20.79	-8.898	-14.313	213.8
20.8	-8.871	-34.242	138.3
20.81	-8.846	-46.111	57.5
20.82	-8.824	-50.486	-8.6
20.83	-8.801	-51.105	-53.4
20.84	-8.779	-50.605	-77.3
20.85	-8.758	-48.147	-84.4
20.86	-8.737	-43.422	-85.6
20.87	-8.719	-38.383	-87.8
20.88	-8.704	-35.133	-88.2
20.89	-8.691	-35.100	-88.2
20.9	-8.678	-38.845	-89.1
20.91	-8.664	-44.817	-87.5
20.92	-8.649	-49.413	-83.6
20.93	-8.633	-50.980	-81.0
20.94	-8.616	-50.948	-78.2
20.95	-8.599	-49.148	-72.7
20.96	-8.583	-43.786	-68.2
20.97	-8.569	-35.711	-66.2
20.98	-8.557	-27.584	-65.2
20.99	-8.546	-20.886	-65.8
21.0	-8.536	-16.050	-66.2
21.01	-8.527	-13.167	-63.4
21.02	-8.518	-12.177	-60.8
21.03	-8.508	-12.884	-60.6
21.04	-8.499	-15.008	-60.8
21.05	-8.491	-18.180	-59.6
21.06	-8.485	-21.923	-58.4
21.07	-8.480	-25.723	-58.8
21.08	-8.476	-29.241	-56.9
21.09	-8.473	-32.402	-55.2
21.1	-8.471	-35.195	-57.4
21.11	-8.470	-37.581	-57.4
21.12	-8.469	-39.533	-55.5
21.13	-8.467	-41.042	-54.6
21.14	-8.464	-42.086	-53.1
21.15	-8.462	-42.581	-51.0
21.16	-8.459	-42.516	-49.6
21.17	-8.456	-42.041	-49.1
21.18	-8.451	-41.366	-46.6
21.19	-8.447	-40.684	-39.5
21.2	-8.444	-40.103	-14.1
21.21	-8.443	-39.545	20.7
21.22	-8.441	-38.795	30.3
21.23	-8.439	-37.783	22.9
21.24	-8.438	-36.636	20.4
21.25	-8.436	-35.462	11.7
21.26	-8.434	-34.280	-17.7
21.27	-8.433	-33.070	-50.3
21.28	-8.432	-31.817	-61.0
21.29	-8.431	-30.563	-55.8
21.3	-8.428	-29.423	-55.3
21.31	-8.422	-28.483	-58.4
21.32	-8.417	-27.722	-52.2
21.33	-8.413	-27.070	58.9
21.34	-8.414	-26.527	267.1
21.35	-8.418	-26.123	268.8
21.36	-8.423	-25.847	14.5
21.37	-8.428	-25.713	-180.9
21.38	-8.429	-25.772	-173.0
21.39	-8.422	-26.000	-90.3
21.4	-8.412	-26.336	-53.4
21.41	-8.403	-26.683	-49.3
21.42	-8.398	-26.833	-49.0
21.43	-8.398	-26.633	-45.0
21.44	-8.398	-26.105	-36.6
21.45	-8.398	-25.156	-31.3
21.46	-8.395	-22.738	-29.6
21.47	-8.389	-15.792	-23.9
21.48	-8.381	0.722	-16.4
21.49	-8.371	25.664	-7.8
21.5	-8.363	44.827	2.0
21.51	-8.355	50.758	10.2
21.52	-8.349	51.119	19.8
21.53	-8.346	51.139	35.0
21.54	-8.342	51.139	53.7
21.55	-8.341	51.139	77.6
21.56	-8.341	51.139	108.2
21.57	-8.341	51.117	143.4
21.58	-8.341	50.575	181.1
21.59	-8.342	44.522	211.2
21.6	-8.345	26.508	226.5
21.61	-8.347	1.669	221.7
21.62	-8.349	-19.706	185.0
21.63	-8.350	-34.552	114.8
21.64	-8.351	-43.317	34.0
21.65	-8.351	-46.788	-27.5
21.66	-8.351	-46.122	-64.6
21.67	-8.352	-42.669	-86.8
21.68	-8.351	-37.745	-94.9
21.69	-8.353	-32.583	-95.6
21.7	-8.357	-28.402	-96.6
21.71	-8.364	-26.442	-96.4
21.72	-8.370	-27.773	-93.3
21.73	-8.374	-32.767	-88.5
21.74	-8.375	-40.383	-87.5
21.75	-8.375	-47.306	-87.5
21.76	-8.375	-50.561	-84.5
21.77	-8.376	-51.120	-84.0
21.78	-8.376	-50.934	-85.1
21.79	-8.374	-49.217	-80.5
21.8	-8.373	-44.491	-73.2
21.81	-8.373	-37.652	-72.9
21.82	-8.373	-30.775	-71.9
21.83	-8.374	-25.023	-68.2
21.84	-8.375	-20.941	-68.7
21.85	-8.377	-18.694	-67.2
21.86	-8.381	-18.164	-64.2
21.87	-8.387	-19.066	-64.2
21.88	-8.393	-21.058	-66.1
21.89	-8.399	-23.789	-66.9
21.9	-8.406	-26.884	-65.6
21.91	-8.412	-29.983	-63.9
21.92	-8.419	-32.842	-62.3
21.93	-8.426	-35.383	-60.0
21.94	-8.434	-37.598	-57.4
21.95	-8.441	-39.475	-55.7
21.96	-8.449	-40.956	-55.9
21.97	-8.456	-41.986	-58.8
21.98	-8.462	-42.617	-57.5
21.99	-8.467	-42.923	-53.2
22.0	-8.473	-42.925	-52.9
22.01	-8.479	-42.669	-50.5
22.02	-8.484	-42.292	-47.0
22.03	-8.489	-41.886	-49.2
22.04	-8.492	-41.319	-51.2
22.05	-8.493	-40.419	-48.3
22.06	-8.494	-39.242	-37.5
22.07	-8.494	-37.986	-7.9
22.08	-8.496	-36.736	26.1
22.09	-8.498	-35.455	35.0
22.1	-8.501	-34.181	26.4
22.11	-8.504	-33.077	22.9
22.12	-8.506	-32.206	13.3
22.13	-8.506	-31.502	-18.1
22.14	-8.505	-30.914	-46.9
22.15	-8.505	-30.447	-56.7
22.16	-8.506	-30.053	-57.3
22.17	-8.506	-29.600	-58.3
22.18	-8.502	-29.013	-59.8
22.19	-8.497	-28.394	-53.2
22.2	-8.494	-27.863	55.1
22.21	-8.498	-27.370	274.3
22.22	-8.508	-26.845	304.0
22.23	-8.523	-26.353	54.9
22.24	-8.538	-26.042	-161.3
22.25	-8.546	-25.975	-170.5
22.26	-8.544	-26.052	-94.6
22.27	-8.535	-26.203	-56.5
22.28	-8.523	-26.472	-49.5
22.29	-8.513	-26.748	-49.3
22.3	-8.506	-26.798	-45.8
22.31	-8.498	-26.502	-38.8
22.32	-8.488	-25.534	-35.7
22.33	-8.474	-22.361	-34.3
22.34	-8.457	-13.294	-28.7
22.35	-8.441	6.444	-21.2
22.36	-8.427	31.763	-14.4
22.37	-8.416	47.417	-5.8
22.38	-8.409	50.991	5.3
22.39	-8.405	51.130	17.8
22.4	-8.402	51.139	31.2
22.41	-8.401	51.139	48.4
22.42	-8.400	51.139	73.7
22.43	-8.400	51.136	105.6
22.44	-8.401	51.117	137.9
22.45	-8.404	49.880	169.7
22.46	-8.406	40.980	201.5
22.47	-8.409	20.216	221.9
22.48	-8.413	-4.291	221.0
22.49	-8.416	-23.661	192.1
22.5	-8.418	-36.355	128.1
22.51	-8.420	-43.067	46.3
22.52	-8.423	-44.945	-20.3
22.53	-8.428	-43.248	-60.5
22.54	-8.434	-39.106	-81.5
22.55	-8.441	-33.730	-85.9
22.56	-8.451	-28.533	-86.6
22.57	-8.466	-24.909	-93.8
22.58	-8.484	-24.083	-95.2
22.59	-8.500	-26.886	-89.8
22.6	-8.515	-33.352	-87.5
22.61	-8.526	-41.806	-85.9
22.62	-8.535	-48.356	-83.6
22.63	-8.544	-50.836	-81.0
22.64	-8.554	-51.130	-77.9
22.65	-8.564	-51.030	-76.9
22.66	-8.575	-49.702	-74.8
22.67	-8.585	-45.378	-70.9
22.68	-8.596	-38.728	-69.3
22.69	-8.607	-32.139	-68.4
22.7	-8.621	-26.861	-66.9
22.71	-8.636	-23.244	-67.1
22.72	-8.651	-21.311	-68.1
22.73	-8.667	-20.847	-65.8
22.74	-8.683	-21.539	-62.1
22.75	-8.697	-23.078	-58.6
22.76	-8.713	-25.145	-58.4
22.77	-8.729	-27.467	-61.3
22.78	-8.746	-29.906	-59.0
22.79	-8.764	-32.409	-55.6
22.8	-8.781	-34.973	-57.0
22.81	-8.798	-37.534	-57.2
22.82	-8.814	-39.861	-56.5
22.83	-8.830	-41.656	-54.7
22.84	-8.846	-42.761	-51.0
22.85	-8.862	-43.247	-49.0
22.86	-8.877	-43.288	-48.6
22.87	-8.893	-43.013	-47.9
22.88	-8.908	-42.517	-48.5
22.89	-8.922	-41.913	-48.9
22.9	-8.936	-41.313	-47.0
22.91	-8.949	-40.709	-43.0
22.92	-8.961	-39.956	-41.2
22.93	-8.973	-38.966	-44.7
22.94	-8.983	-37.822	-45.6
22.95	-8.994	-36.695	-42.9
22.96	-9.004	-35.658	-39.2
22.97	-9.014	-34.655	-32.8
22.98	-9.026	-33.642	-18.0
22.99	-9.037	-32.666	13.5
23.0	-9.048	-31.788	38.0
23.01	-9.059	-30.967	37.5
23.02	-9.071	-30.139	32.4
23.03	-9.081	-29.356	29.8
23.04	-9.091	-28.764	6.4
23.05	-9.101	-28.433	-29.1
23.06	-9.111	-28.247	-47.5
23.07	-9.121	-28.053	-48.3
23.08	-9.128	-27.884	-46.5
23.09	-9.133	-27.855	-48.8
23.1	-9.137	-27.944	-49.8
23.11	-9.142	-27.988	-13.9
23.12	-9.149	-27.856	160.1
23.13	-9.161	-27.548	322.8
23.14	-9.172	-27.113	196.8
23.15	-9.183	-26.597	-73.4
23.16	-9.192	-26.133	-192.2
23.17	-9.196	-25.897	-138.8
23.18	-9.196	-25.927	-66.4
23.19	-9.191	-26.078	-42.0
23.2	-9.187	-26.197	-34.9
23.21	-9.190	-26.244	-30.6
23.22	-9.197	-26.261	-28.8
23.23	-9.205	-26.172	-24.9
23.24	-9.208	-25.331	-19.0
23.25	-9.206	-21.813	-14.3
23.26	-9.201	-11.653	-9.4
23.27	-9.193	9.459	-3.0
23.28	-9.186	34.506	5.7
23.29	-9.181	48.414	17.5
23.3	-9.182	51.056	30.1
23.31	-9.188	51.130	42.1
23.32	-9.195	51.139	55.3
23.33	-9.203	51.139	75.1
23.34	-9.209	51.139	101.7
23.35	-9.216	51.133	133.0
23.36	-9.224	51.069	168.2
23.37	-9.230	48.891	200.8
23.38	-9.236	37.019	227.3
23.39	-9.241	13.366	242.8
23.4	-9.245	-11.584	233.0
23.41	-9.248	-29.881	183.7
23.42	-9.252	-41.113	105.1
23.43	-9.255	-46.413	30.8
23.44	-9.257	-47.180	-22.5
23.45	-9.258	-44.777	-54.3
23.46	-9.257	-40.483	-68.5
23.47	-9.258	-35.583	-74.4
23.48	-9.261	-31.305	-78.4
23.49	-9.265	-28.814	-80.5
23.5	-9.268	-29.219	-79.3
23.51	-9.269	-33.178	-76.7
23.52	-9.269	-40.077	-72.4
23.53	-9.266	-46.908	-68.8
23.54	-9.262	-50.414	-66.2
23.55	-9.255	-51.103	-62.7
23.56	-9.246	-50.700	-62.1
23.57	-9.233	-48.081	-61.6
23.58	-9.219	-42.167	-59.7
23.59	-9.204	-34.702	-58.5
23.6	-9.188	-27.741	-55.3
23.61	-9.171	-22.056	-52.1
23.62	-9.150	-18.009	-51.9
23.63	-9.128	-15.750	-53.4
23.64	-9.104	-15.152	-52.1
23.65	-9.080	-15.888	-49.2
23.66	-9.056	-17.608	-48.5
23.67	-9.031	-20.038	-47.8
23.68	-9.008	-22.950	-46.3
23.69	-8.984	-26.105	-44.6
23.7	-8.963	-29.305	-47.2
23.71	-8.943	-32.455	-51.7
23.72	-8.925	-35.431	-49.8
23.73	-8.909	-38.013	-47.3
23.74	-8.893	-40.039	-47.1
23.75	-8.878	-41.525	-45.6
23.76	-8.863	-42.509	-44.0
23.77	-8.848	-42.983	-42.6
23.78	-8.834	-43.006	-42.6
23.79	-8.819	-42.717	-44.0
23.8	-8.804	-42.205	-43.4
23.81	-8.790	-41.495	-42.5
23.82	-8.776	-40.598	-42.4
23.83	-8.763	-39.528	-42.1
23.84	-8.749	-38.311	-41.3
23.85	-8.735	-37.030	-38.8
23.86	-8.723	-35.786	-22.8
23.87	-8.712	-34.622	14.1
23.88	-8.703	-33.511	36.5
23.89	-8.694	-32.448	32.7
23.9	-8.686	-31.522	28.1
23.91	-8.677	-30.767	21.8
23.92	-8.668	-30.103	-0.4
23.93	-8.658	-29.419	-31.9
23.94	-8.648	-28.653	-51.2
23.95	-8.637	-27.797	-54.1
23.96	-8.625	-26.913	-52.1
23.97	-8.611	-26.127	-54.0
23.98	-8.596	-25.552	-57.7
23.99	-8.583	-25.214	-25.0
24.0	-8.575	-25.066	142.2
24.01	-8.572	-25.052	303.8
24.02	-8.570	-25.102	183.7
24.03	-8.569	-25.150	-82.4
24.04	-8.566	-25.234	-199.4
24.05	-8.558	-25.417	-146.1
24.06	-8.545	-25.619	-72.5
24.07	-8.531	-25.773	-47.3
24.08	-8.517	-25.917	-43.2
24.09	-8.508	-26.041	-41.3
24.1	-8.502	-26.023	-37.3
24.11	-8.496	-25.686	-29.6
24.12	-8.489	-24.603	-22.6
24.13	-8.479	-21.298	-20.4
24.14	-8.467	-12.363	-16.4
24.15	-8.451	6.708	-7.7
24.16	-8.436	31.442	0.3
24.17	-8.422	47.188	7.8
24.18	-8.411	50.972	16.7
24.19	-8.404	51.131	27.3
24.2	-8.399	51.139	42.0
24.21	-8.395	51.139	64.8
24.22	-8.391	51.139	94.5
24.23	-8.387	51.136	128.7
24.24	-8.384	51.117	164.2
24.25	-8.381	49.781	193.0
24.26	-8.377	40.420	216.5
24.27	-8.374	18.973	232.5
24.28	-8.370	-5.813	219.2
24.29	-8.367	-24.809	165.7
24.3	-8.366	-36.891	92.9
24.31	-8.366	-43.223	20.6
24.32	-8.366	-45.064	-37.5
24.33	-8.364	-43.573	-70.8
24.34	-8.360	-39.913	-86.1
24.35	-8.356	-35.348	-94.0
24.36	-8.356	-31.156	-96.7
24.37	-8.359	-28.586	-98.0
24.38	-8.363	-28.816	-97.9
24.39	-8.364	-32.511	-93.9
24.4	-8.364	-39.148	-90.8
24.41	-8.363	-46.123	-87.6
24.42	-8.362	-50.125	-85.8
24.43	-8.361	-51.089	-85.7
24.44	-8.359	-50.948	-81.3
24.45	-8.355	-49.302	-75.9
24.46	-8.351	-44.658	-75.4
24.47	-8.349	-37.895	-77.5
24.48	-8.348	-31.141	-74.1
24.49	-8.346	-25.456	-69.2
24.5	-8.345	-21.234	-68.8
24.51	-8.346	-18.652	-67.4
24.52	-8.346	-17.689	-66.0
24.53	-8.348	-18.130	-66.4
24.54	-8.348	-19.633	-66.8
24.55	-8.349	-21.859	-65.9
24.56	-8.351	-24.544	-60.9
24.57	-8.351	-27.480	-61.1
24.58	-8.353	-30.425	-65.8
24.59	-8.355	-33.113	-64.8
24.6	-8.358	-35.358	-62.5
24.61	-8.363	-37.144	-59.8
24.62	-8.367	-38.570	-57.0
24.63	-8.371	-39.695	-56.1
24.64	-8.375	-40.511	-55.4
24.65	-8.379	-40.991	-56.6
24.66	-8.383	-41.095	-59.1
24.67	-8.386	-40.805	-57.6
24.68	-8.388	-40.198	-52.6
24.69	-8.390	-39.439	-48.3
24.7	-8.392	-38.642	-47.8
24.71	-8.394	-37.814	-51.0
24.72	-8.395	-36.922	-50.5
24.73	-8.397	-35.989	-48.6
24.74	-8.399	-35.078	-48.5
24.75	-8.401	-34.195	-47.9
24.76	-8.402	-33.308	-47.8
24.77	-8.405	-32.447	-43.9
24.78	-8.407	-31.650	-42.2
24.79	-8.408	-30.875	-47.4
24.8	-8.410	-30.089	-48.0
24.81	-8.412	-29.328	-41.9
24.82	-8.415	-28.658	-38.8
24.83	-8.419	-28.094	-41.2
24.84	-8.422	-27.591	-43.4
24.85	-8.425	-27.130	-40.9
24.86	-8.428	-26.738	-37.7
24.87	-8.430	-26.409	-37.2
24.88	-8.433	-26.123	-37.9
24.89	-8.434	-25.873	-38.5
24.9	-8.437	-25.661	-39.5
24.91	-8.439	-25.441	-39.9
24.92	-8.441	-25.214	-37.2
24.93	-8.442	-25.027	-34.3
24.94	-8.443	-24.886	-33.0
24.95	-8.445	-24.759	-33.2
24.96	-8.446	-24.642	-35.9
24.97	-8.447	-24.588	-34.5
24.98	-8.449	-24.613	-24.8
24.99	-8.451	-24.605	4.4
25.0	-8.454	-24.447	38.6
25.01	-8.457	-24.173	43.8
25.02	-8.461	-23.925	34.8
25.03	-8.464	-23.805	30.7
25.04	-8.465	-23.828	17.9
25.05	-8.466	-23.931	-13.6
25.06	-8.466	-24.009	-40.5
25.07	-8.468	-23.970	-45.5
25.08	-8.471	-23.789	-48.0
25.09	-8.471	-23.523	-53.9
25.1	-8.468	-23.213	-54.4
25.11	-8.466	-22.803	-11.3
25.12	-8.469	-22.238	170.2
25.13	-8.479	-21.528	338.4
25.14	-8.494	-20.725	220.6
25.15	-8.510	-19.931	-48.7
25.16	-8.520	-19.345	-171.0
25.17	-8.519	-19.137	-127.1
25.18	-8.510	-19.250	-69.1
25.19	-8.500	-19.458	-50.6
25.2	-8.494	-19.572	-47.1
25.21	-8.494	-19.522	-46.4
25.22	-8.494	-19.300	-45.0
25.23	-8.491	-18.702	-38.9
25.24	-8.484	-16.653	-31.4
25.25	-8.475	-10.509	-29.6
25.26	-8.464	4.164	-26.0
25.27	-8.453	26.919	-18.6
25.28	-8.446	44.969	-10.4
25.29	-8.444	50.747	-1.0
25.3	-8.444	51.117	6.9
25.31	-8.446	51.139	16.2
25.32	-8.447	51.139	31.9
25.33	-8.447	51.139	52.6
25.34	-8.447	51.139	73.9
25.35	-8.447	51.125	104.1
25.36	-8.449	50.872	140.3
25.37	-8.453	46.256	170.5
25.38	-8.457	29.744	193.7
25.39	-8.462	4.520	210.4
25.4	-8.467	-17.770	210.8
25.41	-8.471	-32.563	177.9
25.42	-8.476	-40.920	115.7
25.43	-8.482	-44.270	43.4
25.44	-8.491	-43.805	-18.3
25.45	-8.502	-40.608	-54.3
25.46	-8.512	-35.763	-71.5
25.47	-8.523	-30.377	-79.8
25.48	-8.536	-25.600	-81.4
25.49	-8.550	-22.606	-84.5
25.5	-8.565	-22.409	-87.6
25.51	-8.579	-25.500	-85.6
25.52	-8.592	-31.578	-84.0
25.53	-8.604	-39.305	-81.8
25.54	-8.614	-46.230	-78.0
25.55	-8.625	-50.066	-74.5
25.56	-8.637	-50.802	-70.6
25.57	-8.648	-49.255	-68.4
25.58	-8.659	-45.427	-68.0
25.59	-8.672	-40.041	-69.7
25.6	-8.685	-34.330	-69.1
25.61	-8.699	-29.102	-66.6
25.62	-8.715	-24.856	-68.8
25.63	-8.732	-21.828	-67.8
25.64	-8.750	-20.128	-64.1
25.65	-8.769	-19.766	-64.2
25.66	-8.787	-20.547	-65.5
25.67	-8.806	-22.081	-64.6
25.68	-8.825	-24.003	-60.5
25.69	-8.844	-26.163	-57.0
25.7	-8.866	-28.531	-56.6
25.71	-8.888	-30.989	-58.4
25.72	-8.911	-33.300	-60.0
25.73	-8.934	-35.275	-57.1
25.74	-8.957	-36.866	-52.2
25.75	-8.979	-38.047	-50.7
25.76	-9.000	-38.747	-51.4
25.77	-9.021	-38.991	-52.7
25.78	-9.040	-38.925	-52.0
25.79	-9.059	-38.686	-50.6
25.8	-9.078	-38.328	-50.6
25.81	-9.096	-37.897	-48.8
25.82	-9.116	-37.452	-46.1
25.83	-9.134	-36.991	-43.2
25.84	-9.152	-36.466	-42.0
25.85	-9.171	-35.847	-42.8
25.86	-9.189	-35.087	-41.1
25.87	-9.207	-34.119	-41.0
25.88	-9.224	-32.958	-41.2
25.89	-9.242	-31.744	-39.1
25.9	-9.259	-30.672	-39.6
25.91	-9.277	-29.867	-39.6
25.92	-9.293	-29.300	-39.2
25.93	-9.309	-28.850	-39.6
25.94	-9.324	-28.463	-34.5
25.95	-9.340	-28.150	-28.2
25.96	-9.357	-27.873	-14.2
25.97	-9.375	-27.534	20.9
25.98	-9.393	-27.103	44.6
25.99	-9.412	-26.669	39.6
26.0	-9.429	-26.300	33.8
26.01	-9.446	-25.992	30.9
26.02	-9.461	-25.725	8.1
26.03	-9.476	-25.494	-24.8
26.04	-9.491	-25.266	-38.9
26.05	-9.506	-24.948	-41.4
26.06	-9.519	-24.478	-45.5
26.07	-9.533	-23.917	-45.0
26.08	-9.546	-23.423	-36.2
26.09	-9.558	-23.102	62.9
26.1	-9.571	-22.859	264.9
26.11	-9.584	-22.536	290.0
26.12	-9.595	-22.127	47.1
26.13	-9.604	-21.792	-173.8
26.14	-9.609	-21.694	-186.9
26.15	-9.611	-21.794	-95.5
26.16	-9.606	-21.922	-41.5
26.17	-9.600	-22.019	-29.8
26.18	-9.597	-22.080	-28.2
26.19	-9.600	-22.017	-24.5
26.2	-9.606	-21.831	-20.7
26.21	-9.609	-21.581	-18.8
26.22	-9.609	-20.850	-13.1
26.23	-9.605	-18.036	-4.0
26.24	-9.601	-10.098	3.2
26.25	-9.597	6.855	7.0
26.26	-9.592	30.045	12.9
26.27	-9.589	46.331	23.0
26.28	-9.587	50.888	34.6
26.29	-9.588	51.125	49.7
26.3	-9.588	51.139	68.4
26.31	-9.586	51.139	91.7
26.32	-9.582	51.139	119.1
26.33	-9.578	51.133	148.3
26.34	-9.572	51.056	181.8
26.35	-9.565	48.814	216.9
26.36	-9.556	37.461	241.4
26.37	-9.542	15.417	246.7
26.38	-9.523	-7.911	222.7
26.39	-9.498	-25.606	160.2
26.4	-9.470	-37.250	77.1
26.41	-9.439	-43.755	3.0
26.42	-9.404	-46.225	-47.4
26.43	-9.366	-45.652	-71.4
26.44	-9.324	-42.994	-81.6
26.45	-9.279	-39.280	-85.8
26.46	-9.234	-35.500	-86.4
26.47	-9.191	-32.683	-89.7
26.48	-9.146	-31.953	-89.6
26.49	-9.101	-34.122	-85.6
26.5	-9.054	-38.875	-85.6
26.51	-9.007	-44.419	-85.2
26.52	-8.960	-48.350	-79.5
26.53	-8.914	-49.092	-76.3
26.54	-8.870	-46.467	-77.0
26.55	-8.828	-41.267	-76.5
26.56	-8.789	-34.650	-70.5
26.57	-8.754	-27.739	-63.6
26.58	-8.722	-21.452	-62.2
26.59	-8.693	-16.400	-61.7
26.6	-8.665	-12.877	-64.5
26.61	-8.639	-10.997	-67.0
26.62	-8.615	-10.752	-64.4
26.63	-8.593	-11.941	-62.6
26.64	-8.574	-14.177	-63.3
26.65	-8.556	-17.023	-63.3
26.66	-8.541	-20.130	-61.9
26.67	-8.527	-23.223	-60.9
26.68	-8.514	-26.100	-59.5
26.69	-8.502	-28.711	-58.4
26.7	-8.491	-31.092	-61.4
26.71	-8.481	-33.186	-63.7
26.72	-8.472	-34.827	-61.5
26.73	-8.463	-35.873	-59.6
26.74	-8.455	-36.347	-57.4
26.75	-8.447	-36.389	-55.6
26.76	-8.442	-36.163	-55.8
26.77	-8.436	-35.836	-53.3
26.78	-8.429	-35.513	-46.8
26.79	-8.423	-35.156	-26.3
26.8	-8.419	-34.659	8.8
26.81	-8.416	-33.952	22.8
26.82	-8.412	-33.044	13.7
26.83	-8.410	-32.020	11.4
26.84	-8.407	-31.000	6.8
26.85	-8.405	-30.053	-20.4
26.86	-8.404	-29.175	-53.3
26.87	-8.402	-28.348	-65.0
26.88	-8.400	-27.556	-61.3
26.89	-8.394	-26.752	-65.3
26.9	-8.388	-25.919	-71.1
26.91	-8.383	-25.153	-55.7
26.92	-8.379	-24.541	75.5
26.93	-8.381	-24.033	273.5
26.94	-8.384	-23.570	234.2
26.95	-8.389	-23.152	-27.7
26.96	-8.396	-22.838	-199.5
26.97	-8.399	-22.722	-178.8
26.98	-8.398	-22.789	-97.3
26.99	-8.392	-22.959	-59.4
27.0	-8.385	-23.234	-52.6
27.01	-8.380	-23.558	-52.0
27.02	-8.379	-23.695	-50.7
27.03	-8.380	-23.420	-46.0
27.04	-8.382	-22.617	-41.3
27.05	-8.383	-20.677	-38.1
27.06	-8.383	-15.589	-31.1
27.07	-8.381	-3.677	-22.5
27.08	-8.378	17.425	-14.8
27.09	-8.377	39.136	-7.2
27.1	-8.378	49.541	2.2
27.11	-8.381	51.111	16.6
27.12	-8.383	51.134	33.0
27.13	-8.385	51.139	50.6
27.14	-8.387	51.139	73.8
27.15	-8.390	51.139	104.3
27.16	-8.394	51.130	141.3
27.17	-8.398	50.961	176.5
27.18	-8.403	47.542	206.9
27.19	-8.408	34.367	228.5
27.2	-8.412	12.720	223.7
27.21	-8.415	-8.178	179.9
27.22	-8.418	-23.784	104.5
27.23	-8.422	-34.189	27.9
27.24	-8.425	-40.048	-30.0
27.25	-8.428	-42.095	-68.9
27.26	-8.431	-41.047	-91.5
27.27	-8.434	-37.608	-103.8
27.28	-8.441	-32.447	-105.6
27.29	-8.454	-27.094	-103.3
27.3	-8.471	-23.855	-102.6
27.31	-8.483	-24.291	-101.8
27.32	-8.494	-28.767	-99.9
27.33	-8.506	-36.069	-94.0
27.34	-8.518	-43.764	-90.1
27.35	-8.529	-49.055	-95.2
27.36	-8.541	-50.925	-94.1
27.37	-8.554	-51.056	-76.8
27.38	-8.568	-49.845	-71.7
27.39	-8.581	-45.481	-82.4
27.4	-8.595	-38.386	-80.5
27.41	-8.609	-30.788	-76.4
27.42	-8.620	-24.044	-80.7
27.43	-8.631	-19.314	-79.3
27.44	-8.642	-16.720	-75.3
27.45	-8.654	-15.706	-74.9
27.46	-8.666	-15.995	-73.6
27.47	-8.676	-16.983	-71.3
27.48	-8.684	-18.044	-70.7
27.49	-8.691	-19.334	-69.8
27.5	-8.694	-21.239	-67.4
27.51	-8.696	-23.720	-67.6
27.52	-8.695	-26.748	-66.7
27.53	-8.694	-29.805	-62.2
27.54	-8.693	-32.100	-61.3
27.55	-8.691	-33.667	-64.1
27.56	-8.688	-34.781	-63.9
27.57	-8.687	-35.272	-60.8
27.58	-8.689	-35.416	-61.0
27.59	-8.690	-35.677	-62.5
27.6	-8.683	-35.959	-59.1
27.61	-8.671	-35.972	-53.8
27.62	-8.657	-35.709	-35.0
27.63	-8.646	-35.372	3.8
27.64	-8.638	-35.011	26.3
27.65	-8.629	-34.739	21.3
27.66	-8.621	-34.608	16.2
27.67	-8.617	-34.278	14.4
27.68	-8.618	-33.414	-7.3
27.69	-8.621	-32.070	-45.1
27.7	-8.624	-30.663	-66.3
27.71	-8.626	-29.661	-66.5
27.72	-8.626	-29.009	-62.2
27.73	-8.622	-28.369	-61.8
27.74	-8.614	-27.605	-59.7
27.75	-8.605	-26.648	46.2
27.76	-8.599	-25.547	270.9
27.77	-8.598	-24.414	310.5
27.78	-8.602	-23.358	57.4
27.79	-8.608	-22.641	-176.0
27.8	-8.611	-22.797	-188.1
27.81	-8.602	-24.045	-101.9
27.82	-8.584	-25.647	-62.5
27.83	-8.563	-26.856	-61.6
27.84	-8.545	-27.483	-57.8
27.85	-8.531	-27.411	-45.7
27.86	-8.519	-26.655	-41.1
27.87	-8.509	-25.275	-41.4
27.88	-8.498	-22.616	-38.3
27.89	-8.487	-16.295	-32.6
27.9	-8.476	-1.767	-27.0
27.91	-8.466	21.898	-20.8
27.92	-8.457	42.569	-5.7
27.93	-8.449	50.338	4.0
27.94	-8.443	51.109	1.1
27.95	-8.436	51.139	17.2
27.96	-8.431	51.139	56.2
27.97	-8.429	51.139	85.7
27.98	-8.429	51.139	109.4
27.99	-8.434	51.120	147.5
28.0	-8.443	50.719	184.3
28.01	-8.456	45.823	211.2
28.02	-8.471	30.748	239.6
28.03	-8.487	9.183	244.6
28.04	-8.504	-9.750	198.4
