Interval=	0.01 s
ExcelDateTime=	3.9770528790620425e+004	18/11/2008 12:41:27.509604
TimeFormat=	StartOfBlock
ChannelTitle=	Channel 1	Channel 2	Channel 3
Range=	20.000 mV	50.000 mV	1000.0 µV
0.0	-8.723	51.108	15.3
0.01	-8.714	51.136	41.3
0.02	-8.704	51.139	69.4
0.03	-8.697	51.139	102.4
0.04	-8.693	51.131	115.6
0.05	-8.691	51.005	141.4
0.06	-8.689	48.223	181.3
0.07	-8.689	36.894	199.6
0.08	-8.691	17.861	203.8
0.09	-8.696	-0.303	218.7
0.1	-8.706	-13.252	216.9
0.11	-8.720	-21.384	165.9
0.12	-8.739	-25.664	89.5
0.13	-8.760	-26.928	27.0
0.14	-8.781	-26.078	-17.8
0.15	-8.801	-24.327	-42.9
0.16	-8.821	-22.638	-54.2
0.17	-8.840	-21.870	-59.0
0.18	-8.858	-22.908	-58.5
0.19	-8.874	-25.905	-54.0
0.2	-8.888	-30.120	-53.5
0.21	-8.901	-34.280	-52.2
0.22	-8.916	-37.161	-49.7
0.23	-8.929	-38.030	-52.3
0.24	-8.940	-36.791	-54.8
0.25	-8.950	-33.802	-35.3
0.26	-8.960	-29.455	-22.6
0.27	-8.970	-24.639	-32.1
0.28	-8.980	-20.380	-32.8
0.29	-8.991	-17.022	-27.3
0.3	-9.002	-14.831	-28.8
0.31	-9.013	-14.286	-36.6
0.32	-9.024	-15.473	-40.3
0.33	-9.036	-17.775	-31.0
0.34	-9.049	-20.616	-24.4
0.35	-9.063	-23.923	-27.4
0.36	-9.078	-27.548	-28.6
0.37	-9.094	-31.211	-26.1
0.38	-9.108	-34.734	-43.0
0.39	-9.123	-37.841	-41.5
0.4	-9.140	-40.123	-24.5
0.41	-9.158	-41.541	-27.7
0.42	-9.175	-42.472	-19.9
0.43	-9.191	-43.169	-18.7
0.44	-9.204	-43.666	-35.6
0.45	-9.216	-43.964	-36.3
0.46	-9.226	-44.006	-27.6
0.47	-9.236	-43.631	-17.5
0.48	-9.246	-42.723	-3.8
0.49	-9.257	-41.494	9.4
0.5	-9.269	-40.291	21.6
0.51	-9.281	-39.313	35.8
0.52	-9.296	-38.445	34.7
0.53	-9.313	-37.386	14.9
0.54	-9.331	-36.059	-5.2
0.55	-9.351	-34.558	-7.8
0.56	-9.374	-32.941	-13.6
0.57	-9.401	-31.306	-21.6
0.58	-9.428	-29.838	-19.8
0.59	-9.456	-28.720	-5.0
0.6	-9.485	-28.067	29.7
0.61	-9.514	-27.895	123.0
0.62	-9.547	-28.073	249.0
0.63	-9.581	-28.186	221.2
0.64	-9.613	-27.741	58.3
0.65	-9.641	-27.019	-31.9
0.66	-9.665	-27.002	-24.8
0.67	-9.685	-28.066	-4.1
0.68	-9.703	-29.819	-9.8
0.69	-9.720	-31.580	-7.1
0.7	-9.737	-32.739	13.8
0.71	-9.753	-32.866	25.6
0.72	-9.768	-31.075	29.6
0.73	-9.781	-25.195	30.0
0.74	-9.794	-11.288	25.5
0.75	-9.805	12.952	30.9
0.76	-9.814	37.577	35.6
0.77	-9.822	49.319	42.8
0.78	-9.827	51.106	57.1
0.79	-9.831	51.134	70.9
0.8	-9.836	51.139	85.8
0.81	-9.842	51.139	108.0
0.82	-9.850	51.134	129.4
0.83	-9.860	51.098	155.7
0.84	-9.871	49.642	187.9
0.85	-9.884	41.208	209.1
0.86	-9.899	23.767	216.4
0.87	-9.915	4.888	214.3
0.88	-9.936	-8.870	188.9
0.89	-9.963	-16.997	132.5
0.9	-9.994	-21.491	61.2
0.91	-10.026	-24.164	9.3
0.92	-10.058	-24.858	-21.2
0.93	-10.091	-23.044	-43.3
0.94	-10.126	-20.234	-55.6
0.95	-10.160	-18.663	-55.1
0.96	-10.191	-19.900	-54.3
0.97	-10.218	-27.527	-52.6
0.98	-10.241	-40.383	-51.2
0.99	-10.262	-49.066	-51.1
1.0	-10.283	-51.052	-54.3
1.01	-10.301	-50.998	-56.0
1.02	-10.317	-49.411	-39.0
1.03	-10.330	-44.791	-25.4
1.04	-10.341	-38.856	-30.8
1.05	-10.351	-34.708	-35.2
1.06	-10.363	-33.216	-47.1
1.07	-10.374	-33.555	-58.6
1.08	-10.380	-35.050	-50.1
1.09	-10.380	-37.752	-48.7
1.1	-10.373	-41.506	-66.5
1.11	-10.360	-45.558	-63.6
1.12	-10.341	-48.928	-54.7
1.13	-10.316	-50.723	-59.3
1.14	-10.284	-51.125	-63.5
1.15	-10.247	-51.139	-63.6
1.16	-10.209	-51.141	-58.4
1.17	-10.170	-51.141	-44.8
1.18	-10.132	-51.141	-28.9
1.19	-10.096	-51.141	-19.8
1.2	-10.061	-51.141	-28.3
1.21	-10.028	-51.139	-33.9
1.22	-9.996	-51.080	-24.2
1.23	-9.964	-50.005	-21.8
1.24	-9.933	-46.402	-41.1
1.25	-9.904	-42.145	-59.3
1.26	-9.879	-40.953	-64.1
1.27	-9.856	-42.278	-59.1
1.28	-9.831	-42.448	-52.0
1.29	-9.803	-39.108	-34.0
1.3	-9.771	-31.325	44.2
1.31	-9.742	-16.548	198.2
1.32	-9.719	2.923	227.9
1.33	-9.697	17.769	66.6
1.34	-9.671	24.323	-54.8
1.35	-9.642	24.498	-61.9
1.36	-9.610	19.892	-42.6
1.37	-9.574	13.414	-36.2
1.38	-9.537	7.711	-44.6
1.39	-9.499	3.048	-39.5
1.4	-9.463	-1.173	-13.2
1.41	-9.428	-4.547	-0.3
1.42	-9.396	-6.327	-5.6
1.43	-9.365	-4.814	-4.4
1.44	-9.336	4.852	1.4
1.45	-9.308	24.291	14.7
1.46	-9.278	42.669	27.0
1.47	-9.246	50.213	38.8
1.48	-9.213	51.117	50.4
1.49	-9.179	51.139	65.9
1.5	-9.146	51.139	98.2
1.51	-9.115	51.139	131.9
1.52	-9.086	51.123	158.4
1.53	-9.059	50.794	186.0
1.54	-9.034	46.527	205.6
1.55	-9.011	32.966	220.7
1.56	-8.988	13.344	223.6
1.57	-8.965	-4.347	190.9
1.58	-8.946	-17.461	123.5
1.59	-8.929	-26.389	63.3
1.6	-8.912	-31.759	14.6
1.61	-8.894	-34.280	-29.4
1.62	-8.877	-34.712	-55.5
1.63	-8.862	-34.138	-62.4
1.64	-8.844	-33.889	-61.3
1.65	-8.826	-34.864	-57.7
1.66	-8.808	-37.202	-59.5
1.67	-8.792	-40.372	-61.9
1.68	-8.777	-43.103	-54.8
1.69	-8.764	-43.898	-46.0
1.7	-8.752	-42.019	-43.2
1.71	-8.740	-38.067	-44.4
1.72	-8.728	-33.305	-47.4
1.73	-8.716	-28.306	-37.4
1.74	-8.704	-22.998	-26.8
1.75	-8.694	-17.730	-27.4
1.76	-8.684	-13.353	-22.4
1.77	-8.674	-10.623	-12.7
1.78	-8.664	-9.873	-21.1
1.79	-8.654	-11.077	-29.1
1.8	-8.644	-13.928	-25.1
1.81	-8.635	-17.808	-15.0
1.82	-8.627	-21.973	-14.2
1.83	-8.621	-25.916	-31.9
1.84	-8.615	-29.473	-37.4
1.85	-8.610	-32.628	-19.2
1.86	-8.606	-35.497	-1.5
1.87	-8.604	-38.395	9.2
1.88	-8.601	-41.333	13.7
1.89	-8.600	-43.856	25.9
1.9	-8.598	-45.702	37.2
1.91	-8.596	-46.898	30.5
1.92	-8.593	-47.380	14.4
1.93	-8.589	-47.122	1.0
1.94	-8.584	-46.341	-14.8
1.95	-8.581	-45.413	-28.3
1.96	-8.580	-44.669	-29.2
1.97	-8.576	-43.961	-19.4
1.98	-8.569	-43.016	-6.3
1.99	-8.562	-42.020	39.7
2.0	-8.558	-41.250	172.7
2.01	-8.561	-40.645	268.9
2.02	-8.566	-39.902	153.5
2.03	-8.569	-38.822	-8.1
2.04	-8.571	-37.422	-47.9
2.05	-8.569	-36.017	-30.8
2.06	-8.564	-35.106	-16.7
2.07	-8.559	-34.813	-12.9
2.08	-8.553	-34.766	-12.9
2.09	-8.545	-34.391	-15.8
2.1	-8.536	-32.997	-14.9
2.11	-8.528	-29.017	-6.1
2.12	-8.522	-18.861	2.1
2.13	-8.516	2.030	11.5
2.14	-8.510	28.950	14.0
2.15	-8.504	46.472	11.3
2.16	-8.498	50.922	15.3
2.17	-8.492	51.127	44.4
2.18	-8.486	51.139	73.9
2.19	-8.479	51.139	83.8
2.2	-8.472	51.134	104.5
2.21	-8.467	51.094	144.8
2.22	-8.463	49.553	164.7
2.23	-8.461	40.819	171.8
2.24	-8.460	22.714	192.8
2.25	-8.460	2.469	207.2
2.26	-8.461	-13.883	181.9
2.27	-8.463	-25.719	122.3
2.28	-8.467	-33.348	60.2
2.29	-8.473	-37.083	6.0
2.3	-8.477	-37.678	-43.4
2.31	-8.479	-36.317	-68.6
2.32	-8.482	-34.292	-72.8
2.33	-8.486	-32.792	-73.0
2.34	-8.488	-32.755	-78.4
2.35	-8.488	-34.545	-84.3
2.36	-8.489	-37.545	-87.6
2.37	-8.493	-40.489	-80.3
2.38	-8.499	-42.498	-72.1
2.39	-8.506	-43.120	-71.1
2.4	-8.513	-41.997	-65.1
2.41	-8.519	-39.381	-54.3
2.42	-8.522	-36.006	-57.0
2.43	-8.523	-32.355	-65.6
2.44	-8.524	-28.800	-58.8
2.45	-8.527	-25.834	-48.8
2.46	-8.531	-23.577	-51.9
2.47	-8.536	-22.019	-57.2
2.48	-8.541	-21.772	-58.3
2.49	-8.546	-23.469	-55.3
2.5	-8.548	-26.917	-52.7
2.51	-8.551	-31.227	-51.8
2.52	-8.553	-35.434	-58.7
2.53	-8.556	-38.984	-65.5
2.54	-8.558	-41.783	-64.6
2.55	-8.561	-43.984	-54.8
2.56	-8.563	-45.731	-49.7
2.57	-8.566	-47.200	-52.8
2.58	-8.569	-48.578	-51.1
2.59	-8.572	-49.825	-34.4
2.6	-8.574	-50.714	-20.0
2.61	-8.576	-51.086	-7.7
2.62	-8.577	-51.123	6.5
2.63	-8.577	-50.798	9.2
2.64	-8.577	-49.555	-12.2
2.65	-8.577	-47.495	-44.1
2.66	-8.578	-45.281	-53.5
2.67	-8.581	-43.092	-53.3
2.68	-8.586	-41.095	-56.8
2.69	-8.589	-39.863	-50.3
2.7	-8.588	-39.469	-35.1
2.71	-8.584	-39.275	2.7
2.72	-8.582	-38.875	107.9
2.73	-8.586	-38.358	218.9
2.74	-8.592	-37.723	159.3
2.75	-8.601	-36.747	8.8
2.76	-8.606	-35.650	-59.2
2.77	-8.608	-35.081	-51.2
2.78	-8.606	-35.241	-31.3
2.79	-8.605	-35.877	-27.6
2.8	-8.603	-36.734	-29.7
2.81	-8.602	-37.297	-30.4
2.82	-8.601	-36.769	-34.8
2.83	-8.603	-33.823	-29.2
2.84	-8.604	-24.995	-11.5
2.85	-8.606	-5.363	5.2
2.86	-8.606	22.647	7.4
2.87	-8.606	43.845	9.1
2.88	-8.605	50.620	20.9
2.89	-8.606	51.114	36.7
2.9	-8.607	51.139	45.8
2.91	-8.609	51.139	52.1
2.92	-8.612	51.134	75.3
2.93	-8.616	51.048	113.9
2.94	-8.623	48.859	149.7
2.95	-8.634	39.056	181.6
2.96	-8.647	21.591	198.4
2.97	-8.663	4.297	204.4
2.98	-8.683	-8.467	193.4
2.99	-8.706	-17.045	151.2
3.0	-8.732	-22.067	86.3
3.01	-8.761	-24.134	19.6
3.02	-8.788	-24.108	-38.0
3.03	-8.814	-22.961	-67.3
3.04	-8.841	-21.578	-68.3
3.05	-8.867	-20.927	-71.3
3.06	-8.892	-21.711	-79.5
3.07	-8.914	-24.152	-74.3
3.08	-8.936	-27.956	-71.2
3.09	-8.957	-32.070	-79.7
3.1	-8.980	-35.080	-76.8
3.11	-9.004	-36.045	-65.2
3.12	-9.029	-35.027	-67.6
3.13	-9.051	-32.806	-63.6
3.14	-9.072	-29.969	-51.9
3.15	-9.092	-26.672	-54.1
3.16	-9.110	-23.272	-63.4
3.17	-9.128	-20.280	-60.1
3.18	-9.148	-17.978	-54.2
3.19	-9.169	-16.714	-45.8
3.2	-9.191	-16.881	-41.3
3.21	-9.212	-18.380	-49.3
3.22	-9.233	-20.850	-58.2
3.23	-9.254	-24.127	-58.6
3.24	-9.274	-27.659	-52.3
3.25	-9.296	-30.866	-54.6
3.26	-9.318	-33.695	-56.3
3.27	-9.341	-36.136	-43.1
3.28	-9.364	-38.269	-35.5
3.29	-9.388	-40.163	-36.1
3.3	-9.411	-41.620	-36.2
3.31	-9.433	-42.580	-42.2
3.32	-9.454	-43.220	-53.8
3.33	-9.476	-43.638	-38.8
3.34	-9.496	-43.806	-23.9
3.35	-9.515	-43.564	-21.5
3.36	-9.533	-42.855	-7.3
3.37	-9.552	-41.959	9.8
3.38	-9.571	-40.919	18.3
3.39	-9.591	-39.877	19.7
3.4	-9.609	-39.055	8.9
3.41	-9.628	-38.091	-15.5
3.42	-9.646	-36.891	-39.3
3.43	-9.664	-35.834	-39.0
3.44	-9.684	-34.981	-33.6
3.45	-9.702	-34.266	-38.2
3.46	-9.716	-33.686	-25.5
3.47	-9.729	-33.130	2.4
3.48	-9.742	-32.541	103.6
3.49	-9.759	-31.945	251.6
3.5	-9.781	-31.342	214.4
3.51	-9.803	-30.766	37.7
3.52	-9.819	-30.473	-57.4
3.53	-9.828	-30.639	-61.3
3.54	-9.834	-30.967	-47.8
3.55	-9.839	-31.261	-29.5
3.56	-9.845	-31.795	-10.3
3.57	-9.850	-32.613	-12.8
3.58	-9.855	-33.108	-19.0
3.59	-9.862	-32.064	-9.5
3.6	-9.871	-27.098	1.1
3.61	-9.882	-13.891	2.7
3.62	-9.892	10.614	8.2
3.63	-9.901	36.461	22.1
3.64	-9.910	49.119	18.3
3.65	-9.918	51.102	30.1
3.66	-9.924	51.133	61.6
3.67	-9.931	51.139	79.0
3.68	-9.940	51.139	90.4
3.69	-9.950	51.130	114.7
3.7	-9.963	50.956	152.7
3.71	-9.976	47.669	174.8
3.72	-9.989	35.533	188.7
3.73	-10.004	16.198	214.6
3.74	-10.018	-2.113	210.7
3.75	-10.036	-15.667	173.3
3.76	-10.057	-24.683	119.8
3.77	-10.079	-29.822	50.8
3.78	-10.098	-31.770	-8.3
3.79	-10.114	-31.488	-44.3
3.8	-10.131	-30.217	-72.1
3.81	-10.146	-29.125	-71.7
3.82	-10.158	-29.219	-63.4
3.83	-10.169	-30.894	-63.8
3.84	-10.181	-33.592	-67.5
3.85	-10.193	-36.336	-76.2
3.86	-10.206	-38.116	-70.2
3.87	-10.220	-38.014	-54.7
3.88	-10.233	-35.661	-58.8
3.89	-10.244	-31.502	-60.3
3.9	-10.253	-26.342	-45.5
3.91	-10.260	-20.817	-42.7
3.92	-10.264	-15.277	-45.3
3.93	-10.267	-10.134	-46.9
3.94	-10.266	-6.378	-55.5
3.95	-10.264	-5.055	-58.6
3.96	-10.259	-6.142	-50.1
3.97	-10.251	-8.787	-42.9
3.98	-10.241	-12.548	-44.3
3.99	-10.228	-17.422	-43.9
4.0	-10.211	-22.655	-43.2
4.01	-10.191	-27.372	-46.9
4.02	-10.169	-31.473	-55.0
4.03	-10.147	-35.034	-58.5
4.04	-10.125	-37.775	-58.9
4.05	-10.103	-39.367	-54.8
4.06	-10.081	-40.286	-50.2
4.07	-10.059	-41.039	-33.3
4.08	-10.037	-41.486	-1.6
4.09	-10.015	-41.366	19.4
4.1	-9.992	-40.958	8.5
4.11	-9.968	-40.767	-8.5
4.12	-9.943	-40.672	-22.7
4.13	-9.915	-40.433	-41.6
4.14	-9.888	-40.134	-55.1
4.15	-9.863	-39.705	-56.2
4.16	-9.839	-39.070	-57.6
4.17	-9.814	-38.397	-55.9
4.18	-9.786	-37.522	-30.3
4.19	-9.756	-36.547	33.8
4.2	-9.729	-35.859	180.1
4.21	-9.711	-35.033	258.8
4.22	-9.694	-33.708	108.5
4.23	-9.676	-32.452	-57.3
4.24	-9.654	-31.892	-87.6
4.25	-9.631	-32.016	-56.8
4.26	-9.604	-32.430	-42.3
4.27	-9.574	-32.947	-45.6
4.28	-9.546	-33.548	-35.7
4.29	-9.519	-34.167	-18.2
4.3	-9.496	-34.475	-5.7
4.31	-9.474	-33.352	-3.8
4.32	-9.455	-28.533	-5.8
4.33	-9.436	-16.341	1.0
4.34	-9.416	6.570	8.4
4.35	-9.396	32.908	23.0
4.36	-9.375	47.880	25.3
4.37	-9.354	51.019	28.4
4.38	-9.335	51.131	55.8
4.39	-9.316	51.139	83.0
4.4	-9.299	51.139	102.3
4.41	-9.284	51.128	125.3
4.42	-9.269	50.923	155.2
4.43	-9.258	47.333	184.2
4.44	-9.246	34.559	197.9
4.45	-9.236	14.713	190.0
4.46	-9.226	-3.977	168.2
4.47	-9.219	-18.195	137.1
4.48	-9.215	-28.175	77.0
4.49	-9.209	-34.416	7.5
4.5	-9.203	-37.513	-43.5
4.51	-9.196	-38.339	-71.9
4.52	-9.190	-38.122	-81.2
4.53	-9.181	-38.119	-81.9
4.54	-9.172	-39.172	-79.9
4.55	-9.164	-41.295	-80.2
4.56	-9.157	-43.731	-84.6
4.57	-9.152	-45.383	-73.6
4.58	-9.149	-45.130	-62.3
4.59	-9.146	-42.463	-56.9
4.6	-9.143	-37.913	-53.0
4.61	-9.137	-32.289	-56.9
4.62	-9.129	-26.081	-57.3
4.63	-9.122	-19.700	-52.7
4.64	-9.114	-13.575	-52.2
4.65	-9.107	-8.394	-55.1
4.66	-9.099	-5.241	-58.0
4.67	-9.092	-4.813	-50.8
4.68	-9.086	-6.713	-49.7
4.69	-9.079	-10.109	-54.7
4.7	-9.072	-14.588	-47.3
4.71	-9.066	-19.539	-44.1
4.72	-9.059	-24.328	-49.7
4.73	-9.054	-28.892	-49.2
4.74	-9.048	-32.962	-50.0
4.75	-9.043	-36.337	-48.3
4.76	-9.040	-39.336	-42.1
4.77	-9.037	-41.988	-47.8
4.78	-9.034	-43.906	-58.7
4.79	-9.031	-44.998	-42.6
4.8	-9.028	-45.559	-21.6
4.81	-9.024	-45.613	-18.9
4.82	-9.020	-45.161	-23.4
4.83	-9.016	-44.641	-14.3
4.84	-9.011	-44.031	0.5
4.85	-9.008	-42.892	13.3
4.86	-9.006	-41.502	18.6
4.87	-9.003	-40.344	9.6
4.88	-9.001	-39.306	-11.4
4.89	-8.999	-38.286	-30.6
4.9	-8.999	-37.425	-33.1
4.91	-8.998	-36.806	-35.6
4.92	-8.994	-36.259	-31.3
4.93	-8.986	-35.681	-13.9
4.94	-8.978	-35.269	29.3
4.95	-8.973	-35.030	161.7
4.96	-8.973	-34.505	253.8
4.97	-8.977	-33.555	149.9
4.98	-8.979	-32.659	-0.3
4.99	-8.976	-32.123	-45.1
5.0	-8.970	-31.941	-34.8
5.01	-8.962	-32.041	-21.1
5.02	-8.954	-32.253	-16.5
5.03	-8.945	-32.492	-16.7
5.04	-8.936	-32.580	-15.4
5.05	-8.928	-31.752	-14.7
5.06	-8.920	-27.820	-7.6
5.07	-8.912	-16.633	5.3
5.08	-8.906	5.909	13.0
5.09	-8.898	32.622	25.8
5.1	-8.890	47.889	34.3
5.11	-8.883	51.023	36.8
5.12	-8.875	51.130	43.1
5.13	-8.867	51.139	54.0
5.14	-8.861	51.139	73.0
5.15	-8.857	51.139	101.0
5.16	-8.853	51.122	135.0
5.17	-8.851	50.681	167.1
5.18	-8.849	45.922	191.5
5.19	-8.848	31.981	211.3
5.2	-8.848	12.950	212.3
5.21	-8.848	-3.298	193.1
5.22	-8.849	-14.722	156.7
5.23	-8.853	-22.100	92.7
5.24	-8.857	-26.114	19.1
5.25	-8.861	-27.472	-31.5
5.26	-8.863	-27.061	-62.4
5.27	-8.865	-25.863	-69.6
5.28	-8.867	-24.981	-67.9
5.29	-8.868	-25.317	-72.0
5.3	-8.867	-27.328	-74.0
5.31	-8.865	-30.708	-67.6
5.32	-8.864	-34.227	-64.6
5.33	-8.868	-36.525	-71.8
5.34	-8.874	-37.072	-77.8
5.35	-8.879	-35.959	-73.8
5.36	-8.884	-33.292	-59.6
5.37	-8.885	-29.533	-47.5
5.38	-8.884	-25.369	-46.4
5.39	-8.882	-21.105	-43.5
5.4	-8.879	-17.034	-39.9
5.41	-8.878	-13.792	-45.8
5.42	-8.879	-12.045	-49.5
5.43	-8.879	-12.109	-46.1
5.44	-8.881	-13.773	-49.0
5.45	-8.881	-16.622	-49.9
5.46	-8.882	-20.205	-55.0
5.47	-8.884	-24.073	-53.7
5.48	-8.886	-28.013	-44.8
5.49	-8.889	-31.788	-42.1
5.5	-8.892	-35.163	-42.4
5.51	-8.894	-38.139	-41.0
5.52	-8.897	-40.636	-45.3
5.53	-8.899	-42.577	-44.7
5.54	-8.901	-44.047	-38.3
5.55	-8.904	-45.088	-37.0
5.56	-8.905	-45.791	-34.5
5.57	-8.907	-46.213	-36.5
5.58	-8.908	-46.136	-43.5
5.59	-8.908	-45.509	-40.4
5.6	-8.909	-44.580	-38.2
5.61	-8.909	-43.494	-41.1
5.62	-8.909	-42.206	-35.1
5.63	-8.909	-40.678	-12.1
5.64	-8.909	-39.108	2.3
5.65	-8.911	-37.598	8.3
5.66	-8.912	-36.142	18.9
5.67	-8.914	-35.045	26.2
5.68	-8.915	-34.591	21.9
5.69	-8.916	-34.525	4.6
5.7	-8.916	-34.356	-23.3
5.71	-8.916	-34.006	-38.3
5.72	-8.917	-33.622	-35.2
5.73	-8.918	-33.306	-33.7
5.74	-8.916	-33.113	-23.3
5.75	-8.910	-32.983	0.4
5.76	-8.905	-32.880	46.1
5.77	-8.904	-32.741	166.5
5.78	-8.908	-32.552	241.7
5.79	-8.916	-32.356	137.7
5.8	-8.923	-32.234	-2.9
5.81	-8.925	-32.322	-50.1
5.82	-8.921	-32.522	-40.1
5.83	-8.914	-32.678	-31.6
5.84	-8.908	-32.847	-33.2
5.85	-8.902	-32.945	-17.8
5.86	-8.898	-32.438	-5.3
5.87	-8.893	-30.350	-1.9
5.88	-8.891	-24.936	8.5
5.89	-8.889	-12.209	18.0
5.9	-8.887	11.425	12.9
5.91	-8.884	36.673	9.8
5.92	-8.879	49.141	17.3
5.93	-8.874	51.102	22.7
5.94	-8.869	51.133	37.8
5.95	-8.864	51.139	63.9
5.96	-8.860	51.139	86.6
5.97	-8.858	51.139	110.3
5.98	-8.859	51.122	125.3
5.99	-8.860	50.744	153.4
6.0	-8.863	46.281	191.5
6.01	-8.865	32.803	212.5
6.02	-8.868	14.148	214.4
6.03	-8.873	-2.000	197.7
6.04	-8.878	-13.520	151.1
6.05	-8.886	-20.864	85.6
6.06	-8.896	-24.736	29.8
6.07	-8.907	-26.175	-23.4
6.08	-8.918	-26.234	-57.0
6.09	-8.933	-25.638	-57.8
6.1	-8.950	-25.131	-66.9
6.11	-8.967	-25.655	-78.4
6.12	-8.984	-27.761	-80.8
6.13	-9.001	-31.089	-77.1
6.14	-9.018	-34.591	-69.2
6.15	-9.038	-37.061	-59.5
6.16	-9.059	-37.625	-67.1
6.17	-9.079	-36.255	-71.8
6.18	-9.099	-33.587	-57.0
6.19	-9.116	-30.186	-50.6
6.2	-9.132	-26.286	-50.0
6.21	-9.146	-22.103	-53.9
6.22	-9.161	-18.192	-58.6
6.23	-9.178	-15.266	-47.5
6.24	-9.195	-13.703	-41.1
6.25	-9.213	-13.638	-45.7
6.26	-9.229	-15.106	-51.3
6.27	-9.246	-17.814	-47.5
6.28	-9.262	-21.230	-43.0
6.29	-9.277	-24.913	-45.3
6.3	-9.294	-28.600	-45.9
6.31	-9.311	-32.091	-47.0
6.32	-9.328	-35.355	-50.3
6.33	-9.346	-38.389	-50.5
6.34	-9.364	-40.897	-48.2
6.35	-9.382	-42.752	-32.5
6.36	-9.399	-44.016	-29.2
6.37	-9.415	-44.663	-39.5
6.38	-9.432	-44.808	-41.3
6.39	-9.449	-44.656	-42.7
6.4	-9.466	-44.286	-41.4
6.41	-9.482	-43.708	-38.9
6.42	-9.498	-42.941	-41.7
6.43	-9.514	-42.003	-33.1
6.44	-9.530	-40.955	-30.3
6.45	-9.546	-39.811	-34.4
6.46	-9.562	-38.648	-26.5
6.47	-9.578	-37.711	-19.5
6.48	-9.594	-37.034	-24.8
6.49	-9.611	-36.400	-20.1
6.5	-9.627	-35.656	-15.0
6.51	-9.644	-34.911	-12.3
6.52	-9.662	-34.250	11.5
6.53	-9.680	-33.639	34.5
6.54	-9.698	-33.222	28.9
6.55	-9.717	-33.167	12.3
6.56	-9.735	-33.403	-4.0
6.57	-9.752	-33.733	-15.8
6.58	-9.769	-33.953	-22.5
6.59	-9.786	-33.975	-27.4
6.6	-9.801	-33.877	-30.4
6.61	-9.813	-33.759	-19.0
6.62	-9.822	-33.655	17.8
6.63	-9.834	-33.498	137.9
6.64	-9.852	-33.169	273.0
6.65	-9.873	-32.595	209.1
6.66	-9.893	-31.845	23.4
6.67	-9.906	-31.177	-52.9
6.68	-9.911	-30.900	-43.6
6.69	-9.912	-31.145	-27.2
6.7	-9.914	-31.767	-4.4
6.71	-9.915	-32.405	6.6
6.72	-9.916	-32.753	-6.3
6.73	-9.919	-32.567	-8.6
6.74	-9.924	-31.013	0.1
6.75	-9.933	-25.788	1.3
6.76	-9.942	-12.534	4.7
6.77	-9.950	11.686	15.4
6.78	-9.956	36.950	33.1
6.79	-9.961	49.205	52.3
6.8	-9.963	51.103	51.7
6.81	-9.964	51.133	55.0
6.82	-9.966	51.139	70.1
6.83	-9.970	51.139	93.8
6.84	-9.974	51.139	134.5
6.85	-9.980	51.123	161.8
6.86	-9.986	50.580	183.3
6.87	-9.994	45.219	209.3
6.88	-10.001	30.166	216.0
6.89	-10.009	10.113	206.3
6.9	-10.019	-6.884	175.9
6.91	-10.032	-18.886	126.5
6.92	-10.046	-26.492	64.0
6.93	-10.058	-30.502	16.9
6.94	-10.067	-31.933	-17.9
6.95	-10.076	-31.688	-57.1
6.96	-10.086	-30.736	-71.7
6.97	-10.094	-30.272	-67.6
6.98	-10.101	-31.069	-73.3
6.99	-10.111	-33.059	-69.6
7.0	-10.121	-35.467	-64.1
7.01	-10.134	-37.164	-66.8
7.02	-10.147	-37.197	-56.8
7.03	-10.159	-35.194	-44.8
7.04	-10.171	-31.527	-48.8
7.05	-10.182	-26.689	-48.9
7.06	-10.192	-21.050	-40.7
7.07	-10.201	-15.206	-34.8
7.08	-10.208	-9.722	-46.3
7.09	-10.213	-5.289	-45.6
7.1	-10.219	-2.833	-32.6
7.11	-10.224	-2.736	-41.9
7.12	-10.229	-4.783	-43.8
7.13	-10.232	-8.525	-32.2
7.14	-10.233	-13.250	-37.6
7.15	-10.233	-18.280	-46.0
7.16	-10.231	-23.230	-43.1
7.17	-10.228	-27.738	-37.0
7.18	-10.223	-31.561	-40.6
7.19	-10.216	-34.741	-40.8
7.2	-10.207	-37.277	-36.6
7.21	-10.195	-39.175	-30.4
7.22	-10.180	-40.555	-27.4
7.23	-10.164	-41.447	-43.2
7.24	-10.148	-41.845	-43.4
7.25	-10.131	-41.848	-18.5
7.26	-10.114	-41.517	-10.6
7.27	-10.100	-40.881	-4.6
7.28	-10.086	-40.130	18.8
7.29	-10.074	-39.425	39.0
7.3	-10.061	-38.636	27.6
7.31	-10.046	-37.695	-3.8
7.32	-10.031	-36.886	-21.9
7.33	-10.014	-36.283	-28.7
7.34	-9.998	-35.566	-34.0
7.35	-9.986	-34.584	-35.0
7.36	-9.972	-33.597	-37.5
7.37	-9.955	-32.867	-26.4
7.38	-9.934	-32.511	28.9
7.39	-9.914	-32.428	173.9
7.4	-9.898	-32.436	270.9
7.41	-9.887	-32.381	147.0
7.42	-9.871	-32.119	-26.0
7.43	-9.850	-31.759	-68.5
7.44	-9.829	-31.497	-42.8
7.45	-9.806	-31.533	-21.7
7.46	-9.777	-31.863	-25.2
7.47	-9.747	-32.273	-18.1
7.48	-9.719	-32.788	-1.9
7.49	-9.696	-33.319	-5.8
7.5	-9.676	-33.169	-4.8
7.51	-9.658	-31.019	6.8
7.52	-9.641	-24.355	8.9
7.53	-9.624	-9.014	18.9
7.54	-9.606	16.150	36.9
7.55	-9.588	39.659	36.1
7.56	-9.569	49.780	30.1
7.57	-9.549	51.111	53.7
7.58	-9.532	51.136	86.7
7.59	-9.516	51.139	106.6
7.6	-9.502	51.139	138.6
7.61	-9.490	51.131	179.0
7.62	-9.479	50.972	194.6
7.63	-9.469	47.855	198.0
7.64	-9.459	36.119	202.8
7.65	-9.450	17.127	202.4
7.66	-9.444	-1.213	171.0
7.67	-9.441	-15.253	102.2
7.68	-9.438	-25.023	21.3
7.69	-9.433	-31.077	-36.5
7.7	-9.427	-34.337	-60.4
7.71	-9.422	-35.792	-70.6
7.72	-9.416	-36.461	-78.6
7.73	-9.408	-37.364	-74.3
7.74	-9.399	-39.267	-72.1
7.75	-9.391	-42.048	-70.0
7.76	-9.386	-44.498	-71.2
7.77	-9.381	-45.306	-78.1
7.78	-9.377	-43.934	-73.7
7.79	-9.374	-40.439	-62.0
7.8	-9.369	-35.095	-59.4
7.81	-9.364	-28.461	-57.1
7.82	-9.358	-21.206	-48.8
7.83	-9.352	-13.992	-45.5
7.84	-9.346	-7.572	-52.5
7.85	-9.339	-2.822	-59.3
7.86	-9.333	-0.561	-56.3
7.87	-9.328	-0.995	-48.9
7.88	-9.322	-3.564	-47.1
7.89	-9.317	-7.581	-43.2
7.9	-9.312	-12.556	-43.3
7.91	-9.306	-18.036	-46.3
7.92	-9.301	-23.484	-48.9
7.93	-9.297	-28.473	-56.7
7.94	-9.293	-32.817	-56.4
7.95	-9.289	-36.427	-49.1
7.96	-9.286	-39.256	-44.9
7.97	-9.281	-41.416	-32.8
7.98	-9.277	-43.023	-34.5
7.99	-9.272	-43.911	-34.6
8.0	-9.267	-44.031	-31.0
8.01	-9.261	-43.728	-40.8
8.02	-9.256	-43.248	-34.1
8.03	-9.251	-42.547	-11.3
8.04	-9.246	-41.648	1.2
8.05	-9.240	-40.731	11.7
8.06	-9.235	-39.800	18.1
8.07	-9.231	-38.825	12.2
8.08	-9.226	-37.834	-8.5
8.09	-9.221	-36.841	-26.5
8.1	-9.217	-35.966	-26.7
8.11	-9.214	-35.323	-29.2
8.12	-9.211	-34.736	-40.4
8.13	-9.204	-33.967	-35.1
8.14	-9.194	-33.380	-7.9
8.15	-9.186	-33.092	91.7
8.16	-9.183	-32.497	245.3
8.17	-9.186	-31.630	227.1
8.18	-9.188	-30.969	50.4
8.19	-9.186	-30.330	-47.0
8.2	-9.182	-29.514	-53.7
8.21	-9.174	-28.789	-37.6
8.22	-9.163	-28.178	-28.9
8.23	-9.152	-27.592	-24.3
8.24	-9.141	-27.125	-17.1
8.25	-9.130	-26.572	-6.9
8.26	-9.120	-25.025	-0.6
8.27	-9.112	-20.430	-9.5
8.28	-9.104	-8.456	-1.9
8.29	-9.097	14.288	19.4
8.3	-9.088	38.122	27.3
8.31	-9.079	49.445	33.9
8.32	-9.070	51.109	41.7
8.33	-9.061	51.134	57.1
8.34	-9.052	51.139	65.3
8.35	-9.043	51.139	77.6
8.36	-9.036	51.139	112.0
8.37	-9.029	51.123	148.2
8.38	-9.025	50.653	179.4
8.39	-9.021	45.897	201.3
8.4	-9.018	32.469	197.7
8.41	-9.016	14.603	193.8
8.42	-9.013	-0.539	182.5
8.43	-9.013	-11.352	124.8
8.44	-9.014	-18.366	50.4
8.45	-9.017	-22.050	-2.5
8.46	-9.017	-23.123	-48.2
8.47	-9.016	-22.647	-82.1
8.48	-9.016	-21.625	-93.2
8.49	-9.015	-21.063	-79.6
8.5	-9.012	-21.950	-65.5
8.51	-9.007	-24.378	-72.6
8.52	-9.003	-27.173	-83.0
8.53	-9.002	-28.927	-76.2
8.54	-9.004	-29.306	-60.7
8.55	-9.008	-28.725	-57.0
8.56	-9.011	-27.272	-68.1
8.57	-9.012	-24.858	-68.8
8.58	-9.011	-21.463	-48.0
8.59	-9.008	-17.244	-36.0
8.6	-9.004	-12.847	-48.9
8.61	-9.001	-9.172	-53.6
8.62	-9.000	-6.998	-48.0
8.63	-8.999	-6.788	-40.4
8.64	-8.998	-8.373	-40.6
8.65	-8.996	-11.270	-48.3
8.66	-8.995	-15.034	-61.3
8.67	-8.994	-19.288	-59.7
8.68	-8.994	-23.742	-42.2
8.69	-8.994	-28.017	-45.4
8.7	-8.996	-31.808	-51.8
8.71	-8.997	-35.145	-44.9
8.72	-8.998	-38.050	-45.2
8.73	-8.998	-40.255	-39.9
8.74	-8.998	-41.619	-41.3
8.75	-8.998	-42.297	-44.8
8.76	-8.996	-42.259	-36.2
8.77	-8.995	-41.458	-40.2
8.78	-8.993	-40.230	-45.2
8.79	-8.991	-38.913	-31.1
8.8	-8.990	-37.798	-21.4
8.81	-8.989	-37.177	-12.9
8.82	-8.989	-36.837	-0.5
8.83	-8.988	-36.436	16.9
8.84	-8.988	-35.913	29.4
8.85	-8.986	-35.212	18.3
8.86	-8.985	-34.308	-6.5
8.87	-8.984	-33.531	-21.6
8.88	-8.982	-33.100	-28.6
8.89	-8.982	-32.619	-36.0
8.9	-8.984	-31.898	-40.4
8.91	-8.982	-31.291	-29.0
8.92	-8.976	-30.914	-6.2
8.93	-8.970	-30.802	24.2
8.94	-8.967	-30.991	133.9
8.95	-8.968	-31.173	255.7
8.96	-8.973	-31.155	183.5
8.97	-8.978	-31.020	14.9
8.98	-8.979	-30.767	-51.4
8.99	-8.976	-30.409	-43.0
9.0	-8.970	-30.342	-34.7
9.01	-8.964	-30.698	-25.8
9.02	-8.958	-31.161	-16.0
9.03	-8.952	-31.605	-0.6
9.04	-8.946	-31.427	3.3
9.05	-8.942	-28.941	-6.0
9.06	-8.938	-20.972	-7.3
9.07	-8.933	-2.820	5.6
9.08	-8.927	23.816	32.4
9.09	-8.920	44.216	33.4
9.1	-8.914	50.675	15.4
9.11	-8.908	51.116	36.9
9.12	-8.902	51.139	72.4
9.13	-8.897	51.139	87.8
9.14	-8.892	51.139	103.3
9.15	-8.889	51.134	132.6
9.16	-8.888	51.100	172.0
9.17	-8.886	49.803	200.9
9.18	-8.886	42.477	205.9
9.19	-8.886	27.598	220.3
9.2	-8.886	11.667	211.7
9.21	-8.887	-0.480	168.3
9.22	-8.889	-8.778	113.6
9.23	-8.894	-13.677	35.7
9.24	-8.899	-15.638	-21.9
9.25	-8.901	-15.478	-38.2
9.26	-8.901	-14.348	-50.3
9.27	-8.902	-13.444	-59.8
9.28	-8.902	-13.828	-68.3
9.29	-8.902	-16.333	-78.7
9.3	-8.901	-21.011	-74.5
9.31	-8.901	-26.516	-73.7
9.32	-8.904	-30.909	-76.3
9.33	-8.911	-33.261	-52.6
9.34	-8.919	-33.566	-47.9
9.35	-8.929	-31.953	-58.0
9.36	-8.940	-28.781	-49.1
9.37	-8.950	-24.556	-40.4
9.38	-8.961	-19.802	-46.1
9.39	-8.974	-15.169	-52.9
9.4	-8.990	-11.433	-33.5
9.41	-9.009	-9.323	-23.3
9.42	-9.028	-9.208	-51.3
9.43	-9.047	-10.892	-52.7
9.44	-9.066	-13.881	-38.9
9.45	-9.083	-17.727	-45.1
9.46	-9.101	-22.073	-46.4
9.47	-9.119	-26.545	-33.3
9.48	-9.138	-30.695	-34.5
9.49	-9.156	-34.192	-44.5
9.5	-9.174	-36.988	-40.8
9.51	-9.193	-39.230	-43.1
9.52	-9.210	-40.997	-46.5
9.53	-9.227	-42.233	-32.4
9.54	-9.242	-42.956	-25.8
9.55	-9.259	-43.184	-31.8
9.56	-9.274	-42.866	-36.6
9.57	-9.289	-42.173	-34.8
9.58	-9.304	-41.427	-33.5
9.59	-9.320	-40.742	-23.3
9.6	-9.336	-39.941	-4.5
9.61	-9.351	-38.941	13.1
9.62	-9.367	-38.052	24.3
9.63	-9.382	-37.345	21.7
9.64	-9.398	-36.650	5.9
9.65	-9.413	-35.997	-14.9
9.66	-9.429	-35.241	-17.3
9.67	-9.446	-34.328	-11.4
9.68	-9.464	-33.625	-25.4
9.69	-9.481	-33.383	-45.2
9.7	-9.496	-33.386	-38.7
9.71	-9.508	-33.288	-9.8
9.72	-9.519	-33.153	35.8
9.73	-9.532	-33.063	172.8
9.74	-9.549	-32.811	267.3
9.75	-9.569	-32.286	159.6
9.76	-9.589	-31.692	3.3
9.77	-9.605	-31.422	-58.9
9.78	-9.617	-31.602	-50.3
9.79	-9.624	-32.136	-33.8
9.8	-9.631	-32.973	-27.4
9.81	-9.638	-33.934	-12.1
9.82	-9.644	-34.692	-3.0
9.83	-9.652	-34.728	-9.4
9.84	-9.661	-32.720	-13.6
9.85	-9.672	-25.583	1.6
9.86	-9.683	-8.450	11.4
9.87	-9.694	18.522	5.7
9.88	-9.705	41.523	13.8
9.89	-9.714	50.202	36.8
9.9	-9.722	51.111	51.4
9.91	-9.729	51.139	57.3
9.92	-9.736	51.139	69.0
9.93	-9.744	51.139	95.8
9.94	-9.754	51.134	134.9
9.95	-9.766	51.100	170.9
9.96	-9.779	49.780	195.3
9.97	-9.792	42.222	222.2
9.98	-9.806	26.698	226.6
9.99	-9.821	9.928	206.2
10.0	-9.838	-2.823	168.8
10.01	-9.857	-11.408	94.1
10.02	-9.878	-16.298	13.1
10.03	-9.898	-17.992	-31.7
10.04	-9.912	-17.455	-49.8
10.05	-9.926	-16.028	-58.8
10.06	-9.940	-15.086	-68.1
10.07	-9.953	-15.828	-67.8
10.08	-9.964	-18.836	-73.2
10.09	-9.973	-23.661	-83.1
10.1	-9.982	-29.041	-75.1
10.11	-9.993	-33.306	-68.0
10.12	-10.006	-35.172	-60.6
10.13	-10.020	-34.350	-53.4
10.14	-10.034	-31.305	-56.8
10.15	-10.047	-26.695	-50.7
10.16	-10.059	-21.311	-47.4
10.17	-10.071	-15.853	-49.1
10.18	-10.083	-10.994	-50.6
10.19	-10.094	-7.706	-47.6
10.2	-10.104	-6.534	-45.9
10.21	-10.114	-7.395	-46.7
10.22	-10.124	-10.122	-43.3
10.23	-10.134	-14.075	-33.8
10.24	-10.144	-18.347	-38.1
10.25	-10.155	-22.816	-50.8
10.26	-10.166	-27.408	-55.0
10.27	-10.178	-31.450	-52.9
10.28	-10.188	-34.634	-42.0
10.29	-10.199	-37.295	-37.5
10.3	-10.208	-39.628	-38.0
10.31	-10.216	-41.150	-31.7
10.32	-10.224	-41.833	-29.9
10.33	-10.230	-42.356	-24.0
10.34	-10.237	-42.966	-5.0
10.35	-10.244	-43.431	14.3
10.36	-10.250	-43.141	17.3
10.37	-10.256	-42.541	13.3
10.38	-10.259	-42.580	-9.0
10.39	-10.259	-42.945	-28.2
10.4	-10.258	-43.183	-30.4
10.41	-10.258	-42.866	-46.4
10.42	-10.257	-41.998	-55.0
10.43	-10.253	-40.914	-49.4
10.44	-10.244	-39.214	-36.2
10.45	-10.229	-36.705	6.9
10.46	-10.211	-34.102	144.1
10.47	-10.195	-32.223	273.9
10.48	-10.180	-31.086	176.6
10.49	-10.156	-30.255	-4.1
10.5	-10.127	-29.567	-73.9
10.51	-10.098	-29.161	-73.2
10.52	-10.068	-29.347	-52.5
10.53	-10.031	-30.248	-35.8
10.54	-9.991	-31.508	-30.0
10.55	-9.953	-32.431	-16.7
10.56	-9.921	-32.486	-11.1
10.57	-9.893	-31.839	-5.1
10.58	-9.866	-30.103	-0.6
10.59	-9.840	-24.706	-2.9
10.6	-9.814	-11.558	1.8
10.61	-9.788	11.513	2.8
10.62	-9.762	35.944	14.7
10.63	-9.736	48.694	39.3
10.64	-9.710	51.063	52.7
10.65	-9.687	51.131	69.1
10.66	-9.664	51.139	96.2
10.67	-9.644	51.139	119.7
10.68	-9.624	51.128	150.7
10.69	-9.607	50.931	185.3
10.7	-9.592	47.573	198.0
10.71	-9.576	35.766	206.2
10.72	-9.561	17.514	201.5
10.73	-9.547	0.245	163.8
10.74	-9.539	-12.973	94.6
10.75	-9.534	-22.052	16.7
10.76	-9.527	-27.381	-34.1
10.77	-9.518	-29.709	-65.4
10.78	-9.509	-30.141	-85.2
10.79	-9.501	-30.255	-77.1
10.8	-9.491	-31.294	-74.6
10.81	-9.481	-33.775	-83.6
10.82	-9.471	-37.491	-89.0
10.83	-9.463	-41.209	-90.0
10.84	-9.456	-43.313	-85.2
10.85	-9.451	-42.853	-68.3
10.86	-9.445	-39.792	-53.9
10.87	-9.438	-34.763	-58.1
10.88	-9.429	-28.388	-65.3
10.89	-9.421	-21.097	-64.5
10.9	-9.412	-13.792	-53.4
10.91	-9.406	-7.644	-47.1
10.92	-9.398	-3.539	-53.4
10.93	-9.391	-1.963	-53.0
10.94	-9.384	-2.992	-53.8
10.95	-9.377	-6.184	-51.8
10.96	-9.371	-10.613	-48.4
10.97	-9.364	-15.681	-50.5
10.98	-9.357	-21.094	-57.3
10.99	-9.351	-26.211	-64.2
11.0	-9.345	-30.613	-53.7
11.01	-9.340	-34.400	-37.3
11.02	-9.335	-37.698	-46.5
11.03	-9.331	-40.511	-50.8
11.04	-9.326	-42.648	-34.3
11.05	-9.321	-43.900	-22.6
11.06	-9.314	-44.356	-17.0
11.07	-9.308	-44.344	-4.3
11.08	-9.300	-44.070	6.3
11.09	-9.291	-43.508	-1.5
11.1	-9.283	-42.692	-30.4
11.11	-9.273	-41.761	-45.3
11.12	-9.265	-40.795	-51.4
11.13	-9.259	-39.881	-54.9
11.14	-9.252	-39.066	-53.5
11.15	-9.244	-38.266	-52.2
11.16	-9.231	-37.455	-36.8
11.17	-9.219	-36.603	32.0
11.18	-9.210	-35.673	188.2
11.19	-9.206	-34.559	253.3
11.2	-9.203	-33.272	104.8
11.21	-9.198	-32.250	-45.5
11.22	-9.193	-31.769	-68.4
11.23	-9.184	-31.770	-37.9
11.24	-9.171	-32.105	-31.6
11.25	-9.156	-32.575	-43.3
11.26	-9.141	-33.159	-41.5
11.27	-9.128	-33.645	-29.2
11.28	-9.117	-33.286	-24.1
11.29	-9.106	-30.625	-14.6
11.3	-9.096	-22.534	2.1
11.31	-9.087	-4.423	6.1
11.32	-9.078	22.239	-4.7
11.33	-9.069	43.325	-0.3
11.34	-9.061	50.502	20.2
11.35	-9.051	51.111	33.5
11.36	-9.040	51.139	48.7
11.37	-9.030	51.139	71.9
11.38	-9.022	51.139	105.5
11.39	-9.015	51.131	139.4
11.4	-9.009	50.997	154.1
11.41	-9.005	48.297	184.6
11.42	-9.001	37.942	210.9
11.43	-8.997	21.198	198.1
11.44	-8.993	5.405	165.3
11.45	-8.991	-6.163	120.4
11.46	-8.990	-13.728	54.4
11.47	-8.992	-17.772	-6.4
11.48	-8.993	-18.923	-43.5
11.49	-8.992	-18.088	-72.7
11.5	-8.989	-16.530	-89.3
11.51	-8.988	-15.827	-90.2
11.52	-8.984	-17.444	-94.7
11.53	-8.979	-21.644	-86.1
11.54	-8.974	-27.228	-76.5
11.55	-8.973	-32.461	-83.7
11.56	-8.973	-35.734	-93.0
11.57	-8.977	-36.319	-79.8
11.58	-8.981	-34.591	-57.4
11.59	-8.983	-31.033	-64.8
11.6	-8.983	-26.031	-76.1
11.61	-8.981	-20.375	-77.3
11.62	-8.977	-15.045	-73.7
11.63	-8.974	-10.913	-58.4
11.64	-8.973	-8.597	-42.8
11.65	-8.973	-8.228	-54.8
11.66	-8.973	-9.475	-83.5
11.67	-8.973	-12.186	-64.5
11.68	-8.971	-16.213	-42.8
11.69	-8.971	-20.864	-58.3
11.7	-8.970	-25.517	-60.8
11.71	-8.970	-29.806	-51.6
11.72	-8.971	-33.409	-53.1
11.73	-8.971	-36.355	-60.0
11.74	-8.973	-38.842	-68.2
11.75	-8.973	-40.792	-53.7
11.76	-8.974	-42.061	-35.3
11.77	-8.975	-42.733	-36.1
11.78	-8.975	-43.031	-50.3
11.79	-8.976	-43.058	-53.6
11.8	-8.975	-42.720	-40.5
11.81	-8.975	-42.038	-32.2
11.82	-8.974	-41.247	-14.3
11.83	-8.974	-40.402	2.3
11.84	-8.974	-39.427	0.8
11.85	-8.974	-38.230	10.6
11.86	-8.973	-36.834	8.4
11.87	-8.973	-35.573	-16.0
11.88	-8.973	-34.470	-38.5
11.89	-8.973	-33.386	-49.8
11.9	-8.973	-32.644	-41.6
11.91	-8.973	-32.442	-35.5
11.92	-8.969	-32.448	-32.4
11.93	-8.963	-32.505	-14.9
11.94	-8.958	-32.608	65.2
11.95	-8.959	-32.475	222.7
11.96	-8.964	-32.097	237.3
11.97	-8.970	-31.764	73.4
11.98	-8.975	-31.623	-41.1
11.99	-8.976	-31.800	-54.3
12.0	-8.973	-32.327	-41.1
12.01	-8.967	-33.097	-30.5
12.02	-8.961	-33.942	-26.4
12.03	-8.954	-34.488	-28.5
12.04	-8.946	-34.302	-24.7
12.05	-8.941	-32.420	-11.3
12.06	-8.936	-25.828	-7.5
12.07	-8.933	-9.577	-9.8
12.08	-8.927	16.848	-6.0
12.09	-8.921	40.461	4.9
12.1	-8.914	49.986	11.6
12.11	-8.906	51.113	23.3
12.12	-8.898	51.139	40.0
12.13	-8.889	51.139	56.0
12.14	-8.883	51.139	74.2
12.15	-8.878	51.136	102.7
12.16	-8.875	51.109	139.0
12.17	-8.873	49.963	171.1
12.18	-8.873	43.081	190.6
12.19	-8.873	28.584	205.3
12.2	-8.874	12.903	210.2
12.21	-8.876	1.725	176.4
12.22	-8.878	-4.767	120.7
12.23	-8.882	-7.973	53.7
12.24	-8.887	-8.888	-10.7
12.25	-8.891	-8.091	-52.7
12.26	-8.894	-6.253	-80.9
12.27	-8.895	-4.745	-83.3
12.28	-8.898	-5.573	-82.8
12.29	-8.899	-9.833	-83.2
12.3	-8.898	-16.564	-86.8
12.31	-8.895	-23.694	-88.8
12.32	-8.895	-29.759	-81.8
12.33	-8.898	-33.883	-80.3
12.34	-8.901	-35.166	-71.7
12.35	-8.905	-33.503	-60.5
12.36	-8.909	-29.958	-66.2
12.37	-8.911	-25.655	-68.2
12.38	-8.911	-21.277	-62.3
12.39	-8.909	-17.348	-58.0
12.4	-8.906	-14.402	-57.7
12.41	-8.903	-12.659	-56.3
12.42	-8.901	-12.208	-55.7
12.43	-8.901	-13.509	-54.0
12.44	-8.901	-16.311	-52.1
12.45	-8.900	-19.533	-48.5
12.46	-8.900	-22.808	-46.7
12.47	-8.901	-26.289	-52.8
12.48	-8.903	-29.627	-64.3
12.49	-8.905	-32.458	-67.9
12.5	-8.907	-34.972	-57.3
12.51	-8.909	-37.370	-35.3
12.52	-8.909	-39.553	-32.1
12.53	-8.910	-41.139	-58.4
12.54	-8.910	-41.706	-59.8
12.55	-8.911	-41.525	-46.8
12.56	-8.911	-41.166	-52.2
12.57	-8.913	-40.641	-42.2
12.58	-8.916	-39.814	-29.5
12.59	-8.921	-38.950	-37.1
12.6	-8.929	-38.431	-48.8
12.61	-8.940	-37.959	-39.4
12.62	-8.954	-36.941	-32.5
12.63	-8.971	-35.964	-40.8
12.64	-8.990	-34.638	-36.4
12.65	-9.011	-32.448	-6.6
12.66	-9.032	-31.967	11.9
12.67	-9.054	-33.650	8.7
12.68	-9.076	-34.597	7.3
12.69	-9.098	-34.139	9.3
12.7	-9.119	-34.009	2.2
12.71	-9.141	-34.717	-18.5
12.72	-9.162	-35.336	-46.5
12.73	-9.184	-35.592	-50.3
12.74	-9.206	-35.567	-32.9
12.75	-9.226	-35.250	-23.7
12.76	-9.244	-34.978	-15.9
12.77	-9.262	-34.814	24.3
12.78	-9.281	-34.373	170.2
12.79	-9.301	-33.773	282.7
12.8	-9.322	-33.395	161.6
12.81	-9.345	-33.353	6.2
12.82	-9.364	-33.705	-47.3
12.83	-9.379	-34.370	-53.3
12.84	-9.389	-35.134	-31.3
12.85	-9.399	-35.892	-24.0
12.86	-9.408	-36.559	-21.7
12.87	-9.419	-36.803	-18.6
12.88	-9.432	-35.909	-17.5
12.89	-9.447	-32.103	-0.1
12.9	-9.464	-21.431	14.6
12.91	-9.481	0.634	11.5
12.92	-9.498	28.542	3.9
12.93	-9.516	46.417	9.9
12.94	-9.533	50.919	26.4
12.95	-9.548	51.127	52.3
12.96	-9.561	51.139	71.4
12.97	-9.574	51.139	81.7
12.98	-9.589	51.139	99.8
12.99	-9.604	51.125	134.4
13.0	-9.622	50.520	172.6
13.01	-9.641	45.420	199.2
13.02	-9.661	32.445	218.9
13.03	-9.681	16.528	228.2
13.04	-9.703	4.166	207.8
13.05	-9.725	-3.322	163.7
13.06	-9.748	-6.691	106.1
13.07	-9.772	-7.317	46.9
13.08	-9.795	-6.405	-11.4
13.09	-9.814	-4.727	-48.0
13.1	-9.835	-3.250	-52.6
13.11	-9.859	-3.433	-66.0
13.12	-9.883	-6.561	-82.7
13.13	-9.904	-12.334	-77.1
13.14	-9.922	-19.103	-71.3
13.15	-9.938	-25.491	-61.4
13.16	-9.953	-30.416	-59.8
13.17	-9.970	-32.595	-65.5
13.18	-9.989	-31.516	-49.0
13.19	-10.010	-27.867	-24.5
13.2	-10.031	-22.742	-32.3
13.21	-10.052	-17.714	-56.8
13.22	-10.072	-13.403	-60.5
13.23	-10.091	-9.670	-50.1
13.24	-10.109	-7.559	-41.9
13.25	-10.125	-7.672	-36.0
13.26	-10.141	-9.228	-35.7
13.27	-10.158	-11.373	-28.3
13.28	-10.174	-13.859	-26.4
13.29	-10.191	-16.466	-37.1
13.3	-10.208	-18.387	-43.6
13.31	-10.225	-19.333	-41.5
13.32	-10.242	-20.125	-36.8
13.33	-10.259	-20.139	-27.2
13.34	-10.275	-19.116	-21.8
13.35	-10.290	-18.834	-25.1
13.36	-10.304	-21.025	-35.4
13.37	-10.318	-25.152	-33.1
13.38	-10.333	-28.103	-24.5
13.39	-10.347	-28.419	-18.8
13.4	-10.360	-27.608	-8.2
13.41	-10.371	-26.998	-1.0
13.42	-10.381	-26.422	16.6
13.43	-10.389	-25.772	35.4
13.44	-10.397	-25.120	34.0
13.45	-10.405	-24.570	15.8
13.46	-10.413	-24.683	-9.0
13.47	-10.420	-24.803	-16.8
13.48	-10.428	-24.222	-21.3
13.49	-10.436	-23.386	-22.8
13.5	-10.444	-22.608	-17.8
13.51	-10.449	-22.109	-15.1
13.52	-10.450	-21.714	8.7
13.53	-10.451	-21.480	124.0
13.54	-10.455	-21.741	269.2
13.55	-10.466	-22.291	228.5
13.56	-10.473	-22.972	38.9
13.57	-10.473	-24.038	-57.8
13.58	-10.473	-25.588	-38.8
13.59	-10.471	-27.480	-24.2
13.6	-10.463	-30.045	-26.5
13.61	-10.446	-33.330	-7.7
13.62	-10.425	-35.759	2.9
13.63	-10.407	-36.608	1.8
13.64	-10.393	-36.413	-0.4
13.65	-10.379	-34.597	5.2
13.66	-10.363	-29.400	22.1
13.67	-10.343	-17.791	28.6
13.68	-10.319	3.377	26.8
13.69	-10.292	29.355	37.3
13.7	-10.261	46.366	51.0
13.71	-10.227	50.900	67.1
13.72	-10.190	51.127	80.5
13.73	-10.153	51.139	92.8
13.74	-10.117	51.139	118.6
13.75	-10.083	51.123	168.7
13.76	-10.049	50.641	201.2
13.77	-10.018	45.736	206.3
13.78	-9.987	31.656	217.4
13.79	-9.955	12.431	218.3
13.8	-9.924	-4.291	185.9
13.81	-9.897	-16.292	121.7
13.82	-9.874	-23.942	49.6
13.83	-9.849	-27.888	0.5
13.84	-9.821	-29.066	-35.7
13.85	-9.793	-28.670	-59.8
13.86	-9.766	-28.198	-72.7
13.87	-9.738	-29.102	-82.3
13.88	-9.710	-32.045	-76.3
13.89	-9.683	-36.502	-66.3
13.9	-9.658	-40.894	-69.5
13.91	-9.634	-43.417	-69.8
13.92	-9.611	-43.084	-65.5
13.93	-9.588	-40.016	-70.5
13.94	-9.565	-34.880	-66.7
13.95	-9.543	-28.428	-43.5
13.96	-9.521	-21.500	-38.1
13.97	-9.500	-15.005	-49.9
13.98	-9.478	-9.806	-45.4
13.99	-9.457	-6.597	-40.0
14.0	-9.436	-5.736	-50.9
14.01	-9.416	-7.220	-53.8
14.02	-9.396	-10.683	-48.9
14.03	-9.377	-15.417	-37.7
14.04	-9.359	-20.605	-34.0
14.05	-9.342	-25.609	-35.2
14.06	-9.324	-30.086	-38.1
14.07	-9.308	-33.925	-45.2
14.08	-9.291	-37.125	-47.0
14.09	-9.273	-39.630	-45.1
14.1	-9.254	-41.328	-33.7
14.11	-9.236	-42.191	-20.0
14.12	-9.219	-42.356	-9.2
14.13	-9.201	-42.095	8.9
14.14	-9.184	-41.619	18.5
14.15	-9.168	-40.970	8.5
14.16	-9.152	-40.245	-22.4
14.17	-9.137	-39.681	-43.4
14.18	-9.123	-39.305	-43.2
14.19	-9.109	-38.845	-40.4
14.2	-9.096	-38.077	-48.2
14.21	-9.079	-36.950	-56.2
14.22	-9.061	-35.478	-36.9
14.23	-9.043	-33.791	42.6
14.24	-9.029	-32.147	195.2
14.25	-9.021	-30.727	258.6
14.26	-9.012	-29.622	125.3
14.27	-9.002	-28.972	-21.3
14.28	-8.993	-28.877	-70.7
14.29	-8.981	-29.373	-61.9
14.3	-8.966	-30.358	-48.0
14.31	-8.949	-31.459	-37.3
14.32	-8.929	-32.272	-18.8
14.33	-8.911	-32.520	-12.4
14.34	-8.896	-31.830	-15.9
14.35	-8.881	-29.164	-12.0
14.36	-8.868	-22.169	-14.2
14.37	-8.856	-7.077	-7.2
14.38	-8.842	17.173	10.1
14.39	-8.829	39.884	15.9
14.4	-8.816	49.783	16.6
14.41	-8.802	51.113	24.8
14.42	-8.789	51.136	43.2
14.43	-8.776	51.139	65.4
14.44	-8.764	51.138	101.7
14.45	-8.754	51.123	144.2
14.46	-8.745	50.281	166.5
14.47	-8.737	43.970	183.1
14.48	-8.729	28.817	197.1
14.49	-8.721	10.645	205.3
14.5	-8.714	-3.734	185.9
14.51	-8.709	-13.255	125.2
14.52	-8.707	-18.664	52.4
14.53	-8.707	-20.795	3.5
14.54	-8.707	-20.544	-38.7
14.55	-8.704	-18.955	-76.9
14.56	-8.702	-17.305	-87.3
14.57	-8.699	-16.923	-86.3
14.58	-8.696	-18.736	-89.8
14.59	-8.691	-22.819	-93.1
14.6	-8.688	-28.159	-92.2
14.61	-8.685	-33.089	-81.9
14.62	-8.684	-36.172	-74.3
14.63	-8.686	-36.763	-79.1
14.64	-8.686	-35.025	-84.3
14.65	-8.686	-31.613	-73.3
14.66	-8.684	-27.242	-70.0
14.67	-8.680	-22.539	-68.1
14.68	-8.675	-18.111	-53.3
14.69	-8.670	-14.548	-54.7
14.7	-8.665	-12.320	-63.7
14.71	-8.661	-11.769	-57.6
14.72	-8.656	-13.006	-54.8
14.73	-8.651	-15.758	-56.1
14.74	-8.646	-19.463	-58.8
14.75	-8.641	-23.530	-61.1
14.76	-8.636	-27.456	-66.0
14.77	-8.633	-30.938	-61.0
14.78	-8.628	-33.873	-47.8
14.79	-8.626	-36.264	-46.3
14.8	-8.623	-38.142	-55.5
14.81	-8.621	-39.533	-59.9
14.82	-8.618	-40.464	-57.3
14.83	-8.616	-41.022	-52.9
14.84	-8.613	-41.275	-45.5
14.85	-8.609	-41.230	-29.8
14.86	-8.606	-40.933	-22.4
14.87	-8.603	-40.430	-15.4
14.88	-8.599	-39.691	4.8
14.89	-8.596	-38.725	10.9
14.9	-8.591	-37.634	-9.4
14.91	-8.588	-36.505	-30.6
14.92	-8.586	-35.394	-41.9
14.93	-8.586	-34.389	-48.9
14.94	-8.586	-33.539	-50.7
14.95	-8.585	-32.822	-46.2
14.96	-8.582	-32.236	-34.6
14.97	-8.579	-31.808	-13.3
14.98	-8.577	-31.541	69.4
14.99	-8.578	-31.289	217.7
15.0	-8.579	-30.930	237.3
15.01	-8.581	-30.584	84.6
15.02	-8.583	-30.389	-42.7
15.03	-8.583	-30.431	-65.2
15.04	-8.581	-30.936	-52.6
15.05	-8.577	-32.047	-34.9
15.06	-8.573	-33.403	-18.2
15.07	-8.569	-34.288	-11.4
15.08	-8.566	-34.017	-17.6
15.09	-8.563	-31.486	-23.2
15.1	-8.559	-24.142	-11.7
15.11	-8.556	-7.745	-0.6
15.12	-8.551	18.161	0.2
15.13	-8.546	41.030	7.4
15.14	-8.543	50.088	19.8
15.15	-8.540	51.114	34.3
15.16	-8.537	51.139	49.3
15.17	-8.535	51.139	59.8
15.18	-8.533	51.134	75.7
15.19	-8.532	51.105	108.5
15.2	-8.532	49.741	146.7
15.21	-8.534	41.611	171.6
15.22	-8.539	24.603	189.8
15.23	-8.546	6.078	222.4
15.24	-8.556	-7.778	229.2
15.25	-8.572	-16.555	193.8
15.26	-8.594	-21.142	134.8
15.27	-8.623	-22.567	65.2
15.28	-8.656	-21.800	4.2
15.29	-8.689	-19.767	-37.3
15.3	-8.721	-17.566	-57.8
15.31	-8.753	-16.442	-66.2
15.32	-8.786	-17.536	-71.7
15.33	-8.816	-21.419	-72.4
15.34	-8.842	-27.527	-73.1
15.35	-8.869	-34.248	-67.7
15.36	-8.894	-39.786	-69.4
15.37	-8.921	-42.925	-68.4
15.38	-8.947	-43.295	-53.5
15.39	-8.974	-41.242	-41.8
15.4	-9.002	-37.458	-45.3
15.41	-9.029	-32.692	-52.7
15.42	-9.054	-27.686	-49.0
15.43	-9.078	-23.175	-44.5
15.44	-9.101	-19.797	-42.2
15.45	-9.126	-17.941	-38.0
15.46	-9.152	-17.656	-42.5
15.47	-9.178	-18.750	-44.0
15.48	-9.206	-20.950	-33.0
15.49	-9.234	-23.892	-27.4
15.5	-9.263	-27.127	-37.5
15.51	-9.292	-30.303	-35.4
15.52	-9.321	-33.239	-29.3
15.53	-9.349	-35.817	-33.1
15.54	-9.378	-37.959	-37.1
15.55	-9.407	-39.722	-32.0
15.56	-9.436	-41.189	-30.8
15.57	-9.465	-42.328	-34.8
15.58	-9.494	-43.053	-24.7
15.59	-9.524	-43.306	-20.6
15.6	-9.556	-43.108	-13.9
15.61	-9.589	-42.517	-0.1
15.62	-9.624	-41.569	2.7
15.63	-9.658	-40.384	20.1
15.64	-9.689	-39.166	38.7
15.65	-9.719	-37.998	41.8
15.66	-9.748	-36.883	28.3
15.67	-9.774	-35.845	1.2
15.68	-9.801	-34.947	-18.2
15.69	-9.829	-34.244	-14.9
15.7	-9.860	-33.694	-13.1
15.71	-9.890	-33.194	-15.7
15.72	-9.916	-32.709	-6.1
15.73	-9.938	-32.264	15.7
15.74	-9.960	-31.889	101.7
15.75	-9.984	-31.547	249.1
15.76	-10.011	-31.167	249.9
15.77	-10.038	-30.781	84.7
15.78	-10.059	-30.506	-26.8
15.79	-10.075	-30.509	-31.7
15.8	-10.087	-31.052	-9.5
15.81	-10.097	-32.239	0.6
15.82	-10.105	-33.716	-1.6
15.83	-10.114	-34.870	-1.0
15.84	-10.125	-35.250	4.5
15.85	-10.140	-34.153	7.4
15.86	-10.156	-29.528	13.5
15.87	-10.172	-17.567	30.0
15.88	-10.187	5.119	34.4
15.89	-10.199	31.730	37.3
15.9	-10.209	47.458	51.7
15.91	-10.217	50.994	54.2
15.92	-10.225	51.131	54.4
15.93	-10.233	51.139	77.0
15.94	-10.241	51.138	103.8
15.95	-10.250	51.122	133.6
15.96	-10.260	50.311	168.3
15.97	-10.271	43.786	196.5
15.98	-10.283	27.319	220.5
15.99	-10.295	6.784	234.5
16.0	-10.306	-9.866	236.0
16.01	-10.318	-20.986	212.3
16.02	-10.333	-27.445	146.1
16.03	-10.351	-30.302	79.0
16.04	-10.370	-30.430	31.7
16.05	-10.385	-28.731	-7.0
16.06	-10.396	-26.363	-35.9
16.07	-10.408	-24.609	-50.4
16.08	-10.416	-24.598	-51.1
16.09	-10.422	-26.895	-48.5
16.1	-10.428	-31.078	-48.4
16.11	-10.433	-35.772	-46.0
16.12	-10.439	-39.620	-48.7
16.13	-10.447	-41.230	-48.3
16.14	-10.454	-39.681	-32.2
16.15	-10.458	-35.777	-18.4
16.16	-10.459	-30.558	-28.3
16.17	-10.457	-24.708	-37.3
16.18	-10.453	-19.078	-34.0
16.19	-10.444	-14.394	-27.6
16.2	-10.430	-11.330	-22.5
16.21	-10.411	-10.308	-27.9
16.22	-10.389	-11.327	-33.8
16.23	-10.364	-13.988	-22.1
16.24	-10.338	-17.697	-18.3
16.25	-10.311	-21.833	-28.1
16.26	-10.284	-25.894	-25.0
16.27	-10.260	-29.613	-12.9
16.28	-10.238	-32.925	-21.6
16.29	-10.216	-35.816	-19.3
16.3	-10.193	-38.244	8.3
16.31	-10.171	-40.144	26.8
16.32	-10.148	-41.489	28.2
16.33	-10.123	-42.363	24.8
16.34	-10.096	-42.827	15.9
16.35	-10.068	-42.895	-3.5
16.36	-10.039	-42.675	-18.9
16.37	-10.011	-42.270	-18.6
16.38	-9.986	-41.653	-22.1
16.39	-9.962	-40.777	-25.0
16.4	-9.936	-39.670	-19.0
16.41	-9.908	-38.367	0.6
16.42	-9.879	-36.967	104.2
16.43	-9.857	-35.614	259.5
16.44	-9.841	-34.363	236.1
16.45	-9.821	-33.264	53.8
16.46	-9.798	-32.430	-58.7
16.47	-9.775	-31.992	-55.5
16.48	-9.749	-32.120	-16.6
16.49	-9.719	-32.786	-5.4
16.5	-9.688	-33.603	-8.8
16.51	-9.659	-34.073	0.9
16.52	-9.632	-33.956	10.4
16.53	-9.608	-33.011	13.4
16.54	-9.588	-30.080	12.9
16.55	-9.569	-22.459	23.9
16.56	-9.551	-6.286	24.9
16.57	-9.533	18.609	29.2
16.58	-9.513	40.783	48.7
16.59	-9.492	49.958	56.3
16.6	-9.470	51.114	61.9
16.61	-9.449	51.138	87.1
16.62	-9.428	51.139	108.3
16.63	-9.409	51.125	127.0
16.64	-9.393	50.469	166.3
16.65	-9.377	44.680	203.0
16.66	-9.364	29.175	225.3
16.67	-9.351	8.731	229.9
16.68	-9.338	-9.034	218.0
16.69	-9.326	-22.083	192.6
16.7	-9.319	-30.669	134.0
16.71	-9.314	-35.298	60.8
16.72	-9.307	-36.719	1.7
16.73	-9.298	-35.944	-31.7
16.74	-9.291	-34.170	-49.7
16.75	-9.283	-32.708	-57.7
16.76	-9.274	-32.644	-55.0
16.77	-9.263	-34.389	-53.8
16.78	-9.253	-37.470	-57.5
16.79	-9.244	-40.639	-56.3
16.8	-9.237	-42.406	-55.0
16.81	-9.231	-41.786	-50.2
16.82	-9.225	-38.770	-43.7
16.83	-9.218	-34.098	-44.9
16.84	-9.211	-28.602	-37.0
16.85	-9.203	-22.922	-24.3
16.86	-9.194	-17.639	-36.3
16.87	-9.186	-13.395	-41.6
16.88	-9.177	-10.827	-27.2
16.89	-9.168	-10.355	-13.3
16.9	-9.158	-11.905	-20.1
16.91	-9.149	-14.931	-28.6
16.92	-9.141	-18.908	-21.6
16.93	-9.133	-23.311	-27.0
16.94	-9.126	-27.530	-34.9
16.95	-9.120	-31.273	-28.8
16.96	-9.114	-34.592	-35.1
16.97	-9.107	-37.538	-37.2
16.98	-9.102	-40.083	-19.9
16.99	-9.096	-42.177	-5.5
17.0	-9.090	-43.727	2.8
17.01	-9.082	-44.567	18.7
17.02	-9.076	-44.716	30.8
17.03	-9.068	-44.384	19.3
17.04	-9.058	-43.677	6.0
17.05	-9.049	-42.658	3.1
17.06	-9.040	-41.469	-22.9
17.07	-9.032	-40.273	-40.4
17.08	-9.026	-39.198	-27.6
17.09	-9.019	-38.219	-19.2
17.1	-9.009	-37.244	-18.8
17.11	-8.999	-36.219	-10.1
17.12	-8.989	-35.106	47.3
17.13	-8.984	-33.866	193.9
17.14	-8.983	-32.578	257.1
17.15	-8.982	-31.491	123.7
17.16	-8.979	-30.758	-15.5
17.17	-8.973	-30.417	-49.0
17.18	-8.963	-30.548	-46.9
17.19	-8.949	-31.145	-34.4
17.2	-8.936	-31.919	-10.9
17.21	-8.922	-32.375	-2.4
17.22	-8.909	-31.992	-8.8
17.23	-8.898	-29.677	-7.3
17.24	-8.886	-22.717	5.0
17.25	-8.876	-6.580	10.1
17.26	-8.866	19.105	13.1
17.27	-8.854	41.509	19.4
17.28	-8.842	50.175	22.4
17.29	-8.828	51.114	37.9
17.3	-8.815	51.139	52.9
17.31	-8.803	51.139	68.6
17.32	-8.792	51.131	83.5
17.33	-8.783	50.980	101.5
17.34	-8.776	47.877	136.6
17.35	-8.769	35.806	168.8
17.36	-8.763	15.897	188.3
17.37	-8.758	-3.395	206.8
17.38	-8.751	-17.770	215.2
17.39	-8.746	-27.067	197.8
17.4	-8.741	-31.792	141.7
17.41	-8.737	-32.898	67.7
17.42	-8.733	-31.447	16.3
17.43	-8.728	-28.392	-20.4
17.44	-8.719	-24.822	-58.4
17.45	-8.711	-22.058	-69.2
17.46	-8.702	-21.261	-61.5
17.47	-8.692	-22.883	-58.2
17.48	-8.681	-26.450	-65.8
17.49	-8.672	-30.748	-76.1
17.5	-8.666	-34.366	-72.2
17.51	-8.662	-36.223	-62.6
17.52	-8.660	-35.934	-61.8
17.53	-8.658	-33.856	-50.8
17.54	-8.655	-30.658	-36.1
17.55	-8.651	-26.892	-36.8
17.56	-8.646	-23.002	-42.7
17.57	-8.642	-19.516	-44.0
17.58	-8.638	-16.967	-47.3
17.59	-8.636	-15.777	-45.9
17.6	-8.632	-16.231	-45.7
17.61	-8.629	-18.197	-48.2
17.62	-8.625	-21.083	-40.2
17.63	-8.621	-24.334	-30.4
17.64	-8.617	-27.584	-38.4
17.65	-8.613	-30.589	-43.9
17.66	-8.610	-33.311	-37.8
17.67	-8.608	-35.738	-42.7
17.68	-8.607	-37.789	-47.1
17.69	-8.606	-39.434	-33.0
17.7	-8.604	-40.705	-40.0
17.71	-8.602	-41.630	-48.2
17.72	-8.598	-42.169	-28.7
17.73	-8.594	-42.302	-13.8
17.74	-8.590	-42.086	-12.0
17.75	-8.586	-41.545	-3.9
17.76	-8.582	-40.695	12.6
17.77	-8.578	-39.609	25.4
17.78	-8.574	-38.427	18.0
17.79	-8.571	-37.298	-1.9
17.8	-8.569	-36.281	-25.7
17.81	-8.569	-35.341	-38.2
17.82	-8.570	-34.448	-26.6
17.83	-8.571	-33.600	-22.0
17.84	-8.570	-32.741	-32.3
17.85	-8.567	-31.764	-28.7
17.86	-8.564	-30.713	18.3
17.87	-8.565	-29.738	156.8
17.88	-8.569	-28.920	260.2
17.89	-8.574	-28.355	162.5
17.9	-8.581	-28.163	0.7
17.91	-8.584	-28.334	-56.4
17.92	-8.584	-28.864	-44.2
17.93	-8.583	-29.734	-29.4
17.94	-8.582	-30.731	-31.9
17.95	-8.581	-31.498	-24.9
17.96	-8.581	-31.467	-7.2
17.97	-8.584	-29.289	-3.4
17.98	-8.590	-21.988	1.7
17.99	-8.601	-4.945	14.3
18.0	-8.615	21.245	11.3
18.01	-8.634	42.789	11.4
18.02	-8.656	50.419	24.3
18.03	-8.683	51.109	37.8
18.04	-8.710	51.139	41.5
18.05	-8.738	51.139	49.2
18.06	-8.766	51.133	73.4
18.07	-8.796	51.009	103.3
18.08	-8.824	48.300	132.0
18.09	-8.853	37.136	166.5
18.1	-8.880	18.086	195.1
18.11	-8.906	-0.522	200.7
18.12	-8.933	-14.148	201.3
18.13	-8.957	-22.836	205.0
18.14	-8.984	-27.353	172.5
18.15	-9.012	-28.681	104.6
18.16	-9.041	-27.725	35.8
18.17	-9.069	-25.348	-12.5
18.18	-9.095	-22.545	-43.3
18.19	-9.123	-20.403	-62.3
18.2	-9.151	-19.881	-71.6
18.21	-9.178	-21.511	-75.7
18.22	-9.204	-25.059	-78.4
18.23	-9.231	-29.448	-71.4
18.24	-9.258	-33.241	-61.1
18.25	-9.287	-35.339	-68.2
18.26	-9.317	-35.342	-78.3
18.27	-9.346	-33.511	-61.1
18.28	-9.374	-30.467	-48.9
18.29	-9.402	-26.825	-54.9
18.3	-9.429	-23.066	-57.5
18.31	-9.456	-19.616	-49.5
18.32	-9.482	-16.906	-46.8
18.33	-9.508	-15.302	-47.2
18.34	-9.533	-15.028	-44.4
18.35	-9.557	-16.080	-48.2
18.36	-9.581	-18.236	-47.1
18.37	-9.605	-21.147	-44.4
18.38	-9.630	-24.375	-46.2
18.39	-9.657	-27.553	-42.3
18.4	-9.683	-30.492	-43.9
18.41	-9.707	-33.052	-40.1
18.42	-9.732	-35.134	-38.8
18.43	-9.759	-36.792	-41.4
18.44	-9.788	-38.087	-46.6
18.45	-9.816	-39.019	-48.4
18.46	-9.844	-39.592	-37.3
18.47	-9.869	-39.847	-22.8
18.48	-9.892	-39.853	-3.4
18.49	-9.914	-39.667	7.6
18.5	-9.937	-39.270	12.3
18.51	-9.959	-38.711	14.8
18.52	-9.981	-38.083	-5.5
18.53	-10.001	-37.347	-19.1
18.54	-10.021	-36.498	-23.8
18.55	-10.041	-35.700	-35.6
18.56	-10.063	-35.014	-36.6
18.57	-10.084	-34.322	-33.3
18.58	-10.101	-33.563	-30.6
18.59	-10.114	-32.847	-11.8
18.6	-10.127	-32.284	73.8
18.61	-10.143	-31.777	225.8
18.62	-10.165	-31.173	235.3
18.63	-10.185	-30.522	57.4
18.64	-10.199	-30.009	-64.2
18.65	-10.208	-29.811	-61.3
18.66	-10.213	-30.097	-34.3
18.67	-10.214	-30.888	-17.6
18.68	-10.213	-31.869	-13.3
18.69	-10.212	-32.595	-7.6
18.7	-10.213	-32.652	-15.1
18.71	-10.218	-31.175	-20.7
18.72	-10.226	-25.978	-6.0
18.73	-10.232	-13.139	2.0
18.74	-10.233	10.225	7.1
18.75	-10.230	35.513	16.1
18.76	-10.222	48.697	18.2
18.77	-10.209	51.069	28.0
18.78	-10.193	51.131	43.7
18.79	-10.173	51.139	57.2
18.8	-10.152	51.134	71.5
18.81	-10.129	51.033	101.9
18.82	-10.108	48.600	138.4
18.83	-10.084	37.895	164.7
18.84	-10.061	18.661	184.6
18.85	-10.036	-1.072	197.4
18.86	-10.009	-16.313	197.6
18.87	-9.982	-26.742	170.4
18.88	-9.960	-32.816	114.8
18.89	-9.939	-35.327	53.1
18.9	-9.916	-35.238	-2.4
18.91	-9.888	-33.530	-35.3
18.92	-9.861	-31.258	-57.1
18.93	-9.833	-29.480	-76.9
18.94	-9.804	-29.080	-83.8
18.95	-9.775	-30.511	-80.2
18.96	-9.746	-33.212	-80.5
18.97	-9.720	-35.813	-80.1
18.98	-9.696	-37.056	-80.8
18.99	-9.675	-36.302	-74.3
19.0	-9.654	-33.553	-60.3
19.01	-9.632	-29.320	-60.3
19.02	-9.611	-24.366	-63.4
19.03	-9.591	-19.422	-55.1
19.04	-9.571	-15.047	-51.5
19.05	-9.553	-11.720	-58.1
19.06	-9.534	-9.914	-68.9
19.07	-9.516	-9.917	-70.2
19.08	-9.498	-11.609	-59.9
19.09	-9.481	-14.548	-57.1
19.1	-9.465	-18.175	-66.3
19.11	-9.448	-21.952	-54.6
19.12	-9.431	-25.519	-43.2
19.13	-9.415	-28.727	-53.4
19.14	-9.399	-31.548	-56.6
19.15	-9.385	-34.014	-51.7
19.16	-9.371	-36.150	-42.8
19.17	-9.357	-37.973	-23.1
19.18	-9.344	-39.416	-8.3
19.19	-9.331	-40.327	-3.2
19.2	-9.318	-40.675	-4.9
19.21	-9.303	-40.575	-23.9
19.22	-9.289	-40.192	-50.5
19.23	-9.276	-39.620	-52.4
19.24	-9.264	-38.873	-61.0
19.25	-9.256	-37.992	-82.1
19.26	-9.246	-37.094	-65.9
19.27	-9.234	-36.289	-30.9
19.28	-9.221	-35.542	10.2
19.29	-9.213	-34.678	138.9
19.3	-9.209	-33.620	239.2
19.31	-9.206	-32.522	135.1
19.32	-9.200	-31.580	-34.2
19.33	-9.191	-30.895	-89.4
19.34	-9.179	-30.583	-67.4
19.35	-9.164	-30.745	-53.3
19.36	-9.149	-31.250	-47.5
19.37	-9.133	-31.702	-36.0
19.38	-9.119	-31.606	-37.7
19.39	-9.106	-30.313	-38.8
19.4	-9.096	-26.263	-26.4
19.41	-9.085	-16.125	-16.3
19.42	-9.074	4.027	-10.5
19.43	-9.064	29.691	-12.5
19.44	-9.053	46.527	-18.8
19.45	-9.041	50.914	0.7
19.46	-9.028	51.127	27.1
19.47	-9.015	51.139	43.1
19.48	-9.002	51.136	56.9
19.49	-8.991	51.120	77.1
19.5	-8.982	50.033	107.4
19.51	-8.973	42.727	137.6
19.52	-8.966	26.186	156.1
19.53	-8.959	6.719	170.8
19.54	-8.953	-9.152	179.9
19.55	-8.947	-20.297	172.3
19.56	-8.944	-27.184	126.2
19.57	-8.943	-30.588	59.5
19.58	-8.942	-31.334	5.6
19.59	-8.938	-30.252	-41.5
19.6	-8.933	-28.295	-87.8
19.61	-8.928	-26.563	-107.7
19.62	-8.922	-25.984	-101.5
19.63	-8.916	-27.044	-92.9
19.64	-8.909	-29.647	-85.1
19.65	-8.904	-32.917	-80.2
19.66	-8.902	-35.491	-84.3
19.67	-8.901	-36.373	-88.3
19.68	-8.901	-35.317	-94.4
19.69	-8.899	-32.594	-88.1
19.7	-8.897	-28.775	-73.4
19.71	-8.893	-24.475	-68.0
19.72	-8.888	-20.141	-67.3
19.73	-8.884	-16.203	-66.3
19.74	-8.880	-13.177	-75.3
19.75	-8.876	-11.534	-71.5
19.76	-8.872	-11.550	-59.3
19.77	-8.867	-13.147	-64.5
19.78	-8.862	-15.911	-60.0
19.79	-8.857	-19.278	-58.4
19.8	-8.854	-22.756	-77.1
19.81	-8.853	-26.069	-73.4
19.82	-8.851	-29.141	-66.5
19.83	-8.849	-31.939	-67.2
19.84	-8.848	-34.364	-59.1
19.85	-8.847	-36.345	-51.5
19.86	-8.845	-37.945	-46.9
19.87	-8.843	-39.222	-39.9
19.88	-8.840	-40.058	-21.9
19.89	-8.838	-40.377	3.1
19.9	-8.836	-40.286	-5.2
19.91	-8.832	-39.952	-24.0
19.92	-8.829	-39.720	-24.3
19.93	-8.826	-39.550	-42.3
19.94	-8.824	-38.794	-68.8
19.95	-8.822	-37.775	-63.8
19.96	-8.821	-37.156	-49.6
19.97	-8.815	-36.298	-52.8
19.98	-8.806	-34.800	-52.3
19.99	-8.799	-33.270	16.1
20.0	-8.795	-32.130	168.7
20.01	-8.796	-31.286	219.7
20.02	-8.799	-30.556	81.1
20.03	-8.800	-29.928	-42.4
20.04	-8.797	-29.481	-63.9
20.05	-8.791	-29.317	-51.1
20.06	-8.785	-29.502	-46.3
20.07	-8.779	-29.847	-53.3
20.08	-8.773	-29.909	-50.0
20.09	-8.768	-29.059	-34.1
20.1	-8.764	-25.836	-37.8
20.11	-8.761	-17.044	-37.6
20.12	-8.759	1.661	-19.7
20.13	-8.757	27.327	-13.3
20.14	-8.751	45.583	-13.4
20.15	-8.744	50.836	-4.2
20.16	-8.735	51.123	3.3
20.17	-8.726	51.139	14.6
20.18	-8.716	51.139	34.7
20.19	-8.707	51.125	49.8
20.2	-8.699	50.825	73.2
20.21	-8.693	46.866	112.3
20.22	-8.688	34.172	142.8
20.23	-8.686	15.761	165.3
20.24	-8.684	-0.614	178.9
20.25	-8.683	-12.303	183.2
20.26	-8.684	-19.747	157.1
20.27	-8.686	-23.666	109.5
20.28	-8.689	-24.822	58.2
20.29	-8.693	-24.066	-7.8
20.3	-8.694	-22.350	-55.4
20.31	-8.696	-20.544	-73.9
20.32	-8.700	-19.444	-89.0
20.33	-8.704	-19.736	-99.4
20.34	-8.710	-21.725	-103.9
20.35	-8.717	-25.022	-99.5
20.36	-8.731	-28.470	-97.2
20.37	-8.751	-30.797	-86.3
20.38	-8.779	-31.100	-75.8
20.39	-8.810	-29.202	-82.5
20.4	-8.840	-26.650	-81.0
20.41	-8.867	-24.245	-69.7
20.42	-8.892	-21.228	-74.7
20.43	-8.914	-18.067	-81.3
20.44	-8.936	-15.425	-76.4
20.45	-8.960	-13.631	-68.2
20.46	-8.986	-13.083	-63.6
20.47	-9.013	-13.641	-67.8
20.48	-9.037	-15.184	-76.1
20.49	-9.063	-17.573	-68.6
20.5	-9.089	-20.453	-63.0
20.51	-9.115	-23.495	-65.4
20.52	-9.143	-26.445	-66.8
20.53	-9.172	-29.138	-73.5
20.54	-9.202	-31.356	-77.1
20.55	-9.232	-32.994	-68.5
20.56	-9.261	-34.241	-61.5
20.57	-9.291	-35.309	-63.2
20.58	-9.319	-36.205	-63.4
20.59	-9.348	-36.831	-54.1
20.6	-9.376	-37.123	-46.1
20.61	-9.403	-37.073	-40.5
20.62	-9.431	-36.680	-26.5
20.63	-9.457	-35.898	-11.9
20.64	-9.484	-34.720	-14.0
20.65	-9.511	-33.316	-24.7
20.66	-9.537	-31.845	-40.2
20.67	-9.562	-30.363	-55.0
20.68	-9.588	-29.105	-60.9
20.69	-9.617	-28.031	-61.1
20.7	-9.648	-26.350	-59.9
20.71	-9.674	-24.183	-49.8
20.72	-9.697	-23.030	-35.3
20.73	-9.722	-23.306	53.3
20.74	-9.751	-23.963	206.7
20.75	-9.784	-24.698	199.3
20.76	-9.816	-25.491	25.1
20.77	-9.842	-25.889	-77.2
20.78	-9.862	-26.872	-76.8
20.79	-9.877	-28.516	-58.5
20.8	-9.893	-29.964	-50.7
20.81	-9.909	-31.475	-47.3
20.82	-9.926	-32.727	-43.7
20.83	-9.944	-32.936	-39.3
20.84	-9.963	-30.506	-34.2
20.85	-9.985	-21.614	-27.1
20.86	-10.007	-1.900	-19.4
20.87	-10.028	25.220	-13.4
20.88	-10.047	44.889	-15.0
20.89	-10.062	50.772	-9.1
20.9	-10.074	51.120	15.3
20.91	-10.085	51.139	35.4
20.92	-10.095	51.139	42.4
20.93	-10.107	51.125	51.8
20.94	-10.120	50.553	78.3
20.95	-10.134	45.309	112.6
20.96	-10.151	31.138	138.8
20.97	-10.168	12.681	166.7
20.98	-10.184	-2.763	179.2
20.99	-10.202	-13.548	168.9
21.0	-10.221	-20.314	141.4
21.01	-10.243	-23.819	91.1
21.02	-10.263	-24.884	27.9
21.03	-10.279	-24.317	-18.5
21.04	-10.292	-22.875	-57.9
21.05	-10.304	-21.341	-85.0
21.06	-10.316	-20.602	-99.1
21.07	-10.324	-21.466	-100.9
21.08	-10.333	-24.153	-95.8
21.09	-10.342	-27.897	-97.7
21.1	-10.355	-31.280	-98.3
21.11	-10.371	-33.094	-89.1
21.12	-10.389	-32.820	-77.7
21.13	-10.408	-30.661	-80.0
21.14	-10.424	-27.148	-83.1
21.15	-10.439	-22.772	-76.1
21.16	-10.452	-18.081	-70.0
21.17	-10.465	-13.675	-75.3
21.18	-10.479	-10.073	-88.9
21.19	-10.495	-7.847	-79.9
21.2	-10.512	-7.481	-67.6
21.21	-10.529	-9.055	-72.9
21.22	-10.544	-12.119	-77.8
21.23	-10.561	-15.956	-69.9
21.24	-10.576	-19.956	-74.0
21.25	-10.591	-23.698	-83.3
21.26	-10.606	-26.930	-73.5
21.27	-10.619	-29.583	-61.2
21.28	-10.631	-31.745	-54.6
21.29	-10.640	-33.516	-45.6
21.3	-10.647	-34.944	-34.0
21.31	-10.652	-36.000	-17.4
21.32	-10.653	-36.575	-15.4
21.33	-10.652	-36.666	-30.3
21.34	-10.647	-36.514	-55.0
21.35	-10.639	-36.348	-72.7
21.36	-10.631	-36.184	-71.8
21.37	-10.624	-35.919	-69.3
21.38	-10.614	-35.352	-76.8
21.39	-10.599	-34.295	-69.9
21.4	-10.576	-32.886	-46.4
21.41	-10.551	-31.475	54.4
21.42	-10.528	-30.189	204.4
21.43	-10.508	-28.998	174.0
21.44	-10.482	-28.061	-5.0
21.45	-10.451	-27.606	-102.4
21.46	-10.421	-27.667	-96.8
21.47	-10.388	-28.200	-65.7
21.48	-10.349	-29.114	-55.6
21.49	-10.306	-30.063	-60.8
21.5	-10.266	-30.720	-55.6
21.51	-10.233	-30.938	-44.2
21.52	-10.203	-30.202	-40.5
21.53	-10.175	-26.795	-35.9
21.54	-10.148	-17.434	-24.3
21.55	-10.120	1.580	-18.6
21.56	-10.092	27.039	-19.0
21.57	-10.064	45.311	-3.8
21.58	-10.036	50.783	7.8
21.59	-10.009	51.120	10.6
21.6	-9.982	51.139	29.8
21.61	-9.956	51.134	61.6
21.62	-9.929	51.044	75.8
21.63	-9.906	48.863	96.3
21.64	-9.883	39.195	139.8
21.65	-9.861	21.602	167.4
21.66	-9.839	3.219	167.9
21.67	-9.818	-11.367	160.5
21.68	-9.801	-21.795	128.8
21.69	-9.786	-28.345	65.6
21.7	-9.769	-31.523	3.7
21.71	-9.748	-32.127	-43.2
21.72	-9.727	-31.197	-83.9
21.73	-9.706	-29.898	-100.0
21.74	-9.685	-29.292	-104.2
21.75	-9.662	-30.136	-108.5
21.76	-9.641	-32.542	-104.7
21.77	-9.621	-35.609	-100.3
21.78	-9.603	-37.822	-102.2
21.79	-9.584	-38.034	-96.8
21.8	-9.566	-36.005	-98.3
21.81	-9.549	-32.102	-102.5
21.82	-9.531	-26.859	-85.1
21.83	-9.513	-20.972	-62.3
21.84	-9.495	-15.277	-68.6
21.85	-9.476	-10.516	-86.7
21.86	-9.457	-7.298	-74.4
21.87	-9.438	-6.113	-64.6
21.88	-9.419	-7.078	-86.6
21.89	-9.401	-9.855	-97.4
21.9	-9.384	-13.858	-77.6
21.91	-9.366	-18.441	-63.1
21.92	-9.349	-22.948	-80.1
21.93	-9.333	-26.941	-90.9
21.94	-9.318	-30.278	-80.8
21.95	-9.302	-32.861	-75.4
21.96	-9.287	-34.703	-80.1
21.97	-9.273	-36.130	-65.9
21.98	-9.258	-37.413	-50.1
21.99	-9.242	-38.509	-49.0
22.0	-9.227	-39.273	-32.5
22.01	-9.212	-39.581	-15.8
22.02	-9.197	-39.416	-24.0
22.03	-9.182	-38.911	-39.2
22.04	-9.167	-38.258	-54.8
22.05	-9.152	-37.608	-65.3
22.06	-9.140	-36.938	-66.4
22.07	-9.129	-36.089	-68.8
22.08	-9.117	-35.073	-78.3
22.09	-9.101	-34.050	-74.2
22.1	-9.082	-33.047	-46.9
22.11	-9.068	-32.023	62.6
22.12	-9.058	-31.047	212.2
22.13	-9.049	-30.217	184.9
22.14	-9.041	-29.564	10.8
22.15	-9.029	-29.059	-86.4
22.16	-9.014	-28.728	-79.3
22.17	-8.995	-28.773	-54.7
22.18	-8.976	-29.320	-55.5
22.19	-8.957	-30.077	-62.1
22.2	-8.937	-30.502	-60.8
22.21	-8.918	-29.750	-48.2
22.22	-8.899	-25.800	-39.9
22.23	-8.881	-14.691	-39.1
22.24	-8.864	7.350	-30.0
22.25	-8.846	33.175	-17.7
22.26	-8.828	47.933	-7.6
22.27	-8.809	51.020	-0.5
22.28	-8.791	51.131	-3.6
22.29	-8.773	51.139	6.2
22.3	-8.757	51.136	29.3
22.31	-8.742	51.120	55.8
22.32	-8.729	50.092	85.8
22.33	-8.716	43.198	111.7
22.34	-8.705	27.694	144.1
22.35	-8.695	9.677	172.6
22.36	-8.685	-4.648	169.5
22.37	-8.676	-14.302	153.3
22.38	-8.667	-19.942	126.7
22.39	-8.660	-22.517	81.0
22.4	-8.654	-22.773	24.1
22.41	-8.645	-21.322	-33.8
22.42	-8.635	-19.027	-80.4
22.43	-8.626	-17.080	-99.4
22.44	-8.618	-16.673	-94.3
22.45	-8.612	-18.559	-92.7
22.46	-8.605	-22.663	-106.6
22.47	-8.598	-27.892	-111.9
22.48	-8.593	-32.880	-99.2
22.49	-8.592	-37.103	-82.5
22.5	-8.593	-41.023	-80.0
22.51	-8.595	-45.336	-86.9
22.52	-8.592	-49.150	-86.0
22.53	-8.586	-50.886	-75.2
22.54	-8.579	-51.130	-73.8
22.55	-8.571	-50.872	-74.3
22.56	-8.565	-48.656	-77.5
22.57	-8.561	-43.228	-79.5
22.58	-8.556	-36.959	-80.8
22.59	-8.549	-32.533	-88.1
22.6	-8.542	-30.223	-91.7
22.61	-8.534	-29.206	-84.3
22.62	-8.526	-29.202	-79.2
22.63	-8.518	-30.659	-81.8
22.64	-8.511	-33.027	-78.8
22.65	-8.507	-35.098	-73.9
22.66	-8.503	-36.200	-67.6
22.67	-8.499	-36.788	-67.5
22.68	-8.496	-37.527	-76.1
22.69	-8.493	-37.855	-70.8
22.7	-8.489	-37.573	-58.6
22.71	-8.485	-37.616	-55.3
22.72	-8.480	-36.822	-59.0
22.73	-8.476	-34.750	-32.4
22.74	-8.473	-33.811	-11.1
22.75	-8.472	-34.042	-17.0
22.76	-8.470	-34.241	-24.2
22.77	-8.469	-34.100	-39.5
22.78	-8.469	-34.711	-62.8
22.79	-8.468	-36.759	-79.7
22.8	-8.469	-38.517	-77.6
22.81	-8.467	-40.458	-80.7
22.82	-8.464	-43.470	-70.7
22.83	-8.459	-46.642	-32.8
22.84	-8.456	-49.089	34.9
22.85	-8.454	-49.238	161.6
22.86	-8.456	-47.264	188.3
22.87	-8.460	-45.194	41.5
22.88	-8.464	-43.738	-83.1
22.89	-8.465	-42.706	-90.1
22.9	-8.464	-41.069	-62.8
22.91	-8.464	-37.320	-59.2
22.92	-8.464	-32.442	-65.3
22.93	-8.464	-29.038	-57.8
22.94	-8.464	-27.808	-47.5
22.95	-8.466	-25.934	-46.2
22.96	-8.468	-17.378	-46.3
22.97	-8.473	2.725	-37.3
22.98	-8.478	28.861	-44.3
22.99	-8.486	46.205	-46.7
23.0	-8.497	50.889	-29.8
23.01	-8.512	51.127	-6.6
23.02	-8.533	51.139	13.1
23.03	-8.558	51.139	24.9
23.04	-8.585	51.139	41.6
23.05	-8.615	51.139	57.2
23.06	-8.646	51.139	84.5
23.07	-8.676	51.139	122.3
23.08	-8.706	51.139	144.4
23.09	-8.738	51.139	151.5
23.1	-8.769	51.139	156.4
23.11	-8.800	51.139	137.6
23.12	-8.831	51.134	74.9
23.13	-8.863	51.041	12.9
23.14	-8.893	49.236	-39.8
23.15	-8.921	42.395	-90.7
23.16	-8.949	29.839	-112.7
23.17	-8.980	14.483	-108.5
23.18	-9.011	1.259	-120.5
23.19	-9.041	-6.334	-128.0
23.2	-9.069	-10.500	-124.0
23.21	-9.099	-13.727	-112.3
23.22	-9.129	-14.977	-98.8
23.23	-9.161	-14.870	-102.5
23.24	-9.194	-15.292	-99.0
23.25	-9.228	-16.597	-91.3
23.26	-9.261	-19.945	-92.9
23.27	-9.293	-25.334	-92.4
23.28	-9.322	-27.925	-92.3
23.29	-9.349	-24.895	-90.6
23.3	-9.376	-21.967	-82.4
23.31	-9.403	-25.500	-83.3
23.32	-9.431	-35.066	-91.5
23.33	-9.459	-44.941	-81.7
23.34	-9.488	-50.042	-74.4
23.35	-9.519	-51.100	-80.8
23.36	-9.549	-51.139	-87.5
23.37	-9.579	-51.141	-84.5
23.38	-9.611	-51.141	-77.3
23.39	-9.642	-51.141	-70.6
23.4	-9.674	-51.141	-68.9
23.41	-9.706	-51.141	-73.3
23.42	-9.738	-51.141	-69.0
23.43	-9.768	-51.141	-59.1
23.44	-9.795	-51.136	-56.8
23.45	-9.822	-51.070	-48.9
23.46	-9.850	-48.100	-31.4
23.47	-9.877	-26.100	-13.5
23.48	-9.905	16.081	-8.3
23.49	-9.933	44.138	-4.5
23.5	-9.960	46.995	-17.6
23.51	-9.983	41.947	-43.6
23.52	-10.006	35.908	-48.8
23.53	-10.030	34.417	-44.4
23.54	-10.056	32.969	-56.0
23.55	-10.081	23.250	-56.8
23.56	-10.103	13.464	-44.0
23.57	-10.126	9.191	3.8
23.58	-10.151	4.967	157.5
23.59	-10.182	-0.819	253.8
23.6	-10.213	-3.944	120.3
23.61	-10.237	-3.853	-44.4
23.62	-10.254	-3.698	-80.6
23.63	-10.266	-5.095	-55.5
23.64	-10.274	-7.973	-35.4
23.65	-10.281	-11.609	-34.4
23.66	-10.286	-15.294	-34.9
23.67	-10.294	-18.458	-34.2
23.68	-10.304	-20.075	-31.6
23.69	-10.314	-18.352	-11.0
23.7	-10.326	-10.525	0.6
23.71	-10.336	6.730	2.7
23.72	-10.343	30.022	10.1
23.73	-10.349	46.283	15.3
23.74	-10.354	50.881	19.9
23.75	-10.361	51.127	33.2
23.76	-10.368	51.139	47.1
23.77	-10.374	51.134	68.5
23.78	-10.381	51.092	96.0
23.79	-10.390	49.598	120.7
23.8	-10.403	41.266	149.8
23.81	-10.416	24.219	177.9
23.82	-10.428	5.842	189.3
23.83	-10.438	-7.900	191.6
23.84	-10.447	-16.794	181.2
23.85	-10.458	-21.666	135.6
23.86	-10.471	-23.469	71.1
23.87	-10.483	-23.161	21.8
23.88	-10.491	-21.341	-26.8
23.89	-10.496	-19.033	-63.5
23.9	-10.500	-17.792	-70.9
23.91	-10.501	-18.405	-73.3
23.92	-10.498	-20.661	-78.7
23.93	-10.493	-24.011	-81.9
23.94	-10.485	-27.519	-80.5
23.95	-10.478	-29.970	-71.4
23.96	-10.469	-30.491	-73.1
23.97	-10.458	-28.797	-76.6
23.98	-10.443	-25.261	-65.5
23.99	-10.424	-20.700	-56.6
24.0	-10.404	-15.838	-52.4
24.01	-10.381	-11.259	-48.9
24.02	-10.356	-7.609	-51.0
24.03	-10.329	-5.600	-51.9
24.04	-10.300	-5.655	-54.9
24.05	-10.270	-7.650	-55.0
24.06	-10.239	-11.122	-53.4
24.07	-10.208	-15.478	-51.5
24.08	-10.177	-20.048	-49.8
24.09	-10.147	-24.217	-51.3
24.1	-10.118	-27.664	-51.0
24.11	-10.091	-30.372	-41.8
24.12	-10.064	-32.342	-31.2
24.13	-10.039	-33.634	-18.7
24.14	-10.013	-34.533	-5.1
24.15	-9.987	-35.227	-1.9
24.16	-9.959	-35.655	-7.6
24.17	-9.931	-35.692	-24.3
24.18	-9.901	-35.345	-52.5
24.19	-9.871	-34.828	-55.2
24.2	-9.843	-34.353	-38.2
24.21	-9.818	-33.903	-37.8
24.22	-9.791	-33.328	-47.3
24.23	-9.763	-32.553	-45.0
24.24	-9.733	-31.588	-21.2
24.25	-9.707	-30.522	103.9
24.26	-9.686	-29.523	239.1
24.27	-9.668	-28.655	160.6
24.28	-9.646	-27.933	-7.3
24.29	-9.624	-27.500	-70.4
24.3	-9.602	-27.511	-72.9
24.31	-9.577	-28.031	-53.5
24.32	-9.548	-28.930	-30.8
24.33	-9.519	-29.842	-29.9
24.34	-9.491	-30.355	-36.1
24.35	-9.466	-30.044	-28.8
24.36	-9.442	-28.056	-14.7
24.37	-9.420	-22.291	-10.2
24.38	-9.399	-9.192	-15.0
24.39	-9.377	13.239	-11.8
24.4	-9.355	36.702	-2.4
24.41	-9.332	48.831	6.8
24.42	-9.308	51.067	22.1
24.43	-9.284	51.131	42.1
24.44	-9.259	51.139	55.8
24.45	-9.236	51.125	79.4
24.46	-9.214	50.828	114.7
24.47	-9.194	47.041	146.7
24.48	-9.178	34.953	163.9
24.49	-9.162	17.175	175.2
24.5	-9.150	0.802	183.5
24.51	-9.139	-11.469	162.8
24.52	-9.131	-19.744	121.8
24.53	-9.126	-24.488	73.4
24.54	-9.123	-26.333	10.7
24.55	-9.116	-26.200	-43.2
24.56	-9.109	-25.219	-76.9
24.57	-9.103	-24.450	-86.8
24.58	-9.094	-24.741	-90.7
24.59	-9.085	-26.594	-104.6
24.6	-9.075	-29.869	-103.8
24.61	-9.068	-33.586	-87.5
24.62	-9.062	-36.400	-80.3
24.63	-9.058	-37.339	-78.3
24.64	-9.054	-36.156	-80.7
24.65	-9.049	-33.214	-80.4
24.66	-9.043	-29.122	-72.3
24.67	-9.036	-24.425	-67.3
24.68	-9.028	-19.600	-68.6
24.69	-9.021	-15.273	-67.3
24.7	-9.014	-12.188	-67.8
24.71	-9.007	-10.892	-68.5
24.72	-8.999	-11.534	-65.2
24.73	-8.992	-13.869	-62.3
24.74	-8.983	-17.347	-66.8
24.75	-8.976	-21.336	-71.6
24.76	-8.969	-25.320	-72.1
24.77	-8.963	-28.941	-73.3
24.78	-8.957	-32.022	-69.9
24.79	-8.953	-34.491	-62.3
24.8	-8.947	-36.377	-58.3
24.81	-8.943	-37.861	-49.8
24.82	-8.938	-39.100	-41.9
24.83	-8.931	-40.064	-32.6
24.84	-8.924	-40.659	-24.8
24.85	-8.918	-40.673	-17.4
24.86	-8.911	-39.763	-5.0
24.87	-8.903	-38.206	-19.4
24.88	-8.896	-36.939	-55.5
24.89	-8.890	-36.153	-69.6
24.9	-8.885	-35.214	-65.2
24.91	-8.879	-34.056	-62.3
24.92	-8.869	-33.084	-67.2
24.93	-8.859	-32.238	-56.1
24.94	-8.850	-31.295	15.9
24.95	-8.845	-30.347	161.5
24.96	-8.844	-29.469	230.2
24.97	-8.845	-28.648	113.3
24.98	-8.844	-28.016	-28.5
24.99	-8.839	-27.777	-70.8
25.0	-8.829	-28.022	-65.5
25.01	-8.817	-28.650	-56.3
25.02	-8.803	-29.367	-51.2
25.03	-8.787	-29.788	-45.2
25.04	-8.772	-29.367	-37.6
25.05	-8.757	-26.770	-29.5
25.06	-8.742	-18.903	-21.5
25.07	-8.727	-1.208	-20.9
25.08	-8.709	24.555	-14.8
25.09	-8.690	44.303	-0.6
25.1	-8.671	50.652	7.4
25.11	-8.653	51.116	16.7
25.12	-8.636	51.139	28.4
25.13	-8.621	51.139	43.1
25.14	-8.608	51.133	63.9
25.15	-8.598	51.030	87.7
25.16	-8.589	48.745	117.4
25.17	-8.581	39.303	154.6
25.18	-8.572	23.117	178.0
25.19	-8.566	7.164	190.3
25.2	-8.561	-4.656	192.8
25.21	-8.556	-12.208	169.5
25.22	-8.554	-15.980	120.1
25.23	-8.553	-16.741	56.6
25.24	-8.551	-15.409	-7.8
25.25	-8.548	-13.020	-46.1
25.26	-8.544	-10.772	-62.5
25.27	-8.540	-9.939	-76.4
25.28	-8.537	-11.500	-83.7
25.29	-8.533	-15.616	-83.1
25.3	-8.529	-21.419	-82.5
25.31	-8.526	-27.425	-81.7
25.32	-8.526	-32.211	-75.9
25.33	-8.526	-34.839	-74.3
25.34	-8.527	-35.111	-76.5
25.35	-8.527	-33.466	-72.5
25.36	-8.526	-30.458	-68.3
25.37	-8.525	-26.547	-54.3
25.38	-8.523	-22.309	-44.5
25.39	-8.521	-18.536	-52.3
25.4	-8.520	-15.938	-57.2
25.41	-8.521	-14.850	-55.5
25.42	-8.522	-15.292	-57.1
25.43	-8.524	-17.163	-56.3
25.44	-8.527	-20.169	-53.9
25.45	-8.531	-23.730	-51.4
25.46	-8.538	-27.266	-47.7
25.47	-8.549	-30.472	-50.6
25.48	-8.563	-33.219	-56.3
25.49	-8.583	-35.441	-57.2
25.5	-8.608	-37.133	-55.3
25.51	-8.637	-38.331	-53.6
25.52	-8.669	-39.173	-58.8
25.53	-8.702	-39.877	-61.1
25.54	-8.736	-40.497	-44.9
25.55	-8.769	-40.884	-23.1
25.56	-8.800	-40.900	-11.0
25.57	-8.832	-40.531	-1.9
25.58	-8.863	-39.863	2.9
25.59	-8.894	-39.048	2.6
25.6	-8.922	-38.223	-12.1
25.61	-8.951	-37.455	-33.4
25.62	-8.978	-36.769	-45.8
25.63	-9.008	-36.145	-46.2
25.64	-9.037	-35.536	-45.6
25.65	-9.067	-34.888	-48.4
25.66	-9.094	-34.222	-35.6
25.67	-9.121	-33.642	-3.5
25.68	-9.151	-33.133	108.5
25.69	-9.186	-32.498	241.8
25.7	-9.222	-31.700	186.3
25.71	-9.259	-30.952	15.8
25.72	-9.292	-30.434	-65.1
25.73	-9.321	-30.284	-59.7
25.74	-9.345	-30.728	-44.5
25.75	-9.370	-31.755	-38.3
25.76	-9.395	-32.786	-31.4
25.77	-9.419	-32.948	-20.2
25.78	-9.444	-31.147	-21.9
25.79	-9.469	-25.109	-28.7
25.8	-9.497	-10.553	-19.9
25.81	-9.527	14.439	-8.8
25.82	-9.558	38.727	1.8
25.83	-9.588	49.602	13.4
25.84	-9.616	51.111	18.7
25.85	-9.642	51.136	25.0
25.86	-9.667	51.139	36.5
25.87	-9.692	51.139	57.8
25.88	-9.717	51.125	85.7
25.89	-9.745	50.695	116.2
25.9	-9.774	46.316	146.6
25.91	-9.804	33.741	175.7
25.92	-9.835	16.677	198.0
25.93	-9.867	2.114	199.6
25.94	-9.901	-7.798	177.7
25.95	-9.936	-13.436	140.7
25.96	-9.971	-15.650	85.1
25.97	-10.004	-15.420	25.5
25.98	-10.035	-13.692	-16.2
25.99	-10.064	-11.500	-44.8
26.0	-10.094	-10.123	-64.8
26.01	-10.124	-10.844	-71.0
26.02	-10.152	-14.188	-74.8
26.03	-10.175	-19.547	-77.3
26.04	-10.197	-25.497	-75.1
26.05	-10.221	-30.453	-77.0
26.06	-10.247	-33.341	-75.3
26.07	-10.276	-33.859	-63.4
26.08	-10.308	-32.334	-59.2
26.09	-10.339	-29.311	-60.8
26.1	-10.368	-25.225	-57.1
26.11	-10.395	-20.480	-59.1
26.12	-10.421	-15.811	-58.2
26.13	-10.446	-12.178	-52.6
26.14	-10.473	-10.264	-57.5
26.15	-10.501	-10.263	-57.4
26.16	-10.529	-11.997	-54.1
26.17	-10.556	-15.072	-52.7
26.18	-10.582	-18.942	-51.3
26.19	-10.608	-23.033	-55.0
26.2	-10.634	-26.958	-54.6
26.21	-10.658	-30.464	-50.6
26.22	-10.680	-33.370	-49.6
26.23	-10.701	-35.655	-45.5
26.24	-10.723	-37.305	-34.8
26.25	-10.742	-38.384	-14.2
26.26	-10.758	-39.139	0.5
26.27	-10.773	-39.681	-4.4
26.28	-10.786	-39.898	-15.3
26.29	-10.794	-39.764	-24.9
26.3	-10.801	-39.380	-38.3
26.31	-10.806	-38.880	-48.6
26.32	-10.811	-38.277	-56.2
26.33	-10.816	-37.503	-66.5
26.34	-10.814	-36.550	-54.4
26.35	-10.807	-35.450	-23.3
26.36	-10.795	-34.253	64.5
26.37	-10.786	-33.016	209.1
26.38	-10.775	-31.758	200.4
26.39	-10.754	-30.583	28.2
26.4	-10.722	-29.772	-83.5
26.41	-10.686	-29.598	-84.5
26.42	-10.646	-30.138	-50.1
26.43	-10.596	-31.191	-30.7
26.44	-10.542	-32.300	-29.1
26.45	-10.490	-33.023	-31.0
26.46	-10.446	-33.169	-30.1
26.47	-10.407	-32.434	-19.3
26.48	-10.373	-29.477	-11.1
26.49	-10.341	-21.025	-11.2
26.5	-10.311	-2.730	-9.8
26.51	-10.279	23.453	0.5
26.52	-10.248	43.741	17.8
26.53	-10.216	50.542	32.5
26.54	-10.186	51.114	35.7
26.55	-10.155	51.139	43.1
26.56	-10.126	51.139	61.6
26.57	-10.097	51.123	92.2
26.58	-10.068	50.717	128.8
26.59	-10.041	46.253	154.1
26.6	-10.014	32.936	178.4
26.61	-9.987	14.227	192.8
26.62	-9.962	-2.469	180.2
26.63	-9.942	-14.756	146.3
26.64	-9.926	-22.925	91.6
26.65	-9.908	-27.555	26.9
26.66	-9.885	-29.516	-28.0
26.67	-9.862	-29.842	-65.3
26.68	-9.839	-29.609	-88.3
26.69	-9.815	-29.973	-95.0
26.7	-9.791	-31.811	-90.0
26.71	-9.769	-35.042	-85.2
26.72	-9.749	-38.522	-84.3
26.73	-9.732	-40.861	-85.8
26.74	-9.717	-41.186	-83.7
26.75	-9.702	-39.256	-81.8
26.76	-9.685	-35.309	-77.7
26.77	-9.667	-29.897	-70.4
26.78	-9.647	-23.658	-72.2
26.79	-9.627	-17.266	-68.3
26.8	-9.607	-11.575	-58.0
26.81	-9.588	-7.503	-58.8
26.82	-9.569	-5.658	-64.9
26.83	-9.551	-6.198	-66.4
26.84	-9.533	-8.886	-65.6
26.85	-9.514	-13.134	-64.4
26.86	-9.496	-18.148	-61.1
26.87	-9.480	-23.192	-56.8
26.88	-9.465	-27.841	-63.1
26.89	-9.451	-31.916	-62.7
26.9	-9.436	-35.322	-45.4
26.91	-9.420	-38.016	-32.7
26.92	-9.403	-40.022	-23.6
26.93	-9.386	-41.433	-11.5
26.94	-9.369	-42.338	-6.0
26.95	-9.352	-42.788	-19.4
26.96	-9.334	-42.836	-51.3
26.97	-9.316	-42.586	-68.0
26.98	-9.299	-42.122	-63.8
26.99	-9.284	-41.480	-65.8
27.0	-9.266	-40.667	-67.6
27.01	-9.246	-39.689	-55.3
27.02	-9.223	-38.633	-31.6
27.03	-9.202	-37.622	58.4
27.04	-9.186	-36.644	207.4
27.05	-9.176	-35.619	206.4
27.06	-9.164	-34.573	33.0
27.07	-9.151	-33.622	-90.4
27.08	-9.135	-32.936	-91.3
27.09	-9.116	-32.692	-57.6
27.1	-9.095	-32.936	-50.3
27.11	-9.074	-33.417	-50.5
27.12	-9.053	-33.639	-38.6
27.13	-9.033	-33.039	-31.3
27.14	-9.014	-30.414	-35.6
27.15	-8.995	-22.731	-29.6
27.16	-8.976	-5.258	-21.6
27.17	-8.959	21.208	-24.1
27.18	-8.942	42.777	-12.4
27.19	-8.925	50.406	10.4
27.2	-8.908	51.111	26.3
27.21	-8.891	51.139	36.2
27.22	-8.874	51.139	50.9
27.23	-8.859	51.136	70.7
27.24	-8.843	51.116	91.9
27.25	-8.828	50.008	123.4
27.26	-8.814	42.938	153.2
27.27	-8.801	27.484	167.3
27.28	-8.789	9.941	173.7
27.29	-8.779	-3.819	167.1
27.3	-8.771	-13.086	135.4
27.31	-8.766	-18.450	85.1
27.32	-8.763	-20.741	19.6
27.33	-8.757	-20.861	-36.8
27.34	-8.749	-19.736	-74.3
27.35	-8.742	-18.505	-96.3
27.36	-8.735	-18.483	-93.8
27.37	-8.727	-20.606	-82.2
27.38	-8.718	-24.834	-78.5
27.39	-8.709	-30.066	-85.4
27.4	-8.703	-34.711	-90.1
27.41	-8.697	-37.484	-86.2
27.42	-8.692	-37.888	-82.7
27.43	-8.686	-36.175	-84.5
27.44	-8.678	-32.841	-83.8
27.45	-8.669	-28.328	-72.3
27.46	-8.658	-23.163	-59.3
27.47	-8.649	-18.072	-60.4
27.48	-8.643	-13.939	-62.2
27.49	-8.639	-11.605	-58.9
27.5	-8.636	-11.466	-61.6
27.51	-8.631	-13.280	-60.0
27.52	-8.626	-16.497	-60.1
27.53	-8.621	-20.588	-60.7
27.54	-8.616	-25.017	-48.5
27.55	-8.612	-29.241	-37.2
27.56	-8.609	-32.895	-40.5
27.57	-8.608	-35.925	-51.1
27.58	-8.608	-38.484	-46.1
27.59	-8.608	-40.688	-32.2
27.6	-8.607	-42.442	-29.5
27.61	-8.606	-43.572	-30.7
27.62	-8.605	-44.027	-17.1
27.63	-8.603	-43.936	-10.0
27.64	-8.601	-43.514	-21.1
27.65	-8.598	-42.834	-29.2
27.66	-8.595	-41.841	-45.8
27.67	-8.592	-40.714	-66.2
27.68	-8.591	-39.719	-73.9
27.69	-8.588	-38.806	-70.2
27.7	-8.582	-37.797	-58.0
27.71	-8.574	-36.663	-54.8
27.72	-8.569	-35.528	0.1
27.73	-8.566	-34.466	152.3
27.74	-8.567	-33.394	218.7
27.75	-8.569	-32.377	94.2
27.76	-8.569	-31.678	-38.4
27.77	-8.565	-31.508	-75.3
27.78	-8.558	-31.936	-69.7
27.79	-8.549	-32.816	-60.7
27.8	-8.541	-33.697	-48.4
27.81	-8.531	-33.964	-37.8
27.82	-8.521	-32.873	-38.2
27.83	-8.510	-28.858	-37.7
27.84	-8.500	-18.403	-35.6
27.85	-8.490	2.778	-30.9
27.86	-8.479	29.525	-17.9
27.87	-8.467	46.636	-13.5
27.88	-8.454	50.930	-10.4
27.89	-8.441	51.128	7.4
27.9	-8.428	51.139	24.5
27.91	-8.418	51.131	38.3
27.92	-8.410	51.002	63.7
27.93	-8.404	48.141	85.6
27.94	-8.401	36.464	101.0
27.95	-8.400	17.014	122.5
27.96	-8.401	-0.750	137.5
27.97	-8.404	-11.925	155.0
27.98	-8.409	-17.650	173.8
27.99	-8.416	-20.108	159.8
28.0	-8.427	-21.034	103.9
28.01	-8.442	-21.389	28.8
28.02	-8.461	-20.944	-34.4
28.03	-8.484	-19.561	-77.4
28.04	-8.510	-17.931	-101.6
28.05	-8.540	-16.981	-106.2
28.06	-8.571	-18.177	-97.6
28.07	-8.601	-22.184	-97.8
28.08	-8.629	-27.523	-107.8
28.09	-8.658	-32.197	-109.2
28.1	-8.688	-35.117	-107.3
28.11	-8.719	-35.613	-99.3
28.12	-8.749	-33.228	-86.9
28.13	-8.779	-28.602	-82.2
28.14	-8.807	-22.988	-78.2
28.15	-8.833	-17.072	-77.3
28.16	-8.859	-11.144	-84.8
28.17	-8.885	-5.628	-95.3
28.18	-8.911	-1.413	-94.4
28.19	-8.939	0.758	-78.2
28.2	-8.966	1.128	-70.2
28.21	-8.992	0.400	-72.8
28.22	-9.018	-1.163	-71.9
28.23	-9.043	-3.697	-71.7
28.24	-9.068	-7.086	-70.1
28.25	-9.094	-10.956	-73.8
28.26	-9.123	-15.075	-80.2
28.27	-9.154	-19.203	-78.9
28.28	-9.186	-23.069	-68.8
28.29	-9.217	-26.494	-63.0
28.3	-9.251	-29.277	-65.1
28.31	-9.284	-31.317	-56.9
28.32	-9.316	-32.695	-52.2
28.33	-9.348	-33.603	-58.3
28.34	-9.379	-34.209	-55.8
28.35	-9.410	-34.488	-49.4
28.36	-9.440	-34.319	-30.1
28.37	-9.471	-33.702	-9.7
28.38	-9.502	-32.909	-7.2
28.39	-9.534	-32.478	-6.6
28.4	-9.566	-32.619	-12.2
28.41	-9.595	-32.983	-36.8
28.42	-9.624	-33.216	-61.4
28.43	-9.654	-33.234	-64.5
28.44	-9.685	-33.100	-58.1
28.45	-9.714	-32.858	-51.7
28.46	-9.742	-32.513	-37.6
28.47	-9.771	-32.245	24.6
28.48	-9.804	-32.252	177.5
28.49	-9.841	-32.397	249.9
28.5	-9.879	-32.452	111.8
28.51	-9.912	-32.373	-31.9
28.52	-9.939	-32.281	-68.0
28.53	-9.961	-32.477	-59.0
28.54	-9.982	-33.122	-38.9
28.55	-10.003	-33.830	-32.6
28.56	-10.026	-34.230	-30.9
28.57	-10.051	-34.061	-26.5
28.58	-10.079	-32.223	-16.6
28.59	-10.113	-25.936	-15.1
28.6	-10.150	-10.278	-21.3
28.61	-10.190	16.055	-10.6
28.62	-10.232	40.127	6.5
28.63	-10.274	49.944	10.4
28.64	-10.316	51.113	16.6
28.65	-10.358	51.138	23.0
28.66	-10.402	51.139	34.2
28.67	-10.446	51.139	65.0
28.68	-10.490	51.133	90.7
28.69	-10.538	51.003	108.5
28.7	-10.590	48.394	125.2
28.71	-10.648	38.297	144.3
28.72	-10.708	22.069	167.0
28.73	-10.771	7.555	171.3
28.74	-10.836	-1.719	162.8
28.75	-10.907	-6.661	126.9
28.76	-10.980	-8.809	55.3
28.77	-11.053	-9.869	-10.5
28.78	-11.123	-10.598	-65.4
28.79	-11.191	-10.830	-90.2
28.8	-11.256	-10.908	-83.4
28.81	-11.316	-11.992	-92.8
28.82	-11.368	-15.286	-100.6
28.83	-11.410	-20.781	-93.6
28.84	-11.447	-27.039	-96.7
28.85	-11.483	-32.363	-110.5
28.86	-11.519	-35.556	-100.1
28.87	-11.556	-35.811	-85.5
28.88	-11.591	-33.347	-89.3
28.89	-11.624	-29.755	-78.6
28.9	-11.653	-26.895	-69.2
28.91	-11.679	-25.863	-73.8
28.92	-11.704	-27.636	-74.7
28.93	-11.727	-31.730	-71.5
28.94	-11.746	-35.208	-69.0
28.95	-11.763	-36.317	-79.3
28.96	-11.774	-36.391	-94.7
28.97	-11.781	-37.920	-99.3
28.98	-11.785	-40.838	-80.2
28.99	-11.786	-43.711	-66.4
29.0	-11.781	-45.566	-75.2
29.01	-11.767	-46.348	-81.6
29.02	-11.740	-47.561	-84.4
29.03	-11.702	-49.455	-85.2
29.04	-11.656	-50.416	-73.5
29.05	-11.608	-48.839	-61.4
29.06	-11.556	-45.420	-56.3
29.07	-11.498	-42.698	-43.3
29.08	-11.438	-41.313	-35.7
29.09	-11.376	-39.884	-44.4
29.1	-11.318	-38.091	-55.1
29.11	-11.267	-37.975	-62.5
29.12	-11.220	-40.444	-51.7
29.13	-11.173	-42.081	-36.7
29.14	-11.123	-41.848	-28.5
29.15	-11.073	-43.420	41.7
29.16	-11.025	-47.528	203.5
29.17	-10.981	-49.622	234.5
29.18	-10.930	-46.050	52.2
29.19	-10.873	-39.509	-76.5
29.2	-10.814	-35.850	-65.8
29.21	-10.753	-38.789	-28.4
29.22	-10.685	-44.123	-18.1
29.23	-10.614	-43.356	-24.6
29.24	-10.543	-37.291	-28.1
29.25	-10.473	-31.713	-21.6
29.26	-10.406	-29.941	-1.1
29.27	-10.341	-31.447	8.5
29.28	-10.276	-30.355	5.6
29.29	-10.213	-20.422	8.8
29.3	-10.150	4.530	20.1
29.31	-10.084	34.228	22.8
29.32	-10.016	48.953	28.6
29.33	-9.947	51.102	46.2
29.34	-9.877	51.133	61.3
29.35	-9.805	51.127	82.0
29.36	-9.732	50.911	116.6
29.37	-9.656	46.616	140.3
29.38	-9.579	32.381	148.6
29.39	-9.502	16.231	178.8
29.4	-9.424	8.797	206.3
29.41	-9.346	4.044	189.0
29.42	-9.274	-6.128	152.0
29.43	-9.206	-20.678	101.9
29.44	-9.139	-35.303	36.1
29.45	-9.072	-46.091	-0.1
29.46	-9.005	-50.545	-16.9
29.47	-8.939	-51.123	-51.2
29.48	-8.873	-51.139	-80.6
29.49	-8.808	-51.133	-88.8
29.5	-8.745	-50.895	-70.1
29.51	-8.684	-49.984	-71.4
29.52	-8.628	-48.556	-90.9
29.53	-8.576	-46.295	-75.3
29.54	-8.524	-42.775	-45.9
29.55	-8.468	-38.680	-47.6
29.56	-8.410	-34.922	-65.7
29.57	-8.349	-32.216	-45.4
29.58	-8.286	-31.398	-18.2
29.59	-8.216	-32.336	-34.5
29.6	-8.139	-29.328	-47.5
29.61	-8.058	-22.273	-47.3
29.62	-7.979	-22.473	-40.1
29.63	-7.906	-30.473	-27.3
29.64	-7.838	-36.620	-24.4
29.65	-7.770	-38.481	-21.0
29.66	-7.701	-38.222	-41.4
29.67	-7.629	-36.636	-75.0
29.68	-7.559	-34.284	-82.8
29.69	-7.491	-32.141	-94.3
29.7	-7.426	-30.248	-113.4
29.71	-7.364	-28.542	-134.4
29.72	-7.303	-27.509	-161.5
29.73	-7.241	-27.948	-152.3
29.74	-7.179	-30.602	-117.4
29.75	-7.116	-34.344	-122.2
29.76	-7.055	-35.508	-152.7
29.77	-6.996	-29.811	-199.5
29.78	-6.938	-17.341	-277.2
29.79	-6.878	-5.934	-338.2
29.8	-6.812	-2.852	-346.9
29.81	-6.739	-7.258	-355.5
29.82	-6.661	-17.245	-378.6
29.83	-6.579	-31.748	-385.0
29.84	-6.499	-44.583	-393.7
29.85	-6.425	-49.581	-393.3
29.86	-6.357	-44.191	-281.9
29.87	-6.296	-27.889	-182.2
29.88	-6.243	-9.003	-291.5
29.89	-6.195	1.769	-478.4
29.9	-6.147	5.106	-565.8
29.91	-6.096	4.852	-571.4
29.92	-6.041	-1.050	-561.1
29.93	-5.984	-13.580	-576.0
29.94	-5.928	-30.355	-607.0
29.95	-5.875	-43.488	-621.3
29.96	-5.826	-39.244	-609.8
29.97	-5.782	-11.344	-563.1
29.98	-5.746	25.081	-519.5
29.99	-5.711	46.286	-500.9
30.0	-5.672	50.948	-501.8
30.01	-5.629	51.130	-523.1
30.02	-5.584	51.139	-528.8
30.03	-5.538	51.139	-511.9
30.04	-5.494	51.139	-507.8
30.05	-5.452	51.139	-476.4
30.06	-5.416	51.133	-390.3
30.07	-5.384	50.858	-333.0
30.08	-5.357	48.506	-333.1
30.09	-5.339	41.023	-329.7
30.1	-5.329	28.036	-288.9
30.11	-5.324	15.991	-244.6
30.12	-5.321	13.681	-265.3
30.13	-5.323	22.720	-328.4
30.14	-5.335	33.842	-371.8
30.15	-5.355	33.217	-399.7
30.16	-5.376	16.895	-439.8
30.17	-5.393	-7.084	-481.7
30.18	-5.411	-29.673	-507.6
30.19	-5.428	-44.339	-496.3
30.2	-5.446	-49.889	-454.1
30.21	-5.463	-50.986	-456.0
30.22	-5.477	-51.133	-474.4
30.23	-5.491	-51.141	-456.0
30.24	-5.507	-51.141	-435.9
30.25	-5.527	-51.141	-440.5
30.26	-5.550	-51.139	-457.5
30.27	-5.576	-51.120	-453.6
30.28	-5.603	-50.673	-423.6
30.29	-5.631	-48.830	-402.2
30.3	-5.661	-45.777	-423.3
30.31	-5.694	-42.648	-432.8
30.32	-5.731	-40.255	-395.3
30.33	-5.767	-37.950	-388.1
30.34	-5.804	-33.503	-370.7
30.35	-5.844	-25.138	-335.7
30.36	-5.888	-18.991	-378.2
30.37	-5.934	-19.238	-439.3
30.38	-5.980	-19.867	-419.2
30.39	-6.026	-21.608	-374.1
30.4	-6.072	-24.217	-370.8
30.41	-6.117	-23.795	-387.3
30.42	-6.163	-22.789	-398.8
30.43	-6.208	-21.684	-372.1
30.44	-6.253	-17.792	-333.3
30.45	-6.298	-9.817	-350.2
30.46	-6.339	-1.748	-403.9
30.47	-6.376	-1.202	-413.3
30.48	-6.412	-8.256	-399.3
30.49	-6.446	-14.586	-431.9
30.5	-6.476	-16.556	-466.6
30.51	-6.503	-16.984	-459.5
30.52	-6.526	-17.708	-457.8
30.53	-6.548	-18.317	-481.5
30.54	-6.567	-19.280	-477.6
30.55	-6.585	-20.423	-457.6
30.56	-6.601	-20.758	-440.4
30.57	-6.619	-26.322	-363.8
30.58	-6.644	-39.372	-213.0
30.59	-6.676	-48.914	-168.3
30.6	-6.714	-51.059	-321.1
30.61	-6.755	-51.123	-465.1
30.62	-6.796	-50.916	-486.1
30.63	-6.834	-48.400	-455.5
30.64	-6.874	-41.252	-431.8
30.65	-6.916	-31.927	-415.8
30.66	-6.959	-22.639	-389.1
30.67	-7.001	-13.031	-355.4
30.68	-7.040	-6.378	-325.4
30.69	-7.077	-3.992	-296.9
30.7	-7.113	2.078	-272.7
30.71	-7.148	19.003	-253.9
30.72	-7.179	38.956	-236.8
30.73	-7.213	49.291	-222.3
30.74	-7.249	51.091	-213.5
30.75	-7.291	51.133	-210.8
30.76	-7.338	51.139	-201.2
30.77	-7.388	51.133	-180.8
30.78	-7.444	51.017	-157.9
30.79	-7.509	48.964	-132.8
30.8	-7.582	41.511	-109.8
30.81	-7.657	29.044	-91.3
30.82	-7.729	15.586	-66.8
30.83	-7.793	2.061	-49.3
30.84	-7.853	-12.667	-68.9
30.85	-7.911	-26.066	-116.0
30.86	-7.968	-35.089	-177.9
30.87	-8.021	-39.319	-237.8
30.88	-8.068	-39.319	-270.7
30.89	-8.111	-37.359	-291.6
30.9	-8.148	-36.163	-319.9
30.91	-8.181	-37.045	-328.4
30.92	-8.213	-40.253	-315.8
30.93	-8.246	-44.530	-309.9
30.94	-8.282	-47.908	-307.4
30.95	-8.318	-49.588	-306.2
30.96	-8.355	-49.328	-295.8
30.97	-8.394	-47.308	-280.8
30.98	-8.433	-44.183	-283.3
30.99	-8.470	-40.266	-289.6
31.0	-8.507	-35.531	-283.6
31.01	-8.546	-30.316	-275.1
31.02	-8.584	-25.633	-273.8
31.03	-8.623	-22.622	-275.5
31.04	-8.660	-21.414	-268.6
31.05	-8.694	-21.380	-255.1
31.06	-8.723	-22.584	-254.6
31.07	-8.743	-25.088	-259.9
31.08	-8.756	-27.709	-251.2
31.09	-8.761	-29.534	-240.7
31.1	-8.759	-31.038	-240.2
31.11	-8.754	-32.995	-230.1
31.12	-8.748	-35.478	-204.2
31.13	-8.734	-38.055	-187.1
31.14	-8.716	-40.342	-182.1
31.15	-8.691	-42.045	-186.3
31.16	-8.663	-43.025	-203.9
31.17	-8.634	-43.339	-212.2
31.18	-8.606	-43.081	-209.8
31.19	-8.580	-41.594	-208.7
31.2	-8.553	-35.017	-206.8
31.21	-8.519	-24.278	-194.8
31.22	-8.484	-20.669	-165.7
31.23	-8.453	-26.013	-89.6
31.24	-8.433	-31.598	28.4
31.25	-8.415	-35.028	19.8
31.26	-8.391	-36.495	-130.2
31.27	-8.362	-35.816	-214.5
31.28	-8.329	-34.711	-188.5
31.29	-8.291	-35.013	-153.5
31.3	-8.248	-36.913	-137.0
31.31	-8.201	-37.786	-120.9
31.32	-8.156	-36.247	-116.8
31.33	-8.116	-34.169	-118.5
31.34	-8.084	-32.742	-115.1
31.35	-8.064	-29.303	-103.3
31.36	-8.054	-17.445	-91.8
31.37	-8.051	5.745	-85.5
31.38	-8.047	31.916	-75.0
31.39	-8.039	47.336	-58.2
31.4	-8.030	50.973	-39.9
31.41	-8.023	51.131	-34.7
31.42	-8.014	51.139	-22.5
31.43	-8.001	51.134	4.6
31.44	-7.986	51.081	29.9
31.45	-7.974	49.358	51.3
31.46	-7.968	40.027	66.7
31.47	-7.969	21.395	83.6
31.48	-7.973	1.167	102.2
31.49	-7.984	-17.072	102.0
31.5	-8.009	-34.355	68.8
31.51	-8.049	-46.436	16.8
31.52	-8.096	-50.680	-37.2
31.53	-8.148	-51.113	-76.5
31.54	-8.206	-51.056	-113.1
31.55	-8.269	-50.480	-133.4
31.56	-8.338	-48.380	-140.0
31.57	-8.414	-45.216	-122.4
31.58	-8.490	-42.831	-50.2
31.59	-8.563	-42.698	-15.6
31.6	-8.631	-43.905	-50.9
31.61	-8.697	-43.069	-101.1
31.62	-8.763	-38.755	-87.0
31.63	-8.813	-31.234	-20.6
31.64	-8.837	-22.978	19.3
31.65	-8.859	-16.055	47.7
31.66	-8.891	-8.022	67.7
31.67	-8.931	1.014	67.9
31.68	-8.976	7.878	32.3
31.69	-9.023	13.863	17.2
31.7	-9.070	19.519	72.3
31.71	-9.115	19.020	115.5
31.72	-9.156	9.239	131.0
31.73	-9.195	-6.591	149.0
31.74	-9.231	-22.228	156.1
31.75	-9.266	-33.769	148.6
31.76	-9.299	-42.455	153.1
31.77	-9.328	-48.022	171.8
31.78	-9.346	-50.169	148.5
31.79	-9.354	-50.720	124.9
31.8	-9.353	-50.144	140.7
31.81	-9.348	-48.078	155.5
31.82	-9.338	-45.217	172.9
31.83	-9.319	-43.377	152.0
31.84	-9.296	-42.650	111.8
31.85	-9.273	-42.217	148.4
31.86	-9.258	-43.483	280.5
31.87	-9.249	-46.991	352.8
31.88	-9.242	-49.839	262.3
31.89	-9.236	-50.417	151.1
31.9	-9.229	-49.644	104.5
31.91	-9.214	-47.747	122.1
31.92	-9.195	-44.970	157.9
31.93	-9.180	-42.616	175.7
31.94	-9.171	-41.431	183.4
31.95	-9.168	-40.253	168.2
31.96	-9.168	-36.333	164.3
31.97	-9.171	-29.764	178.3
31.98	-9.172	-21.489	173.4
31.99	-9.175	-8.706	180.4
32.0	-9.178	11.400	218.5
32.01	-9.182	34.034	223.8
32.02	-9.183	47.730	199.1
32.03	-9.181	50.994	202.6
32.04	-9.171	51.131	236.3
32.05	-9.148	51.139	264.4
32.06	-9.111	51.136	285.7
32.07	-9.059	51.086	306.0
32.08	-8.998	49.630	325.0
32.09	-8.928	42.113	338.4
32.1	-8.844	26.267	335.5
32.11	-8.739	8.500	333.6
32.12	-8.606	-5.261	320.3
32.13	-8.447	-16.572	283.9
32.14	-8.276	-28.181	242.3
32.15	-8.110	-38.323	205.5
32.16	-7.955	-41.572	186.3
32.17	-7.813	-40.119	181.6
32.18	-7.694	-39.827	176.2
32.19	-7.612	-38.059	176.2
32.2	-7.566	-32.797	184.4
32.21	-7.549	-25.961	191.1
32.22	-7.551	-18.773	186.2
32.23	-7.570	-11.928	174.8
32.24	-7.602	-6.936	180.0
32.25	-7.639	-6.317	186.9
32.26	-7.671	-7.914	180.1
32.27	-7.693	-7.022	185.4
32.28	-7.701	-3.578	200.2
32.29	-7.698	0.377	192.6
32.3	-7.684	3.502	183.9
32.31	-7.661	3.434	187.8
32.32	-7.626	-2.441	196.3
32.33	-7.580	-14.730	195.2
32.34	-7.526	-28.172	199.2
32.35	-7.464	-34.575	220.2
32.36	-7.398	-34.850	207.8
32.37	-7.326	-36.125	191.9
32.38	-7.249	-39.813	211.5
32.39	-7.173	-42.327	236.4
32.4	-7.098	-42.370	245.3
32.41	-7.029	-40.948	226.4
32.42	-6.964	-39.500	200.6
32.43	-6.901	-39.005	187.2
32.44	-6.842	-38.406	186.8
32.45	-6.783	-37.488	183.2
32.46	-6.721	-35.998	174.7
32.47	-6.655	-34.192	190.7
32.48	-6.586	-35.138	237.8
32.49	-6.518	-40.884	342.6
32.5	-6.456	-47.716	426.3
32.51	-6.398	-50.750	341.0
32.52	-6.348	-51.128	201.4
32.53	-6.304	-51.091	162.9
32.54	-6.267	-50.269	178.2
32.55	-6.239	-46.852	192.7
32.56	-6.219	-39.878	200.3
32.57	-6.208	-32.475	200.8
32.58	-6.206	-27.098	207.3
32.59	-6.209	-19.752	213.6
32.6	-6.214	-5.472	215.4
32.61	-6.220	16.538	220.1
32.62	-6.227	38.289	225.6
32.63	-6.236	49.159	231.8
32.64	-6.246	51.080	244.8
32.65	-6.259	51.048	253.0
32.66	-6.272	48.252	256.1
32.67	-6.284	35.427	277.2
32.68	-6.293	16.738	304.3
32.69	-6.298	-1.675	326.6
32.7	-6.301	-18.253	344.8
32.71	-6.305	-24.514	361.7
32.72	-6.309	-20.798	391.3
32.73	-6.313	-13.125	417.5
32.74	-6.317	-4.491	410.6
32.75	-6.322	2.997	374.3
32.76	-6.330	9.986	328.2
32.77	-6.340	18.194	272.8
32.78	-6.350	27.722	214.1
32.79	-6.357	36.022	180.4
32.8	-6.361	40.095	172.7
32.81	-6.360	39.019	160.3
32.82	-6.353	33.850	149.4
32.83	-6.341	27.869	160.5
32.84	-6.326	24.311	168.0
32.85	-6.310	21.761	158.5
32.86	-6.296	26.394	159.2
32.87	-6.286	39.545	165.1
32.88	-6.280	44.692	165.3
32.89	-6.276	41.352	169.9
32.9	-6.273	40.823	180.9
32.91	-6.268	42.289	192.8
32.92	-6.263	43.108	190.5
32.93	-6.259	40.713	183.3
32.94	-6.257	34.628	184.8
32.95	-6.254	29.580	188.6
32.96	-6.251	24.267	192.7
32.97	-6.247	15.452	187.7
32.98	-6.242	4.700	191.8
32.99	-6.237	-4.203	204.6
33.0	-6.233	-8.772	205.7
33.01	-6.230	-11.455	210.0
33.02	-6.229	-5.163	218.8
33.03	-6.228	20.028	231.6
33.04	-6.228	44.017	247.8
33.05	-6.231	50.645	254.8
33.06	-6.235	47.822	251.9
33.07	-6.242	39.036	230.4
33.08	-6.253	28.719	201.8
33.09	-6.267	18.073	188.7
33.1	-6.283	-0.741	190.5
33.11	-6.300	-26.978	189.6
33.12	-6.312	-45.566	196.6
33.13	-6.317	-50.645	215.4
33.14	-6.318	-49.977	245.7
33.15	-6.321	-47.898	345.8
33.16	-6.330	-44.833	421.9
33.17	-6.343	-38.611	327.9
33.18	-6.357	-28.581	187.6
33.19	-6.365	-16.102	145.3
33.2	-6.365	-6.927	163.2
33.21	-6.360	-9.236	175.7
33.22	-6.354	-22.964	183.7
33.23	-6.351	-39.425	186.8
33.24	-6.350	-48.848	174.9
33.25	-6.350	-50.856	171.7
33.26	-6.350	-47.753	183.9
33.27	-6.350	-32.670	192.8
33.28	-6.349	-0.903	197.4
33.29	-6.345	32.267	209.7
33.3	-6.339	48.356	209.8
33.31	-6.333	51.064	203.8
33.32	-6.328	51.127	216.5
33.33	-6.324	51.022	238.4
33.34	-6.320	47.723	263.6
33.35	-6.318	32.136	285.3
33.36	-6.317	4.855	310.4
33.37	-6.316	-22.252	338.9
33.38	-6.312	-41.639	350.5
33.39	-6.303	-49.981	353.8
33.4	-6.294	-51.125	357.3
33.41	-6.286	-51.141	340.0
33.42	-6.283	-51.141	289.7
33.43	-6.284	-51.141	226.3
33.44	-6.284	-51.139	173.1
33.45	-6.284	-50.867	136.8
33.46	-6.284	-48.639	114.6
33.47	-6.286	-41.102	93.5
33.48	-6.288	-29.394	85.6
33.49	-6.289	-22.470	95.0
33.5	-6.293	-24.638	98.8
33.51	-6.297	-29.017	98.7
33.52	-6.299	-28.652	110.8
33.53	-6.301	-25.102	115.0
33.54	-6.302	-22.414	105.8
33.55	-6.302	-19.588	104.8
33.56	-6.299	-16.152	100.3
33.57	-6.296	-11.147	99.5
33.58	-6.294	1.811	107.4
33.59	-6.295	24.416	101.5
33.6	-6.298	40.463	98.0
33.61	-6.301	36.442	102.3
33.62	-6.304	21.158	108.2
33.63	-6.307	4.189	107.3
33.64	-6.310	-12.320	104.9
33.65	-6.314	-20.661	103.9
33.66	-6.320	-15.278	98.3
33.67	-6.327	-2.878	94.3
33.68	-6.334	13.884	88.0
33.69	-6.341	29.988	95.5
33.7	-6.346	32.214	116.0
33.71	-6.349	16.920	125.3
33.72	-6.352	-4.038	137.1
33.73	-6.355	-12.372	141.2
33.74	-6.358	-8.792	123.9
33.75	-6.362	-8.848	123.8
33.76	-6.369	-12.511	121.9
33.77	-6.374	-13.102	97.4
33.78	-6.381	-11.891	81.0
33.79	-6.389	-7.748	79.4
33.8	-6.399	0.066	83.3
33.81	-6.409	11.397	77.3
33.82	-6.416	27.120	80.8
33.83	-6.424	41.670	146.7
33.84	-6.436	48.533	278.5
33.85	-6.453	50.055	319.2
33.86	-6.472	50.659	189.1
33.87	-6.490	50.864	66.2
33.88	-6.504	49.403	47.9
33.89	-6.516	44.713	73.1
33.9	-6.527	39.152	90.0
33.91	-6.541	38.128	91.5
33.92	-6.555	38.752	85.4
33.93	-6.569	32.722	83.5
33.94	-6.584	25.994	90.5
33.95	-6.598	26.120	98.7
33.96	-6.612	29.755	117.0
33.97	-6.626	32.222	130.4
33.98	-6.638	28.883	121.8
33.99	-6.649	26.347	110.6
34.0	-6.659	33.702	124.8
34.01	-6.669	44.642	140.8
34.02	-6.680	50.203	150.1
34.03	-6.691	51.127	181.1
34.04	-6.704	51.134	207.1
34.05	-6.718	51.122	223.9
34.06	-6.732	49.841	250.3
34.07	-6.745	39.691	281.7
34.08	-6.755	15.520	290.8
34.09	-6.763	-13.609	272.1
34.1	-6.771	-36.620	252.0
34.11	-6.782	-48.356	208.7
34.12	-6.798	-51.013	144.0
34.13	-6.816	-51.136	97.6
34.14	-6.838	-51.141	66.5
