Interval=	0.01 s
ExcelDateTime=	3.9770548296338471e+004	18/11/2008 13:09:32.803644
TimeFormat=	StartOfBlock
ChannelTitle=	Channel 1	Channel 2	Channel 3
Range=	20.000 mV	50.000 mV	1000.0 µV
0.0	-8.676	-11.355	-7.5
0.01	-8.674	-11.289	-22.2
0.02	-8.672	-11.242	-31.7
0.03	-8.669	-11.202	-30.3
0.04	-8.666	-11.166	-19.2
0.05	-8.664	-11.142	-4.4
0.06	-8.662	-11.134	1.0
0.07	-8.661	-11.145	-6.6
0.08	-8.661	-11.164	-14.3
0.09	-8.660	-11.155	-29.5
0.1	-8.661	-11.111	-50.3
0.11	-8.664	-11.080	-56.1
0.12	-8.669	-11.070	-54.9
0.13	-8.676	-11.063	-53.6
0.14	-8.683	-11.063	-40.1
0.15	-8.691	-11.078	-3.1
0.16	-8.704	-11.109	118.5
0.17	-8.719	-11.105	252.4
0.18	-8.739	-11.061	182.1
0.19	-8.759	-11.036	-4.3
0.2	-8.778	-11.044	-81.3
0.21	-8.794	-11.066	-69.9
0.22	-8.806	-11.119	-52.1
0.23	-8.818	-11.213	-45.1
0.24	-8.828	-11.334	-42.8
0.25	-8.837	-11.420	-41.4
0.26	-8.848	-11.330	-36.0
0.27	-8.860	-10.848	-25.5
0.28	-8.873	-9.680	-22.1
0.29	-8.887	-7.570	-21.1
0.3	-8.902	-4.698	-14.2
0.31	-8.918	-1.773	-8.0
0.32	-8.933	0.414	1.2
0.33	-8.947	1.444	13.2
0.34	-8.961	1.352	24.8
0.35	-8.974	0.386	43.0
0.36	-8.988	-1.170	67.2
0.37	-9.003	-2.989	100.1
0.38	-9.021	-4.778	136.7
0.39	-9.041	-6.384	166.5
0.4	-9.063	-7.734	198.8
0.41	-9.085	-8.770	222.9
0.42	-9.107	-9.461	228.3
0.43	-9.129	-9.831	212.0
0.44	-9.152	-9.963	165.1
0.45	-9.175	-9.925	95.6
0.46	-9.199	-9.745	24.7
0.47	-9.224	-9.458	-32.8
0.48	-9.247	-9.148	-69.2
0.49	-9.267	-8.916	-89.8
0.5	-9.287	-8.863	-99.1
0.51	-9.308	-9.067	-105.5
0.52	-9.328	-9.513	-107.8
0.53	-9.346	-10.095	-104.0
0.54	-9.362	-10.647	-103.4
0.55	-9.377	-10.998	-98.1
0.56	-9.393	-11.063	-87.7
0.57	-9.409	-10.856	-81.5
0.58	-9.428	-10.489	-78.7
0.59	-9.447	-10.066	-75.6
0.6	-9.465	-9.666	-70.5
0.61	-9.481	-9.366	-66.1
0.62	-9.498	-9.198	-61.0
0.63	-9.513	-9.164	-59.8
0.64	-9.527	-9.259	-62.6
0.65	-9.541	-9.461	-61.7
0.66	-9.553	-9.738	-55.1
0.67	-9.563	-10.036	-48.9
0.68	-9.573	-10.319	-46.6
0.69	-9.583	-10.572	-46.3
0.7	-9.594	-10.769	-43.8
0.71	-9.605	-10.902	-43.4
0.72	-9.617	-11.003	-43.2
0.73	-9.630	-11.114	-42.2
0.74	-9.643	-11.244	-45.2
0.75	-9.655	-11.375	-47.5
0.76	-9.666	-11.497	-47.0
0.77	-9.676	-11.597	-45.4
0.78	-9.686	-11.669	-44.3
0.79	-9.696	-11.705	-46.9
0.8	-9.706	-11.708	-48.3
0.81	-9.713	-11.703	-50.2
0.82	-9.721	-11.723	-50.6
0.83	-9.729	-11.755	-52.0
0.84	-9.741	-11.761	-53.7
0.85	-9.752	-11.714	-48.4
0.86	-9.766	-11.641	-38.7
0.87	-9.781	-11.578	-30.1
0.88	-9.799	-11.536	-22.3
0.89	-9.817	-11.508	-12.8
0.9	-9.836	-11.481	-6.2
0.91	-9.854	-11.456	-6.7
0.92	-9.872	-11.423	-17.0
0.93	-9.888	-11.370	-39.3
0.94	-9.903	-11.291	-64.0
0.95	-9.918	-11.194	-82.1
0.96	-9.935	-11.125	-90.7
0.97	-9.952	-11.097	-93.0
0.98	-9.967	-11.089	-90.3
0.99	-9.979	-11.088	-82.2
1.0	-9.989	-11.083	-40.4
1.01	-10.000	-11.095	105.1
1.02	-10.015	-11.138	228.2
1.03	-10.031	-11.180	115.4
1.04	-10.039	-11.230	-75.6
1.05	-10.044	-11.245	-129.1
1.06	-10.046	-11.200	-98.9
1.07	-10.046	-11.167	-74.0
1.08	-10.039	-11.163	-62.0
1.09	-10.028	-11.178	-56.9
1.1	-10.019	-11.234	-52.3
1.11	-10.015	-11.239	-43.0
1.12	-10.013	-11.063	-37.0
1.13	-10.010	-10.567	-30.8
1.14	-10.006	-9.545	-19.1
1.15	-10.001	-7.764	-13.9
1.16	-9.993	-5.283	-10.7
1.17	-9.983	-2.695	2.7
1.18	-9.969	-0.731	23.0
1.19	-9.954	0.225	34.8
1.2	-9.935	0.123	43.6
1.21	-9.914	-0.833	67.3
1.22	-9.893	-2.352	93.1
1.23	-9.871	-4.150	123.8
1.24	-9.849	-5.936	160.9
1.25	-9.827	-7.445	187.2
1.26	-9.804	-8.506	209.2
1.27	-9.779	-9.161	214.6
1.28	-9.754	-9.547	188.7
1.29	-9.729	-9.697	136.3
1.3	-9.709	-9.645	72.8
1.31	-9.691	-9.497	12.3
1.32	-9.672	-9.408	-43.6
1.33	-9.651	-9.466	-78.9
1.34	-9.627	-9.656	-87.0
1.35	-9.604	-9.944	-93.6
1.36	-9.578	-10.323	-99.8
1.37	-9.551	-10.773	-98.4
1.38	-9.524	-11.202	-96.8
1.39	-9.499	-11.494	-89.9
1.4	-9.476	-11.573	-79.7
1.41	-9.453	-11.413	-75.8
1.42	-9.428	-11.075	-68.5
1.43	-9.401	-10.678	-55.7
1.44	-9.372	-10.281	-45.3
1.45	-9.338	-9.927	-38.3
1.46	-9.302	-9.677	-32.2
1.47	-9.267	-9.547	-25.1
1.48	-9.233	-9.527	-18.7
1.49	-9.201	-9.605	-14.0
1.5	-9.169	-9.784	-4.1
1.51	-9.141	-10.069	12.6
1.52	-9.114	-10.406	36.5
1.53	-9.088	-10.736	50.0
1.54	-9.061	-11.030	48.8
1.55	-9.036	-11.284	48.2
1.56	-9.011	-11.514	41.5
1.57	-8.986	-11.702	28.1
1.58	-8.961	-11.833	10.8
1.59	-8.938	-11.923	-0.5
1.6	-8.916	-11.991	-0.2
1.61	-8.894	-12.048	-0.5
1.62	-8.873	-12.063	-0.6
1.63	-8.853	-11.991	3.7
1.64	-8.834	-11.869	11.4
1.65	-8.816	-11.750	12.2
1.66	-8.799	-11.653	10.0
1.67	-8.784	-11.600	10.7
1.68	-8.769	-11.600	12.2
1.69	-8.754	-11.617	19.3
1.7	-8.741	-11.638	28.9
1.71	-8.727	-11.652	33.3
1.72	-8.713	-11.644	33.5
1.73	-8.697	-11.602	30.9
1.74	-8.681	-11.523	14.3
1.75	-8.664	-11.422	-15.5
1.76	-8.648	-11.330	-39.4
1.77	-8.634	-11.275	-46.3
1.78	-8.621	-11.244	-44.9
1.79	-8.609	-11.233	-49.9
1.8	-8.596	-11.252	-45.8
1.81	-8.580	-11.275	-23.5
1.82	-8.565	-11.277	71.3
1.83	-8.554	-11.250	228.2
1.84	-8.547	-11.205	221.7
1.85	-8.537	-11.202	31.2
1.86	-8.527	-11.244	-96.4
1.87	-8.516	-11.234	-101.7
1.88	-8.502	-11.197	-73.5
1.89	-8.485	-11.197	-56.9
1.9	-8.466	-11.242	-52.5
1.91	-8.448	-11.295	-51.8
1.92	-8.431	-11.267	-45.7
1.93	-8.415	-11.063	-37.4
1.94	-8.399	-10.525	-32.5
1.95	-8.381	-9.367	-28.5
1.96	-8.364	-7.372	-21.8
1.97	-8.346	-4.744	-16.7
1.98	-8.326	-2.163	-12.4
1.99	-8.306	-0.322	2.1
2.0	-8.284	0.461	20.6
2.01	-8.260	0.230	37.3
2.02	-8.236	-0.797	59.5
2.03	-8.213	-2.288	87.9
2.04	-8.193	-3.922	125.8
2.05	-8.175	-5.513	167.7
2.06	-8.159	-6.967	207.8
2.07	-8.143	-8.181	239.1
2.08	-8.129	-9.081	259.5
2.09	-8.116	-9.669	263.1
2.1	-8.104	-10.006	226.5
2.11	-8.094	-10.153	151.6
2.12	-8.085	-10.138	70.4
2.13	-8.079	-9.973	7.6
2.14	-8.072	-9.719	-27.2
2.15	-8.063	-9.492	-48.0
2.16	-8.053	-9.423	-67.0
2.17	-8.044	-9.589	-74.0
2.18	-8.033	-10.008	-67.7
2.19	-8.021	-10.606	-66.7
2.2	-8.010	-11.203	-72.9
2.21	-8.000	-11.616	-75.3
2.22	-7.992	-11.750	-74.8
2.23	-7.986	-11.589	-75.0
2.24	-7.981	-11.200	-73.0
2.25	-7.974	-10.725	-63.5
2.26	-7.968	-10.288	-61.6
2.27	-7.961	-9.945	-64.7
2.28	-7.955	-9.711	-56.7
2.29	-7.949	-9.577	-56.6
2.3	-7.945	-9.542	-63.8
2.31	-7.941	-9.613	-67.6
2.32	-7.934	-9.775	-67.4
2.33	-7.928	-10.014	-69.2
2.34	-7.920	-10.309	-75.5
2.35	-7.912	-10.613	-75.9
2.36	-7.904	-10.870	-72.4
2.37	-7.899	-11.059	-74.2
2.38	-7.894	-11.219	-76.8
2.39	-7.891	-11.378	-77.3
2.4	-7.889	-11.534	-77.0
2.41	-7.889	-11.667	-77.7
2.42	-7.891	-11.780	-79.4
2.43	-7.893	-11.877	-81.9
2.44	-7.896	-11.927	-82.5
2.45	-7.899	-11.927	-81.5
2.46	-7.901	-11.900	-84.6
2.47	-7.902	-11.881	-88.0
2.48	-7.902	-11.872	-90.9
2.49	-7.903	-11.844	-91.7
2.5	-7.904	-11.814	-90.1
2.51	-7.902	-11.805	-96.1
2.52	-7.901	-11.805	-101.8
2.53	-7.898	-11.806	-97.7
2.54	-7.894	-11.827	-85.1
2.55	-7.888	-11.869	-78.5
2.56	-7.880	-11.903	-72.1
2.57	-7.871	-11.908	-52.2
2.58	-7.861	-11.906	-32.1
2.59	-7.851	-11.908	-18.3
2.6	-7.839	-11.905	-13.2
2.61	-7.828	-11.898	-20.8
2.62	-7.817	-11.905	-32.3
2.63	-7.808	-11.902	-39.1
2.64	-7.798	-11.877	-37.9
2.65	-7.789	-11.841	-29.0
2.66	-7.778	-11.777	-17.9
2.67	-7.765	-11.708	-6.1
2.68	-7.749	-11.672	29.1
2.69	-7.732	-11.642	153.4
2.7	-7.716	-11.573	295.0
2.71	-7.702	-11.500	234.7
2.72	-7.688	-11.470	47.8
2.73	-7.674	-11.431	-38.0
2.74	-7.657	-11.358	-24.1
2.75	-7.637	-11.305	6.6
2.76	-7.616	-11.339	27.8
2.77	-7.593	-11.461	43.7
2.78	-7.568	-11.572	51.5
2.79	-7.544	-11.519	53.7
2.8	-7.519	-11.134	57.4
2.81	-7.495	-10.150	57.0
2.82	-7.471	-8.253	60.4
2.83	-7.447	-5.473	68.5
2.84	-7.424	-2.463	72.9
2.85	-7.403	-0.058	77.1
2.86	-7.385	1.259	87.0
2.87	-7.369	1.408	101.4
2.88	-7.355	0.581	114.8
2.89	-7.344	-0.867	126.3
2.9	-7.338	-2.616	149.8
2.91	-7.337	-4.419	184.3
2.92	-7.340	-6.105	212.6
2.93	-7.344	-7.553	225.4
2.94	-7.350	-8.659	230.0
2.95	-7.359	-9.388	228.1
2.96	-7.370	-9.783	202.4
2.97	-7.381	-9.919	135.8
2.98	-7.394	-9.863	52.7
2.99	-7.409	-9.652	-25.6
3.0	-7.424	-9.323	-99.5
3.01	-7.438	-8.963	-156.3
3.02	-7.448	-8.659	-192.7
3.03	-7.456	-8.523	-212.8
3.04	-7.465	-8.672	-222.4
3.05	-7.473	-9.139	-231.5
3.06	-7.478	-9.838	-234.5
3.07	-7.482	-10.555	-227.3
3.08	-7.488	-11.086	-218.4
3.09	-7.496	-11.338	-206.7
3.1	-7.505	-11.297	-189.3
3.11	-7.514	-11.031	-175.7
3.12	-7.521	-10.664	-166.6
3.13	-7.525	-10.322	-156.8
3.14	-7.528	-10.100	-146.6
3.15	-7.530	-10.008	-139.8
3.16	-7.532	-9.991	-135.9
3.17	-7.534	-10.016	-128.3
3.18	-7.539	-10.067	-117.8
3.19	-7.544	-10.181	-112.7
3.2	-7.548	-10.391	-103.5
3.21	-7.551	-10.638	-85.4
3.22	-7.555	-10.850	-77.3
3.23	-7.558	-11.016	-81.3
3.24	-7.561	-11.152	-77.7
3.25	-7.565	-11.289	-70.7
3.26	-7.569	-11.506	-67.9
3.27	-7.572	-11.784	-67.2
3.28	-7.577	-11.973	-66.2
3.29	-7.581	-12.047	-62.9
3.3	-7.585	-12.088	-55.1
3.31	-7.589	-12.109	-51.2
3.32	-7.593	-12.113	-51.4
3.33	-7.598	-12.083	-46.6
3.34	-7.601	-11.997	-43.5
3.35	-7.606	-11.902	-42.6
3.36	-7.610	-11.850	-43.9
3.37	-7.614	-11.833	-46.1
3.38	-7.618	-11.827	-42.3
3.39	-7.621	-11.814	-41.4
3.4	-7.624	-11.791	-38.3
3.41	-7.628	-11.764	-33.2
3.42	-7.632	-11.733	-35.8
3.43	-7.636	-11.705	-31.4
3.44	-7.639	-11.678	-20.5
3.45	-7.643	-11.627	-16.2
3.46	-7.646	-11.550	-5.3
3.47	-7.649	-11.477	10.3
3.48	-7.652	-11.428	18.0
3.49	-7.655	-11.409	11.5
3.5	-7.657	-11.423	-6.4
3.51	-7.659	-11.459	-25.1
3.52	-7.661	-11.497	-41.2
3.53	-7.664	-11.508	-49.2
3.54	-7.667	-11.481	-47.9
3.55	-7.670	-11.433	-45.3
3.56	-7.671	-11.389	-36.5
3.57	-7.670	-11.372	-12.9
3.58	-7.669	-11.389	84.3
3.59	-7.671	-11.403	240.2
3.6	-7.676	-11.400	237.3
3.61	-7.683	-11.414	53.8
3.62	-7.688	-11.439	-68.7
3.63	-7.690	-11.442	-65.4
3.64	-7.688	-11.431	-34.1
3.65	-7.683	-11.433	-22.6
3.66	-7.678	-11.470	-22.3
3.67	-7.673	-11.503	-22.2
3.68	-7.668	-11.433	-18.3
3.69	-7.666	-11.122	-14.8
3.7	-7.665	-10.347	-5.6
3.71	-7.665	-8.811	6.4
3.72	-7.665	-6.361	12.5
3.73	-7.664	-3.378	21.1
3.74	-7.663	-0.653	30.5
3.75	-7.661	1.138	38.7
3.76	-7.658	1.725	48.9
3.77	-7.654	1.220	61.4
3.78	-7.649	-0.066	79.1
3.79	-7.646	-1.798	102.6
3.8	-7.643	-3.680	138.3
3.81	-7.643	-5.480	179.2
3.82	-7.644	-7.052	207.9
3.83	-7.646	-8.314	226.5
3.84	-7.649	-9.239	241.4
3.85	-7.652	-9.838	240.6
3.86	-7.656	-10.159	206.9
3.87	-7.660	-10.277	138.7
3.88	-7.666	-10.248	62.0
3.89	-7.673	-10.097	-6.9
3.9	-7.680	-9.863	-59.7
3.91	-7.685	-9.625	-81.4
3.92	-7.689	-9.475	-86.9
3.93	-7.694	-9.489	-95.1
3.94	-7.699	-9.714	-97.8
3.95	-7.702	-10.167	-101.2
3.96	-7.704	-10.752	-104.0
3.97	-7.708	-11.258	-99.6
3.98	-7.713	-11.509	-99.4
3.99	-7.721	-11.456	-96.5
4.0	-7.730	-11.178	-84.1
4.01	-7.738	-10.813	-78.0
4.02	-7.746	-10.444	-78.7
4.03	-7.751	-10.139	-77.3
4.04	-7.756	-9.980	-74.1
4.05	-7.761	-9.953	-72.0
4.06	-7.768	-9.992	-70.4
4.07	-7.774	-10.092	-71.4
4.08	-7.780	-10.278	-72.4
4.09	-7.786	-10.523	-69.1
4.1	-7.791	-10.772	-67.2
4.11	-7.795	-10.980	-68.3
4.12	-7.799	-11.153	-67.4
4.13	-7.804	-11.298	-67.4
4.14	-7.809	-11.422	-67.3
4.15	-7.816	-11.552	-65.8
4.16	-7.823	-11.717	-65.4
4.17	-7.830	-11.905	-69.1
4.18	-7.839	-12.092	-69.1
4.19	-7.848	-12.264	-62.8
4.2	-7.860	-12.405	-59.9
4.21	-7.873	-12.478	-65.7
4.22	-7.888	-12.463	-69.1
4.23	-7.903	-12.380	-65.6
4.24	-7.919	-12.266	-63.1
4.25	-7.935	-12.158	-63.3
4.26	-7.951	-12.072	-64.4
4.27	-7.968	-12.019	-67.5
4.28	-7.983	-12.016	-63.1
4.29	-7.999	-12.031	-57.3
4.3	-8.015	-12.023	-58.6
4.31	-8.031	-12.014	-57.6
4.32	-8.047	-12.027	-54.7
4.33	-8.063	-12.025	-53.3
4.34	-8.080	-11.984	-57.2
4.35	-8.096	-11.928	-61.7
4.36	-8.113	-11.878	-52.6
4.37	-8.131	-11.838	-41.2
4.38	-8.148	-11.792	-36.1
4.39	-8.164	-11.745	-25.8
4.4	-8.181	-11.736	-10.8
4.41	-8.199	-11.755	-2.1
4.42	-8.218	-11.719	-0.7
4.43	-8.238	-11.616	-10.8
4.44	-8.258	-11.509	-31.6
4.45	-8.276	-11.436	-46.9
4.46	-8.296	-11.372	-51.2
4.47	-8.316	-11.319	-50.0
4.48	-8.338	-11.311	-48.7
4.49	-8.359	-11.361	-46.6
4.5	-8.378	-11.447	-32.0
4.51	-8.398	-11.530	36.3
4.52	-8.419	-11.625	196.7
4.53	-8.443	-11.755	273.8
4.54	-8.467	-11.892	123.3
4.55	-8.491	-11.992	-46.5
4.56	-8.511	-12.030	-78.1
4.57	-8.526	-12.022	-52.7
4.58	-8.539	-12.003	-37.7
4.59	-8.549	-11.992	-34.5
4.6	-8.561	-12.016	-29.3
4.61	-8.573	-12.017	-18.8
4.62	-8.588	-11.866	-12.3
4.63	-8.605	-11.398	-9.5
4.64	-8.622	-10.391	-3.2
4.65	-8.638	-8.527	3.4
4.66	-8.655	-5.789	10.1
4.67	-8.672	-2.809	17.5
4.68	-8.688	-0.452	26.9
4.69	-8.702	0.789	38.1
4.7	-8.714	0.859	52.5
4.71	-8.726	-0.019	70.0
4.72	-8.740	-1.500	94.2
4.73	-8.756	-3.195	125.6
4.74	-8.773	-4.773	157.8
4.75	-8.792	-6.005	187.5
4.76	-8.811	-6.698	209.6
4.77	-8.831	-6.870	225.0
4.78	-8.854	-6.889	234.8
4.79	-8.876	-7.145	216.9
4.8	-8.898	-7.709	162.5
4.81	-8.920	-8.572	88.6
4.82	-8.944	-9.581	19.6
4.83	-8.967	-10.284	-39.1
4.84	-8.988	-10.150	-85.8
4.85	-9.008	-8.548	-103.4
4.86	-9.027	-6.525	-105.1
4.87	-9.046	-6.570	-108.8
4.88	-9.062	-8.505	-108.8
4.89	-9.077	-10.255	-111.0
4.9	-9.091	-11.041	-105.9
4.91	-9.106	-11.164	-95.3
4.92	-9.122	-11.034	-93.0
4.93	-9.138	-10.939	-89.8
4.94	-9.156	-11.267	-88.6
4.95	-9.174	-12.236	-93.0
4.96	-9.194	-13.770	-86.0
4.97	-9.213	-15.677	-74.1
4.98	-9.230	-17.864	-73.0
4.99	-9.245	-20.263	-75.6
5.0	-9.258	-22.609	-71.9
5.01	-9.269	-24.447	-66.1
5.02	-9.280	-25.319	-69.5
5.03	-9.291	-25.708	-77.6
5.04	-9.302	-26.777	-82.0
5.05	-9.314	-28.402	-84.8
5.06	-9.326	-29.623	-79.3
5.07	-9.339	-30.694	-71.6
5.08	-9.352	-31.784	-70.1
5.09	-9.364	-31.844	-72.3
5.1	-9.375	-30.763	-76.7
5.11	-9.386	-29.620	-77.6
5.12	-9.397	-28.909	-77.5
5.13	-9.407	-28.172	-74.7
5.14	-9.416	-26.806	-73.7
5.15	-9.424	-24.661	-75.7
5.16	-9.431	-22.094	-68.2
5.17	-9.436	-20.150	-68.1
5.18	-9.439	-19.263	-71.2
5.19	-9.440	-18.258	-67.5
5.2	-9.438	-16.269	-64.1
5.21	-9.434	-13.755	-66.4
5.22	-9.426	-11.363	-70.6
5.23	-9.417	-9.628	-70.4
5.24	-9.404	-8.834	-61.9
5.25	-9.389	-8.102	-48.2
5.26	-9.374	-6.433	-43.1
5.27	-9.357	-4.123	-33.7
5.28	-9.339	-2.105	-8.2
5.29	-9.320	-1.300	3.7
5.3	-9.299	-1.972	-9.3
5.31	-9.277	-2.945	-28.0
5.32	-9.256	-2.988	-40.7
5.33	-9.235	-2.570	-53.2
5.34	-9.217	-3.205	-60.5
5.35	-9.200	-5.183	-56.2
5.36	-9.184	-7.467	-48.8
5.37	-9.165	-9.531	-37.1
5.38	-9.146	-11.791	12.4
5.39	-9.127	-14.498	163.3
5.4	-9.114	-16.944	273.6
5.41	-9.102	-18.852	141.4
5.42	-9.086	-21.220	-51.7
5.43	-9.066	-24.347	-101.5
5.44	-9.047	-27.136	-70.8
5.45	-9.026	-28.813	-47.8
5.46	-9.002	-29.445	-49.6
5.47	-8.976	-29.080	-44.5
5.48	-8.952	-27.725	-31.6
5.49	-8.933	-25.622	-34.9
5.5	-8.916	-22.975	-35.0
5.51	-8.899	-20.083	-28.2
5.52	-8.884	-17.170	-24.7
5.53	-8.869	-14.066	-15.8
5.54	-8.855	-10.780	-1.5
5.55	-8.841	-7.783	7.4
5.56	-8.828	-5.541	17.6
5.57	-8.814	-4.480	33.7
5.58	-8.800	-4.877	51.2
5.59	-8.786	-6.056	75.0
5.6	-8.774	-6.781	105.7
5.61	-8.763	-6.808	135.8
5.62	-8.754	-7.431	171.0
5.63	-8.746	-9.423	197.6
5.64	-8.739	-11.698	213.2
5.65	-8.732	-13.102	224.7
5.66	-8.725	-13.684	209.8
5.67	-8.719	-13.930	161.2
5.68	-8.717	-13.853	94.9
5.69	-8.719	-13.523	24.7
5.7	-8.718	-13.316	-39.2
5.71	-8.714	-13.450	-84.6
5.72	-8.711	-13.861	-102.7
5.73	-8.706	-14.359	-108.9
5.74	-8.700	-14.770	-110.3
5.75	-8.693	-14.822	-111.4
5.76	-8.685	-14.689	-111.7
5.77	-8.680	-14.639	-108.0
5.78	-8.677	-14.189	-102.9
5.79	-8.676	-13.191	-94.3
5.8	-8.674	-12.152	-96.6
5.81	-8.672	-11.288	-99.4
5.82	-8.670	-10.744	-91.6
5.83	-8.668	-10.583	-89.1
5.84	-8.666	-10.542	-86.3
5.85	-8.664	-10.219	-79.0
5.86	-8.661	-9.495	-73.4
5.87	-8.658	-8.477	-76.9
5.88	-8.654	-7.313	-82.1
5.89	-8.650	-6.616	-84.0
5.9	-8.646	-6.683	-83.8
5.91	-8.643	-7.280	-80.0
5.92	-8.638	-8.327	-81.0
5.93	-8.635	-9.469	-82.0
5.94	-8.632	-10.500	-76.9
5.95	-8.629	-12.070	-68.4
5.96	-8.627	-14.120	-66.3
5.97	-8.625	-15.394	-72.4
5.98	-8.623	-15.306	-73.8
5.99	-8.621	-14.125	-75.1
6.0	-8.620	-12.331	-78.1
6.01	-8.618	-10.591	-75.7
6.02	-8.616	-9.355	-69.6
6.03	-8.614	-8.666	-68.3
6.04	-8.612	-8.473	-62.3
6.05	-8.611	-8.900	-51.4
6.06	-8.609	-10.153	-52.3
6.07	-8.608	-11.809	-60.4
6.08	-8.607	-12.947	-60.7
6.09	-8.606	-13.216	-53.7
6.1	-8.604	-12.797	-46.8
6.11	-8.602	-11.959	-37.7
6.12	-8.599	-10.963	-17.0
6.13	-8.596	-10.059	0.7
6.14	-8.591	-9.523	2.5
6.15	-8.587	-9.472	-2.8
6.16	-8.582	-9.972	-12.8
6.17	-8.578	-10.873	-32.4
6.18	-8.574	-11.584	-52.3
6.19	-8.570	-11.603	-62.3
6.2	-8.568	-10.884	-60.3
6.21	-8.564	-9.919	-50.8
6.22	-8.558	-9.375	-37.8
6.23	-8.552	-9.228	-1.1
6.24	-8.547	-9.077	125.9
6.25	-8.547	-8.989	263.6
6.26	-8.549	-9.317	190.8
6.27	-8.550	-10.100	-4.9
6.28	-8.549	-10.888	-83.6
6.29	-8.545	-11.334	-67.8
6.3	-8.538	-11.464	-45.8
6.31	-8.529	-11.189	-36.0
6.32	-8.520	-10.650	-34.3
6.33	-8.510	-10.322	-32.6
6.34	-8.503	-10.050	-28.6
6.35	-8.498	-9.458	-24.7
6.36	-8.492	-8.728	-22.6
6.37	-8.488	-7.806	-13.5
6.38	-8.483	-6.431	-2.8
6.39	-8.479	-4.747	5.9
6.4	-8.474	-3.056	14.5
6.41	-8.467	-1.839	25.5
6.42	-8.461	-1.577	39.3
6.43	-8.453	-2.311	50.8
6.44	-8.447	-3.313	69.0
6.45	-8.442	-3.923	98.5
6.46	-8.438	-4.619	138.6
6.47	-8.436	-5.898	175.8
6.48	-8.437	-7.398	203.3
6.49	-8.439	-8.642	226.5
6.5	-8.442	-9.423	235.5
6.51	-8.446	-9.794	223.8
6.52	-8.449	-9.756	184.3
6.53	-8.453	-9.080	110.2
6.54	-8.459	-8.316	30.6
6.55	-8.466	-8.527	-29.8
6.56	-8.471	-9.439	-68.6
6.57	-8.473	-9.961	-84.6
6.58	-8.476	-9.753	-89.2
6.59	-8.478	-9.306	-95.3
6.6	-8.479	-9.602	-101.3
6.61	-8.479	-11.055	-108.1
6.62	-8.479	-12.595	-109.5
6.63	-8.480	-13.106	-99.7
6.64	-8.482	-12.800	-90.0
6.65	-8.488	-12.431	-88.4
6.66	-8.494	-12.245	-87.9
6.67	-8.501	-12.164	-86.0
6.68	-8.506	-12.056	-81.4
6.69	-8.509	-11.664	-76.3
6.7	-8.513	-10.981	-70.0
6.71	-8.518	-10.417	-63.3
6.72	-8.522	-10.439	-63.0
6.73	-8.526	-11.097	-68.9
6.74	-8.528	-11.884	-79.2
6.75	-8.529	-12.209	-83.7
6.76	-8.530	-11.947	-70.8
6.77	-8.529	-11.238	-59.1
6.78	-8.530	-10.267	-62.9
6.79	-8.531	-9.675	-69.3
6.8	-8.534	-10.167	-66.1
6.81	-8.536	-11.411	-58.5
6.82	-8.540	-12.389	-56.3
6.83	-8.543	-12.633	-60.8
6.84	-8.546	-12.520	-63.2
6.85	-8.549	-12.317	-65.0
6.86	-8.552	-12.044	-60.6
6.87	-8.554	-12.113	-48.8
6.88	-8.555	-12.547	-49.6
6.89	-8.556	-13.045	-58.1
6.9	-8.557	-13.681	-57.3
6.91	-8.558	-14.333	-53.5
6.92	-8.559	-14.638	-47.9
6.93	-8.561	-14.330	-42.2
6.94	-8.561	-13.380	-46.8
6.95	-8.562	-12.130	-56.7
6.96	-8.562	-11.116	-57.6
6.97	-8.562	-10.573	-43.7
6.98	-8.561	-10.325	-31.3
6.99	-8.561	-10.359	-26.1
7.0	-8.561	-11.005	-16.0
7.01	-8.561	-12.158	-4.6
7.02	-8.561	-13.013	7.0
7.03	-8.560	-12.975	10.1
7.04	-8.561	-11.983	-4.0
7.05	-8.561	-10.191	-36.1
7.06	-8.563	-8.378	-55.2
7.07	-8.565	-7.820	-48.7
7.08	-8.568	-8.880	-46.4
7.09	-8.570	-10.488	-46.1
7.1	-8.569	-11.614	-34.5
7.11	-8.568	-12.030	-6.8
7.12	-8.568	-11.855	102.7
7.13	-8.570	-11.597	254.8
7.14	-8.575	-11.717	220.7
7.15	-8.581	-11.911	26.6
7.16	-8.586	-11.638	-79.1
7.17	-8.588	-10.934	-66.5
7.18	-8.586	-10.088	-40.9
7.19	-8.582	-9.280	-36.3
7.2	-8.579	-9.042	-31.5
7.21	-8.577	-9.822	-26.8
7.22	-8.576	-11.141	-26.7
7.23	-8.575	-12.100	-24.1
7.24	-8.574	-12.203	-19.6
7.25	-8.572	-11.428	-10.3
7.26	-8.570	-9.805	-0.8
7.27	-8.566	-7.223	1.2
7.28	-8.563	-3.973	8.6
7.29	-8.559	-0.961	18.7
7.3	-8.554	0.866	33.0
7.31	-8.548	0.825	53.9
7.32	-8.542	-1.131	73.1
7.33	-8.537	-4.028	96.1
7.34	-8.535	-6.628	123.9
7.35	-8.534	-8.189	157.0
7.36	-8.536	-8.394	201.8
7.37	-8.539	-7.469	232.2
7.38	-8.543	-6.192	235.9
7.39	-8.546	-5.177	224.6
7.4	-8.550	-5.038	188.1
7.41	-8.554	-6.217	122.4
7.42	-8.559	-7.702	49.8
7.43	-8.566	-8.264	-9.3
7.44	-8.572	-8.128	-56.8
7.45	-8.576	-8.345	-86.7
7.46	-8.580	-9.484	-93.3
7.47	-8.584	-10.930	-96.5
7.48	-8.588	-11.819	-100.2
7.49	-8.591	-12.034	-102.4
7.5	-8.592	-12.178	-102.6
7.51	-8.594	-12.802	-99.3
7.52	-8.598	-13.642	-100.9
7.53	-8.604	-14.069	-99.6
7.54	-8.613	-13.708	-90.9
7.55	-8.622	-12.734	-84.8
7.56	-8.630	-11.814	-82.1
7.57	-8.636	-11.336	-82.0
7.58	-8.642	-11.025	-80.9
7.59	-8.648	-10.428	-80.2
7.6	-8.653	-9.534	-78.2
7.61	-8.660	-8.764	-76.2
7.62	-8.666	-8.377	-76.5
7.63	-8.672	-8.231	-78.4
7.64	-8.678	-7.963	-74.5
7.65	-8.681	-7.344	-70.9
7.66	-8.684	-6.669	-73.6
7.67	-8.687	-6.611	-74.0
7.68	-8.690	-7.731	-74.9
7.69	-8.693	-9.819	-71.6
7.7	-8.697	-11.828	-62.0
7.71	-8.701	-12.909	-62.7
7.72	-8.704	-13.094	-69.2
7.73	-8.708	-12.773	-67.3
7.74	-8.712	-12.155	-55.8
7.75	-8.716	-11.303	-52.6
7.76	-8.719	-10.456	-63.9
7.77	-8.723	-10.153	-67.7
7.78	-8.726	-10.666	-59.5
7.79	-8.729	-11.559	-57.5
7.8	-8.733	-12.284	-57.7
7.81	-8.736	-12.745	-58.6
7.82	-8.739	-13.117	-57.1
7.83	-8.741	-13.280	-49.6
7.84	-8.744	-12.944	-50.4
7.85	-8.746	-12.177	-56.8
7.86	-8.748	-11.173	-54.1
7.87	-8.751	-10.278	-50.6
7.88	-8.753	-10.130	-49.8
7.89	-8.755	-10.814	-51.0
7.9	-8.757	-11.486	-51.4
7.91	-8.759	-11.525	-40.8
7.92	-8.760	-10.983	-26.6
7.93	-8.761	-10.094	-11.9
7.94	-8.761	-9.714	-1.2
7.95	-8.763	-10.894	1.9
7.96	-8.763	-13.072	3.5
7.97	-8.763	-14.766	-6.8
7.98	-8.763	-15.495	-26.5
7.99	-8.764	-15.631	-42.0
8.0	-8.766	-15.433	-48.4
8.01	-8.769	-14.888	-46.6
8.02	-8.773	-14.328	-50.7
8.03	-8.773	-14.192	-48.7
8.04	-8.772	-14.483	-21.2
8.05	-8.771	-14.933	75.7
8.06	-8.772	-15.106	237.4
8.07	-8.776	-14.869	244.3
8.08	-8.782	-14.492	62.6
8.09	-8.787	-14.152	-63.2
8.1	-8.791	-14.038	-65.8
8.11	-8.789	-14.136	-44.0
8.12	-8.784	-14.053	-40.2
8.13	-8.779	-13.811	-31.9
8.14	-8.773	-13.633	-19.3
8.15	-8.766	-13.453	-18.9
8.16	-8.763	-13.189	-16.9
8.17	-8.759	-12.467	-14.7
8.18	-8.758	-10.491	-11.0
8.19	-8.755	-6.655	3.6
8.2	-8.753	-1.355	16.6
8.21	-8.751	3.973	27.2
8.22	-8.749	7.402	29.8
8.23	-8.746	7.478	34.1
8.24	-8.742	4.848	52.8
8.25	-8.739	1.644	75.9
8.26	-8.738	-1.208	107.4
8.27	-8.738	-4.030	136.9
8.28	-8.740	-6.916	173.4
8.29	-8.742	-9.533	218.1
8.3	-8.746	-11.364	237.8
8.31	-8.751	-12.366	239.8
8.32	-8.755	-12.923	239.3
8.33	-8.761	-12.998	216.2
8.34	-8.768	-12.488	162.2
8.35	-8.779	-11.917	87.6
8.36	-8.794	-12.083	8.5
8.37	-8.811	-12.875	-47.2
8.38	-8.828	-13.353	-72.5
8.39	-8.843	-13.086	-84.3
8.4	-8.860	-12.391	-91.1
8.41	-8.877	-11.894	-95.6
8.42	-8.895	-11.917	-97.7
8.43	-8.911	-12.039	-96.7
8.44	-8.927	-11.777	-93.0
8.45	-8.943	-11.311	-94.5
8.46	-8.960	-11.145	-96.6
8.47	-8.979	-11.319	-87.0
8.48	-8.998	-11.313	-80.8
8.49	-9.016	-10.861	-81.4
8.5	-9.033	-10.188	-73.0
8.51	-9.049	-9.569	-69.5
8.52	-9.064	-9.459	-68.6
8.53	-9.080	-10.036	-72.5
8.54	-9.096	-10.758	-80.7
8.55	-9.111	-11.367	-73.9
8.56	-9.127	-12.222	-67.8
8.57	-9.143	-13.441	-61.9
8.58	-9.159	-14.478	-55.8
8.59	-9.175	-14.675	-67.4
8.6	-9.192	-14.191	-74.3
8.61	-9.210	-13.963	-68.1
8.62	-9.229	-14.538	-64.9
8.63	-9.248	-15.356	-65.5
8.64	-9.268	-15.619	-63.6
8.65	-9.289	-15.302	-58.8
8.66	-9.309	-15.225	-55.5
8.67	-9.331	-15.859	-56.4
8.68	-9.351	-16.542	-57.1
8.69	-9.372	-16.728	-58.5
8.7	-9.393	-16.589	-57.3
8.71	-9.414	-16.317	-56.7
8.72	-9.434	-16.030	-48.9
8.73	-9.454	-15.644	-42.0
8.74	-9.474	-14.991	-55.9
8.75	-9.494	-14.147	-64.1
8.76	-9.513	-13.411	-53.8
8.77	-9.532	-13.034	-43.0
8.78	-9.551	-12.831	-44.3
8.79	-9.571	-12.600	-47.3
8.8	-9.591	-12.636	-48.4
8.81	-9.610	-13.011	-52.5
8.82	-9.630	-13.286	-51.7
8.83	-9.650	-13.273	-50.2
8.84	-9.669	-13.198	-38.9
8.85	-9.688	-13.364	-33.2
8.86	-9.706	-13.992	-29.3
8.87	-9.727	-14.767	-8.2
8.88	-9.748	-14.950	5.0
8.89	-9.769	-14.489	6.5
8.9	-9.789	-14.167	3.3
8.91	-9.809	-14.186	-9.1
8.92	-9.829	-13.941	-33.0
8.93	-9.847	-13.159	-54.7
8.94	-9.866	-12.102	-54.7
8.95	-9.886	-11.275	-49.5
8.96	-9.904	-11.358	-47.2
8.97	-9.919	-12.170	-35.4
8.98	-9.933	-12.952	15.8
8.99	-9.948	-13.484	168.1
9.0	-9.966	-13.384	280.6
9.01	-9.986	-12.253	152.3
9.02	-9.999	-10.294	-44.0
9.03	-10.009	-7.645	-99.9
9.04	-10.017	-4.241	-67.4
9.05	-10.021	-0.103	-41.4
9.06	-10.023	4.831	-35.3
9.07	-10.023	10.809	-30.5
9.08	-10.025	18.036	-31.3
9.09	-10.031	26.272	-32.0
9.1	-10.040	34.366	-26.9
9.11	-10.049	40.705	-17.9
9.12	-10.057	44.345	-4.6
9.13	-10.065	45.427	4.1
9.14	-10.072	44.602	13.7
9.15	-10.078	42.266	25.1
9.16	-10.083	38.616	29.1
9.17	-10.088	34.025	35.9
9.18	-10.094	28.916	59.8
9.19	-10.101	23.606	86.4
9.2	-10.110	18.353	110.9
9.21	-10.120	13.381	140.6
9.22	-10.132	8.848	173.3
9.23	-10.144	4.844	204.7
9.24	-10.157	1.400	223.3
9.25	-10.169	-1.475	228.2
9.26	-10.181	-3.823	219.9
9.27	-10.191	-5.742	182.8
9.28	-10.203	-7.259	120.7
9.29	-10.216	-8.328	48.5
9.3	-10.229	-8.980	-13.7
9.31	-10.238	-9.348	-49.4
9.32	-10.242	-9.583	-70.6
9.33	-10.245	-9.764	-84.9
9.34	-10.248	-9.920	-87.7
9.35	-10.251	-10.109	-86.1
9.36	-10.253	-10.377	-82.9
9.37	-10.254	-10.667	-80.2
9.38	-10.256	-10.880	-82.6
9.39	-10.258	-10.939	-77.7
9.4	-10.261	-10.845	-64.7
9.41	-10.262	-10.656	-60.3
9.42	-10.263	-10.417	-58.3
9.43	-10.262	-10.189	-55.4
9.44	-10.261	-10.025	-48.6
9.45	-10.258	-9.917	-42.4
9.46	-10.253	-9.894	-44.9
9.47	-10.245	-9.970	-45.9
9.48	-10.233	-10.052	-39.8
9.49	-10.218	-10.113	-37.4
9.5	-10.201	-10.222	-43.4
9.51	-10.181	-10.439	-45.1
9.52	-10.160	-10.736	-40.1
9.53	-10.138	-10.973	-39.8
9.54	-10.116	-11.089	-39.6
9.55	-10.095	-11.125	-38.1
9.56	-10.076	-11.120	-32.2
9.57	-10.057	-11.103	-31.0
9.58	-10.039	-11.045	-40.2
9.59	-10.021	-10.928	-41.9
9.6	-10.004	-10.836	-38.0
9.61	-9.987	-10.814	-33.0
9.62	-9.970	-10.800	-27.8
9.63	-9.953	-10.734	-33.9
9.64	-9.936	-10.627	-34.9
9.65	-9.919	-10.541	-23.0
9.66	-9.901	-10.527	-19.0
9.67	-9.883	-10.588	-19.6
9.68	-9.864	-10.719	-14.7
9.69	-9.845	-10.858	-9.2
9.7	-9.826	-10.920	6.3
9.71	-9.808	-10.894	22.4
9.72	-9.788	-10.809	30.4
9.73	-9.767	-10.667	26.5
9.74	-9.746	-10.495	7.6
9.75	-9.724	-10.372	-15.2
9.76	-9.704	-10.311	-30.1
9.77	-9.687	-10.273	-28.4
9.78	-9.671	-10.256	-25.5
9.79	-9.655	-10.272	-22.8
9.8	-9.636	-10.291	-11.8
9.81	-9.616	-10.300	28.9
9.82	-9.596	-10.320	170.4
9.83	-9.581	-10.322	294.8
9.84	-9.568	-10.289	187.8
9.85	-9.553	-10.306	-13.6
9.86	-9.535	-10.394	-83.8
9.87	-9.518	-10.425	-57.3
9.88	-9.499	-10.400	-24.5
9.89	-9.478	-10.420	-16.1
9.9	-9.454	-10.498	-17.2
9.91	-9.431	-10.611	-8.7
9.92	-9.411	-10.656	-2.1
9.93	-9.394	-10.505	-1.0
9.94	-9.377	-10.122	7.9
9.95	-9.361	-9.455	18.2
9.96	-9.344	-8.280	17.0
9.97	-9.328	-6.423	19.2
9.98	-9.311	-4.175	30.5
9.99	-9.294	-2.183	48.5
10.0	-9.276	-0.988	69.4
10.01	-9.257	-0.764	79.0
10.02	-9.239	-1.391	93.6
10.03	-9.222	-2.616	123.8
10.04	-9.207	-4.127	162.8
10.05	-9.195	-5.655	200.9
10.06	-9.184	-7.055	226.7
10.07	-9.175	-8.295	244.4
10.08	-9.166	-9.331	255.6
10.09	-9.158	-10.098	243.1
10.1	-9.149	-10.603	193.3
10.11	-9.142	-10.873	121.0
10.12	-9.137	-10.944	50.6
10.13	-9.133	-10.869	-9.1
10.14	-9.125	-10.703	-49.2
10.15	-9.116	-10.486	-70.3
10.16	-9.107	-10.275	-81.8
10.17	-9.098	-10.159	-91.5
10.18	-9.087	-10.242	-93.1
10.19	-9.076	-10.519	-87.2
10.2	-9.068	-10.838	-82.7
10.21	-9.061	-11.027	-77.5
10.22	-9.056	-10.991	-76.2
10.23	-9.051	-10.739	-77.5
10.24	-9.046	-10.373	-74.1
10.25	-9.040	-10.013	-69.6
10.26	-9.035	-9.700	-69.9
10.27	-9.030	-9.441	-68.0
10.28	-9.024	-9.345	-60.7
10.29	-9.019	-9.452	-59.5
10.3	-9.014	-9.620	-59.9
10.31	-9.008	-9.794	-57.8
10.32	-9.001	-10.014	-59.3
10.33	-8.994	-10.245	-59.5
10.34	-8.988	-10.452	-59.1
10.35	-8.980	-10.625	-61.5
10.36	-8.973	-10.747	-58.2
10.37	-8.967	-10.808	-52.1
10.38	-8.963	-10.848	-51.0
10.39	-8.959	-10.884	-56.5
10.4	-8.956	-10.909	-55.5
10.41	-8.952	-10.900	-49.2
10.42	-8.949	-10.856	-48.8
10.43	-8.946	-10.808	-49.0
10.44	-8.943	-10.758	-45.7
10.45	-8.939	-10.720	-47.8
10.46	-8.935	-10.719	-49.5
10.47	-8.931	-10.727	-44.3
10.48	-8.928	-10.730	-40.8
10.49	-8.925	-10.781	-38.2
10.5	-8.922	-10.880	-38.0
10.51	-8.918	-10.939	-37.2
10.52	-8.914	-10.945	-33.2
10.53	-8.909	-10.964	-29.6
10.54	-8.904	-11.017	-15.5
10.55	-8.899	-11.055	3.4
10.56	-8.895	-11.050	15.3
10.57	-8.890	-11.019	18.1
10.58	-8.885	-10.991	12.2
10.59	-8.880	-11.000	-6.9
10.6	-8.875	-11.053	-30.3
10.61	-8.871	-11.075	-39.6
10.62	-8.868	-11.008	-41.2
10.63	-8.865	-10.898	-41.4
10.64	-8.860	-10.802	-34.4
10.65	-8.854	-10.744	-19.4
10.66	-8.849	-10.742	58.1
10.67	-8.848	-10.780	225.7
10.68	-8.848	-10.823	281.0
10.69	-8.849	-10.889	115.3
10.7	-8.851	-10.961	-41.3
10.71	-8.851	-10.938	-70.7
10.72	-8.848	-10.802	-51.8
10.73	-8.842	-10.650	-34.8
10.74	-8.834	-10.542	-26.7
10.75	-8.826	-10.497	-20.2
10.76	-8.819	-10.488	-14.6
10.77	-8.813	-10.381	-16.9
10.78	-8.807	-10.013	-13.5
10.79	-8.801	-9.117	-4.6
10.8	-8.796	-7.409	-1.6
10.81	-8.790	-5.008	5.0
10.82	-8.784	-2.550	18.6
10.83	-8.777	-0.739	31.8
10.84	-8.770	0.036	36.6
10.85	-8.761	-0.245	43.0
10.86	-8.752	-1.275	63.2
10.87	-8.745	-2.645	85.8
10.88	-8.740	-4.117	118.7
10.89	-8.737	-5.578	161.8
10.9	-8.736	-6.914	197.3
10.91	-8.736	-8.031	225.2
10.92	-8.736	-8.870	241.6
10.93	-8.738	-9.427	240.7
10.94	-8.739	-9.772	217.8
10.95	-8.741	-9.917	162.5
10.96	-8.743	-9.859	86.0
10.97	-8.747	-9.681	9.4
10.98	-8.752	-9.495	-43.2
10.99	-8.755	-9.341	-65.8
11.0	-8.756	-9.205	-79.9
11.01	-8.756	-9.161	-87.4
11.02	-8.758	-9.364	-86.8
11.03	-8.758	-9.805	-89.6
11.04	-8.756	-10.336	-92.7
11.05	-8.754	-10.780	-91.5
11.06	-8.754	-10.995	-87.6
11.07	-8.756	-10.947	-84.3
11.08	-8.760	-10.669	-85.7
11.09	-8.765	-10.206	-80.6
11.1	-8.769	-9.609	-66.4
11.11	-8.771	-9.037	-59.3
11.12	-8.773	-8.684	-58.8
11.13	-8.774	-8.541	-62.9
11.14	-8.776	-8.514	-65.0
11.15	-8.777	-8.595	-61.9
11.16	-8.781	-8.831	-60.1
11.17	-8.783	-9.289	-63.2
11.18	-8.784	-9.870	-64.7
11.19	-8.784	-10.345	-62.2
11.2	-8.783	-10.631	-58.8
11.21	-8.783	-10.844	-54.5
11.22	-8.783	-11.048	-54.0
11.23	-8.784	-11.189	-56.6
11.24	-8.786	-11.252	-56.8
11.25	-8.788	-11.284	-57.8
11.26	-8.790	-11.314	-61.5
11.27	-8.792	-11.334	-64.4
11.28	-8.794	-11.361	-59.1
11.29	-8.796	-11.378	-52.6
11.3	-8.797	-11.400	-51.3
11.31	-8.799	-11.441	-52.1
11.32	-8.800	-11.467	-50.9
11.33	-8.801	-11.470	-46.3
11.34	-8.801	-11.473	-44.8
11.35	-8.802	-11.508	-47.4
11.36	-8.803	-11.586	-48.0
11.37	-8.803	-11.695	-45.1
11.38	-8.804	-11.778	-35.2
11.39	-8.804	-11.783	-26.6
11.4	-8.804	-11.680	-18.0
11.41	-8.805	-11.470	3.7
11.42	-8.805	-11.228	16.7
11.43	-8.805	-10.972	16.1
11.44	-8.805	-10.688	8.2
11.45	-8.806	-10.459	-19.7
11.46	-8.806	-10.336	-41.5
11.47	-8.808	-10.267	-43.5
11.48	-8.811	-10.219	-43.1
11.49	-8.812	-10.183	-41.2
11.5	-8.811	-10.200	-33.8
11.51	-8.809	-10.292	-17.3
11.52	-8.807	-10.455	64.9
11.53	-8.808	-10.652	228.6
11.54	-8.810	-10.819	262.0
11.55	-8.814	-10.944	86.0
11.56	-8.820	-11.019	-54.4
11.57	-8.824	-11.027	-64.2
11.58	-8.824	-11.009	-40.6
11.59	-8.822	-11.036	-31.5
11.6	-8.819	-11.161	-28.5
11.61	-8.818	-11.300	-24.4
11.62	-8.819	-11.295	-22.0
11.63	-8.824	-11.069	-14.8
11.64	-8.831	-10.522	-9.1
11.65	-8.843	-9.397	-9.1
11.66	-8.858	-7.458	1.9
11.67	-8.874	-4.861	16.4
11.68	-8.891	-2.258	24.6
11.69	-8.906	-0.370	30.1
11.7	-8.919	0.470	40.8
11.71	-8.934	0.311	61.1
11.72	-8.949	-0.647	82.0
11.73	-8.965	-2.145	99.9
11.74	-8.982	-3.892	130.3
11.75	-8.999	-5.591	169.5
11.76	-9.018	-7.025	205.5
11.77	-9.036	-8.139	235.8
11.78	-9.056	-8.981	254.7
11.79	-9.075	-9.580	249.8
11.8	-9.096	-9.902	219.7
11.81	-9.117	-9.955	165.8
11.82	-9.139	-9.798	90.6
11.83	-9.161	-9.498	17.4
11.84	-9.185	-9.138	-38.8
11.85	-9.207	-8.789	-72.6
11.86	-9.227	-8.502	-83.4
11.87	-9.248	-8.373	-88.7
11.88	-9.269	-8.531	-88.9
11.89	-9.289	-8.958	-86.0
11.9	-9.309	-9.536	-86.5
11.91	-9.328	-10.097	-89.3
11.92	-9.347	-10.444	-87.2
11.93	-9.368	-10.458	-82.6
11.94	-9.392	-10.213	-78.1
11.95	-9.416	-9.889	-74.2
11.96	-9.440	-9.603	-69.8
11.97	-9.464	-9.380	-60.9
11.98	-9.488	-9.228	-54.7
11.99	-9.513	-9.133	-54.1
12.0	-9.536	-9.097	-54.5
12.01	-9.559	-9.155	-56.8
12.02	-9.581	-9.297	-54.6
12.03	-9.603	-9.491	-49.7
12.04	-9.623	-9.689	-54.6
12.05	-9.641	-9.816	-54.8
12.06	-9.658	-9.891	-49.1
12.07	-9.678	-9.997	-52.2
12.08	-9.698	-10.142	-51.8
12.09	-9.718	-10.256	-50.1
12.1	-9.738	-10.270	-53.0
12.11	-9.758	-10.209	-57.8
12.12	-9.776	-10.153	-57.7
12.13	-9.794	-10.116	-53.2
12.14	-9.813	-10.133	-51.4
12.15	-9.832	-10.275	-49.7
12.16	-9.852	-10.491	-41.3
12.17	-9.870	-10.642	-40.0
12.18	-9.888	-10.705	-47.9
12.19	-9.904	-10.798	-52.6
12.2	-9.921	-10.980	-52.6
12.21	-9.937	-11.156	-48.3
12.22	-9.952	-11.248	-43.3
12.23	-9.967	-11.255	-40.0
12.24	-9.982	-11.256	-31.4
12.25	-9.996	-11.342	-18.3
12.26	-10.010	-11.461	-6.7
12.27	-10.023	-11.498	1.7
12.28	-10.034	-11.444	9.4
12.29	-10.044	-11.334	9.3
12.3	-10.053	-11.153	-2.2
12.31	-10.061	-10.913	-24.3
12.32	-10.071	-10.722	-47.1
12.33	-10.084	-10.628	-51.4
12.34	-10.097	-10.608	-45.3
12.35	-10.109	-10.669	-40.5
12.36	-10.118	-10.763	-29.5
12.37	-10.125	-10.816	23.4
12.38	-10.134	-10.863	173.0
12.39	-10.148	-10.945	278.3
12.4	-10.161	-11.011	154.8
12.41	-10.168	-11.016	-34.3
12.42	-10.170	-10.953	-93.2
12.43	-10.171	-10.817	-69.5
12.44	-10.169	-10.739	-37.0
12.45	-10.162	-10.803	-24.3
12.46	-10.151	-10.898	-29.8
12.47	-10.143	-10.963	-32.1
12.48	-10.140	-10.961	-24.1
12.49	-10.141	-10.816	-12.3
12.5	-10.141	-10.427	-3.9
12.51	-10.141	-9.597	-0.9
12.52	-10.140	-8.105	2.4
12.53	-10.139	-5.934	10.5
12.54	-10.136	-3.572	21.4
12.55	-10.133	-1.705	27.8
12.56	-10.129	-0.727	42.2
12.57	-10.125	-0.686	68.8
12.58	-10.121	-1.417	93.1
12.59	-10.119	-2.655	112.0
12.6	-10.117	-4.112	138.9
12.61	-10.115	-5.559	174.5
12.62	-10.112	-6.909	206.4
12.63	-10.106	-8.123	228.1
12.64	-10.098	-9.072	235.4
12.65	-10.086	-9.684	225.6
12.66	-10.073	-10.094	179.6
12.67	-10.059	-10.450	103.8
12.68	-10.048	-10.684	36.8
12.69	-10.037	-10.658	-21.5
12.7	-10.022	-10.369	-67.4
12.71	-10.003	-9.975	-86.2
12.72	-9.983	-9.706	-89.1
12.73	-9.963	-9.653	-90.9
12.74	-9.941	-9.780	-89.8
12.75	-9.919	-10.047	-88.9
12.76	-9.898	-10.403	-90.7
12.77	-9.877	-10.769	-90.5
12.78	-9.860	-10.984	-89.3
12.79	-9.844	-10.881	-88.0
12.8	-9.828	-10.461	-81.5
12.81	-9.811	-9.903	-72.9
12.82	-9.796	-9.402	-68.3
12.83	-9.781	-9.003	-60.7
12.84	-9.767	-8.589	-59.3
12.85	-9.752	-8.075	-67.8
12.86	-9.738	-7.569	-65.3
12.87	-9.722	-7.270	-60.4
12.88	-9.706	-7.294	-58.3
12.89	-9.691	-7.617	-57.0
12.9	-9.675	-8.106	-60.6
12.91	-9.659	-8.633	-57.8
12.92	-9.644	-9.152	-52.0
12.93	-9.629	-9.605	-55.3
12.94	-9.616	-9.956	-58.3
12.95	-9.604	-10.223	-61.8
12.96	-9.592	-10.441	-62.1
12.97	-9.581	-10.686	-61.3
12.98	-9.569	-10.966	-64.0
12.99	-9.558	-11.181	-61.4
13.0	-9.546	-11.306	-55.1
13.01	-9.535	-11.428	-47.4
13.02	-9.524	-11.611	-49.6
13.03	-9.514	-11.828	-58.2
13.04	-9.504	-12.028	-50.3
13.05	-9.495	-12.153	-34.8
13.06	-9.485	-12.258	-19.2
13.07	-9.475	-12.556	-3.5
13.08	-9.464	-13.148	2.8
13.09	-9.451	-13.905	1.9
13.1	-9.438	-14.673	-8.1
13.11	-9.426	-15.370	-31.5
13.12	-9.413	-15.927	-50.6
13.13	-9.402	-16.228	-54.0
13.14	-9.394	-16.167	-52.6
13.15	-9.384	-15.789	-53.0
13.16	-9.372	-15.233	-42.4
13.17	-9.358	-14.552	-20.1
13.18	-9.346	-13.733	75.7
13.19	-9.336	-12.841	238.1
13.2	-9.329	-11.866	235.6
13.21	-9.321	-10.816	43.3
13.22	-9.311	-9.861	-87.3
13.23	-9.299	-9.155	-84.5
13.24	-9.287	-8.808	-51.9
13.25	-9.273	-8.744	-39.0
13.26	-9.255	-8.727	-37.5
13.27	-9.238	-8.683	-40.0
13.28	-9.224	-8.677	-31.1
13.29	-9.211	-8.589	-26.7
13.3	-9.198	-8.102	-27.1
13.31	-9.187	-7.209	-15.5
13.32	-9.177	-6.431	-9.8
13.33	-9.168	-5.109	-7.9
13.34	-9.158	-2.956	-0.0
13.35	-9.147	-1.084	14.5
13.36	-9.136	-0.114	29.2
13.37	-9.124	-0.195	38.0
13.38	-9.112	-1.022	59.5
13.39	-9.101	-2.359	94.8
13.4	-9.091	-4.034	124.7
13.41	-9.083	-5.723	156.4
13.42	-9.076	-7.222	191.3
13.43	-9.071	-8.442	212.4
13.44	-9.066	-9.412	227.6
13.45	-9.062	-10.173	221.2
13.46	-9.058	-10.708	182.6
13.47	-9.054	-10.995	124.0
13.48	-9.052	-11.039	45.8
13.49	-9.053	-10.898	-27.1
13.5	-9.053	-10.639	-69.6
13.51	-9.050	-10.267	-97.8
13.52	-9.045	-9.841	-110.5
13.53	-9.041	-9.511	-109.9
13.54	-9.036	-9.398	-111.3
13.55	-9.029	-9.511	-110.2
13.56	-9.024	-9.755	-112.2
13.57	-9.019	-10.039	-115.1
13.58	-9.016	-10.284	-107.6
13.59	-9.014	-10.358	-104.0
13.6	-9.013	-10.219	-105.5
13.61	-9.011	-9.983	-96.3
13.62	-9.009	-9.763	-87.2
13.63	-9.008	-9.575	-85.7
13.64	-9.005	-9.409	-80.7
13.65	-9.004	-9.328	-81.4
13.66	-9.002	-9.405	-85.2
13.67	-8.999	-9.659	-82.5
13.68	-8.996	-10.072	-81.4
13.69	-8.991	-10.570	-75.0
13.7	-8.987	-11.038	-70.8
13.71	-8.982	-11.461	-77.4
13.72	-8.978	-11.948	-79.3
13.73	-8.974	-12.441	-78.3
13.74	-8.971	-12.758	-76.9
13.75	-8.967	-12.870	-75.9
13.76	-8.966	-12.941	-77.1
13.77	-8.964	-13.095	-74.8
13.78	-8.962	-13.291	-72.6
13.79	-8.961	-13.423	-77.4
13.8	-8.959	-13.458	-75.9
13.81	-8.957	-13.406	-70.4
13.82	-8.955	-13.277	-70.0
13.83	-8.953	-13.067	-68.3
13.84	-8.951	-12.844	-66.8
13.85	-8.948	-12.647	-73.6
13.86	-8.945	-12.441	-74.1
13.87	-8.942	-12.261	-70.4
13.88	-8.939	-12.166	-69.5
13.89	-8.936	-12.106	-61.6
13.9	-8.933	-12.030	-51.2
13.91	-8.929	-11.964	-44.2
13.92	-8.926	-11.903	-38.0
13.93	-8.923	-11.800	-28.2
13.94	-8.920	-11.634	-19.6
13.95	-8.917	-11.388	-22.9
13.96	-8.914	-11.078	-34.1
13.97	-8.911	-10.809	-47.4
13.98	-8.909	-10.667	-62.4
13.99	-8.907	-10.608	-67.3
14.0	-8.906	-10.639	-65.8
14.01	-8.904	-10.908	-68.5
14.02	-8.901	-11.367	-59.2
14.03	-8.896	-11.767	-25.0
14.04	-8.894	-11.959	90.9
14.05	-8.894	-11.955	233.9
14.06	-8.896	-11.917	189.5
14.07	-8.898	-11.919	10.4
14.08	-8.898	-11.845	-85.4
14.09	-8.894	-11.669	-85.8
14.1	-8.889	-11.495	-60.2
14.11	-8.885	-11.392	-51.6
14.12	-8.880	-11.363	-53.9
14.13	-8.873	-11.394	-49.6
14.14	-8.867	-11.427	-37.6
14.15	-8.862	-11.334	-24.8
14.16	-8.857	-10.873	-21.8
14.17	-8.852	-9.734	-17.9
14.18	-8.846	-7.825	-12.5
14.19	-8.839	-5.564	-6.4
14.2	-8.832	-3.702	-0.2
14.21	-8.824	-2.883	10.1
14.22	-8.815	-3.442	28.3
14.23	-8.806	-5.372	39.3
14.24	-8.796	-8.730	59.9
14.25	-8.789	-13.647	95.6
14.26	-8.784	-19.859	127.9
14.27	-8.781	-27.416	150.6
14.28	-8.780	-36.423	178.6
14.29	-8.781	-44.919	205.6
14.3	-8.783	-49.795	208.4
14.31	-8.785	-51.064	197.7
14.32	-8.787	-51.138	165.0
14.33	-8.790	-51.141	94.1
14.34	-8.794	-51.141	17.1
14.35	-8.798	-51.141	-44.3
14.36	-8.801	-51.141	-97.4
14.37	-8.803	-51.134	-124.9
14.38	-8.803	-51.116	-125.7
14.39	-8.804	-51.041	-127.3
14.4	-8.805	-50.648	-127.4
14.41	-8.805	-49.497	-122.5
14.42	-8.804	-47.758	-122.8
14.43	-8.803	-46.252	-129.9
14.44	-8.804	-44.517	-125.9
14.45	-8.807	-40.380	-111.2
14.46	-8.812	-32.877	-108.3
14.47	-8.816	-22.511	-114.2
14.48	-8.820	-9.875	-104.9
14.49	-8.822	4.022	-93.6
14.5	-8.824	18.078	-92.2
14.51	-8.826	30.992	-91.5
14.52	-8.828	41.194	-90.5
14.53	-8.830	47.650	-88.3
14.54	-8.832	50.472	-83.4
14.55	-8.834	51.102	-82.2
14.56	-8.834	51.127	-83.3
14.57	-8.832	50.731	-81.3
14.58	-8.831	48.422	-78.5
14.59	-8.830	43.450	-78.5
14.6	-8.830	37.384	-78.1
14.61	-8.830	31.383	-74.5
14.62	-8.831	25.227	-72.6
14.63	-8.831	18.842	-70.0
14.64	-8.832	12.505	-63.5
14.65	-8.834	6.508	-60.9
14.66	-8.835	1.381	-64.3
14.67	-8.836	-2.408	-63.5
14.68	-8.838	-5.013	-55.5
14.69	-8.838	-6.909	-55.6
14.7	-8.839	-8.367	-57.1
14.71	-8.840	-9.473	-54.7
14.72	-8.841	-10.333	-50.1
14.73	-8.841	-11.047	-45.1
14.74	-8.841	-11.722	-47.5
14.75	-8.842	-12.309	-46.8
14.76	-8.842	-12.703	-39.2
14.77	-8.841	-12.923	-34.9
14.78	-8.841	-12.967	-31.3
14.79	-8.840	-12.813	-24.1
14.8	-8.839	-12.744	-7.7
14.81	-8.839	-13.305	10.3
14.82	-8.838	-14.447	12.8
14.83	-8.838	-15.538	5.8
14.84	-8.837	-16.150	-5.8
14.85	-8.837	-16.191	-25.3
14.86	-8.837	-15.813	-38.3
14.87	-8.838	-15.267	-42.2
14.88	-8.839	-14.684	-47.3
14.89	-8.840	-14.044	-51.6
14.9	-8.839	-13.469	-39.7
14.91	-8.836	-13.472	-4.5
14.92	-8.836	-14.298	108.9
14.93	-8.838	-15.605	256.7
14.94	-8.842	-17.114	214.6
14.95	-8.848	-18.553	24.3
14.96	-8.853	-19.527	-73.6
14.97	-8.855	-20.058	-75.6
14.98	-8.853	-20.552	-59.2
14.99	-8.851	-20.656	-39.2
15.0	-8.848	-19.525	-28.8
15.01	-8.846	-17.516	-33.2
15.02	-8.844	-15.545	-33.8
15.03	-8.842	-13.856	-23.5
15.04	-8.839	-12.289	-17.2
15.05	-8.836	-10.708	-17.2
15.06	-8.832	-9.120	-12.8
15.07	-8.829	-7.706	-2.7
15.08	-8.825	-6.628	10.9
15.09	-8.820	-6.125	24.7
15.1	-8.814	-6.620	35.2
15.11	-8.807	-8.123	48.8
15.12	-8.801	-9.892	70.7
15.13	-8.795	-11.030	94.9
15.14	-8.791	-11.345	128.2
15.15	-8.789	-11.461	170.9
15.16	-8.788	-11.875	207.4
15.17	-8.789	-12.436	229.5
15.18	-8.791	-12.864	239.3
15.19	-8.793	-12.981	229.2
15.2	-8.795	-12.598	191.2
15.21	-8.797	-11.670	127.8
15.22	-8.800	-10.355	48.8
15.23	-8.804	-8.817	-11.1
15.24	-8.810	-7.298	-46.2
15.25	-8.814	-6.023	-76.1
15.26	-8.818	-4.977	-95.0
15.27	-8.824	-4.011	-99.9
15.28	-8.832	-3.002	-100.4
15.29	-8.842	-2.003	-101.2
15.3	-8.852	-1.188	-98.8
15.31	-8.864	-0.552	-95.8
15.32	-8.880	-0.122	-90.5
15.33	-8.898	-0.361	-90.4
15.34	-8.918	-1.620	-92.7
15.35	-8.939	-3.383	-87.5
15.36	-8.959	-4.884	-84.8
15.37	-8.979	-5.813	-82.8
15.38	-8.998	-6.006	-73.6
15.39	-9.018	-5.105	-69.9
15.4	-9.037	-3.211	-73.1
15.41	-9.058	-0.436	-73.0
15.42	-9.078	2.331	-69.8
15.43	-9.099	2.919	-63.9
15.44	-9.119	2.106	-62.6
15.45	-9.139	1.980	-66.7
15.46	-9.158	2.300	-69.6
15.47	-9.178	2.603	-71.3
15.48	-9.198	2.964	-67.7
15.49	-9.219	3.150	-70.3
15.5	-9.239	2.803	-68.7
15.51	-9.262	1.911	-60.3
15.52	-9.286	0.600	-61.9
15.53	-9.309	-1.039	-65.4
15.54	-9.333	-2.958	-63.2
15.55	-9.356	-5.044	-62.2
15.56	-9.380	-7.097	-62.4
15.57	-9.403	-8.970	-60.0
15.58	-9.426	-10.517	-60.1
15.59	-9.449	-11.614	-58.3
15.6	-9.471	-12.258	-55.7
15.61	-9.492	-12.161	-58.9
15.62	-9.511	-11.036	-59.8
15.63	-9.531	-9.534	-57.2
15.64	-9.551	-8.225	-49.3
15.65	-9.570	-6.933	-41.4
15.66	-9.588	-5.605	-39.3
15.67	-9.606	-4.561	-33.8
15.68	-9.623	-4.708	-21.8
15.69	-9.639	-7.545	-8.8
15.7	-9.656	-11.505	2.3
15.71	-9.672	-13.091	7.0
15.72	-9.689	-13.223	0.1
15.73	-9.705	-14.191	-17.5
15.74	-9.721	-15.631	-36.5
15.75	-9.737	-16.116	-46.6
15.76	-9.754	-15.313	-49.1
15.77	-9.774	-14.080	-48.0
15.78	-9.792	-12.750	-40.6
15.79	-9.808	-11.427	-26.8
15.8	-9.824	-10.167	38.6
15.81	-9.843	-9.100	196.9
15.82	-9.867	-10.408	273.3
15.83	-9.892	-16.191	120.2
15.84	-9.911	-23.034	-51.4
15.85	-9.926	-26.009	-84.9
15.86	-9.938	-26.973	-60.6
15.87	-9.947	-29.373	-40.1
15.88	-9.952	-30.530	-31.7
15.89	-9.956	-29.225	-30.7
15.9	-9.961	-27.323	-32.8
15.91	-9.969	-24.858	-25.0
15.92	-9.979	-23.911	-8.7
15.93	-9.989	-25.363	-7.3
15.94	-10.000	-24.195	-7.7
15.95	-10.011	-18.366	1.8
15.96	-10.020	-12.866	10.2
15.97	-10.028	-9.388	15.5
15.98	-10.034	-5.852	26.2
15.99	-10.039	-2.911	41.8
16.0	-10.046	-1.144	59.5
16.01	-10.053	0.348	78.1
16.02	-10.062	1.639	103.5
16.03	-10.072	2.206	143.5
16.04	-10.083	2.084	183.9
16.05	-10.094	1.127	209.7
16.06	-10.107	-1.188	224.1
16.07	-10.119	-4.397	226.8
16.08	-10.129	-7.306	210.0
16.09	-10.140	-8.981	162.0
16.1	-10.153	-9.228	93.0
16.11	-10.168	-8.763	23.8
16.12	-10.184	-8.230	-33.2
16.13	-10.197	-7.781	-63.9
16.14	-10.209	-7.336	-81.6
16.15	-10.220	-7.163	-96.3
16.16	-10.231	-7.816	-99.4
16.17	-10.239	-8.938	-97.7
16.18	-10.248	-9.891	-97.8
16.19	-10.256	-10.578	-102.2
16.2	-10.264	-11.009	-96.4
16.21	-10.273	-11.016	-88.3
16.22	-10.280	-10.564	-88.6
16.23	-10.287	-10.036	-77.5
16.24	-10.292	-9.681	-67.0
16.25	-10.295	-9.558	-64.6
16.26	-10.297	-9.530	-60.8
16.27	-10.297	-9.336	-66.3
16.28	-10.295	-9.039	-67.5
16.29	-10.290	-8.836	-58.3
16.3	-10.283	-8.780	-57.9
16.31	-10.273	-8.833	-61.5
16.32	-10.261	-8.870	-59.3
16.33	-10.248	-8.967	-59.1
16.34	-10.232	-9.469	-56.5
16.35	-10.214	-10.427	-55.6
16.36	-10.196	-11.558	-52.8
16.37	-10.176	-12.645	-51.3
16.38	-10.156	-13.589	-58.8
16.39	-10.135	-14.336	-58.9
16.4	-10.114	-14.914	-53.7
16.41	-10.094	-15.313	-53.1
16.42	-10.074	-15.511	-52.8
16.43	-10.053	-15.667	-49.8
16.44	-10.033	-15.891	-44.9
16.45	-10.013	-16.020	-44.3
16.46	-9.993	-15.877	-42.9
16.47	-9.973	-15.517	-36.3
16.48	-9.954	-15.134	-22.9
16.49	-9.934	-14.794	-6.1
16.5	-9.914	-14.506	6.0
16.51	-9.894	-14.398	13.2
16.52	-9.872	-14.380	7.5
16.53	-9.849	-14.341	-12.3
16.54	-9.826	-14.325	-31.8
16.55	-9.804	-13.936	-44.4
16.56	-9.784	-13.034	-47.7
16.57	-9.766	-12.195	-49.7
16.58	-9.748	-11.883	-46.7
16.59	-9.726	-12.252	-33.4
16.6	-9.703	-13.011	4.8
16.61	-9.680	-13.648	143.3
16.62	-9.662	-13.844	277.3
16.63	-9.647	-13.628	178.6
16.64	-9.629	-13.347	-26.4
16.65	-9.609	-13.247	-101.8
16.66	-9.589	-13.286	-74.1
16.67	-9.567	-13.641	-41.6
16.68	-9.543	-14.683	-31.7
16.69	-9.516	-16.111	-28.5
16.7	-9.490	-17.070	-26.0
16.71	-9.467	-17.005	-27.6
16.72	-9.447	-16.009	-19.1
16.73	-9.428	-14.392	-12.8
16.74	-9.409	-12.283	-10.8
16.75	-9.390	-9.686	-5.6
16.76	-9.372	-6.645	1.0
16.77	-9.354	-3.506	10.8
16.78	-9.337	-0.967	18.6
16.79	-9.318	0.381	32.3
16.8	-9.301	0.563	55.8
16.81	-9.284	-0.205	81.2
16.82	-9.269	-1.853	109.3
16.83	-9.256	-3.977	144.0
16.84	-9.244	-6.011	179.9
16.85	-9.234	-7.698	206.0
16.86	-9.226	-8.986	224.8
16.87	-9.218	-9.959	233.3
16.88	-9.210	-10.722	224.9
16.89	-9.201	-11.259	185.0
16.9	-9.194	-11.575	115.8
16.91	-9.189	-11.513	43.4
16.92	-9.185	-10.789	-21.7
16.93	-9.178	-9.855	-64.2
16.94	-9.170	-9.425	-82.7
16.95	-9.161	-9.430	-95.0
16.96	-9.152	-9.567	-99.4
16.97	-9.140	-9.906	-97.7
16.98	-9.129	-10.531	-94.3
16.99	-9.119	-11.148	-91.7
17.0	-9.111	-11.419	-91.3
17.01	-9.104	-11.181	-90.8
17.02	-9.097	-10.488	-83.8
17.03	-9.091	-9.595	-77.8
17.04	-9.084	-8.694	-79.5
17.05	-9.078	-7.931	-75.3
17.06	-9.072	-7.628	-68.3
17.07	-9.066	-8.014	-65.5
17.08	-9.059	-8.844	-67.4
17.09	-9.052	-9.617	-72.3
17.1	-9.044	-10.114	-70.9
17.11	-9.036	-10.323	-68.7
17.12	-9.026	-10.205	-67.1
17.13	-9.018	-9.925	-66.2
17.14	-9.008	-9.666	-68.0
17.15	-8.999	-9.353	-71.4
17.16	-8.992	-8.975	-68.5
17.17	-8.986	-8.605	-64.9
17.18	-8.981	-8.286	-67.9
17.19	-8.975	-8.130	-68.4
17.2	-8.971	-8.242	-61.9
17.21	-8.966	-8.559	-57.9
17.22	-8.962	-8.998	-59.1
17.23	-8.957	-9.628	-60.4
17.24	-8.953	-10.430	-63.2
17.25	-8.947	-11.052	-65.9
17.26	-8.943	-10.845	-59.8
17.27	-8.937	-9.870	-55.5
17.28	-8.931	-9.116	-56.1
17.29	-8.924	-8.919	-48.8
17.3	-8.919	-8.895	-39.0
17.31	-8.913	-8.941	-29.5
17.32	-8.908	-9.267	-11.4
17.33	-8.904	-9.909	0.5
17.34	-8.898	-10.563	-0.3
17.35	-8.892	-11.019	-9.4
17.36	-8.886	-11.263	-25.7
17.37	-8.879	-11.359	-38.4
17.38	-8.874	-11.469	-45.9
17.39	-8.870	-11.670	-50.3
17.4	-8.864	-11.853	-49.2
17.41	-8.857	-11.880	-44.9
17.42	-8.849	-11.600	-32.2
17.43	-8.842	-10.791	31.4
17.44	-8.838	-9.066	185.8
17.45	-8.837	-6.553	261.5
17.46	-8.838	-4.058	118.2
17.47	-8.839	-2.703	-43.1
17.48	-8.838	-3.197	-74.2
17.49	-8.834	-4.373	-52.1
17.5	-8.828	-4.922	-37.3
17.51	-8.820	-5.372	-33.8
17.52	-8.811	-6.875	-30.5
17.53	-8.803	-9.072	-21.0
17.54	-8.796	-10.736	-12.6
17.55	-8.790	-11.484	-10.7
17.56	-8.784	-11.242	-11.7
17.57	-8.776	-10.009	-8.3
17.58	-8.769	-8.114	0.9
17.59	-8.762	-6.372	11.9
17.6	-8.754	-5.431	27.8
17.61	-8.746	-5.120	42.9
17.62	-8.738	-5.197	54.5
17.63	-8.730	-5.728	68.5
17.64	-8.724	-6.592	88.9
17.65	-8.720	-7.466	116.9
17.66	-8.717	-8.225	151.0
17.67	-8.716	-8.928	184.8
17.68	-8.716	-9.408	218.5
17.69	-8.716	-9.266	241.1
17.7	-8.718	-8.539	246.2
17.71	-8.720	-7.772	227.0
17.72	-8.722	-7.303	170.8
17.73	-8.725	-7.109	92.6
17.74	-8.729	-6.992	18.7
17.75	-8.734	-6.966	-36.3
17.76	-8.736	-7.233	-75.0
17.77	-8.737	-7.725	-94.3
17.78	-8.737	-8.244	-97.9
17.79	-8.738	-8.539	-103.6
17.8	-8.737	-8.597	-100.6
17.81	-8.736	-8.722	-89.7
17.82	-8.734	-9.017	-89.9
17.83	-8.735	-9.353	-94.5
17.84	-8.738	-9.534	-90.5
17.85	-8.742	-9.470	-86.3
17.86	-8.749	-9.427	-86.7
17.87	-8.753	-9.669	-86.6
17.88	-8.757	-10.009	-79.3
17.89	-8.759	-10.030	-73.0
17.9	-8.761	-9.647	-75.1
17.91	-8.764	-9.233	-70.9
17.92	-8.767	-8.994	-63.1
17.93	-8.771	-8.900	-66.6
17.94	-8.774	-9.034	-69.6
17.95	-8.777	-9.422	-65.5
17.96	-8.779	-9.931	-62.1
17.97	-8.781	-10.408	-64.9
17.98	-8.783	-10.667	-72.0
17.99	-8.785	-10.561	-74.1
18.0	-8.787	-10.536	-65.2
18.01	-8.791	-11.113	-60.3
18.02	-8.794	-12.048	-64.0
18.03	-8.796	-12.898	-59.7
18.04	-8.799	-13.470	-51.1
18.05	-8.802	-13.663	-55.5
18.06	-8.804	-13.447	-60.9
18.07	-8.808	-12.903	-57.8
18.08	-8.812	-12.216	-60.1
18.09	-8.819	-11.580	-61.0
18.1	-8.828	-11.009	-58.9
18.11	-8.841	-10.550	-57.2
18.12	-8.855	-10.480	-46.6
18.13	-8.872	-10.766	-43.5
18.14	-8.889	-11.067	-44.9
18.15	-8.908	-11.261	-39.1
18.16	-8.927	-11.378	-36.7
18.17	-8.946	-11.427	-32.1
18.18	-8.966	-11.386	-18.0
18.19	-8.986	-11.205	-4.1
18.2	-9.005	-10.788	4.8
18.21	-9.023	-10.059	4.0
18.22	-9.041	-9.366	-3.4
18.23	-9.060	-9.227	-15.2
18.24	-9.080	-9.570	-33.8
18.25	-9.101	-10.039	-46.8
18.26	-9.122	-10.505	-48.5
18.27	-9.143	-10.911	-48.7
18.28	-9.162	-11.189	-40.3
18.29	-9.180	-11.336	-16.4
18.3	-9.199	-11.378	77.8
18.31	-9.223	-11.139	238.4
18.32	-9.248	-10.625	241.9
18.33	-9.275	-10.269	55.2
18.34	-9.303	-10.188	-69.9
18.35	-9.326	-10.191	-71.5
18.36	-9.345	-10.236	-46.1
18.37	-9.361	-10.345	-33.6
18.38	-9.377	-10.489	-30.1
18.39	-9.393	-10.666	-27.6
18.4	-9.411	-10.916	-19.7
18.41	-9.430	-11.150	-12.3
18.42	-9.450	-11.075	-21.5
18.43	-9.470	-10.308	-18.1
18.44	-9.491	-8.595	10.3
18.45	-9.511	-6.184	19.4
18.46	-9.529	-3.631	19.9
18.47	-9.547	-1.211	31.3
18.48	-9.563	0.627	42.4
18.49	-9.579	1.278	56.1
18.5	-9.596	0.822	72.5
18.51	-9.614	-0.281	93.3
18.52	-9.633	-1.667	123.6
18.53	-9.651	-3.127	158.6
18.54	-9.671	-4.563	196.3
18.55	-9.693	-5.881	226.3
18.56	-9.717	-6.978	240.0
18.57	-9.742	-7.791	236.2
18.58	-9.766	-8.363	206.0
18.59	-9.791	-8.600	149.3
18.6	-9.818	-8.384	73.9
18.61	-9.846	-8.022	1.2
18.62	-9.873	-7.838	-50.1
18.63	-9.898	-7.805	-81.8
18.64	-9.921	-7.811	-84.3
18.65	-9.942	-7.897	-79.9
18.66	-9.963	-8.213	-88.1
18.67	-9.981	-8.767	-92.6
18.68	-9.997	-9.398	-94.9
18.69	-10.013	-9.925	-97.7
18.7	-10.030	-10.298	-92.6
18.71	-10.048	-10.570	-84.2
18.72	-10.069	-10.795	-88.1
18.73	-10.089	-10.925	-87.3
18.74	-10.110	-10.602	-68.1
18.75	-10.128	-9.764	-58.7
18.76	-10.146	-8.966	-59.5
18.77	-10.164	-8.514	-63.1
18.78	-10.182	-8.378	-66.2
18.79	-10.198	-8.495	-61.3
18.8	-10.214	-8.773	-59.4
18.81	-10.228	-9.139	-67.1
18.82	-10.242	-9.573	-75.6
18.83	-10.254	-10.080	-70.5
18.84	-10.268	-10.620	-55.2
18.85	-10.279	-11.127	-53.4
18.86	-10.289	-11.553	-61.5
18.87	-10.299	-11.655	-62.4
18.88	-10.309	-11.269	-57.1
18.89	-10.319	-10.778	-55.8
18.9	-10.331	-10.511	-59.7
18.91	-10.341	-10.434	-58.8
18.92	-10.351	-10.484	-55.4
18.93	-10.358	-10.634	-57.2
18.94	-10.364	-10.928	-54.8
18.95	-10.371	-11.334	-48.7
18.96	-10.378	-11.614	-39.9
18.97	-10.384	-11.525	-29.8
18.98	-10.391	-11.220	-26.1
18.99	-10.397	-11.033	-14.8
19.0	-10.401	-11.033	1.8
19.01	-10.404	-11.125	5.9
19.02	-10.406	-11.250	2.9
19.03	-10.404	-11.383	-12.9
19.04	-10.402	-11.516	-35.3
19.05	-10.399	-11.638	-46.9
19.06	-10.396	-11.738	-48.6
19.07	-10.393	-11.798	-48.5
19.08	-10.387	-11.733	-48.0
19.09	-10.376	-11.403	-37.5
19.1	-10.359	-10.977	0.5
19.11	-10.342	-10.772	127.2
19.12	-10.326	-10.838	264.2
19.13	-10.310	-11.092	182.3
19.14	-10.289	-11.445	-21.3
19.15	-10.260	-11.723	-101.3
19.16	-10.231	-11.683	-78.6
19.17	-10.201	-11.295	-46.3
19.18	-10.166	-10.864	-34.8
19.19	-10.125	-10.580	-34.9
19.2	-10.084	-10.439	-32.4
19.21	-10.049	-10.398	-27.5
19.22	-10.017	-10.358	-15.9
19.23	-9.986	-10.155	-11.7
19.24	-9.955	-9.611	-11.2
19.25	-9.924	-8.527	-2.5
19.26	-9.893	-6.783	11.4
19.27	-9.863	-4.605	25.3
19.28	-9.833	-2.541	31.5
19.29	-9.804	-1.111	40.6
19.3	-9.775	-0.583	56.1
19.31	-9.748	-0.980	71.1
19.32	-9.722	-2.130	101.9
19.33	-9.699	-3.716	144.0
19.34	-9.678	-5.409	177.7
19.35	-9.659	-6.986	203.3
19.36	-9.643	-8.308	223.9
19.37	-9.626	-9.292	230.8
19.38	-9.609	-9.933	216.0
19.39	-9.593	-10.345	172.1
19.4	-9.579	-10.683	105.6
19.41	-9.569	-10.948	35.2
19.42	-9.558	-11.114	-22.5
19.43	-9.543	-11.169	-63.1
19.44	-9.527	-11.158	-88.3
19.45	-9.510	-11.219	-96.1
19.46	-9.492	-11.391	-98.5
19.47	-9.473	-11.661	-103.1
19.48	-9.455	-12.016	-102.2
19.49	-9.440	-12.405	-101.9
19.5	-9.428	-12.866	-101.7
19.51	-9.415	-13.717	-100.0
19.52	-9.402	-15.477	-96.6
19.53	-9.389	-18.250	-82.9
19.54	-9.375	-21.230	-73.4
19.55	-9.361	-23.125	-73.9
19.56	-9.348	-23.200	-72.6
19.57	-9.334	-22.295	-73.0
19.58	-9.321	-22.333	-73.3
19.59	-9.306	-23.953	-71.3
19.6	-9.291	-25.681	-72.4
19.61	-9.274	-25.667	-71.7
19.62	-9.258	-23.539	-71.2
19.63	-9.242	-20.270	-71.0
19.64	-9.228	-16.995	-58.2
19.65	-9.213	-14.603	-57.5
19.66	-9.198	-13.211	-71.2
19.67	-9.184	-12.339	-68.0
19.68	-9.169	-11.766	-61.7
19.69	-9.156	-11.503	-60.9
19.7	-9.144	-11.417	-62.1
19.71	-9.131	-11.119	-69.4
19.72	-9.119	-10.661	-70.4
19.73	-9.107	-10.378	-63.7
19.74	-9.096	-10.431	-57.0
19.75	-9.085	-10.711	-49.2
19.76	-9.074	-10.739	-41.3
19.77	-9.064	-10.414	-39.4
19.78	-9.055	-9.950	-34.3
19.79	-9.046	-9.566	-22.3
19.8	-9.037	-9.667	-12.5
19.81	-9.028	-10.267	-10.3
19.82	-9.019	-10.920	-18.8
19.83	-9.009	-11.298	-37.9
19.84	-8.998	-11.347	-56.0
19.85	-8.988	-11.077	-56.0
19.86	-8.979	-10.331	-52.7
19.87	-8.969	-8.853	-60.5
19.88	-8.958	-6.950	-57.0
19.89	-8.946	-5.264	-39.4
19.9	-8.936	-4.034	35.8
19.91	-8.930	-3.216	194.5
19.92	-8.928	-2.647	242.4
19.93	-8.925	-2.380	85.3
19.94	-8.921	-2.803	-63.6
19.95	-8.917	-3.864	-94.5
19.96	-8.911	-5.042	-64.8
19.97	-8.902	-5.908	-35.3
19.98	-8.891	-6.513	-36.9
19.99	-8.879	-7.131	-43.3
20.0	-8.868	-8.075	-37.2
20.01	-8.858	-9.502	-30.3
20.02	-8.849	-10.577	-23.5
20.03	-8.841	-10.497	-19.2
20.04	-8.832	-9.191	-15.3
20.05	-8.824	-6.891	-7.3
20.06	-8.816	-4.289	2.3
20.07	-8.808	-2.125	11.3
20.08	-8.799	-0.745	21.6
20.09	-8.789	-0.344	36.2
20.1	-8.779	-0.958	56.6
20.11	-8.771	-2.291	83.6
20.12	-8.765	-3.903	116.2
20.13	-8.759	-5.463	149.2
20.14	-8.756	-6.794	182.2
20.15	-8.754	-7.852	214.3
20.16	-8.754	-8.672	228.0
20.17	-8.753	-9.261	222.7
20.18	-8.752	-9.636	207.2
20.19	-8.752	-9.836	153.2
20.2	-8.752	-9.930	71.7
20.21	-8.754	-10.130	-1.8
20.22	-8.757	-10.552	-56.8
20.23	-8.757	-10.919	-87.1
20.24	-8.755	-10.903	-96.9
20.25	-8.753	-10.158	-102.8
20.26	-8.751	-8.475	-107.4
20.27	-8.749	-6.525	-107.8
20.28	-8.745	-5.052	-105.3
20.29	-8.742	-3.927	-93.9
20.3	-8.741	-3.389	-88.3
20.31	-8.741	-4.086	-91.5
20.32	-8.743	-5.441	-86.8
20.33	-8.746	-6.445	-82.1
20.34	-8.748	-7.086	-81.6
20.35	-8.748	-7.770	-78.8
20.36	-8.748	-8.723	-75.2
20.37	-8.746	-9.917	-74.9
20.38	-8.745	-11.111	-75.9
20.39	-8.744	-12.092	-69.7
20.4	-8.743	-12.820	-63.7
20.41	-8.741	-13.328	-67.0
20.42	-8.738	-13.542	-64.8
20.43	-8.733	-13.855	-63.1
20.44	-8.729	-14.800	-68.0
20.45	-8.726	-15.944	-69.8
20.46	-8.724	-16.673	-65.6
20.47	-8.723	-17.108	-64.3
20.48	-8.722	-17.664	-66.3
20.49	-8.722	-18.514	-56.8
20.5	-8.721	-19.497	-52.9
20.51	-8.721	-20.169	-61.8
20.52	-8.721	-20.383	-58.9
20.53	-8.720	-20.395	-58.3
20.54	-8.719	-19.945	-60.8
20.55	-8.719	-18.708	-54.2
20.56	-8.719	-17.209	-45.9
20.57	-8.719	-15.913	-47.2
20.58	-8.717	-14.492	-49.3
20.59	-8.716	-12.588	-44.3
20.6	-8.716	-10.480	-43.6
20.61	-8.714	-8.819	-43.7
20.62	-8.714	-7.942	-42.3
20.63	-8.713	-7.698	-36.7
20.64	-8.711	-7.908	-15.8
20.65	-8.709	-8.586	5.1
20.66	-8.707	-9.397	14.1
20.67	-8.706	-9.850	12.6
20.68	-8.705	-9.981	-5.6
20.69	-8.704	-10.064	-27.5
20.7	-8.704	-10.144	-42.5
20.71	-8.705	-10.133	-52.1
20.72	-8.707	-10.008	-50.0
20.73	-8.709	-9.814	-47.8
20.74	-8.711	-9.536	-39.0
20.75	-8.713	-9.172	-1.1
20.76	-8.716	-8.716	115.8
20.77	-8.724	-7.856	258.4
20.78	-8.735	-6.653	213.1
20.79	-8.751	-5.813	28.1
20.8	-8.769	-5.805	-66.0
20.81	-8.786	-6.392	-58.7
20.82	-8.800	-7.048	-37.6
20.83	-8.813	-7.713	-34.1
20.84	-8.826	-8.444	-35.0
20.85	-8.838	-9.052	-27.9
20.86	-8.851	-9.442	-20.1
20.87	-8.866	-9.588	-18.4
20.88	-8.883	-9.492	-11.3
20.89	-8.901	-8.912	-3.6
20.9	-8.919	-7.389	1.1
20.91	-8.938	-5.100	10.3
20.92	-8.956	-2.658	20.4
20.93	-8.972	-0.394	32.7
20.94	-8.986	1.278	48.1
20.95	-8.999	1.792	60.7
20.96	-9.013	1.138	77.9
20.97	-9.029	-0.217	106.5
20.98	-9.049	-1.772	139.0
20.99	-9.071	-3.209	175.0
21.0	-9.094	-4.394	211.4
21.01	-9.119	-5.144	238.9
21.02	-9.146	-5.373	250.1
21.03	-9.172	-5.444	240.5
21.04	-9.198	-5.766	206.7
21.05	-9.224	-6.306	142.0
21.06	-9.251	-6.833	62.5
21.07	-9.279	-7.202	-6.6
21.08	-9.304	-7.392	-54.3
21.09	-9.328	-7.511	-79.0
21.1	-9.351	-7.881	-82.4
21.11	-9.374	-8.775	-84.7
21.12	-9.397	-10.048	-90.3
21.13	-9.420	-11.259	-86.1
21.14	-9.443	-12.041	-81.0
21.15	-9.464	-12.427	-79.9
21.16	-9.484	-12.578	-74.9
21.17	-9.506	-12.509	-72.1
21.18	-9.530	-12.200	-78.5
21.19	-9.556	-11.728	-79.4
21.2	-9.582	-11.308	-69.9
21.21	-9.610	-10.945	-59.5
21.22	-9.636	-10.517	-50.7
21.23	-9.661	-10.117	-52.7
21.24	-9.685	-9.923	-60.5
21.25	-9.709	-10.013	-60.1
21.26	-9.731	-10.284	-56.9
21.27	-9.752	-10.552	-59.3
21.28	-9.774	-10.778	-65.1
21.29	-9.796	-10.889	-68.3
21.3	-9.819	-10.664	-62.6
21.31	-9.843	-10.269	-54.7
21.32	-9.866	-10.016	-51.8
21.33	-9.889	-9.936	-50.3
21.34	-9.911	-10.014	-52.6
21.35	-9.933	-10.164	-55.3
21.36	-9.954	-10.288	-53.6
21.37	-9.976	-10.364	-54.7
21.38	-9.999	-10.408	-52.4
21.39	-10.020	-10.472	-50.0
21.4	-10.041	-10.647	-53.6
21.41	-10.059	-10.938	-53.0
21.42	-10.076	-11.353	-46.8
21.43	-10.093	-11.914	-40.4
21.44	-10.109	-12.539	-38.3
21.45	-10.124	-13.192	-39.3
21.46	-10.138	-13.772	-36.3
21.47	-10.152	-14.120	-30.8
21.48	-10.166	-14.250	-19.4
21.49	-10.179	-14.242	0.8
21.5	-10.192	-14.175	13.3
21.51	-10.204	-14.120	13.7
21.52	-10.214	-14.080	5.1
21.53	-10.221	-13.966	-16.4
21.54	-10.228	-13.650	-32.8
21.55	-10.235	-13.148	-40.9
21.56	-10.245	-12.702	-45.2
21.57	-10.255	-12.563	-41.7
21.58	-10.262	-12.816	-37.1
21.59	-10.266	-13.180	-24.4
21.6	-10.271	-13.008	40.9
21.61	-10.278	-12.166	192.3
21.62	-10.288	-11.298	270.7
21.63	-10.296	-10.791	125.2
21.64	-10.299	-10.561	-55.3
21.65	-10.298	-10.475	-94.5
21.66	-10.297	-10.466	-63.3
21.67	-10.294	-10.413	-43.7
21.68	-10.283	-10.242	-34.1
21.69	-10.269	-10.148	-28.9
21.7	-10.258	-10.205	-28.3
21.71	-10.253	-10.319	-23.3
21.72	-10.251	-10.497	-11.3
21.73	-10.249	-10.692	-1.0
21.74	-10.248	-10.558	0.7
21.75	-10.246	-9.577	3.6
21.76	-10.243	-7.639	12.8
21.77	-10.238	-5.339	22.1
21.78	-10.232	-3.495	32.3
21.79	-10.224	-2.506	46.1
21.8	-10.214	-2.081	66.5
21.81	-10.204	-2.002	91.8
21.82	-10.193	-2.527	114.0
21.83	-10.179	-3.627	142.1
21.84	-10.163	-5.053	181.8
21.85	-10.144	-6.689	209.6
21.86	-10.122	-8.313	219.2
21.87	-10.098	-9.605	224.3
21.88	-10.071	-10.403	211.5
21.89	-10.044	-10.789	162.7
21.9	-10.020	-10.930	91.3
21.91	-9.999	-10.898	20.1
21.92	-9.979	-10.638	-34.3
21.93	-9.956	-9.938	-68.3
21.94	-9.932	-8.934	-89.6
21.95	-9.907	-8.228	-92.0
21.96	-9.881	-8.048	-84.8
21.97	-9.854	-8.234	-88.4
21.98	-9.829	-8.653	-95.1
21.99	-9.806	-9.188	-94.3
22.0	-9.784	-9.722	-87.5
22.01	-9.764	-10.084	-80.7
22.02	-9.744	-10.181	-81.1
22.03	-9.724	-10.077	-80.6
22.04	-9.704	-9.930	-70.2
22.05	-9.686	-9.895	-66.1
22.06	-9.668	-10.014	-62.7
22.07	-9.651	-10.233	-55.0
22.08	-9.634	-10.463	-57.2
22.09	-9.616	-10.658	-62.4
22.1	-9.599	-10.808	-60.2
22.11	-9.581	-10.883	-57.6
22.12	-9.563	-10.639	-59.1
22.13	-9.547	-9.747	-61.0
22.14	-9.531	-8.634	-60.3
22.15	-9.516	-8.258	-60.1
22.16	-9.501	-8.953	-59.2
22.17	-9.488	-10.148	-55.3
22.18	-9.476	-10.945	-53.8
22.19	-9.463	-11.038	-54.8
22.2	-9.451	-10.919	-53.3
22.21	-9.439	-11.063	-53.1
22.22	-9.427	-11.395	-54.8
22.23	-9.415	-11.722	-54.1
22.24	-9.402	-12.005	-54.1
22.25	-9.390	-12.278	-54.9
22.26	-9.378	-12.513	-55.5
22.27	-9.367	-12.652	-52.3
22.28	-9.356	-12.713	-37.3
22.29	-9.345	-12.739	-29.6
22.3	-9.334	-12.767	-28.0
22.31	-9.324	-12.756	-13.3
22.32	-9.313	-12.503	2.8
22.33	-9.302	-12.003	7.5
22.34	-9.291	-11.552	-0.2
22.35	-9.279	-11.278	-21.6
22.36	-9.266	-11.214	-41.4
22.37	-9.254	-11.306	-46.9
22.38	-9.245	-11.363	-49.3
22.39	-9.236	-11.305	-48.7
22.4	-9.225	-11.331	-41.5
22.41	-9.212	-11.659	-29.9
22.42	-9.198	-12.169	31.3
22.43	-9.187	-12.527	187.7
22.44	-9.181	-12.463	272.6
22.45	-9.174	-12.088	133.3
22.46	-9.165	-11.759	-37.3
22.47	-9.156	-11.591	-86.1
22.48	-9.145	-11.547	-67.9
22.49	-9.133	-11.544	-46.5
22.5	-9.117	-11.502	-40.0
22.51	-9.099	-11.434	-31.2
22.52	-9.082	-11.348	-26.6
22.53	-9.066	-11.188	-27.2
22.54	-9.053	-10.853	-21.1
22.55	-9.041	-10.195	-12.3
22.56	-9.029	-8.970	-4.2
22.57	-9.018	-6.981	1.5
22.58	-9.008	-4.459	5.8
22.59	-8.996	-2.022	14.2
22.6	-8.984	-0.211	29.6
22.61	-8.970	0.822	47.9
22.62	-8.956	1.025	65.4
22.63	-8.944	0.344	84.7
22.64	-8.933	-0.981	112.6
22.65	-8.924	-2.609	147.1
22.66	-8.917	-4.313	183.1
22.67	-8.913	-5.972	210.3
22.68	-8.911	-7.513	226.7
22.69	-8.909	-8.798	232.6
22.7	-8.908	-9.684	211.3
22.71	-8.905	-10.141	160.5
22.72	-8.904	-10.177	89.6
22.73	-8.905	-9.813	15.7
22.74	-8.908	-9.395	-41.9
22.75	-8.909	-9.230	-75.9
22.76	-8.908	-9.234	-90.8
22.77	-8.907	-9.327	-97.5
22.78	-8.906	-9.505	-102.3
22.79	-8.902	-9.766	-103.0
22.8	-8.899	-10.105	-100.7
22.81	-8.895	-10.466	-103.3
22.82	-8.893	-10.786	-100.6
22.83	-8.893	-10.966	-94.0
22.84	-8.894	-10.753	-92.1
22.85	-8.896	-10.145	-86.5
22.86	-8.897	-9.545	-79.0
22.87	-8.897	-9.173	-78.1
22.88	-8.898	-8.989	-74.6
22.89	-8.898	-8.953	-70.4
22.9	-8.899	-9.052	-71.8
22.91	-8.898	-9.297	-71.7
22.92	-8.897	-9.717	-68.6
22.93	-8.894	-10.291	-70.5
22.94	-8.890	-10.892	-74.1
22.95	-8.885	-11.386	-73.0
22.96	-8.881	-11.753	-68.4
22.97	-8.876	-12.059	-66.0
22.98	-8.871	-12.288	-66.3
22.99	-8.867	-12.169	-64.6
23.0	-8.864	-11.684	-65.8
23.01	-8.861	-11.281	-67.8
23.02	-8.859	-11.205	-65.4
23.03	-8.856	-11.453	-64.4
23.04	-8.854	-11.958	-67.4
23.05	-8.851	-12.514	-67.0
23.06	-8.849	-12.945	-60.7
23.07	-8.847	-13.223	-59.3
23.08	-8.845	-13.369	-61.6
23.09	-8.844	-13.347	-59.8
23.1	-8.843	-13.036	-58.9
23.11	-8.841	-12.413	-58.8
23.12	-8.839	-11.783	-58.7
23.13	-8.835	-11.373	-61.4
23.14	-8.831	-11.181	-59.7
23.15	-8.826	-11.180	-56.4
23.16	-8.821	-11.263	-50.7
23.17	-8.816	-11.306	-38.5
23.18	-8.811	-11.323	-27.5
23.19	-8.808	-11.386	-18.7
23.2	-8.804	-11.486	-9.1
23.21	-8.801	-11.586	0.1
23.22	-8.797	-11.653	-3.6
23.23	-8.792	-11.650	-24.8
23.24	-8.788	-11.461	-44.9
23.25	-8.784	-11.067	-56.6
23.26	-8.781	-10.738	-57.1
23.27	-8.779	-10.600	-54.6
23.28	-8.776	-10.588	-53.0
23.29	-8.771	-10.675	-40.7
23.3	-8.766	-10.781	17.8
23.31	-8.764	-10.848	167.7
23.32	-8.764	-10.858	257.3
23.33	-8.764	-10.834	132.8
23.34	-8.766	-10.802	-32.9
23.35	-8.766	-10.759	-83.3
23.36	-8.762	-10.723	-70.0
23.37	-8.756	-10.781	-50.8
23.38	-8.751	-11.089	-41.4
23.39	-8.745	-11.509	-41.2
23.4	-8.738	-11.672	-38.5
23.41	-8.731	-11.491	-31.9
23.42	-8.727	-10.964	-26.7
23.43	-8.722	-9.805	-22.9
23.44	-8.717	-7.698	-15.8
23.45	-8.713	-4.728	-7.8
23.46	-8.708	-1.541	-2.0
23.47	-8.702	1.038	7.2
23.48	-8.695	2.411	20.4
23.49	-8.687	2.495	33.5
23.5	-8.679	1.616	48.0
23.51	-8.673	0.100	72.7
23.52	-8.668	-1.838	106.4
23.53	-8.664	-3.891	141.3
23.54	-8.662	-5.594	175.8
23.55	-8.661	-6.805	205.5
23.56	-8.662	-7.711	227.3
23.57	-8.663	-8.345	233.5
23.58	-8.665	-8.723	213.0
23.59	-8.667	-8.983	160.7
23.6	-8.670	-9.161	87.2
23.61	-8.674	-9.178	15.1
23.62	-8.678	-9.011	-41.2
23.63	-8.681	-8.789	-81.3
23.64	-8.683	-8.706	-98.7
23.65	-8.683	-8.850	-104.6
23.66	-8.684	-9.202	-111.9
23.67	-8.685	-9.559	-111.1
23.68	-8.684	-9.805	-104.6
23.69	-8.684	-10.145	-103.2
23.7	-8.686	-10.628	-104.6
23.71	-8.691	-10.992	-101.9
23.72	-8.699	-11.048	-95.4
23.73	-8.710	-10.817	-92.1
23.74	-8.723	-10.422	-93.0
23.75	-8.738	-9.958	-88.1
23.76	-8.752	-9.548	-80.6
23.77	-8.769	-9.300	-80.6
23.78	-8.787	-9.233	-76.0
23.79	-8.808	-9.298	-64.2
23.8	-8.828	-9.461	-65.4
23.81	-8.848	-9.819	-74.9
23.82	-8.867	-10.414	-74.4
23.83	-8.886	-10.997	-67.4
23.84	-8.904	-11.211	-64.8
23.85	-8.921	-11.064	-66.2
23.86	-8.938	-10.925	-69.9
23.87	-8.956	-10.966	-68.6
23.88	-8.974	-11.134	-57.6
23.89	-8.992	-11.353	-58.7
23.9	-9.012	-11.541	-65.4
23.91	-9.032	-11.642	-62.8
23.92	-9.053	-11.655	-58.3
23.93	-9.072	-11.606	-56.3
23.94	-9.092	-11.475	-57.9
23.95	-9.113	-11.198	-57.7
23.96	-9.135	-10.841	-55.3
23.97	-9.158	-10.578	-58.8
23.98	-9.179	-10.508	-56.5
23.99	-9.201	-10.594	-45.4
24.0	-9.223	-10.820	-41.3
24.01	-9.245	-11.195	-44.3
24.02	-9.267	-11.686	-44.7
24.03	-9.289	-12.216	-44.0
24.04	-9.311	-12.666	-46.5
24.05	-9.334	-12.881	-48.2
24.06	-9.357	-12.652	-43.8
24.07	-9.380	-12.059	-38.5
24.08	-9.403	-11.522	-40.2
24.09	-9.425	-11.289	-40.8
24.1	-9.447	-11.378	-32.3
24.11	-9.469	-11.675	-18.4
24.12	-9.492	-12.038	-3.0
24.13	-9.514	-12.361	8.3
24.14	-9.537	-12.539	13.0
24.15	-9.559	-12.575	6.7
24.16	-9.580	-12.575	-9.4
24.17	-9.600	-12.570	-23.8
24.18	-9.622	-12.531	-40.6
24.19	-9.644	-12.448	-49.3
24.2	-9.668	-12.328	-40.0
24.21	-9.688	-12.275	-31.2
24.22	-9.707	-12.377	-25.8
24.23	-9.727	-12.538	8.3
24.24	-9.749	-12.620	147.0
24.25	-9.774	-12.598	281.0
24.26	-9.799	-12.516	189.6
24.27	-9.821	-12.408	-3.7
24.28	-9.837	-12.258	-81.7
24.29	-9.849	-12.050	-65.7
24.3	-9.857	-11.866	-42.1
24.31	-9.864	-11.786	-36.6
24.32	-9.871	-11.822	-33.6
24.33	-9.877	-11.963	-28.4
24.34	-9.887	-12.081	-24.3
24.35	-9.899	-11.922	-18.9
24.36	-9.912	-11.183	-10.6
24.37	-9.926	-9.563	-4.1
24.38	-9.939	-6.981	-3.2
24.39	-9.951	-3.847	3.1
24.4	-9.962	-0.894	17.9
24.41	-9.971	1.288	29.5
24.42	-9.979	2.448	41.0
24.43	-9.986	2.536	57.5
24.44	-9.994	1.656	77.7
24.45	-10.003	0.150	103.0
24.46	-10.013	-1.634	135.2
24.47	-10.026	-3.513	168.8
24.48	-10.039	-5.358	195.6
24.49	-10.053	-6.988	213.5
24.5	-10.066	-8.236	225.2
24.51	-10.079	-9.047	222.8
24.52	-10.092	-9.489	190.1
24.53	-10.104	-9.661	128.7
24.54	-10.118	-9.652	55.7
24.55	-10.133	-9.559	-8.3
24.56	-10.146	-9.395	-55.8
24.57	-10.156	-9.113	-85.7
24.58	-10.164	-8.816	-98.7
24.59	-10.171	-8.691	-99.9
24.6	-10.175	-8.838	-91.8
24.61	-10.178	-9.239	-90.7
24.62	-10.181	-9.730	-93.3
24.63	-10.184	-10.136	-90.1
24.64	-10.189	-10.380	-88.2
24.65	-10.196	-10.481	-86.5
24.66	-10.202	-10.463	-86.9
24.67	-10.206	-10.311	-84.8
24.68	-10.210	-10.092	-74.1
24.69	-10.213	-9.845	-70.2
24.7	-10.216	-9.584	-71.7
24.71	-10.216	-9.367	-62.9
24.72	-10.215	-9.247	-57.8
24.73	-10.213	-9.250	-63.6
24.74	-10.209	-9.400	-65.4
24.75	-10.204	-9.748	-66.5
24.76	-10.198	-10.228	-69.3
24.77	-10.190	-10.698	-70.8
24.78	-10.179	-11.056	-67.9
24.79	-10.168	-11.206	-61.8
24.8	-10.156	-11.178	-62.1
24.81	-10.143	-11.111	-64.7
24.82	-10.129	-11.094	-63.9
24.83	-10.114	-11.152	-61.7
24.84	-10.098	-11.275	-64.0
24.85	-10.081	-11.473	-69.5
24.86	-10.063	-11.717	-66.1
24.87	-10.046	-11.944	-58.5
24.88	-10.027	-12.152	-55.6
24.89	-10.009	-12.342	-54.0
24.9	-9.992	-12.461	-53.5
24.91	-9.974	-12.477	-56.8
24.92	-9.956	-12.422	-59.4
24.93	-9.937	-12.331	-52.9
24.94	-9.919	-12.189	-46.0
24.95	-9.901	-12.013	-46.1
24.96	-9.883	-11.920	-34.1
24.97	-9.866	-11.973	-12.3
24.98	-9.847	-12.083	-0.6
24.99	-9.828	-12.147	-1.2
25.0	-9.808	-12.175	-7.6
25.01	-9.787	-12.183	-27.0
25.02	-9.767	-12.148	-49.0
25.03	-9.749	-12.042	-58.4
25.04	-9.733	-11.845	-65.3
25.05	-9.719	-11.580	-62.0
25.06	-9.703	-11.341	-47.3
25.07	-9.684	-11.175	-33.1
25.08	-9.666	-11.025	34.2
25.09	-9.649	-10.845	192.8
25.1	-9.636	-10.661	251.8
25.11	-9.623	-10.544	85.1
25.12	-9.606	-10.569	-79.3
25.13	-9.587	-10.669	-100.8
25.14	-9.568	-10.763	-70.2
25.15	-9.546	-10.931	-51.6
25.16	-9.521	-11.172	-46.9
25.17	-9.494	-11.367	-42.3
25.18	-9.472	-11.506	-35.4
25.19	-9.453	-11.644	-30.3
25.2	-9.436	-11.738	-25.3
25.21	-9.419	-11.517	-16.7
25.22	-9.402	-10.616	-9.7
25.23	-9.386	-8.816	-7.2
25.24	-9.371	-6.238	1.0
25.25	-9.354	-3.409	12.1
25.26	-9.337	-0.989	18.4
25.27	-9.319	0.602	30.8
25.28	-9.301	1.186	58.5
25.29	-9.283	0.892	91.3
25.3	-9.268	0.056	117.1
25.31	-9.252	-1.150	151.4
25.32	-9.240	-2.653	189.2
25.33	-9.229	-4.314	215.7
25.34	-9.219	-6.000	235.4
25.35	-9.209	-7.580	236.6
25.36	-9.199	-8.905	214.0
25.37	-9.189	-9.855	160.2
25.38	-9.181	-10.413	88.7
25.39	-9.174	-10.663	25.7
25.4	-9.168	-10.713	-30.4
25.41	-9.158	-10.656	-68.4
25.42	-9.146	-10.620	-89.0
25.43	-9.136	-10.683	-103.6
25.44	-9.124	-10.831	-106.6
25.45	-9.110	-11.045	-106.1
25.46	-9.098	-11.289	-110.5
25.47	-9.086	-11.500	-109.1
25.48	-9.076	-11.639	-103.6
25.49	-9.066	-11.608	-98.1
25.5	-9.056	-11.347	-90.1
25.51	-9.048	-10.870	-86.9
25.52	-9.039	-10.255	-82.9
25.53	-9.030	-9.702	-76.1
25.54	-9.019	-9.330	-70.3
25.55	-9.009	-9.125	-68.9
25.56	-8.999	-9.095	-72.6
25.57	-8.989	-9.278	-67.8
25.58	-8.978	-9.647	-60.1
25.59	-8.964	-10.080	-61.8
25.6	-8.951	-10.475	-65.9
25.61	-8.939	-10.827	-65.1
25.62	-8.928	-11.150	-59.4
25.63	-8.916	-11.433	-59.8
25.64	-8.905	-11.673	-65.1
25.65	-8.894	-11.856	-62.5
25.66	-8.884	-11.973	-58.8
25.67	-8.876	-12.050	-59.1
25.68	-8.867	-12.092	-59.6
25.69	-8.858	-12.111	-57.7
25.7	-8.849	-12.144	-56.3
25.71	-8.841	-12.253	-54.9
25.72	-8.834	-12.548	-50.1
25.73	-8.826	-12.972	-47.0
25.74	-8.818	-13.277	-46.7
25.75	-8.811	-13.456	-46.5
25.76	-8.803	-13.816	-47.4
25.77	-8.796	-14.445	-45.7
25.78	-8.790	-15.131	-41.1
25.79	-8.784	-15.583	-44.3
25.8	-8.777	-15.570	-44.6
25.81	-8.772	-15.092	-33.8
25.82	-8.766	-14.325	-17.1
25.83	-8.759	-13.413	-0.0
25.84	-8.751	-12.467	8.5
25.85	-8.742	-11.561	8.9
25.86	-8.736	-10.722	-2.0
25.87	-8.729	-10.005	-22.4
25.88	-8.724	-9.358	-39.5
25.89	-8.719	-8.614	-45.6
25.9	-8.716	-7.505	-43.1
25.91	-8.711	-5.788	-45.6
25.92	-8.706	-3.681	-45.1
25.93	-8.700	-1.530	-23.8
25.94	-8.696	0.364	74.4
25.95	-8.695	1.423	240.3
25.96	-8.696	1.366	247.6
25.97	-8.696	0.391	67.9
25.98	-8.696	-1.214	-59.1
25.99	-8.694	-3.066	-74.4
26.0	-8.690	-4.822	-54.7
26.01	-8.684	-6.317	-40.4
26.02	-8.677	-7.447	-37.6
26.03	-8.669	-7.988	-33.3
26.04	-8.661	-7.364	-25.7
26.05	-8.655	-4.892	-18.7
26.06	-8.649	-1.422	-13.3
26.07	-8.643	0.389	-7.3
26.08	-8.636	0.011	-2.8
26.09	-8.628	-0.338	-0.5
26.1	-8.623	0.195	7.5
26.11	-8.618	0.803	20.5
26.12	-8.612	0.928	36.1
26.13	-8.604	0.436	54.6
26.14	-8.600	-0.614	67.7
26.15	-8.598	-2.058	88.5
26.16	-8.596	-3.711	130.0
26.17	-8.593	-5.422	171.7
26.18	-8.592	-7.033	202.4
26.19	-8.592	-8.419	228.5
26.2	-8.593	-9.516	244.6
26.21	-8.594	-10.286	242.9
26.22	-8.598	-10.720	218.2
26.23	-8.601	-10.883	157.1
26.24	-8.603	-10.883	72.6
26.25	-8.606	-10.766	-1.6
26.26	-8.610	-10.528	-55.1
26.27	-8.611	-10.217	-79.8
26.28	-8.610	-9.911	-83.5
26.29	-8.607	-9.716	-90.0
26.3	-8.606	-9.756	-96.0
26.31	-8.603	-10.053	-93.4
26.32	-8.601	-10.495	-94.8
26.33	-8.598	-10.927	-96.7
26.34	-8.595	-11.213	-94.2
26.35	-8.594	-11.314	-94.3
26.36	-8.594	-11.231	-92.0
26.37	-8.594	-10.989	-83.6
26.38	-8.594	-10.647	-71.4
26.39	-8.594	-10.316	-67.2
26.4	-8.594	-10.133	-68.4
26.41	-8.596	-10.166	-62.7
26.42	-8.598	-10.331	-65.3
26.43	-8.603	-10.609	-70.7
26.44	-8.612	-11.425	-65.4
26.45	-8.624	-12.998	-61.3
26.46	-8.641	-14.942	-64.1
26.47	-8.662	-17.542	-71.3
26.48	-8.688	-21.445	-73.8
26.49	-8.718	-25.555	-67.5
26.5	-8.751	-28.416	-60.5
26.51	-8.785	-31.023	-60.8
26.52	-8.821	-33.720	-74.3
26.53	-8.859	-35.172	-79.2
26.54	-8.902	-34.980	-68.8
26.55	-8.946	-32.698	-67.0
26.56	-8.989	-28.963	-66.2
26.57	-9.031	-25.563	-62.8
26.58	-9.077	-22.913	-72.2
26.59	-9.127	-20.672	-67.9
26.6	-9.180	-17.820	-48.6
26.61	-9.236	-14.155	-53.8
26.62	-9.292	-11.513	-68.0
26.63	-9.350	-10.692	-71.5
26.64	-9.409	-9.919	-68.2
26.65	-9.466	-7.823	-54.8
26.66	-9.522	-6.619	-42.4
26.67	-9.574	-7.188	-34.2
26.68	-9.625	-7.717	-38.7
26.69	-9.675	-8.077	-45.1
26.7	-9.724	-8.477	-23.8
26.71	-9.770	-8.567	0.0
26.72	-9.813	-8.291	-3.6
26.73	-9.851	-7.517	-15.7
26.74	-9.887	-5.636	-29.9
26.75	-9.920	-2.677	-48.0
26.76	-9.951	-0.844	-60.5
26.77	-9.981	-1.408	-66.2
26.78	-10.011	-2.809	-57.2
26.79	-10.041	-3.731	-43.0
26.8	-10.071	-3.975	-35.2
26.81	-10.103	-3.841	44.8
26.82	-10.138	-4.388	215.6
26.83	-10.171	-5.959	247.2
26.84	-10.203	-7.625	66.6
26.85	-10.232	-9.086	-74.0
26.86	-10.257	-10.453	-83.3
26.87	-10.279	-11.592	-54.9
26.88	-10.299	-12.547	-40.7
26.89	-10.319	-13.422	-43.3
26.9	-10.339	-14.161	-43.8
26.91	-10.363	-14.909	-32.8
26.92	-10.395	-15.936	-19.4
26.93	-10.431	-16.850	-9.1
26.94	-10.472	-16.692	-4.5
26.95	-10.514	-15.191	3.0
26.96	-10.556	-12.984	9.2
26.97	-10.597	-10.559	13.1
26.98	-10.631	-8.034	34.5
26.99	-10.658	-5.753	56.0
27.0	-10.684	-3.956	73.7
27.01	-10.712	-2.347	110.8
27.02	-10.742	2.281	152.8
27.03	-10.773	13.664	178.7
27.04	-10.803	28.459	205.8
27.05	-10.831	40.873	252.2
27.06	-10.858	48.317	279.9
27.07	-10.882	50.844	297.2
27.08	-10.904	51.134	295.0
27.09	-10.923	51.139	213.1
27.1	-10.942	51.134	128.9
27.11	-10.963	51.052	91.6
27.12	-10.989	49.056	40.3
27.13	-11.018	41.534	-29.8
27.14	-11.044	31.827	-73.3
27.15	-11.068	25.433	-94.6
27.16	-11.087	20.061	-104.9
27.17	-11.103	14.309	-93.2
27.18	-11.119	10.105	-79.7
27.19	-11.134	8.298	-57.3
27.2	-11.151	7.723	-53.9
27.21	-11.168	5.108	-93.6
27.22	-11.186	1.348	-103.2
27.23	-11.204	0.217	-85.3
27.24	-11.221	0.369	-76.4
27.25	-11.237	-1.450	-68.5
27.26	-11.249	-5.069	-79.3
27.27	-11.261	-9.111	-92.5
27.28	-11.271	-14.492	-89.1
27.29	-11.282	-21.044	-82.3
27.3	-11.290	-25.906	-79.3
27.31	-11.296	-30.170	-78.1
27.32	-11.301	-37.066	-74.1
27.33	-11.307	-44.614	-70.0
27.34	-11.311	-49.375	-69.9
27.35	-11.315	-50.994	-74.0
27.36	-11.320	-51.131	-76.5
27.37	-11.324	-51.141	-69.6
27.38	-11.328	-51.141	-66.1
27.39	-11.328	-51.141	-65.2
27.4	-11.326	-51.141	-59.5
27.41	-11.316	-51.141	-55.8
27.42	-11.298	-51.141	-55.0
27.43	-11.273	-51.141	-55.7
27.44	-11.237	-51.141	-45.5
27.45	-11.193	-51.141	-24.8
27.46	-11.141	-51.141	-13.8
27.47	-11.086	-51.141	-10.2
27.48	-11.031	-51.141	-4.8
27.49	-10.976	-51.141	-12.3
27.5	-10.924	-51.141	-35.8
27.51	-10.872	-51.141	-50.4
27.52	-10.822	-51.120	-62.0
27.53	-10.774	-50.772	-74.2
27.54	-10.727	-47.316	-73.7
27.55	-10.676	-38.748	-61.9
27.56	-10.624	-28.417	-42.8
27.57	-10.570	-19.633	36.3
27.58	-10.519	-14.688	184.0
27.59	-10.473	-13.769	190.5
27.6	-10.430	-12.209	4.9
27.61	-10.386	-6.922	-121.9
27.62	-10.349	0.509	-116.8
27.63	-10.320	10.128	-75.7
27.64	-10.292	26.902	-47.2
27.65	-10.259	44.034	-44.6
27.66	-10.222	50.642	-43.0
27.67	-10.186	51.106	-33.7
27.68	-10.149	51.139	-29.7
27.69	-10.111	51.139	-23.9
27.7	-10.073	51.139	-16.0
27.71	-10.034	51.139	-8.6
27.72	-9.996	51.139	1.6
27.73	-9.960	51.139	12.1
27.74	-9.925	51.139	18.8
27.75	-9.891	51.139	33.6
27.76	-9.857	51.139	53.5
27.77	-9.826	51.139	71.0
27.78	-9.798	51.136	101.8
27.79	-9.773	51.077	143.6
27.8	-9.751	49.995	181.2
27.81	-9.729	46.153	210.3
27.82	-9.711	41.069	234.6
27.83	-9.696	39.083	249.9
27.84	-9.681	41.684	243.9
27.85	-9.668	46.577	209.7
27.86	-9.655	50.094	140.9
27.87	-9.644	51.084	63.7
27.88	-9.635	51.136	5.4
27.89	-9.625	51.139	-43.7
27.9	-9.616	51.131	-72.8
27.91	-9.609	50.939	-81.2
27.92	-9.603	48.791	-93.7
27.93	-9.596	42.352	-95.8
27.94	-9.588	33.331	-85.8
27.95	-9.582	24.905	-83.5
27.96	-9.575	17.767	-88.3
27.97	-9.566	11.931	-89.0
27.98	-9.556	6.956	-83.4
27.99	-9.543	2.263	-81.3
28.0	-9.521	-2.181	-73.5
28.01	-9.493	-6.425	-56.7
28.02	-9.459	-10.486	-47.8
28.03	-9.422	-14.098	-51.1
28.04	-9.386	-17.680	-58.7
28.05	-9.350	-21.978	-55.1
28.06	-9.314	-25.464	-50.7
28.07	-9.278	-25.741	-57.9
28.08	-9.244	-23.777	-63.5
28.09	-9.214	-22.644	-58.9
28.1	-9.186	-23.506	-47.8
28.11	-9.162	-24.031	-50.6
28.12	-9.144	-22.288	-60.0
28.13	-9.127	-19.008	-55.0
28.14	-9.110	-15.183	-49.3
28.15	-9.095	-11.773	-43.9
28.16	-9.081	-8.553	-47.9
28.17	-9.064	-5.527	-60.2
28.18	-9.042	-5.052	-57.3
28.19	-9.014	-7.047	-52.9
28.2	-8.982	-6.713	-47.2
28.21	-8.946	-1.881	-13.5
28.22	-8.906	5.859	0.6
28.23	-8.863	17.697	-18.7
28.24	-8.818	33.591	-18.8
28.25	-8.766	44.195	-12.9
28.26	-8.703	40.864	-18.5
28.27	-8.633	28.763	-26.5
28.28	-8.558	18.291	-37.7
28.29	-8.479	10.350	-40.4
28.3	-8.396	-0.284	-49.1
28.31	-8.312	-12.936	-66.1
28.32	-8.234	-23.986	-66.6
28.33	-8.169	-33.055	-51.9
28.34	-8.116	-40.722	22.9
28.35	-8.075	-46.788	180.8
28.36	-8.043	-50.200	228.7
28.37	-8.021	-51.089	70.9
28.38	-8.011	-51.003	-74.7
28.39	-8.011	-50.009	-101.6
28.4	-8.016	-47.775	-90.1
28.41	-8.026	-45.744	-79.4
28.42	-8.039	-45.328	-72.2
28.43	-8.053	-45.739	-66.2
28.44	-8.068	-44.822	-63.8
28.45	-8.085	-41.366	-58.0
28.46	-8.104	-35.125	-50.7
28.47	-8.126	-25.959	-44.3
28.48	-8.148	-15.158	-35.3
28.49	-8.171	-4.678	-33.6
28.5	-8.195	5.088	-29.4
28.51	-8.219	14.266	-9.9
28.52	-8.244	22.147	12.4
28.53	-8.268	28.027	27.8
28.54	-8.291	31.322	44.0
28.55	-8.316	31.356	73.0
28.56	-8.341	28.275	107.6
28.57	-8.364	23.569	142.8
28.58	-8.386	18.945	177.0
28.59	-8.404	14.733	203.1
28.6	-8.420	10.461	218.4
28.61	-8.435	6.708	220.8
28.62	-8.450	4.120	195.6
28.63	-8.466	1.861	134.2
28.64	-8.486	-0.578	57.6
28.65	-8.508	-2.463	-13.2
28.66	-8.534	-3.617	-65.6
28.67	-8.564	-4.397	-92.7
28.68	-8.596	-5.136	-104.8
28.69	-8.634	-6.406	-107.0
28.7	-8.676	-8.342	-111.8
28.71	-8.719	-9.867	-114.4
28.72	-8.761	-9.298	-98.3
28.73	-8.800	-6.188	-93.4
28.74	-8.839	-1.767	-102.4
28.75	-8.879	2.194	-97.8
28.76	-8.920	4.734	-96.0
28.77	-8.960	5.983	-97.3
28.78	-9.001	6.670	-98.5
28.79	-9.039	8.519	-105.0
28.8	-9.075	13.227	-91.2
28.81	-9.107	20.791	-68.6
28.82	-9.134	30.341	-69.3
28.83	-9.159	40.361	-78.9
28.84	-9.187	47.758	-86.7
28.85	-9.215	50.720	-84.3
28.86	-9.242	51.133	-68.8
28.87	-9.266	51.138	-75.8
28.88	-9.287	51.139	-92.0
28.89	-9.309	51.139	-79.3
28.9	-9.331	51.139	-71.7
28.91	-9.355	51.139	-87.9
28.92	-9.379	51.139	-84.0
28.93	-9.402	51.139	-65.6
28.94	-9.423	51.139	-71.4
28.95	-9.443	51.139	-57.3
28.96	-9.464	51.139	-34.3
28.97	-9.486	51.139	-39.0
28.98	-9.513	51.139	-43.7
28.99	-9.541	51.139	-45.7
29.0	-9.572	51.139	-53.8
29.01	-9.604	51.139	-50.8
29.02	-9.634	51.139	-26.9
29.03	-9.662	51.139	-4.5
29.04	-9.691	51.139	-15.8
29.05	-9.720	51.139	-45.1
29.06	-9.752	51.097	-63.1
29.07	-9.789	50.475	-72.6
29.08	-9.828	44.470	-82.3
29.09	-9.863	37.589	-79.1
29.1	-9.895	36.533	-59.9
29.11	-9.929	14.469	9.7
29.12	-9.968	-25.592	169.8
29.13	-10.012	-37.955	230.4
29.14	-10.054	-33.147	55.5
29.15	-10.089	-40.872	-114.1
29.16	-10.119	-49.611	-129.8
29.17	-10.143	-51.066	-98.3
29.18	-10.159	-51.141	-85.1
29.19	-10.171	-51.141	-75.9
29.2	-10.180	-51.141	-68.3
29.21	-10.192	-51.141	-73.3
29.22	-10.207	-51.141	-62.9
29.23	-10.224	-51.117	-41.5
29.24	-10.239	-50.753	-40.6
29.25	-10.253	-45.647	-40.5
29.26	-10.263	-37.117	-39.4
29.27	-10.271	-38.883	-32.0
29.28	-10.278	-41.877	-11.2
29.29	-10.286	-30.839	-4.8
29.3	-10.294	-11.947	5.1
29.31	-10.302	13.150	30.6
29.32	-10.311	37.552	48.6
29.33	-10.318	49.161	75.4
29.34	-10.323	51.098	105.8
29.35	-10.326	51.133	132.9
29.36	-10.329	51.139	169.8
29.37	-10.329	51.139	197.9
29.38	-10.327	51.139	195.8
29.39	-10.322	51.139	160.1
29.4	-10.313	51.139	93.7
29.41	-10.303	51.139	25.1
29.42	-10.290	51.139	-31.2
29.43	-10.273	51.139	-81.2
29.44	-10.248	51.139	-106.8
29.45	-10.216	51.139	-116.3
29.46	-10.180	51.139	-122.3
29.47	-10.141	51.139	-122.9
29.48	-10.099	51.139	-133.1
29.49	-10.055	51.139	-144.3
29.5	-10.012	51.139	-137.0
29.51	-9.969	51.139	-119.7
29.52	-9.929	51.139	-115.8
29.53	-9.888	51.139	-112.2
29.54	-9.848	51.139	-106.9
29.55	-9.808	51.139	-104.1
29.56	-9.770	51.139	-100.2
29.57	-9.732	51.138	-103.0
29.58	-9.694	51.117	-90.3
29.59	-9.656	50.013	-77.9
29.6	-9.618	41.059	-85.3
29.61	-9.581	17.402	-90.8
29.62	-9.543	-14.808	-90.2
29.63	-9.505	-39.875	-94.3
29.64	-9.468	-49.823	-103.2
29.65	-9.431	-51.113	-84.1
29.66	-9.395	-51.138	-50.5
29.67	-9.359	-51.141	-48.2
29.68	-9.323	-51.141	-60.6
29.69	-9.286	-51.141	-58.4
29.7	-9.248	-51.141	-47.3
29.71	-9.208	-51.141	-25.0
29.72	-9.167	-51.141	-2.1
29.73	-9.123	-51.141	1.1
29.74	-9.078	-51.141	-5.3
29.75	-9.032	-51.141	-15.0
29.76	-8.988	-51.141	-32.5
29.77	-8.951	-51.141	-31.7
29.78	-8.920	-51.141	-23.4
29.79	-8.889	-51.141	-28.3
29.8	-8.856	-51.141	0.5
29.81	-8.824	-51.141	40.8
29.82	-8.793	-51.141	117.3
29.83	-8.768	-51.141	278.2
29.84	-8.746	-51.141	314.3
29.85	-8.725	-51.141	144.4
29.86	-8.703	-51.141	-7.2
29.87	-8.680	-51.141	-29.5
29.88	-8.658	-51.141	7.4
29.89	-8.633	-51.141	26.3
29.9	-8.606	-51.141	11.1
29.91	-8.579	-51.141	2.2
29.92	-8.556	-51.141	4.0
29.93	-8.536	-51.141	2.8
29.94	-8.519	-51.141	2.2
29.95	-8.504	-51.141	2.7
29.96	-8.491	-51.141	-2.6
29.97	-8.482	-51.141	-5.1
29.98	-8.478	-51.141	13.3
29.99	-8.477	-51.141	17.4
30.0	-8.479	-51.141	17.7
30.01	-8.487	-51.141	43.3
30.02	-8.506	-51.141	58.1
30.03	-8.538	-51.141	72.7
30.04	-8.581	-51.141	110.7
30.05	-8.627	-51.141	155.0
30.06	-8.674	-51.141	189.3
30.07	-8.719	-51.141	209.4
30.08	-8.761	-51.141	216.9
30.09	-8.803	-51.141	211.6
30.1	-8.848	-51.141	176.3
30.11	-8.894	-51.141	104.3
30.12	-8.943	-51.141	18.4
30.13	-8.992	-51.141	-51.8
30.14	-9.036	-51.141	-103.3
30.15	-9.073	-51.141	-136.0
30.16	-9.104	-51.141	-149.7
30.17	-9.129	-51.141	-148.1
30.18	-9.151	-51.141	-138.7
30.19	-9.171	-51.141	-139.1
30.2	-9.189	-51.141	-142.3
30.21	-9.207	-51.136	-136.9
30.22	-9.225	-50.995	-137.5
30.23	-9.241	-50.420	-139.1
30.24	-9.252	-49.681	-128.3
30.25	-9.261	-47.792	-128.1
30.26	-9.269	-42.516	-131.0
30.27	-9.276	-34.547	-116.7
30.28	-9.282	-27.225	-89.4
30.29	-9.283	-23.188	-74.2
30.3	-9.279	-20.747	-99.0
30.31	-9.264	-16.120	-99.7
30.32	-9.240	-9.822	-74.3
30.33	-9.211	-5.016	-71.0
30.34	-9.181	-2.947	-73.7
30.35	-9.149	-1.986	-65.9
30.36	-9.118	1.164	-48.5
30.37	-9.088	7.895	-44.3
30.38	-9.056	16.391	-51.4
30.39	-9.021	27.953	-49.8
30.4	-8.979	41.772	-37.1
30.41	-8.935	49.730	-26.0
30.42	-8.899	51.102	-29.3
30.43	-8.880	51.136	-31.8
30.44	-8.874	51.139	-27.0
30.45	-8.873	51.139	-21.3
30.46	-8.872	51.139	-5.1
30.47	-8.871	51.139	17.3
30.48	-8.871	51.139	17.0
30.49	-8.869	51.139	-3.8
30.5	-8.858	51.139	-22.6
30.51	-8.841	51.139	-34.3
30.52	-8.832	51.139	-47.9
30.53	-8.834	51.134	-48.3
30.54	-8.839	51.058	-29.7
30.55	-8.844	50.028	-22.9
30.56	-8.846	46.727	-24.4
30.57	-8.846	41.841	44.9
30.58	-8.849	37.161	191.3
30.59	-8.851	33.030	209.6
30.6	-8.848	28.438	54.9
30.61	-8.841	23.253	-50.4
30.62	-8.828	19.117	-66.0
30.63	-8.809	16.098	-61.4
30.64	-8.789	12.625	-50.8
30.65	-8.768	8.416	-47.2
30.66	-8.745	4.347	-45.6
30.67	-8.724	1.113	-36.4
30.68	-8.705	-1.152	-19.8
30.69	-8.690	-2.438	-11.9
30.7	-8.679	-2.683	-8.4
30.71	-8.674	-1.867	-0.5
30.72	-8.670	-0.370	4.9
30.73	-8.667	0.967	11.9
30.74	-8.664	1.464	21.2
30.75	-8.663	1.175	41.8
30.76	-8.663	0.580	55.8
30.77	-8.666	-0.072	59.0
30.78	-8.671	-0.836	90.3
30.79	-8.679	-1.745	140.1
30.8	-8.689	-2.616	175.2
30.81	-8.701	-3.242	201.8
30.82	-8.711	-3.667	229.3
30.83	-8.719	-4.114	242.5
30.84	-8.724	-4.772	234.3
30.85	-8.726	-5.644	197.9
30.86	-8.726	-6.459	130.8
30.87	-8.726	-6.934	58.5
30.88	-8.723	-7.119	2.1
30.89	-8.719	-7.272	-35.5
30.9	-8.709	-7.513	-56.2
30.91	-8.695	-7.794	-67.5
30.92	-8.679	-8.231	-79.6
30.93	-8.661	-9.027	-77.3
30.94	-8.641	-9.988	-58.6
30.95	-8.620	-10.658	-52.3
30.96	-8.601	-10.936	-65.0
30.97	-8.584	-11.092	-64.9
30.98	-8.569	-11.203	-51.4
30.99	-8.555	-11.120	-43.3
31.0	-8.544	-10.902	-42.0
31.01	-8.534	-10.784	-40.1
31.02	-8.527	-10.763	-32.9
31.03	-8.523	-10.581	-38.1
31.04	-8.519	-10.206	-35.9
31.05	-8.518	-9.831	-25.2
31.06	-8.518	-9.614	-28.5
31.07	-8.518	-9.647	-19.7
31.08	-8.520	-9.944	-10.0
31.09	-8.521	-10.441	-13.0
31.1	-8.522	-10.958	-18.0
31.11	-8.521	-11.230	-21.9
31.12	-8.518	-11.177	-20.5
31.13	-8.511	-10.988	-23.6
31.14	-8.502	-10.870	-31.3
31.15	-8.494	-11.009	-27.2
31.16	-8.485	-11.506	-30.9
31.17	-8.478	-12.259	-34.0
31.18	-8.470	-13.094	-27.4
31.19	-8.463	-13.894	-28.9
31.2	-8.457	-14.594	-29.4
31.21	-8.454	-15.063	-32.0
31.22	-8.454	-15.152	-31.6
31.23	-8.451	-14.961	-25.1
31.24	-8.443	-14.663	-28.1
31.25	-8.429	-14.320	-23.1
31.26	-8.413	-14.059	-9.0
31.27	-8.401	-14.020	-4.4
31.28	-8.395	-14.178	-2.1
31.29	-8.391	-14.378	-2.0
31.3	-8.391	-14.427	-22.4
31.31	-8.392	-14.166	-42.6
31.32	-8.394	-13.544	-49.7
31.33	-8.401	-12.847	-54.3
31.34	-8.408	-12.542	-56.7
