Interval=	0.01 s
ExcelDateTime=	3.9770554983027738e+004	18/11/2008 13:19:10.533597
TimeFormat=	StartOfBlock
ChannelTitle=	Channel 1	Channel 2	Channel 3
Range=	20.000 mV	50.000 mV	1000.0 µV
0.0	-8.851	-8.603	28.6
0.01	-8.838	-10.792	139.1
0.02	-8.825	-11.425	200.9
0.03	-8.813	-10.242	160.0
0.04	-8.803	-7.019	80.1
0.05	-8.797	-1.473	8.5
0.06	-8.793	6.528	-40.3
0.07	-8.787	16.003	-69.7
0.08	-8.780	24.670	-79.8
0.09	-8.773	31.233	-85.6
0.1	-8.765	35.488	-90.5
0.11	-8.756	36.492	-88.3
0.12	-8.748	33.670	-93.1
0.13	-8.739	28.002	-90.3
0.14	-8.732	20.713	-81.9
0.15	-8.726	13.125	-80.9
0.16	-8.720	6.795	-79.2
0.17	-8.716	2.067	-75.3
0.18	-8.711	-1.856	-69.8
0.19	-8.707	-5.283	-67.0
0.2	-8.704	-8.075	-62.1
0.21	-8.701	-10.345	-55.5
0.22	-8.698	-12.195	-53.5
0.23	-8.696	-13.623	-51.7
0.24	-8.694	-14.728	-52.6
0.25	-8.691	-15.561	-55.0
0.26	-8.688	-16.091	-55.8
0.27	-8.683	-16.497	-53.4
0.28	-8.678	-17.159	-53.4
0.29	-8.674	-18.266	-55.3
0.3	-8.669	-19.722	-52.8
0.31	-8.664	-21.338	-50.1
0.32	-8.660	-22.936	-48.2
0.33	-8.655	-24.369	-46.9
0.34	-8.651	-25.580	-47.4
0.35	-8.647	-26.600	-45.4
0.36	-8.643	-27.369	-45.6
0.37	-8.639	-27.711	-43.8
0.38	-8.635	-27.500	-31.3
0.39	-8.632	-26.728	-19.2
0.4	-8.630	-25.627	-11.7
0.41	-8.628	-24.622	0.9
0.42	-8.627	-23.909	11.3
0.43	-8.629	-23.386	13.5
0.44	-8.630	-22.931	10.5
0.45	-8.633	-22.516	-3.3
0.46	-8.636	-22.134	-25.2
0.47	-8.639	-21.570	-35.5
0.48	-8.644	-20.519	-37.1
0.49	-8.648	-19.164	-41.7
0.5	-8.650	-18.008	-36.2
0.51	-8.650	-17.269	-18.6
0.52	-8.651	-16.931	36.2
0.53	-8.653	-16.936	192.3
0.54	-8.657	-17.195	292.3
0.55	-8.662	-17.636	163.0
0.56	-8.668	-18.198	-11.6
0.57	-8.672	-18.778	-60.8
0.58	-8.672	-19.220	-41.8
0.59	-8.669	-19.439	-23.6
0.6	-8.666	-19.541	-20.3
0.61	-8.662	-19.661	-20.4
0.62	-8.658	-19.366	-14.8
0.63	-8.656	-17.923	-4.4
0.64	-8.653	-15.505	1.9
0.65	-8.649	-12.720	5.6
0.66	-8.644	-9.242	11.5
0.67	-8.639	-4.542	21.3
0.68	-8.633	0.786	32.6
0.69	-8.627	5.427	41.4
0.7	-8.621	8.327	51.6
0.71	-8.614	9.120	73.7
0.72	-8.607	8.247	97.3
0.73	-8.599	6.588	123.8
0.74	-8.592	4.619	158.8
0.75	-8.586	2.212	196.9
0.76	-8.581	-0.648	234.5
0.77	-8.576	-3.520	259.6
0.78	-8.573	-6.002	270.9
0.79	-8.570	-8.066	260.6
0.8	-8.568	-9.745	212.0
0.81	-8.565	-10.948	137.0
0.82	-8.562	-11.653	60.4
0.83	-8.560	-12.011	0.0
0.84	-8.558	-12.238	-34.7
0.85	-8.556	-12.395	-49.7
0.86	-8.553	-12.483	-58.1
0.87	-8.549	-12.700	-60.8
0.88	-8.547	-13.222	-63.2
0.89	-8.544	-13.920	-62.7
0.9	-8.539	-14.638	-56.3
0.91	-8.536	-15.252	-54.3
0.92	-8.533	-15.580	-52.1
0.93	-8.534	-15.659	-48.5
0.94	-8.536	-15.702	-50.5
0.95	-8.539	-15.664	-49.1
0.96	-8.543	-15.080	-42.7
0.97	-8.544	-13.741	-40.8
0.98	-8.546	-12.281	-41.3
0.99	-8.546	-11.280	-38.0
1.0	-8.547	-10.705	-36.1
1.01	-8.549	-10.394	-35.6
1.02	-8.552	-10.297	-38.6
1.03	-8.554	-10.411	-41.6
1.04	-8.556	-10.731	-38.6
1.05	-8.557	-11.234	-34.8
1.06	-8.557	-11.850	-33.8
1.07	-8.557	-12.358	-36.9
1.08	-8.557	-12.456	-38.1
1.09	-8.556	-12.192	-35.0
1.1	-8.557	-11.870	-35.3
1.11	-8.557	-11.550	-31.8
1.12	-8.557	-11.220	-32.0
1.13	-8.556	-11.058	-37.2
1.14	-8.556	-11.247	-31.7
1.15	-8.554	-11.772	-26.0
1.16	-8.552	-12.455	-30.6
1.17	-8.547	-13.119	-31.4
1.18	-8.541	-13.606	-23.8
1.19	-8.533	-13.875	-15.8
1.2	-8.523	-14.103	-5.7
1.21	-8.510	-14.411	10.6
1.22	-8.495	-14.586	22.3
1.23	-8.479	-14.238	28.7
1.24	-8.459	-13.339	35.8
1.25	-8.438	-12.447	28.4
1.26	-8.415	-11.956	5.5
1.27	-8.392	-11.744	-0.9
1.28	-8.370	-11.703	6.2
1.29	-8.349	-11.906	8.1
1.3	-8.327	-12.342	13.6
1.31	-8.303	-12.852	29.2
1.32	-8.279	-13.234	56.2
1.33	-8.256	-13.386	174.9
1.34	-8.237	-13.280	345.4
1.35	-8.219	-12.966	315.1
1.36	-8.205	-12.648	117.5
1.37	-8.192	-12.330	10.9
1.38	-8.177	-11.767	11.9
1.39	-8.158	-11.122	26.9
1.4	-8.138	-10.823	31.0
1.41	-8.117	-11.000	31.1
1.42	-8.098	-11.433	31.2
1.43	-8.078	-11.648	29.9
1.44	-8.060	-11.258	28.2
1.45	-8.044	-10.227	29.2
1.46	-8.029	-8.348	30.5
1.47	-8.016	-5.088	33.0
1.48	-8.003	-0.327	35.4
1.49	-7.991	5.000	39.5
1.5	-7.978	9.272	47.8
1.51	-7.964	11.416	58.1
1.52	-7.952	11.494	73.3
1.53	-7.940	10.002	97.1
1.54	-7.930	7.380	125.6
1.55	-7.921	4.117	156.5
1.56	-7.916	0.705	184.5
1.57	-7.911	-2.489	213.3
1.58	-7.908	-5.213	237.6
1.59	-7.907	-7.355	235.4
1.6	-7.907	-8.856	201.3
1.61	-7.907	-9.608	136.3
1.62	-7.909	-9.689	51.8
1.63	-7.913	-9.450	-22.5
1.64	-7.918	-9.175	-73.6
1.65	-7.924	-8.905	-102.4
1.66	-7.928	-8.688	-113.1
1.67	-7.932	-8.770	-121.0
1.68	-7.937	-9.334	-128.3
1.69	-7.942	-10.148	-125.8
1.7	-7.947	-10.802	-125.8
1.71	-7.954	-11.155	-127.4
1.72	-7.964	-11.272	-123.9
1.73	-7.980	-11.231	-117.3
1.74	-7.998	-11.133	-112.9
1.75	-8.018	-11.125	-114.4
1.76	-8.038	-11.302	-111.3
1.77	-8.058	-11.573	-103.8
1.78	-8.076	-11.738	-98.9
1.79	-8.095	-11.575	-96.7
1.8	-8.115	-11.048	-95.8
1.81	-8.135	-10.488	-92.7
1.82	-8.157	-10.208	-91.3
1.83	-8.179	-10.075	-88.7
1.84	-8.201	-9.925	-89.4
1.85	-8.224	-9.925	-92.0
1.86	-8.248	-10.147	-89.2
1.87	-8.271	-10.433	-84.7
1.88	-8.295	-10.684	-82.3
1.89	-8.321	-10.858	-84.6
1.9	-8.347	-10.963	-83.1
1.91	-8.373	-11.108	-78.5
1.92	-8.400	-11.378	-81.9
1.93	-8.428	-11.806	-80.7
1.94	-8.454	-12.333	-76.9
1.95	-8.479	-12.805	-78.3
1.96	-8.501	-13.127	-76.0
1.97	-8.523	-13.363	-71.5
1.98	-8.544	-13.508	-72.3
1.99	-8.565	-13.392	-76.7
2.0	-8.586	-13.045	-78.0
2.01	-8.607	-12.723	-70.7
2.02	-8.630	-12.561	-59.6
2.03	-8.654	-12.511	-48.8
2.04	-8.676	-12.614	-35.1
2.05	-8.699	-12.963	-20.9
2.06	-8.723	-13.428	-11.1
2.07	-8.747	-13.588	-12.0
2.08	-8.770	-13.041	-28.5
2.09	-8.791	-12.067	-46.6
2.1	-8.813	-11.358	-60.9
2.11	-8.838	-11.073	-69.6
2.12	-8.867	-10.925	-72.3
2.13	-8.897	-10.872	-69.0
2.14	-8.924	-11.108	-53.8
2.15	-8.947	-11.623	-22.3
2.16	-8.971	-12.239	96.4
2.17	-8.997	-12.686	257.3
2.18	-9.025	-12.756	206.1
2.19	-9.049	-12.605	-5.8
2.2	-9.068	-12.389	-105.1
2.21	-9.082	-12.039	-88.7
2.22	-9.094	-11.802	-61.3
2.23	-9.104	-12.070	-47.0
2.24	-9.113	-12.789	-38.7
2.25	-9.124	-13.633	-34.8
2.26	-9.141	-14.288	-35.5
2.27	-9.164	-14.519	-27.1
2.28	-9.191	-14.209	-20.0
2.29	-9.217	-13.156	-17.5
2.3	-9.242	-10.661	-9.4
2.31	-9.266	-5.994	-3.3
2.32	-9.289	0.164	5.1
2.33	-9.311	5.761	19.9
2.34	-9.331	9.241	34.0
2.35	-9.349	10.327	51.3
2.36	-9.368	9.347	75.9
2.37	-9.386	6.886	108.7
2.38	-9.404	3.669	141.9
2.39	-9.423	0.319	171.2
2.4	-9.444	-2.694	196.8
2.41	-9.465	-5.023	214.7
2.42	-9.487	-6.611	215.3
2.43	-9.508	-7.448	192.2
2.44	-9.528	-7.402	140.9
2.45	-9.551	-7.205	67.1
2.46	-9.576	-7.756	-7.4
2.47	-9.599	-8.678	-54.8
2.48	-9.617	-9.300	-79.6
2.49	-9.633	-9.372	-100.6
2.5	-9.649	-8.984	-115.1
2.51	-9.665	-8.550	-115.2
2.52	-9.679	-8.394	-110.9
2.53	-9.693	-8.483	-108.8
2.54	-9.710	-8.669	-102.4
2.55	-9.729	-8.780	-95.3
2.56	-9.750	-8.719	-90.2
2.57	-9.771	-8.678	-89.4
2.58	-9.793	-8.748	-95.6
2.59	-9.817	-8.702	-94.8
2.6	-9.842	-8.400	-89.0
2.61	-9.865	-8.005	-83.2
2.62	-9.888	-7.719	-79.2
2.63	-9.909	-7.517	-75.5
2.64	-9.929	-7.180	-67.8
2.65	-9.947	-6.758	-69.7
2.66	-9.963	-6.719	-76.2
2.67	-9.978	-7.208	-76.9
2.68	-9.992	-7.773	-74.8
2.69	-10.006	-7.722	-68.4
2.7	-10.021	-6.709	-67.4
2.71	-10.039	-5.319	-69.7
2.72	-10.058	-4.150	-65.8
2.73	-10.076	-3.525	-64.2
2.74	-10.092	-3.742	-62.4
2.75	-10.108	-4.450	-54.7
2.76	-10.124	-4.831	-58.2
2.77	-10.141	-4.434	-63.9
2.78	-10.160	-3.523	-54.9
2.79	-10.178	-2.755	-44.6
2.8	-10.196	-2.544	-33.4
2.81	-10.217	-2.841	-14.9
2.82	-10.241	-3.531	0.8
2.83	-10.265	-4.486	6.7
2.84	-10.286	-5.531	-10.4
2.85	-10.304	-6.447	-36.6
2.86	-10.323	-6.931	-49.8
2.87	-10.344	-7.186	-56.2
2.88	-10.366	-7.598	-55.2
2.89	-10.387	-8.003	-53.3
2.9	-10.404	-8.041	-50.9
2.91	-10.418	-7.667	-34.9
2.92	-10.431	-7.156	33.4
2.93	-10.448	-6.720	190.8
2.94	-10.469	-6.511	241.4
2.95	-10.491	-6.583	65.3
2.96	-10.505	-6.717	-90.5
2.97	-10.514	-6.677	-97.7
2.98	-10.523	-6.456	-60.9
2.99	-10.530	-6.273	-39.8
3.0	-10.532	-6.205	-32.3
3.01	-10.533	-6.256	-32.6
3.02	-10.540	-6.598	-32.7
3.03	-10.555	-7.181	-27.5
3.04	-10.576	-7.497	-18.7
3.05	-10.599	-6.931	-8.1
3.06	-10.624	-5.195	-1.8
3.07	-10.651	-2.367	1.8
3.08	-10.674	1.602	8.5
3.09	-10.692	6.597	18.5
3.1	-10.708	11.508	30.8
3.11	-10.721	14.914	48.9
3.12	-10.733	16.313	71.9
3.13	-10.744	16.163	101.5
3.14	-10.754	15.006	136.3
3.15	-10.764	13.142	165.8
3.16	-10.774	11.283	190.4
3.17	-10.783	10.233	213.7
3.18	-10.789	10.242	223.2
3.19	-10.793	10.991	207.6
3.2	-10.793	11.739	160.9
3.21	-10.793	11.683	92.6
3.22	-10.796	10.355	19.3
3.23	-10.797	7.984	-41.3
3.24	-10.793	5.361	-75.3
3.25	-10.786	3.058	-95.1
3.26	-10.781	1.180	-107.5
3.27	-10.776	-0.405	-111.2
3.28	-10.766	-2.155	-107.5
3.29	-10.750	-4.294	-102.1
3.3	-10.732	-6.286	-102.2
3.31	-10.711	-7.678	-99.5
3.32	-10.685	-8.691	-96.2
3.33	-10.656	-9.295	-94.1
3.34	-10.624	-9.178	-89.1
3.35	-10.592	-8.800	-85.6
3.36	-10.559	-8.805	-83.1
3.37	-10.525	-9.153	-79.1
3.38	-10.490	-9.561	-74.1
3.39	-10.455	-9.967	-70.8
3.4	-10.419	-10.392	-69.9
3.41	-10.383	-10.631	-70.6
3.42	-10.346	-10.500	-75.5
3.43	-10.310	-10.331	-74.1
3.44	-10.274	-10.614	-67.3
3.45	-10.238	-11.300	-66.3
3.46	-10.201	-12.091	-69.6
3.47	-10.162	-12.888	-68.9
3.48	-10.124	-13.764	-72.1
3.49	-10.088	-14.542	-72.4
3.5	-10.053	-14.869	-62.7
3.51	-10.018	-14.709	-57.5
3.52	-9.982	-14.130	-54.1
3.53	-9.946	-13.077	-45.8
3.54	-9.910	-11.631	-34.2
3.55	-9.874	-10.264	-22.3
3.56	-9.837	-9.533	-10.2
3.57	-9.802	-9.338	-2.1
3.58	-9.769	-9.052	-11.5
3.59	-9.738	-8.561	-33.3
3.6	-9.708	-8.408	-50.7
3.61	-9.679	-8.803	-59.6
3.62	-9.651	-9.398	-60.0
3.63	-9.622	-10.066	-57.1
3.64	-9.590	-11.053	-53.2
3.65	-9.555	-12.375	-38.4
3.66	-9.520	-13.769	23.8
3.67	-9.490	-15.156	177.8
3.68	-9.466	-16.628	255.4
3.69	-9.440	-18.216	110.9
3.7	-9.412	-19.898	-59.0
3.71	-9.386	-21.538	-92.3
3.72	-9.360	-22.892	-58.8
3.73	-9.332	-23.948	-34.4
3.74	-9.304	-24.433	-27.1
3.75	-9.276	-23.516	-29.3
3.76	-9.251	-21.428	-27.4
3.77	-9.229	-19.400	-20.1
3.78	-9.209	-17.694	-18.2
3.79	-9.189	-15.813	-17.2
3.8	-9.168	-13.403	-10.3
3.81	-9.149	-10.005	1.0
3.82	-9.131	-4.989	11.0
3.83	-9.111	1.442	20.8
3.84	-9.092	7.503	33.1
3.85	-9.073	11.094	52.0
3.86	-9.054	11.438	72.8
3.87	-9.036	9.036	95.6
3.88	-9.018	4.886	130.0
3.89	-9.002	0.000	167.5
3.9	-8.988	-4.872	197.5
3.91	-8.975	-8.902	216.2
3.92	-8.964	-11.039	226.3
3.93	-8.954	-11.586	221.4
3.94	-8.944	-12.008	175.3
3.95	-8.934	-12.866	100.8
3.96	-8.926	-13.902	28.4
3.97	-8.919	-14.920	-32.4
3.98	-8.911	-15.594	-76.8
3.99	-8.901	-15.141	-99.3
4.0	-8.891	-13.542	-103.7
4.01	-8.881	-12.113	-102.2
4.02	-8.871	-11.680	-102.3
4.03	-8.862	-12.014	-103.3
4.04	-8.854	-12.744	-104.2
4.05	-8.846	-13.488	-101.3
4.06	-8.839	-13.702	-96.4
4.07	-8.832	-13.180	-90.0
4.08	-8.825	-12.450	-80.8
4.09	-8.818	-12.059	-79.2
4.1	-8.812	-11.995	-82.2
4.11	-8.806	-12.111	-76.7
4.12	-8.799	-12.361	-69.0
4.13	-8.792	-12.756	-66.3
4.14	-8.784	-13.259	-65.3
4.15	-8.774	-13.466	-63.2
4.16	-8.764	-12.972	-65.6
4.17	-8.751	-11.936	-69.3
4.18	-8.739	-10.819	-66.1
4.19	-8.728	-10.159	-64.8
4.2	-8.717	-10.227	-69.6
4.21	-8.707	-10.791	-67.8
4.22	-8.698	-11.559	-58.1
4.23	-8.691	-12.200	-53.9
4.24	-8.684	-12.280	-62.4
4.25	-8.678	-11.997	-64.6
4.26	-8.672	-11.989	-59.9
4.27	-8.667	-12.463	-60.1
4.28	-8.661	-13.097	-51.2
4.29	-8.652	-13.331	-38.3
4.3	-8.644	-13.136	-34.4
4.31	-8.638	-12.967	-25.6
4.32	-8.630	-13.111	-8.1
4.33	-8.623	-13.600	1.1
4.34	-8.614	-14.352	-1.2
4.35	-8.606	-15.188	-9.9
4.36	-8.598	-15.813	-32.0
4.37	-8.591	-15.939	-52.0
4.38	-8.584	-15.453	-54.3
4.39	-8.576	-14.578	-51.7
4.4	-8.569	-13.789	-52.2
4.41	-8.560	-13.359	-45.8
4.42	-8.552	-13.158	-13.2
4.43	-8.546	-12.911	107.6
4.44	-8.543	-12.527	255.3
4.45	-8.540	-12.184	211.8
4.46	-8.538	-12.091	29.4
4.47	-8.536	-12.273	-68.2
4.48	-8.531	-12.477	-67.3
4.49	-8.523	-12.269	-47.7
4.5	-8.514	-11.723	-38.3
4.51	-8.505	-11.352	-33.5
4.52	-8.494	-11.373	-31.0
4.53	-8.485	-11.580	-26.9
4.54	-8.476	-11.613	-17.6
4.55	-8.467	-10.934	-8.8
4.56	-8.458	-8.988	-4.4
4.57	-8.449	-5.361	1.7
4.58	-8.441	0.155	10.8
4.59	-8.433	6.528	15.2
4.6	-8.425	11.552	23.2
4.61	-8.418	13.880	44.0
4.62	-8.410	13.731	67.3
4.63	-8.401	11.652	92.4
4.64	-8.394	8.130	123.2
4.65	-8.387	4.025	157.8
4.66	-8.383	0.116	193.8
4.67	-8.379	-3.423	223.6
4.68	-8.378	-6.584	241.6
4.69	-8.379	-9.055	238.9
4.7	-8.382	-10.513	203.9
4.71	-8.386	-10.992	139.8
4.72	-8.389	-10.655	59.4
4.73	-8.395	-9.830	-10.3
4.74	-8.402	-9.219	-58.7
4.75	-8.408	-9.180	-85.4
4.76	-8.411	-9.419	-95.3
4.77	-8.414	-9.583	-103.1
4.78	-8.418	-9.481	-107.3
4.79	-8.422	-9.156	-105.9
4.8	-8.424	-8.886	-105.8
4.81	-8.427	-8.794	-103.6
4.82	-8.429	-8.706	-97.1
4.83	-8.433	-8.547	-93.9
4.84	-8.438	-8.436	-93.3
4.85	-8.444	-8.611	-92.1
4.86	-8.449	-9.259	-88.4
4.87	-8.455	-9.828	-82.0
4.88	-8.459	-9.731	-80.0
4.89	-8.464	-9.400	-78.4
4.9	-8.467	-9.077	-76.4
4.91	-8.473	-8.641	-73.1
4.92	-8.479	-8.377	-68.1
4.93	-8.484	-8.458	-68.3
4.94	-8.491	-8.777	-72.2
4.95	-8.498	-9.287	-72.9
4.96	-8.504	-9.780	-73.2
4.97	-8.508	-9.969	-73.0
4.98	-8.512	-10.025	-71.7
4.99	-8.515	-10.183	-71.9
5.0	-8.519	-10.388	-68.2
5.01	-8.523	-10.706	-63.9
5.02	-8.527	-11.188	-69.7
5.03	-8.531	-11.472	-67.5
5.04	-8.535	-11.483	-61.7
5.05	-8.538	-11.738	-64.8
5.06	-8.542	-12.275	-65.0
5.07	-8.545	-12.589	-64.8
5.08	-8.548	-12.586	-64.8
5.09	-8.552	-12.691	-59.0
5.1	-8.556	-12.917	-51.7
5.11	-8.559	-12.794	-44.5
5.12	-8.563	-12.541	-31.3
5.13	-8.566	-12.691	-17.2
5.14	-8.569	-12.884	-5.2
5.15	-8.572	-12.711	-0.1
5.16	-8.574	-12.536	-10.5
5.17	-8.576	-12.584	-29.1
5.18	-8.579	-12.638	-50.8
5.19	-8.582	-12.666	-61.1
5.2	-8.586	-12.816	-61.6
5.21	-8.589	-12.947	-61.6
5.22	-8.591	-12.886	-47.8
5.23	-8.592	-12.995	-23.8
5.24	-8.594	-13.563	54.3
5.25	-8.597	-14.036	206.5
5.26	-8.601	-13.827	235.3
5.27	-8.608	-13.441	76.3
5.28	-8.616	-13.583	-52.1
5.29	-8.623	-13.892	-72.7
5.3	-8.625	-13.600	-59.6
5.31	-8.625	-12.925	-43.8
5.32	-8.624	-12.731	-35.3
5.33	-8.624	-13.141	-31.0
5.34	-8.624	-13.375	-25.6
5.35	-8.625	-12.830	-23.5
5.36	-8.627	-11.633	-19.3
5.37	-8.629	-9.625	-10.1
5.38	-8.633	-6.055	-4.4
5.39	-8.637	-0.755	-2.8
5.4	-8.640	5.316	5.2
5.41	-8.641	10.836	21.8
5.42	-8.641	14.628	39.1
5.43	-8.640	15.625	60.9
5.44	-8.639	13.767	84.3
5.45	-8.639	10.109	108.6
5.46	-8.640	5.763	140.6
5.47	-8.643	1.555	177.0
5.48	-8.646	-2.056	210.9
5.49	-8.651	-4.938	234.6
5.5	-8.656	-7.067	243.4
5.51	-8.662	-8.653	229.2
5.52	-8.669	-9.902	178.1
5.53	-8.676	-10.611	95.4
5.54	-8.684	-10.598	18.4
5.55	-8.694	-10.294	-32.9
5.56	-8.704	-10.202	-73.1
5.57	-8.713	-10.345	-94.4
5.58	-8.719	-10.720	-93.6
5.59	-8.727	-11.473	-95.8
5.6	-8.735	-12.473	-99.8
5.61	-8.741	-13.320	-94.8
5.62	-8.746	-13.898	-89.8
5.63	-8.751	-14.334	-89.6
5.64	-8.758	-14.581	-94.8
5.65	-8.767	-14.609	-91.8
5.66	-8.777	-14.577	-86.0
5.67	-8.788	-14.569	-84.0
5.68	-8.799	-14.375	-74.6
5.69	-8.808	-13.845	-69.5
5.7	-8.818	-13.311	-73.1
5.71	-8.828	-13.045	-68.5
5.72	-8.839	-12.905	-61.8
5.73	-8.851	-12.622	-62.8
5.74	-8.864	-12.058	-66.0
5.75	-8.878	-11.316	-61.5
5.76	-8.893	-10.592	-55.4
5.77	-8.906	-10.200	-53.8
5.78	-8.920	-10.378	-54.7
5.79	-8.933	-10.931	-55.4
5.8	-8.946	-11.577	-53.8
5.81	-8.957	-12.173	-54.9
5.82	-8.970	-12.606	-51.4
5.83	-8.984	-12.841	-44.7
5.84	-9.000	-12.922	-45.8
5.85	-9.017	-12.934	-45.0
5.86	-9.034	-13.017	-41.5
5.87	-9.051	-13.281	-39.6
5.88	-9.068	-13.598	-33.7
5.89	-9.083	-13.650	-30.4
5.9	-9.098	-13.408	-31.8
5.91	-9.112	-13.125	-27.3
5.92	-9.126	-12.813	-24.8
5.93	-9.140	-12.477	-21.9
5.94	-9.154	-12.361	-18.2
5.95	-9.169	-12.400	-14.0
5.96	-9.181	-12.394	-4.9
5.97	-9.191	-12.477	1.3
5.98	-9.197	-12.648	16.0
5.99	-9.204	-12.578	34.3
6.0	-9.209	-12.255	41.6
6.01	-9.215	-12.031	45.3
6.02	-9.219	-11.919	34.6
6.03	-9.221	-11.605	10.2
6.04	-9.223	-11.194	-3.7
6.05	-9.228	-11.070	0.4
6.06	-9.233	-11.213	3.1
6.07	-9.238	-11.402	3.4
6.08	-9.241	-11.558	19.4
6.09	-9.244	-11.695	62.5
6.1	-9.248	-11.869	193.2
6.11	-9.256	-11.922	334.8
6.12	-9.267	-11.644	265.7
6.13	-9.276	-11.208	70.4
6.14	-9.284	-10.917	-17.2
6.15	-9.289	-10.859	-2.7
6.16	-9.293	-10.984	17.9
6.17	-9.295	-11.192	22.3
6.18	-9.297	-11.505	19.4
6.19	-9.302	-11.942	25.1
6.2	-9.313	-12.314	29.8
6.21	-9.329	-12.250	26.4
6.22	-9.346	-11.208	33.3
6.23	-9.362	-8.808	36.3
6.24	-9.378	-4.741	30.5
6.25	-9.394	0.888	28.3
6.26	-9.410	6.841	31.7
6.27	-9.425	11.592	45.5
6.28	-9.440	14.267	56.6
6.29	-9.454	14.661	63.9
6.3	-9.469	12.939	83.2
6.31	-9.486	9.663	113.0
6.32	-9.504	5.781	144.0
6.33	-9.524	1.969	169.1
6.34	-9.548	-1.628	191.3
6.35	-9.572	-5.003	205.7
6.36	-9.596	-7.939	197.9
6.37	-9.617	-9.969	169.7
6.38	-9.639	-10.914	114.7
6.39	-9.662	-11.172	39.7
6.4	-9.686	-11.183	-34.4
6.41	-9.711	-11.019	-86.2
6.42	-9.732	-10.714	-112.3
6.43	-9.751	-10.364	-127.3
6.44	-9.769	-9.927	-133.0
6.45	-9.789	-9.427	-135.0
6.46	-9.809	-9.120	-134.1
6.47	-9.830	-9.295	-129.0
6.48	-9.853	-9.930	-125.8
6.49	-9.875	-10.636	-125.7
6.5	-9.898	-11.077	-124.8
6.51	-9.920	-11.278	-121.2
6.52	-9.941	-11.213	-122.7
6.53	-9.961	-10.731	-123.3
6.54	-9.980	-10.094	-123.2
6.55	-9.999	-9.703	-122.8
6.56	-10.016	-9.731	-118.4
6.57	-10.033	-10.053	-114.3
6.58	-10.048	-9.948	-114.1
6.59	-10.064	-8.912	-115.0
6.6	-10.081	-7.786	-107.7
6.61	-10.098	-7.525	-97.3
6.62	-10.116	-8.023	-96.1
6.63	-10.132	-8.664	-95.1
6.64	-10.148	-8.920	-86.6
6.65	-10.162	-8.966	-78.5
6.66	-10.176	-9.325	-76.4
6.67	-10.189	-10.053	-76.0
6.68	-10.200	-10.925	-71.6
6.69	-10.211	-11.919	-62.1
6.7	-10.219	-13.036	-55.5
6.71	-10.228	-13.753	-52.3
6.72	-10.236	-13.634	-43.5
6.73	-10.244	-13.205	-35.2
6.74	-10.252	-13.181	-26.7
6.75	-10.260	-13.559	-9.3
6.76	-10.269	-13.948	3.1
6.77	-10.278	-14.264	9.8
6.78	-10.285	-14.584	9.4
6.79	-10.291	-14.503	-9.5
6.8	-10.297	-13.825	-32.5
6.81	-10.303	-13.302	-45.4
6.82	-10.310	-13.494	-49.7
6.83	-10.317	-14.053	-50.7
6.84	-10.321	-14.398	-47.1
6.85	-10.322	-14.381	-28.6
6.86	-10.323	-13.950	22.8
6.87	-10.328	-13.023	166.6
6.88	-10.339	-12.156	273.1
6.89	-10.354	-11.930	139.3
6.9	-10.366	-12.231	-54.9
6.91	-10.373	-12.709	-105.8
6.92	-10.379	-13.227	-72.3
6.93	-10.381	-13.861	-31.3
6.94	-10.376	-14.278	-21.3
6.95	-10.364	-13.911	-28.4
6.96	-10.354	-13.070	-28.1
6.97	-10.353	-12.530	-25.1
6.98	-10.359	-12.386	-25.6
6.99	-10.369	-12.225	-28.8
7.0	-10.379	-11.711	-26.6
7.01	-10.388	-10.473	-16.9
7.02	-10.396	-7.817	-3.6
7.03	-10.404	-3.538	9.6
7.04	-10.412	1.377	19.3
7.05	-10.418	5.605	33.4
7.06	-10.421	8.342	54.4
7.07	-10.425	9.167	79.1
7.08	-10.431	7.975	112.2
7.09	-10.438	5.348	149.7
7.1	-10.444	2.166	186.2
7.11	-10.448	-1.178	218.1
7.12	-10.449	-4.570	230.6
7.13	-10.444	-7.708	216.7
7.14	-10.434	-10.208	183.5
7.15	-10.424	-12.009	130.0
7.16	-10.416	-13.361	54.9
7.17	-10.412	-14.223	-11.0
7.18	-10.404	-14.439	-49.8
7.19	-10.391	-14.350	-71.9
7.2	-10.372	-14.269	-80.5
7.21	-10.348	-14.150	-81.1
7.22	-10.320	-14.083	-81.5
7.23	-10.290	-14.163	-82.7
7.24	-10.260	-14.169	-79.5
7.25	-10.230	-14.081	-76.2
7.26	-10.199	-14.136	-74.6
7.27	-10.168	-14.284	-65.3
7.28	-10.134	-14.331	-54.6
7.29	-10.097	-14.192	-49.7
7.3	-10.059	-13.866	-53.1
7.31	-10.021	-13.439	-50.4
7.32	-9.984	-13.038	-40.9
7.33	-9.950	-12.805	-41.6
7.34	-9.919	-12.767	-42.5
7.35	-9.889	-12.731	-41.7
7.36	-9.861	-12.605	-38.0
7.37	-9.832	-12.536	-34.6
7.38	-9.804	-12.613	-36.6
7.39	-9.777	-12.675	-30.8
7.4	-9.749	-12.545	-31.6
7.41	-9.723	-12.413	-38.9
7.42	-9.697	-12.548	-35.5
7.43	-9.674	-13.063	-31.3
7.44	-9.651	-13.945	-31.9
7.45	-9.628	-14.955	-29.2
7.46	-9.606	-15.669	-20.0
7.47	-9.586	-15.920	-11.1
7.48	-9.568	-15.967	-3.7
7.49	-9.549	-16.080	8.5
7.5	-9.532	-16.353	17.0
7.51	-9.514	-16.747	19.6
7.52	-9.495	-17.163	14.1
7.53	-9.476	-17.461	-7.4
7.54	-9.457	-17.512	-27.3
7.55	-9.439	-17.373	-30.9
7.56	-9.422	-17.072	-31.5
7.57	-9.407	-16.766	-37.0
7.58	-9.391	-16.627	-32.5
7.59	-9.374	-16.378	-13.1
7.6	-9.360	-15.838	66.6
7.61	-9.349	-15.258	237.3
7.62	-9.344	-14.789	282.3
7.63	-9.337	-14.313	107.7
7.64	-9.329	-13.763	-44.5
7.65	-9.321	-13.306	-67.6
7.66	-9.311	-13.125	-39.8
7.67	-9.297	-13.161	-22.9
7.68	-9.281	-13.205	-21.0
7.69	-9.263	-13.164	-12.1
7.7	-9.246	-13.123	-4.9
7.71	-9.229	-13.002	-4.6
7.72	-9.213	-12.588	-2.0
7.73	-9.199	-11.781	6.1
7.74	-9.184	-10.180	11.1
7.75	-9.171	-7.117	15.6
7.76	-9.158	-2.603	27.4
7.77	-9.146	2.277	41.0
7.78	-9.133	6.139	56.2
7.79	-9.121	8.145	75.3
7.8	-9.109	7.998	99.3
7.81	-9.097	6.039	128.2
7.82	-9.085	3.109	161.0
7.83	-9.076	-0.142	192.0
7.84	-9.068	-3.358	221.6
7.85	-9.061	-6.073	247.6
7.86	-9.056	-7.878	254.3
7.87	-9.054	-8.931	234.4
7.88	-9.053	-9.583	182.0
7.89	-9.053	-9.808	99.9
7.9	-9.054	-9.358	18.8
7.91	-9.056	-8.839	-33.0
7.92	-9.058	-8.486	-60.9
7.93	-9.056	-7.531	-79.3
7.94	-9.054	-6.533	-91.8
7.95	-9.054	-6.097	-95.9
7.96	-9.053	-6.128	-93.5
7.97	-9.051	-6.814	-92.1
7.98	-9.049	-7.728	-91.8
7.99	-9.047	-8.317	-91.1
8.0	-9.047	-8.581	-88.8
8.01	-9.049	-8.853	-81.4
8.02	-9.051	-9.094	-77.3
8.03	-9.052	-9.400	-73.8
8.04	-9.053	-10.166	-71.0
8.05	-9.053	-11.052	-74.8
8.06	-9.054	-11.620	-72.0
8.07	-9.054	-11.909	-64.4
8.08	-9.056	-12.050	-60.7
8.09	-9.058	-12.066	-58.4
8.1	-9.059	-12.103	-58.6
8.11	-9.059	-12.369	-57.6
8.12	-9.058	-12.875	-58.4
8.13	-9.058	-13.556	-61.2
8.14	-9.056	-14.263	-61.8
8.15	-9.056	-14.819	-59.6
8.16	-9.056	-15.278	-59.5
8.17	-9.057	-15.731	-62.1
8.18	-9.058	-15.958	-59.1
8.19	-9.060	-15.823	-53.2
8.2	-9.063	-15.442	-54.2
8.21	-9.064	-14.717	-53.2
8.22	-9.066	-13.391	-43.9
8.23	-9.068	-11.942	-37.0
8.24	-9.069	-11.041	-27.6
8.25	-9.071	-10.653	-11.1
8.26	-9.072	-10.869	1.7
8.27	-9.073	-11.494	4.5
8.28	-9.074	-11.978	-6.8
8.29	-9.074	-12.397	-26.7
8.3	-9.076	-13.011	-45.0
8.31	-9.077	-13.678	-51.3
8.32	-9.079	-14.083	-52.3
8.33	-9.080	-14.286	-54.9
8.34	-9.080	-14.561	-43.2
8.35	-9.078	-14.898	-18.6
8.36	-9.078	-15.125	57.5
8.37	-9.079	-15.217	213.2
8.38	-9.081	-15.248	252.5
8.39	-9.086	-15.352	85.1
8.4	-9.091	-15.516	-57.5
8.41	-9.096	-15.544	-69.7
8.42	-9.098	-15.466	-47.4
8.43	-9.097	-15.569	-35.1
8.44	-9.096	-15.933	-31.1
8.45	-9.094	-16.134	-28.7
8.46	-9.092	-15.875	-21.3
8.47	-9.094	-15.369	-17.4
8.48	-9.095	-14.566	-14.6
8.49	-9.095	-12.992	-5.2
8.5	-9.094	-10.078	5.7
8.51	-9.093	-5.494	13.5
8.52	-9.093	0.003	16.4
8.53	-9.091	4.778	24.3
8.54	-9.088	7.727	45.7
8.55	-9.083	8.638	70.8
8.56	-9.078	7.572	93.6
8.57	-9.074	4.861	121.5
8.58	-9.070	1.300	154.5
8.59	-9.068	-2.281	191.1
8.6	-9.067	-5.516	224.0
8.61	-9.067	-8.397	243.5
8.62	-9.069	-10.808	248.3
8.63	-9.071	-12.413	229.1
8.64	-9.075	-13.111	173.1
8.65	-9.080	-13.034	95.0
8.66	-9.086	-12.203	17.2
8.67	-9.092	-10.886	-44.4
8.68	-9.098	-9.645	-78.0
8.69	-9.103	-8.747	-94.4
8.7	-9.106	-8.577	-103.0
8.71	-9.109	-9.406	-99.6
8.72	-9.113	-10.722	-94.7
8.73	-9.115	-11.847	-95.3
8.74	-9.115	-12.538	-93.8
8.75	-9.116	-13.056	-91.0
8.76	-9.118	-13.573	-91.8
8.77	-9.123	-13.897	-89.4
8.78	-9.130	-14.070	-82.6
8.79	-9.138	-14.306	-79.6
8.8	-9.146	-14.514	-81.5
8.81	-9.154	-14.219	-74.1
8.82	-9.160	-13.341	-63.8
8.83	-9.166	-12.597	-61.0
8.84	-9.171	-12.431	-62.2
8.85	-9.177	-12.594	-64.5
8.86	-9.183	-12.827	-64.4
8.87	-9.189	-13.234	-60.1
8.88	-9.196	-13.853	-57.5
8.89	-9.201	-14.203	-62.9
8.9	-9.206	-14.036	-62.8
8.91	-9.210	-13.902	-56.8
8.92	-9.214	-14.338	-56.0
8.93	-9.219	-15.258	-59.3
8.94	-9.224	-16.295	-60.4
8.95	-9.229	-17.113	-58.5
8.96	-9.234	-17.559	-54.4
8.97	-9.238	-17.648	-46.9
8.98	-9.242	-17.605	-38.5
8.99	-9.246	-17.697	-25.9
9.0	-9.250	-17.916	-10.8
9.01	-9.253	-18.255	-1.0
9.02	-9.256	-18.731	1.1
9.03	-9.259	-19.230	-6.8
9.04	-9.261	-19.577	-29.8
9.05	-9.263	-19.469	-56.3
9.06	-9.266	-18.605	-65.3
9.07	-9.271	-17.128	-63.7
9.08	-9.274	-15.631	-60.5
9.09	-9.274	-14.580	-49.0
9.1	-9.274	-14.042	-28.7
9.11	-9.275	-13.942	69.9
9.12	-9.277	-14.134	240.1
9.13	-9.281	-14.294	241.9
9.14	-9.287	-14.031	52.4
9.15	-9.294	-13.325	-73.1
9.16	-9.301	-12.681	-81.1
9.17	-9.305	-12.450	-57.1
9.18	-9.306	-12.478	-41.7
9.19	-9.306	-12.609	-38.5
9.2	-9.305	-12.820	-33.3
9.21	-9.304	-12.894	-30.3
9.22	-9.303	-12.338	-27.2
9.23	-9.306	-10.759	-18.0
9.24	-9.311	-8.314	-12.0
9.25	-9.319	-5.173	-9.2
9.26	-9.332	-1.069	1.8
9.27	-9.350	3.753	16.9
9.28	-9.373	8.180	28.6
9.29	-9.398	11.234	42.3
9.3	-9.424	12.673	58.7
9.31	-9.453	12.530	83.6
9.32	-9.480	10.845	119.4
9.33	-9.506	7.936	158.5
9.34	-9.534	4.362	196.4
9.35	-9.562	0.584	229.0
9.36	-9.592	-3.100	246.1
9.37	-9.624	-6.416	247.5
9.38	-9.657	-9.170	221.4
9.39	-9.689	-11.338	156.1
9.4	-9.721	-12.808	72.2
9.41	-9.754	-13.250	0.5
9.42	-9.791	-12.795	-46.0
9.43	-9.829	-12.097	-75.9
9.44	-9.867	-11.689	-90.7
9.45	-9.905	-11.842	-93.2
9.46	-9.943	-12.591	-97.2
9.47	-9.981	-13.748	-97.2
9.48	-10.016	-15.023	-90.9
9.49	-10.049	-16.184	-93.3
9.5	-10.079	-17.064	-97.8
9.51	-10.106	-17.475	-91.3
9.52	-10.134	-17.025	-85.6
9.53	-10.166	-15.488	-87.1
9.54	-10.199	-13.669	-81.7
9.55	-10.232	-12.438	-71.7
9.56	-10.264	-11.813	-70.6
9.57	-10.296	-11.588	-75.8
9.58	-10.329	-11.598	-77.5
9.59	-10.361	-11.744	-73.4
9.6	-10.395	-11.964	-64.7
9.61	-10.429	-12.213	-60.3
9.62	-10.462	-12.436	-65.3
9.63	-10.493	-12.711	-67.9
9.64	-10.522	-12.917	-68.2
9.65	-10.549	-12.347	-67.4
9.66	-10.575	-11.252	-64.3
9.67	-10.601	-10.584	-62.4
9.68	-10.628	-10.539	-64.9
9.69	-10.655	-10.942	-59.5
9.7	-10.684	-11.513	-42.5
9.71	-10.712	-12.064	-32.8
9.72	-10.740	-12.578	-25.0
9.73	-10.768	-12.892	-11.2
9.74	-10.795	-12.903	-1.9
9.75	-10.823	-12.814	1.1
9.76	-10.848	-12.634	-15.0
9.77	-10.871	-12.217	-41.6
9.78	-10.894	-11.830	-57.9
9.79	-10.918	-11.770	-63.7
9.8	-10.942	-11.938	-60.3
9.81	-10.966	-12.163	-54.8
9.82	-10.988	-12.341	-41.9
9.83	-11.008	-12.358	-3.0
9.84	-11.028	-12.355	120.6
9.85	-11.049	-12.591	260.2
9.86	-11.071	-13.008	185.6
9.87	-11.090	-13.377	-25.8
9.88	-11.101	-13.430	-114.0
9.89	-11.110	-13.188	-84.4
9.9	-11.122	-12.789	-48.5
9.91	-11.136	-12.048	-32.1
9.92	-11.153	-11.100	-26.2
9.93	-11.176	-10.484	-24.6
9.94	-11.208	-10.416	-21.9
9.95	-11.244	-10.627	-17.3
9.96	-11.278	-10.681	-10.4
9.97	-11.308	-10.127	-0.7
9.98	-11.338	-8.247	10.3
9.99	-11.364	-4.941	17.6
10.0	-11.388	-0.839	26.3
10.01	-11.408	3.333	40.7
10.02	-11.424	6.434	53.8
10.03	-11.438	7.519	71.9
10.04	-11.448	6.577	98.4
10.05	-11.456	4.247	130.9
10.06	-11.465	1.550	167.8
10.07	-11.475	-0.361	201.3
10.08	-11.485	-1.623	222.8
10.09	-11.496	-3.727	237.1
10.1	-11.509	-6.677	231.7
10.11	-11.522	-9.063	192.4
10.12	-11.537	-10.427	133.4
10.13	-11.558	-11.045	61.2
10.14	-11.581	-11.172	-7.3
10.15	-11.600	-10.870	-50.7
10.16	-11.611	-10.158	-75.3
10.17	-11.619	-9.131	-89.6
10.18	-11.624	-7.616	-95.5
10.19	-11.626	-5.077	-96.5
10.2	-11.631	-3.144	-95.3
10.21	-11.638	-2.756	-93.2
10.22	-11.646	-2.217	-93.0
10.23	-11.654	-1.516	-84.4
10.24	-11.660	-1.458	-73.7
10.25	-11.664	-1.667	-77.1
10.26	-11.666	-1.288	-78.0
10.27	-11.668	-0.322	-68.8
10.28	-11.672	0.814	-67.8
10.29	-11.679	1.717	-68.8
10.3	-11.688	2.456	-61.4
10.31	-11.696	2.498	-55.6
10.32	-11.704	1.114	-54.7
10.33	-11.713	-1.619	-56.8
10.34	-11.724	-4.773	-59.2
10.35	-11.736	-6.797	-60.1
10.36	-11.747	-7.350	-59.3
10.37	-11.755	-7.334	-56.4
10.38	-11.760	-8.169	-54.8
10.39	-11.763	-9.859	-50.9
10.4	-11.763	-11.511	-39.3
10.41	-11.761	-12.841	-24.3
10.42	-11.756	-13.817	-14.1
10.43	-11.748	-14.466	-5.5
10.44	-11.736	-14.972	-0.4
10.45	-11.721	-15.563	-5.8
10.46	-11.706	-16.120	-23.4
10.47	-11.690	-16.583	-45.8
10.48	-11.678	-17.328	-56.5
10.49	-11.671	-18.658	-52.5
10.5	-11.664	-20.114	-49.4
10.51	-11.650	-21.138	-45.6
10.52	-11.631	-21.495	-27.3
10.53	-11.608	-21.189	37.8
10.54	-11.588	-20.656	179.9
10.55	-11.570	-20.181	228.7
10.56	-11.549	-20.072	72.0
10.57	-11.525	-20.175	-75.8
10.58	-11.503	-19.963	-90.9
10.59	-11.482	-19.831	-55.8
10.6	-11.456	-19.922	-35.3
10.61	-11.418	-19.503	-32.1
10.62	-11.373	-18.639	-28.6
10.63	-11.331	-18.042	-21.5
10.64	-11.293	-17.613	-14.4
10.65	-11.257	-16.958	-8.4
10.66	-11.220	-16.011	-1.9
10.67	-11.183	-14.559	1.4
10.68	-11.147	-12.238	4.4
10.69	-11.113	-8.791	16.7
10.7	-11.081	-4.561	31.3
10.71	-11.047	-0.588	46.7
10.72	-11.011	2.019	66.0
10.73	-10.973	2.852	85.7
10.74	-10.933	2.092	113.6
10.75	-10.891	0.169	151.8
10.76	-10.849	-2.377	187.3
10.77	-10.806	-5.098	214.8
10.78	-10.760	-7.700	232.7
10.79	-10.713	-10.086	232.6
10.8	-10.666	-12.166	211.3
10.81	-10.621	-13.613	159.4
10.82	-10.581	-14.188	81.6
10.83	-10.547	-13.984	8.8
10.84	-10.516	-13.363	-42.5
10.85	-10.483	-12.797	-72.2
10.86	-10.443	-12.467	-81.2
10.87	-10.401	-12.283	-80.8
10.88	-10.357	-12.273	-87.1
10.89	-10.311	-12.473	-94.3
10.9	-10.268	-12.789	-92.1
10.91	-10.229	-13.167	-88.2
10.92	-10.192	-13.581	-83.5
10.93	-10.154	-13.873	-79.4
10.94	-10.115	-13.903	-78.3
10.95	-10.074	-13.788	-75.8
10.96	-10.033	-13.642	-70.9
10.97	-9.994	-13.203	-67.3
10.98	-9.956	-12.456	-61.2
10.99	-9.921	-11.844	-52.2
11.0	-9.887	-11.433	-51.6
11.01	-9.854	-11.078	-54.3
11.02	-9.822	-10.972	-54.8
11.03	-9.791	-11.331	-50.5
11.04	-9.761	-12.034	-52.1
11.05	-9.728	-12.770	-55.6
11.06	-9.696	-13.322	-49.7
11.07	-9.663	-13.713	-47.1
11.08	-9.633	-14.047	-48.0
11.09	-9.605	-14.083	-48.0
11.1	-9.578	-13.591	-40.5
11.11	-9.553	-12.970	-26.2
11.12	-9.529	-12.745	-13.6
11.13	-9.506	-12.861	-4.6
11.14	-9.484	-13.075	0.3
11.15	-9.461	-13.434	-1.5
11.16	-9.437	-13.831	-12.7
11.17	-9.412	-13.955	-31.3
11.18	-9.388	-13.877	-48.8
11.19	-9.364	-13.880	-53.2
11.2	-9.339	-13.977	-48.2
11.21	-9.313	-13.988	-48.8
11.22	-9.286	-13.955	-45.9
11.23	-9.259	-14.125	-11.3
11.24	-9.238	-14.473	107.0
11.25	-9.221	-14.684	263.9
11.26	-9.206	-14.533	226.4
11.27	-9.189	-14.150	26.9
11.28	-9.173	-13.867	-73.4
11.29	-9.157	-13.758	-65.3
11.3	-9.141	-13.767	-43.4
11.31	-9.121	-13.945	-31.4
11.32	-9.098	-14.145	-30.9
11.33	-9.073	-14.002	-33.9
11.34	-9.049	-13.431	-28.9
11.35	-9.028	-12.683	-19.3
11.36	-9.008	-11.673	-10.4
11.37	-8.988	-9.906	-1.8
11.38	-8.969	-7.038	4.3
11.39	-8.950	-3.273	7.6
11.4	-8.933	0.495	15.6
11.41	-8.917	3.272	34.8
11.42	-8.899	4.577	54.5
11.43	-8.880	4.348	70.7
11.44	-8.861	2.845	97.5
11.45	-8.842	0.480	130.4
11.46	-8.826	-2.353	161.0
11.47	-8.810	-5.270	201.9
11.48	-8.796	-8.017	238.1
11.49	-8.783	-10.388	250.9
11.5	-8.771	-12.120	244.7
11.51	-8.760	-12.970	201.5
11.52	-8.751	-13.061	124.2
11.53	-8.744	-12.883	46.5
11.54	-8.740	-12.680	-11.8
11.55	-8.736	-12.467	-47.7
11.56	-8.730	-12.350	-72.0
11.57	-8.724	-12.445	-86.6
11.58	-8.717	-12.811	-93.6
11.59	-8.711	-13.370	-97.6
11.6	-8.704	-13.939	-93.5
11.61	-8.696	-14.463	-83.5
11.62	-8.687	-14.933	-80.2
11.63	-8.677	-15.227	-81.7
11.64	-8.667	-15.325	-78.1
11.65	-8.659	-15.347	-80.6
11.66	-8.651	-15.284	-82.8
11.67	-8.644	-15.028	-68.9
11.68	-8.638	-14.569	-57.1
11.69	-8.632	-14.013	-53.7
11.7	-8.626	-13.463	-54.7
11.71	-8.621	-12.970	-59.1
11.72	-8.616	-12.669	-60.7
11.73	-8.613	-12.703	-62.0
11.74	-8.608	-12.966	-61.2
11.75	-8.602	-12.981	-59.7
11.76	-8.595	-12.316	-57.7
11.77	-8.588	-11.027	-52.0
11.78	-8.581	-9.463	-52.6
11.79	-8.575	-8.094	-55.9
11.8	-8.570	-7.394	-54.3
11.81	-8.566	-7.494	-53.0
11.82	-8.562	-8.183	-53.3
11.83	-8.559	-9.188	-54.3
11.84	-8.556	-10.252	-53.3
11.85	-8.554	-11.186	-43.0
11.86	-8.551	-12.069	-28.7
11.87	-8.549	-13.006	-20.6
11.88	-8.546	-13.614	-7.4
11.89	-8.543	-13.461	5.4
11.9	-8.541	-12.758	9.1
11.91	-8.537	-11.898	1.4
11.92	-8.535	-11.164	-22.0
11.93	-8.533	-10.845	-38.1
11.94	-8.531	-11.014	-45.4
11.95	-8.530	-11.531	-49.8
11.96	-8.529	-12.117	-46.5
11.97	-8.526	-12.658	-37.4
11.98	-8.521	-13.261	-23.9
11.99	-8.516	-13.731	22.1
12.0	-8.514	-13.861	168.7
12.01	-8.513	-13.778	273.4
12.02	-8.514	-13.680	157.2
12.03	-8.517	-13.686	-6.4
12.04	-8.520	-13.634	-59.2
12.05	-8.521	-13.198	-50.6
12.06	-8.519	-12.433	-35.5
12.07	-8.516	-11.813	-32.1
12.08	-8.514	-11.478	-27.3
12.09	-8.511	-10.950	-22.5
12.1	-8.509	-9.945	-23.0
12.11	-8.506	-8.475	-12.2
12.12	-8.502	-6.213	1.1
12.13	-8.496	-3.016	4.5
12.14	-8.490	1.295	10.2
12.15	-8.484	5.991	19.7
12.16	-8.481	9.073	29.4
12.17	-8.477	9.673	43.0
12.18	-8.472	8.287	58.8
12.19	-8.467	6.052	80.9
12.2	-8.463	3.694	109.4
12.21	-8.459	1.116	142.8
12.22	-8.457	-1.689	185.0
12.23	-8.457	-4.502	216.6
12.24	-8.457	-7.039	236.9
12.25	-8.459	-9.011	251.4
12.26	-8.463	-10.300	236.2
12.27	-8.467	-11.044	185.0
12.28	-8.473	-11.520	107.8
12.29	-8.479	-11.919	28.5
12.3	-8.486	-12.303	-28.9
12.31	-8.493	-12.530	-64.1
12.32	-8.499	-12.489	-84.0
12.33	-8.503	-12.456	-90.4
12.34	-8.509	-12.680	-90.5
12.35	-8.514	-13.095	-90.6
12.36	-8.517	-13.670	-92.6
12.37	-8.519	-14.450	-95.1
12.38	-8.521	-15.342	-90.0
12.39	-8.525	-16.227	-84.4
12.4	-8.531	-17.042	-81.0
12.41	-8.537	-17.783	-76.7
12.42	-8.545	-18.500	-77.3
12.43	-8.553	-19.248	-74.1
12.44	-8.559	-20.097	-66.8
12.45	-8.564	-21.144	-62.4
12.46	-8.569	-22.448	-60.9
12.47	-8.576	-24.017	-60.9
12.48	-8.582	-25.903	-60.7
12.49	-8.590	-28.230	-57.6
12.5	-8.597	-30.959	-53.7
12.51	-8.603	-33.805	-53.5
12.52	-8.609	-36.441	-51.7
12.53	-8.615	-38.592	-52.0
12.54	-8.621	-39.750	-51.9
12.55	-8.626	-39.478	-48.7
12.56	-8.631	-38.288	-49.6
12.57	-8.636	-36.961	-47.2
12.58	-8.641	-35.594	-45.1
12.59	-8.646	-33.934	-46.9
12.6	-8.652	-31.689	-46.8
12.61	-8.657	-28.950	-44.7
12.62	-8.662	-26.417	-43.1
12.63	-8.668	-24.541	-41.0
12.64	-8.672	-23.156	-39.7
12.65	-8.678	-22.095	-41.2
12.66	-8.683	-21.431	-36.1
12.67	-8.688	-21.194	-24.8
12.68	-8.694	-21.345	-20.9
12.69	-8.700	-21.850	-12.8
12.7	-8.707	-22.592	6.5
12.71	-8.714	-23.456	21.3
12.72	-8.722	-24.406	24.6
12.73	-8.730	-25.431	8.0
12.74	-8.740	-26.503	-12.2
12.75	-8.752	-27.613	-24.2
12.76	-8.765	-28.778	-35.8
12.77	-8.781	-29.941	-35.0
12.78	-8.797	-30.991	-33.9
12.79	-8.814	-31.898	-32.6
12.8	-8.829	-32.666	-15.2
12.81	-8.848	-33.252	47.0
12.82	-8.867	-33.570	201.3
12.83	-8.887	-33.566	279.9
12.84	-8.908	-33.258	135.9
12.85	-8.930	-32.667	-22.3
12.86	-8.951	-31.878	-56.6
12.87	-8.968	-31.022	-41.2
12.88	-8.981	-30.119	-28.2
12.89	-8.994	-29.091	-27.6
12.9	-9.007	-27.897	-27.2
12.91	-9.022	-26.520	-18.5
12.92	-9.039	-24.930	-11.6
12.93	-9.058	-23.022	-8.8
12.94	-9.078	-20.556	-4.8
12.95	-9.097	-17.125	-1.0
12.96	-9.117	-12.688	5.5
12.97	-9.139	-8.048	14.1
12.98	-9.161	-4.263	24.9
12.99	-9.181	-1.970	42.7
13.0	-9.197	-1.280	64.7
13.01	-9.213	-1.770	84.8
13.02	-9.229	-3.006	109.7
13.03	-9.245	-4.753	144.3
13.04	-9.263	-6.617	180.1
13.05	-9.281	-8.298	212.8
13.06	-9.299	-9.791	234.4
13.07	-9.319	-11.077	242.5
13.08	-9.342	-12.078	233.3
13.09	-9.366	-12.722	185.8
13.1	-9.391	-12.844	110.4
13.11	-9.415	-12.444	33.7
13.12	-9.440	-11.817	-29.2
13.13	-9.464	-11.234	-68.0
13.14	-9.489	-10.764	-88.7
13.15	-9.516	-10.308	-95.4
13.16	-9.545	-9.823	-95.1
13.17	-9.573	-9.434	-93.1
13.18	-9.599	-9.188	-91.2
13.19	-9.623	-9.006	-93.3
13.2	-9.646	-8.859	-89.7
13.21	-9.671	-8.844	-80.8
13.22	-9.696	-9.027	-78.3
13.23	-9.724	-9.269	-81.5
13.24	-9.754	-9.428	-76.6
13.25	-9.783	-9.541	-69.6
13.26	-9.811	-9.716	-70.7
13.27	-9.838	-10.019	-68.2
13.28	-9.864	-10.422	-65.0
13.29	-9.889	-10.653	-66.7
13.3	-9.911	-10.405	-62.9
13.31	-9.933	-9.878	-58.2
13.32	-9.953	-9.480	-61.4
13.33	-9.973	-9.330	-59.7
13.34	-9.994	-9.427	-53.0
13.35	-10.019	-9.781	-53.3
13.36	-10.046	-10.333	-57.1
13.37	-10.073	-10.914	-60.9
13.38	-10.099	-11.208	-66.3
13.39	-10.126	-10.948	-64.3
13.4	-10.153	-10.447	-56.8
13.41	-10.178	-10.152	-55.3
13.42	-10.202	-9.916	-55.0
13.43	-10.226	-9.522	-52.0
13.44	-10.248	-9.156	-53.4
13.45	-10.268	-9.041	-56.4
13.46	-10.287	-9.236	-46.0
13.47	-10.304	-9.752	-33.5
13.48	-10.321	-10.516	-27.1
13.49	-10.337	-11.386	-14.8
13.5	-10.353	-12.208	-2.8
13.51	-10.369	-12.853	2.8
13.52	-10.386	-13.281	-4.8
13.53	-10.403	-13.505	-28.3
13.54	-10.421	-13.469	-48.1
13.55	-10.440	-13.233	-53.7
13.56	-10.459	-12.964	-52.4
13.57	-10.478	-12.711	-49.3
13.58	-10.491	-12.328	-44.5
13.59	-10.502	-11.769	-29.2
13.6	-10.515	-11.327	44.5
13.61	-10.531	-11.195	201.9
13.62	-10.549	-11.253	250.1
13.63	-10.565	-11.375	72.4
13.64	-10.574	-11.558	-84.9
13.65	-10.579	-11.769	-90.1
13.66	-10.583	-11.900	-51.5
13.67	-10.583	-11.958	-32.7
13.68	-10.578	-12.002	-30.5
13.69	-10.571	-11.952	-24.6
13.7	-10.569	-11.789	-18.9
13.71	-10.574	-11.622	-15.3
13.72	-10.583	-11.413	-12.9
13.73	-10.595	-10.927	-12.4
13.74	-10.608	-9.767	0.0
13.75	-10.623	-7.602	15.4
13.76	-10.638	-4.417	28.7
13.77	-10.652	-0.747	36.1
13.78	-10.664	2.480	40.8
13.79	-10.674	4.525	57.6
13.8	-10.681	4.981	77.9
13.81	-10.687	3.745	109.9
13.82	-10.693	1.208	144.5
13.83	-10.700	-1.888	169.4
13.84	-10.709	-4.945	198.9
13.85	-10.717	-7.711	221.9
13.86	-10.726	-9.998	237.6
13.87	-10.734	-11.656	232.5
13.88	-10.744	-12.678	179.5
13.89	-10.759	-13.111	104.6
13.9	-10.783	-13.042	32.9
13.91	-10.808	-12.609	-24.6
13.92	-10.832	-12.077	-61.0
13.93	-10.853	-11.759	-85.1
13.94	-10.869	-11.683	-94.2
13.95	-10.881	-11.750	-93.8
13.96	-10.891	-12.006	-94.5
13.97	-10.900	-12.442	-91.3
13.98	-10.909	-12.913	-85.8
13.99	-10.918	-13.278	-87.4
14.0	-10.925	-13.453	-87.1
14.01	-10.930	-13.405	-82.0
14.02	-10.933	-13.152	-82.2
14.03	-10.937	-12.802	-78.8
14.04	-10.942	-12.456	-69.5
14.05	-10.947	-12.083	-67.1
14.06	-10.953	-11.616	-69.0
14.07	-10.959	-11.014	-65.4
14.08	-10.964	-10.356	-57.8
14.09	-10.969	-9.945	-60.7
14.1	-10.973	-9.953	-68.1
14.11	-10.974	-10.248	-66.9
14.12	-10.976	-10.650	-67.9
14.13	-10.978	-11.077	-67.4
14.14	-10.978	-11.502	-64.0
14.15	-10.976	-11.822	-63.2
14.16	-10.974	-11.966	-59.2
14.17	-10.970	-12.094	-61.3
14.18	-10.965	-12.448	-65.6
14.19	-10.959	-13.058	-57.7
14.2	-10.951	-13.805	-47.2
14.21	-10.943	-14.584	-40.2
14.22	-10.935	-15.359	-35.4
14.23	-10.928	-16.094	-26.0
14.24	-10.920	-16.814	-10.0
14.25	-10.911	-17.719	-3.0
14.26	-10.901	-18.925	-14.2
14.27	-10.889	-20.377	-34.9
14.28	-10.881	-22.167	-54.1
14.29	-10.879	-24.423	-65.2
14.3	-10.880	-26.961	-70.0
14.31	-10.880	-29.486	-74.0
14.32	-10.874	-31.708	-68.6
14.33	-10.863	-33.194	-49.1
14.34	-10.851	-33.550	18.5
14.35	-10.842	-32.783	170.9
14.36	-10.836	-31.116	224.2
14.37	-10.822	-28.703	57.4
14.38	-10.797	-25.761	-94.6
14.39	-10.770	-22.455	-109.7
14.4	-10.744	-18.847	-82.3
14.41	-10.716	-15.023	-61.0
14.42	-10.683	-11.169	-47.5
14.43	-10.649	-7.580	-41.0
14.44	-10.623	-4.625	-36.3
14.45	-10.606	-2.658	-29.6
14.46	-10.594	-1.808	-23.7
14.47	-10.584	-1.791	-18.7
14.48	-10.573	-1.942	-11.0
14.49	-10.557	-1.459	-0.8
14.5	-10.537	0.036	9.1
14.51	-10.513	2.022	19.0
14.52	-10.486	3.513	33.1
14.53	-10.458	3.869	53.3
14.54	-10.429	2.994	74.1
14.55	-10.404	1.102	101.4
14.56	-10.381	-1.483	136.6
14.57	-10.360	-4.370	169.7
14.58	-10.338	-7.147	198.9
14.59	-10.314	-9.545	219.9
14.6	-10.288	-11.495	228.5
14.61	-10.259	-13.011	217.4
14.62	-10.228	-14.102	173.2
14.63	-10.198	-14.811	99.0
14.64	-10.171	-15.228	21.1
14.65	-10.147	-15.375	-39.2
14.66	-10.119	-15.222	-75.3
14.67	-10.086	-14.898	-87.5
14.68	-10.051	-14.645	-89.7
14.69	-10.016	-14.534	-95.7
14.7	-9.981	-14.508	-101.3
14.71	-9.944	-14.547	-101.0
14.72	-9.909	-14.633	-99.4
14.73	-9.875	-14.711	-94.3
14.74	-9.842	-14.717	-86.5
14.75	-9.811	-14.598	-84.8
14.76	-9.779	-14.375	-82.7
14.77	-9.747	-14.086	-76.3
14.78	-9.714	-13.730	-72.4
14.79	-9.680	-13.313	-70.7
14.8	-9.644	-12.913	-70.7
14.81	-9.606	-12.608	-67.0
14.82	-9.566	-12.428	-58.7
14.83	-9.524	-12.356	-61.9
14.84	-9.481	-12.338	-69.2
14.85	-9.439	-12.369	-64.7
14.86	-9.399	-12.486	-59.7
14.87	-9.363	-12.689	-57.6
14.88	-9.330	-13.008	-55.0
14.89	-9.297	-13.447	-55.5
14.9	-9.265	-13.920	-57.5
14.91	-9.234	-14.317	-55.8
14.92	-9.206	-14.569	-58.0
14.93	-9.176	-14.652	-51.8
14.94	-9.148	-14.600	-35.4
14.95	-9.120	-14.509	-24.4
14.96	-9.094	-14.441	-11.3
14.97	-9.068	-14.352	-2.2
14.98	-9.043	-14.230	-4.0
14.99	-9.018	-14.159	-14.3
15.0	-8.994	-14.180	-27.3
15.01	-8.971	-14.255	-43.4
15.02	-8.949	-14.372	-59.8
15.03	-8.928	-14.531	-56.1
15.04	-8.906	-14.711	-48.9
15.05	-8.883	-14.867	-42.5
15.06	-8.858	-14.959	-18.0
15.07	-8.835	-15.020	76.1
15.08	-8.816	-15.088	231.4
15.09	-8.798	-15.125	227.4
15.1	-8.781	-15.089	44.3
15.11	-8.761	-14.952	-72.0
15.12	-8.741	-14.694	-73.6
15.13	-8.718	-14.363	-47.2
15.14	-8.693	-13.973	-32.8
15.15	-8.666	-13.541	-31.5
15.16	-8.642	-13.102	-29.9
15.17	-8.619	-12.572	-25.8
15.18	-8.599	-11.764	-22.0
15.19	-8.579	-10.528	-16.8
15.2	-8.558	-8.731	-9.1
15.21	-8.535	-6.083	-1.0
15.22	-8.514	-2.600	6.1
15.23	-8.492	0.873	15.2
15.24	-8.471	3.322	29.3
15.25	-8.449	4.258	43.0
15.26	-8.427	3.667	61.5
15.27	-8.405	1.888	88.1
15.28	-8.384	-0.578	115.6
15.29	-8.364	-3.311	151.7
15.3	-8.346	-5.967	189.2
15.31	-8.332	-8.302	220.5
15.32	-8.319	-10.273	240.3
15.33	-8.310	-11.902	237.1
15.34	-8.303	-13.083	206.8
15.35	-8.295	-13.730	145.2
15.36	-8.289	-13.950	66.3
15.37	-8.284	-13.988	-7.1
15.38	-8.279	-13.970	-58.4
15.39	-8.274	-13.839	-84.3
15.4	-8.267	-13.561	-98.5
15.41	-8.259	-13.284	-106.6
15.42	-8.253	-13.316	-106.4
15.43	-8.248	-13.719	-105.2
15.44	-8.241	-14.258	-104.4
15.45	-8.236	-14.697	-103.4
15.46	-8.230	-14.903	-99.0
15.47	-8.226	-14.822	-91.9
15.48	-8.223	-14.491	-96.8
15.49	-8.219	-14.125	-97.7
15.5	-8.216	-13.938	-86.1
15.51	-8.211	-13.905	-82.8
15.52	-8.207	-13.839	-81.7
15.53	-8.204	-13.631	-75.3
15.54	-8.203	-13.286	-70.3
15.55	-8.201	-12.930	-74.2
15.56	-8.201	-12.720	-77.4
15.57	-8.200	-12.727	-75.2
15.58	-8.200	-12.945	-77.7
15.59	-8.199	-13.348	-76.5
15.6	-8.197	-13.891	-72.6
15.61	-8.197	-14.441	-70.5
15.62	-8.197	-14.822	-68.9
15.63	-8.197	-14.969	-70.2
15.64	-8.199	-14.928	-65.7
15.65	-8.201	-14.780	-61.0
15.66	-8.204	-14.600	-63.7
15.67	-8.206	-14.469	-64.2
15.68	-8.209	-14.427	-59.7
15.69	-8.212	-14.430	-56.4
15.7	-8.215	-14.433	-55.8
15.71	-8.219	-14.439	-52.1
15.72	-8.222	-14.375	-43.2
15.73	-8.225	-14.202	-28.0
15.74	-8.228	-14.009	-12.4
15.75	-8.230	-13.866	-4.4
15.76	-8.232	-13.788	-2.4
15.77	-8.234	-13.809	-10.3
15.78	-8.237	-13.919	-25.7
15.79	-8.239	-14.041	-41.7
15.8	-8.242	-14.131	-48.6
15.81	-8.244	-14.188	-46.9
15.82	-8.247	-14.191	-52.3
15.83	-8.248	-14.089	-43.0
15.84	-8.249	-13.864	-18.2
15.85	-8.249	-13.638	57.4
15.86	-8.252	-13.470	211.1
15.87	-8.258	-13.292	241.6
15.88	-8.264	-13.100	82.9
15.89	-8.272	-12.994	-44.5
15.9	-8.277	-13.016	-65.5
15.91	-8.279	-13.127	-47.7
15.92	-8.279	-13.247	-32.3
15.93	-8.280	-13.292	-32.5
15.94	-8.281	-13.189	-32.0
15.95	-8.282	-12.913	-21.6
15.96	-8.284	-12.402	-11.3
15.97	-8.286	-11.439	-10.1
15.98	-8.287	-9.675	-9.5
15.99	-8.286	-6.764	1.3
16.0	-8.284	-2.867	12.1
16.01	-8.283	1.038	18.9
16.02	-8.280	3.788	27.6
16.03	-8.276	4.813	42.0
16.04	-8.273	4.180	65.0
16.05	-8.269	2.252	93.1
16.06	-8.267	-0.450	121.9
16.07	-8.266	-3.392	153.3
16.08	-8.267	-6.188	188.5
16.09	-8.268	-8.606	217.0
16.1	-8.271	-10.523	236.2
16.11	-8.276	-11.900	246.9
16.12	-8.282	-12.834	229.1
16.13	-8.289	-13.442	174.8
16.14	-8.296	-13.728	97.8
16.15	-8.304	-13.691	21.0
16.16	-8.314	-13.425	-36.2
16.17	-8.322	-13.045	-66.9
16.18	-8.328	-12.664	-81.8
16.19	-8.334	-12.450	-87.1
16.2	-8.341	-12.527	-83.7
16.21	-8.346	-12.820	-86.8
16.22	-8.349	-13.155	-89.8
16.23	-8.353	-13.428	-86.3
16.24	-8.357	-13.622	-79.1
16.25	-8.363	-13.753	-74.2
16.26	-8.371	-13.831	-76.2
16.27	-8.381	-13.888	-71.6
16.28	-8.390	-13.936	-67.2
16.29	-8.398	-13.923	-69.8
16.3	-8.406	-13.808	-68.8
16.31	-8.412	-13.623	-62.9
16.32	-8.419	-13.414	-57.6
16.33	-8.427	-13.211	-55.4
16.34	-8.436	-13.080	-55.5
16.35	-8.445	-13.092	-57.3
16.36	-8.454	-13.258	-56.5
16.37	-8.463	-13.489	-55.9
16.38	-8.471	-13.700	-60.1
16.39	-8.478	-13.894	-62.9
16.4	-8.486	-14.097	-60.5
16.41	-8.494	-14.266	-56.9
16.42	-8.502	-14.316	-53.0
16.43	-8.512	-14.241	-49.7
16.44	-8.523	-14.164	-48.5
16.45	-8.534	-14.180	-47.9
16.46	-8.545	-14.286	-50.3
16.47	-8.556	-14.425	-46.6
16.48	-8.568	-14.491	-43.1
16.49	-8.580	-14.392	-43.3
16.5	-8.593	-14.125	-34.0
16.51	-8.607	-13.794	-20.5
16.52	-8.623	-13.542	-7.9
16.53	-8.640	-13.370	5.4
16.54	-8.659	-13.133	11.3
16.55	-8.678	-12.792	9.4
16.56	-8.697	-12.484	2.8
16.57	-8.715	-12.316	-18.7
16.58	-8.732	-12.264	-42.5
16.59	-8.751	-12.242	-44.7
16.6	-8.770	-12.164	-37.3
16.61	-8.790	-11.995	-36.8
16.62	-8.811	-11.784	-32.2
16.63	-8.831	-11.630	-1.9
16.64	-8.855	-11.561	121.3
16.65	-8.882	-11.491	265.9
16.66	-8.911	-11.319	202.8
16.67	-8.940	-11.081	12.2
16.68	-8.967	-10.877	-74.2
16.69	-8.989	-10.731	-64.6
16.7	-9.008	-10.622	-40.5
16.71	-9.026	-10.531	-30.5
16.72	-9.045	-10.458	-30.0
16.73	-9.063	-10.384	-26.0
16.74	-9.082	-10.225	-20.8
16.75	-9.103	-9.848	-16.6
16.76	-9.127	-9.109	-11.3
16.77	-9.151	-7.609	-7.7
16.78	-9.175	-4.786	-1.0
16.79	-9.198	-0.848	6.9
16.8	-9.221	2.995	8.9
16.81	-9.244	5.575	23.9
16.82	-9.265	6.416	48.5
16.83	-9.286	5.614	64.0
16.84	-9.305	3.578	84.8
16.85	-9.326	0.830	116.8
16.86	-9.350	-2.059	151.9
16.87	-9.375	-4.639	183.7
16.88	-9.401	-6.677	210.5
16.89	-9.429	-8.123	228.6
16.9	-9.459	-9.083	226.5
16.91	-9.490	-9.692	200.9
16.92	-9.522	-10.078	141.4
16.93	-9.555	-10.353	67.1
16.94	-9.589	-10.534	5.5
16.95	-9.620	-10.592	-48.3
16.96	-9.648	-10.541	-83.1
16.97	-9.675	-10.455	-94.2
16.98	-9.701	-10.495	-94.6
16.99	-9.723	-10.763	-93.8
17.0	-9.740	-11.186	-100.5
17.01	-9.753	-11.713	-101.2
17.02	-9.764	-12.330	-96.0
17.03	-9.776	-12.953	-92.2
17.04	-9.790	-13.448	-86.5
17.05	-9.805	-13.720	-82.1
17.06	-9.819	-13.731	-78.2
17.07	-9.834	-13.508	-75.3
17.08	-9.849	-13.166	-70.9
17.09	-9.864	-12.852	-68.8
17.1	-9.878	-12.700	-71.0
17.11	-9.892	-12.780	-68.4
17.12	-9.906	-13.028	-68.6
17.13	-9.921	-13.300	-73.8
17.14	-9.938	-13.527	-71.8
17.15	-9.952	-13.708	-65.3
17.16	-9.966	-13.828	-61.4
17.17	-9.979	-13.841	-58.8
17.18	-9.995	-13.736	-58.8
17.19	-10.013	-13.558	-62.8
17.2	-10.032	-13.353	-61.5
17.21	-10.053	-13.148	-54.1
17.22	-10.076	-12.928	-51.6
17.23	-10.098	-12.677	-48.3
17.24	-10.119	-12.438	-36.6
17.25	-10.141	-12.278	-22.2
17.26	-10.162	-12.163	-5.5
17.27	-10.182	-11.963	6.2
17.28	-10.201	-11.619	-1.6
17.29	-10.218	-11.217	-18.2
17.3	-10.234	-10.877	-38.4
17.31	-10.251	-10.647	-58.7
17.32	-10.273	-10.530	-59.5
17.33	-10.296	-10.484	-53.7
17.34	-10.321	-10.452	-54.6
17.35	-10.344	-10.392	-44.1
17.36	-10.366	-10.280	-0.5
17.37	-10.390	-10.116	130.7
17.38	-10.417	-9.898	254.7
17.39	-10.443	-9.680	155.0
17.4	-10.464	-9.544	-46.4
17.41	-10.478	-9.509	-108.6
17.42	-10.489	-9.589	-70.2
17.43	-10.496	-9.842	-42.1
17.44	-10.497	-10.255	-35.3
17.45	-10.497	-10.744	-29.8
17.46	-10.499	-11.230	-23.5
17.47	-10.508	-11.591	-20.1
17.48	-10.521	-11.734	-15.9
17.49	-10.535	-11.617	-7.8
17.5	-10.548	-11.059	-4.2
17.51	-10.560	-9.652	-2.8
17.52	-10.571	-7.031	3.0
17.53	-10.581	-3.541	15.8
17.54	-10.589	-0.250	30.0
17.55	-10.594	1.927	46.2
17.56	-10.599	2.677	66.3
17.57	-10.605	2.042	88.0
17.58	-10.611	0.333	122.9
17.59	-10.616	-1.969	158.2
17.6	-10.623	-4.427	185.3
17.61	-10.629	-6.730	212.1
17.62	-10.637	-8.717	225.2
17.63	-10.644	-10.342	217.1
17.64	-10.650	-11.644	183.8
17.65	-10.658	-12.639	123.2
17.66	-10.668	-13.286	47.4
17.67	-10.675	-13.605	-15.8
17.68	-10.678	-13.666	-51.3
17.69	-10.679	-13.508	-71.8
17.7	-10.681	-13.202	-86.2
17.71	-10.680	-12.875	-93.6
17.72	-10.678	-12.648	-95.8
17.73	-10.676	-12.581	-98.2
17.74	-10.679	-12.623	-96.9
17.75	-10.685	-12.622	-90.7
17.76	-10.694	-12.438	-85.9
17.77	-10.702	-12.086	-83.5
17.78	-10.710	-11.673	-78.9
17.79	-10.716	-11.233	-73.1
17.8	-10.721	-10.755	-72.8
17.81	-10.724	-10.275	-70.8
17.82	-10.728	-9.850	-65.6
17.83	-10.731	-9.492	-64.3
17.84	-10.733	-9.225	-69.1
17.85	-10.733	-9.108	-73.4
17.86	-10.733	-9.158	-69.7
17.87	-10.731	-9.377	-63.4
17.88	-10.728	-9.733	-61.6
17.89	-10.723	-10.148	-63.9
17.9	-10.717	-10.547	-63.8
17.91	-10.712	-10.895	-60.1
17.92	-10.708	-11.198	-52.8
17.93	-10.705	-11.503	-46.0
17.94	-10.704	-11.873	-40.7
17.95	-10.702	-12.317	-29.8
17.96	-10.698	-12.755	-15.0
17.97	-10.691	-13.072	-6.5
17.98	-10.681	-13.219	-10.3
17.99	-10.671	-13.253	-22.4
18.0	-10.660	-13.311	-40.8
18.01	-10.649	-13.477	-54.6
18.02	-10.639	-13.730	-54.6
18.03	-10.629	-14.002	-52.4
18.04	-10.618	-14.264	-53.6
18.05	-10.600	-14.497	-40.1
18.06	-10.579	-14.641	-4.4
18.07	-10.557	-14.619	110.8
18.08	-10.538	-14.408	239.7
18.09	-10.518	-14.077	163.8
18.1	-10.494	-13.719	-25.1
18.11	-10.467	-13.347	-93.7
18.12	-10.439	-12.917	-69.0
18.13	-10.408	-12.420	-44.4
18.14	-10.371	-11.822	-27.3
18.15	-10.335	-11.114	-21.4
18.16	-10.306	-10.398	-21.7
18.17	-10.286	-9.723	-10.5
18.18	-10.271	-9.003	1.5
18.19	-10.257	-8.102	4.3
18.2	-10.239	-6.886	5.8
18.21	-10.218	-5.084	7.6
18.22	-10.192	-2.519	15.8
18.23	-10.161	0.219	31.3
18.24	-10.126	2.209	42.7
18.25	-10.086	3.006	57.1
18.26	-10.041	2.402	78.6
18.27	-9.992	0.448	102.6
18.28	-9.944	-2.389	132.0
18.29	-9.899	-5.505	162.0
18.3	-9.857	-8.389	187.2
18.31	-9.819	-10.834	212.8
18.32	-9.786	-12.744	232.3
18.33	-9.754	-14.023	225.4
18.34	-9.723	-14.727	186.7
18.35	-9.694	-15.002	121.3
18.36	-9.667	-14.972	49.6
18.37	-9.641	-14.761	-9.9
18.38	-9.614	-14.483	-53.4
18.39	-9.584	-14.191	-74.9
18.4	-9.553	-13.945	-85.5
18.41	-9.517	-13.825	-92.6
18.42	-9.478	-13.845	-91.2
18.43	-9.439	-14.016	-90.9
18.44	-9.400	-14.339	-93.2
18.45	-9.363	-14.783	-89.6
18.46	-9.327	-15.244	-82.3
18.47	-9.292	-15.577	-80.8
18.48	-9.259	-15.719	-79.6
18.49	-9.228	-15.722	-69.0
18.5	-9.200	-15.634	-66.0
18.51	-9.174	-15.395	-68.0
18.52	-9.149	-14.884	-61.3
18.53	-9.124	-14.092	-59.8
18.54	-9.099	-13.203	-63.3
18.55	-9.075	-12.394	-61.8
18.56	-9.052	-11.727	-59.1
18.57	-9.028	-11.228	-59.3
18.58	-9.005	-10.956	-61.2
18.59	-8.983	-10.988	-59.8
18.6	-8.963	-11.338	-59.9
18.61	-8.943	-12.047	-61.8
18.62	-8.924	-13.153	-57.6
18.63	-8.906	-14.228	-45.4
18.64	-8.889	-14.698	-36.1
18.65	-8.871	-14.661	-31.4
18.66	-8.854	-14.558	-17.5
18.67	-8.836	-14.595	-3.1
18.68	-8.818	-14.789	-0.1
18.69	-8.799	-15.023	-8.7
18.7	-8.780	-15.186	-33.8
18.71	-8.763	-15.258	-56.1
18.72	-8.748	-15.275	-56.8
18.73	-8.733	-15.336	-55.2
18.74	-8.718	-15.517	-55.2
18.75	-8.702	-15.733	-42.4
18.76	-8.684	-15.803	-27.6
18.77	-8.670	-15.702	54.0
18.78	-8.661	-15.502	222.6
18.79	-8.652	-15.194	247.0
18.8	-8.642	-14.789	67.0
18.81	-8.631	-14.388	-70.2
18.82	-8.619	-14.100	-77.3
18.83	-8.606	-13.914	-50.2
18.84	-8.589	-13.736	-37.6
18.85	-8.569	-13.573	-34.2
18.86	-8.550	-13.409	-31.7
18.87	-8.532	-13.113	-27.9
18.88	-8.516	-12.566	-22.4
18.89	-8.499	-11.667	-14.1
18.9	-8.484	-10.178	-7.0
18.91	-8.469	-7.697	-5.9
18.92	-8.456	-4.339	-3.6
18.93	-8.443	-1.002	12.1
18.94	-8.429	1.380	31.4
18.95	-8.413	2.402	44.9
18.96	-8.397	2.119	58.8
18.97	-8.381	0.764	77.5
18.98	-8.365	-1.350	103.2
18.99	-8.350	-3.816	140.1
19.0	-8.338	-6.244	177.7
19.01	-8.328	-8.373	205.4
19.02	-8.321	-10.095	223.1
19.03	-8.317	-11.406	229.2
19.04	-8.313	-12.338	209.5
19.05	-8.311	-12.933	146.8
19.06	-8.310	-13.277	67.1
19.07	-8.311	-13.405	-1.2
19.08	-8.311	-13.291	-53.4
19.09	-8.310	-12.994	-79.3
19.1	-8.307	-12.611	-89.5
19.11	-8.304	-12.284	-96.1
19.12	-8.303	-12.200	-95.6
19.13	-8.299	-12.373	-96.1
19.14	-8.296	-12.656	-96.7
19.15	-8.293	-12.894	-94.3
19.16	-8.292	-12.981	-91.1
19.17	-8.292	-12.878	-82.8
19.18	-8.293	-12.606	-77.7
19.19	-8.293	-12.220	-81.7
19.2	-8.291	-11.803	-79.5
19.21	-8.291	-11.464	-68.8
19.22	-8.290	-11.238	-65.6
19.23	-8.289	-11.027	-65.8
19.24	-8.291	-10.744	-66.3
19.25	-8.293	-10.409	-66.6
19.26	-8.294	-10.078	-63.5
19.27	-8.295	-9.844	-63.7
19.28	-8.295	-9.777	-60.1
19.29	-8.295	-9.853	-60.8
19.3	-8.296	-10.045	-70.8
19.31	-8.297	-10.375	-69.1
19.32	-8.301	-10.856	-60.8
19.33	-8.303	-11.395	-58.8
19.34	-8.305	-11.858	-59.0
19.35	-8.308	-12.172	-63.9
19.36	-8.311	-12.378	-65.4
19.37	-8.314	-12.567	-56.8
19.38	-8.317	-12.786	-49.8
19.39	-8.319	-13.039	-43.0
19.4	-8.321	-13.322	-29.8
19.41	-8.324	-13.553	-14.9
19.42	-8.326	-13.670	-9.3
19.43	-8.329	-13.706	-7.0
19.44	-8.331	-13.745	-5.4
19.45	-8.332	-13.845	-22.3
19.46	-8.335	-14.028	-46.2
19.47	-8.337	-14.281	-58.9
19.48	-8.339	-14.564	-60.3
19.49	-8.342	-14.877	-58.3
19.5	-8.343	-15.202	-51.2
19.51	-8.342	-15.486	-34.6
19.52	-8.342	-15.739	21.0
19.53	-8.344	-15.966	172.1
19.54	-8.348	-16.127	256.5
19.55	-8.353	-16.247	120.8
19.56	-8.358	-16.370	-37.8
19.57	-8.361	-16.453	-73.8
19.58	-8.362	-16.459	-53.2
19.59	-8.361	-16.431	-40.8
19.6	-8.361	-16.422	-40.7
19.61	-8.361	-16.367	-31.1
19.62	-8.361	-16.053	-19.4
19.63	-8.363	-15.250	-17.9
19.64	-8.366	-13.759	-12.0
19.65	-8.367	-11.341	-7.7
19.66	-8.367	-7.728	-7.2
19.67	-8.367	-3.109	4.5
19.68	-8.366	1.473	16.2
19.69	-8.363	4.809	27.1
19.7	-8.360	6.327	38.3
19.71	-8.356	6.102	51.8
19.72	-8.354	4.638	70.4
19.73	-8.353	2.508	103.5
19.74	-8.351	0.088	147.1
19.75	-8.351	-2.330	179.4
19.76	-8.352	-4.552	208.3
19.77	-8.353	-6.544	230.0
19.78	-8.356	-8.272	234.5
19.79	-8.360	-9.634	221.7
19.8	-8.365	-10.561	180.2
19.81	-8.372	-11.050	115.8
19.82	-8.380	-11.091	41.1
19.83	-8.389	-10.798	-27.1
19.84	-8.396	-10.445	-66.5
19.85	-8.401	-10.158	-82.7
19.86	-8.407	-10.016	-90.5
19.87	-8.412	-10.125	-93.1
19.88	-8.416	-10.492	-94.4
19.89	-8.417	-11.028	-91.4
19.9	-8.416	-11.613	-88.4
19.91	-8.415	-12.131	-89.6
19.92	-8.416	-12.508	-89.3
19.93	-8.419	-12.741	-89.5
19.94	-8.424	-12.922	-83.3
19.95	-8.429	-13.131	-77.8
19.96	-8.434	-13.392	-76.0
19.97	-8.438	-13.620	-69.9
19.98	-8.440	-13.711	-67.2
19.99	-8.444	-13.659	-65.8
20.0	-8.449	-13.503	-65.9
20.01	-8.457	-13.253	-66.6
20.02	-8.467	-13.006	-63.3
20.03	-8.479	-12.923	-58.4
20.04	-8.492	-13.034	-59.8
20.05	-8.509	-13.264	-62.8
20.06	-8.529	-13.566	-59.5
20.07	-8.551	-13.889	-59.4
20.08	-8.575	-14.164	-59.0
20.09	-8.601	-14.370	-56.4
20.1	-8.632	-14.467	-56.4
20.11	-8.667	-14.377	-55.5
20.12	-8.703	-14.050	-54.5
20.13	-8.739	-13.586	-50.2
20.14	-8.773	-13.175	-47.3
20.15	-8.805	-12.838	-46.5
20.16	-8.836	-12.502	-46.0
20.17	-8.867	-12.238	-47.2
20.18	-8.899	-12.152	-45.3
20.19	-8.931	-12.223	-42.0
20.2	-8.962	-12.336	-35.7
20.21	-8.992	-12.394	-14.4
20.22	-9.023	-12.369	6.2
20.23	-9.053	-12.259	7.0
20.24	-9.084	-12.092	3.1
20.25	-9.117	-11.841	-6.4
20.26	-9.153	-11.439	-28.9
20.27	-9.193	-10.925	-53.2
20.28	-9.234	-10.392	-63.8
20.29	-9.276	-9.858	-60.2
20.3	-9.313	-9.280	-56.3
20.31	-9.348	-8.700	-47.4
20.32	-9.383	-8.250	-12.3
20.33	-9.422	-8.008	103.8
20.34	-9.463	-7.883	243.6
20.35	-9.501	-7.753	187.7
20.36	-9.537	-7.644	-5.0
20.37	-9.566	-7.614	-93.2
20.38	-9.588	-7.727	-75.8
20.39	-9.607	-8.031	-51.5
20.4	-9.624	-8.478	-44.8
20.41	-9.643	-8.928	-40.7
20.42	-9.667	-9.192	-33.2
20.43	-9.695	-9.173	-26.1
20.44	-9.727	-8.884	-21.9
20.45	-9.759	-8.178	-16.3
20.46	-9.791	-6.602	-8.7
20.47	-9.824	-3.642	-3.8
20.48	-9.859	0.544	-3.5
20.49	-9.899	4.811	4.4
20.5	-9.939	7.895	20.7
20.51	-9.976	9.184	38.0
20.52	-10.008	8.658	54.8
20.53	-10.038	6.683	73.7
20.54	-10.067	3.864	104.3
20.55	-10.095	0.872	135.6
20.56	-10.123	-1.898	166.2
20.57	-10.150	-4.420	194.5
20.58	-10.178	-6.705	210.8
20.59	-10.204	-8.658	217.2
20.6	-10.229	-10.156	197.7
20.61	-10.251	-11.164	140.6
20.62	-10.274	-11.778	65.8
20.63	-10.298	-12.063	-1.2
20.64	-10.321	-12.000	-49.6
20.65	-10.342	-11.630	-81.7
20.66	-10.363	-11.142	-98.7
20.67	-10.384	-10.767	-102.8
20.68	-10.403	-10.600	-101.8
20.69	-10.422	-10.589	-98.3
20.7	-10.441	-10.659	-95.6
20.71	-10.463	-10.722	-98.6
20.72	-10.487	-10.689	-96.8
20.73	-10.511	-10.531	-91.1
20.74	-10.534	-10.248	-90.1
20.75	-10.556	-9.806	-87.9
20.76	-10.578	-9.217	-80.3
20.77	-10.598	-8.630	-74.3
20.78	-10.614	-8.287	-72.1
20.79	-10.628	-8.325	-67.2
20.8	-10.640	-8.592	-68.0
20.81	-10.649	-8.883	-70.1
20.82	-10.656	-9.094	-62.4
20.83	-10.663	-9.205	-63.5
20.84	-10.671	-9.458	-66.3
20.85	-10.679	-10.034	-59.4
20.86	-10.689	-10.645	-64.1
20.87	-10.699	-11.028	-65.5
20.88	-10.709	-11.170	-59.3
20.89	-10.719	-11.148	-60.3
20.9	-10.733	-11.088	-60.8
20.91	-10.746	-11.078	-51.9
20.92	-10.760	-11.109	-37.4
20.93	-10.772	-11.134	-29.2
20.94	-10.782	-11.158	-23.4
20.95	-10.791	-11.248	-15.8
20.96	-10.800	-11.420	0.2
20.97	-10.811	-11.575	2.8
20.98	-10.821	-11.636	-19.7
20.99	-10.830	-11.642	-39.4
21.0	-10.838	-11.703	-51.6
21.01	-10.848	-11.866	-52.5
21.02	-10.857	-12.044	-43.8
21.03	-10.863	-12.100	-40.2
21.04	-10.866	-11.922	-29.6
21.05	-10.866	-11.461	9.7
21.06	-10.870	-10.859	136.7
21.07	-10.879	-10.366	261.5
21.08	-10.887	-10.059	159.1
21.09	-10.889	-9.905	-39.6
21.1	-10.889	-9.848	-97.3
21.11	-10.892	-9.817	-66.1
21.12	-10.893	-9.772	-34.0
21.13	-10.886	-9.692	-13.8
21.14	-10.879	-9.516	-8.6
21.15	-10.876	-9.241	-9.8
21.16	-10.882	-8.925	-10.4
21.17	-10.891	-8.608	-8.5
21.18	-10.901	-8.244	-0.9
21.19	-10.912	-7.573	10.9
21.2	-10.921	-6.213	22.2
21.21	-10.928	-3.880	28.6
21.22	-10.932	-0.847	39.6
21.23	-10.935	2.000	56.3
21.24	-10.936	3.830	68.3
21.25	-10.935	4.308	81.4
21.26	-10.933	3.506	103.1
21.27	-10.931	1.750	135.6
21.28	-10.929	-0.544	170.7
21.29	-10.926	-2.963	199.2
21.3	-10.922	-5.195	226.2
21.31	-10.917	-7.123	239.0
21.32	-10.909	-8.759	226.1
21.33	-10.903	-10.161	188.3
21.34	-10.902	-11.330	125.4
21.35	-10.908	-12.138	49.7
21.36	-10.914	-12.483	-12.7
21.37	-10.913	-12.481	-50.8
21.38	-10.905	-12.350	-71.0
21.39	-10.896	-12.253	-79.6
21.4	-10.887	-12.256	-81.4
21.41	-10.876	-12.363	-86.0
21.42	-10.861	-12.545	-89.5
21.43	-10.844	-12.794	-86.8
21.44	-10.826	-13.117	-86.3
21.45	-10.805	-13.438	-79.6
21.46	-10.781	-13.611	-72.4
21.47	-10.753	-13.567	-76.0
21.48	-10.722	-13.250	-73.7
21.49	-10.688	-12.663	-64.8
21.5	-10.654	-11.975	-60.4
21.51	-10.620	-11.392	-60.3
21.52	-10.585	-11.019	-59.6
21.53	-10.549	-10.830	-57.5
21.54	-10.512	-10.741	-54.8
21.55	-10.473	-10.658	-53.1
21.56	-10.431	-10.536	-54.9
21.57	-10.387	-10.434	-50.9
21.58	-10.342	-10.491	-49.3
21.59	-10.297	-10.813	-55.9
21.6	-10.253	-11.377	-59.4
21.61	-10.209	-12.034	-53.5
21.62	-10.166	-12.663	-47.1
21.63	-10.123	-13.220	-41.1
21.64	-10.079	-13.648	-32.0
21.65	-10.036	-13.941	-30.3
21.66	-9.994	-14.138	-21.6
21.67	-9.953	-14.253	-6.3
21.68	-9.912	-14.256	5.5
21.69	-9.872	-14.113	11.7
21.7	-9.832	-13.891	-2.8
21.71	-9.792	-13.745	-26.2
21.72	-9.753	-13.736	-41.2
21.73	-9.716	-13.809	-48.0
21.74	-9.681	-13.933	-49.2
21.75	-9.644	-14.081	-44.9
21.76	-9.604	-14.234	-32.6
21.77	-9.559	-14.392	-17.6
21.78	-9.514	-14.586	52.3
21.79	-9.474	-14.825	207.7
21.8	-9.438	-15.047	239.8
21.81	-9.401	-15.247	63.0
21.82	-9.363	-15.420	-71.9
21.83	-9.324	-15.448	-69.1
21.84	-9.284	-15.305	-42.5
21.85	-9.243	-15.131	-34.0
21.86	-9.204	-15.044	-26.1
21.87	-9.167	-14.969	-18.9
21.88	-9.134	-14.781	-13.4
21.89	-9.103	-14.448	-6.3
21.9	-9.075	-13.864	-4.0
21.91	-9.049	-12.753	-3.8
21.92	-9.022	-10.659	2.1
21.93	-8.994	-7.364	10.9
21.94	-8.967	-3.519	20.6
21.95	-8.939	-0.248	36.5
21.96	-8.910	1.720	49.9
21.97	-8.879	2.206	64.4
21.98	-8.849	1.311	94.3
21.99	-8.819	-0.686	122.0
22.0	-8.793	-3.272	146.0
22.01	-8.769	-5.933	179.9
22.02	-8.750	-8.384	211.8
22.03	-8.734	-10.541	228.5
22.04	-8.719	-12.375	233.3
22.05	-8.705	-13.759	217.0
22.06	-8.691	-14.611	167.3
22.07	-8.679	-14.984	92.9
22.08	-8.669	-14.995	18.6
22.09	-8.659	-14.748	-35.3
22.1	-8.647	-14.375	-69.5
22.11	-8.634	-14.044	-89.8
22.12	-8.623	-13.869	-95.0
22.13	-8.610	-13.898	-91.3
22.14	-8.596	-14.084	-89.2
22.15	-8.582	-14.273	-86.1
22.16	-8.570	-14.369	-84.5
22.17	-8.558	-14.363	-85.8
22.18	-8.547	-14.263	-83.5
22.19	-8.536	-14.122	-82.3
22.2	-8.525	-13.961	-76.0
22.21	-8.514	-13.736	-66.7
22.22	-8.504	-13.459	-66.6
22.23	-8.494	-13.155	-62.2
22.24	-8.485	-12.848	-54.5
22.25	-8.475	-12.559	-56.8
22.26	-8.466	-12.294	-57.4
22.27	-8.455	-12.125	-52.9
22.28	-8.443	-12.130	-53.8
22.29	-8.430	-12.263	-53.9
22.3	-8.418	-12.408	-55.0
22.31	-8.406	-12.606	-60.9
22.32	-8.395	-12.897	-57.8
22.33	-8.386	-13.178	-50.3
22.34	-8.377	-13.375	-46.2
22.35	-8.370	-13.480	-42.9
22.36	-8.364	-13.486	-42.2
22.37	-8.358	-13.428	-41.1
22.38	-8.353	-13.402	-35.8
22.39	-8.347	-13.445	-30.4
22.4	-8.342	-13.588	-20.1
22.41	-8.338	-13.781	-2.3
22.42	-8.332	-13.945	11.3
22.43	-8.327	-14.061	9.6
22.44	-8.321	-14.138	-1.3
22.45	-8.314	-14.195	-16.1
22.46	-8.309	-14.242	-33.1
22.47	-8.305	-14.250	-45.5
22.48	-8.301	-14.230	-49.3
22.49	-8.296	-14.203	-48.2
22.5	-8.290	-14.144	-39.0
22.51	-8.283	-14.009	-21.2
22.52	-8.277	-13.758	37.2
22.53	-8.276	-13.428	185.8
22.54	-8.277	-13.134	264.3
22.55	-8.279	-12.952	123.6
22.56	-8.281	-12.836	-37.0
22.57	-8.281	-12.705	-64.7
22.58	-8.280	-12.548	-42.8
22.59	-8.276	-12.417	-30.8
22.6	-8.271	-12.383	-31.9
22.61	-8.266	-12.427	-32.1
22.62	-8.260	-12.431	-26.7
22.63	-8.255	-12.414	-22.2
22.64	-8.251	-12.792	-13.4
22.65	-8.246	-13.052	-1.9
22.66	-8.239	-11.223	12.3
22.67	-8.233	-7.169	21.9
22.68	-8.228	-2.734	20.5
22.69	-8.223	0.756	24.0
22.7	-8.219	2.692	41.9
22.71	-8.214	3.031	61.3
22.72	-8.211	2.050	84.4
22.73	-8.208	0.153	117.4
22.74	-8.206	-2.163	148.3
22.75	-8.206	-4.486	174.3
22.76	-8.206	-6.597	204.9
22.77	-8.208	-8.375	232.0
22.78	-8.211	-9.775	240.0
22.79	-8.216	-10.797	222.2
22.8	-8.221	-11.402	179.4
22.81	-8.227	-11.598	112.5
22.82	-8.234	-11.523	28.5
22.83	-8.242	-11.330	-36.0
22.84	-8.251	-11.192	-66.1
22.85	-8.256	-11.348	-84.3
22.86	-8.261	-11.481	-88.0
22.87	-8.266	-10.766	-84.8
22.88	-8.271	-9.603	-88.8
22.89	-8.274	-9.003	-89.1
22.9	-8.276	-9.000	-87.8
22.91	-8.278	-9.269	-87.4
22.92	-8.284	-9.597	-85.1
22.93	-8.291	-9.889	-80.0
22.94	-8.301	-10.183	-72.1
22.95	-8.309	-10.386	-72.0
22.96	-8.318	-10.517	-73.0
22.97	-8.325	-10.881	-68.0
22.98	-8.331	-11.242	-61.0
22.99	-8.337	-11.231	-53.1
23.0	-8.343	-10.967	-51.8
23.01	-8.351	-10.648	-63.2
23.02	-8.358	-10.491	-70.7
23.03	-8.366	-10.620	-66.8
23.04	-8.373	-11.006	-59.1
23.05	-8.378	-11.544	-51.6
23.06	-8.384	-12.133	-58.4
23.07	-8.391	-12.714	-69.1
23.08	-8.397	-13.255	-65.5
23.09	-8.403	-13.750	-58.5
23.1	-8.410	-14.217	-53.8
23.11	-8.417	-14.630	-54.1
23.12	-8.423	-14.938	-57.8
23.13	-8.428	-15.195	-57.9
23.14	-8.431	-15.545	-55.3
23.15	-8.434	-15.895	-52.3
23.16	-8.436	-16.023	-49.9
23.17	-8.437	-16.011	-46.4
23.18	-8.438	-15.964	-39.3
23.19	-8.439	-15.703	-32.1
23.2	-8.441	-15.109	-25.4
23.21	-8.443	-14.213	-12.5
23.22	-8.445	-13.061	-1.6
23.23	-8.447	-11.898	-0.7
23.24	-8.449	-11.059	-4.3
23.25	-8.451	-10.628	-13.8
23.26	-8.453	-10.516	-37.0
23.27	-8.454	-10.633	-59.8
23.28	-8.457	-10.848	-57.5
23.29	-8.460	-11.033	-48.3
23.3	-8.460	-11.211	-41.9
23.31	-8.457	-11.423	-25.4
23.32	-8.456	-11.608	50.5
23.33	-8.455	-11.720	212.8
23.34	-8.457	-11.792	256.6
23.35	-8.459	-11.911	90.3
23.36	-8.462	-12.092	-51.3
23.37	-8.463	-12.225	-73.7
23.38	-8.460	-12.284	-50.8
23.39	-8.456	-12.389	-34.8
23.4	-8.453	-12.597	-27.9
23.41	-8.451	-12.853	-20.8
23.42	-8.448	-13.025	-24.9
23.43	-8.447	-12.917	-20.6
23.44	-8.447	-12.291	-9.5
23.45	-8.448	-10.792	-8.1
23.46	-8.448	-7.964	-1.6
23.47	-8.447	-3.816	12.9
23.48	-8.446	0.622	17.6
23.49	-8.442	4.048	22.3
23.5	-8.437	5.875	42.4
23.51	-8.431	6.122	65.3
23.52	-8.425	5.069	88.8
23.53	-8.419	3.098	117.9
23.54	-8.415	0.672	157.9
23.55	-8.411	-1.817	200.0
23.56	-8.409	-4.125	227.0
23.57	-8.408	-5.989	244.9
23.58	-8.407	-7.292	257.8
23.59	-8.407	-8.213	244.9
23.6	-8.407	-8.920	195.2
23.61	-8.409	-9.436	121.6
23.62	-8.412	-9.747	42.9
23.63	-8.418	-9.847	-16.9
23.64	-8.422	-9.808	-52.3
23.65	-8.424	-9.781	-74.4
23.66	-8.426	-9.919	-81.4
23.67	-8.429	-10.325	-81.0
23.68	-8.432	-10.919	-87.2
23.69	-8.433	-11.444	-87.9
23.7	-8.433	-11.717	-82.7
23.71	-8.436	-11.688	-85.9
23.72	-8.443	-11.402	-87.6
23.73	-8.453	-11.050	-84.4
23.74	-8.467	-10.825	-78.3
23.75	-8.485	-10.692	-77.1
23.76	-8.506	-10.552	-79.4
23.77	-8.530	-10.391	-77.3
23.78	-8.557	-10.183	-72.8
23.79	-8.585	-9.908	-70.2
23.8	-8.613	-9.622	-73.2
23.81	-8.641	-9.373	-73.3
23.82	-8.668	-9.205	-69.0
23.83	-8.694	-9.164	-65.8
23.84	-8.720	-9.291	-68.3
23.85	-8.747	-9.605	-72.7
23.86	-8.776	-10.086	-70.9
23.87	-8.804	-10.645	-66.0
23.88	-8.834	-11.195	-64.8
23.89	-8.863	-11.695	-61.9
23.9	-8.891	-12.125	-57.6
23.91	-8.922	-12.458	-61.5
23.92	-8.953	-12.675	-65.3
23.93	-8.984	-12.755	-62.4
23.94	-9.013	-12.666	-59.5
23.95	-9.043	-12.423	-64.7
23.96	-9.073	-12.083	-66.4
23.97	-9.104	-11.675	-57.1
23.98	-9.137	-11.283	-48.0
23.99	-9.169	-11.006	-46.9
24.0	-9.201	-10.870	-42.9
24.01	-9.232	-10.772	-27.3
24.02	-9.265	-10.584	-15.4
24.03	-9.297	-10.302	-14.5
24.04	-9.329	-10.014	-25.1
24.05	-9.361	-9.788	-47.4
24.06	-9.393	-9.642	-70.6
24.07	-9.424	-9.628	-82.0
24.08	-9.454	-9.814	-79.7
24.09	-9.481	-10.145	-74.7
24.1	-9.507	-10.511	-62.7
24.11	-9.530	-10.880	-42.5
24.12	-9.554	-11.241	41.3
24.13	-9.582	-11.516	212.0
24.14	-9.614	-11.630	231.6
24.15	-9.646	-11.617	35.3
24.16	-9.675	-11.577	-98.1
24.17	-9.699	-11.561	-93.3
24.18	-9.719	-11.556	-62.3
24.19	-9.736	-11.564	-50.2
24.2	-9.749	-11.588	-41.4
24.21	-9.764	-11.602	-38.6
24.22	-9.784	-11.548	-40.1
24.23	-9.810	-11.339	-28.8
24.24	-9.838	-10.975	-16.7
24.25	-9.863	-10.348	-14.6
24.26	-9.886	-8.966	-19.0
24.27	-9.909	-6.302	-9.8
24.28	-9.932	-2.541	5.9
24.29	-9.954	1.259	15.7
24.3	-9.976	3.909	33.4
24.31	-9.996	4.859	49.3
24.32	-10.014	4.222	67.1
24.33	-10.033	2.444	99.1
24.34	-10.051	0.038	129.6
24.35	-10.071	-2.555	160.4
24.36	-10.089	-5.014	189.3
24.37	-10.108	-7.128	207.6
24.38	-10.128	-8.852	219.8
24.39	-10.149	-10.206	205.3
24.4	-10.174	-11.158	152.4
24.41	-10.201	-11.714	82.5
24.42	-10.228	-11.931	15.0
24.43	-10.252	-11.842	-38.8
24.44	-10.271	-11.511	-75.1
24.45	-10.288	-11.167	-96.4
24.46	-10.304	-11.048	-103.3
24.47	-10.320	-11.119	-110.5
24.48	-10.333	-11.227	-114.2
24.49	-10.346	-11.352	-101.0
24.5	-10.357	-11.550	-93.4
24.51	-10.368	-11.794	-92.2
24.52	-10.381	-11.941	-90.7
24.53	-10.393	-11.858	-96.6
24.54	-10.404	-11.466	-93.6
24.55	-10.416	-10.797	-89.0
24.56	-10.428	-10.100	-81.3
24.57	-10.438	-9.638	-65.8
24.58	-10.448	-9.488	-65.9
24.59	-10.458	-9.591	-71.9
24.6	-10.465	-9.802	-67.3
24.61	-10.473	-9.988	-66.4
24.62	-10.479	-10.139	-67.2
24.63	-10.487	-10.309	-64.2
24.64	-10.496	-10.564	-59.6
24.65	-10.507	-10.948	-65.2
24.66	-10.518	-11.464	-79.5
24.67	-10.528	-12.031	-82.6
24.68	-10.539	-12.503	-76.6
24.69	-10.551	-12.759	-76.3
24.7	-10.564	-12.742	-83.6
24.71	-10.577	-12.608	-81.7
24.72	-10.591	-12.566	-64.6
24.73	-10.604	-12.598	-62.5
24.74	-10.618	-12.594	-64.9
24.75	-10.632	-12.511	-44.9
24.76	-10.644	-12.409	-38.1
24.77	-10.655	-12.378	-64.5
24.78	-10.663	-12.445	-92.2
24.79	-10.671	-12.684	-98.7
24.8	-10.679	-13.108	-105.2
24.81	-10.689	-13.502	-107.3
24.82	-10.694	-13.719	-97.2
24.83	-10.696	-13.758	-87.5
24.84	-10.697	-13.636	-49.4
24.85	-10.700	-13.481	80.2
24.86	-10.708	-13.347	207.8
24.87	-10.716	-13.122	118.9
24.88	-10.716	-12.822	-80.8
24.89	-10.713	-12.559	-148.0
24.9	-10.713	-12.400	-110.1
24.91	-10.710	-12.478	-78.7
24.92	-10.699	-12.805	-68.3
24.93	-10.683	-13.072	-65.9
24.94	-10.669	-12.989	-62.4
24.95	-10.664	-12.553	-51.7
24.96	-10.666	-11.953	-41.8
24.97	-10.669	-11.344	-43.3
24.98	-10.669	-10.658	-39.1
24.99	-10.663	-9.527	-26.3
25.0	-10.652	-7.505	-19.8
25.01	-10.635	-4.611	-14.1
25.02	-10.614	-1.517	-1.3
25.03	-10.590	0.917	18.8
25.04	-10.564	2.100	40.8
25.05	-10.536	1.873	68.8
25.06	-10.507	0.536	103.5
25.07	-10.480	-1.408	135.5
25.08	-10.454	-3.616	161.9
25.09	-10.429	-5.866	185.6
25.1	-10.404	-7.928	204.9
25.11	-10.376	-9.588	203.7
25.12	-10.344	-10.686	165.9
25.13	-10.313	-11.261	100.6
25.14	-10.285	-11.550	30.8
25.15	-10.258	-11.733	-36.8
25.16	-10.225	-11.823	-79.6
25.17	-10.188	-11.892	-92.0
25.18	-10.149	-12.113	-100.8
25.19	-10.110	-12.492	-113.1
25.2	-10.070	-12.922	-124.3
25.21	-10.031	-13.453	-120.2
25.22	-9.992	-14.106	-106.9
25.23	-9.956	-14.669	-103.8
25.24	-9.921	-14.927	-101.8
25.25	-9.884	-14.841	-97.0
25.26	-9.848	-14.430	-90.3
25.27	-9.813	-13.772	-81.5
25.28	-9.778	-12.959	-79.8
25.29	-9.742	-12.111	-84.8
25.3	-9.706	-11.323	-80.3
25.31	-9.669	-10.597	-77.1
25.32	-9.631	-9.991	-79.3
25.33	-9.593	-9.567	-81.2
25.34	-9.555	-9.273	-81.0
25.35	-9.516	-9.170	-75.6
25.36	-9.476	-9.448	-74.7
25.37	-9.438	-10.105	-74.0
25.38	-9.403	-10.944	-69.9
25.39	-9.370	-11.784	-71.6
25.4	-9.339	-12.531	-74.8
25.41	-9.309	-13.178	-67.4
25.42	-9.279	-13.716	-57.8
25.43	-9.251	-14.103	-47.2
25.44	-9.223	-14.334	-35.7
25.45	-9.196	-14.448	-29.3
25.46	-9.169	-14.475	-15.3
25.47	-9.144	-14.433	-18.2
25.48	-9.117	-14.378	-45.4
25.49	-9.092	-14.339	-62.9
25.5	-9.067	-14.339	-67.4
25.51	-9.044	-14.405	-69.8
25.52	-9.020	-14.563	-68.4
25.53	-8.995	-14.844	-62.1
25.54	-8.968	-15.194	-49.8
25.55	-8.941	-15.434	5.4
25.56	-8.919	-15.466	156.4
25.57	-8.902	-15.342	252.1
25.58	-8.884	-15.217	126.2
25.59	-8.866	-15.236	-48.8
25.6	-8.849	-15.275	-97.6
25.61	-8.831	-15.109	-76.7
25.62	-8.811	-14.778	-53.4
25.63	-8.790	-14.484	-39.7
25.64	-8.769	-14.394	-38.2
25.65	-8.748	-14.434	-38.5
25.66	-8.729	-14.272	-33.4
25.67	-8.711	-13.688	-28.2
25.68	-8.693	-12.525	-24.4
25.69	-8.674	-10.511	-19.1
25.7	-8.656	-7.650	-2.1
25.71	-8.638	-4.378	12.9
25.72	-8.620	-1.353	16.3
25.73	-8.601	0.808	27.3
25.74	-8.581	1.767	48.6
25.75	-8.562	1.417	70.2
25.76	-8.544	-0.077	94.0
25.77	-8.528	-2.164	124.9
25.78	-8.514	-4.322	164.6
25.79	-8.502	-6.311	199.7
25.8	-8.492	-8.017	224.9
25.81	-8.483	-9.406	240.5
25.82	-8.476	-10.539	223.9
25.83	-8.471	-11.461	165.4
25.84	-8.468	-12.113	89.7
25.85	-8.467	-12.473	16.4
25.86	-8.469	-12.733	-46.4
25.87	-8.469	-13.000	-82.4
25.88	-8.467	-13.125	-91.7
25.89	-8.464	-13.022	-97.5
25.9	-8.463	-12.886	-100.0
25.91	-8.461	-13.047	-102.1
25.92	-8.458	-13.592	-110.8
25.93	-8.456	-14.267	-110.0
25.94	-8.454	-14.795	-101.2
25.95	-8.454	-15.033	-95.0
25.96	-8.455	-14.942	-89.4
25.97	-8.456	-14.633	-89.2
25.98	-8.457	-14.258	-88.1
25.99	-8.457	-13.841	-86.8
26.0	-8.456	-13.294	-87.8
26.01	-8.456	-12.630	-78.5
26.02	-8.456	-12.063	-70.3
26.03	-8.456	-11.809	-72.5
26.04	-8.458	-11.806	-74.4
26.05	-8.459	-11.867	-72.6
26.06	-8.459	-11.880	-74.8
26.07	-8.459	-11.845	-76.6
26.08	-8.459	-11.909	-70.2
26.09	-8.459	-12.202	-68.8
26.1	-8.460	-12.697	-66.8
26.11	-8.462	-13.258	-68.7
26.12	-8.464	-13.717	-69.6
26.13	-8.467	-14.038	-60.6
26.14	-8.470	-14.341	-57.9
26.15	-8.473	-14.686	-58.3
26.16	-8.476	-15.042	-44.8
26.17	-8.478	-15.461	-24.3
26.18	-8.480	-15.961	-15.3
26.19	-8.482	-16.367	-12.1
26.2	-8.485	-16.498	-12.3
26.21	-8.487	-16.386	-31.7
26.22	-8.489	-16.148	-54.8
26.23	-8.491	-15.838	-58.5
26.24	-8.494	-15.525	-57.4
26.25	-8.498	-15.248	-62.1
26.26	-8.500	-14.917	-60.8
26.27	-8.499	-14.586	-51.3
26.28	-8.499	-14.527	-15.4
26.29	-8.501	-14.692	115.5
26.3	-8.504	-14.722	257.3
26.31	-8.509	-14.558	190.2
26.32	-8.516	-14.447	2.0
26.33	-8.521	-14.458	-78.7
26.34	-8.525	-14.569	-68.5
26.35	-8.526	-14.825	-51.0
26.36	-8.527	-15.102	-42.2
26.37	-8.528	-15.200	-41.3
26.38	-8.529	-15.048	-36.1
26.39	-8.529	-14.670	-31.6
26.4	-8.530	-14.058	-24.8
26.41	-8.532	-12.950	-14.6
26.42	-8.534	-10.917	-7.5
26.43	-8.534	-7.945	3.3
26.44	-8.533	-4.672	9.8
26.45	-8.531	-1.773	15.0
26.46	-8.529	0.408	30.1
26.47	-8.526	1.600	45.1
26.48	-8.524	1.578	61.2
26.49	-8.521	0.323	84.3
26.5	-8.520	-1.809	123.6
26.51	-8.520	-4.484	168.6
26.52	-8.521	-7.511	197.8
26.53	-8.524	-10.527	217.9
26.54	-8.528	-13.313	229.2
26.55	-8.533	-15.927	226.6
26.56	-8.539	-18.664	191.9
26.57	-8.546	-21.955	119.6
26.58	-8.554	-25.508	41.1
26.59	-8.563	-28.491	-30.2
26.6	-8.572	-30.809	-79.7
26.61	-8.579	-32.831	-103.6
26.62	-8.585	-34.917	-110.5
26.63	-8.590	-37.636	-106.8
26.64	-8.596	-40.720	-109.8
26.65	-8.599	-42.702	-114.6
26.66	-8.602	-42.797	-110.3
26.67	-8.604	-41.583	-109.8
26.68	-8.609	-39.711	-106.9
26.69	-8.617	-37.381	-102.4
26.7	-8.628	-34.908	-99.7
26.71	-8.639	-32.342	-97.1
26.72	-8.649	-29.042	-93.5
26.73	-8.658	-24.839	-84.2
26.74	-8.666	-20.222	-76.8
26.75	-8.676	-15.305	-78.4
26.76	-8.685	-10.095	-81.8
26.77	-8.694	-5.031	-77.8
26.78	-8.702	-0.738	-75.8
26.79	-8.709	2.541	-76.0
26.8	-8.715	5.325	-71.8
26.81	-8.723	8.439	-71.7
26.82	-8.734	12.147	-74.9
26.83	-8.746	15.700	-70.8
26.84	-8.760	18.064	-65.6
26.85	-8.776	19.020	-69.4
26.86	-8.796	18.767	-65.3
26.87	-8.822	18.113	-54.6
26.88	-8.851	18.730	-48.5
26.89	-8.881	20.236	-40.0
26.9	-8.908	20.080	-50.6
26.91	-8.930	16.991	-67.3
26.92	-8.947	11.877	-47.8
26.93	-8.958	5.917	-17.1
26.94	-8.966	0.717	-4.2
26.95	-8.972	-2.425	-6.7
26.96	-8.975	-4.153	0.1
26.97	-8.975	-4.798	6.1
26.98	-8.974	-4.569	-13.6
26.99	-8.974	-4.466	-41.3
27.0	-8.977	-4.833	-58.5
27.01	-8.982	-5.114	-56.3
27.02	-8.992	-4.708	-53.0
27.03	-9.004	-4.352	-60.3
27.04	-9.016	-5.253	-52.0
27.05	-9.025	-6.983	-18.5
27.06	-9.034	-8.584	95.0
27.07	-9.040	-10.192	249.8
27.08	-9.043	-12.817	220.6
27.09	-9.044	-17.164	24.4
27.1	-9.043	-22.781	-88.2
27.11	-9.038	-28.908	-74.6
27.12	-9.031	-35.644	-43.2
27.13	-9.024	-43.052	-33.7
27.14	-9.018	-48.781	-31.7
27.15	-9.016	-50.917	-33.3
27.16	-9.022	-51.136	-41.3
27.17	-9.036	-51.141	-23.3
27.18	-9.052	-51.141	18.6
27.19	-9.064	-51.141	22.2
27.2	-9.071	-51.141	-1.5
27.21	-9.078	-51.141	-7.2
27.22	-9.084	-51.141	22.2
27.23	-9.088	-51.141	67.9
27.24	-9.089	-51.141	98.3
27.25	-9.087	-51.141	120.5
27.26	-9.082	-51.141	137.3
27.27	-9.075	-51.141	157.0
27.28	-9.065	-51.141	199.1
27.29	-9.053	-51.141	221.2
27.3	-9.040	-51.141	222.5
27.31	-9.027	-51.141	236.7
27.32	-9.016	-51.141	246.8
27.33	-9.003	-51.141	219.8
27.34	-8.990	-51.141	165.0
27.35	-8.976	-51.141	85.1
27.36	-8.961	-51.141	-9.3
27.37	-8.943	-51.141	-55.6
27.38	-8.921	-51.134	-70.0
27.39	-8.895	-51.031	-66.8
27.4	-8.871	-50.533	-64.0
27.41	-8.851	-50.214	-77.1
27.42	-8.832	-50.663	-83.2
27.43	-8.815	-51.064	-62.6
27.44	-8.799	-51.105	-54.0
27.45	-8.787	-50.994	-97.7
27.46	-8.778	-50.108	-49.9
27.47	-8.772	-47.934	10.1
27.48	-8.769	-45.384	-43.0
27.49	-8.769	-43.600	-56.7
27.5	-8.769	-42.844	-30.4
27.51	-8.769	-42.638	-42.7
27.52	-8.768	-42.773	-63.0
27.53	-8.765	-43.742	-77.8
27.54	-8.761	-45.052	-98.8
27.55	-8.757	-42.713	-102.3
27.56	-8.753	-32.473	-99.8
27.57	-8.749	-17.636	-129.2
27.58	-8.744	-6.470	-143.8
27.59	-8.738	-4.177	-131.2
27.6	-8.730	-11.056	-132.7
27.61	-8.719	-23.072	-152.8
27.62	-8.709	-35.845	-160.8
27.63	-8.701	-43.291	-149.8
27.64	-8.693	-39.830	-143.1
27.65	-8.681	-29.281	-135.0
27.66	-8.669	-18.053	-124.9
27.67	-8.655	-10.611	-109.6
27.68	-8.639	-11.613	-116.2
27.69	-8.624	-21.209	-196.5
27.7	-8.616	-32.698	-321.3
27.71	-8.614	-41.131	-437.3
27.72	-8.619	-46.064	-516.8
27.73	-8.627	-44.663	-583.8
27.74	-8.639	-34.311	-656.9
27.75	-8.652	-21.663	-694.6
27.76	-8.667	-14.205	-725.5
27.77	-8.688	-9.388	-755.4
27.78	-8.714	-5.766	-756.7
27.79	-8.739	-7.595	-750.6
27.8	-8.756	-16.769	-704.4
27.81	-8.763	-27.639	-636.1
27.82	-8.768	-25.728	-556.0
27.83	-8.778	-0.053	-385.2
27.84	-8.797	32.413	-314.1
27.85	-8.815	48.306	-494.6
27.86	-8.831	50.928	-670.6
27.87	-8.841	50.808	-685.7
27.88	-8.842	50.759	-648.5
27.89	-8.831	50.973	-628.6
27.9	-8.810	50.998	-623.8
27.91	-8.785	46.059	-632.4
27.92	-8.761	18.405	-623.1
27.93	-8.740	-24.505	-575.2
27.94	-8.727	-47.675	-504.6
27.95	-8.716	-49.272	-428.4
27.96	-8.703	-30.833	-361.8
27.97	-8.688	3.528	-307.8
27.98	-8.676	17.369	-255.1
27.99	-8.668	8.081	-201.3
28.0	-8.668	-15.102	-148.4
28.01	-8.674	-37.569	-97.3
28.02	-8.683	-25.869	-50.4
28.03	-8.694	4.181	-2.3
28.04	-8.706	13.006	53.6
28.05	-8.716	-4.295	117.4
28.06	-8.724	-25.270	184.8
28.07	-8.731	-38.834	247.1
28.08	-8.740	-47.209	294.6
28.09	-8.751	-50.708	314.7
28.1	-8.763	-50.909	296.5
28.11	-8.777	-48.830	245.1
28.12	-8.793	-42.711	181.0
28.13	-8.812	-33.634	129.2
28.14	-8.832	-24.184	99.2
28.15	-8.850	-17.738	87.4
28.16	-8.864	-16.094	89.3
28.17	-8.873	-16.636	95.2
28.18	-8.876	-18.873	98.7
28.19	-8.873	-22.845	102.5
28.2	-8.865	-27.505	101.4
28.21	-8.856	-32.680	101.7
28.22	-8.849	-31.080	102.3
28.23	-8.846	-24.083	100.3
28.24	-8.849	-20.686	115.8
28.25	-8.857	-19.144	117.7
28.26	-8.869	-27.731	94.6
28.27	-8.879	-43.061	91.6
28.28	-8.887	-37.580	96.8
28.29	-8.894	-8.045	91.4
28.3	-8.903	0.647	82.4
28.31	-8.912	-19.402	70.8
28.32	-8.923	-29.842	57.9
28.33	-8.938	-36.673	43.2
28.34	-8.952	-46.802	26.8
28.35	-8.964	-47.156	5.3
28.36	-8.978	-35.577	-22.7
28.37	-8.991	-17.031	-53.6
28.38	-9.002	-3.823	-82.8
28.39	-9.015	1.400	-102.9
28.4	-9.028	6.978	-120.0
28.41	-9.043	14.330	-141.5
28.42	-9.057	14.925	-163.8
28.43	-9.069	9.589	-182.9
28.44	-9.083	15.775	-201.2
28.45	-9.103	34.073	-225.3
28.46	-9.129	47.286	-243.9
28.47	-9.162	50.933	-241.4
28.48	-9.197	51.128	-229.7
28.49	-9.232	51.139	-216.6
28.5	-9.262	51.139	-212.3
28.51	-9.284	51.139	-232.2
28.52	-9.305	51.139	-261.4
28.53	-9.331	51.139	-276.8
28.54	-9.364	51.139	-277.3
28.55	-9.405	51.139	-275.6
28.56	-9.456	51.139	-269.9
28.57	-9.515	51.139	-245.7
28.58	-9.582	51.139	-137.3
28.59	-9.654	51.139	49.6
28.6	-9.726	51.139	71.9
28.61	-9.795	51.139	-110.5
28.62	-9.858	51.095	-223.0
28.63	-9.912	50.541	-195.5
28.64	-9.954	47.372	-136.6
28.65	-9.982	44.959	-96.8
28.66	-9.996	47.581	-70.6
28.67	-9.995	50.228	-45.3
28.68	-9.982	46.405	-23.9
28.69	-9.962	28.769	-7.1
28.7	-9.936	-0.822	13.8
28.71	-9.907	-29.183	39.5
28.72	-9.877	-46.041	55.2
28.73	-9.850	-50.841	64.1
28.74	-9.827	-51.133	77.8
28.75	-9.809	-51.141	95.7
28.76	-9.794	-51.141	117.2
28.77	-9.783	-51.141	138.3
28.78	-9.776	-51.141	162.6
28.79	-9.776	-51.141	195.3
28.8	-9.784	-51.141	228.2
28.81	-9.801	-51.141	258.6
28.82	-9.822	-51.141	288.3
28.83	-9.844	-51.141	306.0
28.84	-9.863	-51.141	306.8
28.85	-9.881	-51.141	286.8
28.86	-9.898	-51.141	232.4
28.87	-9.913	-51.141	151.1
28.88	-9.928	-51.141	72.0
28.89	-9.939	-51.127	11.3
28.9	-9.944	-50.866	-26.8
28.91	-9.947	-45.961	-44.2
28.92	-9.949	-29.722	-50.7
28.93	-9.948	-10.420	-53.2
28.94	-9.944	-1.795	-51.7
28.95	-9.938	-3.556	-48.5
28.96	-9.932	-12.809	-44.3
28.97	-9.924	-28.842	-38.5
28.98	-9.917	-43.417	-34.7
28.99	-9.909	-45.347	-30.1
29.0	-9.903	-33.214	-22.8
29.01	-9.898	-13.263	-14.6
29.02	-9.894	8.836	-7.7
29.03	-9.891	25.623	-1.7
29.04	-9.889	29.666	4.7
29.05	-9.885	22.202	5.0
29.06	-9.882	11.820	2.5
29.07	-9.878	4.789	3.2
29.08	-9.876	1.398	2.5
29.09	-9.876	2.297	-1.3
29.1	-9.878	5.775	-2.4
29.11	-9.881	4.894	-2.7
29.12	-9.884	-4.469	-8.7
29.13	-9.889	-20.239	-15.4
29.14	-9.895	-36.819	-15.8
29.15	-9.901	-47.564	-9.9
29.16	-9.908	-50.878	-1.6
29.17	-9.918	-51.128	11.2
29.18	-9.931	-51.141	28.1
29.19	-9.947	-51.141	38.1
29.2	-9.966	-51.141	30.8
29.21	-9.986	-51.141	6.5
29.22	-10.008	-51.141	-17.8
29.23	-10.028	-51.141	-32.1
29.24	-10.050	-51.141	-35.1
29.25	-10.072	-51.141	-32.1
29.26	-10.091	-51.141	-30.0
29.27	-10.105	-51.123	-18.9
29.28	-10.116	-50.817	13.9
29.29	-10.123	-44.356	139.0
29.3	-10.131	-19.830	288.2
29.31	-10.136	8.347	203.7
29.32	-10.136	11.786	-16.2
29.33	-10.128	3.091	-95.3
29.34	-10.114	0.609	-57.6
29.35	-10.097	2.333	-12.9
29.36	-10.072	2.156	6.3
29.37	-10.038	-10.583	15.8
29.38	-9.999	-26.150	31.0
29.39	-9.960	-35.522	46.1
29.4	-9.925	-44.934	56.7
29.41	-9.894	-50.506	81.4
29.42	-9.864	-51.106	91.7
29.43	-9.837	-51.141	68.0
29.44	-9.811	-51.141	82.6
29.45	-9.789	-51.141	115.3
29.46	-9.766	-51.141	137.8
29.47	-9.743	-51.123	159.2
29.48	-9.719	-50.791	169.6
29.49	-9.695	-45.580	186.7
29.5	-9.674	-30.333	211.2
29.51	-9.654	-14.344	232.3
29.52	-9.635	-6.903	248.6
29.53	-9.617	0.008	263.9
29.54	-9.601	16.498	269.5
29.55	-9.582	37.536	256.3
29.56	-9.564	49.150	218.5
29.57	-9.547	51.103	154.2
29.58	-9.531	51.133	80.2
29.59	-9.515	51.139	19.2
29.6	-9.496	51.139	-21.3
29.61	-9.475	51.139	-40.4
29.62	-9.454	51.106	-43.5
29.63	-9.433	50.269	-38.7
29.64	-9.412	42.116	-33.5
29.65	-9.392	20.489	-37.4
29.66	-9.374	-6.530	-40.5
29.67	-9.357	-26.403	-35.9
29.68	-9.340	-34.528	-26.3
29.69	-9.324	-33.261	-18.3
29.7	-9.310	-29.514	-7.8
29.71	-9.296	-29.369	7.6
29.72	-9.281	-31.533	9.1
29.73	-9.266	-32.178	10.3
29.74	-9.251	-36.533	25.5
29.75	-9.235	-45.277	37.7
29.76	-9.220	-50.305	38.3
29.77	-9.204	-50.108	46.5
29.78	-9.189	-43.572	56.0
29.79	-9.173	-29.313	48.7
29.8	-9.158	-12.331	53.0
29.81	-9.141	6.650	61.3
29.82	-9.126	28.513	63.3
29.83	-9.113	44.714	68.8
29.84	-9.099	50.416	72.4
29.85	-9.087	51.100	73.5
29.86	-9.075	51.138	86.0
29.87	-9.064	51.139	103.7
29.88	-9.053	51.139	115.8
29.89	-9.043	51.139	128.0
29.9	-9.034	51.139	131.3
29.91	-9.024	51.139	124.8
29.92	-9.014	51.139	109.8
29.93	-9.004	51.139	85.2
29.94	-8.995	51.139	66.3
29.95	-8.987	51.139	71.6
29.96	-8.979	51.139	81.5
29.97	-8.971	51.139	83.6
29.98	-8.961	51.139	93.1
29.99	-8.950	51.139	142.0
30.0	-8.941	51.139	305.9
30.01	-8.934	51.139	441.3
30.02	-8.929	51.139	318.6
30.03	-8.923	51.139	107.8
30.04	-8.919	51.139	41.5
30.05	-8.913	51.139	66.2
30.06	-8.905	51.139	93.3
30.07	-8.896	51.139	102.2
30.08	-8.886	51.139	104.9
30.09	-8.874	51.133	110.7
30.1	-8.864	51.094	114.5
30.11	-8.856	48.650	122.0
30.12	-8.848	29.263	130.3
30.13	-8.841	-11.217	138.4
30.14	-8.834	-42.602	146.8
30.15	-8.827	-50.772	147.7
30.16	-8.821	-51.123	155.9
30.17	-8.814	-51.141	177.6
30.18	-8.805	-51.141	198.9
30.19	-8.796	-51.141	219.9
30.2	-8.787	-51.141	246.1
30.21	-8.781	-51.141	283.7
30.22	-8.777	-51.141	326.3
30.23	-8.776	-51.141	359.0
30.24	-8.775	-51.141	379.1
30.25	-8.774	-51.141	388.6
30.26	-8.773	-51.141	381.7
30.27	-8.773	-51.141	340.4
30.28	-8.771	-51.141	266.4
30.29	-8.771	-51.141	177.6
30.3	-8.773	-51.141	108.3
30.31	-8.771	-51.141	70.5
30.32	-8.768	-51.141	46.3
30.33	-8.764	-51.141	36.5
30.34	-8.761	-51.141	34.2
30.35	-8.756	-51.141	35.7
30.36	-8.752	-51.141	38.1
30.37	-8.748	-51.141	31.1
30.38	-8.744	-51.141	40.2
30.39	-8.742	-51.141	56.0
30.4	-8.742	-51.141	61.3
30.41	-8.743	-51.139	68.2
30.42	-8.744	-51.127	75.1
30.43	-8.744	-50.188	80.9
30.44	-8.744	-41.728	86.8
30.45	-8.744	-14.664	90.1
30.46	-8.745	22.613	90.8
30.47	-8.746	45.116	88.5
30.48	-8.748	50.322	83.5
30.49	-8.749	50.931	83.2
30.5	-8.749	51.070	91.9
30.51	-8.748	50.817	89.8
30.52	-8.746	50.428	70.4
30.53	-8.744	50.598	63.3
30.54	-8.741	51.016	82.0
30.55	-8.739	51.134	89.4
30.56	-8.736	51.139	76.1
30.57	-8.732	51.139	73.9
30.58	-8.729	51.139	89.1
30.59	-8.727	51.136	104.8
30.6	-8.725	51.122	111.6
30.61	-8.724	51.098	113.2
30.62	-8.723	51.048	114.4
30.63	-8.723	50.366	122.9
30.64	-8.723	45.814	128.7
30.65	-8.723	41.016	102.8
30.66	-8.723	41.553	69.6
30.67	-8.724	41.980	56.0
30.68	-8.726	32.856	47.9
30.69	-8.728	14.019	43.6
30.7	-8.728	5.892	45.1
30.71	-8.727	13.655	51.9
30.72	-8.724	24.042	73.5
30.73	-8.722	31.011	201.9
30.74	-8.722	28.892	373.7
30.75	-8.724	23.159	296.3
30.76	-8.728	26.420	75.9
30.77	-8.733	39.123	-0.2
30.78	-8.736	48.797	13.7
30.79	-8.735	50.930	23.1
30.8	-8.733	48.033	41.0
30.81	-8.729	39.655	52.8
30.82	-8.724	36.780	41.7
30.83	-8.719	43.164	34.9
30.84	-8.716	46.508	44.5
30.85	-8.714	46.211	55.7
30.86	-8.714	47.059	59.3
30.87	-8.714	49.106	64.2
30.88	-8.714	50.777	79.8
30.89	-8.713	51.125	82.1
30.9	-8.709	51.139	91.8
30.91	-8.705	51.131	124.1
30.92	-8.700	51.047	143.3
30.93	-8.695	48.639	164.5
30.94	-8.693	37.766	201.0
30.95	-8.691	18.289	238.1
30.96	-8.692	-5.642	277.0
30.97	-8.694	-26.147	309.8
30.98	-8.696	-19.983	329.6
30.99	-8.698	13.866	330.0
31.0	-8.701	41.855	298.8
31.01	-8.703	50.378	232.2
31.02	-8.705	51.080	147.4
31.03	-8.709	49.544	75.7
31.04	-8.713	35.073	35.9
31.05	-8.716	-1.366	11.8
31.06	-8.719	-36.791	-3.8
31.07	-8.723	-49.884	-11.4
31.08	-8.724	-51.098	-12.3
31.09	-8.725	-51.141	-12.3
31.1	-8.726	-51.141	-17.3
31.11	-8.726	-51.141	-4.9
31.12	-8.729	-51.141	17.4
31.13	-8.734	-51.141	23.1
31.14	-8.739	-51.141	20.7
31.15	-8.746	-51.141	19.6
31.16	-8.751	-51.133	26.8
31.17	-8.754	-50.981	32.7
31.18	-8.756	-47.911	29.5
31.19	-8.759	-36.248	36.8
31.2	-8.763	-18.673	46.9
31.21	-8.767	-3.311	52.3
31.22	-8.772	9.936	61.7
31.23	-8.777	23.853	56.7
31.24	-8.781	37.850	49.9
