Interval=	0.01 s
ExcelDateTime=	3.9778406796060481e+004	26/11/2008 9:45:47.179625
TimeFormat=	StartOfBlock
ChannelTitle=	Channel 1	Channel 2	Channel 3
Range=	20.000 mV	50.000 mV	1000.0 µV
0.0	-9.658	44.417	25.2
0.01	-9.669	50.406	132.1
0.02	-9.681	51.123	224.1
0.03	-9.694	51.139	240.6
0.04	-9.707	51.139	223.4
0.05	-9.719	51.139	178.1
0.06	-9.733	51.134	108.9
0.07	-9.748	51.027	42.6
0.08	-9.764	48.944	-1.7
0.09	-9.779	41.031	-35.9
0.1	-9.795	27.863	-62.0
0.11	-9.811	14.261	-74.8
0.12	-9.828	2.256	-80.9
0.13	-9.844	-8.766	-78.4
0.14	-9.859	-19.609	-76.3
0.15	-9.873	-30.661	-78.1
0.16	-9.888	-41.100	-75.6
0.17	-9.901	-48.239	-73.6
0.18	-9.915	-50.830	-71.6
0.19	-9.929	-51.134	-71.9
0.2	-9.944	-51.139	-72.4
0.21	-9.959	-51.130	-64.7
0.22	-9.973	-50.781	-67.6
0.23	-9.986	-48.872	-74.0
0.24	-10.000	-44.808	-67.5
0.25	-10.014	-39.767	-68.3
0.26	-10.030	-34.836	-74.5
0.27	-10.045	-30.342	-70.4
0.28	-10.059	-26.448	-68.3
0.29	-10.074	-23.189	-70.3
0.3	-10.087	-20.534	-68.7
0.31	-10.101	-18.448	-66.2
0.32	-10.116	-16.916	-64.8
0.33	-10.132	-15.934	-66.9
0.34	-10.146	-15.494	-65.8
0.35	-10.161	-15.534	-60.9
0.36	-10.176	-15.941	-62.5
0.37	-10.190	-16.602	-63.8
0.38	-10.204	-17.466	-56.6
0.39	-10.217	-18.502	-49.6
0.4	-10.231	-19.608	-54.3
0.41	-10.244	-20.623	-58.8
0.42	-10.258	-21.488	-50.8
0.43	-10.273	-22.239	-40.9
0.44	-10.288	-22.878	-39.0
0.45	-10.303	-23.377	-38.9
0.46	-10.318	-23.747	-35.6
0.47	-10.333	-23.997	-24.8
0.48	-10.346	-24.130	-12.9
0.49	-10.358	-24.198	-5.4
0.5	-10.371	-24.259	12.3
0.51	-10.384	-24.280	32.9
0.52	-10.397	-24.192	40.7
0.53	-10.409	-23.920	27.3
0.54	-10.419	-23.428	-0.0
0.55	-10.428	-22.769	-15.4
0.56	-10.436	-22.031	-27.3
0.57	-10.444	-21.270	-37.8
0.58	-10.450	-20.513	-34.8
0.59	-10.457	-19.766	-31.1
0.6	-10.466	-19.030	-26.6
0.61	-10.478	-18.334	-22.1
0.62	-10.491	-17.931	-35.5
0.63	-10.504	-17.977	-38.6
0.64	-10.512	-17.869	66.6
0.65	-10.514	-17.300	338.2
0.66	-10.518	-16.686	605.8
0.67	-10.526	-16.286	538.8
0.68	-10.538	-16.055	156.5
0.69	-10.548	-15.817	-148.6
0.7	-10.560	-15.542	-207.8
0.71	-10.574	-15.272	-139.2
0.72	-10.585	-15.067	-59.7
0.73	-10.591	-14.941	-18.4
0.74	-10.592	-14.873	-7.1
0.75	-10.590	-14.856	-3.2
0.76	-10.585	-14.853	4.1
0.77	-10.579	-14.822	15.9
0.78	-10.571	-14.741	20.4
0.79	-10.562	-14.584	21.8
0.8	-10.554	-14.266	33.1
0.81	-10.548	-13.564	44.7
0.82	-10.544	-12.177	55.7
0.83	-10.543	-9.803	72.5
0.84	-10.540	-6.263	95.7
0.85	-10.538	-1.383	121.4
0.86	-10.534	6.330	146.8
0.87	-10.531	19.959	177.0
0.88	-10.528	37.013	210.6
0.89	-10.525	48.103	238.3
0.9	-10.523	50.991	248.7
0.91	-10.521	51.131	246.7
0.92	-10.519	51.139	225.6
0.93	-10.516	51.139	171.9
0.94	-10.514	51.136	103.6
0.95	-10.511	51.109	41.7
0.96	-10.508	50.086	-7.2
0.97	-10.502	44.108	-41.3
0.98	-10.498	31.363	-64.3
0.99	-10.492	16.397	-70.8
1.0	-10.479	2.906	-70.4
1.01	-10.458	-9.264	-76.7
1.02	-10.433	-20.944	-78.2
1.03	-10.409	-32.548	-78.5
1.04	-10.385	-42.906	-78.9
1.05	-10.361	-49.170	-75.7
1.06	-10.336	-50.998	-77.0
1.07	-10.313	-51.134	-74.3
1.08	-10.289	-51.139	-67.0
1.09	-10.266	-51.131	-59.2
1.1	-10.243	-50.778	-54.2
1.11	-10.219	-48.691	-45.2
1.12	-10.194	-44.111	-28.9
1.13	-10.171	-38.463	-23.7
1.14	-10.147	-33.150	-28.0
1.15	-10.124	-28.525	-34.8
1.16	-10.101	-24.631	-27.8
1.17	-10.080	-21.419	-18.8
1.18	-10.060	-18.836	-25.0
1.19	-10.040	-16.838	-22.1
1.2	-10.021	-15.414	-17.2
1.21	-10.003	-14.566	-15.5
1.22	-9.986	-14.255	-8.8
1.23	-9.969	-14.419	-10.9
1.24	-9.953	-15.031	-16.7
1.25	-9.938	-16.048	-20.4
1.26	-9.922	-17.317	-21.1
1.27	-9.907	-18.633	-15.1
1.28	-9.893	-19.850	-20.1
1.29	-9.879	-20.906	-26.9
1.3	-9.866	-21.798	-18.8
1.31	-9.853	-22.505	-10.8
1.32	-9.841	-23.019	-7.5
1.33	-9.828	-23.405	1.2
1.34	-9.815	-23.697	9.0
1.35	-9.803	-23.892	17.3
1.36	-9.791	-24.005	36.4
1.37	-9.779	-24.059	41.2
1.38	-9.768	-24.075	30.6
1.39	-9.756	-24.064	17.3
1.4	-9.744	-24.016	-4.9
1.41	-9.731	-23.891	-22.2
1.42	-9.716	-23.634	-27.3
1.43	-9.700	-23.209	-30.3
1.44	-9.686	-22.658	-36.7
1.45	-9.674	-22.056	-44.4
1.46	-9.664	-21.419	-45.3
1.47	-9.656	-20.717	-43.8
1.48	-9.648	-19.981	-63.3
1.49	-9.637	-19.272	-50.5
1.5	-9.623	-18.616	122.5
1.51	-9.611	-18.023	442.7
1.52	-9.604	-17.512	623.3
1.53	-9.599	-17.083	407.7
1.54	-9.594	-16.742	1.6
1.55	-9.589	-16.508	-220.4
1.56	-9.589	-16.334	-213.4
1.57	-9.590	-16.173	-127.0
1.58	-9.586	-16.003	-59.0
1.59	-9.579	-15.820	-31.1
1.6	-9.568	-15.627	-22.2
1.61	-9.555	-15.400	-19.8
1.62	-9.542	-15.147	-20.1
1.63	-9.527	-14.908	-12.4
1.64	-9.511	-14.689	-5.3
1.65	-9.495	-14.370	2.8
1.66	-9.478	-13.719	16.7
1.67	-9.461	-12.478	34.2
1.68	-9.445	-10.372	48.0
1.69	-9.431	-7.142	59.2
1.7	-9.418	-2.533	87.8
1.71	-9.404	4.839	118.8
1.72	-9.392	18.053	140.8
1.73	-9.381	35.397	171.5
1.74	-9.371	47.481	205.6
1.75	-9.363	50.934	235.1
1.76	-9.356	51.128	250.8
1.77	-9.349	51.139	235.9
1.78	-9.341	51.139	204.3
1.79	-9.332	51.139	153.6
1.8	-9.326	51.127	78.4
1.81	-9.319	50.828	12.6
1.82	-9.313	47.436	-27.0
1.83	-9.308	37.203	-55.3
1.84	-9.305	22.650	-67.1
1.85	-9.303	8.933	-66.0
1.86	-9.297	-3.081	-72.4
1.87	-9.289	-14.478	-72.8
1.88	-9.283	-26.064	-66.9
1.89	-9.279	-37.667	-71.7
1.9	-9.276	-46.638	-76.7
1.91	-9.272	-50.516	-82.0
1.92	-9.268	-51.127	-86.8
1.93	-9.263	-51.139	-80.7
1.94	-9.259	-51.141	-75.4
1.95	-9.254	-51.138	-74.8
1.96	-9.251	-51.011	-70.6
1.97	-9.247	-49.739	-59.0
1.98	-9.244	-46.000	-58.4
1.99	-9.241	-40.528	-66.5
2.0	-9.238	-34.978	-65.7
2.01	-9.236	-29.895	-62.9
2.02	-9.234	-25.398	-57.8
2.03	-9.230	-21.639	-57.1
2.04	-9.227	-18.709	-61.5
2.05	-9.224	-16.633	-66.0
2.06	-9.222	-15.358	-71.3
2.07	-9.220	-14.761	-68.9
2.08	-9.219	-14.669	-68.3
2.09	-9.218	-14.941	-70.8
2.1	-9.216	-15.533	-68.9
2.11	-9.214	-16.445	-67.6
2.12	-9.212	-17.623	-69.7
2.13	-9.209	-18.922	-69.3
2.14	-9.206	-20.188	-58.3
2.15	-9.201	-21.363	-55.9
2.16	-9.197	-22.434	-67.4
2.17	-9.193	-23.341	-71.7
2.18	-9.189	-23.997	-70.9
2.19	-9.185	-24.380	-68.4
2.2	-9.181	-24.531	-67.0
2.21	-9.178	-24.527	-70.5
2.22	-9.174	-24.475	-63.9
2.23	-9.169	-24.456	-59.7
2.24	-9.164	-24.427	-65.3
2.25	-9.159	-24.344	-61.5
2.26	-9.154	-24.234	-53.9
2.27	-9.148	-24.103	-47.1
2.28	-9.143	-23.897	-42.0
2.29	-9.140	-23.580	-21.6
2.3	-9.138	-23.158	0.3
2.31	-9.137	-22.658	-6.1
2.32	-9.135	-22.102	-20.5
2.33	-9.132	-21.492	-37.9
2.34	-9.129	-20.819	-55.7
2.35	-9.124	-20.075	-57.5
2.36	-9.119	-19.294	-62.0
2.37	-9.112	-18.545	-74.0
2.38	-9.105	-17.891	-72.0
2.39	-9.100	-17.328	-64.0
2.4	-9.098	-16.814	-64.3
2.41	-9.094	-16.341	-76.6
2.42	-9.087	-15.944	-72.5
2.43	-9.079	-15.655	54.2
2.44	-9.072	-15.453	358.9
2.45	-9.069	-15.309	621.0
2.46	-9.068	-15.209	498.8
2.47	-9.067	-15.145	77.6
2.48	-9.066	-15.114	-213.4
2.49	-9.069	-15.114	-241.7
2.5	-9.072	-15.138	-160.2
2.51	-9.074	-15.197	-88.3
2.52	-9.070	-15.288	-62.9
2.53	-9.063	-15.388	-57.1
2.54	-9.056	-15.475	-46.7
2.55	-9.047	-15.486	-34.2
2.56	-9.037	-15.355	-30.5
2.57	-9.026	-15.036	-34.3
2.58	-9.015	-14.427	-17.0
2.59	-9.004	-13.325	2.8
2.6	-8.994	-11.433	1.0
2.61	-8.983	-8.408	4.8
2.62	-8.973	-4.002	28.6
2.63	-8.963	2.194	54.5
2.64	-8.953	12.733	74.3
2.65	-8.944	29.391	109.9
2.66	-8.934	44.464	151.3
2.67	-8.925	50.453	182.0
2.68	-8.916	51.123	208.8
2.69	-8.909	51.139	217.8
2.7	-8.903	51.139	201.4
2.71	-8.898	51.139	179.1
2.72	-8.893	51.138	143.9
2.73	-8.889	51.127	72.2
2.74	-8.887	50.444	-1.8
2.75	-8.884	45.455	-42.2
2.76	-8.882	33.586	-68.3
2.77	-8.881	18.963	-91.7
2.78	-8.883	5.934	-102.6
2.79	-8.884	-5.398	-108.9
2.8	-8.881	-16.014	-119.0
2.81	-8.877	-26.794	-123.6
2.82	-8.874	-37.820	-111.7
2.83	-8.871	-46.592	-99.3
2.84	-8.869	-50.494	-102.3
2.85	-8.866	-51.125	-109.8
2.86	-8.863	-51.139	-112.8
2.87	-8.861	-51.141	-107.0
2.88	-8.859	-51.139	-103.1
2.89	-8.856	-51.123	-105.3
2.9	-8.853	-50.656	-104.4
2.91	-8.851	-48.220	-94.1
2.92	-8.849	-43.238	-89.3
2.93	-8.848	-37.380	-93.4
2.94	-8.846	-31.989	-91.4
2.95	-8.844	-27.272	-89.4
2.96	-8.843	-23.278	-86.9
2.97	-8.842	-20.092	-82.4
2.98	-8.841	-17.745	-87.6
2.99	-8.840	-16.191	-97.7
3.0	-8.839	-15.378	-89.8
3.01	-8.839	-15.213	-81.9
3.02	-8.838	-15.566	-86.6
3.03	-8.838	-16.344	-85.9
3.04	-8.838	-17.455	-89.4
3.05	-8.837	-18.745	-86.9
3.06	-8.836	-20.050	-77.2
3.07	-8.836	-21.266	-76.3
3.08	-8.835	-22.342	-77.6
3.09	-8.835	-23.270	-75.4
3.1	-8.835	-24.055	-71.9
3.11	-8.834	-24.678	-72.6
3.12	-8.834	-25.153	-71.4
3.13	-8.834	-25.492	-68.0
3.14	-8.833	-25.698	-67.5
3.15	-8.832	-25.789	-65.8
3.16	-8.831	-25.792	-65.0
3.17	-8.829	-25.741	-65.2
3.18	-8.828	-25.669	-68.0
3.19	-8.828	-25.564	-71.7
3.2	-8.828	-25.381	-66.4
3.21	-8.827	-25.075	-59.3
3.22	-8.826	-24.647	-53.6
3.23	-8.824	-24.147	-43.1
3.24	-8.823	-23.611	-35.3
3.25	-8.822	-23.008	-28.4
3.26	-8.821	-22.319	-7.9
3.27	-8.821	-21.588	8.0
3.28	-8.821	-20.847	3.4
3.29	-8.822	-20.103	-11.3
3.3	-8.823	-19.367	-31.0
3.31	-8.824	-18.655	-43.8
3.32	-8.824	-17.986	-49.9
3.33	-8.822	-17.378	-60.3
3.34	-8.822	-16.866	-69.6
3.35	-8.822	-16.452	-66.2
3.36	-8.821	-16.072	-61.1
3.37	-8.822	-15.708	-62.1
3.38	-8.823	-15.408	-80.0
3.39	-8.821	-15.200	-93.2
3.4	-8.818	-15.063	27.7
3.41	-8.816	-14.967	346.9
3.42	-8.818	-14.902	648.2
3.43	-8.822	-14.864	573.3
3.44	-8.826	-14.883	146.0
3.45	-8.829	-14.967	-196.8
3.46	-8.835	-15.075	-254.9
3.47	-8.846	-15.178	-170.0
3.48	-8.857	-15.280	-91.1
3.49	-8.865	-15.372	-60.5
3.5	-8.866	-15.431	-56.0
3.51	-8.863	-15.439	-48.7
3.52	-8.858	-15.345	-26.8
3.53	-8.855	-15.117	-17.0
3.54	-8.853	-14.739	-20.0
3.55	-8.851	-14.128	-17.8
3.56	-8.851	-13.098	-8.7
3.57	-8.851	-11.345	7.0
3.58	-8.850	-8.502	20.9
3.59	-8.849	-4.283	36.3
3.6	-8.849	1.638	55.7
3.61	-8.850	11.430	80.1
3.62	-8.852	27.495	110.3
3.63	-8.856	43.250	140.6
3.64	-8.864	50.200	172.2
3.65	-8.875	51.120	203.5
3.66	-8.891	51.138	220.3
3.67	-8.909	51.139	220.8
3.68	-8.930	51.139	203.3
3.69	-8.953	51.139	159.9
3.7	-8.979	51.128	91.9
3.71	-9.005	50.608	19.2
3.72	-9.031	46.230	-32.3
3.73	-9.056	34.873	-64.1
3.74	-9.079	20.122	-85.3
3.75	-9.103	6.828	-93.3
3.76	-9.126	-4.508	-89.9
3.77	-9.148	-14.920	-93.0
3.78	-9.166	-25.384	-96.3
3.79	-9.185	-36.227	-94.7
3.8	-9.204	-45.445	-102.3
3.81	-9.224	-50.120	-104.8
3.82	-9.243	-51.102	-94.5
3.83	-9.261	-51.139	-84.3
3.84	-9.279	-51.141	-86.5
3.85	-9.297	-51.141	-90.8
3.86	-9.316	-51.136	-80.6
3.87	-9.336	-50.873	-70.3
3.88	-9.354	-49.070	-70.8
3.89	-9.373	-44.778	-69.0
3.9	-9.391	-39.195	-60.9
3.91	-9.408	-33.770	-61.7
3.92	-9.426	-28.930	-67.6
3.93	-9.444	-24.819	-63.1
3.94	-9.461	-21.467	-57.3
3.95	-9.478	-18.844	-62.1
3.96	-9.495	-16.950	-64.3
3.97	-9.511	-15.802	-53.7
3.98	-9.529	-15.347	-52.6
3.99	-9.546	-15.456	-61.8
4.0	-9.564	-15.972	-57.4
4.01	-9.582	-16.828	-49.7
4.02	-9.601	-17.977	-52.4
4.03	-9.619	-19.270	-51.2
4.04	-9.637	-20.573	-47.1
4.05	-9.653	-21.809	-45.2
4.06	-9.669	-22.919	-42.5
4.07	-9.686	-23.863	-46.3
4.08	-9.703	-24.605	-48.9
4.09	-9.717	-25.123	-46.2
4.1	-9.731	-25.425	-46.0
4.11	-9.746	-25.536	-42.8
4.12	-9.760	-25.509	-41.0
4.13	-9.773	-25.397	-37.7
4.14	-9.787	-25.253	-31.4
4.15	-9.801	-25.105	-37.1
4.16	-9.817	-24.936	-41.6
4.17	-9.834	-24.703	-42.1
4.18	-9.850	-24.364	-44.2
4.19	-9.867	-23.900	-38.9
4.2	-9.884	-23.347	-29.7
4.21	-9.901	-22.770	-26.5
4.22	-9.917	-22.195	-24.2
4.23	-9.932	-21.628	-9.7
4.24	-9.947	-21.077	4.5
4.25	-9.963	-20.531	15.3
4.26	-9.980	-19.986	27.8
4.27	-9.997	-19.406	22.3
4.28	-10.014	-18.756	-3.6
4.29	-10.029	-18.077	-27.2
4.3	-10.044	-17.425	-43.3
4.31	-10.058	-16.817	-49.3
4.32	-10.069	-16.241	-52.0
4.33	-10.081	-15.698	-57.0
4.34	-10.092	-15.214	-53.5
4.35	-10.107	-14.825	-50.3
4.36	-10.124	-14.591	-45.2
4.37	-10.141	-14.533	-57.1
4.38	-10.154	-14.572	-47.0
4.39	-10.164	-14.609	128.0
4.4	-10.172	-14.630	460.6
4.41	-10.184	-14.650	649.1
4.42	-10.198	-14.678	414.8
4.43	-10.213	-14.727	-14.2
4.44	-10.230	-14.811	-227.8
4.45	-10.249	-14.931	-206.9
4.46	-10.267	-15.047	-125.7
4.47	-10.281	-15.117	-62.8
4.48	-10.292	-15.156	-28.8
4.49	-10.299	-15.166	-22.8
4.5	-10.304	-15.130	-23.9
4.51	-10.306	-15.030	-17.7
4.52	-10.306	-14.886	-13.3
4.53	-10.306	-14.725	-8.7
4.54	-10.306	-14.458	4.8
4.55	-10.307	-13.850	23.0
4.56	-10.310	-12.583	32.0
4.57	-10.313	-10.322	39.4
4.58	-10.318	-6.800	61.4
4.59	-10.323	-1.866	82.8
4.6	-10.328	5.189	104.3
4.61	-10.332	17.408	140.3
4.62	-10.338	34.506	168.7
4.63	-10.344	47.161	198.7
4.64	-10.351	50.911	236.9
4.65	-10.357	51.127	247.9
4.66	-10.364	51.139	237.6
4.67	-10.371	51.139	212.3
4.68	-10.379	51.136	157.7
4.69	-10.386	51.094	87.4
4.7	-10.396	49.800	21.4
4.71	-10.406	43.003	-26.0
4.72	-10.414	29.256	-52.3
4.73	-10.426	13.702	-68.9
4.74	-10.437	0.314	-85.0
4.75	-10.446	-10.863	-91.4
4.76	-10.453	-20.625	-84.0
4.77	-10.459	-29.734	-78.0
4.78	-10.466	-38.570	-80.3
4.79	-10.471	-46.055	-86.8
4.8	-10.474	-50.116	-90.4
4.81	-10.476	-51.092	-87.6
4.82	-10.479	-51.139	-83.4
4.83	-10.484	-51.139	-84.7
4.84	-10.487	-51.122	-83.3
4.85	-10.489	-50.669	-73.8
4.86	-10.491	-48.506	-60.8
4.87	-10.493	-44.227	-52.4
4.88	-10.496	-39.127	-56.8
4.89	-10.500	-34.212	-59.5
4.9	-10.504	-29.713	-58.0
4.91	-10.508	-25.744	-65.2
4.92	-10.510	-22.369	-65.2
4.93	-10.513	-19.611	-48.5
4.94	-10.514	-17.458	-40.8
4.95	-10.516	-15.922	-51.5
4.96	-10.517	-15.006	-54.6
4.97	-10.516	-14.653	-48.2
4.98	-10.514	-14.795	-48.8
4.99	-10.510	-15.344	-57.3
5.0	-10.504	-16.181	-54.9
5.01	-10.497	-17.170	-46.2
5.02	-10.488	-18.195	-44.5
5.03	-10.478	-19.153	-44.3
5.04	-10.465	-19.972	-45.5
5.05	-10.449	-20.663	-43.9
5.06	-10.428	-21.253	-42.4
5.07	-10.402	-21.739	-40.6
5.08	-10.374	-22.144	-36.1
5.09	-10.346	-22.533	-34.3
5.1	-10.316	-22.920	-34.5
5.11	-10.286	-23.261	-36.6
5.12	-10.256	-23.503	-37.3
5.13	-10.226	-23.608	-31.1
5.14	-10.198	-23.569	-25.9
5.15	-10.171	-23.397	-17.8
5.16	-10.146	-23.120	2.6
5.17	-10.121	-22.738	16.9
5.18	-10.098	-22.259	9.9
5.19	-10.074	-21.767	-4.6
5.2	-10.051	-21.291	-18.6
5.21	-10.027	-20.781	-39.8
5.22	-10.002	-20.192	-60.3
5.23	-9.976	-19.503	-67.0
5.24	-9.951	-18.759	-67.0
5.25	-9.928	-18.044	-65.3
5.26	-9.908	-17.397	-58.5
5.27	-9.892	-16.803	-57.1
5.28	-9.876	-16.267	-68.7
5.29	-9.859	-15.794	-73.3
5.3	-9.838	-15.372	4.3
5.31	-9.816	-15.014	251.6
5.32	-9.797	-14.725	539.7
5.33	-9.784	-14.475	518.2
5.34	-9.771	-14.270	155.0
5.35	-9.759	-14.159	-164.4
5.36	-9.750	-14.164	-243.1
5.37	-9.742	-14.258	-189.9
5.38	-9.733	-14.408	-111.5
5.39	-9.719	-14.589	-57.7
5.4	-9.703	-14.753	-51.5
5.41	-9.685	-14.841	-55.3
5.42	-9.666	-14.825	-41.1
5.43	-9.644	-14.731	-28.8
5.44	-9.623	-14.605	-20.4
5.45	-9.601	-14.439	-14.2
5.46	-9.580	-14.125	-11.6
5.47	-9.560	-13.408	-5.3
5.48	-9.541	-11.984	9.6
5.49	-9.523	-9.617	30.1
5.5	-9.506	-6.119	54.4
5.51	-9.489	-1.333	75.8
5.52	-9.471	5.695	95.9
5.53	-9.454	18.050	136.9
5.54	-9.439	34.956	176.8
5.55	-9.425	47.250	200.1
5.56	-9.410	50.903	214.3
5.57	-9.396	51.127	214.4
5.58	-9.383	51.139	199.9
5.59	-9.371	51.139	152.4
5.6	-9.361	51.128	83.7
5.61	-9.349	50.880	26.7
5.62	-9.338	47.836	-28.5
5.63	-9.327	38.073	-70.7
5.64	-9.318	23.241	-88.6
5.65	-9.313	8.608	-96.8
5.66	-9.306	-3.748	-103.2
5.67	-9.296	-14.083	-118.5
5.68	-9.285	-23.097	-121.4
5.69	-9.276	-31.417	-113.7
5.7	-9.268	-39.247	-118.7
5.71	-9.259	-45.906	-122.4
5.72	-9.249	-49.867	-119.1
5.73	-9.240	-51.042	-116.9
5.74	-9.231	-51.136	-111.4
5.75	-9.224	-51.138	-109.1
5.76	-9.216	-50.959	-107.6
5.77	-9.209	-49.667	-98.7
5.78	-9.203	-46.470	-94.4
5.79	-9.197	-42.117	-89.8
5.8	-9.190	-37.609	-83.6
5.81	-9.184	-33.244	-88.3
5.82	-9.178	-29.158	-95.7
5.83	-9.172	-25.484	-91.2
5.84	-9.168	-22.352	-86.2
5.85	-9.162	-19.863	-82.2
5.86	-9.158	-18.020	-77.8
5.87	-9.153	-16.750	-78.0
5.88	-9.149	-16.000	-73.0
5.89	-9.146	-15.730	-75.0
5.9	-9.141	-15.867	-81.7
5.91	-9.138	-16.339	-74.5
5.92	-9.133	-17.059	-71.9
5.93	-9.129	-17.925	-72.9
5.94	-9.125	-18.789	-68.8
5.95	-9.119	-19.591	-70.5
5.96	-9.115	-20.392	-66.5
5.97	-9.110	-21.206	-58.1
5.98	-9.106	-21.950	-62.4
5.99	-9.103	-22.528	-65.8
6.0	-9.099	-22.903	-56.0
6.01	-9.095	-23.094	-46.8
6.02	-9.091	-23.147	-52.3
6.03	-9.086	-23.097	-60.5
6.04	-9.081	-22.980	-52.4
6.05	-9.077	-22.828	-40.6
6.06	-9.072	-22.602	-37.2
6.07	-9.068	-22.234	-27.2
6.08	-9.064	-21.756	-6.9
6.09	-9.060	-21.236	-2.0
6.1	-9.058	-20.684	-10.4
6.11	-9.055	-20.108	-26.8
6.12	-9.052	-19.534	-56.1
6.13	-9.048	-18.977	-76.5
6.14	-9.043	-18.406	-79.8
6.15	-9.037	-17.792	-77.6
6.16	-9.031	-17.139	-78.8
6.17	-9.025	-16.486	-80.8
6.18	-9.022	-15.856	-83.3
6.19	-9.020	-15.272	-88.8
6.2	-9.018	-14.805	-104.3
6.21	-9.012	-14.497	-104.6
6.22	-9.004	-14.292	33.1
6.23	-8.998	-14.147	363.8
6.24	-8.994	-14.073	611.9
6.25	-8.992	-14.050	441.3
6.26	-8.989	-14.022	13.3
6.27	-8.988	-13.994	-252.7
6.28	-8.990	-14.019	-261.9
6.29	-8.994	-14.100	-180.2
6.3	-8.993	-14.222	-117.6
6.31	-8.989	-14.380	-85.5
6.32	-8.982	-14.522	-73.5
6.33	-8.976	-14.572	-68.4
6.34	-8.967	-14.497	-64.5
6.35	-8.957	-14.316	-59.8
6.36	-8.947	-14.059	-49.0
6.37	-8.936	-13.698	-39.9
6.38	-8.924	-13.066	-40.7
6.39	-8.914	-11.884	-32.1
6.4	-8.904	-9.855	-11.7
6.41	-8.896	-6.719	3.8
6.42	-8.886	-2.317	17.6
6.43	-8.877	3.764	43.4
6.44	-8.867	14.091	75.0
6.45	-8.856	30.236	112.0
6.46	-8.846	44.705	147.7
6.47	-8.836	50.461	170.8
6.48	-8.828	51.123	186.3
6.49	-8.820	51.139	176.4
6.5	-8.813	51.139	145.8
6.51	-8.807	51.133	99.1
6.52	-8.803	51.022	34.3
6.53	-8.799	48.952	-28.4
6.54	-8.794	41.077	-72.0
6.55	-8.791	27.686	-98.4
6.56	-8.788	13.502	-121.3
6.57	-8.787	1.238	-133.8
6.58	-8.786	-8.912	-136.7
6.59	-8.783	-17.528	-139.6
6.6	-8.779	-25.359	-142.6
6.61	-8.776	-32.889	-145.5
6.62	-8.773	-40.114	-143.5
6.63	-8.769	-46.256	-138.6
6.64	-8.766	-49.919	-135.0
6.65	-8.763	-51.036	-131.6
6.66	-8.759	-51.136	-134.6
6.67	-8.758	-51.008	-138.5
6.68	-8.756	-49.995	-131.9
6.69	-8.756	-47.317	-127.5
6.7	-8.754	-43.463	-129.1
6.71	-8.753	-39.345	-124.1
6.72	-8.753	-35.267	-118.4
6.73	-8.753	-31.325	-121.6
6.74	-8.752	-27.656	-123.5
6.75	-8.751	-24.414	-118.8
6.76	-8.751	-21.736	-118.4
6.77	-8.750	-19.675	-123.7
6.78	-8.749	-18.147	-128.6
6.79	-8.749	-17.086	-127.9
6.8	-8.749	-16.483	-121.8
6.81	-8.749	-16.291	-116.2
6.82	-8.749	-16.491	-112.9
6.83	-8.749	-17.042	-119.5
6.84	-8.749	-17.834	-129.4
6.85	-8.748	-18.764	-127.4
6.86	-8.748	-19.733	-122.7
6.87	-8.747	-20.639	-121.7
6.88	-8.746	-21.434	-122.9
6.89	-8.745	-22.100	-122.9
6.9	-8.744	-22.645	-119.2
6.91	-8.742	-23.111	-116.5
6.92	-8.741	-23.503	-114.9
6.93	-8.739	-23.766	-118.7
6.94	-8.738	-23.866	-119.5
6.95	-8.738	-23.794	-115.9
6.96	-8.738	-23.538	-114.2
6.97	-8.738	-23.102	-105.1
6.98	-8.738	-22.539	-96.4
6.99	-8.738	-21.908	-89.3
7.0	-8.739	-21.259	-69.5
7.01	-8.741	-20.619	-54.8
7.02	-8.743	-19.961	-57.9
7.03	-8.745	-19.281	-72.3
7.04	-8.747	-18.631	-96.2
7.05	-8.748	-18.045	-110.7
7.06	-8.749	-17.517	-123.8
7.07	-8.747	-17.012	-138.5
7.08	-8.745	-16.509	-139.3
7.09	-8.742	-15.994	-144.2
7.1	-8.741	-15.464	-143.9
7.11	-8.742	-14.945	-133.4
7.12	-8.743	-14.481	-146.4
7.13	-8.742	-14.095	-165.0
7.14	-8.739	-13.789	-102.3
7.15	-8.737	-13.566	153.0
7.16	-8.738	-13.433	505.1
7.17	-8.741	-13.392	558.0
7.18	-8.743	-13.420	188.4
7.19	-8.743	-13.469	-196.5
7.2	-8.746	-13.539	-319.1
7.21	-8.754	-13.655	-271.8
7.22	-8.763	-13.802	-185.9
7.23	-8.768	-13.950	-141.1
7.24	-8.768	-14.091	-129.7
7.25	-8.765	-14.209	-121.9
7.26	-8.761	-14.253	-117.9
7.27	-8.758	-14.194	-104.9
7.28	-8.754	-14.016	-89.7
7.29	-8.749	-13.688	-86.7
7.3	-8.744	-13.122	-85.4
7.31	-8.739	-12.102	-72.0
7.32	-8.736	-10.328	-57.4
7.33	-8.732	-7.567	-44.9
7.34	-8.728	-3.645	-18.0
7.35	-8.723	1.633	8.2
7.36	-8.719	9.994	29.1
7.37	-8.716	24.514	70.1
7.38	-8.714	40.791	106.2
7.39	-8.712	49.480	125.6
7.4	-8.711	51.088	147.7
7.41	-8.714	51.134	160.3
7.42	-8.719	51.139	147.1
7.43	-8.729	51.136	105.1
7.44	-8.741	51.105	45.2
7.45	-8.756	50.086	-18.5
7.46	-8.774	44.591	-72.5
7.47	-8.794	33.000	-114.3
7.48	-8.816	19.106	-146.3
7.49	-8.841	6.520	-160.1
7.5	-8.867	-4.033	-159.7
7.51	-8.891	-12.902	-162.8
7.52	-8.912	-20.778	-166.4
7.53	-8.933	-28.288	-164.2
7.54	-8.956	-35.672	-160.3
7.55	-8.978	-42.603	-150.5
7.56	-8.999	-47.939	-153.0
7.57	-9.019	-50.545	-159.3
7.58	-9.041	-51.113	-147.8
7.59	-9.063	-51.102	-144.0
7.6	-9.086	-50.567	-140.9
7.61	-9.107	-48.606	-131.3
7.62	-9.130	-45.163	-134.8
7.63	-9.151	-41.061	-134.6
7.64	-9.172	-36.805	-133.7
7.65	-9.192	-32.609	-135.8
7.66	-9.212	-28.688	-126.9
7.67	-9.232	-25.214	-120.6
7.68	-9.251	-22.305	-116.1
7.69	-9.269	-20.016	-110.2
7.7	-9.289	-18.369	-108.9
7.71	-9.308	-17.334	-114.4
7.72	-9.328	-16.816	-122.8
7.73	-9.347	-16.706	-121.4
7.74	-9.366	-16.930	-117.4
7.75	-9.384	-17.395	-114.4
7.76	-9.403	-18.027	-110.8
7.77	-9.422	-18.778	-113.7
7.78	-9.441	-19.628	-108.3
7.79	-9.459	-20.531	-100.5
7.8	-9.477	-21.389	-102.2
7.81	-9.494	-22.108	-103.2
7.82	-9.512	-22.688	-101.3
7.83	-9.530	-23.169	-96.1
7.84	-9.547	-23.559	-88.5
7.85	-9.565	-23.825	-87.2
7.86	-9.583	-23.909	-93.8
7.87	-9.601	-23.795	-97.8
7.88	-9.618	-23.513	-90.6
7.89	-9.636	-23.081	-76.8
7.9	-9.654	-22.516	-67.8
7.91	-9.671	-21.853	-67.8
7.92	-9.690	-21.166	-59.1
7.93	-9.711	-20.516	-33.5
7.94	-9.732	-19.905	-18.2
7.95	-9.751	-19.289	-25.7
7.96	-9.769	-18.634	-43.2
7.97	-9.789	-17.959	-60.6
7.98	-9.808	-17.308	-77.1
7.99	-9.826	-16.717	-92.8
8.0	-9.843	-16.200	-103.8
8.01	-9.860	-15.727	-105.5
8.02	-9.877	-15.259	-96.9
8.03	-9.896	-14.809	-92.3
8.04	-9.916	-14.411	-92.2
8.05	-9.935	-14.092	-97.9
8.06	-9.951	-13.881	-109.6
8.07	-9.964	-13.775	-13.6
8.08	-9.974	-13.720	285.7
8.09	-9.986	-13.663	584.8
8.1	-10.002	-13.597	521.9
8.11	-10.018	-13.545	111.7
8.12	-10.033	-13.523	-216.3
8.13	-10.050	-13.561	-267.3
8.14	-10.070	-13.667	-196.7
8.15	-10.091	-13.803	-126.4
8.16	-10.108	-13.933	-84.7
8.17	-10.120	-14.033	-68.9
8.18	-10.128	-14.084	-56.6
8.19	-10.134	-14.073	-45.6
8.2	-10.138	-14.009	-44.5
8.21	-10.141	-14.048	-39.5
8.22	-10.143	-14.277	-24.1
8.23	-10.146	-14.342	-5.8
8.24	-10.149	-13.744	5.9
8.25	-10.151	-12.231	8.8
8.26	-10.154	-9.822	19.1
8.27	-10.159	-6.464	43.9
8.28	-10.165	-1.913	73.3
8.29	-10.171	4.928	101.5
8.3	-10.176	17.262	133.9
8.31	-10.183	34.328	166.6
8.32	-10.188	46.934	197.0
8.33	-10.194	50.842	219.9
8.34	-10.199	51.125	221.2
8.35	-10.204	51.139	195.9
8.36	-10.210	51.133	145.1
8.37	-10.217	50.970	89.9
8.38	-10.225	48.895	28.6
8.39	-10.233	41.753	-33.9
8.4	-10.241	29.736	-70.7
8.41	-10.250	16.398	-82.6
8.42	-10.261	4.222	-82.6
8.43	-10.271	-6.114	-92.2
8.44	-10.279	-14.850	-106.3
8.45	-10.287	-22.575	-103.4
8.46	-10.294	-29.720	-92.8
8.47	-10.301	-36.292	-95.1
8.48	-10.308	-42.003	-103.3
8.49	-10.313	-46.480	-103.5
8.5	-10.318	-49.383	-94.3
8.51	-10.323	-50.536	-79.5
8.52	-10.330	-49.977	-76.2
8.53	-10.336	-47.942	-84.1
8.54	-10.344	-44.827	-85.0
8.55	-10.354	-41.066	-71.0
8.56	-10.363	-36.981	-61.8
8.57	-10.371	-32.792	-66.1
8.58	-10.381	-28.745	-66.8
8.59	-10.391	-25.100	-63.7
8.6	-10.401	-22.028	-54.3
8.61	-10.411	-19.617	-49.8
8.62	-10.421	-17.900	-54.7
8.63	-10.431	-16.795	-56.9
8.64	-10.441	-16.158	-61.0
8.65	-10.451	-15.863	-66.3
8.66	-10.460	-15.853	-63.3
8.67	-10.467	-16.105	-50.7
8.68	-10.473	-16.602	-40.5
8.69	-10.480	-17.303	-37.0
8.7	-10.488	-18.119	-41.1
8.71	-10.493	-18.931	-47.8
8.72	-10.498	-19.673	-49.2
8.73	-10.503	-20.295	-50.4
8.74	-10.508	-20.786	-44.8
8.75	-10.512	-21.228	-41.8
8.76	-10.516	-21.705	-41.6
8.77	-10.518	-22.192	-35.0
8.78	-10.520	-22.608	-34.0
8.79	-10.520	-22.867	-26.8
8.8	-10.521	-22.922	-19.6
8.81	-10.522	-22.778	-17.3
8.82	-10.523	-22.472	-0.7
8.83	-10.524	-22.042	14.8
8.84	-10.524	-21.522	16.0
8.85	-10.523	-20.944	7.3
8.86	-10.519	-20.317	-11.9
8.87	-10.513	-19.628	-32.9
8.88	-10.501	-18.900	-49.0
8.89	-10.484	-18.188	-55.8
8.9	-10.461	-17.506	-57.2
8.91	-10.438	-16.856	-55.4
8.92	-10.416	-16.253	-50.0
8.93	-10.398	-15.697	-51.6
8.94	-10.382	-15.195	-63.2
8.95	-10.363	-14.781	-70.1
8.96	-10.337	-14.428	11.8
8.97	-10.306	-14.094	259.9
8.98	-10.279	-13.788	539.6
8.99	-10.261	-13.519	530.8
9.0	-10.247	-13.320	186.1
9.01	-10.231	-13.227	-139.7
9.02	-10.218	-13.245	-228.7
9.03	-10.207	-13.378	-172.6
9.04	-10.191	-13.583	-95.5
9.05	-10.169	-13.759	-46.0
9.06	-10.141	-13.866	-32.3
9.07	-10.111	-13.920	-30.3
9.08	-10.078	-13.933	-20.8
9.09	-10.045	-13.900	-13.8
9.1	-10.013	-13.828	-7.6
9.11	-9.982	-13.695	1.7
9.12	-9.952	-13.409	9.8
9.13	-9.923	-12.794	23.0
9.14	-9.896	-11.614	40.0
9.15	-9.870	-9.650	55.2
9.16	-9.844	-6.747	71.1
9.17	-9.821	-2.808	93.8
9.18	-9.797	2.961	124.5
9.19	-9.775	13.616	156.7
9.2	-9.754	30.150	190.6
9.21	-9.734	44.648	218.1
9.22	-9.715	50.425	235.5
9.23	-9.697	51.125	240.1
9.24	-9.680	51.138	217.2
9.25	-9.664	51.134	172.1
9.26	-9.650	51.044	112.7
9.27	-9.637	49.453	47.6
9.28	-9.624	43.297	-5.2
9.29	-9.612	32.173	-40.3
9.3	-9.601	19.280	-61.0
9.31	-9.592	7.238	-79.3
9.32	-9.584	-3.050	-91.6
9.33	-9.572	-11.681	-86.9
9.34	-9.559	-19.238	-90.1
9.35	-9.549	-26.283	-100.4
9.36	-9.539	-33.044	-89.4
9.37	-9.528	-39.359	-79.1
9.38	-9.518	-44.752	-81.4
9.39	-9.506	-48.602	-82.8
9.4	-9.496	-50.506	-87.3
9.41	-9.486	-50.541	-90.7
9.42	-9.476	-48.961	-85.8
9.43	-9.467	-46.088	-74.7
9.44	-9.457	-42.392	-69.7
9.45	-9.449	-38.278	-69.1
9.46	-9.440	-34.056	-71.2
9.47	-9.432	-30.003	-76.6
9.48	-9.423	-26.341	-68.8
9.49	-9.416	-23.194	-61.9
9.5	-9.408	-20.623	-68.4
9.51	-9.399	-18.637	-74.1
9.52	-9.393	-17.220	-77.9
9.53	-9.386	-16.322	-71.6
9.54	-9.378	-15.858	-59.4
9.55	-9.369	-15.783	-67.6
9.56	-9.361	-16.078	-78.3
9.57	-9.353	-16.666	-75.3
9.58	-9.347	-17.423	-68.5
9.59	-9.341	-18.273	-63.8
9.6	-9.336	-19.192	-66.1
9.61	-9.329	-20.127	-69.0
9.62	-9.321	-20.995	-67.1
9.63	-9.314	-21.742	-68.8
9.64	-9.307	-22.367	-71.3
9.65	-9.301	-22.869	-63.8
9.66	-9.294	-23.228	-59.8
9.67	-9.287	-23.423	-63.8
9.68	-9.280	-23.436	-59.1
9.69	-9.272	-23.275	-47.1
9.7	-9.263	-22.978	-44.6
9.71	-9.255	-22.608	-39.9
9.72	-9.248	-22.186	-18.0
9.73	-9.242	-21.663	-3.0
9.74	-9.239	-21.014	-5.6
9.75	-9.234	-20.266	-21.9
9.76	-9.229	-19.470	-38.7
9.77	-9.223	-18.680	-51.7
9.78	-9.216	-17.930	-71.8
9.79	-9.207	-17.228	-78.7
9.8	-9.199	-16.569	-79.1
9.81	-9.191	-15.958	-78.4
9.82	-9.186	-15.413	-76.9
9.83	-9.182	-14.969	-78.4
9.84	-9.178	-14.639	-85.3
9.85	-9.171	-14.402	-88.8
9.86	-9.162	-14.222	30.6
9.87	-9.154	-14.072	332.7
9.88	-9.149	-13.931	595.7
9.89	-9.146	-13.809	479.0
9.9	-9.142	-13.720	60.3
9.91	-9.138	-13.663	-222.9
9.92	-9.138	-13.633	-243.6
9.93	-9.139	-13.625	-161.6
9.94	-9.138	-13.620	-91.5
9.95	-9.132	-13.622	-61.0
9.96	-9.123	-13.648	-47.1
9.97	-9.113	-13.688	-41.7
9.98	-9.101	-13.747	-39.2
9.99	-9.088	-13.827	-26.1
10.0	-9.074	-13.830	-15.7
10.01	-9.061	-13.638	-12.0
10.02	-9.047	-13.122	-5.7
10.03	-9.035	-12.075	8.0
10.04	-9.023	-10.292	29.0
10.05	-9.012	-7.616	42.0
10.06	-9.001	-3.916	50.7
10.07	-8.991	1.344	74.8
10.08	-8.979	10.814	110.4
10.09	-8.967	26.744	146.5
10.1	-8.956	42.605	178.9
10.11	-8.946	49.991	204.5
10.12	-8.937	51.117	222.8
10.13	-8.928	51.136	219.3
10.14	-8.921	51.138	191.1
10.15	-8.915	51.125	147.5
10.16	-8.910	50.533	77.6
10.17	-8.906	46.691	5.1
10.18	-8.902	37.458	-37.6
10.19	-8.898	25.033	-66.4
10.2	-8.897	12.784	-84.2
10.21	-8.898	2.106	-93.1
10.22	-8.896	-6.863	-104.0
10.23	-8.892	-14.542	-110.2
10.24	-8.888	-21.523	-104.1
10.25	-8.884	-28.283	-96.7
10.26	-8.881	-34.922	-99.7
10.27	-8.878	-41.055	-102.2
10.28	-8.875	-45.998	-103.5
10.29	-8.873	-49.170	-106.5
10.3	-8.870	-50.373	-105.5
10.31	-8.867	-49.761	-97.8
10.32	-8.863	-47.675	-89.1
10.33	-8.860	-44.559	-84.8
10.34	-8.857	-40.877	-82.0
10.35	-8.854	-36.980	-86.3
10.36	-8.852	-33.064	-93.3
10.37	-8.851	-29.284	-86.6
10.38	-8.849	-25.848	-77.0
10.39	-8.848	-22.923	-80.8
10.4	-8.847	-20.572	-83.1
10.41	-8.846	-18.792	-78.0
10.42	-8.844	-17.580	-73.8
10.43	-8.842	-16.886	-72.7
10.44	-8.841	-16.627	-77.4
10.45	-8.839	-16.713	-77.9
10.46	-8.838	-17.078	-74.0
10.47	-8.836	-17.669	-72.8
10.48	-8.834	-18.416	-74.5
10.49	-8.832	-19.269	-68.8
10.5	-8.832	-20.203	-63.7
10.51	-8.831	-21.123	-73.5
10.52	-8.831	-21.934	-72.3
10.53	-8.829	-22.605	-61.9
10.54	-8.829	-23.167	-61.9
10.55	-8.828	-23.647	-72.6
10.56	-8.826	-23.995	-79.1
10.57	-8.826	-24.145	-68.6
10.58	-8.824	-24.064	-60.6
10.59	-8.822	-23.764	-64.3
10.6	-8.821	-23.319	-60.8
10.61	-8.819	-22.777	-52.9
10.62	-8.817	-22.163	-52.4
10.63	-8.816	-21.513	-45.2
10.64	-8.816	-20.828	-35.2
10.65	-8.815	-20.100	-28.5
10.66	-8.815	-19.344	-11.1
10.67	-8.816	-18.591	0.1
10.68	-8.818	-17.875	-5.8
10.69	-8.819	-17.208	-16.3
10.7	-8.820	-16.588	-37.1
10.71	-8.821	-16.045	-59.4
10.72	-8.819	-15.592	-65.1
10.73	-8.817	-15.178	-72.5
10.74	-8.814	-14.778	-85.4
10.75	-8.811	-14.411	-83.5
10.76	-8.811	-14.097	-74.1
10.77	-8.812	-13.841	-76.0
10.78	-8.813	-13.634	-95.1
10.79	-8.811	-13.475	-89.5
10.8	-8.806	-13.361	52.2
10.81	-8.803	-13.295	374.0
10.82	-8.803	-13.302	637.9
10.83	-8.805	-13.369	490.7
10.84	-8.806	-13.439	42.8
10.85	-8.806	-13.497	-239.4
10.86	-8.813	-13.567	-244.5
10.87	-8.821	-13.656	-159.1
10.88	-8.828	-13.755	-91.1
10.89	-8.829	-13.853	-70.8
10.9	-8.824	-13.953	-66.4
10.91	-8.818	-14.044	-49.6
10.92	-8.813	-14.088	-42.9
10.93	-8.808	-14.038	-38.8
10.94	-8.803	-13.842	-23.1
10.95	-8.797	-13.434	-14.0
10.96	-8.793	-12.691	-15.1
10.97	-8.789	-11.414	-6.3
10.98	-8.785	-9.406	13.4
10.99	-8.781	-6.494	27.8
11.0	-8.774	-2.533	44.8
11.01	-8.769	3.375	68.2
11.02	-8.763	14.581	96.7
11.03	-8.756	31.636	135.0
11.04	-8.749	45.645	173.7
11.05	-8.744	50.636	199.0
11.06	-8.739	51.125	203.9
11.07	-8.735	51.139	203.6
11.08	-8.732	51.134	193.7
11.09	-8.731	51.008	144.2
11.1	-8.729	49.325	75.1
11.11	-8.729	43.384	10.3
11.12	-8.729	33.073	-43.8
11.13	-8.729	21.186	-78.1
11.14	-8.731	9.964	-94.0
11.15	-8.736	0.272	-101.4
11.16	-8.738	-7.897	-111.3
11.17	-8.738	-14.953	-111.0
11.18	-8.738	-21.416	-99.6
11.19	-8.740	-27.711	-104.2
11.2	-8.744	-33.897	-113.9
11.21	-8.748	-39.616	-106.3
11.22	-8.750	-44.334	-95.3
11.23	-8.751	-47.555	-92.6
11.24	-8.751	-49.042	-96.9
11.25	-8.752	-48.881	-102.9
11.26	-8.754	-47.306	-98.5
11.27	-8.756	-44.639	-94.1
11.28	-8.757	-41.259	-94.5
11.29	-8.758	-37.508	-89.9
11.3	-8.758	-33.642	-87.6
11.31	-8.759	-29.895	-92.8
11.32	-8.761	-26.489	-91.7
11.33	-8.763	-23.584	-84.6
11.34	-8.764	-21.244	-82.0
11.35	-8.767	-19.414	-78.2
11.36	-8.769	-18.039	-84.5
11.37	-8.771	-17.139	-89.4
11.38	-8.775	-16.708	-83.6
11.39	-8.779	-16.691	-81.2
11.4	-8.783	-17.042	-78.7
11.41	-8.785	-17.689	-79.5
11.42	-8.787	-18.516	-80.3
11.43	-8.789	-19.420	-74.1
11.44	-8.793	-20.333	-70.1
11.45	-8.796	-21.188	-76.4
11.46	-8.799	-21.944	-80.7
11.47	-8.803	-22.595	-77.4
11.48	-8.806	-23.130	-73.1
11.49	-8.808	-23.525	-65.9
11.5	-8.809	-23.763	-68.4
11.51	-8.812	-23.814	-72.7
11.52	-8.815	-23.645	-67.8
11.53	-8.819	-23.255	-70.5
11.54	-8.824	-22.675	-76.3
11.55	-8.828	-21.988	-74.2
11.56	-8.832	-21.281	-65.1
11.57	-8.837	-20.591	-57.9
11.58	-8.841	-19.906	-64.0
11.59	-8.846	-19.230	-69.6
11.6	-8.851	-18.573	-69.7
11.61	-8.856	-17.938	-64.1
11.62	-8.859	-17.334	-46.3
11.63	-8.864	-16.788	-36.3
11.64	-8.869	-16.295	-34.6
11.65	-8.876	-15.872	-28.4
11.66	-8.882	-15.523	-10.7
11.67	-8.889	-15.191	5.8
11.68	-8.899	-14.827	1.4
11.69	-8.909	-14.455	-22.3
11.7	-8.921	-14.103	-51.4
11.71	-8.932	-13.788	-69.5
11.72	-8.941	-13.531	-76.9
11.73	-8.948	-13.334	-79.7
11.74	-8.955	-13.180	-82.4
11.75	-8.963	-13.077	-78.0
11.76	-8.974	-13.022	-75.1
11.77	-8.988	-13.019	-91.4
11.78	-9.002	-13.045	-105.6
11.79	-9.013	-13.069	-75.4
11.8	-9.021	-13.080	92.5
11.81	-9.033	-13.084	427.9
11.82	-9.051	-13.111	649.3
11.83	-9.072	-13.208	426.8
11.84	-9.093	-13.375	-21.8
11.85	-9.114	-13.561	-260.4
11.86	-9.138	-13.717	-249.1
11.87	-9.163	-13.833	-156.3
11.88	-9.187	-13.900	-93.1
11.89	-9.207	-13.919	-73.9
11.9	-9.222	-13.906	-62.8
11.91	-9.234	-13.853	-49.8
11.92	-9.244	-13.745	-41.7
11.93	-9.254	-13.603	-39.1
11.94	-9.263	-13.411	-39.7
11.95	-9.271	-13.063	-30.6
11.96	-9.280	-12.381	-10.3
11.97	-9.289	-11.184	5.4
11.98	-9.297	-9.319	19.2
11.99	-9.308	-6.642	31.1
12.0	-9.318	-3.013	43.7
12.01	-9.327	2.328	73.8
12.02	-9.337	12.553	113.8
12.03	-9.348	29.169	143.7
12.04	-9.359	44.214	173.3
12.05	-9.371	50.359	204.1
12.06	-9.384	51.123	215.6
12.07	-9.399	51.119	215.4
12.08	-9.414	50.583	199.0
12.09	-9.430	47.792	142.1
12.1	-9.446	41.842	63.0
12.11	-9.463	33.827	-0.9
12.12	-9.479	24.641	-43.1
12.13	-9.496	14.889	-71.8
12.14	-9.514	5.539	-89.8
12.15	-9.533	-2.706	-104.0
12.16	-9.550	-9.683	-110.1
12.17	-9.566	-15.658	-111.1
12.18	-9.582	-21.102	-107.7
12.19	-9.598	-26.422	-100.8
12.2	-9.613	-31.744	-102.8
12.21	-9.629	-36.833	-102.8
12.22	-9.643	-41.134	-102.7
12.23	-9.658	-44.044	-107.0
12.24	-9.674	-45.275	-105.2
12.25	-9.690	-44.945	-98.7
12.26	-9.707	-43.394	-90.8
12.27	-9.724	-40.986	-85.4
12.28	-9.741	-38.058	-90.4
12.29	-9.756	-34.917	-96.1
12.3	-9.771	-31.803	-88.7
12.31	-9.786	-28.847	-83.7
12.32	-9.801	-26.105	-91.5
12.33	-9.816	-23.623	-90.4
12.34	-9.830	-21.481	-79.1
12.35	-9.845	-19.755	-73.9
12.36	-9.861	-18.506	-78.8
12.37	-9.879	-17.723	-86.7
12.38	-9.896	-17.322	-84.2
12.39	-9.914	-17.230	-78.3
12.4	-9.931	-17.397	-79.4
12.41	-9.947	-17.766	-80.2
12.42	-9.964	-18.261	-79.7
12.43	-9.979	-18.828	-70.8
12.44	-9.995	-19.447	-65.6
12.45	-10.009	-20.070	-74.7
12.46	-10.023	-20.630	-68.9
12.47	-10.036	-21.098	-60.0
12.48	-10.049	-21.430	-68.9
12.49	-10.060	-21.558	-70.1
12.5	-10.070	-21.503	-63.7
12.51	-10.080	-21.313	-66.8
12.52	-10.091	-20.991	-64.6
12.53	-10.102	-20.555	-57.4
12.54	-10.113	-20.039	-57.8
12.55	-10.123	-19.514	-61.0
12.56	-10.133	-19.030	-56.2
12.57	-10.144	-18.561	-43.8
12.58	-10.153	-18.044	-36.4
12.59	-10.164	-17.491	-37.5
12.6	-10.176	-16.972	-27.2
12.61	-10.188	-16.545	-2.1
12.62	-10.201	-16.216	9.9
12.63	-10.214	-15.916	-2.6
12.64	-10.228	-15.591	-32.1
12.65	-10.241	-15.250	-51.0
12.66	-10.253	-14.903	-55.3
12.67	-10.261	-14.539	-66.1
12.68	-10.269	-14.177	-76.8
12.69	-10.277	-13.852	-79.3
12.7	-10.286	-13.575	-74.7
12.71	-10.299	-13.341	-71.3
12.72	-10.313	-13.128	-78.1
12.73	-10.327	-12.925	-91.6
12.74	-10.338	-12.758	-64.8
12.75	-10.345	-12.663	108.7
12.76	-10.351	-12.641	423.3
12.77	-10.359	-12.670	598.3
12.78	-10.372	-12.741	371.3
12.79	-10.385	-12.844	-37.6
12.8	-10.398	-12.956	-249.5
12.81	-10.414	-13.036	-241.4
12.82	-10.431	-13.077	-156.9
12.83	-10.444	-13.116	-90.3
12.84	-10.453	-13.155	-60.1
12.85	-10.456	-13.177	-41.8
12.86	-10.456	-13.195	-38.0
12.87	-10.454	-13.208	-37.5
12.88	-10.451	-13.178	-27.5
12.89	-10.449	-13.070	-20.1
12.9	-10.446	-12.880	-10.0
12.91	-10.443	-12.598	1.8
12.92	-10.442	-12.113	8.8
12.93	-10.443	-11.195	23.8
12.94	-10.444	-9.642	49.9
12.95	-10.448	-7.352	73.8
12.96	-10.450	-4.280	92.3
12.97	-10.451	-0.041	119.6
12.98	-10.451	7.678	160.9
12.99	-10.453	21.677	194.5
13.0	-10.456	38.097	208.1
13.01	-10.459	48.284	212.2
13.02	-10.464	50.958	208.9
13.03	-10.467	50.445	177.3
13.04	-10.472	46.875	127.1
13.05	-10.477	39.491	72.7
13.06	-10.483	30.663	14.8
13.07	-10.488	21.936	-40.9
13.08	-10.496	13.234	-81.0
13.09	-10.503	4.823	-91.3
13.1	-10.509	-2.786	-96.1
13.11	-10.515	-9.328	-103.3
13.12	-10.518	-14.952	-108.8
13.13	-10.521	-20.047	-107.8
13.14	-10.524	-24.906	-100.0
13.15	-10.526	-29.566	-104.0
13.16	-10.528	-33.863	-108.5
13.17	-10.529	-37.472	-98.8
13.18	-10.532	-40.005	-88.2
13.19	-10.535	-41.236	-89.2
13.2	-10.538	-41.209	-91.5
13.21	-10.542	-40.202	-83.4
13.22	-10.546	-38.581	-68.8
13.23	-10.549	-36.586	-60.4
13.24	-10.552	-34.241	-65.6
13.25	-10.552	-31.492	-74.3
13.26	-10.550	-28.422	-71.9
13.27	-10.547	-25.308	-63.0
13.28	-10.543	-22.456	-64.1
13.29	-10.536	-20.039	-68.6
13.3	-10.527	-18.145	-67.8
13.31	-10.514	-16.792	-62.7
13.32	-10.499	-15.931	-53.8
13.33	-10.482	-15.480	-54.4
13.34	-10.461	-15.359	-63.9
13.35	-10.438	-15.503	-70.4
13.36	-10.413	-15.814	-66.5
13.37	-10.386	-16.195	-60.3
13.38	-10.359	-16.595	-61.1
13.39	-10.333	-16.989	-66.3
13.4	-10.304	-17.347	-67.1
13.41	-10.277	-17.658	-56.3
13.42	-10.249	-17.897	-44.9
13.43	-10.222	-18.027	-45.9
13.44	-10.195	-18.039	-52.7
13.45	-10.168	-17.939	-54.7
13.46	-10.142	-17.747	-50.3
13.47	-10.116	-17.520	-41.3
13.48	-10.092	-17.317	-37.2
13.49	-10.068	-17.153	-25.3
13.5	-10.046	-16.986	2.7
13.51	-10.023	-16.775	11.3
13.52	-10.002	-16.511	-5.8
13.53	-9.981	-16.192	-24.7
13.54	-9.959	-15.847	-42.8
13.55	-9.937	-15.508	-56.9
13.56	-9.914	-15.172	-65.4
13.57	-9.891	-14.858	-75.6
13.58	-9.869	-14.566	-75.9
13.59	-9.849	-14.250	-69.0
13.6	-9.832	-13.914	-65.3
13.61	-9.819	-13.616	-66.7
13.62	-9.807	-13.380	-79.1
13.63	-9.792	-13.191	-39.2
13.64	-9.774	-13.052	163.1
13.65	-9.757	-12.956	475.7
13.66	-9.743	-12.872	576.3
13.67	-9.732	-12.792	281.8
13.68	-9.721	-12.720	-95.2
13.69	-9.713	-12.664	-245.9
13.7	-9.707	-12.655	-214.1
13.71	-9.700	-12.697	-132.6
13.72	-9.689	-12.759	-69.2
13.73	-9.673	-12.800	-37.0
13.74	-9.656	-12.823	-33.7
13.75	-9.637	-12.870	-38.1
13.76	-9.616	-12.950	-27.4
13.77	-9.595	-13.014	-18.2
13.78	-9.573	-13.031	-11.9
13.79	-9.551	-12.955	-0.7
13.8	-9.530	-12.669	-1.5
13.81	-9.510	-12.052	-1.0
13.82	-9.492	-10.978	18.0
13.83	-9.475	-9.313	43.3
13.84	-9.459	-6.934	68.0
13.85	-9.443	-3.756	91.8
13.86	-9.426	0.770	125.7
13.87	-9.409	9.197	164.5
13.88	-9.393	23.611	190.5
13.89	-9.379	39.356	208.3
13.9	-9.367	48.630	212.7
13.91	-9.356	50.964	192.3
13.92	-9.346	50.130	151.7
13.93	-9.336	46.033	101.3
13.94	-9.326	38.580	45.8
13.95	-9.318	30.163	-13.5
13.96	-9.310	21.863	-63.3
13.97	-9.306	13.473	-85.0
13.98	-9.304	5.209	-85.7
13.99	-9.299	-2.419	-96.4
14.0	-9.292	-9.081	-111.7
14.01	-9.282	-14.803	-114.3
14.02	-9.272	-19.891	-113.4
14.03	-9.264	-24.716	-106.2
14.04	-9.255	-29.433	-101.1
14.05	-9.245	-33.822	-102.6
14.06	-9.234	-37.417	-104.6
14.07	-9.226	-39.831	-109.5
14.08	-9.218	-40.908	-107.1
14.09	-9.212	-40.716	-100.7
14.1	-9.206	-39.519	-93.7
14.11	-9.199	-37.655	-89.3
14.12	-9.194	-35.383	-88.3
14.13	-9.188	-32.833	-85.1
14.14	-9.182	-30.063	-86.3
14.15	-9.175	-27.139	-88.9
14.16	-9.168	-24.219	-93.2
14.17	-9.161	-21.523	-100.6
14.18	-9.153	-19.236	-97.4
14.19	-9.146	-17.463	-90.5
14.2	-9.139	-16.233	-89.8
14.21	-9.132	-15.516	-87.6
14.22	-9.126	-15.236	-89.8
14.23	-9.119	-15.281	-90.0
14.24	-9.113	-15.558	-86.2
14.25	-9.107	-16.011	-91.4
14.26	-9.101	-16.573	-97.3
14.27	-9.096	-17.164	-99.0
14.28	-9.091	-17.727	-88.8
14.29	-9.088	-18.225	-81.9
14.3	-9.086	-18.617	-89.0
14.31	-9.083	-18.875	-93.3
14.32	-9.080	-18.964	-89.2
14.33	-9.077	-18.883	-74.0
14.34	-9.074	-18.675	-67.5
14.35	-9.071	-18.394	-68.7
14.36	-9.067	-18.073	-54.0
14.37	-9.064	-17.734	-32.7
14.38	-9.062	-17.380	-22.6
14.39	-9.060	-17.023	-33.7
14.4	-9.058	-16.689	-48.7
14.41	-9.056	-16.386	-61.4
14.42	-9.053	-16.078	-77.5
14.43	-9.049	-15.753	-90.7
14.44	-9.043	-15.448	-96.0
14.45	-9.035	-15.173	-87.3
14.46	-9.028	-14.888	-82.4
14.47	-9.023	-14.602	-96.7
14.48	-9.020	-14.338	-106.4
14.49	-9.018	-14.092	-109.0
14.5	-9.013	-13.881	-90.8
14.51	-9.006	-13.711	61.5
14.52	-8.999	-13.561	391.2
14.53	-8.996	-13.419	611.2
14.54	-8.996	-13.289	404.6
14.55	-8.993	-13.167	-22.0
14.56	-8.991	-13.056	-257.8
14.57	-8.992	-12.964	-250.8
14.58	-8.995	-12.908	-164.3
14.59	-8.996	-12.888	-106.0
14.6	-8.992	-12.881	-84.0
14.61	-8.987	-12.889	-70.1
14.62	-8.980	-12.900	-58.1
14.63	-8.971	-12.889	-47.1
14.64	-8.960	-12.833	-35.8
14.65	-8.949	-12.708	-35.8
14.66	-8.938	-12.489	-32.6
14.67	-8.926	-12.077	-23.3
14.68	-8.914	-11.270	-18.0
14.69	-8.903	-9.909	-0.0
14.7	-8.893	-7.889	21.8
14.71	-8.884	-5.131	41.3
14.72	-8.876	-1.419	66.2
14.73	-8.867	5.142	99.5
14.74	-8.858	17.808	141.8
14.75	-8.849	34.553	174.9
14.76	-8.841	46.698	188.7
14.77	-8.835	50.736	195.3
14.78	-8.829	51.086	199.5
14.79	-8.825	50.225	172.8
14.8	-8.822	46.608	111.4
14.81	-8.820	39.875	44.9
14.82	-8.819	31.713	-11.2
14.83	-8.817	23.277	-56.8
14.84	-8.816	15.016	-90.6
14.85	-8.818	7.247	-104.5
14.86	-8.819	0.256	-107.6
14.87	-8.819	-5.888	-110.6
14.88	-8.816	-11.448	-115.0
14.89	-8.813	-16.788	-118.8
14.9	-8.811	-22.153	-118.2
14.91	-8.809	-27.583	-119.8
14.92	-8.807	-32.958	-115.3
14.93	-8.804	-37.994	-102.8
14.94	-8.803	-42.225	-97.6
14.95	-8.803	-45.350	-98.5
14.96	-8.801	-46.952	-102.5
14.97	-8.800	-46.461	-99.8
14.98	-8.798	-43.905	-90.4
14.99	-8.798	-39.614	-83.7
15.0	-8.799	-34.522	-84.9
15.01	-8.799	-29.441	-96.4
15.02	-8.797	-24.072	-96.9
15.03	-8.796	-19.095	-89.7
15.04	-8.795	-15.494	-94.3
15.05	-8.794	-13.136	-112.0
15.06	-8.793	-11.838	-130.9
15.07	-8.791	-11.338	-135.6
15.08	-8.789	-11.391	-132.8
15.09	-8.789	-11.909	-141.9
15.1	-8.789	-12.638	-156.4
15.11	-8.792	-13.339	-154.7
15.12	-8.794	-14.003	-147.3
15.13	-8.794	-14.645	-148.5
15.14	-8.796	-15.191	-155.2
15.15	-8.796	-15.658	-154.3
15.16	-8.797	-16.238	-146.9
15.17	-8.797	-17.106	-139.3
15.18	-8.797	-18.339	-130.3
15.19	-8.798	-19.952	-126.3
15.2	-8.799	-21.883	-121.4
15.21	-8.799	-23.813	-116.5
15.22	-8.798	-25.289	-103.6
15.23	-8.796	-26.092	-74.7
15.24	-8.794	-26.286	-58.6
15.25	-8.792	-26.053	-53.9
15.26	-8.790	-25.542	-46.0
15.27	-8.789	-24.858	-34.4
15.28	-8.789	-24.025	-12.4
15.29	-8.789	-23.019	-0.7
15.3	-8.791	-21.891	-12.8
15.31	-8.793	-20.773	-36.5
15.32	-8.794	-19.752	-55.3
15.33	-8.796	-18.834	-65.7
15.34	-8.797	-18.031	-72.7
15.35	-8.798	-17.327	-79.1
15.36	-8.799	-16.666	-84.4
15.37	-8.800	-16.036	-82.4
15.38	-8.804	-15.448	-77.3
15.39	-8.808	-14.914	-88.8
15.4	-8.811	-14.452	-101.0
15.41	-8.809	-14.053	-25.2
15.42	-8.808	-13.727	243.9
15.43	-8.809	-13.470	586.9
15.44	-8.812	-13.247	591.7
15.45	-8.814	-13.017	183.5
15.46	-8.814	-12.781	-193.4
15.47	-8.818	-12.566	-287.8
15.48	-8.824	-12.395	-215.3
15.49	-8.833	-12.281	-133.4
15.5	-8.839	-12.247	-98.1
15.51	-8.840	-12.323	-93.0
15.52	-8.836	-12.509	-82.7
15.53	-8.832	-12.733	-68.0
15.54	-8.828	-12.897	-65.3
15.55	-8.822	-12.941	-58.0
15.56	-8.816	-12.780	-41.3
15.57	-8.810	-12.328	-17.7
15.58	-8.804	-11.478	-7.0
15.59	-8.798	-10.086	-8.6
15.6	-8.792	-8.023	12.5
15.61	-8.786	-5.222	38.1
15.62	-8.780	-1.213	61.0
15.63	-8.775	6.536	93.4
15.64	-8.770	20.908	131.9
15.65	-8.766	37.833	173.3
15.66	-8.762	48.288	195.8
15.67	-8.758	50.992	211.2
15.68	-8.755	51.128	222.0
15.69	-8.752	50.872	203.7
15.7	-8.752	48.992	160.7
15.71	-8.753	44.348	97.9
15.72	-8.756	37.733	29.9
15.73	-8.760	29.983	-29.8
15.74	-8.764	21.356	-62.3
15.75	-8.773	12.628	-76.1
15.76	-8.784	4.608	-91.6
15.77	-8.797	-2.406	-101.5
15.78	-8.807	-8.625	-112.3
15.79	-8.816	-14.447	-119.3
15.8	-8.827	-20.216	-113.7
15.81	-8.842	-26.070	-103.5
15.82	-8.860	-31.802	-95.9
15.83	-8.879	-36.834	-96.9
15.84	-8.899	-40.480	-103.8
15.85	-8.919	-42.352	-103.4
15.86	-8.941	-42.552	-97.0
15.87	-8.963	-41.413	-93.7
15.88	-8.985	-39.234	-91.7
15.89	-9.008	-36.314	-90.7
15.9	-9.031	-33.013	-89.2
15.91	-9.053	-29.641	-83.7
15.92	-9.073	-26.430	-76.3
15.93	-9.094	-23.556	-80.5
15.94	-9.114	-21.119	-84.8
15.95	-9.134	-19.181	-83.1
15.96	-9.153	-17.756	-80.4
15.97	-9.172	-16.794	-70.8
15.98	-9.193	-16.247	-67.7
15.99	-9.214	-16.066	-72.7
16.0	-9.235	-16.234	-71.5
16.01	-9.256	-16.762	-72.6
16.02	-9.278	-17.566	-73.8
16.03	-9.299	-18.472	-69.7
16.04	-9.321	-19.416	-70.2
16.05	-9.344	-20.417	-64.4
16.06	-9.366	-21.463	-58.4
16.07	-9.388	-22.475	-60.3
16.08	-9.409	-23.370	-58.7
16.09	-9.431	-24.081	-57.3
16.1	-9.451	-24.552	-58.5
16.11	-9.469	-24.747	-58.9
16.12	-9.488	-24.678	-61.2
16.13	-9.506	-24.380	-57.8
16.14	-9.524	-23.886	-47.7
16.15	-9.543	-23.230	-52.8
16.16	-9.562	-22.448	-59.7
16.17	-9.581	-21.580	-50.0
16.18	-9.599	-20.705	-38.7
16.19	-9.618	-19.870	-34.4
16.2	-9.637	-19.066	-24.3
16.21	-9.657	-18.306	-2.8
16.22	-9.678	-17.592	16.2
16.23	-9.699	-16.942	17.0
16.24	-9.720	-16.386	-2.6
16.25	-9.742	-15.894	-18.7
16.26	-9.764	-15.458	-34.8
16.27	-9.784	-15.073	-59.7
16.28	-9.802	-14.698	-66.8
16.29	-9.818	-14.311	-60.9
16.3	-9.831	-13.933	-59.2
16.31	-9.847	-13.567	-62.3
16.32	-9.865	-13.227	-65.7
16.33	-9.884	-12.959	-71.8
16.34	-9.902	-12.783	-81.5
16.35	-9.918	-12.664	-21.5
16.36	-9.930	-12.606	230.3
16.37	-9.944	-12.613	577.8
16.38	-9.962	-12.684	622.3
16.39	-9.981	-12.819	241.5
16.4	-10.000	-12.963	-150.4
16.41	-10.019	-13.064	-258.6
16.42	-10.042	-13.117	-193.8
16.43	-10.064	-13.150	-110.6
16.44	-10.083	-13.184	-57.3
16.45	-10.098	-13.208	-44.8
16.46	-10.109	-13.192	-42.1
16.47	-10.118	-13.119	-29.9
16.48	-10.124	-13.009	-25.9
16.49	-10.130	-12.886	-21.0
16.5	-10.134	-12.713	-11.5
16.51	-10.138	-12.409	2.0
16.52	-10.141	-11.872	17.3
16.53	-10.147	-10.933	27.6
16.54	-10.153	-9.416	39.7
16.55	-10.160	-7.200	51.6
16.56	-10.168	-4.139	80.8
16.57	-10.176	0.939	116.6
16.58	-10.186	11.320	135.9
16.59	-10.196	27.805	162.3
16.6	-10.206	43.031	202.9
16.61	-10.218	49.964	228.9
16.62	-10.229	51.102	235.8
16.63	-10.239	50.853	220.7
16.64	-10.252	48.817	170.5
16.65	-10.266	43.717	109.0
16.66	-10.280	36.516	46.6
16.67	-10.294	28.466	-12.6
16.68	-10.309	20.011	-50.0
16.69	-10.326	11.677	-68.7
16.7	-10.345	3.978	-81.1
16.71	-10.365	-2.836	-92.2
16.72	-10.383	-8.839	-96.4
16.73	-10.398	-14.345	-97.4
16.74	-10.413	-19.736	-100.1
16.75	-10.428	-25.206	-103.0
16.76	-10.441	-30.595	-94.6
16.77	-10.454	-35.414	-83.3
16.78	-10.466	-39.044	-91.3
16.79	-10.478	-41.050	-94.4
16.8	-10.490	-41.356	-87.1
16.81	-10.503	-40.202	-80.3
16.82	-10.516	-37.989	-73.3
16.83	-10.530	-35.141	-79.7
16.84	-10.543	-32.013	-85.4
16.85	-10.554	-28.877	-73.6
16.86	-10.565	-25.906	-64.3
16.87	-10.576	-23.227	-72.6
16.88	-10.584	-20.948	-75.2
16.89	-10.593	-19.114	-69.3
16.9	-10.601	-17.734	-71.2
16.91	-10.608	-16.805	-73.0
16.92	-10.617	-16.298	-70.1
16.93	-10.628	-16.173	-74.3
16.94	-10.638	-16.366	-75.2
16.95	-10.648	-16.789	-61.2
16.96	-10.658	-17.373	-60.4
16.97	-10.668	-18.070	-71.9
16.98	-10.678	-18.827	-75.1
16.99	-10.687	-19.603	-70.8
17.0	-10.696	-20.373	-68.0
17.01	-10.706	-21.094	-73.1
17.02	-10.716	-21.694	-71.4
17.03	-10.724	-22.131	-66.4
17.04	-10.730	-22.417	-63.3
17.05	-10.737	-22.545	-54.5
17.06	-10.745	-22.495	-46.5
17.07	-10.753	-22.266	-48.8
17.08	-10.762	-21.877	-39.8
17.09	-10.774	-21.384	-12.4
17.1	-10.784	-20.836	-4.6
17.11	-10.793	-20.234	-16.6
17.12	-10.799	-19.567	-29.3
17.13	-10.805	-18.855	-53.8
17.14	-10.811	-18.125	-75.7
17.15	-10.814	-17.420	-76.7
17.16	-10.818	-16.764	-77.9
17.17	-10.821	-16.145	-76.8
17.18	-10.824	-15.575	-75.9
17.19	-10.831	-15.066	-87.2
17.2	-10.839	-14.617	-88.5
17.21	-10.848	-14.247	-91.2
17.22	-10.853	-13.941	-60.8
17.23	-10.854	-13.681	122.2
17.24	-10.854	-13.489	434.8
17.25	-10.858	-13.366	568.2
17.26	-10.864	-13.272	304.6
17.27	-10.871	-13.192	-81.9
17.28	-10.877	-13.123	-251.0
17.29	-10.887	-13.055	-225.4
17.3	-10.894	-12.998	-143.7
17.31	-10.897	-12.983	-79.9
17.32	-10.893	-12.997	-55.5
17.33	-10.882	-13.005	-51.2
17.34	-10.863	-13.005	-50.1
17.35	-10.839	-13.008	-39.7
17.36	-10.811	-12.997	-24.8
17.37	-10.779	-12.936	-18.9
17.38	-10.744	-12.781	-19.3
17.39	-10.706	-12.459	-9.3
17.4	-10.666	-11.870	14.3
17.41	-10.626	-10.877	30.8
17.42	-10.586	-9.320	44.6
17.43	-10.546	-7.083	63.6
17.44	-10.508	-3.953	88.5
17.45	-10.469	1.525	120.2
17.46	-10.433	12.306	150.3
17.47	-10.396	28.283	186.2
17.48	-10.363	42.788	214.1
17.49	-10.330	49.750	218.0
17.5	-10.299	51.064	200.6
17.51	-10.271	50.444	159.1
17.52	-10.243	47.319	102.9
17.53	-10.217	41.181	42.9
17.54	-10.191	33.688	-14.6
17.55	-10.166	25.792	-60.9
17.56	-10.143	17.686	-88.1
17.57	-10.123	9.839	-96.1
17.58	-10.103	2.608	-100.6
17.59	-10.080	-3.909	-105.9
17.6	-10.056	-9.833	-103.5
17.61	-10.032	-15.459	-102.5
17.62	-10.010	-21.066	-105.3
17.63	-9.989	-26.742	-109.5
17.64	-9.967	-32.245	-107.4
17.65	-9.947	-36.983	-94.5
17.66	-9.928	-40.317	-90.2
17.67	-9.909	-41.875	-98.0
17.68	-9.892	-41.634	-97.5
17.69	-9.874	-39.881	-93.1
17.7	-9.857	-37.075	-87.0
17.71	-9.840	-33.755	-76.4
17.72	-9.823	-30.375	-76.8
17.73	-9.806	-27.197	-82.6
17.74	-9.790	-24.356	-80.2
17.75	-9.774	-21.923	-68.2
17.76	-9.759	-19.911	-61.9
17.77	-9.745	-18.327	-70.1
17.78	-9.732	-17.164	-74.8
17.79	-9.720	-16.389	-77.5
17.8	-9.711	-15.994	-80.3
17.81	-9.700	-15.966	-79.1
17.82	-9.689	-16.239	-78.5
17.83	-9.676	-16.761	-73.4
17.84	-9.664	-17.470	-66.8
17.85	-9.653	-18.294	-68.6
17.86	-9.642	-19.137	-70.3
17.87	-9.631	-19.920	-67.3
17.88	-9.620	-20.613	-66.8
17.89	-9.609	-21.172	-67.2
17.9	-9.598	-21.544	-70.1
17.91	-9.586	-21.739	-71.9
17.92	-9.574	-21.814	-65.0
17.93	-9.563	-21.784	-53.2
17.94	-9.552	-21.638	-46.9
17.95	-9.543	-21.386	-51.3
17.96	-9.536	-21.088	-39.4
17.97	-9.530	-20.758	-14.8
17.98	-9.524	-20.375	-13.3
17.99	-9.516	-19.916	-26.2
18.0	-9.508	-19.400	-43.5
18.01	-9.498	-18.859	-62.3
18.02	-9.488	-18.309	-75.6
18.03	-9.474	-17.758	-85.9
18.04	-9.461	-17.183	-89.5
18.05	-9.450	-16.586	-88.3
18.06	-9.441	-16.008	-83.0
18.07	-9.433	-15.470	-78.8
18.08	-9.427	-15.008	-86.0
18.09	-9.418	-14.642	-102.2
18.1	-9.406	-14.339	-44.1
18.11	-9.391	-14.081	193.1
18.12	-9.379	-13.867	506.1
18.13	-9.371	-13.686	559.7
18.14	-9.363	-13.538	227.4
18.15	-9.357	-13.423	-136.9
18.16	-9.353	-13.328	-247.3
18.17	-9.351	-13.241	-201.8
18.18	-9.348	-13.170	-127.7
18.19	-9.342	-13.147	-77.1
18.2	-9.332	-13.195	-57.7
18.21	-9.319	-13.273	-49.9
18.22	-9.305	-13.291	-52.5
18.23	-9.290	-13.227	-50.2
18.24	-9.274	-13.108	-36.0
18.25	-9.256	-12.916	-15.0
18.26	-9.238	-12.602	-5.9
18.27	-9.221	-12.070	-9.2
18.28	-9.205	-11.133	-4.3
18.29	-9.191	-9.605	9.3
18.3	-9.176	-7.381	28.5
18.31	-9.161	-4.219	55.9
18.32	-9.148	1.541	89.5
18.33	-9.136	12.969	117.5
18.34	-9.124	29.552	149.8
18.35	-9.113	43.881	184.2
18.36	-9.101	50.131	195.9
18.37	-9.091	51.111	190.5
18.38	-9.083	50.897	176.1
18.39	-9.075	49.191	136.1
18.4	-9.066	44.902	79.9
18.41	-9.058	38.728	25.5
18.42	-9.049	31.627	-31.6
18.43	-9.041	23.819	-75.9
18.44	-9.035	15.694	-93.6
18.45	-9.031	7.880	-100.0
18.46	-9.028	0.844	-109.9
18.47	-9.023	-5.397	-119.3
18.48	-9.014	-11.178	-116.2
18.49	-9.008	-16.903	-104.8
18.5	-9.001	-22.773	-103.4
18.51	-8.995	-28.656	-108.8
18.52	-8.987	-34.108	-108.2
18.53	-8.979	-38.516	-101.6
18.54	-8.973	-41.363	-101.0
18.55	-8.964	-42.467	-105.8
18.56	-8.957	-41.992	-100.5
18.57	-8.951	-40.275	-88.3
18.58	-8.945	-37.688	-74.9
18.59	-8.941	-34.584	-72.1
18.6	-8.936	-31.267	-82.6
18.61	-8.932	-27.994	-85.0
18.62	-8.928	-24.978	-78.8
18.63	-8.922	-22.397	-82.4
18.64	-8.918	-20.334	-88.4
18.65	-8.913	-18.816	-81.0
18.66	-8.909	-17.822	-72.6
18.67	-8.905	-17.319	-72.6
18.68	-8.901	-17.213	-75.9
18.69	-8.896	-17.339	-77.0
18.7	-8.893	-17.647	-75.7
18.71	-8.889	-18.155	-82.1
18.72	-8.886	-18.797	-85.2
18.73	-8.884	-19.547	-76.6
18.74	-8.882	-20.398	-66.8
18.75	-8.879	-21.245	-64.8
18.76	-8.877	-21.959	-62.3
18.77	-8.875	-22.513	-59.4
18.78	-8.873	-22.914	-60.8
18.79	-8.869	-23.150	-56.6
18.8	-8.866	-23.205	-58.2
18.81	-8.862	-23.084	-62.9
18.82	-8.858	-22.809	-61.2
18.83	-8.856	-22.414	-61.6
18.84	-8.854	-21.898	-62.8
18.85	-8.851	-21.261	-56.8
18.86	-8.848	-20.553	-52.5
18.87	-8.843	-19.844	-53.4
18.88	-8.839	-19.175	-46.2
18.89	-8.836	-18.548	-44.0
18.9	-8.833	-17.956	-37.3
18.91	-8.830	-17.406	-17.1
18.92	-8.828	-16.903	-1.7
18.93	-8.827	-16.428	3.7
18.94	-8.826	-15.961	-3.5
18.95	-8.826	-15.544	-19.4
18.96	-8.825	-15.197	-35.3
18.97	-8.824	-14.880	-54.4
18.98	-8.822	-14.567	-65.9
18.99	-8.817	-14.263	-67.5
19.0	-8.811	-13.981	-71.9
19.01	-8.807	-13.728	-73.5
19.02	-8.804	-13.528	-75.1
19.03	-8.803	-13.397	-80.7
19.04	-8.802	-13.323	-88.1
19.05	-8.797	-13.278	-53.7
19.06	-8.793	-13.238	140.8
19.07	-8.790	-13.200	482.3
19.08	-8.791	-13.177	637.6
19.09	-8.795	-13.163	353.4
19.1	-8.796	-13.167	-70.7
19.11	-8.797	-13.205	-252.0
19.12	-8.802	-13.230	-220.4
19.13	-8.808	-13.227	-138.9
19.14	-8.811	-13.228	-76.9
19.15	-8.809	-13.222	-54.7
19.16	-8.804	-13.206	-50.5
19.17	-8.798	-13.213	-33.7
19.18	-8.791	-13.206	-20.2
19.19	-8.783	-13.141	-17.6
19.2	-8.773	-12.984	-11.3
19.21	-8.764	-12.605	-2.9
19.22	-8.754	-11.833	11.8
19.23	-8.746	-10.561	30.3
19.24	-8.738	-8.680	36.8
19.25	-8.731	-6.094	44.9
19.26	-8.723	-2.414	73.8
19.27	-8.716	4.611	110.3
19.28	-8.709	18.220	142.3
19.29	-8.703	35.553	170.2
19.3	-8.697	47.355	203.8
19.31	-8.692	50.866	231.3
19.32	-8.687	51.123	233.3
19.33	-8.683	50.961	218.0
19.34	-8.681	49.431	189.4
19.35	-8.682	45.217	138.5
19.36	-8.684	39.052	71.5
19.37	-8.688	32.059	8.1
19.38	-8.690	24.255	-38.7
19.39	-8.692	15.969	-65.5
19.4	-8.696	8.020	-84.4
19.41	-8.701	0.938	-93.3
19.42	-8.703	-5.295	-88.9
19.43	-8.701	-11.023	-95.6
19.44	-8.700	-16.680	-100.0
19.45	-8.701	-22.539	-91.2
19.46	-8.704	-28.498	-86.9
19.47	-8.706	-34.116	-85.7
19.48	-8.708	-38.773	-88.1
19.49	-8.710	-41.909	-90.2
19.5	-8.712	-43.273	-81.6
19.51	-8.714	-42.994	-75.3
19.52	-8.714	-41.384	-79.6
19.53	-8.715	-38.830	-76.9
19.54	-8.716	-35.705	-72.2
19.55	-8.717	-32.303	-71.0
19.56	-8.718	-28.888	-65.6
19.57	-8.719	-25.741	-70.0
19.58	-8.721	-23.055	-73.2
19.59	-8.722	-20.870	-63.4
19.6	-8.723	-19.167	-56.3
19.61	-8.722	-17.947	-60.4
19.62	-8.722	-17.217	-69.2
19.63	-8.722	-16.930	-66.1
19.64	-8.723	-16.994	-52.4
19.65	-8.725	-17.364	-53.4
19.66	-8.728	-17.992	-61.8
19.67	-8.731	-18.786	-60.4
19.68	-8.734	-19.642	-61.9
19.69	-8.736	-20.491	-58.7
19.7	-8.738	-21.289	-45.5
19.71	-8.739	-22.006	-50.0
19.72	-8.740	-22.627	-61.3
19.73	-8.741	-23.131	-57.0
19.74	-8.743	-23.498	-52.0
19.75	-8.745	-23.723	-55.0
19.76	-8.747	-23.792	-54.5
19.77	-8.748	-23.673	-51.9
19.78	-8.749	-23.372	-51.2
19.79	-8.749	-22.928	-50.1
19.8	-8.749	-22.391	-48.9
19.81	-8.750	-21.786	-46.2
19.82	-8.751	-21.127	-46.0
19.83	-8.752	-20.436	-46.7
19.84	-8.753	-19.734	-48.6
19.85	-8.755	-19.038	-49.9
19.86	-8.757	-18.311	-36.9
19.87	-8.758	-17.512	-21.9
19.88	-8.759	-16.742	-22.0
19.89	-8.761	-16.097	-17.2
19.9	-8.763	-15.566	4.3
19.91	-8.766	-15.192	22.6
19.92	-8.769	-15.016	17.9
19.93	-8.774	-14.898	-9.0
19.94	-8.779	-14.703	-32.0
19.95	-8.783	-14.467	-44.8
19.96	-8.786	-14.213	-52.7
19.97	-8.786	-13.927	-56.5
19.98	-8.784	-13.653	-59.4
19.99	-8.783	-13.420	-57.9
20.0	-8.783	-13.198	-56.8
20.01	-8.786	-12.997	-62.3
20.02	-8.789	-12.856	-79.3
20.03	-8.788	-12.783	-75.3
20.04	-8.786	-12.763	58.8
20.05	-8.785	-12.802	382.2
20.06	-8.789	-12.886	668.6
20.07	-8.794	-12.994	542.6
20.08	-8.797	-13.109	94.4
20.09	-8.799	-13.222	-213.4
20.1	-8.804	-13.306	-241.6
20.11	-8.816	-13.348	-144.8
20.12	-8.830	-13.363	-65.4
20.13	-8.841	-13.366	-48.3
20.14	-8.848	-13.356	-47.9
20.15	-8.849	-13.330	-43.8
20.16	-8.849	-13.245	-34.3
20.17	-8.850	-13.067	-19.1
20.18	-8.850	-12.789	-1.9
20.19	-8.850	-12.395	6.7
20.2	-8.851	-11.798	6.0
20.21	-8.852	-10.859	14.4
20.22	-8.854	-9.425	30.8
20.23	-8.856	-7.336	49.0
20.24	-8.859	-4.416	66.1
20.25	-8.864	0.381	89.7
20.26	-8.871	10.256	125.7
20.27	-8.882	26.448	171.9
20.28	-8.896	42.098	207.2
20.29	-8.913	49.691	218.6
20.3	-8.933	51.088	229.1
20.31	-8.955	51.066	234.2
20.32	-8.978	50.059	217.0
20.33	-9.002	46.484	169.1
20.34	-9.028	40.361	92.8
20.35	-9.053	33.006	30.9
20.36	-9.077	25.019	-6.4
20.37	-9.100	16.755	-49.2
20.38	-9.123	8.811	-82.7
20.39	-9.148	1.694	-91.4
20.4	-9.171	-4.506	-95.0
20.41	-9.193	-10.056	-100.9
20.42	-9.214	-15.381	-97.7
20.43	-9.234	-20.842	-87.1
20.44	-9.254	-26.498	-82.7
20.45	-9.274	-32.064	-84.4
20.46	-9.294	-36.972	-88.6
20.47	-9.315	-40.567	-87.8
20.48	-9.338	-42.477	-83.1
20.49	-9.361	-42.688	-82.8
20.5	-9.386	-41.445	-76.2
20.51	-9.410	-39.125	-74.3
20.52	-9.434	-36.134	-79.5
20.53	-9.459	-32.823	-76.5
20.54	-9.483	-29.458	-68.7
20.55	-9.506	-26.227	-66.3
20.56	-9.531	-23.267	-74.8
20.57	-9.558	-20.736	-78.0
20.58	-9.584	-18.777	-68.9
20.59	-9.611	-17.444	-65.8
20.6	-9.637	-16.702	-70.4
20.61	-9.662	-16.464	-66.1
20.62	-9.689	-16.611	-55.9
20.63	-9.714	-17.030	-58.3
20.64	-9.739	-17.647	-61.1
20.65	-9.763	-18.420	-64.8
20.66	-9.784	-19.325	-70.5
20.67	-9.805	-20.309	-66.2
20.68	-9.825	-21.272	-61.3
20.69	-9.844	-22.084	-54.4
20.7	-9.864	-22.684	-50.1
20.71	-9.881	-23.086	-54.5
20.72	-9.899	-23.281	-50.5
20.73	-9.918	-23.264	-48.1
20.74	-9.934	-23.073	-54.5
20.75	-9.952	-22.758	-54.6
20.76	-9.968	-22.352	-49.8
20.77	-9.984	-21.864	-45.9
20.78	-10.000	-21.291	-44.5
20.79	-10.016	-20.639	-43.2
20.8	-10.031	-19.936	-35.6
20.81	-10.044	-19.217	-26.7
20.82	-10.058	-18.512	-22.6
20.83	-10.073	-17.809	-17.6
20.84	-10.088	-17.095	-6.7
20.85	-10.104	-16.459	7.1
20.86	-10.121	-15.936	12.9
20.87	-10.139	-15.436	8.5
20.88	-10.157	-14.928	-6.9
20.89	-10.174	-14.478	-29.1
20.9	-10.191	-14.156	-51.9
20.91	-10.206	-13.969	-63.0
20.92	-10.219	-13.848	-54.8
20.93	-10.233	-13.716	-49.3
20.94	-10.247	-13.530	-54.0
20.95	-10.264	-13.350	-56.0
20.96	-10.284	-13.195	-54.8
20.97	-10.302	-13.022	-67.3
20.98	-10.318	-12.894	-40.2
20.99	-10.330	-12.877	151.5
21.0	-10.341	-12.925	488.8
21.01	-10.358	-12.973	644.0
21.02	-10.379	-13.019	359.4
21.03	-10.399	-13.075	-65.6
21.04	-10.418	-13.125	-237.6
21.05	-10.438	-13.161	-197.3
21.06	-10.457	-13.180	-121.8
21.07	-10.474	-13.183	-68.0
21.08	-10.488	-13.191	-40.7
21.09	-10.498	-13.203	-32.1
21.1	-10.503	-13.186	-19.7
21.11	-10.507	-13.119	-5.3
21.12	-10.508	-13.005	-0.9
21.13	-10.508	-12.863	1.4
21.14	-10.507	-12.683	10.2
21.15	-10.506	-12.403	19.4
21.16	-10.506	-11.877	30.7
21.17	-10.507	-10.927	47.2
21.18	-10.509	-9.439	63.2
21.19	-10.514	-7.323	84.3
21.2	-10.521	-4.438	104.8
21.21	-10.526	0.414	131.7
21.22	-10.531	10.189	174.6
21.23	-10.537	25.356	205.6
21.24	-10.543	40.278	223.0
21.25	-10.549	48.714	231.9
21.26	-10.555	50.641	219.8
21.27	-10.563	48.477	186.3
21.28	-10.571	42.825	126.5
21.29	-10.579	35.278	49.3
21.3	-10.589	27.566	-0.2
21.31	-10.599	19.792	-25.7
21.32	-10.609	11.936	-59.1
21.33	-10.623	4.445	-86.2
21.34	-10.638	-2.227	-94.3
21.35	-10.653	-7.923	-91.5
21.36	-10.665	-12.858	-97.6
21.37	-10.678	-17.459	-104.3
21.38	-10.689	-21.991	-97.0
21.39	-10.701	-26.395	-93.2
21.4	-10.711	-30.516	-91.8
21.41	-10.721	-34.067	-94.2
21.42	-10.733	-36.606	-96.6
21.43	-10.745	-37.837	-91.6
21.44	-10.759	-37.677	-89.3
21.45	-10.774	-36.231	-87.7
21.46	-10.790	-33.975	-82.1
21.47	-10.804	-31.372	-80.5
21.48	-10.818	-28.500	-78.5
21.49	-10.831	-25.588	-75.8
21.5	-10.845	-23.014	-83.0
21.51	-10.857	-20.794	-91.7
21.52	-10.869	-18.928	-90.5
21.53	-10.881	-17.578	-86.8
21.54	-10.893	-16.688	-91.1
21.55	-10.906	-16.075	-101.3
21.56	-10.919	-15.723	-103.7
21.57	-10.932	-15.667	-96.8
21.58	-10.944	-15.855	-89.9
21.59	-10.956	-16.233	-83.3
21.6	-10.966	-16.736	-83.9
21.61	-10.976	-17.283	-91.3
21.62	-10.986	-17.881	-86.4
21.63	-10.996	-18.570	-71.2
21.64	-11.006	-19.317	-69.9
21.65	-11.016	-20.045	-78.4
21.66	-11.023	-20.633	-67.5
21.67	-11.029	-20.975	-56.5
21.68	-11.034	-21.047	-62.8
21.69	-11.040	-20.902	-60.7
21.7	-11.045	-20.594	-41.9
21.71	-11.049	-20.169	-31.7
21.72	-11.053	-19.748	-31.4
21.73	-11.057	-19.455	-11.8
21.74	-11.060	-19.255	6.7
21.75	-11.064	-18.994	7.6
21.76	-11.066	-18.564	0.8
21.77	-11.066	-18.027	-16.6
21.78	-11.064	-17.472	-32.5
21.79	-11.057	-16.933	-40.6
21.8	-11.047	-16.419	-39.5
21.81	-11.035	-15.917	-44.2
21.82	-11.023	-15.430	-57.5
21.83	-11.014	-14.980	-57.6
21.84	-11.008	-14.556	-51.4
21.85	-11.003	-14.152	-54.0
21.86	-10.993	-13.797	-57.9
21.87	-10.975	-13.536	-0.6
21.88	-10.952	-13.339	214.9
21.89	-10.932	-13.141	496.1
21.9	-10.922	-12.945	523.2
21.91	-10.922	-12.789	205.5
21.92	-10.919	-12.680	-124.3
21.93	-10.917	-12.605	-220.9
21.94	-10.916	-12.578	-169.5
21.95	-10.910	-12.619	-89.9
21.96	-10.894	-12.702	-42.8
21.97	-10.868	-12.808	-31.4
21.98	-10.831	-12.928	-20.1
21.99	-10.791	-13.025	-10.0
22.0	-10.751	-13.070	-4.0
22.01	-10.713	-13.064	1.7
22.02	-10.677	-13.042	13.2
22.03	-10.643	-12.972	28.0
22.04	-10.613	-12.714	29.4
22.05	-10.586	-12.111	25.6
22.06	-10.564	-11.011	41.8
22.07	-10.544	-9.286	70.3
22.08	-10.524	-6.886	95.8
22.09	-10.506	-3.803	125.5
22.1	-10.488	0.138	158.1
22.11	-10.469	6.422	185.7
22.12	-10.453	17.164	211.2
22.13	-10.436	31.136	229.7
22.14	-10.419	43.306	233.4
22.15	-10.403	49.598	215.1
22.16	-10.387	50.848	176.7
22.17	-10.372	48.733	124.4
22.18	-10.357	42.281	60.9
22.19	-10.342	32.614	-3.4
22.2	-10.328	22.617	-46.5
22.21	-10.314	13.486	-61.5
22.22	-10.303	5.442	-63.8
22.23	-10.291	-1.439	-69.3
22.24	-10.274	-7.267	-79.6
22.25	-10.257	-12.331	-87.2
22.26	-10.239	-17.019	-86.6
22.27	-10.224	-21.703	-79.4
22.28	-10.208	-26.559	-84.3
22.29	-10.191	-31.428	-92.2
22.3	-10.174	-35.867	-85.1
22.31	-10.157	-39.327	-79.1
22.32	-10.141	-41.423	-77.3
22.33	-10.126	-42.127	-71.5
22.34	-10.111	-41.589	-64.3
22.35	-10.097	-39.948	-61.8
22.36	-10.084	-37.388	-59.3
22.37	-10.071	-34.150	-59.5
22.38	-10.059	-30.514	-59.8
22.39	-10.047	-26.839	-56.6
22.4	-10.036	-23.463	-63.3
22.41	-10.024	-20.602	-68.7
22.42	-10.013	-18.355	-65.1
22.43	-10.002	-16.741	-60.2
22.44	-9.992	-15.738	-55.7
22.45	-9.984	-15.264	-56.3
22.46	-9.974	-15.164	-58.7
22.47	-9.965	-15.305	-61.7
22.48	-9.956	-15.680	-61.5
22.49	-9.947	-16.244	-54.6
22.5	-9.939	-16.827	-57.2
22.51	-9.930	-17.328	-63.7
22.52	-9.921	-17.767	-58.9
22.53	-9.910	-18.098	-53.2
22.54	-9.899	-18.273	-59.5
22.55	-9.888	-18.345	-66.3
22.56	-9.876	-18.328	-57.5
22.57	-9.863	-18.233	-44.2
22.58	-9.852	-18.106	-35.6
22.59	-9.842	-17.948	-27.1
22.6	-9.832	-17.738	-10.5
22.61	-9.824	-17.484	-2.2
22.62	-9.816	-17.189	-13.5
22.63	-9.809	-16.869	-24.3
22.64	-9.801	-16.550	-40.1
22.65	-9.793	-16.231	-59.7
22.66	-9.783	-15.889	-61.5
22.67	-9.774	-15.508	-62.9
22.68	-9.764	-15.100	-68.1
22.69	-9.758	-14.706	-68.2
22.7	-9.753	-14.356	-65.6
22.71	-9.751	-14.056	-59.7
22.72	-9.746	-13.783	-73.8
22.73	-9.737	-13.517	-78.3
22.74	-9.724	-13.277	44.9
22.75	-9.712	-13.092	331.8
22.76	-9.703	-12.953	555.8
22.77	-9.696	-12.834	411.1
22.78	-9.689	-12.742	28.5
22.79	-9.685	-12.670	-207.2
22.8	-9.686	-12.586	-221.4
22.81	-9.686	-12.492	-145.1
22.82	-9.681	-12.434	-85.3
22.83	-9.672	-12.459	-61.3
22.84	-9.658	-12.555	-41.9
22.85	-9.642	-12.639	-36.3
22.86	-9.623	-12.684	-34.0
22.87	-9.601	-12.686	-21.5
22.88	-9.578	-12.617	-10.2
22.89	-9.554	-12.467	0.8
22.9	-9.529	-12.181	12.7
22.91	-9.507	-11.595	18.4
22.92	-9.486	-10.533	26.8
22.93	-9.465	-8.838	38.8
22.94	-9.445	-6.375	52.5
22.95	-9.426	-3.098	84.5
22.96	-9.406	1.580	124.3
22.97	-9.387	10.205	154.3
22.98	-9.368	24.367	183.2
22.99	-9.351	39.492	210.0
23.0	-9.335	48.531	224.1
23.01	-9.318	50.969	218.0
23.02	-9.303	50.780	188.2
23.03	-9.289	48.111	133.6
23.04	-9.277	41.375	68.0
23.05	-9.266	32.414	9.7
23.06	-9.254	23.698	-35.1
23.07	-9.241	15.786	-62.7
23.08	-9.229	8.684	-76.6
23.09	-9.219	2.364	-89.3
23.1	-9.209	-3.220	-100.3
23.11	-9.197	-8.214	-103.9
23.12	-9.186	-12.928	-102.8
23.13	-9.176	-17.728	-100.1
23.14	-9.166	-22.836	-102.0
23.15	-9.156	-28.138	-104.5
23.16	-9.146	-33.131	-95.0
23.17	-9.134	-37.184	-88.1
23.18	-9.123	-39.839	-95.7
23.19	-9.111	-40.933	-94.2
23.2	-9.099	-40.569	-81.8
23.21	-9.087	-39.106	-80.9
23.22	-9.076	-36.991	-81.7
23.23	-9.066	-34.509	-72.7
23.24	-9.056	-31.786	-65.8
23.25	-9.044	-28.895	-59.5
23.26	-9.033	-25.997	-61.5
23.27	-9.023	-23.322	-70.6
23.28	-9.013	-21.030	-68.2
23.29	-9.003	-19.225	-66.6
23.3	-8.994	-17.966	-65.1
23.31	-8.984	-17.227	-61.4
23.32	-8.974	-16.875	-66.6
23.33	-8.963	-16.814	-70.8
23.34	-8.954	-17.047	-65.8
23.35	-8.943	-17.508	-59.0
23.36	-8.933	-18.066	-56.8
23.37	-8.922	-18.698	-57.7
23.38	-8.912	-19.402	-56.2
23.39	-8.904	-20.048	-52.5
23.4	-8.894	-20.541	-54.2
23.41	-8.885	-20.859	-61.1
23.42	-8.876	-20.983	-65.7
23.43	-8.867	-20.920	-65.1
23.44	-8.859	-20.708	-59.3
23.45	-8.851	-20.408	-58.6
23.46	-8.843	-20.108	-56.0
23.47	-8.834	-19.819	-46.8
23.48	-8.825	-19.492	-40.6
23.49	-8.815	-19.119	-31.3
23.5	-8.804	-18.711	-15.8
23.51	-8.796	-18.289	-4.7
23.52	-8.789	-17.847	-6.5
23.53	-8.781	-17.377	-23.6
23.54	-8.774	-16.913	-47.5
23.55	-8.767	-16.484	-61.8
23.56	-8.759	-16.072	-75.3
23.57	-8.751	-15.672	-86.8
23.58	-8.742	-15.292	-86.2
23.59	-8.734	-14.909	-87.4
23.6	-8.727	-14.520	-83.1
23.61	-8.723	-14.172	-79.3
23.62	-8.721	-13.888	-93.6
23.63	-8.716	-13.639	-105.1
23.64	-8.708	-13.409	-30.2
23.65	-8.699	-13.213	239.2
23.66	-8.694	-13.072	556.8
23.67	-8.691	-12.991	541.2
23.68	-8.687	-12.944	158.4
23.69	-8.683	-12.911	-190.5
23.7	-8.681	-12.884	-274.2
23.71	-8.681	-12.883	-200.6
23.72	-8.681	-12.938	-114.4
23.73	-8.679	-13.034	-69.6
23.74	-8.673	-13.131	-63.0
23.75	-8.666	-13.203	-63.7
23.76	-8.658	-13.241	-53.6
23.77	-8.648	-13.225	-43.0
23.78	-8.636	-13.120	-32.8
23.79	-8.623	-12.872	-30.4
23.8	-8.609	-12.372	-32.9
23.81	-8.596	-11.456	-14.7
23.82	-8.584	-9.956	7.5
23.83	-8.573	-7.764	15.8
23.84	-8.563	-4.803	34.2
23.85	-8.553	-0.511	57.4
23.86	-8.542	7.547	85.0
23.87	-8.532	21.673	123.3
23.88	-8.523	37.919	159.0
23.89	-8.514	48.138	190.9
23.9	-8.506	50.953	209.5
23.91	-8.498	51.113	207.3
23.92	-8.491	50.580	189.6
23.93	-8.486	47.647	151.0
23.94	-8.483	41.655	82.7
23.95	-8.481	34.506	15.1
23.96	-8.479	27.186	-27.0
23.97	-8.478	19.425	-62.5
23.98	-8.478	11.572	-91.0
23.99	-8.481	4.303	-98.3
24.0	-8.483	-2.045	-101.1
24.01	-8.482	-7.634	-111.0
24.02	-8.479	-12.906	-113.1
24.03	-8.478	-18.281	-110.1
24.04	-8.477	-23.936	-106.8
24.05	-8.476	-29.709	-97.6
24.06	-8.476	-35.078	-91.1
24.07	-8.476	-39.373	-93.2
24.08	-8.475	-42.091	-94.5
24.09	-8.475	-43.081	-93.2
24.1	-8.475	-42.536	-87.2
24.11	-8.476	-40.775	-81.6
24.12	-8.476	-38.134	-81.1
24.13	-8.476	-35.025	-78.8
24.14	-8.477	-31.828	-73.5
24.15	-8.478	-28.734	-71.0
24.16	-8.479	-25.822	-70.3
24.17	-8.481	-23.202	-67.6
24.18	-8.481	-21.006	-66.4
24.19	-8.481	-19.339	-72.0
24.2	-8.482	-18.200	-76.4
24.21	-8.483	-17.509	-75.3
24.22	-8.484	-17.192	-76.6
24.23	-8.486	-17.205	-78.3
24.24	-8.486	-17.508	-70.7
24.25	-8.488	-18.064	-61.9
24.26	-8.489	-18.805	-61.9
24.27	-8.491	-19.673	-65.9
24.28	-8.492	-20.603	-65.9
24.29	-8.493	-21.472	-65.8
24.3	-8.494	-22.178	-70.8
24.31	-8.496	-22.678	-65.7
24.32	-8.497	-22.948	-60.8
24.33	-8.498	-22.991	-59.5
24.34	-8.499	-22.831	-61.6
24.35	-8.501	-22.509	-66.6
24.36	-8.502	-22.089	-59.5
24.37	-8.504	-21.630	-54.1
24.38	-8.506	-21.136	-53.4
24.39	-8.509	-20.609	-59.3
24.4	-8.510	-20.058	-59.7
24.41	-8.512	-19.469	-47.9
24.42	-8.514	-18.838	-36.5
24.43	-8.516	-18.188	-29.4
24.44	-8.518	-17.570	-29.1
24.45	-8.520	-17.059	-10.7
24.46	-8.524	-16.630	10.3
24.47	-8.528	-16.217	8.5
24.48	-8.533	-15.838	-0.4
24.49	-8.537	-15.497	-24.5
24.5	-8.541	-15.158	-49.1
24.51	-8.543	-14.800	-57.3
24.52	-8.544	-14.434	-61.3
24.53	-8.544	-14.095	-70.6
24.54	-8.543	-13.828	-74.6
24.55	-8.544	-13.631	-65.0
24.56	-8.547	-13.491	-66.5
24.57	-8.551	-13.403	-79.5
24.58	-8.552	-13.330	-92.6
24.59	-8.550	-13.223	-39.4
24.6	-8.549	-13.108	202.6
24.61	-8.551	-13.023	554.0
24.62	-8.557	-13.005	642.6
24.63	-8.561	-13.048	294.7
24.64	-8.564	-13.117	-115.0
24.65	-8.568	-13.202	-260.6
24.66	-8.577	-13.297	-211.6
24.67	-8.589	-13.383	-114.3
24.68	-8.600	-13.436	-59.2
24.69	-8.604	-13.464	-54.8
24.7	-8.604	-13.477	-51.9
24.71	-8.601	-13.452	-44.1
24.72	-8.599	-13.370	-37.2
24.73	-8.598	-13.236	-23.9
24.74	-8.597	-13.003	-14.1
24.75	-8.597	-12.539	-11.7
24.76	-8.596	-11.675	-4.4
24.77	-8.596	-10.275	12.3
24.78	-8.594	-8.202	34.7
24.79	-8.594	-5.314	54.9
24.8	-8.593	-1.077	70.8
24.81	-8.594	6.952	94.7
24.82	-8.596	21.345	132.2
24.83	-8.600	38.013	170.8
24.84	-8.607	48.295	203.8
24.85	-8.619	50.988	227.9
24.86	-8.636	51.127	228.8
24.87	-8.658	50.845	213.0
24.88	-8.683	48.741	178.3
24.89	-8.710	43.600	118.7
24.9	-8.739	36.567	54.2
24.91	-8.767	28.778	-3.1
24.92	-8.795	20.381	-46.9
24.93	-8.823	11.953	-77.2
24.94	-8.853	4.202	-96.8
24.95	-8.883	-2.542	-104.4
24.96	-8.911	-8.389	-103.6
24.97	-8.936	-13.744	-100.5
24.98	-8.961	-19.058	-99.0
24.99	-8.987	-24.563	-95.3
25.0	-9.012	-30.145	-91.8
25.01	-9.036	-35.373	-97.6
25.02	-9.060	-39.627	-93.8
25.03	-9.084	-42.445	-85.9
25.04	-9.107	-43.680	-92.5
25.05	-9.129	-43.384	-97.6
25.06	-9.151	-41.800	-92.7
25.07	-9.173	-39.298	-89.0
25.08	-9.196	-36.247	-87.3
25.09	-9.218	-32.961	-86.0
25.1	-9.239	-29.661	-90.3
25.11	-9.259	-26.502	-87.6
25.12	-9.279	-23.669	-84.9
25.13	-9.299	-21.338	-88.3
25.14	-9.319	-19.559	-90.4
25.15	-9.339	-18.302	-94.4
25.16	-9.360	-17.533	-88.6
25.17	-9.381	-17.209	-83.2
25.18	-9.402	-17.227	-91.9
25.19	-9.423	-17.480	-93.0
25.2	-9.445	-17.931	-81.7
25.21	-9.467	-18.558	-76.4
25.22	-9.489	-19.306	-74.3
25.23	-9.509	-20.133	-66.3
25.24	-9.530	-20.944	-66.5
25.25	-9.553	-21.633	-75.3
25.26	-9.578	-22.166	-79.9
25.27	-9.601	-22.547	-77.9
25.28	-9.623	-22.761	-66.8
25.29	-9.644	-22.788	-58.0
25.3	-9.665	-22.631	-59.4
25.31	-9.684	-22.322	-58.7
25.32	-9.704	-21.909	-58.5
25.33	-9.724	-21.439	-65.1
25.34	-9.744	-20.934	-62.8
25.35	-9.764	-20.394	-58.9
25.36	-9.784	-19.819	-56.9
25.37	-9.803	-19.238	-54.6
25.38	-9.821	-18.661	-53.7
25.39	-9.841	-18.077	-41.3
25.4	-9.861	-17.502	-25.7
25.41	-9.881	-16.975	-17.2
25.42	-9.902	-16.556	-10.2
25.43	-9.924	-16.205	-2.3
25.44	-9.945	-15.852	7.5
25.45	-9.966	-15.516	9.1
25.46	-9.987	-15.114	-2.6
25.47	-10.008	-14.506	-21.0
25.48	-10.028	-13.745	-33.0
25.49	-10.047	-12.942	-40.3
25.5	-10.064	-11.997	-51.8
25.51	-10.080	-10.695	-58.8
25.52	-10.095	-8.931	-60.2
25.53	-10.110	-7.267	-64.4
25.54	-10.128	-7.109	-65.3
25.55	-10.148	-8.594	-63.6
25.56	-10.169	-10.200	-80.8
25.57	-10.186	-11.822	-43.6
25.58	-10.202	-12.677	182.8
25.59	-10.216	-12.191	506.2
25.6	-10.232	-12.072	563.8
25.61	-10.251	-12.398	222.7
25.62	-10.269	-12.711	-158.7
25.63	-10.289	-13.625	-289.5
25.64	-10.309	-14.794	-242.3
25.65	-10.329	-15.547	-163.5
25.66	-10.344	-16.295	-114.8
25.67	-10.356	-16.952	-106.6
25.68	-10.364	-17.095	-113.2
25.69	-10.371	-17.497	-107.8
25.7	-10.376	-17.822	-95.7
25.71	-10.380	-17.333	-84.4
25.72	-10.383	-16.850	-79.9
25.73	-10.387	-16.438	-72.2
25.74	-10.393	-15.564	-56.5
25.75	-10.400	-14.208	-44.3
25.76	-10.409	-12.447	-29.3
25.77	-10.419	-10.150	-9.5
25.78	-10.429	-7.111	20.9
25.79	-10.440	-2.389	59.0
25.8	-10.454	6.922	92.8
25.81	-10.466	22.130	127.9
25.82	-10.479	38.216	164.8
25.83	-10.494	48.033	191.0
25.84	-10.508	50.861	197.9
25.85	-10.520	50.348	188.8
25.86	-10.534	47.570	164.6
25.87	-10.549	42.917	114.9
25.88	-10.566	37.309	52.3
25.89	-10.583	30.327	6.9
25.9	-10.600	21.902	-30.0
25.91	-10.617	13.209	-64.3
25.92	-10.636	5.398	-79.6
25.93	-10.654	-1.163	-77.6
25.94	-10.669	-6.734	-71.7
25.95	-10.681	-11.825	-75.8
25.96	-10.693	-16.859	-77.0
25.97	-10.706	-22.031	-68.2
25.98	-10.717	-27.303	-59.5
25.99	-10.724	-32.316	-58.1
26.0	-10.730	-36.436	-59.5
26.01	-10.736	-39.078	-54.3
26.02	-10.743	-39.970	-55.3
26.03	-10.751	-39.209	-52.4
26.04	-10.758	-37.131	-38.1
26.05	-10.766	-34.188	-36.7
26.06	-10.775	-30.861	-37.0
26.07	-10.784	-27.539	-31.0
26.08	-10.793	-24.445	-24.5
26.09	-10.800	-21.713	-27.7
26.1	-10.807	-19.441	-39.3
26.11	-10.813	-17.695	-32.5
26.12	-10.817	-16.467	-24.6
26.13	-10.818	-15.688	-28.3
26.14	-10.819	-15.273	-31.3
26.15	-10.821	-15.169	-30.7
26.16	-10.824	-15.352	-25.1
26.17	-10.825	-15.789	-27.5
26.18	-10.826	-16.413	-32.8
26.19	-10.827	-17.164	-29.1
26.2	-10.826	-17.977	-27.4
26.21	-10.826	-18.789	-34.0
26.22	-10.824	-19.556	-35.7
26.23	-10.822	-20.248	-26.7
26.24	-10.818	-20.852	-25.4
26.25	-10.813	-21.344	-28.8
26.26	-10.807	-21.719	-29.0
26.27	-10.798	-21.986	-27.4
26.28	-10.784	-22.122	-22.0
26.29	-10.766	-22.103	-24.0
26.3	-10.744	-21.936	-30.2
26.31	-10.717	-21.633	-24.1
26.32	-10.689	-21.214	-4.3
26.33	-10.658	-20.708	11.3
26.34	-10.626	-20.153	18.8
26.35	-10.592	-19.603	16.5
26.36	-10.558	-19.066	3.0
26.37	-10.523	-18.481	-17.7
26.38	-10.486	-17.822	-37.2
26.39	-10.448	-17.147	-40.0
26.4	-10.409	-16.508	-39.8
26.41	-10.372	-15.925	-42.8
26.42	-10.338	-15.402	-44.8
26.43	-10.309	-14.934	-42.9
26.44	-10.284	-14.530	-35.2
26.45	-10.258	-14.170	-44.3
26.46	-10.230	-13.836	-21.1
26.47	-10.198	-13.523	145.0
26.48	-10.166	-13.263	436.7
26.49	-10.139	-13.105	582.4
26.5	-10.118	-13.048	354.0
26.51	-10.096	-13.063	-22.4
26.52	-10.078	-13.098	-204.2
26.53	-10.061	-13.128	-184.4
26.54	-10.044	-13.161	-105.4
26.55	-10.024	-13.219	-44.2
26.56	-10.000	-13.292	-19.2
26.57	-9.974	-13.342	-15.3
26.58	-9.946	-13.358	-11.7
26.59	-9.916	-13.345	-7.4
26.6	-9.886	-13.280	-3.9
26.61	-9.854	-13.155	7.4
26.62	-9.824	-12.969	13.2
26.63	-9.796	-12.639	11.6
26.64	-9.768	-12.038	20.9
26.65	-9.741	-11.016	31.6
26.66	-9.716	-9.394	43.6
26.67	-9.693	-7.056	64.6
26.68	-9.671	-3.695	96.7
26.69	-9.650	2.309	130.3
26.7	-9.628	13.127	157.6
26.71	-9.607	27.603	188.0
26.72	-9.588	40.834	203.5
26.73	-9.569	48.514	207.3
26.74	-9.551	50.375	205.7
26.75	-9.534	48.133	170.7
26.76	-9.518	43.173	117.3
26.77	-9.503	37.172	56.7
26.78	-9.490	30.869	-6.4
26.79	-9.477	23.839	-46.3
26.8	-9.464	16.095	-70.8
26.81	-9.454	8.334	-89.5
26.82	-9.444	1.275	-100.4
26.83	-9.433	-4.822	-102.2
26.84	-9.420	-10.142	-92.4
26.85	-9.407	-15.095	-91.8
26.86	-9.396	-20.063	-101.0
26.87	-9.388	-25.197	-98.2
26.88	-9.377	-30.320	-93.7
26.89	-9.365	-34.930	-93.3
26.9	-9.352	-38.384	-87.8
26.91	-9.341	-40.255	-80.0
26.92	-9.329	-40.475	-70.2
26.93	-9.319	-39.236	-71.5
26.94	-9.309	-36.894	-76.4
26.95	-9.299	-33.875	-66.3
26.96	-9.290	-30.539	-61.2
26.97	-9.281	-27.178	-58.3
26.98	-9.271	-24.047	-55.3
26.99	-9.261	-21.328	-53.7
27.0	-9.251	-19.125	-48.7
27.01	-9.242	-17.453	-51.7
27.02	-9.235	-16.244	-53.7
27.03	-9.228	-15.423	-56.4
27.04	-9.220	-14.975	-61.1
27.05	-9.213	-14.906	-57.8
27.06	-9.206	-15.167	-50.9
27.07	-9.200	-15.669	-48.8
27.08	-9.194	-16.338	-53.3
27.09	-9.189	-17.106	-52.1
27.1	-9.183	-17.897	-42.6
27.11	-9.176	-18.661	-41.8
27.12	-9.169	-19.367	-48.3
27.13	-9.161	-19.992	-47.9
27.14	-9.154	-20.538	-42.1
27.15	-9.146	-20.988	-45.7
27.16	-9.138	-21.292	-55.4
27.17	-9.131	-21.434	-54.7
27.18	-9.124	-21.442	-51.8
27.19	-9.117	-21.317	-46.2
27.2	-9.111	-21.058	-38.4
27.21	-9.106	-20.666	-34.1
27.22	-9.099	-20.169	-30.2
27.23	-9.093	-19.617	-25.4
27.24	-9.088	-19.041	-5.3
27.25	-9.084	-18.464	11.8
27.26	-9.079	-17.942	8.5
27.27	-9.075	-17.495	-8.6
27.28	-9.070	-17.078	-33.5
27.29	-9.065	-16.655	-47.6
27.3	-9.058	-16.208	-46.0
27.31	-9.049	-15.736	-52.9
27.32	-9.040	-15.266	-64.0
27.33	-9.031	-14.841	-61.8
27.34	-9.024	-14.480	-61.1
27.35	-9.019	-14.173	-58.3
27.36	-9.014	-13.925	-62.1
27.37	-9.008	-13.727	-69.1
27.38	-8.999	-13.573	30.6
27.39	-8.991	-13.448	316.6
27.4	-8.986	-13.338	596.4
27.41	-8.982	-13.248	511.0
27.42	-8.979	-13.184	103.6
27.43	-8.975	-13.133	-190.9
27.44	-8.974	-13.094	-223.5
27.45	-8.977	-13.066	-148.0
27.46	-8.978	-13.052	-81.4
27.47	-8.973	-13.056	-49.4
27.48	-8.964	-13.077	-35.6
27.49	-8.954	-13.095	-36.7
27.5	-8.944	-13.106	-33.0
27.51	-8.933	-13.098	-15.1
27.52	-8.919	-13.023	-5.7
27.53	-8.903	-12.831	-4.5
27.54	-8.888	-12.456	6.0
27.55	-8.876	-11.748	20.6
27.56	-8.864	-10.505	30.9
27.57	-8.853	-8.594	42.3
27.58	-8.842	-5.953	66.4
27.59	-8.832	-1.955	96.3
27.6	-8.821	5.711	127.3
27.61	-8.812	18.762	160.0
27.62	-8.803	34.131	182.1
27.63	-8.795	45.589	203.8
27.64	-8.787	50.306	223.1
27.65	-8.781	50.558	218.8
27.66	-8.774	48.097	194.4
27.67	-8.769	43.348	154.4
27.68	-8.766	37.714	96.3
27.69	-8.764	31.634	28.6
27.7	-8.761	24.653	-29.9
27.71	-8.759	16.983	-63.0
27.72	-8.759	9.412	-78.9
27.73	-8.761	2.573	-88.0
27.74	-8.761	-3.364	-93.9
27.75	-8.759	-8.563	-103.7
27.76	-8.756	-13.377	-106.0
27.77	-8.755	-18.197	-94.8
27.78	-8.755	-23.241	-87.3
27.79	-8.755	-28.428	-92.7
27.8	-8.753	-33.350	-99.5
27.81	-8.751	-37.337	-92.4
27.82	-8.749	-39.803	-84.2
27.83	-8.747	-40.538	-88.2
27.84	-8.744	-39.694	-87.7
27.85	-8.742	-37.642	-78.9
27.86	-8.741	-34.811	-71.8
27.87	-8.741	-31.606	-70.3
27.88	-8.739	-28.330	-67.3
27.89	-8.738	-25.141	-63.2
27.9	-8.738	-22.244	-63.6
27.91	-8.738	-19.811	-66.8
27.92	-8.738	-17.858	-63.8
27.93	-8.737	-16.447	-55.6
27.94	-8.736	-15.622	-58.4
27.95	-8.736	-15.256	-57.8
27.96	-8.736	-15.189	-50.6
27.97	-8.736	-15.345	-56.2
27.98	-8.736	-15.675	-58.4
27.99	-8.736	-16.155	-51.1
28.0	-8.735	-16.772	-50.8
28.01	-8.735	-17.472	-55.6
28.02	-8.734	-18.178	-51.2
28.03	-8.734	-18.855	-38.9
28.04	-8.732	-19.514	-35.3
28.05	-8.731	-20.122	-40.3
28.06	-8.730	-20.619	-44.1
28.07	-8.729	-20.994	-45.8
28.08	-8.729	-21.297	-46.2
28.09	-8.729	-21.556	-50.0
28.1	-8.728	-21.741	-47.5
28.11	-8.728	-21.831	-38.5
28.12	-8.726	-21.802	-34.7
28.13	-8.724	-21.625	-32.2
28.14	-8.723	-21.305	-29.0
28.15	-8.722	-20.853	-22.5
28.16	-8.721	-20.306	-14.7
28.17	-8.721	-19.706	-4.0
28.18	-8.721	-19.108	15.2
28.19	-8.723	-18.544	19.2
28.2	-8.724	-17.977	0.7
28.21	-8.726	-17.384	-24.6
28.22	-8.728	-16.761	-44.5
28.23	-8.728	-16.127	-47.9
28.24	-8.728	-15.553	-56.1
28.25	-8.726	-15.063	-71.3
28.26	-8.723	-14.619	-70.8
28.27	-8.720	-14.236	-68.6
28.28	-8.720	-13.933	-69.3
28.29	-8.722	-13.677	-71.4
28.3	-8.722	-13.464	-83.3
28.31	-8.719	-13.308	-32.4
28.32	-8.716	-13.191	202.6
28.33	-8.716	-13.111	543.5
28.34	-8.718	-13.094	634.4
28.35	-8.721	-13.127	299.4
28.36	-8.723	-13.178	-105.8
28.37	-8.726	-13.241	-249.9
28.38	-8.733	-13.317	-197.7
28.39	-8.742	-13.397	-104.0
28.4	-8.747	-13.467	-52.5
28.41	-8.747	-13.508	-40.2
28.42	-8.744	-13.475	-30.7
28.43	-8.739	-13.380	-22.3
28.44	-8.734	-13.270	-20.7
28.45	-8.728	-13.114	-13.5
28.46	-8.720	-12.850	3.4
28.47	-8.713	-12.453	11.3
28.48	-8.707	-11.783	15.2
28.49	-8.701	-10.623	28.3
28.5	-8.694	-8.811	38.7
28.51	-8.689	-6.223	59.3
28.52	-8.683	-2.233	84.4
28.53	-8.676	5.413	103.3
28.54	-8.668	18.463	133.2
28.55	-8.661	33.986	164.9
28.56	-8.654	45.623	195.2
28.57	-8.648	50.367	220.0
28.58	-8.643	50.975	228.3
28.59	-8.638	49.741	216.4
28.6	-8.636	46.334	177.8
28.61	-8.636	41.291	114.6
28.62	-8.638	35.264	45.8
28.63	-8.641	28.191	-7.8
28.64	-8.643	20.434	-48.2
28.65	-8.646	12.653	-79.1
28.66	-8.651	5.408	-86.6
28.67	-8.655	-0.970	-88.5
28.68	-8.657	-6.519	-94.3
28.69	-8.656	-11.594	-95.8
28.7	-8.656	-16.639	-102.7
28.71	-8.657	-21.914	-107.7
28.72	-8.659	-27.384	-102.2
28.73	-8.659	-32.666	-94.5
28.74	-8.661	-37.080	-89.9
28.75	-8.662	-40.016	-81.5
28.76	-8.663	-41.202	-75.4
28.77	-8.664	-40.725	-80.1
28.78	-8.665	-38.947	-84.4
28.79	-8.666	-36.306	-79.7
28.8	-8.668	-33.158	-75.4
28.81	-8.671	-29.823	-76.2
28.82	-8.673	-26.528	-75.5
28.83	-8.676	-23.409	-74.1
28.84	-8.678	-20.666	-67.5
28.85	-8.680	-18.469	-62.0
28.86	-8.683	-16.842	-66.8
28.87	-8.685	-15.761	-78.2
28.88	-8.687	-15.195	-81.3
28.89	-8.689	-15.036	-72.5
28.9	-8.691	-15.178	-63.3
28.91	-8.694	-15.547	-60.2
28.92	-8.699	-16.056	-65.6
28.93	-8.703	-16.691	-68.6
28.94	-8.709	-17.466	-65.7
28.95	-8.715	-18.300	-69.2
28.96	-8.721	-19.080	-71.2
28.97	-8.727	-19.772	-69.9
28.98	-8.732	-20.367	-69.9
28.99	-8.739	-20.839	-62.9
29.0	-8.747	-21.202	-55.5
29.01	-8.756	-21.498	-57.9
29.02	-8.765	-21.759	-68.1
29.03	-8.777	-21.997	-71.3
29.04	-8.791	-22.194	-67.3
29.05	-8.806	-22.300	-63.5
29.06	-8.822	-22.258	-60.5
29.07	-8.839	-22.047	-62.4
29.08	-8.857	-21.706	-57.3
29.09	-8.876	-21.248	-51.2
29.1	-8.895	-20.675	-49.0
29.11	-8.914	-20.031	-37.8
29.12	-8.934	-19.372	-29.4
29.13	-8.953	-18.748	-22.1
29.14	-8.973	-18.164	2.2
29.15	-8.994	-17.592	24.2
29.16	-9.015	-17.028	17.8
29.17	-9.037	-16.481	-11.3
29.18	-9.059	-15.938	-38.6
29.19	-9.081	-15.408	-55.2
29.2	-9.102	-14.919	-59.1
29.21	-9.121	-14.480	-59.1
29.22	-9.141	-14.086	-68.4
29.23	-9.160	-13.745	-70.1
29.24	-9.180	-13.483	-66.4
29.25	-9.202	-13.309	-66.4
29.26	-9.225	-13.200	-79.3
29.27	-9.248	-13.119	-87.4
29.28	-9.268	-13.055	14.0
29.29	-9.287	-13.022	313.9
29.3	-9.308	-13.016	632.3
29.31	-9.331	-13.028	566.6
29.32	-9.354	-13.061	138.3
29.33	-9.376	-13.103	-195.5
29.34	-9.399	-13.144	-256.4
29.35	-9.424	-13.180	-172.8
29.36	-9.449	-13.195	-90.0
29.37	-9.473	-13.192	-62.5
29.38	-9.494	-13.214	-50.6
29.39	-9.511	-13.252	-38.5
29.4	-9.525	-13.245	-30.9
29.41	-9.537	-13.170	-26.4
29.42	-9.547	-13.053	-21.2
29.43	-9.556	-12.852	-7.2
29.44	-9.565	-12.445	9.5
29.45	-9.573	-11.703	13.8
29.46	-9.582	-10.442	17.9
29.47	-9.592	-8.509	41.2
29.48	-9.604	-5.848	64.9
29.49	-9.616	-1.855	81.7
29.5	-9.631	5.797	110.3
29.51	-9.648	18.916	150.8
29.52	-9.666	34.395	185.2
29.53	-9.684	45.817	209.4
29.54	-9.704	50.391	231.2
29.55	-9.723	50.628	236.6
29.56	-9.742	48.319	206.9
29.57	-9.762	43.730	156.1
29.58	-9.781	38.141	99.5
29.59	-9.801	31.931	35.1
29.6	-9.819	24.691	-22.3
29.61	-9.836	16.823	-55.8
29.62	-9.853	9.216	-80.9
29.63	-9.869	2.467	-106.2
29.64	-9.884	-3.313	-110.5
29.65	-9.897	-8.364	-98.7
29.66	-9.908	-13.109	-97.3
29.67	-9.918	-17.941	-102.6
29.68	-9.925	-23.048	-101.9
29.69	-9.929	-28.283	-100.5
29.7	-9.933	-33.130	-99.8
29.71	-9.938	-36.897	-96.7
29.72	-9.945	-39.063	-93.4
29.73	-9.954	-39.520	-103.0
29.74	-9.963	-38.497	-110.5
29.75	-9.975	-36.380	-100.8
29.76	-9.986	-33.550	-91.3
29.77	-9.996	-30.323	-81.8
29.78	-10.008	-26.988	-77.0
29.79	-10.020	-23.769	-85.0
29.8	-10.034	-20.797	-83.2
29.81	-10.047	-18.195	-80.7
29.82	-10.059	-16.078	-93.2
29.83	-10.068	-14.519	-95.5
29.84	-10.075	-13.508	-84.8
29.85	-10.081	-12.961	-81.6
29.86	-10.087	-12.731	-82.6
29.87	-10.092	-12.697	-84.2
29.88	-10.096	-12.831	-85.9
29.89	-10.099	-13.128	-83.6
29.9	-10.099	-13.553	-83.1
29.91	-10.098	-14.072	-85.8
29.92	-10.094	-14.691	-87.9
29.93	-10.088	-15.442	-83.8
29.94	-10.078	-16.319	-77.8
29.95	-10.063	-17.222	-75.6
29.96	-10.043	-18.002	-72.2
29.97	-10.019	-18.605	-70.9
29.98	-9.991	-19.072	-70.3
29.99	-9.960	-19.416	-77.6
30.0	-9.928	-19.645	-79.3
30.01	-9.900	-19.831	-58.5
30.02	-9.881	-20.016	-34.0
30.03	-9.872	-20.202	-20.0
30.04	-9.877	-20.413	-8.8
30.05	-9.893	-20.647	-0.2
30.06	-9.911	-20.852	-3.1
30.07	-9.922	-20.975	-16.5
30.08	-9.921	-20.984	-35.2
30.09	-9.913	-20.822	-56.1
30.1	-9.898	-20.442	-71.0
30.11	-9.876	-19.878	-71.8
30.12	-9.848	-19.178	-72.6
30.13	-9.816	-18.348	-73.8
30.14	-9.785	-17.480	-72.7
30.15	-9.758	-16.688	-77.9
30.16	-9.736	-15.973	-85.5
30.17	-9.713	-15.320	-98.4
30.18	-9.684	-14.759	-45.1
30.19	-9.652	-14.305	196.3
30.2	-9.619	-13.981	541.0
30.21	-9.587	-13.831	606.3
30.22	-9.554	-13.817	234.0
30.23	-9.521	-13.880	-166.9
30.24	-9.490	-14.030	-279.9
30.25	-9.462	-14.263	-215.9
30.26	-9.438	-14.520	-133.3
30.27	-9.414	-14.769	-79.9
30.28	-9.390	-15.008	-57.8
30.29	-9.364	-15.203	-45.8
30.3	-9.336	-15.309	-38.7
30.31	-9.307	-15.320	-39.3
30.32	-9.276	-15.250	-24.5
30.33	-9.245	-15.092	-7.6
30.34	-9.214	-14.788	1.3
30.35	-9.183	-14.213	10.9
30.36	-9.154	-13.227	19.7
30.37	-9.127	-11.694	35.0
30.38	-9.101	-9.478	59.9
30.39	-9.077	-6.269	93.8
30.4	-9.053	-0.872	122.8
30.41	-9.029	8.450	145.2
30.42	-9.007	21.403	184.9
30.43	-8.986	34.613	224.9
30.44	-8.966	44.175	238.2
30.45	-8.947	48.405	243.5
30.46	-8.929	48.014	231.8
30.47	-8.911	44.947	179.0
30.48	-8.896	40.923	111.2
30.49	-8.881	36.089	44.6
30.5	-8.867	29.606	-13.1
30.51	-8.854	21.450	-55.2
30.52	-8.844	12.756	-93.2
30.53	-8.834	4.764	-120.3
30.54	-8.826	-2.022	-124.3
30.55	-8.816	-7.784	-116.0
30.56	-8.806	-13.011	-117.8
30.57	-8.796	-18.200	-126.8
30.58	-8.787	-23.567	-123.0
30.59	-8.777	-28.972	-119.6
30.6	-8.768	-33.936	-118.8
30.61	-8.759	-37.781	-112.1
30.62	-8.751	-39.995	-106.5
30.63	-8.743	-40.447	-99.1
30.64	-8.736	-39.319	-96.1
30.65	-8.729	-36.983	-100.3
30.66	-8.723	-33.884	-98.0
30.67	-8.719	-30.395	-94.4
30.68	-8.715	-26.844	-93.0
30.69	-8.711	-23.552	-88.6
30.7	-8.707	-20.748	-86.4
30.71	-8.705	-18.508	-80.6
30.72	-8.703	-16.803	-79.5
30.73	-8.701	-15.583	-83.1
30.74	-8.699	-14.811	-86.8
30.75	-8.698	-14.433	-89.2
30.76	-8.697	-14.378	-79.9
30.77	-8.697	-14.586	-82.2
30.78	-8.697	-15.003	-91.0
30.79	-8.697	-15.591	-87.6
30.8	-8.696	-16.280	-83.4
30.81	-8.696	-16.981	-79.3
30.82	-8.696	-17.627	-80.3
30.83	-8.696	-18.203	-77.9
30.84	-8.698	-18.711	-73.5
30.85	-8.699	-19.158	-80.4
30.86	-8.701	-19.577	-85.1
30.87	-8.701	-19.972	-89.2
30.88	-8.702	-20.305	-82.5
30.89	-8.701	-20.564	-67.1
30.9	-8.701	-20.758	-66.4
30.91	-8.701	-20.900	-57.2
30.92	-8.701	-20.984	-40.3
30.93	-8.702	-20.975	-35.2
30.94	-8.703	-20.850	-28.3
30.95	-8.704	-20.625	-16.4
30.96	-8.704	-20.308	-8.4
30.97	-8.706	-19.894	-15.5
30.98	-8.708	-19.392	-31.7
30.99	-8.711	-18.836	-44.7
31.0	-8.713	-18.253	-69.6
31.01	-8.714	-17.672	-93.4
31.02	-8.714	-17.114	-97.3
31.03	-8.714	-16.563	-90.9
31.04	-8.714	-16.030	-80.0
31.05	-8.716	-15.561	-81.4
31.06	-8.719	-15.136	-89.8
31.07	-8.722	-14.734	-100.7
31.08	-8.721	-14.375	-74.3
31.09	-8.720	-14.100	122.4
31.1	-8.721	-13.945	488.7
31.11	-8.724	-13.933	668.4
31.12	-8.729	-14.056	378.6
31.13	-8.732	-14.244	-76.1
31.14	-8.733	-14.403	-282.4
31.15	-8.739	-14.519	-246.3
31.16	-8.749	-14.641	-143.6
31.17	-8.759	-14.789	-76.9
31.18	-8.767	-15.016	-62.0
31.19	-8.770	-15.320	-65.5
31.2	-8.768	-15.428	-61.2
31.21	-8.764	-15.200	-44.3
31.22	-8.759	-14.983	-27.8
31.23	-8.756	-15.161	-21.9
31.24	-8.752	-15.313	-15.0
31.25	-8.749	-13.867	-0.9
31.26	-8.745	-10.005	15.4
31.27	-8.741	-4.998	29.6
31.28	-8.737	-0.784	47.8
31.29	-8.733	1.908	71.6
31.3	-8.731	4.795	87.9
31.31	-8.728	11.738	117.8
31.32	-8.726	23.898	164.5
31.33	-8.725	37.267	200.9
31.34	-8.724	46.716	228.3
31.35	-8.724	50.344	236.7
31.36	-8.724	49.573	227.4
31.37	-8.727	45.783	190.5
31.38	-8.731	40.388	120.6
31.39	-8.736	34.705	55.7
31.4	-8.742	28.600	3.3
31.41	-8.749	21.844	-37.2
31.42	-8.761	14.741	-72.3
31.43	-8.777	7.739	-102.8
31.44	-8.793	1.230	-102.6
31.45	-8.806	-4.591	-97.3
31.46	-8.816	-9.836	-103.4
31.47	-8.826	-14.859	-104.0
31.48	-8.838	-19.994	-99.5
31.49	-8.852	-25.295	-94.7
31.5	-8.865	-30.394	-93.0
31.51	-8.877	-34.606	-88.8
31.52	-8.891	-37.348	-90.2
31.53	-8.906	-38.430	-89.1
31.54	-8.921	-37.988	-83.6
31.55	-8.938	-36.336	-90.1
31.56	-8.954	-33.850	-87.5
31.57	-8.971	-30.873	-73.9
31.58	-8.988	-27.703	-69.8
31.59	-9.006	-24.598	-68.5
31.6	-9.024	-21.730	-67.3
31.61	-9.041	-19.234	-63.9
31.62	-9.058	-17.256	-64.9
31.63	-9.073	-15.886	-71.4
31.64	-9.089	-15.048	-66.0
31.65	-9.106	-14.597	-69.8
31.66	-9.123	-14.473	-78.4
31.67	-9.141	-14.663	-72.1
31.68	-9.159	-15.120	-59.8
31.69	-9.178	-15.772	-58.3
31.7	-9.198	-16.534	-69.8
31.71	-9.218	-17.345	-68.9
31.72	-9.238	-18.109	-57.2
31.73	-9.259	-18.762	-59.7
31.74	-9.279	-19.292	-67.7
31.75	-9.299	-19.742	-63.4
31.76	-9.319	-20.200	-58.7
31.77	-9.340	-20.636	-59.6
31.78	-9.359	-20.950	-59.3
31.79	-9.378	-21.166	-55.9
