Interval=	0.01 s
ExcelDateTime=	3.9778413029209201e+004	26/11/2008 9:54:45.723675
TimeFormat=	StartOfBlock
ChannelTitle=	Channel 1	Channel 2	Channel 3
Range=	20.000 mV	50.000 mV	1000.0 µV
0.0	-9.696	-14.888	-6.9
0.01	-9.684	-14.780	-26.1
0.02	-9.670	-14.747	-40.1
0.03	-9.653	-14.725	-40.1
0.04	-9.633	-14.680	-34.5
0.05	-9.612	-14.581	-26.7
0.06	-9.589	-14.402	-18.2
0.07	-9.568	-14.131	3.3
0.08	-9.546	-13.684	25.1
0.09	-9.525	-12.802	33.0
0.1	-9.504	-11.102	53.3
0.11	-9.485	-8.284	83.9
0.12	-9.466	-4.272	108.7
0.13	-9.449	0.816	145.5
0.14	-9.432	7.783	188.7
0.15	-9.415	18.831	217.9
0.16	-9.398	33.414	233.8
0.17	-9.382	45.388	240.5
0.18	-9.367	50.383	228.9
0.19	-9.353	51.080	189.5
0.2	-9.341	50.159	124.4
0.21	-9.330	46.066	42.2
0.22	-9.320	37.917	-26.6
0.23	-9.311	27.536	-72.8
0.24	-9.306	16.852	-104.6
0.25	-9.303	6.989	-116.5
0.26	-9.300	-1.447	-127.5
0.27	-9.293	-8.450	-134.6
0.28	-9.284	-14.417	-131.2
0.29	-9.273	-19.888	-134.8
0.3	-9.263	-25.300	-137.4
0.31	-9.253	-30.650	-135.4
0.32	-9.244	-35.447	-127.2
0.33	-9.236	-39.008	-119.5
0.34	-9.226	-40.909	-122.2
0.35	-9.218	-41.244	-120.9
0.36	-9.211	-40.278	-110.3
0.37	-9.205	-38.200	-101.6
0.38	-9.200	-35.353	-100.8
0.39	-9.195	-32.178	-97.6
0.4	-9.189	-28.906	-90.9
0.41	-9.183	-25.638	-91.8
0.42	-9.178	-22.544	-94.6
0.43	-9.171	-19.792	-90.3
0.44	-9.165	-17.495	-85.2
0.45	-9.158	-15.747	-88.3
0.46	-9.151	-14.609	-94.6
0.47	-9.144	-14.058	-97.0
0.48	-9.138	-13.959	-91.0
0.49	-9.131	-14.139	-82.1
0.5	-9.124	-14.495	-84.7
0.51	-9.119	-15.025	-89.6
0.52	-9.113	-15.767	-88.4
0.53	-9.107	-16.719	-85.6
0.54	-9.102	-17.784	-83.2
0.55	-9.097	-18.797	-82.3
0.56	-9.092	-19.619	-83.2
0.57	-9.088	-20.217	-80.3
0.58	-9.084	-20.653	-77.0
0.59	-9.081	-21.019	-72.0
0.6	-9.077	-21.353	-60.4
0.61	-9.072	-21.664	-52.9
0.62	-9.069	-21.916	-39.6
0.63	-9.066	-22.031	-12.5
0.64	-9.063	-21.991	1.0
0.65	-9.061	-21.839	-4.4
0.66	-9.061	-21.631	-18.6
0.67	-9.059	-21.378	-43.4
0.68	-9.058	-21.055	-68.9
0.69	-9.054	-20.620	-83.9
0.7	-9.051	-20.056	-84.3
0.71	-9.047	-19.359	-82.2
0.72	-9.043	-18.581	-84.8
0.73	-9.039	-17.845	-87.4
0.74	-9.039	-17.269	-85.9
0.75	-9.041	-16.869	-83.9
0.76	-9.041	-16.567	-89.8
0.77	-9.037	-16.255	-17.2
0.78	-9.031	-15.908	265.4
0.79	-9.027	-15.608	619.0
0.8	-9.027	-15.395	619.7
0.81	-9.027	-15.250	192.4
0.82	-9.027	-15.147	-200.3
0.83	-9.027	-15.073	-289.1
0.84	-9.033	-15.028	-208.4
0.85	-9.042	-15.002	-113.5
0.86	-9.051	-14.964	-62.3
0.87	-9.057	-14.892	-45.3
0.88	-9.055	-14.772	-38.8
0.89	-9.048	-14.605	-30.3
0.9	-9.039	-14.420	-16.9
0.91	-9.030	-14.225	-6.3
0.92	-9.021	-13.945	0.8
0.93	-9.012	-13.386	11.8
0.94	-9.004	-12.258	25.6
0.95	-8.996	-10.259	42.0
0.96	-8.989	-7.142	62.8
0.97	-8.982	-2.772	91.4
0.98	-8.974	2.931	125.7
0.99	-8.967	11.319	157.4
1.0	-8.959	24.742	190.9
1.01	-8.951	39.914	225.5
1.02	-8.944	48.902	247.3
1.03	-8.938	51.039	250.6
1.04	-8.932	51.131	237.4
1.05	-8.929	51.067	199.6
1.06	-8.927	49.702	132.7
1.07	-8.926	44.309	59.3
1.08	-8.926	34.709	-8.2
1.09	-8.925	23.944	-61.8
1.1	-8.926	14.122	-91.2
1.11	-8.931	5.747	-105.3
1.12	-8.937	-1.269	-114.2
1.13	-8.938	-7.333	-121.3
1.14	-8.936	-13.023	-123.1
1.15	-8.932	-18.869	-122.0
1.16	-8.929	-25.120	-120.9
1.17	-8.929	-31.564	-118.1
1.18	-8.928	-37.459	-112.6
1.19	-8.928	-41.864	-108.0
1.2	-8.928	-44.134	-108.1
1.21	-8.928	-44.222	-103.8
1.22	-8.928	-42.588	-98.5
1.23	-8.929	-39.845	-96.1
1.24	-8.930	-36.473	-91.2
1.25	-8.932	-32.770	-89.2
1.26	-8.934	-29.014	-88.8
1.27	-8.937	-25.428	-88.6
1.28	-8.939	-22.113	-88.4
1.29	-8.941	-19.178	-83.6
1.3	-8.943	-16.775	-82.4
1.31	-8.945	-15.022	-83.3
1.32	-8.946	-13.930	-79.8
1.33	-8.948	-13.431	-82.3
1.34	-8.951	-13.417	-83.1
1.35	-8.953	-13.753	-80.3
1.36	-8.955	-14.338	-83.4
1.37	-8.957	-15.127	-83.0
1.38	-8.959	-16.108	-79.9
1.39	-8.961	-17.238	-81.8
1.4	-8.963	-18.417	-81.9
1.41	-8.965	-19.527	-79.3
1.42	-8.967	-20.459	-77.7
1.43	-8.969	-21.183	-77.2
1.44	-8.971	-21.731	-77.9
1.45	-8.973	-22.141	-74.3
1.46	-8.974	-22.419	-69.3
1.47	-8.975	-22.672	-70.8
1.48	-8.976	-22.988	-69.9
1.49	-8.978	-23.314	-59.1
1.5	-8.979	-23.584	-51.2
1.51	-8.981	-23.752	-45.3
1.52	-8.982	-23.780	-27.8
1.53	-8.984	-23.652	-1.5
1.54	-8.988	-23.381	9.2
1.55	-8.991	-23.011	-7.6
1.56	-8.996	-22.559	-36.7
1.57	-9.001	-22.023	-59.7
1.58	-9.005	-21.428	-72.1
1.59	-9.006	-20.769	-88.2
1.6	-9.006	-20.022	-101.1
1.61	-9.004	-19.205	-95.9
1.62	-9.003	-18.375	-89.1
1.63	-9.004	-17.636	-94.6
1.64	-9.008	-17.053	-107.3
1.65	-9.013	-16.605	-121.3
1.66	-9.014	-16.248	-87.8
1.67	-9.011	-15.961	112.9
1.68	-9.011	-15.725	480.0
1.69	-9.014	-15.538	673.2
1.7	-9.021	-15.394	383.7
1.71	-9.024	-15.297	-99.4
1.72	-9.026	-15.259	-321.4
1.73	-9.029	-15.280	-279.2
1.74	-9.039	-15.327	-173.4
1.75	-9.052	-15.363	-105.8
1.76	-9.064	-15.367	-82.7
1.77	-9.069	-15.300	-75.9
1.78	-9.069	-15.133	-64.8
1.79	-9.063	-14.919	-48.8
1.8	-9.056	-14.736	-34.4
1.81	-9.048	-14.564	-20.1
1.82	-9.041	-14.213	-8.1
1.83	-9.036	-13.348	0.2
1.84	-9.031	-11.608	12.8
1.85	-9.026	-8.711	33.2
1.86	-9.021	-4.541	57.1
1.87	-9.016	0.930	84.2
1.88	-9.010	8.811	121.1
1.89	-9.005	21.681	162.6
1.9	-9.000	37.498	200.3
1.91	-8.996	48.034	228.3
1.92	-8.993	50.963	242.3
1.93	-8.992	51.130	240.1
1.94	-8.992	51.131	208.3
1.95	-8.994	50.909	148.7
1.96	-8.996	48.525	75.2
1.97	-8.999	41.283	4.9
1.98	-9.003	30.464	-47.5
1.99	-9.008	19.628	-85.2
2.0	-9.018	10.238	-115.4
2.01	-9.033	2.355	-131.9
2.02	-9.048	-4.372	-137.4
2.03	-9.058	-10.527	-141.9
2.04	-9.066	-16.716	-141.9
2.05	-9.075	-23.336	-132.3
2.06	-9.086	-30.342	-127.0
2.07	-9.100	-37.119	-131.6
2.08	-9.114	-42.623	-128.2
2.09	-9.129	-45.966	-120.7
2.1	-9.145	-46.881	-113.0
2.11	-9.161	-45.655	-111.6
2.12	-9.178	-42.870	-114.2
2.13	-9.195	-39.123	-105.8
2.14	-9.213	-34.884	-101.7
2.15	-9.232	-30.544	-100.9
2.16	-9.252	-26.402	-97.3
2.17	-9.272	-22.652	-95.7
2.18	-9.292	-19.469	-90.7
2.19	-9.312	-16.988	-93.2
2.2	-9.331	-15.211	-97.7
2.21	-9.351	-14.053	-94.3
2.22	-9.372	-13.423	-93.0
2.23	-9.393	-13.258	-93.8
2.24	-9.414	-13.500	-92.0
2.25	-9.436	-14.083	-85.3
2.26	-9.457	-14.897	-84.8
2.27	-9.479	-15.816	-91.8
2.28	-9.500	-16.777	-94.2
2.29	-9.521	-17.747	-92.0
2.3	-9.542	-18.683	-85.7
2.31	-9.563	-19.538	-81.8
2.32	-9.584	-20.317	-78.8
2.33	-9.606	-21.047	-78.8
2.34	-9.626	-21.722	-79.9
2.35	-9.646	-22.275	-75.2
2.36	-9.666	-22.645	-77.3
2.37	-9.685	-22.927	-78.2
2.38	-9.704	-23.161	-71.4
2.39	-9.724	-23.292	-69.1
2.4	-9.742	-23.348	-65.8
2.41	-9.761	-23.378	-53.4
2.42	-9.777	-23.328	-43.6
2.43	-9.794	-23.147	-40.5
2.44	-9.811	-22.923	-25.5
2.45	-9.828	-22.705	2.3
2.46	-9.845	-22.467	18.4
2.47	-9.863	-22.181	14.9
2.48	-9.881	-21.798	-6.9
2.49	-9.900	-21.297	-39.9
2.5	-9.918	-20.719	-64.6
2.51	-9.936	-20.114	-72.9
2.52	-9.952	-19.483	-71.2
2.53	-9.967	-18.808	-74.6
2.54	-9.981	-18.137	-80.9
2.55	-9.996	-17.544	-76.7
2.56	-10.013	-17.067	-69.5
2.57	-10.031	-16.680	-79.4
2.58	-10.047	-16.336	-76.3
2.59	-10.061	-16.072	54.2
2.6	-10.073	-15.930	378.8
2.61	-10.086	-15.891	667.5
2.62	-10.102	-15.905	524.3
2.63	-10.118	-15.939	43.7
2.64	-10.131	-16.000	-273.7
2.65	-10.144	-16.077	-292.7
2.66	-10.163	-16.119	-193.9
2.67	-10.182	-16.066	-98.3
2.68	-10.201	-15.923	-53.7
2.69	-10.217	-15.761	-43.9
2.7	-10.229	-15.623	-36.4
2.71	-10.236	-15.503	-28.5
2.72	-10.240	-15.375	-21.6
2.73	-10.243	-15.220	-12.9
2.74	-10.245	-14.956	0.8
2.75	-10.246	-14.414	14.8
2.76	-10.248	-13.334	24.9
2.77	-10.250	-11.391	41.5
2.78	-10.253	-8.287	67.8
2.79	-10.256	-3.872	96.8
2.8	-10.260	2.222	127.2
2.81	-10.264	11.897	163.6
2.82	-10.268	26.717	203.6
2.83	-10.274	41.700	238.0
2.84	-10.281	49.508	256.4
2.85	-10.290	51.080	256.8
2.86	-10.299	51.134	238.3
2.87	-10.309	51.133	189.3
2.88	-10.320	50.659	118.7
2.89	-10.331	47.116	49.4
2.9	-10.342	38.248	-13.2
2.91	-10.354	26.539	-65.4
2.92	-10.368	15.538	-98.8
2.93	-10.383	6.227	-115.4
2.94	-10.398	-1.577	-124.9
2.95	-10.410	-8.433	-128.9
2.96	-10.421	-15.042	-130.9
2.97	-10.431	-21.977	-133.1
2.98	-10.442	-29.391	-126.5
2.99	-10.454	-36.708	-123.9
3.0	-10.466	-42.769	-127.2
3.01	-10.477	-46.541	-123.8
3.02	-10.489	-47.705	-117.7
3.03	-10.500	-46.573	-107.4
3.04	-10.511	-43.727	-101.5
3.05	-10.523	-39.808	-100.9
3.06	-10.535	-35.337	-96.0
3.07	-10.546	-30.675	-92.8
3.08	-10.556	-26.156	-89.6
3.09	-10.566	-22.138	-84.3
3.1	-10.577	-18.852	-85.6
3.11	-10.588	-16.334	-84.2
3.12	-10.598	-14.550	-79.5
3.13	-10.608	-13.419	-83.3
3.14	-10.619	-12.805	-89.8
3.15	-10.629	-12.597	-94.0
3.16	-10.640	-12.739	-90.8
3.17	-10.651	-13.203	-86.2
3.18	-10.663	-13.922	-86.4
3.19	-10.672	-14.770	-85.1
3.2	-10.681	-15.639	-80.9
3.21	-10.691	-16.514	-80.7
3.22	-10.699	-17.413	-87.0
3.23	-10.708	-18.322	-84.9
3.24	-10.716	-19.173	-72.5
3.25	-10.725	-19.858	-69.5
3.26	-10.735	-20.400	-73.7
3.27	-10.744	-20.933	-75.8
3.28	-10.753	-21.481	-73.5
3.29	-10.761	-21.980	-60.0
3.3	-10.769	-22.347	-50.0
3.31	-10.779	-22.584	-45.0
3.32	-10.789	-22.752	-21.1
3.33	-10.800	-22.797	1.3
3.34	-10.811	-22.720	-0.1
3.35	-10.822	-22.647	-19.3
3.36	-10.833	-22.558	-49.3
3.37	-10.842	-22.353	-72.6
3.38	-10.850	-22.019	-83.9
3.39	-10.857	-21.561	-85.1
3.4	-10.864	-20.916	-87.3
3.41	-10.871	-20.145	-92.2
3.42	-10.880	-19.427	-93.7
3.43	-10.890	-18.833	-96.5
3.44	-10.902	-18.391	-98.6
3.45	-10.913	-18.103	-100.9
3.46	-10.921	-17.883	-32.3
3.47	-10.925	-17.642	224.2
3.48	-10.929	-17.350	550.7
3.49	-10.934	-17.038	563.5
3.5	-10.943	-16.780	172.1
3.51	-10.949	-16.650	-209.6
3.52	-10.954	-16.650	-309.0
3.53	-10.959	-16.717	-238.8
3.54	-10.964	-16.780	-145.0
3.55	-10.965	-16.792	-88.5
3.56	-10.960	-16.761	-70.5
3.57	-10.948	-16.706	-61.7
3.58	-10.927	-16.631	-49.9
3.59	-10.899	-16.547	-38.3
3.6	-10.865	-16.448	-28.5
3.61	-10.827	-16.314	-15.2
3.62	-10.788	-16.091	-1.7
3.63	-10.748	-15.609	4.7
3.64	-10.709	-14.553	16.2
3.65	-10.671	-12.566	42.8
3.66	-10.636	-9.380	73.4
3.67	-10.600	-4.553	99.7
3.68	-10.566	3.169	132.7
3.69	-10.533	15.206	176.3
3.7	-10.501	30.597	215.3
3.71	-10.471	43.855	238.6
3.72	-10.443	50.011	243.9
3.73	-10.414	51.103	230.7
3.74	-10.386	51.134	192.4
3.75	-10.358	51.123	128.9
3.76	-10.329	50.442	52.0
3.77	-10.299	46.097	-19.8
3.78	-10.270	36.087	-69.4
3.79	-10.242	23.414	-100.3
3.8	-10.217	11.605	-118.8
3.81	-10.194	1.616	-129.1
3.82	-10.169	-6.658	-137.9
3.83	-10.142	-13.820	-140.8
3.84	-10.114	-20.595	-140.1
3.85	-10.086	-27.472	-140.1
3.86	-10.058	-34.506	-135.1
3.87	-10.031	-41.077	-132.2
3.88	-10.004	-46.020	-130.4
3.89	-9.978	-48.448	-126.1
3.9	-9.953	-48.270	-121.8
3.91	-9.930	-45.983	-114.2
3.92	-9.909	-42.278	-109.1
3.93	-9.888	-37.855	-104.8
3.94	-9.867	-33.325	-96.5
3.95	-9.846	-29.025	-95.4
3.96	-9.825	-25.089	-96.3
3.97	-9.804	-21.586	-89.5
3.98	-9.784	-18.542	-87.9
3.99	-9.764	-16.023	-96.0
4.0	-9.744	-14.178	-100.8
4.01	-9.726	-13.083	-97.0
4.02	-9.708	-12.644	-90.0
4.03	-9.691	-12.689	-86.7
4.04	-9.674	-13.059	-88.6
4.05	-9.658	-13.647	-89.9
4.06	-9.641	-14.403	-88.2
4.07	-9.624	-15.291	-85.8
4.08	-9.606	-16.262	-85.5
4.09	-9.589	-17.289	-84.3
4.1	-9.572	-18.331	-76.5
4.11	-9.558	-19.302	-74.8
4.12	-9.543	-20.102	-80.5
4.13	-9.527	-20.678	-77.1
4.14	-9.511	-21.045	-69.0
4.15	-9.496	-21.297	-62.0
4.16	-9.481	-21.566	-51.9
4.17	-9.466	-21.909	-41.7
4.18	-9.451	-22.339	-25.6
4.19	-9.438	-22.798	-3.8
4.2	-9.424	-23.166	6.5
4.21	-9.410	-23.386	-2.3
4.22	-9.398	-23.484	-28.8
4.23	-9.385	-23.406	-53.7
4.24	-9.372	-23.164	-64.0
4.25	-9.358	-22.903	-68.8
4.26	-9.343	-22.630	-75.6
4.27	-9.328	-22.278	-82.3
4.28	-9.312	-21.838	-79.7
4.29	-9.298	-21.278	-76.7
4.3	-9.287	-20.659	-82.7
4.31	-9.276	-20.145	-93.4
4.32	-9.263	-19.738	-68.2
4.33	-9.246	-19.336	108.1
4.34	-9.231	-18.923	453.2
4.35	-9.218	-18.506	655.5
4.36	-9.208	-18.113	401.8
4.37	-9.198	-17.775	-60.5
4.38	-9.188	-17.477	-288.6
4.39	-9.181	-17.180	-264.4
4.4	-9.178	-16.891	-169.3
4.41	-9.173	-16.678	-97.9
4.42	-9.167	-16.594	-70.3
4.43	-9.158	-16.558	-59.3
4.44	-9.146	-16.431	-51.1
4.45	-9.131	-16.159	-41.1
4.46	-9.115	-15.792	-31.0
4.47	-9.098	-15.414	-26.1
4.48	-9.081	-15.009	-9.9
4.49	-9.065	-14.338	5.0
4.5	-9.048	-12.970	15.7
4.51	-9.033	-10.463	33.4
4.52	-9.018	-6.523	55.5
4.53	-9.003	-0.956	86.1
4.54	-8.989	7.467	118.0
4.55	-8.974	21.077	155.8
4.56	-8.961	37.366	195.3
4.57	-8.947	48.033	224.4
4.58	-8.935	50.967	238.8
4.59	-8.924	51.131	235.1
4.6	-8.913	51.139	212.1
4.61	-8.904	51.130	159.5
4.62	-8.895	50.892	85.8
4.63	-8.888	48.186	12.1
4.64	-8.881	39.822	-45.9
4.65	-8.874	27.508	-82.7
4.66	-8.869	15.680	-107.4
4.67	-8.868	5.872	-119.4
4.68	-8.867	-2.258	-122.6
4.69	-8.863	-9.416	-123.8
4.7	-8.856	-16.384	-125.8
4.71	-8.849	-23.841	-124.8
4.72	-8.844	-31.992	-116.0
4.73	-8.838	-40.214	-112.2
4.74	-8.831	-46.848	-115.1
4.75	-8.824	-50.273	-113.0
4.76	-8.818	-51.083	-103.7
4.77	-8.813	-50.741	-97.3
4.78	-8.809	-48.852	-94.2
4.79	-8.806	-44.905	-89.0
4.8	-8.804	-39.878	-85.7
4.81	-8.802	-34.663	-81.5
4.82	-8.801	-29.567	-74.7
4.83	-8.799	-24.916	-70.5
4.84	-8.797	-20.916	-65.4
4.85	-8.796	-17.650	-65.3
4.86	-8.793	-15.238	-69.7
4.87	-8.790	-13.716	-63.3
4.88	-8.787	-12.983	-60.1
4.89	-8.785	-12.852	-65.4
4.9	-8.784	-13.127	-65.3
4.91	-8.784	-13.664	-69.1
4.92	-8.784	-14.427	-69.5
4.93	-8.784	-15.433	-58.8
4.94	-8.784	-16.616	-59.8
4.95	-8.783	-17.820	-61.2
4.96	-8.783	-18.919	-51.5
4.97	-8.783	-19.898	-52.3
4.98	-8.783	-20.844	-51.6
4.99	-8.783	-21.744	-50.3
5.0	-8.783	-22.488	-57.0
5.01	-8.783	-23.027	-52.7
5.02	-8.783	-23.423	-46.5
5.03	-8.782	-23.764	-48.8
5.04	-8.781	-24.075	-48.6
5.05	-8.781	-24.317	-42.8
5.06	-8.779	-24.450	-33.0
5.07	-8.779	-24.472	-24.6
5.08	-8.778	-24.398	-14.2
5.09	-8.777	-24.269	9.8
5.1	-8.777	-24.155	29.1
5.11	-8.777	-24.073	23.2
5.12	-8.779	-23.920	4.7
5.13	-8.781	-23.572	-17.9
5.14	-8.783	-23.013	-43.4
5.15	-8.783	-22.336	-56.5
5.16	-8.783	-21.717	-55.7
5.17	-8.780	-21.244	-59.3
5.18	-8.777	-20.755	-68.5
5.19	-8.776	-20.133	-75.2
5.2	-8.776	-19.486	-76.9
5.21	-8.779	-18.945	-79.7
5.22	-8.779	-18.466	-87.7
5.23	-8.777	-17.977	-20.8
5.24	-8.773	-17.583	249.1
5.25	-8.772	-17.323	615.3
5.26	-8.774	-17.144	669.4
5.27	-8.774	-17.003	263.9
5.28	-8.773	-16.825	-168.8
5.29	-8.773	-16.600	-289.7
5.3	-8.777	-16.433	-219.3
5.31	-8.784	-16.403	-128.1
5.32	-8.793	-16.473	-73.7
5.33	-8.798	-16.511	-60.4
5.34	-8.797	-16.417	-56.3
5.35	-8.793	-16.213	-48.9
5.36	-8.787	-15.972	-39.3
5.37	-8.782	-15.725	-32.9
5.38	-8.777	-15.405	-25.7
5.39	-8.771	-14.758	-7.8
5.4	-8.766	-13.333	11.0
5.41	-8.759	-10.631	24.0
5.42	-8.753	-6.336	36.0
5.43	-8.747	-0.322	62.3
5.44	-8.741	8.377	93.4
5.45	-8.734	22.184	123.0
5.46	-8.728	38.466	163.3
5.47	-8.724	48.558	200.4
5.48	-8.719	51.022	221.5
5.49	-8.715	51.133	228.1
5.5	-8.712	51.139	220.8
5.51	-8.710	51.136	190.1
5.52	-8.709	51.094	129.3
5.53	-8.710	49.914	47.6
5.54	-8.712	44.142	-28.4
5.55	-8.714	33.083	-79.7
5.56	-8.717	21.139	-113.4
5.57	-8.722	11.156	-139.3
5.58	-8.729	2.942	-154.8
5.59	-8.735	-4.269	-161.7
5.6	-8.736	-11.425	-165.0
5.61	-8.736	-19.348	-160.6
5.62	-8.736	-28.320	-152.8
5.63	-8.738	-37.845	-151.0
5.64	-8.741	-45.920	-152.8
5.65	-8.742	-50.133	-154.2
5.66	-8.744	-51.095	-150.2
5.67	-8.746	-51.134	-146.0
5.68	-8.749	-51.013	-145.3
5.69	-8.751	-49.752	-142.9
5.7	-8.752	-45.994	-143.4
5.71	-8.754	-40.316	-144.9
5.72	-8.756	-34.367	-142.2
5.73	-8.758	-28.902	-137.4
5.74	-8.760	-24.134	-136.3
5.75	-8.762	-20.172	-137.2
5.76	-8.764	-17.069	-132.1
5.77	-8.766	-14.866	-126.3
5.78	-8.768	-13.503	-130.4
5.79	-8.770	-12.858	-139.2
5.8	-8.773	-12.828	-145.8
5.81	-8.777	-13.327	-149.1
5.82	-8.783	-14.228	-148.0
5.83	-8.788	-15.367	-150.5
5.84	-8.793	-16.591	-146.8
5.85	-8.797	-17.798	-135.8
5.86	-8.801	-18.953	-134.8
5.87	-8.803	-20.088	-140.9
5.88	-8.806	-21.238	-144.5
5.89	-8.808	-22.328	-142.7
5.9	-8.811	-23.195	-141.4
5.91	-8.813	-23.813	-144.3
5.92	-8.816	-24.334	-145.4
5.93	-8.819	-24.797	-142.9
5.94	-8.822	-25.084	-137.1
5.95	-8.825	-25.128	-131.4
5.96	-8.829	-25.002	-126.5
5.97	-8.832	-24.900	-118.0
5.98	-8.836	-24.898	-105.4
5.99	-8.842	-24.906	-98.3
6.0	-8.848	-24.834	-86.8
6.01	-8.855	-24.619	-55.8
6.02	-8.864	-24.311	-43.6
6.03	-8.874	-24.008	-65.3
6.04	-8.886	-23.747	-91.0
6.05	-8.899	-23.500	-114.1
6.06	-8.912	-23.169	-128.2
6.07	-8.924	-22.669	-134.4
6.08	-8.936	-22.047	-144.7
6.09	-8.948	-21.375	-150.8
6.1	-8.963	-20.670	-143.8
6.11	-8.981	-19.961	-140.3
6.12	-9.004	-19.317	-146.3
6.13	-9.027	-18.792	-157.7
6.14	-9.049	-18.397	-148.7
6.15	-9.068	-18.103	9.3
6.16	-9.087	-17.842	374.5
6.17	-9.108	-17.628	647.1
6.18	-9.131	-17.570	445.6
6.19	-9.154	-17.631	-46.7
6.2	-9.176	-17.691	-337.8
6.21	-9.199	-17.688	-334.8
6.22	-9.225	-17.620	-225.4
6.23	-9.252	-17.558	-143.5
6.24	-9.279	-17.534	-112.4
6.25	-9.303	-17.456	-103.6
6.26	-9.324	-17.198	-97.0
6.27	-9.341	-16.823	-87.1
6.28	-9.356	-16.453	-73.1
6.29	-9.368	-16.097	-60.4
6.3	-9.381	-15.652	-50.7
6.31	-9.393	-14.861	-35.0
6.32	-9.404	-13.280	-18.1
6.33	-9.418	-10.411	-2.2
6.34	-9.430	-5.941	14.3
6.35	-9.443	0.281	36.0
6.36	-9.457	9.419	74.0
6.37	-9.472	23.753	118.7
6.38	-9.488	39.780	160.7
6.39	-9.504	49.016	193.9
6.4	-9.523	51.056	210.3
6.41	-9.541	51.136	208.5
6.42	-9.561	51.139	184.7
6.43	-9.581	51.134	135.3
6.44	-9.601	51.061	65.5
6.45	-9.623	49.378	-13.0
6.46	-9.644	42.297	-83.2
6.47	-9.666	29.969	-130.7
6.48	-9.688	17.434	-154.4
6.49	-9.710	7.102	-165.8
6.5	-9.733	-1.698	-176.5
6.51	-9.754	-9.848	-184.1
6.52	-9.771	-18.039	-181.2
6.53	-9.787	-26.734	-178.4
6.54	-9.805	-36.014	-176.6
6.55	-9.823	-44.545	-173.5
6.56	-9.842	-49.641	-171.6
6.57	-9.861	-51.048	-167.5
6.58	-9.881	-51.134	-162.1
6.59	-9.901	-51.122	-159.6
6.6	-9.919	-50.619	-159.4
6.61	-9.938	-48.127	-159.0
6.62	-9.955	-43.103	-153.1
6.63	-9.972	-37.133	-138.5
6.64	-9.988	-31.525	-131.3
6.65	-10.005	-26.509	-136.6
6.66	-10.021	-22.127	-135.3
6.67	-10.038	-18.502	-132.8
6.68	-10.053	-15.773	-134.7
6.69	-10.069	-14.000	-131.1
6.7	-10.085	-13.095	-128.1
6.71	-10.101	-12.844	-129.8
6.72	-10.118	-13.020	-133.8
6.73	-10.135	-13.513	-133.5
6.74	-10.152	-14.256	-129.4
6.75	-10.169	-15.180	-129.8
6.76	-10.186	-16.264	-131.5
6.77	-10.202	-17.494	-131.8
6.78	-10.218	-18.781	-128.0
6.79	-10.234	-20.013	-124.3
6.8	-10.248	-21.089	-123.4
6.81	-10.263	-21.964	-122.0
6.82	-10.277	-22.681	-118.5
6.83	-10.293	-23.327	-110.0
6.84	-10.309	-23.902	-102.1
6.85	-10.324	-24.352	-100.2
6.86	-10.339	-24.680	-94.2
6.87	-10.353	-24.875	-82.2
6.88	-10.367	-24.916	-75.4
6.89	-10.381	-24.777	-63.4
6.9	-10.396	-24.395	-33.2
6.91	-10.410	-23.917	-8.8
6.92	-10.424	-23.550	-12.0
6.93	-10.439	-23.280	-29.4
6.94	-10.453	-23.072	-51.3
6.95	-10.465	-22.892	-71.3
6.96	-10.476	-22.628	-81.5
6.97	-10.484	-22.208	-86.5
6.98	-10.492	-21.627	-89.5
6.99	-10.501	-20.919	-89.3
7.0	-10.511	-20.184	-79.7
7.01	-10.526	-19.552	-70.7
7.02	-10.541	-19.069	-77.5
7.03	-10.555	-18.694	-83.0
7.04	-10.566	-18.395	8.2
7.05	-10.574	-18.220	293.3
7.06	-10.582	-18.109	611.8
7.07	-10.592	-17.931	576.2
7.08	-10.606	-17.716	153.8
7.09	-10.619	-17.583	-208.9
7.1	-10.633	-17.588	-278.1
7.11	-10.651	-17.716	-198.2
7.12	-10.669	-17.919	-107.2
7.13	-10.687	-18.102	-57.9
7.14	-10.702	-18.189	-41.2
7.15	-10.712	-18.106	-30.4
7.16	-10.717	-17.806	-23.2
7.17	-10.720	-17.473	-11.0
7.18	-10.721	-17.267	1.1
7.19	-10.722	-17.114	5.4
7.2	-10.721	-16.889	5.6
7.21	-10.720	-16.348	11.9
7.22	-10.720	-15.086	31.1
7.23	-10.722	-12.703	55.3
7.24	-10.725	-8.906	80.6
7.25	-10.729	-3.447	110.3
7.26	-10.733	4.800	146.6
7.27	-10.737	17.886	181.9
7.28	-10.741	34.295	216.5
7.29	-10.747	46.491	239.6
7.3	-10.753	50.708	238.5
7.31	-10.760	51.128	220.1
7.32	-10.767	51.139	182.1
7.33	-10.774	51.131	118.7
7.34	-10.782	50.969	46.1
7.35	-10.790	48.402	-15.9
7.36	-10.798	39.367	-63.9
7.37	-10.808	25.041	-95.3
7.38	-10.819	10.889	-112.8
7.39	-10.829	-0.763	-121.1
7.4	-10.836	-10.384	-121.3
7.41	-10.841	-18.905	-120.5
7.42	-10.847	-27.094	-113.5
7.43	-10.853	-35.302	-107.2
7.44	-10.858	-43.088	-106.4
7.45	-10.862	-48.645	-103.4
7.46	-10.864	-50.838	-101.9
7.47	-10.864	-51.133	-95.4
7.48	-10.864	-51.070	-84.5
7.49	-10.864	-50.206	-77.6
7.5	-10.863	-47.305	-67.4
7.51	-10.861	-42.506	-53.1
7.52	-10.856	-37.056	-48.2
7.53	-10.850	-31.688	-43.9
7.54	-10.842	-26.711	-37.1
7.55	-10.831	-22.286	-41.2
7.56	-10.818	-18.541	-43.7
7.57	-10.801	-15.683	-41.0
7.58	-10.779	-13.803	-39.3
7.59	-10.754	-12.767	-36.3
7.6	-10.726	-12.355	-33.7
7.61	-10.698	-12.361	-34.4
7.62	-10.671	-12.650	-34.9
7.63	-10.644	-13.169	-34.1
7.64	-10.619	-13.916	-37.5
7.65	-10.595	-14.889	-39.8
7.66	-10.572	-16.050	-34.3
7.67	-10.549	-17.264	-31.4
7.68	-10.527	-18.363	-33.2
7.69	-10.506	-19.266	-29.3
7.7	-10.486	-20.020	-26.3
7.71	-10.466	-20.716	-25.1
7.72	-10.446	-21.389	-13.8
7.73	-10.426	-22.028	-0.6
7.74	-10.408	-22.634	2.4
7.75	-10.389	-23.217	14.7
7.76	-10.372	-23.706	45.0
7.77	-10.356	-23.948	58.2
7.78	-10.339	-23.994	46.2
7.79	-10.324	-24.019	28.4
7.8	-10.308	-23.964	5.9
7.81	-10.292	-23.713	-15.7
7.82	-10.274	-23.313	-26.3
7.83	-10.254	-22.892	-31.2
7.84	-10.236	-22.559	-32.9
7.85	-10.217	-22.275	-32.5
7.86	-10.202	-21.923	-29.8
7.87	-10.190	-21.494	-26.5
7.88	-10.179	-20.992	-33.6
7.89	-10.165	-20.348	-26.0
7.9	-10.149	-19.642	112.2
7.91	-10.131	-19.097	426.8
7.92	-10.118	-18.777	662.0
7.93	-10.109	-18.600	487.4
7.94	-10.101	-18.477	42.8
7.95	-10.091	-18.344	-231.3
7.96	-10.083	-18.195	-232.3
7.97	-10.079	-18.058	-140.0
7.98	-10.074	-17.952	-69.0
7.99	-10.066	-17.816	-37.2
8.0	-10.054	-17.500	-26.0
8.01	-10.038	-17.009	-13.2
8.02	-10.020	-16.645	-1.5
8.03	-10.001	-16.548	-0.3
8.04	-9.983	-16.545	3.4
8.05	-9.965	-16.441	18.6
8.06	-9.946	-16.075	34.7
8.07	-9.926	-15.231	47.7
8.08	-9.907	-13.556	62.0
8.09	-9.889	-10.620	80.3
8.1	-9.872	-6.095	106.1
8.11	-9.855	0.450	140.6
8.12	-9.838	10.686	180.0
8.13	-9.822	25.973	214.5
8.14	-9.806	41.380	244.9
8.15	-9.791	49.455	263.6
8.16	-9.776	51.078	262.0
8.17	-9.761	51.136	241.8
8.18	-9.747	51.138	198.3
8.19	-9.733	51.128	134.9
8.2	-9.720	50.600	71.5
8.21	-9.707	46.298	12.7
8.22	-9.694	35.183	-39.1
8.23	-9.682	20.608	-66.5
8.24	-9.672	7.517	-79.3
8.25	-9.663	-3.075	-86.3
8.26	-9.650	-11.911	-89.5
8.27	-9.634	-19.955	-91.0
8.28	-9.619	-28.028	-86.2
8.29	-9.606	-36.538	-84.7
8.3	-9.592	-44.514	-90.3
8.31	-9.579	-49.505	-93.0
8.32	-9.565	-51.014	-84.9
8.33	-9.551	-51.134	-78.8
8.34	-9.539	-51.102	-78.4
8.35	-9.526	-50.402	-75.5
8.36	-9.513	-47.700	-69.3
8.37	-9.501	-42.889	-63.6
8.38	-9.488	-37.278	-61.8
8.39	-9.475	-31.747	-57.9
8.4	-9.462	-26.706	-55.6
8.41	-9.448	-22.470	-56.3
8.42	-9.435	-19.131	-53.0
8.43	-9.421	-16.567	-55.0
8.44	-9.408	-14.648	-61.0
8.45	-9.396	-13.363	-62.7
8.46	-9.384	-12.736	-59.7
8.47	-9.374	-12.706	-53.1
8.48	-9.363	-13.144	-49.2
8.49	-9.352	-13.923	-48.2
8.5	-9.341	-14.911	-52.2
8.51	-9.329	-15.944	-60.0
8.52	-9.316	-16.970	-55.9
8.53	-9.304	-18.058	-51.0
8.54	-9.293	-19.248	-52.7
8.55	-9.282	-20.458	-50.2
8.56	-9.271	-21.489	-49.5
8.57	-9.261	-22.198	-47.0
8.58	-9.251	-22.617	-35.8
8.59	-9.241	-22.867	-26.0
8.6	-9.232	-23.069	-19.9
8.61	-9.223	-23.300	-1.1
8.62	-9.216	-23.534	26.2
8.63	-9.207	-23.667	30.9
8.64	-9.199	-23.739	16.3
8.65	-9.191	-23.838	-6.4
8.66	-9.181	-23.827	-33.6
8.67	-9.171	-23.638	-48.2
8.68	-9.159	-23.358	-47.1
8.69	-9.146	-23.044	-43.0
8.7	-9.133	-22.741	-45.2
8.71	-9.120	-22.431	-53.5
8.72	-9.109	-22.038	-55.9
8.73	-9.101	-21.570	-51.5
8.74	-9.092	-21.066	-59.0
8.75	-9.082	-20.553	-31.6
8.76	-9.069	-20.119	160.0
8.77	-9.058	-19.775	504.8
8.78	-9.049	-19.473	682.1
8.79	-9.043	-19.205	407.3
8.8	-9.036	-18.950	-44.0
8.81	-9.029	-18.672	-245.8
8.82	-9.026	-18.384	-212.5
8.83	-9.025	-18.114	-120.3
8.84	-9.024	-17.886	-48.7
8.85	-9.019	-17.673	-14.7
8.86	-9.011	-17.367	-2.8
8.87	-8.999	-17.011	3.2
8.88	-8.986	-16.733	15.3
8.89	-8.973	-16.483	24.8
8.9	-8.958	-16.189	29.5
8.91	-8.944	-15.780	37.7
8.92	-8.928	-15.000	48.9
8.93	-8.913	-13.405	59.9
8.94	-8.899	-10.484	75.8
8.95	-8.885	-5.845	102.8
8.96	-8.871	0.773	131.1
8.97	-8.858	10.755	161.8
8.98	-8.844	26.009	199.3
8.99	-8.831	41.681	240.0
9.0	-8.819	49.656	273.4
9.01	-8.808	51.094	285.1
9.02	-8.799	51.134	273.4
9.03	-8.792	51.139	243.2
9.04	-8.786	51.133	191.3
9.05	-8.779	51.005	116.7
9.06	-8.773	48.683	43.7
9.07	-8.765	40.270	-14.1
9.08	-8.758	26.950	-56.3
9.09	-8.753	14.002	-81.3
9.1	-8.752	3.370	-90.7
9.11	-8.751	-5.597	-93.6
9.12	-8.747	-13.828	-99.1
9.13	-8.741	-22.125	-103.8
9.14	-8.735	-30.847	-104.8
9.15	-8.731	-39.759	-101.0
9.16	-8.727	-47.008	-97.5
9.17	-8.723	-50.461	-99.5
9.18	-8.718	-51.117	-96.0
9.19	-8.714	-51.138	-89.8
9.2	-8.711	-51.117	-83.9
9.21	-8.707	-50.564	-80.0
9.22	-8.704	-48.036	-80.6
9.23	-8.702	-43.145	-75.0
9.24	-8.701	-37.414	-70.7
9.25	-8.700	-31.972	-74.6
9.26	-8.699	-27.058	-76.7
9.27	-8.699	-22.802	-73.9
9.28	-8.697	-19.313	-69.1
9.29	-8.697	-16.678	-69.3
9.3	-8.697	-14.873	-67.3
9.31	-8.696	-13.741	-64.5
9.32	-8.695	-13.150	-65.2
9.33	-8.694	-13.055	-65.0
9.34	-8.693	-13.445	-69.2
9.35	-8.691	-14.250	-70.0
9.36	-8.691	-15.353	-66.7
9.37	-8.691	-16.642	-65.0
9.38	-8.690	-17.980	-63.2
9.39	-8.689	-19.284	-63.7
9.4	-8.688	-20.564	-61.5
9.41	-8.688	-21.772	-61.9
9.42	-8.688	-22.777	-64.3
9.43	-8.689	-23.488	-64.3
9.44	-8.691	-23.933	-63.7
9.45	-8.692	-24.241	-57.3
9.46	-8.693	-24.552	-48.0
9.47	-8.694	-24.870	-41.1
9.48	-8.694	-25.139	-34.4
9.49	-8.694	-25.338	-33.8
9.5	-8.693	-25.361	-18.7
9.51	-8.693	-25.091	11.1
9.52	-8.692	-24.655	15.4
9.53	-8.692	-24.248	0.8
9.54	-8.692	-23.925	-18.4
9.55	-8.691	-23.684	-46.0
9.56	-8.691	-23.459	-66.5
9.57	-8.689	-23.144	-77.4
9.58	-8.687	-22.717	-85.5
9.59	-8.684	-22.234	-90.1
9.6	-8.683	-21.725	-97.1
9.61	-8.683	-21.100	-98.0
9.62	-8.684	-20.250	-90.9
9.63	-8.686	-19.320	-102.2
9.64	-8.684	-18.669	-73.1
9.65	-8.681	-18.434	145.9
9.66	-8.680	-18.447	525.1
9.67	-8.681	-18.448	681.9
9.68	-8.684	-18.320	347.9
9.69	-8.684	-18.128	-119.1
9.7	-8.686	-17.947	-294.2
9.71	-8.691	-17.784	-240.6
9.72	-8.699	-17.637	-149.3
9.73	-8.708	-17.511	-93.0
9.74	-8.714	-17.409	-71.1
9.75	-8.714	-17.277	-58.9
9.76	-8.711	-17.034	-49.8
9.77	-8.705	-16.767	-39.3
9.78	-8.699	-16.520	-29.6
9.79	-8.694	-16.155	-21.9
9.8	-8.689	-15.475	-10.2
9.81	-8.684	-14.114	4.5
9.82	-8.678	-11.573	20.4
9.83	-8.671	-7.398	34.1
9.84	-8.666	-1.302	47.7
9.85	-8.660	7.569	72.6
9.86	-8.654	21.570	114.3
9.87	-8.648	38.188	157.0
9.88	-8.643	48.522	192.6
9.89	-8.637	51.023	219.5
9.9	-8.632	51.133	234.5
9.91	-8.628	51.139	233.1
9.92	-8.625	51.138	204.6
9.93	-8.623	51.128	143.1
9.94	-8.623	50.547	65.6
9.95	-8.624	46.103	-5.4
9.96	-8.626	35.316	-61.1
9.97	-8.629	22.153	-93.6
9.98	-8.632	10.994	-112.0
9.99	-8.638	1.869	-122.8
10.0	-8.641	-6.292	-129.3
10.01	-8.641	-14.311	-138.6
10.02	-8.638	-22.792	-142.6
10.03	-8.636	-32.023	-141.5
10.04	-8.635	-41.345	-136.8
10.05	-8.635	-48.158	-130.0
10.06	-8.636	-50.798	-125.2
10.07	-8.636	-51.134	-120.1
10.08	-8.638	-51.139	-117.1
10.09	-8.638	-51.130	-120.8
10.1	-8.639	-50.755	-120.9
10.11	-8.641	-48.558	-117.8
10.12	-8.644	-43.694	-113.7
10.13	-8.648	-37.573	-107.0
10.14	-8.652	-31.688	-103.5
10.15	-8.657	-26.489	-100.2
10.16	-8.661	-22.130	-98.4
10.17	-8.666	-18.630	-102.3
10.18	-8.670	-15.919	-102.5
10.19	-8.674	-13.919	-98.8
10.2	-8.679	-12.655	-96.1
10.21	-8.683	-12.209	-95.3
10.22	-8.687	-12.575	-96.3
10.23	-8.691	-13.589	-98.1
10.24	-8.694	-15.002	-98.4
10.25	-8.697	-16.569	-100.4
10.26	-8.701	-18.097	-99.4
10.27	-8.706	-19.478	-92.6
10.28	-8.711	-20.720	-92.8
10.29	-8.719	-21.870	-93.3
10.3	-8.726	-22.969	-88.8
10.31	-8.735	-24.016	-81.5
10.32	-8.743	-24.942	-75.1
10.33	-8.750	-25.625	-81.2
10.34	-8.756	-26.017	-88.7
10.35	-8.761	-26.173	-87.0
10.36	-8.765	-26.167	-79.9
10.37	-8.768	-26.031	-73.8
10.38	-8.769	-25.695	-69.6
10.39	-8.772	-25.194	-68.9
10.4	-8.774	-24.803	-66.3
10.41	-8.777	-24.698	-55.5
10.42	-8.780	-24.756	-44.9
10.43	-8.784	-24.681	-34.1
10.44	-8.789	-24.281	-11.8
10.45	-8.794	-23.744	3.2
10.46	-8.801	-23.256	-6.3
10.47	-8.809	-22.697	-23.9
10.48	-8.819	-21.952	-43.9
10.49	-8.829	-21.092	-67.8
10.5	-8.838	-20.266	-84.4
10.51	-8.848	-19.545	-90.0
10.52	-8.858	-18.980	-84.8
10.53	-8.868	-18.584	-78.4
10.54	-8.881	-18.298	-78.0
10.55	-8.898	-18.077	-84.4
10.56	-8.919	-17.905	-102.2
10.57	-8.938	-17.767	-103.7
10.58	-8.953	-17.680	8.4
10.59	-8.969	-17.663	321.0
10.6	-8.987	-17.705	661.3
10.61	-9.008	-17.775	604.8
10.62	-9.031	-17.916	130.2
10.63	-9.053	-18.123	-246.1
10.64	-9.077	-18.295	-294.6
10.65	-9.104	-18.384	-200.2
10.66	-9.133	-18.428	-107.3
10.67	-9.161	-18.461	-65.3
10.68	-9.188	-18.494	-52.2
10.69	-9.211	-18.464	-38.6
10.7	-9.230	-18.259	-33.3
10.71	-9.247	-17.841	-28.4
10.72	-9.262	-17.253	-17.0
10.73	-9.276	-16.528	-6.0
10.74	-9.290	-15.448	10.2
10.75	-9.304	-13.616	25.7
10.76	-9.318	-10.567	35.1
10.77	-9.331	-5.758	53.1
10.78	-9.344	1.355	85.2
10.79	-9.356	12.503	120.7
10.8	-9.368	28.872	153.6
10.81	-9.380	43.864	187.7
10.82	-9.392	50.278	223.3
10.83	-9.404	51.123	250.1
10.84	-9.419	51.138	259.5
10.85	-9.435	51.139	244.6
10.86	-9.452	51.136	197.2
10.87	-9.470	51.069	130.3
10.88	-9.489	49.430	57.8
10.89	-9.508	42.155	-10.4
10.9	-9.527	29.100	-57.1
10.91	-9.547	15.694	-90.9
10.92	-9.569	4.755	-113.6
10.93	-9.591	-4.362	-127.2
10.94	-9.611	-12.573	-138.6
10.95	-9.627	-20.706	-138.7
10.96	-9.644	-29.413	-135.5
10.97	-9.661	-38.717	-129.3
10.98	-9.678	-46.567	-116.7
10.99	-9.694	-50.383	-116.9
11.0	-9.713	-51.114	-119.5
11.01	-9.730	-51.139	-112.4
11.02	-9.747	-51.138	-105.8
11.03	-9.764	-51.056	-103.7
11.04	-9.781	-49.969	-102.8
11.05	-9.799	-46.259	-100.9
11.06	-9.816	-40.202	-95.6
11.07	-9.832	-33.639	-92.2
11.08	-9.848	-27.655	-92.1
11.09	-9.864	-22.666	-86.7
11.1	-9.881	-18.803	-84.4
11.11	-9.898	-16.016	-86.4
11.12	-9.915	-14.197	-82.1
11.13	-9.932	-13.164	-80.7
11.14	-9.949	-12.686	-81.4
11.15	-9.966	-12.628	-82.3
11.16	-9.983	-13.013	-83.3
11.17	-10.001	-13.877	-80.6
11.18	-10.019	-15.147	-78.2
11.19	-10.038	-16.603	-81.5
11.2	-10.055	-17.984	-82.1
11.21	-10.073	-19.172	-76.8
11.22	-10.089	-20.203	-71.0
11.23	-10.104	-21.141	-70.6
11.24	-10.119	-22.005	-74.2
11.25	-10.134	-22.764	-76.6
11.26	-10.148	-23.398	-77.3
11.27	-10.161	-23.930	-78.6
11.28	-10.175	-24.348	-77.8
11.29	-10.188	-24.622	-70.5
11.3	-10.203	-24.800	-61.0
11.31	-10.217	-24.953	-57.3
11.32	-10.231	-25.100	-49.6
11.33	-10.247	-25.202	-36.8
11.34	-10.263	-25.161	-21.7
11.35	-10.280	-24.980	0.1
11.36	-10.298	-24.831	11.4
11.37	-10.316	-24.756	2.0
11.38	-10.334	-24.538	-20.5
11.39	-10.350	-23.928	-43.6
11.4	-10.365	-23.013	-63.6
11.41	-10.378	-22.170	-75.8
11.42	-10.388	-21.558	-75.5
11.43	-10.398	-21.028	-76.3
11.44	-10.408	-20.478	-79.8
11.45	-10.419	-19.897	-83.5
11.46	-10.431	-19.366	-84.2
11.47	-10.443	-18.969	-87.6
11.48	-10.452	-18.691	-73.0
11.49	-10.458	-18.494	73.0
11.5	-10.462	-18.367	408.5
11.51	-10.466	-18.277	657.1
11.52	-10.474	-18.202	459.6
11.53	-10.484	-18.134	-5.3
11.54	-10.494	-18.064	-277.8
11.55	-10.508	-17.977	-284.7
11.56	-10.526	-17.842	-190.4
11.57	-10.544	-17.647	-105.8
11.58	-10.561	-17.498	-66.3
11.59	-10.575	-17.498	-49.8
11.6	-10.583	-17.559	-40.7
11.61	-10.586	-17.536	-35.8
11.62	-10.587	-17.411	-28.4
11.63	-10.588	-17.253	-14.8
11.64	-10.587	-17.075	-0.7
11.65	-10.586	-16.738	11.2
11.66	-10.586	-15.923	23.5
11.67	-10.586	-14.175	39.4
11.68	-10.588	-11.052	61.6
11.69	-10.590	-6.241	91.2
11.7	-10.594	0.970	123.7
11.71	-10.599	12.580	156.3
11.72	-10.606	29.022	196.8
11.73	-10.614	43.736	233.4
11.74	-10.623	50.189	253.3
11.75	-10.634	51.123	253.9
11.76	-10.645	51.136	230.3
11.77	-10.656	51.138	182.1
11.78	-10.668	51.127	113.7
11.79	-10.681	50.473	35.0
11.8	-10.693	45.430	-33.7
11.81	-10.706	32.914	-76.7
11.82	-10.719	17.066	-98.6
11.83	-10.735	3.192	-117.6
11.84	-10.749	-7.883	-133.8
11.85	-10.761	-17.092	-136.4
11.86	-10.771	-25.484	-132.2
11.87	-10.783	-33.811	-130.3
11.88	-10.796	-41.991	-131.2
11.89	-10.808	-48.164	-137.1
11.9	-10.820	-50.753	-137.1
11.91	-10.831	-51.134	-124.1
11.92	-10.840	-51.138	-113.6
11.93	-10.849	-51.111	-113.8
11.94	-10.858	-50.481	-108.4
11.95	-10.867	-47.748	-94.8
11.96	-10.874	-42.556	-83.2
11.97	-10.881	-36.470	-83.1
11.98	-10.887	-30.741	-87.0
11.99	-10.893	-25.714	-85.6
12.0	-10.898	-21.464	-79.4
12.01	-10.903	-18.025	-78.3
12.02	-10.908	-15.388	-87.7
12.03	-10.914	-13.513	-90.7
12.04	-10.921	-12.363	-84.7
12.05	-10.928	-11.853	-80.3
12.06	-10.936	-11.850	-81.3
12.07	-10.941	-12.228	-88.5
12.08	-10.945	-12.930	-89.8
12.09	-10.947	-13.930	-81.5
12.1	-10.947	-15.113	-82.0
12.11	-10.945	-16.314	-84.8
12.12	-10.943	-17.464	-75.0
12.13	-10.941	-18.544	-74.8
12.14	-10.937	-19.539	-76.6
12.15	-10.932	-20.434	-72.7
12.16	-10.925	-21.219	-76.1
12.17	-10.918	-21.903	-74.2
12.18	-10.909	-22.480	-59.8
12.19	-10.900	-22.878	-50.9
12.2	-10.889	-23.055	-41.7
12.21	-10.879	-23.128	-15.3
12.22	-10.869	-23.278	4.1
12.23	-10.858	-23.495	-2.8
12.24	-10.844	-23.653	-25.5
12.25	-10.830	-23.666	-49.3
12.26	-10.813	-23.433	-65.0
12.27	-10.794	-22.956	-73.8
12.28	-10.774	-22.489	-76.8
12.29	-10.754	-22.181	-78.0
12.3	-10.737	-21.903	-75.3
12.31	-10.721	-21.534	-71.7
12.32	-10.708	-21.017	-76.2
12.33	-10.694	-20.406	-89.8
12.34	-10.676	-19.789	-86.6
12.35	-10.653	-19.195	36.7
12.36	-10.627	-18.655	350.3
12.37	-10.603	-18.236	621.9
12.38	-10.586	-17.978	488.3
12.39	-10.571	-17.873	53.0
12.4	-10.553	-17.908	-240.4
12.41	-10.537	-18.066	-266.2
12.42	-10.523	-18.250	-185.1
12.43	-10.507	-18.345	-108.0
12.44	-10.486	-18.356	-62.9
12.45	-10.461	-18.281	-46.8
12.46	-10.430	-18.084	-41.6
12.47	-10.396	-17.783	-34.3
12.48	-10.363	-17.438	-21.8
12.49	-10.331	-17.128	-10.1
12.5	-10.299	-16.894	4.9
12.51	-10.268	-16.633	19.6
12.52	-10.238	-15.995	25.1
12.53	-10.211	-14.427	35.4
12.54	-10.184	-11.438	57.4
12.55	-10.159	-6.769	83.7
12.56	-10.134	-0.306	110.0
12.57	-10.109	8.770	144.8
12.58	-10.084	22.648	193.9
12.59	-10.059	38.742	226.9
12.6	-10.033	48.636	238.8
12.61	-10.008	51.027	245.2
12.62	-9.982	51.133	227.2
12.63	-9.958	51.139	178.3
12.64	-9.934	51.134	110.9
12.65	-9.909	51.050	37.7
12.66	-9.884	49.130	-21.1
12.67	-9.859	41.002	-63.7
12.68	-9.836	26.627	-92.4
12.69	-9.816	11.742	-109.0
12.7	-9.796	-0.475	-120.6
12.71	-9.773	-10.419	-123.5
12.72	-9.748	-19.148	-123.2
12.73	-9.722	-27.739	-122.7
12.74	-9.699	-36.708	-119.3
12.75	-9.677	-44.895	-121.3
12.76	-9.656	-49.739	-122.2
12.77	-9.635	-51.058	-113.8
12.78	-9.614	-51.136	-103.8
12.79	-9.595	-51.136	-96.0
12.8	-9.578	-50.866	-91.8
12.81	-9.561	-49.058	-91.8
12.82	-9.544	-44.819	-89.5
12.83	-9.527	-39.316	-87.2
12.84	-9.509	-33.878	-83.0
12.85	-9.490	-28.809	-78.8
12.86	-9.471	-24.167	-81.0
12.87	-9.453	-20.138	-81.8
12.88	-9.434	-16.989	-78.0
12.89	-9.416	-14.808	-75.6
12.9	-9.398	-13.473	-78.1
12.91	-9.380	-12.805	-85.1
12.92	-9.363	-12.656	-85.4
12.93	-9.346	-12.934	-76.3
12.94	-9.329	-13.584	-71.1
12.95	-9.312	-14.489	-74.1
12.96	-9.295	-15.486	-74.4
12.97	-9.280	-16.525	-73.3
12.98	-9.266	-17.650	-77.8
12.99	-9.252	-18.830	-78.1
13.0	-9.240	-19.936	-66.2
13.01	-9.226	-20.917	-56.8
13.02	-9.213	-21.819	-50.3
13.03	-9.199	-22.628	-43.4
13.04	-9.186	-23.289	-25.4
13.05	-9.174	-23.773	1.7
13.06	-9.162	-24.086	3.3
13.07	-9.152	-24.311	-7.9
13.08	-9.141	-24.495	-25.6
13.09	-9.130	-24.570	-54.7
13.1	-9.116	-24.534	-68.5
13.11	-9.102	-24.447	-75.8
13.12	-9.088	-24.253	-78.8
13.13	-9.072	-23.853	-75.4
13.14	-9.058	-23.231	-77.6
13.15	-9.044	-22.608	-88.8
13.16	-9.034	-22.203	-96.2
13.17	-9.024	-21.922	-99.6
13.18	-9.011	-21.619	-61.8
13.19	-8.997	-21.286	132.5
13.2	-8.983	-20.928	476.1
13.21	-8.972	-20.577	644.2
13.22	-8.963	-20.275	358.5
13.23	-8.954	-19.983	-92.9
13.24	-8.944	-19.645	-294.5
13.25	-8.938	-19.317	-257.2
13.26	-8.933	-19.070	-159.0
13.27	-8.929	-18.853	-91.6
13.28	-8.922	-18.563	-59.6
13.29	-8.914	-18.170	-47.2
13.3	-8.901	-17.747	-44.4
13.31	-8.888	-17.338	-40.8
13.32	-8.872	-16.934	-32.5
13.33	-8.856	-16.538	-21.9
13.34	-8.838	-16.066	-14.3
13.35	-8.821	-15.242	3.2
13.36	-8.804	-13.567	26.5
13.37	-8.787	-10.450	40.4
13.38	-8.771	-5.445	63.3
13.39	-8.757	1.733	95.1
13.4	-8.742	12.480	121.8
13.41	-8.728	28.206	152.5
13.42	-8.714	43.223	187.2
13.43	-8.701	50.109	215.6
13.44	-8.690	51.122	232.9
13.45	-8.679	51.136	228.6
13.46	-8.669	51.139	201.6
13.47	-8.660	51.136	148.6
13.48	-8.652	51.102	72.7
13.49	-8.645	49.964	-1.4
13.5	-8.639	43.813	-57.4
13.51	-8.633	31.514	-98.3
13.52	-8.629	18.094	-119.3
13.53	-8.627	6.881	-130.7
13.54	-8.626	-2.667	-137.9
13.55	-8.622	-11.592	-136.2
13.56	-8.614	-20.733	-134.8
13.57	-8.607	-30.636	-134.8
13.58	-8.601	-40.714	-134.0
13.59	-8.596	-48.028	-137.1
13.6	-8.591	-50.795	-137.8
13.61	-8.586	-51.134	-126.7
13.62	-8.582	-51.141	-122.3
13.63	-8.579	-51.136	-123.8
13.64	-8.577	-50.991	-113.7
13.65	-8.575	-49.525	-107.0
13.66	-8.574	-45.197	-107.8
13.67	-8.573	-38.833	-105.8
13.68	-8.571	-32.450	-99.9
13.69	-8.569	-26.866	-97.4
13.7	-8.567	-22.202	-95.8
13.71	-8.565	-18.455	-93.3
13.72	-8.564	-15.573	-90.7
13.73	-8.562	-13.481	-92.3
13.74	-8.560	-12.153	-95.5
13.75	-8.559	-11.602	-97.2
13.76	-8.557	-11.783	-96.5
13.77	-8.556	-12.569	-94.8
13.78	-8.555	-13.758	-93.0
13.79	-8.554	-15.123	-91.6
13.8	-8.553	-16.498	-98.3
13.81	-8.553	-17.833	-106.5
13.82	-8.552	-19.147	-100.6
13.83	-8.551	-20.472	-92.3
13.84	-8.549	-21.784	-93.4
13.85	-8.548	-22.938	-97.2
13.86	-8.547	-23.806	-93.1
13.87	-8.546	-24.455	-76.3
13.88	-8.546	-24.956	-63.9
13.89	-8.546	-25.291	-62.8
13.9	-8.546	-25.494	-42.4
13.91	-8.547	-25.630	-12.6
13.92	-8.549	-25.692	-9.4
13.93	-8.551	-25.659	-27.6
13.94	-8.554	-25.491	-56.1
13.95	-8.556	-25.178	-82.7
13.96	-8.557	-24.775	-93.7
13.97	-8.557	-24.339	-95.6
13.98	-8.555	-23.856	-99.0
13.99	-8.553	-23.275	-102.2
14.0	-8.551	-22.603	-101.7
14.01	-8.551	-21.980	-98.6
14.02	-8.552	-21.517	-100.9
14.03	-8.553	-21.183	-113.4
14.04	-8.551	-20.942	-59.4
14.05	-8.548	-20.750	188.1
14.06	-8.547	-20.494	561.7
14.07	-8.548	-20.152	668.5
14.08	-8.550	-19.867	298.7
14.09	-8.551	-19.709	-151.7
14.1	-8.553	-19.603	-303.0
14.11	-8.558	-19.484	-239.3
14.12	-8.565	-19.323	-143.5
14.13	-8.574	-19.172	-89.2
14.14	-8.581	-19.091	-69.7
14.15	-8.582	-19.014	-62.4
14.16	-8.579	-18.811	-54.1
14.17	-8.574	-18.439	-44.4
14.18	-8.570	-17.956	-36.3
14.19	-8.566	-17.373	-17.5
14.2	-8.561	-16.492	0.3
14.21	-8.557	-14.889	3.4
14.22	-8.552	-11.978	13.6
14.23	-8.547	-7.092	37.9
14.24	-8.541	0.914	63.3
14.25	-8.536	14.091	85.6
14.26	-8.530	31.642	116.2
14.27	-8.525	45.545	160.2
14.28	-8.521	50.602	201.8
14.29	-8.517	51.125	229.8
14.3	-8.513	51.139	243.5
14.31	-8.511	51.139	230.6
14.32	-8.508	51.139	193.0
14.33	-8.507	51.130	132.7
14.34	-8.507	50.784	57.8
14.35	-8.508	47.508	-9.5
14.36	-8.509	38.427	-68.8
14.37	-8.512	26.128	-113.4
14.38	-8.516	14.845	-133.2
14.39	-8.521	5.247	-139.3
14.4	-8.524	-3.533	-140.8
14.41	-8.523	-12.595	-142.0
14.42	-8.521	-22.881	-145.9
14.43	-8.521	-34.431	-147.3
14.44	-8.521	-44.659	-145.7
14.45	-8.523	-49.963	-142.6
14.46	-8.525	-51.095	-135.4
14.47	-8.528	-51.139	-130.8
14.48	-8.532	-51.141	-131.5
14.49	-8.535	-51.136	-128.1
14.5	-8.537	-51.052	-119.1
14.51	-8.540	-49.780	-118.4
14.52	-8.543	-45.386	-120.2
14.53	-8.546	-38.372	-114.4
14.54	-8.549	-31.163	-105.9
14.55	-8.552	-24.970	-99.2
14.56	-8.555	-20.039	-98.3
14.57	-8.559	-16.372	-105.6
14.58	-8.562	-13.853	-110.2
14.59	-8.565	-12.319	-108.7
14.6	-8.568	-11.583	-103.0
14.61	-8.569	-11.513	-94.4
14.62	-8.571	-12.100	-94.9
14.63	-8.572	-13.334	-98.5
14.64	-8.575	-15.052	-95.9
14.65	-8.578	-16.995	-91.2
14.66	-8.580	-18.938	-92.2
14.67	-8.582	-20.708	-94.9
14.68	-8.586	-22.214	-88.6
14.69	-8.588	-23.509	-90.5
14.7	-8.591	-24.650	-92.9
14.71	-8.594	-25.609	-86.1
14.72	-8.597	-26.409	-79.8
14.73	-8.601	-27.111	-77.9
14.74	-8.604	-27.678	-78.1
14.75	-8.609	-27.992	-77.3
14.76	-8.613	-28.003	-79.4
14.77	-8.617	-27.814	-74.9
14.78	-8.620	-27.559	-61.5
14.79	-8.624	-27.269	-52.4
14.8	-8.627	-26.931	-48.8
14.81	-8.632	-26.586	-41.7
14.82	-8.637	-26.273	-20.6
14.83	-8.643	-25.928	-2.3
14.84	-8.650	-25.434	-1.8
14.85	-8.659	-24.786	-15.3
14.86	-8.668	-24.072	-38.5
14.87	-8.676	-23.342	-59.3
14.88	-8.684	-22.611	-75.7
14.89	-8.691	-21.891	-83.2
14.9	-8.699	-21.178	-81.5
14.91	-8.709	-20.498	-83.7
14.92	-8.721	-19.925	-89.2
14.93	-8.739	-19.469	-90.1
14.94	-8.760	-19.108	-91.3
14.95	-8.781	-18.848	-100.5
14.96	-8.798	-18.720	-17.3
14.97	-8.815	-18.728	288.1
14.98	-8.835	-18.834	653.3
14.99	-8.858	-18.980	638.4
15.0	-8.881	-19.172	182.8
15.01	-8.904	-19.494	-216.4
15.02	-8.926	-19.911	-294.2
15.03	-8.952	-20.269	-209.4
15.04	-8.979	-20.453	-117.6
15.05	-9.007	-20.478	-75.7
15.06	-9.033	-20.417	-63.3
15.07	-9.054	-20.273	-51.6
15.08	-9.072	-20.070	-41.0
15.09	-9.088	-19.777	-32.1
15.1	-9.101	-19.358	-19.4
15.11	-9.114	-18.814	-4.6
15.12	-9.127	-17.909	6.7
15.13	-9.139	-16.047	16.1
15.14	-9.152	-12.473	28.4
15.15	-9.166	-6.411	45.9
15.16	-9.181	3.497	70.8
15.17	-9.196	18.933	104.9
15.18	-9.211	36.678	143.8
15.19	-9.226	47.992	185.4
15.2	-9.241	50.981	222.4
15.21	-9.256	51.131	245.4
15.22	-9.272	51.139	254.8
15.23	-9.289	51.139	241.3
15.24	-9.306	51.138	200.9
15.25	-9.324	51.128	137.0
15.26	-9.344	50.550	58.3
15.27	-9.364	46.236	-14.8
15.28	-9.384	35.795	-70.9
15.29	-9.405	22.772	-109.2
15.3	-9.429	11.188	-128.4
15.31	-9.454	1.231	-138.0
15.32	-9.480	-8.161	-143.4
15.33	-9.504	-18.045	-144.1
15.34	-9.527	-29.102	-144.9
15.35	-9.550	-40.414	-147.4
15.36	-9.573	-48.244	-144.1
15.37	-9.596	-50.881	-134.1
15.38	-9.619	-51.133	-127.9
15.39	-9.642	-51.141	-129.0
15.4	-9.665	-51.141	-130.4
15.41	-9.687	-51.136	-130.0
15.42	-9.709	-50.883	-127.3
15.43	-9.731	-48.780	-124.0
15.44	-9.752	-43.241	-119.2
15.45	-9.773	-35.752	-119.1
15.46	-9.794	-28.692	-114.5
15.47	-9.813	-22.833	-104.1
15.48	-9.831	-18.298	-106.2
15.49	-9.848	-15.116	-108.9
15.5	-9.864	-13.209	-100.7
15.51	-9.881	-12.383	-98.3
15.52	-9.899	-12.353	-99.8
15.53	-9.917	-12.786	-99.9
15.54	-9.935	-13.469	-100.8
15.55	-9.953	-14.420	-99.3
15.56	-9.971	-15.741	-93.9
15.57	-9.990	-17.389	-93.6
15.58	-10.007	-19.156	-98.1
15.59	-10.024	-20.877	-92.3
15.6	-10.039	-22.470	-84.5
15.61	-10.056	-23.798	-89.3
15.62	-10.071	-24.773	-91.9
15.63	-10.088	-25.542	-83.4
15.64	-10.103	-26.242	-73.8
15.65	-10.119	-26.806	-78.5
15.66	-10.135	-27.202	-87.0
15.67	-10.150	-27.516	-83.4
15.68	-10.165	-27.742	-72.6
15.69	-10.179	-27.778	-63.8
15.7	-10.194	-27.650	-59.2
15.71	-10.209	-27.481	-54.6
15.72	-10.224	-27.355	-43.6
15.73	-10.239	-27.205	-25.5
15.74	-10.254	-26.872	-7.5
15.75	-10.271	-26.336	5.5
15.76	-10.288	-25.680	5.3
15.77	-10.305	-24.903	-17.4
15.78	-10.321	-24.002	-45.4
15.79	-10.336	-23.059	-63.3
15.8	-10.349	-22.153	-74.7
15.81	-10.362	-21.284	-79.6
15.82	-10.373	-20.488	-80.7
15.83	-10.384	-19.847	-81.0
15.84	-10.396	-19.377	-80.3
15.85	-10.411	-19.041	-81.2
15.86	-10.426	-18.842	-90.2
15.87	-10.440	-18.753	-92.9
15.88	-10.450	-18.722	7.3
15.89	-10.459	-18.750	306.8
15.9	-10.467	-18.855	624.6
15.91	-10.478	-19.027	555.4
15.92	-10.490	-19.275	109.5
15.93	-10.502	-19.538	-243.6
15.94	-10.514	-19.706	-304.3
15.95	-10.529	-19.778	-221.9
15.96	-10.545	-19.852	-124.8
15.97	-10.560	-19.964	-71.1
15.98	-10.571	-20.061	-55.1
15.99	-10.578	-20.094	-44.3
16.0	-10.581	-19.995	-39.3
16.01	-10.582	-19.716	-32.9
16.02	-10.581	-19.383	-17.2
16.03	-10.580	-19.094	-6.2
16.04	-10.578	-18.680	7.9
16.05	-10.576	-17.725	19.7
16.06	-10.576	-15.727	30.2
16.07	-10.576	-12.125	53.0
16.08	-10.577	-5.931	81.3
16.09	-10.579	4.375	113.1
16.1	-10.581	19.853	148.4
16.11	-10.584	37.067	184.3
16.12	-10.586	48.009	222.4
16.13	-10.589	50.973	247.3
16.14	-10.591	51.131	245.9
16.15	-10.593	51.139	227.8
16.16	-10.595	51.139	194.4
16.17	-10.597	51.128	131.6
16.18	-10.599	50.920	51.3
16.19	-10.601	47.886	-19.4
16.2	-10.602	37.789	-70.7
16.21	-10.604	22.741	-104.2
16.22	-10.611	8.758	-125.8
16.23	-10.618	-2.550	-137.1
16.24	-10.623	-12.359	-140.3
16.25	-10.626	-21.900	-140.0
16.26	-10.630	-32.016	-136.4
16.27	-10.636	-42.006	-137.8
16.28	-10.643	-48.731	-137.0
16.29	-10.649	-50.934	-132.4
16.3	-10.653	-51.133	-130.6
16.31	-10.658	-51.141	-127.1
16.32	-10.664	-51.139	-123.1
16.33	-10.672	-51.102	-117.3
16.34	-10.681	-50.294	-105.1
16.35	-10.690	-46.864	-97.5
16.36	-10.699	-40.681	-98.8
16.37	-10.709	-33.947	-95.9
16.38	-10.717	-27.989	-87.7
16.39	-10.726	-22.991	-85.8
16.4	-10.734	-18.998	-87.4
16.41	-10.741	-16.020	-83.8
16.42	-10.747	-14.066	-81.0
16.43	-10.753	-13.077	-84.6
16.44	-10.756	-12.875	-86.2
16.45	-10.759	-13.231	-84.4
16.46	-10.761	-13.927	-82.4
16.47	-10.761	-14.827	-87.0
16.48	-10.761	-15.913	-90.1
16.49	-10.759	-17.178	-87.6
16.5	-10.758	-18.492	-89.0
16.51	-10.755	-19.705	-88.7
16.52	-10.751	-20.836	-84.9
16.53	-10.747	-21.956	-81.9
16.54	-10.744	-23.027	-76.0
16.55	-10.740	-23.967	-70.6
16.56	-10.737	-24.675	-71.7
16.57	-10.733	-25.052	-77.6
16.58	-10.729	-25.152	-74.5
16.59	-10.726	-25.206	-62.4
16.6	-10.721	-25.389	-51.0
16.61	-10.716	-25.639	-34.5
16.62	-10.711	-25.817	-8.1
16.63	-10.704	-25.891	2.9
16.64	-10.699	-25.864	-10.2
16.65	-10.693	-25.697	-32.9
16.66	-10.686	-25.347	-57.4
16.67	-10.676	-24.909	-71.2
16.68	-10.662	-24.522	-79.2
16.69	-10.645	-24.159	-88.8
16.7	-10.626	-23.691	-88.5
16.71	-10.606	-23.047	-82.3
16.72	-10.589	-22.280	-81.9
16.73	-10.574	-21.498	-85.9
16.74	-10.562	-20.777	-96.1
16.75	-10.546	-20.139	-87.7
16.76	-10.526	-19.594	47.3
16.77	-10.505	-19.172	363.0
16.78	-10.489	-18.930	621.2
16.79	-10.479	-18.863	466.2
16.8	-10.472	-18.911	19.5
16.81	-10.461	-19.036	-264.8
16.82	-10.453	-19.239	-282.8
16.83	-10.446	-19.475	-200.8
16.84	-10.435	-19.605	-119.0
16.85	-10.419	-19.639	-73.8
16.86	-10.396	-19.733	-53.7
16.87	-10.368	-19.884	-42.2
16.88	-10.335	-19.998	-35.0
16.89	-10.301	-20.020	-23.7
16.9	-10.268	-19.855	-19.9
16.91	-10.234	-19.403	-17.7
16.92	-10.199	-18.741	-0.3
16.93	-10.166	-17.689	13.8
16.94	-10.133	-15.597	27.6
16.95	-10.102	-11.916	50.3
16.96	-10.071	-6.270	75.7
16.97	-10.041	2.416	109.3
16.98	-10.011	16.238	146.9
16.99	-9.982	33.747	182.9
17.0	-9.954	46.600	216.2
17.01	-9.927	50.780	233.5
17.02	-9.900	51.123	234.8
17.03	-9.874	51.139	219.4
17.04	-9.849	51.139	172.8
17.05	-9.823	51.131	99.2
17.06	-9.798	50.986	20.3
17.07	-9.773	48.353	-45.9
17.08	-9.748	38.836	-88.3
17.09	-9.724	23.891	-115.2
17.1	-9.704	9.605	-130.9
17.11	-9.686	-1.986	-136.9
17.12	-9.664	-11.953	-142.3
17.13	-9.641	-21.519	-144.6
17.14	-9.617	-31.475	-142.9
17.15	-9.594	-41.320	-144.8
17.16	-9.573	-48.294	-143.8
17.17	-9.553	-50.842	-138.8
17.18	-9.533	-51.134	-134.3
17.19	-9.515	-51.141	-130.8
17.2	-9.498	-51.139	-128.5
17.21	-9.482	-51.128	-123.8
17.22	-9.467	-50.719	-115.7
17.23	-9.451	-48.309	-109.5
17.24	-9.435	-43.050	-105.2
17.25	-9.419	-36.623	-104.3
17.26	-9.402	-30.609	-98.2
17.27	-9.387	-25.338	-89.5
17.28	-9.371	-20.995	-94.1
17.29	-9.354	-17.730	-96.9
17.3	-9.338	-15.489	-93.4
17.31	-9.321	-14.083	-96.6
17.32	-9.305	-13.381	-98.6
17.33	-9.290	-13.323	-97.5
17.34	-9.276	-13.794	-92.4
17.35	-9.263	-14.648	-87.9
17.36	-9.250	-15.784	-90.6
17.37	-9.237	-17.109	-91.0
17.38	-9.223	-18.463	-90.2
17.39	-9.209	-19.756	-92.4
17.4	-9.196	-21.058	-88.5
17.41	-9.181	-22.372	-83.1
17.42	-9.168	-23.577	-82.0
17.43	-9.155	-24.559	-83.4
17.44	-9.141	-25.305	-84.9
17.45	-9.127	-25.861	-81.9
17.46	-9.114	-26.261	-72.8
17.47	-9.100	-26.464	-63.4
17.48	-9.086	-26.509	-53.4
17.49	-9.072	-26.534	-39.7
17.5	-9.059	-26.595	-15.9
17.51	-9.047	-26.631	0.7
17.52	-9.037	-26.570	-12.4
17.53	-9.027	-26.405	-34.8
17.54	-9.017	-26.188	-51.4
17.55	-9.006	-25.898	-72.4
17.56	-8.994	-25.420	-85.9
17.57	-8.981	-24.797	-87.6
17.58	-8.968	-24.288	-90.0
17.59	-8.954	-23.970	-91.3
17.6	-8.941	-23.591	-90.9
17.61	-8.932	-22.981	-89.8
17.62	-8.923	-22.177	-97.4
17.63	-8.912	-21.400	-111.0
17.64	-8.899	-20.833	-25.5
17.65	-8.886	-20.431	264.1
17.66	-8.874	-20.133	600.1
17.67	-8.864	-19.836	587.1
17.68	-8.855	-19.363	160.8
17.69	-8.845	-18.834	-224.3
17.7	-8.837	-18.589	-305.2
17.71	-8.832	-18.611	-225.0
17.72	-8.829	-18.694	-129.8
17.73	-8.825	-18.733	-80.9
17.74	-8.819	-18.655	-69.5
17.75	-8.809	-18.466	-62.4
17.76	-8.797	-18.220	-54.7
17.77	-8.784	-17.986	-41.9
17.78	-8.770	-17.778	-24.6
17.79	-8.756	-17.473	-14.6
17.8	-8.741	-16.728	-9.5
17.81	-8.727	-15.069	-0.3
17.82	-8.713	-12.083	16.2
17.83	-8.699	-7.428	34.2
17.84	-8.685	-0.756	55.9
17.85	-8.672	9.170	86.5
17.86	-8.659	24.480	122.2
17.87	-8.646	40.828	159.0
17.88	-8.634	49.480	194.7
17.89	-8.622	51.088	222.2
17.9	-8.611	51.134	230.3
17.91	-8.601	51.139	215.2
17.92	-8.592	51.139	177.6
17.93	-8.586	51.128	116.8
17.94	-8.580	50.673	37.8
17.95	-8.575	46.603	-29.1
17.96	-8.571	35.767	-71.5
17.97	-8.567	21.745	-110.4
17.98	-8.566	9.550	-135.2
17.99	-8.567	-0.520	-140.3
18.0	-8.567	-9.672	-141.6
18.01	-8.563	-18.744	-142.4
18.02	-8.557	-28.300	-141.1
18.03	-8.553	-38.319	-140.4
18.04	-8.548	-46.572	-140.8
18.05	-8.544	-50.433	-140.5
18.06	-8.542	-51.119	-137.5
18.07	-8.539	-51.139	-130.1
18.08	-8.537	-51.141	-121.0
18.09	-8.535	-51.138	-122.3
18.1	-8.534	-50.984	-118.5
18.11	-8.533	-49.508	-109.9
18.12	-8.533	-45.261	-108.1
18.13	-8.532	-39.153	-104.5
18.14	-8.531	-33.086	-102.2
18.15	-8.531	-27.708	-102.7
18.16	-8.530	-23.161	-99.3
18.17	-8.530	-19.567	-95.6
18.18	-8.530	-16.919	-95.0
18.19	-8.529	-15.102	-92.0
18.2	-8.528	-14.056	-90.3
18.21	-8.527	-13.753	-94.3
18.22	-8.526	-14.063	-93.9
18.23	-8.526	-14.831	-92.5
18.24	-8.525	-15.991	-90.8
18.25	-8.524	-17.456	-92.3
18.26	-8.524	-19.056	-94.1
18.27	-8.524	-20.595	-90.3
18.28	-8.524	-21.966	-90.7
18.29	-8.524	-23.186	-88.3
18.3	-8.526	-24.303	-84.6
18.31	-8.527	-25.305	-88.4
18.32	-8.529	-26.138	-86.2
18.33	-8.529	-26.722	-86.8
18.34	-8.530	-27.028	-85.9
18.35	-8.530	-27.167	-79.2
18.36	-8.529	-27.272	-80.7
18.37	-8.528	-27.328	-76.3
18.38	-8.527	-27.200	-61.0
18.39	-8.527	-26.903	-53.3
18.4	-8.526	-26.678	-57.8
18.41	-8.526	-26.625	-51.6
18.42	-8.525	-26.597	-21.6
18.43	-8.525	-26.459	5.3
18.44	-8.526	-26.234	3.3
18.45	-8.528	-25.977	-17.1
18.46	-8.531	-25.572	-40.4
18.47	-8.534	-24.934	-68.4
18.48	-8.537	-24.206	-87.8
18.49	-8.538	-23.455	-93.1
18.5	-8.538	-22.597	-92.5
18.51	-8.537	-21.570	-96.4
18.52	-8.537	-20.553	-100.3
18.53	-8.539	-19.802	-92.5
18.54	-8.543	-19.247	-93.1
18.55	-8.544	-18.803	-105.9
18.56	-8.542	-18.505	-32.7
18.57	-8.539	-18.313	247.8
18.58	-8.539	-18.173	614.6
18.59	-8.542	-18.055	651.3
18.6	-8.544	-17.941	231.2
18.61	-8.546	-17.852	-196.6
18.62	-8.549	-17.800	-310.0
18.63	-8.556	-17.748	-230.9
18.64	-8.566	-17.722	-131.5
18.65	-8.576	-17.725	-76.8
18.66	-8.581	-17.688	-63.5
18.67	-8.582	-17.609	-61.3
18.68	-8.578	-17.528	-50.8
18.69	-8.574	-17.430	-36.3
18.7	-8.570	-17.236	-28.4
18.71	-8.566	-16.797	-24.1
18.72	-8.563	-15.859	-12.0
18.73	-8.558	-14.019	7.4
18.74	-8.553	-10.791	25.0
18.75	-8.548	-5.745	39.4
18.76	-8.543	1.378	57.4
18.77	-8.537	11.536	87.9
18.78	-8.533	26.664	130.1
18.79	-8.529	42.219	167.1
18.8	-8.526	49.908	193.5
18.81	-8.524	51.117	220.1
18.82	-8.523	51.136	240.5
18.83	-8.523	51.139	235.0
18.84	-8.524	51.138	203.3
18.85	-8.526	51.127	142.7
18.86	-8.527	50.492	65.2
18.87	-8.530	45.700	-13.9
18.88	-8.533	34.116	-75.9
18.89	-8.535	19.870	-103.6
18.9	-8.541	7.502	-118.6
18.91	-8.549	-2.819	-131.0
18.92	-8.554	-11.973	-136.2
18.93	-8.555	-20.758	-141.8
18.94	-8.554	-29.842	-143.3
18.95	-8.555	-39.292	-135.1
18.96	-8.558	-47.000	-130.1
18.97	-8.561	-50.528	-137.3
18.98	-8.563	-51.123	-136.2
18.99	-8.566	-51.139	-122.1
19.0	-8.569	-51.141	-119.2
19.01	-8.572	-51.138	-121.6
19.02	-8.576	-50.955	-114.5
19.03	-8.579	-49.378	-108.8
19.04	-8.582	-45.134	-107.1
19.05	-8.587	-39.267	-103.3
19.06	-8.591	-33.539	-99.9
19.07	-8.596	-28.491	-101.1
19.08	-8.602	-24.208	-100.0
19.09	-8.609	-20.694	-97.9
19.1	-8.617	-17.928	-95.6
19.11	-8.628	-15.955	-92.8
19.12	-8.641	-14.763	-96.5
19.13	-8.656	-14.245	-99.2
19.14	-8.672	-14.317	-95.3
19.15	-8.689	-14.902	-93.6
19.16	-8.707	-15.911	-91.8
19.17	-8.726	-17.228	-91.6
19.18	-8.748	-18.714	-93.3
19.19	-8.773	-20.239	-91.4
19.2	-8.798	-21.703	-91.3
19.21	-8.825	-23.027	-91.7
19.22	-8.852	-24.163	-85.4
19.23	-8.880	-25.069	-81.4
19.24	-8.908	-25.736	-82.6
19.25	-8.936	-26.248	-81.4
19.26	-8.962	-26.686	-79.4
19.27	-8.988	-27.045	-76.6
19.28	-9.014	-27.314	-72.9
19.29	-9.040	-27.513	-77.2
19.3	-9.066	-27.623	-77.0
19.31	-9.092	-27.619	-65.9
19.32	-9.119	-27.508	-55.5
19.33	-9.145	-27.378	-46.6
19.34	-9.171	-27.227	-32.1
19.35	-9.197	-26.891	-9.8
19.36	-9.223	-26.356	5.7
19.37	-9.249	-25.700	-4.3
19.38	-9.274	-24.797	-24.6
19.39	-9.299	-23.745	-43.3
19.4	-9.322	-22.859	-64.8
19.41	-9.344	-22.109	-82.6
19.42	-9.364	-21.320	-90.1
19.43	-9.383	-20.519	-91.6
19.44	-9.401	-19.780	-90.9
19.45	-9.419	-19.105	-93.7
19.46	-9.438	-18.456	-91.4
19.47	-9.458	-17.864	-93.9
19.48	-9.478	-17.422	-107.8
19.49	-9.494	-17.202	-18.9
19.5	-9.509	-17.161	291.3
19.51	-9.525	-17.213	643.4
19.52	-9.543	-17.308	608.0
19.53	-9.561	-17.406	143.5
19.54	-9.579	-17.478	-244.2
19.55	-9.598	-17.536	-307.8
19.56	-9.617	-17.609	-217.8
19.57	-9.641	-17.673	-118.0
19.58	-9.665	-17.645	-66.0
19.59	-9.688	-17.523	-56.8
19.6	-9.708	-17.381	-53.2
19.61	-9.725	-17.245	-39.9
19.62	-9.740	-17.109	-22.9
19.63	-9.754	-16.925	-16.2
19.64	-9.768	-16.620	-12.3
19.65	-9.781	-16.055	1.4
19.66	-9.794	-14.878	18.5
19.67	-9.807	-12.570	31.2
19.68	-9.819	-8.666	48.3
19.69	-9.831	-2.916	77.0
19.7	-9.842	4.847	112.3
19.71	-9.853	16.253	147.3
19.72	-9.864	32.125	181.4
19.73	-9.874	45.548	214.3
19.74	-9.885	50.602	242.2
19.75	-9.896	51.123	253.7
19.76	-9.908	51.139	243.0
19.77	-9.922	51.138	206.6
19.78	-9.936	51.127	145.9
19.79	-9.951	50.569	70.5
19.8	-9.967	45.983	-3.7
19.81	-9.982	34.138	-58.0
19.82	-10.000	18.700	-91.8
19.83	-10.019	4.895	-118.5
19.84	-10.041	-6.319	-133.1
19.85	-10.058	-15.759	-133.2
19.86	-10.073	-24.395	-134.4
19.87	-10.087	-32.945	-136.8
19.88	-10.103	-41.375	-132.6
19.89	-10.120	-47.856	-130.7
19.9	-10.138	-50.677	-130.0
19.91	-10.155	-51.130	-125.7
19.92	-10.172	-51.139	-122.3
19.93	-10.189	-51.138	-116.0
19.94	-10.206	-51.023	-110.0
19.95	-10.222	-49.830	-112.9
19.96	-10.237	-46.214	-117.9
19.97	-10.253	-40.728	-113.8
19.98	-10.269	-34.938	-102.9
19.99	-10.287	-29.491	-96.3
20.0	-10.305	-24.647	-95.8
20.01	-10.324	-20.686	-95.9
20.02	-10.341	-17.723	-95.2
20.03	-10.355	-15.644	-101.5
20.04	-10.368	-14.258	-103.0
20.05	-10.380	-13.420	-97.5
20.06	-10.391	-13.055	-93.6
20.07	-10.401	-13.150	-92.2
20.08	-10.409	-13.658	-94.3
20.09	-10.417	-14.488	-97.5
20.1	-10.425	-15.570	-96.3
20.11	-10.434	-16.853	-93.0
20.12	-10.443	-18.216	-91.3
20.13	-10.451	-19.486	-91.3
20.14	-10.461	-20.595	-92.6
20.15	-10.471	-21.628	-90.3
20.16	-10.481	-22.669	-85.6
20.17	-10.492	-23.664	-83.8
20.18	-10.502	-24.519	-83.6
20.19	-10.512	-25.255	-83.3
20.2	-10.521	-25.867	-77.4
20.21	-10.531	-26.206	-65.2
20.22	-10.541	-26.192	-55.7
20.23	-10.553	-26.030	-38.4
20.24	-10.564	-25.928	-11.3
20.25	-10.576	-25.695	-4.9
20.26	-10.587	-25.133	-19.1
20.27	-10.598	-24.544	-46.1
20.28	-10.607	-24.109	-73.2
20.29	-10.613	-23.656	-85.9
20.3	-10.618	-23.094	-90.3
20.31	-10.622	-22.430	-91.8
20.32	-10.626	-21.730	-91.6
20.33	-10.631	-21.083	-93.8
20.34	-10.638	-20.473	-98.9
20.35	-10.648	-19.844	-98.3
20.36	-10.659	-19.228	-102.6
20.37	-10.669	-18.666	-70.2
20.38	-10.674	-18.180	131.4
20.39	-10.679	-17.780	479.6
20.4	-10.685	-17.461	623.6
20.41	-10.696	-17.239	317.7
20.42	-10.708	-17.116	-117.5
20.43	-10.719	-17.073	-304.3
20.44	-10.731	-17.072	-272.2
20.45	-10.745	-17.059	-177.4
20.46	-10.757	-17.028	-102.6
20.47	-10.766	-16.988	-68.3
20.48	-10.768	-16.923	-58.8
20.49	-10.766	-16.811	-49.0
20.5	-10.761	-16.673	-34.7
20.51	-10.756	-16.539	-25.7
20.52	-10.751	-16.369	-16.8
20.53	-10.746	-16.095	-11.7
20.54	-10.743	-15.636	-2.9
20.55	-10.739	-14.764	13.9
20.56	-10.738	-13.038	32.7
20.57	-10.738	-9.969	59.7
20.58	-10.738	-5.219	88.3
20.59	-10.738	1.470	115.3
20.6	-10.738	11.463	149.3
20.61	-10.738	26.464	188.9
20.62	-10.738	41.766	223.9
20.63	-10.739	49.628	236.1
20.64	-10.739	51.091	229.9
20.65	-10.741	51.134	204.1
20.66	-10.741	51.134	151.7
20.67	-10.739	51.053	79.0
20.68	-10.737	49.205	3.3
20.69	-10.733	41.308	-53.9
20.7	-10.731	26.963	-92.6
20.71	-10.729	11.447	-119.2
20.72	-10.724	-1.713	-139.4
20.73	-10.713	-12.238	-148.5
20.74	-10.697	-20.823	-149.8
20.75	-10.681	-28.395	-151.7
20.76	-10.669	-35.611	-143.6
20.77	-10.660	-42.448	-141.1
20.78	-10.652	-47.823	-146.1
20.79	-10.641	-50.508	-140.3
20.8	-10.628	-51.111	-132.1
20.81	-10.616	-51.120	-126.5
20.82	-10.604	-50.684	-122.8
20.83	-10.594	-48.716	-120.4
20.84	-10.583	-44.811	-111.2
20.85	-10.571	-39.944	-99.5
20.86	-10.556	-34.927	-97.2
20.87	-10.541	-30.058	-101.3
20.88	-10.525	-25.627	-104.0
20.89	-10.509	-21.880	-100.3
20.9	-10.494	-18.884	-96.0
20.91	-10.479	-16.592	-96.4
20.92	-10.465	-14.875	-94.1
20.93	-10.451	-13.650	-93.0
20.94	-10.437	-13.003	-93.6
20.95	-10.422	-12.994	-101.8
20.96	-10.408	-13.497	-101.7
20.97	-10.393	-14.302	-88.6
20.98	-10.378	-15.252	-86.5
20.99	-10.363	-16.295	-89.2
21.0	-10.349	-17.394	-87.0
21.01	-10.336	-18.489	-85.8
21.02	-10.323	-19.495	-87.8
21.03	-10.311	-20.303	-89.8
21.04	-10.298	-20.884	-87.3
21.05	-10.286	-21.320	-83.8
21.06	-10.272	-21.656	-76.9
21.07	-10.257	-21.955	-64.3
21.08	-10.241	-22.273	-53.2
21.09	-10.224	-22.606	-45.6
21.1	-10.207	-22.963	-24.7
21.11	-10.191	-23.286	1.4
21.12	-10.175	-23.478	-6.1
21.13	-10.158	-23.464	-39.1
21.14	-10.140	-23.303	-63.5
21.15	-10.120	-23.095	-78.2
21.16	-10.099	-22.864	-88.6
21.17	-10.076	-22.608	-96.4
21.18	-10.053	-22.234	-99.5
21.19	-10.030	-21.688	-98.2
21.2	-10.008	-21.105	-94.1
21.21	-9.990	-20.581	-92.2
21.22	-9.973	-20.102	-96.9
21.23	-9.953	-19.628	-89.8
21.24	-9.930	-19.113	33.6
21.25	-9.905	-18.566	347.1
21.26	-9.884	-18.045	609.5
21.27	-9.868	-17.605	457.6
21.28	-9.853	-17.289	14.5
21.29	-9.837	-17.064	-269.0
21.3	-9.822	-16.808	-287.1
21.31	-9.809	-16.498	-204.3
21.32	-9.794	-16.266	-116.4
21.33	-9.777	-16.194	-67.9
21.34	-9.757	-16.211	-57.1
21.35	-9.733	-16.205	-50.2
21.36	-9.707	-16.123	-42.2
21.37	-9.680	-16.005	-34.4
21.38	-9.653	-15.911	-22.2
21.39	-9.627	-15.769	-12.4
21.4	-9.601	-15.334	-2.6
21.41	-9.576	-14.270	8.1
21.42	-9.552	-12.159	23.0
21.43	-9.529	-8.522	43.3
21.44	-9.506	-3.150	69.2
21.45	-9.484	3.892	105.5
21.46	-9.463	13.820	139.1
21.47	-9.441	28.514	167.0
21.48	-9.419	43.095	201.1
21.49	-9.399	50.047	225.0
21.5	-9.380	51.119	223.9
21.51	-9.363	51.136	204.3
21.52	-9.347	51.134	167.6
21.53	-9.333	51.048	100.7
21.54	-9.319	49.197	19.1
21.55	-9.306	41.514	-41.9
21.56	-9.293	27.880	-82.2
21.57	-9.282	13.439	-115.7
21.58	-9.274	1.330	-134.0
21.59	-9.264	-8.441	-141.9
21.6	-9.251	-16.588	-148.2
21.61	-9.236	-23.895	-152.1
21.62	-9.221	-30.983	-152.1
21.63	-9.209	-38.125	-146.6
21.64	-9.197	-44.772	-143.8
21.65	-9.188	-49.272	-145.2
21.66	-9.176	-50.930	-137.0
21.67	-9.166	-51.136	-128.2
21.68	-9.157	-51.045	-128.0
21.69	-9.148	-50.133	-120.8
21.7	-9.140	-47.317	-115.3
21.71	-9.132	-42.870	-117.6
21.72	-9.123	-37.983	-110.8
21.73	-9.112	-33.173	-101.3
21.74	-9.101	-28.533	-100.5
21.75	-9.090	-24.216	-104.7
21.76	-9.079	-20.384	-105.0
21.77	-9.069	-17.283	-102.2
21.78	-9.058	-15.152	-99.6
21.79	-9.047	-13.942	-100.3
21.8	-9.037	-13.398	-103.1
21.81	-9.028	-13.297	-96.8
21.82	-9.019	-13.553	-92.3
21.83	-9.011	-14.133	-99.2
21.84	-9.002	-14.958	-96.3
21.85	-8.994	-15.902	-94.1
21.86	-8.984	-16.864	-98.8
21.87	-8.975	-17.828	-95.6
21.88	-8.966	-18.789	-92.0
21.89	-8.958	-19.700	-90.9
21.9	-8.949	-20.561	-86.3
21.91	-8.941	-21.442	-83.9
21.92	-8.932	-22.331	-79.1
21.93	-8.923	-23.089	-76.9
21.94	-8.914	-23.620	-76.7
21.95	-8.906	-23.947	-65.3
21.96	-8.898	-24.144	-55.4
21.97	-8.890	-24.298	-39.2
21.98	-8.884	-24.431	-14.9
21.99	-8.878	-24.473	-11.5
22.0	-8.873	-24.345	-23.0
22.01	-8.867	-24.023	-45.8
22.02	-8.862	-23.561	-72.6
22.03	-8.854	-23.119	-84.8
22.04	-8.845	-22.720	-87.9
22.05	-8.834	-22.227	-94.2
22.06	-8.824	-21.613	-96.4
22.07	-8.814	-20.955	-94.8
22.08	-8.807	-20.283	-99.7
22.09	-8.802	-19.559	-103.0
22.1	-8.797	-18.805	-115.3
22.11	-8.789	-18.125	-91.0
22.12	-8.779	-17.598	98.2
22.13	-8.770	-17.223	446.2
22.14	-8.763	-16.941	648.4
22.15	-8.759	-16.723	396.2
22.16	-8.754	-16.589	-69.4
22.17	-8.749	-16.512	-300.6
22.18	-8.748	-16.363	-277.0
22.19	-8.750	-16.081	-182.3
22.2	-8.752	-15.873	-106.7
22.21	-8.751	-15.819	-72.2
22.22	-8.744	-15.797	-59.6
22.23	-8.736	-15.781	-53.4
22.24	-8.726	-15.741	-51.3
22.25	-8.714	-15.614	-41.8
22.26	-8.702	-15.358	-28.3
22.27	-8.689	-14.858	-21.6
22.28	-8.677	-13.784	-11.2
22.29	-8.665	-11.681	4.6
22.3	-8.653	-8.106	24.3
22.31	-8.643	-2.753	47.8
22.32	-8.632	4.520	67.9
22.33	-8.621	15.009	92.5
22.34	-8.610	30.178	128.8
22.35	-8.600	44.272	168.1
22.36	-8.591	50.338	201.2
22.37	-8.581	51.122	220.4
22.38	-8.572	51.138	221.9
22.39	-8.565	51.138	196.4
22.4	-8.559	51.128	145.3
22.41	-8.555	50.455	74.2
22.42	-8.551	45.655	-4.2
22.43	-8.549	34.263	-63.5
22.44	-8.546	20.159	-101.0
22.45	-8.547	7.817	-125.2
22.46	-8.550	-2.108	-138.2
22.47	-8.551	-10.353	-145.3
22.48	-8.549	-17.783	-150.4
22.49	-8.544	-25.044	-152.9
22.5	-8.539	-32.541	-150.2
22.51	-8.536	-40.267	-146.8
22.52	-8.533	-46.855	-142.7
22.53	-8.529	-50.314	-139.6
22.54	-8.525	-51.105	-136.4
22.55	-8.522	-51.136	-137.0
22.56	-8.520	-51.059	-134.9
22.57	-8.519	-50.161	-124.0
22.58	-8.519	-47.272	-120.1
22.59	-8.519	-42.552	-121.8
22.6	-8.521	-37.136	-121.3
22.61	-8.521	-31.825	-117.4
22.62	-8.521	-27.042	-111.3
22.63	-8.520	-22.983	-108.2
22.64	-8.519	-19.830	-100.8
22.65	-8.519	-17.711	-104.6
22.66	-8.518	-16.669	-116.4
22.67	-8.519	-16.558	-114.5
22.68	-8.519	-16.978	-109.2
22.69	-8.521	-17.566	-106.1
22.7	-8.522	-18.141	-103.7
22.71	-8.523	-18.641	-103.2
22.72	-8.523	-19.178	-102.8
22.73	-8.523	-19.888	-105.5
22.74	-8.523	-20.722	-106.3
22.75	-8.523	-21.509	-100.5
22.76	-8.523	-22.166	-96.8
22.77	-8.524	-22.777	-100.4
22.78	-8.525	-23.403	-104.3
22.79	-8.526	-23.972	-100.5
22.8	-8.527	-24.470	-95.5
22.81	-8.529	-24.944	-95.1
22.82	-8.531	-25.366	-90.3
22.83	-8.533	-25.677	-87.1
22.84	-8.533	-25.880	-85.2
22.85	-8.534	-26.042	-70.1
22.86	-8.536	-26.203	-56.2
22.87	-8.537	-26.325	-50.9
22.88	-8.539	-26.342	-28.1
22.89	-8.541	-26.231	-6.0
22.9	-8.543	-26.077	-14.3
22.91	-8.546	-25.973	-34.4
22.92	-8.548	-26.073	-56.3
22.93	-8.550	-27.058	-82.3
22.94	-8.551	-30.023	-94.5
22.95	-8.552	-33.927	-95.3
22.96	-8.552	-36.578	-97.0
22.97	-8.552	-38.523	-96.9
22.98	-8.553	-39.619	-99.4
22.99	-8.557	-37.778	-103.3
23.0	-8.561	-33.983	-107.2
23.01	-8.563	-31.331	-104.8
23.02	-8.561	-30.158	14.8
23.03	-8.559	-29.130	343.2
23.04	-8.560	-27.828	661.0
23.05	-8.563	-26.163	557.1
23.06	-8.566	-24.284	81.3
23.07	-8.569	-22.463	-265.2
23.08	-8.573	-20.963	-302.8
23.09	-8.581	-19.841	-211.4
23.1	-8.592	-18.848	-125.3
23.11	-8.602	-17.858	-83.4
23.12	-8.606	-16.972	-72.2
23.13	-8.604	-16.253	-66.1
23.14	-8.599	-15.684	-57.1
23.15	-8.594	-15.211	-46.8
23.16	-8.590	-14.730	-35.4
23.17	-8.586	-14.027	-18.9
23.18	-8.582	-12.727	-6.4
23.19	-8.579	-10.373	-0.8
23.2	-8.576	-6.516	13.2
23.21	-8.572	-0.716	36.8
23.22	-8.569	7.245	63.4
23.23	-8.566	18.314	88.4
23.24	-8.562	33.095	123.3
23.25	-8.559	45.703	166.6
23.26	-8.555	50.597	203.4
23.27	-8.551	51.125	225.2
23.28	-8.549	51.139	230.5
23.29	-8.549	51.139	221.4
23.3	-8.549	51.130	182.3
23.31	-8.549	50.736	108.0
23.32	-8.551	47.252	29.2
23.33	-8.554	37.936	-37.6
23.34	-8.556	25.652	-85.9
23.35	-8.561	14.755	-113.2
23.36	-8.569	5.978	-129.3
23.37	-8.576	-1.473	-139.9
23.38	-8.579	-8.392	-151.2
23.39	-8.579	-15.383	-156.8
23.4	-8.580	-22.842	-151.1
23.41	-8.582	-30.855	-147.8
23.42	-8.584	-38.969	-144.3
23.43	-8.587	-45.866	-140.8
23.44	-8.590	-49.863	-139.8
23.45	-8.594	-51.030	-131.1
23.46	-8.598	-50.830	-123.4
23.47	-8.601	-49.108	-127.4
23.48	-8.606	-45.227	-128.5
23.49	-8.609	-40.114	-124.8
23.5	-8.614	-34.808	-117.3
23.51	-8.621	-29.638	-113.3
23.52	-8.627	-24.903	-115.1
23.53	-8.634	-20.914	-110.9
23.54	-8.640	-17.725	-102.8
23.55	-8.648	-15.288	-101.8
23.56	-8.656	-13.594	-108.1
23.57	-8.663	-12.598	-108.5
23.58	-8.671	-12.195	-107.1
23.59	-8.680	-12.305	-109.8
23.6	-8.690	-12.900	-111.4
23.61	-8.701	-13.916	-108.3
23.62	-8.713	-15.192	-97.9
23.63	-8.727	-16.538	-96.4
23.64	-8.742	-17.797	-103.0
23.65	-8.759	-18.878	-101.2
23.66	-8.778	-19.761	-93.1
23.67	-8.798	-20.498	-87.0
23.68	-8.818	-21.156	-86.9
23.69	-8.838	-21.797	-88.0
23.7	-8.859	-22.473	-85.8
23.71	-8.881	-23.163	-88.3
23.72	-8.902	-23.788	-84.7
23.73	-8.924	-24.261	-79.3
23.74	-8.946	-24.525	-84.2
23.75	-8.966	-24.669	-86.5
23.76	-8.987	-24.886	-82.1
23.77	-9.007	-25.227	-68.9
23.78	-9.027	-25.553	-55.3
23.79	-9.048	-25.678	-52.9
23.8	-9.069	-25.613	-44.4
23.81	-9.091	-25.467	-19.5
23.82	-9.113	-25.197	4.3
23.83	-9.136	-24.763	5.8
23.84	-9.160	-24.250	-12.4
23.85	-9.184	-23.713	-41.0
23.86	-9.208	-23.055	-66.9
23.87	-9.232	-22.113	-79.7
23.88	-9.253	-21.073	-85.5
23.89	-9.273	-20.228	-89.2
23.9	-9.292	-19.488	-88.5
23.91	-9.310	-18.702	-90.3
23.92	-9.329	-17.878	-94.4
23.93	-9.349	-17.220	-98.6
23.94	-9.369	-16.875	-105.6
23.95	-9.388	-16.691	-28.7
23.96	-9.404	-16.522	256.4
23.97	-9.422	-16.359	618.8
23.98	-9.442	-16.273	635.5
23.99	-9.463	-16.319	192.4
24.0	-9.483	-16.411	-227.9
24.01	-9.503	-16.411	-317.7
24.02	-9.526	-16.342	-230.2
24.03	-9.550	-16.306	-126.5
24.04	-9.574	-16.308	-71.3
24.05	-9.595	-16.348	-58.3
24.06	-9.612	-16.397	-50.4
24.07	-9.625	-16.361	-42.3
24.08	-9.636	-16.173	-31.3
24.09	-9.647	-15.814	-24.4
24.1	-9.656	-15.344	-18.4
24.11	-9.664	-14.698	-2.3
24.12	-9.673	-13.477	13.5
24.13	-9.682	-11.120	27.6
24.14	-9.691	-7.181	47.6
24.15	-9.701	-1.438	73.1
24.16	-9.712	6.419	101.2
24.17	-9.723	18.209	135.3
24.18	-9.733	34.006	172.3
24.19	-9.746	46.455	203.3
24.2	-9.759	50.742	231.6
24.21	-9.773	51.123	248.1
24.22	-9.787	51.139	239.4
24.23	-9.804	51.134	200.4
24.24	-9.821	51.047	142.0
24.25	-9.838	49.191	69.8
24.26	-9.856	41.609	-7.3
24.27	-9.874	28.491	-67.1
24.28	-9.893	15.086	-108.5
24.29	-9.914	4.222	-131.1
24.3	-9.936	-4.411	-134.5
24.31	-9.956	-11.727	-138.9
24.32	-9.973	-18.639	-146.7
24.33	-9.989	-25.831	-152.8
24.34	-10.005	-33.597	-151.7
24.35	-10.022	-41.452	-144.4
24.36	-10.039	-47.636	-140.2
24.37	-10.055	-50.545	-138.9
24.38	-10.072	-51.117	-131.9
24.39	-10.089	-51.033	-123.3
24.4	-10.105	-49.995	-121.0
24.41	-10.121	-46.834	-118.8
24.42	-10.138	-41.853	-116.6
24.43	-10.155	-36.403	-115.2
24.44	-10.172	-31.217	-110.5
24.45	-10.188	-26.455	-108.1
24.46	-10.205	-22.209	-107.3
24.47	-10.222	-18.650	-102.0
24.48	-10.239	-15.934	-98.3
24.49	-10.256	-14.084	-102.0
24.5	-10.273	-13.014	-100.7
24.51	-10.288	-12.616	-96.8
24.52	-10.304	-12.744	-101.9
24.53	-10.321	-13.247	-103.3
24.54	-10.336	-13.995	-95.1
24.55	-10.351	-14.861	-91.3
24.56	-10.367	-15.781	-93.7
24.57	-10.383	-16.772	-90.3
24.58	-10.398	-17.844	-89.7
24.59	-10.413	-18.948	-96.8
24.6	-10.428	-20.003	-93.2
24.61	-10.441	-20.931	-88.5
24.62	-10.456	-21.700	-87.3
24.63	-10.469	-22.353	-82.7
24.64	-10.484	-22.956	-82.4
24.65	-10.499	-23.513	-84.9
24.66	-10.514	-23.959	-81.0
24.67	-10.529	-24.266	-68.7
24.68	-10.544	-24.505	-61.5
24.69	-10.559	-24.727	-55.7
24.7	-10.576	-24.905	-32.8
24.71	-10.593	-24.967	-10.2
24.72	-10.611	-24.834	-13.5
24.73	-10.628	-24.566	-36.1
24.74	-10.643	-24.147	-55.8
24.75	-10.657	-23.341	-73.0
24.76	-10.669	-21.917	-86.1
24.77	-10.679	-20.213	-96.0
24.78	-10.689	-18.684	-100.3
24.79	-10.699	-15.833	-98.2
24.8	-10.712	-10.172	-99.5
24.81	-10.727	-4.413	-93.6
24.82	-10.742	-0.767	-94.4
24.83	-10.755	1.370	-109.2
24.84	-10.766	1.238	-36.1
24.85	-10.775	-1.425	240.3
24.86	-10.783	-5.116	566.4
24.87	-10.793	-8.502	549.8
24.88	-10.806	-11.091	142.7
24.89	-10.819	-13.247	-226.7
24.9	-10.831	-15.253	-307.6
24.91	-10.845	-16.934	-230.1
24.92	-10.859	-18.177	-141.5
24.93	-10.871	-19.053	-85.7
24.94	-10.880	-19.648	-61.2
24.95	-10.884	-19.969	-53.2
24.96	-10.883	-20.023	-44.0
24.97	-10.880	-19.913	-30.4
24.98	-10.876	-19.753	-22.0
24.99	-10.871	-19.558	-15.7
25.0	-10.866	-19.238	-1.5
25.01	-10.861	-18.605	13.4
25.02	-10.858	-17.262	29.3
25.03	-10.855	-14.772	45.3
25.04	-10.853	-10.928	66.8
25.05	-10.851	-5.625	98.9
25.06	-10.848	1.777	132.6
25.07	-10.846	13.334	167.6
25.08	-10.844	29.538	202.5
25.09	-10.842	43.930	230.0
25.1	-10.839	50.214	246.1
25.11	-10.835	51.123	235.5
25.12	-10.829	51.136	191.4
25.13	-10.822	51.130	127.8
25.14	-10.813	50.620	51.4
25.15	-10.800	46.583	-18.2
25.16	-10.786	36.123	-66.4
25.17	-10.771	22.017	-104.3
25.18	-10.758	8.722	-126.1
25.19	-10.739	-2.381	-135.1
25.2	-10.711	-11.494	-137.7
25.21	-10.681	-19.291	-140.2
25.22	-10.653	-26.516	-148.8
25.23	-10.629	-33.642	-152.6
25.24	-10.606	-40.639	-148.0
25.25	-10.584	-46.611	-140.2
25.26	-10.559	-50.073	-135.2
25.27	-10.533	-51.050	-133.4
25.28	-10.509	-50.773	-124.5
25.29	-10.486	-48.992	-118.9
25.3	-10.463	-45.167	-116.2
25.31	-10.439	-40.319	-107.9
25.32	-10.415	-35.467	-104.5
25.33	-10.390	-30.767	-100.0
25.34	-10.364	-26.314	-93.2
25.35	-10.340	-22.378	-97.8
25.36	-10.316	-19.180	-103.4
25.37	-10.293	-16.773	-97.9
25.38	-10.271	-15.109	-91.9
25.39	-10.251	-14.083	-95.0
25.4	-10.229	-13.522	-98.9
25.41	-10.209	-13.316	-95.7
25.42	-10.189	-13.478	-95.7
25.43	-10.169	-14.027	-104.0
25.44	-10.150	-14.892	-102.0
25.45	-10.131	-15.953	-91.8
25.46	-10.111	-17.084	-88.6
25.47	-10.091	-18.202	-91.7
25.48	-10.071	-19.269	-92.1
25.49	-10.052	-20.244	-89.1
25.5	-10.033	-21.059	-87.2
25.51	-10.014	-21.686	-87.3
25.52	-9.994	-22.147	-84.3
25.53	-9.976	-22.477	-78.3
25.54	-9.956	-22.705	-69.1
25.55	-9.937	-22.872	-58.6
25.56	-9.918	-23.070	-43.6
25.57	-9.899	-23.358	-22.8
25.58	-9.880	-23.681	-15.7
25.59	-9.862	-23.923	-29.2
25.6	-9.843	-23.986	-50.3
25.61	-9.824	-23.922	-68.9
25.62	-9.803	-23.844	-89.6
25.63	-9.780	-23.678	-105.4
25.64	-9.756	-23.320	-102.4
25.65	-9.732	-22.825	-98.8
25.66	-9.711	-22.319	-101.9
25.67	-9.691	-21.870	-100.4
25.68	-9.672	-21.383	-103.2
25.69	-9.654	-20.661	-120.0
25.7	-9.633	-19.797	-80.7
25.71	-9.610	-19.142	133.7
25.72	-9.587	-18.764	472.9
25.73	-9.567	-18.517	595.8
25.74	-9.549	-18.311	282.7
25.75	-9.532	-18.077	-148.2
25.76	-9.515	-17.759	-318.4
25.77	-9.501	-17.303	-269.2
25.78	-9.488	-16.850	-175.4
25.79	-9.474	-16.603	-109.6
25.8	-9.457	-16.522	-81.6
25.81	-9.438	-16.495	-68.8
25.82	-9.416	-16.447	-60.0
25.83	-9.392	-16.320	-53.4
25.84	-9.366	-16.113	-45.9
25.85	-9.339	-15.847	-39.3
25.86	-9.313	-15.477	-28.1
25.87	-9.286	-14.800	-13.8
25.88	-9.261	-13.469	1.8
25.89	-9.237	-11.061	16.3
25.9	-9.214	-7.183	35.1
25.91	-9.193	-1.664	60.4
25.92	-9.172	6.000	93.7
25.93	-9.152	17.938	134.7
25.94	-9.133	33.886	171.4
25.95	-9.114	46.342	200.3
25.96	-9.096	50.705	213.4
25.97	-9.079	51.127	202.9
25.98	-9.063	51.139	172.0
25.99	-9.047	51.131	121.4
26.0	-9.032	50.748	56.3
26.01	-9.018	47.325	-13.8
26.02	-9.002	37.828	-72.7
26.03	-8.989	24.514	-112.9
26.04	-8.980	11.861	-135.3
26.05	-8.974	1.398	-148.1
26.06	-8.965	-7.138	-157.0
26.07	-8.954	-14.514	-159.7
26.08	-8.942	-21.566	-156.8
26.09	-8.929	-28.852	-151.9
26.1	-8.917	-36.423	-154.9
26.11	-8.905	-43.594	-158.2
26.12	-8.893	-48.711	-150.8
26.13	-8.881	-50.803	-148.7
26.14	-8.870	-51.073	-144.2
26.15	-8.859	-50.319	-132.1
26.16	-8.850	-47.656	-122.1
26.17	-8.843	-43.256	-114.3
26.18	-8.836	-38.422	-114.4
26.19	-8.829	-33.755	-110.4
26.2	-8.822	-29.314	-100.7
26.21	-8.814	-25.167	-106.6
26.22	-8.805	-21.480	-112.8
26.23	-8.796	-18.463	-111.8
26.24	-8.787	-16.213	-111.0
26.25	-8.777	-14.675	-102.3
26.26	-8.768	-13.730	-93.2
26.27	-8.759	-13.295	-96.3
26.28	-8.751	-13.322	-101.5
26.29	-8.744	-13.730	-100.2
26.3	-8.736	-14.391	-102.2
26.31	-8.728	-15.259	-106.4
26.32	-8.721	-16.327	-103.8
26.33	-8.714	-17.525	-101.3
26.34	-8.708	-18.753	-95.1
26.35	-8.702	-19.892	-93.3
26.36	-8.696	-20.848	-96.5
26.37	-8.691	-21.602	-94.0
26.38	-8.684	-22.189	-91.8
26.39	-8.679	-22.673	-90.0
26.4	-8.673	-23.152	-89.4
26.41	-8.667	-23.678	-81.2
26.42	-8.661	-24.217	-69.2
26.43	-8.654	-24.663	-66.9
26.44	-8.648	-24.952	-52.4
26.45	-8.643	-25.072	-25.2
26.46	-8.638	-25.041	-16.3
26.47	-8.634	-24.973	-29.0
26.48	-8.631	-24.891	-47.1
26.49	-8.627	-24.703	-70.1
26.5	-8.623	-24.353	-91.0
26.51	-8.619	-23.842	-105.5
26.52	-8.614	-23.208	-109.6
26.53	-8.608	-22.366	-107.4
26.54	-8.603	-21.322	-107.3
26.55	-8.598	-20.395	-107.2
26.56	-8.596	-19.717	-110.8
26.57	-8.593	-19.142	-125.9
26.58	-8.589	-18.591	-110.7
26.59	-8.583	-17.989	56.6
26.6	-8.577	-17.378	407.0
26.61	-8.574	-16.997	656.6
26.62	-8.574	-16.892	451.0
26.63	-8.574	-16.877	-26.5
26.64	-8.574	-16.817	-295.8
26.65	-8.576	-16.656	-286.3
26.66	-8.582	-16.409	-191.9
26.67	-8.589	-16.164	-119.3
26.68	-8.593	-16.009	-84.8
26.69	-8.593	-16.012	-74.6
26.7	-8.589	-16.092	-67.8
26.71	-8.583	-16.086	-54.3
26.72	-8.577	-15.933	-42.6
26.73	-8.571	-15.659	-37.2
26.74	-8.564	-15.148	-28.8
26.75	-8.558	-14.038	-15.3
26.76	-8.553	-11.894	0.4
26.77	-8.547	-8.378	17.9
26.78	-8.541	-3.316	34.2
26.79	-8.536	3.477	57.7
26.8	-8.531	13.636	94.9
26.81	-8.526	28.916	127.9
26.82	-8.521	43.572	160.7
26.83	-8.516	50.186	198.0
26.84	-8.512	51.123	221.7
26.85	-8.508	51.136	222.6
26.86	-8.505	51.138	199.3
26.87	-8.503	51.130	149.8
26.88	-8.502	50.556	89.8
26.89	-8.502	46.294	15.7
26.9	-8.503	35.966	-62.1
26.91	-8.505	23.100	-107.9
26.92	-8.508	11.909	-129.1
26.93	-8.515	2.855	-135.4
26.94	-8.521	-4.838	-138.8
26.95	-8.523	-11.913	-148.2
26.96	-8.521	-19.063	-148.0
26.97	-8.520	-26.797	-147.7
26.98	-8.521	-35.148	-152.9
26.99	-8.523	-43.217	-149.7
27.0	-8.525	-48.811	-142.2
27.01	-8.527	-50.883	-141.2
27.02	-8.529	-51.134	-134.2
27.03	-8.532	-51.022	-124.7
27.04	-8.534	-49.873	-123.1
27.05	-8.537	-46.472	-120.2
27.06	-8.540	-41.364	-113.9
27.07	-8.543	-36.022	-109.8
27.08	-8.546	-30.972	-113.5
27.09	-8.549	-26.288	-112.7
27.1	-8.553	-22.092	-108.9
27.11	-8.558	-18.625	-112.6
27.12	-8.564	-16.103	-100.4
27.13	-8.571	-14.472	-27.2
27.14	-8.579	-13.533	128.7
27.15	-8.584	-13.163	211.2
27.16	-8.585	-13.305	44.4
27.17	-8.584	-13.880	-300.1
27.18	-8.585	-14.758	-602.2
27.19	-8.591	-15.805	-717.0
27.2	-8.598	-16.950	-670.3
27.21	-8.602	-18.169	-553.4
27.22	-8.602	-19.430	-462.4
27.23	-8.603	-20.683	-452.1
27.24	-8.606	-21.884	-477.6
27.25	-8.609	-22.947	-446.5
27.26	-8.609	-23.761	-292.2
27.27	-8.607	-24.256	-81.9
27.28	-8.606	-24.483	68.9
27.29	-8.607	-24.547	149.7
27.3	-8.608	-24.486	197.1
27.31	-8.612	-24.314	232.2
27.32	-8.616	-24.081	259.0
27.33	-8.621	-23.828	290.3
27.34	-8.624	-23.656	339.0
27.35	-8.626	-23.638	389.6
27.36	-8.626	-23.713	443.0
27.37	-8.626	-23.753	504.7
27.38	-8.625	-23.661	558.2
27.39	-8.625	-23.509	593.9
27.4	-8.626	-23.377	610.2
27.41	-8.627	-23.189	593.0
27.42	-8.630	-22.925	540.2
27.43	-8.633	-22.625	465.1
27.44	-8.636	-22.305	380.9
27.45	-8.641	-21.956	287.9
27.46	-8.646	-21.505	194.4
27.47	-8.651	-20.880	106.1
27.48	-8.656	-20.280	22.5
27.49	-8.661	-19.863	-46.2
27.5	-8.664	-19.516	-99.5
27.51	-8.666	-19.159	-138.2
27.52	-8.667	-18.713	-159.4
27.53	-8.668	-18.197	-174.3
27.54	-8.669	-17.775	-186.0
27.55	-8.671	-17.430	-184.3
27.56	-8.672	-17.111	-176.4
27.57	-8.674	-16.848	-176.1
27.58	-8.675	-16.609	-175.6
27.59	-8.676	-16.339	-171.8
27.6	-8.678	-16.073	-169.8
27.61	-8.681	-15.863	-174.7
27.62	-8.683	-15.700	-178.9
27.63	-8.686	-15.595	-172.5
27.64	-8.688	-15.570	-160.3
27.65	-8.691	-15.570	-153.0
27.66	-8.694	-15.491	-159.3
27.67	-8.697	-15.323	-163.8
27.68	-8.701	-15.139	-156.3
27.69	-8.704	-15.016	-149.6
27.7	-8.706	-14.983	-143.9
27.71	-8.708	-15.022	-144.3
27.72	-8.709	-15.073	-145.9
27.73	-8.711	-15.086	-140.2
27.74	-8.713	-15.052	-136.5
27.75	-8.716	-14.988	-135.9
27.76	-8.719	-14.959	-131.9
27.77	-8.723	-14.986	-124.3
27.78	-8.728	-15.014	-118.5
27.79	-8.732	-14.995	-118.7
27.8	-8.738	-14.941	-124.0
27.81	-8.744	-14.878	-121.7
27.82	-8.751	-14.833	-109.3
27.83	-8.759	-14.803	-107.2
27.84	-8.768	-14.789	-112.2
27.85	-8.776	-14.763	-109.1
27.86	-8.786	-14.720	-102.4
27.87	-8.795	-14.680	-102.7
27.88	-8.806	-14.650	-103.2
27.89	-8.817	-14.614	-99.1
27.9	-8.829	-14.544	-96.0
27.91	-8.844	-14.436	-97.3
27.92	-8.860	-14.338	-94.6
27.93	-8.879	-14.303	-90.1
27.94	-8.902	-14.325	-93.1
27.95	-8.926	-14.344	-92.5
27.96	-8.951	-14.338	-90.2
27.97	-8.977	-14.322	-86.9
27.98	-9.003	-14.302	-81.7
27.99	-9.030	-14.277	-77.0
28.0	-9.058	-14.250	-70.8
28.01	-9.084	-14.227	-75.8
28.02	-9.111	-14.208	-88.5
28.03	-9.138	-14.214	-98.8
28.04	-9.163	-14.256	-84.1
28.05	-9.188	-14.314	-62.6
28.06	-9.213	-14.313	-56.2
28.07	-9.237	-14.208	-52.0
28.08	-9.261	-14.066	-61.4
28.09	-9.284	-14.005	-73.1
28.1	-9.308	-14.069	-76.0
28.11	-9.331	-14.188	-79.4
28.12	-9.355	-14.259	-69.2
28.13	-9.379	-14.261	-57.6
28.14	-9.402	-14.239	-57.2
28.15	-9.424	-14.202	-63.2
28.16	-9.447	-14.125	-72.2
28.17	-9.469	-14.028	-69.0
28.18	-9.493	-13.981	-63.0
28.19	-9.517	-14.006	-64.7
28.2	-9.541	-14.045	-65.3
28.21	-9.565	-14.020	-68.0
28.22	-9.589	-13.913	-67.4
28.23	-9.613	-13.752	-60.8
28.24	-9.636	-13.609	-50.2
28.25	-9.659	-13.544	-44.7
28.26	-9.682	-13.545	-42.1
28.27	-9.704	-13.536	-34.6
28.28	-9.728	-13.441	-26.8
28.29	-9.751	-13.214	-13.4
28.3	-9.775	-12.917	8.4
28.31	-9.798	-12.731	19.9
28.32	-9.822	-12.702	11.4
28.33	-9.846	-12.733	-17.2
28.34	-9.870	-12.769	-52.7
28.35	-9.893	-12.828	-67.7
28.36	-9.912	-12.917	-68.2
28.37	-9.929	-12.980	-59.9
28.38	-9.948	-12.953	-57.9
28.39	-9.969	-12.853	-72.0
28.4	-9.992	-12.770	-74.8
28.41	-10.014	-12.773	-83.7
28.42	-10.033	-12.823	-50.3
28.43	-10.048	-12.839	161.3
28.44	-10.064	-12.798	515.7
28.45	-10.083	-12.750	666.4
28.46	-10.104	-12.742	369.2
28.47	-10.126	-12.753	-74.8
28.48	-10.149	-12.763	-273.6
28.49	-10.171	-12.778	-243.4
28.5	-10.188	-12.795	-147.5
28.51	-10.203	-12.803	-74.7
28.52	-10.216	-12.789	-52.7
28.53	-10.227	-12.741	-48.9
28.54	-10.235	-12.636	-41.8
