Interval=	0.01 s
ExcelDateTime=	3.9770417665319561e+004	18/11/2008 10:01:26.28361
TimeFormat=	StartOfBlock
ChannelTitle=	Channel 1	Channel 2	Channel 3
Range=	20.000 mV	50.000 mV	2.000 mV
0.0	-8.252	16.183	-0.002
0.01	-8.261	27.784	-0.002
0.02	-8.269	35.994	0.011
0.03	-8.279	39.272	0.033
0.04	-8.289	37.617	0.054
0.05	-8.299	32.038	0.074
0.06	-8.311	24.000	0.096
0.07	-8.323	14.875	0.111
0.08	-8.336	5.658	0.115
0.09	-8.349	-2.938	0.120
0.1	-8.362	-10.416	0.123
0.11	-8.375	-16.467	0.114
0.12	-8.390	-21.017	0.093
0.13	-8.406	-24.083	0.063
0.14	-8.421	-25.666	0.031
0.15	-8.434	-25.911	0.002
0.16	-8.449	-25.031	-0.028
0.17	-8.466	-23.248	-0.056
0.18	-8.483	-20.917	-0.072
0.19	-8.499	-18.556	-0.073
0.2	-8.516	-16.661	-0.074
0.21	-8.533	-15.433	-0.075
0.22	-8.549	-14.613	-0.067
0.23	-8.568	-13.570	-0.065
0.24	-8.585	-11.830	-0.070
0.25	-8.603	-9.486	-0.069
0.26	-8.621	-6.942	-0.063
0.27	-8.636	-4.584	-0.059
0.28	-8.651	-2.680	-0.061
0.29	-8.666	-1.372	-0.067
0.3	-8.680	-0.695	-0.073
0.31	-8.694	-0.584	-0.076
0.32	-8.707	-1.000	-0.081
0.33	-8.719	-1.923	-0.083
0.34	-8.731	-3.209	-0.081
0.35	-8.744	-4.758	-0.082
0.36	-8.757	-6.588	-0.077
0.37	-8.766	-8.644	-0.069
0.38	-8.774	-10.788	-0.065
0.39	-8.782	-12.913	-0.063
0.4	-8.789	-14.930	-0.064
0.41	-8.795	-16.703	-0.068
0.42	-8.800	-18.077	-0.074
0.43	-8.804	-18.994	-0.072
0.44	-8.809	-19.483	-0.062
0.45	-8.813	-19.542	-0.056
0.46	-8.814	-19.247	-0.048
0.47	-8.814	-18.767	-0.043
0.48	-8.815	-18.197	-0.045
0.49	-8.817	-17.561	-0.044
0.5	-8.818	-16.925	-0.043
0.51	-8.817	-16.341	-0.039
0.52	-8.816	-15.822	-0.020
0.53	-8.816	-15.366	0.001
0.54	-8.816	-14.934	0.018
0.55	-8.816	-14.480	0.023
0.56	-8.814	-13.973	0.012
0.57	-8.813	-13.392	-0.015
0.58	-8.811	-12.720	-0.041
0.59	-8.809	-12.005	-0.053
0.6	-8.809	-11.305	-0.055
0.61	-8.813	-10.609	-0.062
0.62	-8.815	-9.953	-0.063
0.63	-8.813	-9.458	-0.054
0.64	-8.813	-9.156	0.013
0.65	-8.816	-9.039	0.215
0.66	-8.820	-9.111	0.430
0.67	-8.824	-9.319	0.440
0.68	-8.828	-9.622	0.176
0.69	-8.828	-10.086	-0.106
0.7	-8.823	-10.800	-0.149
0.71	-8.817	-11.697	-0.095
0.72	-8.815	-12.530	-0.077
0.73	-8.818	-13.114	-0.072
0.74	-8.820	-13.459	-0.070
0.75	-8.821	-13.505	-0.064
0.76	-8.821	-12.648	-0.048
0.77	-8.821	-9.445	-0.035
0.78	-8.821	-2.347	-0.031
0.79	-8.820	8.498	-0.028
0.8	-8.818	20.633	-0.018
0.81	-8.819	30.800	-0.003
0.82	-8.822	36.639	0.010
0.83	-8.826	37.345	0.028
0.84	-8.829	33.520	0.051
0.85	-8.833	26.511	0.074
0.86	-8.838	17.723	0.095
0.87	-8.844	8.409	0.108
0.88	-8.851	-0.423	0.113
0.89	-8.858	-8.152	0.111
0.9	-8.869	-14.550	0.099
0.91	-8.885	-19.597	0.086
0.92	-8.906	-23.348	0.065
0.93	-8.933	-25.930	0.025
0.94	-8.966	-27.461	-0.007
0.95	-9.005	-28.019	-0.026
0.96	-9.059	-27.622	-0.044
0.97	-9.134	-26.305	-0.068
0.98	-9.221	-24.297	-0.082
0.99	-9.311	-22.072	-0.080
1.0	-9.398	-20.047	-0.076
1.01	-9.476	-18.319	-0.071
1.02	-9.544	-16.656	-0.067
1.03	-9.604	-14.730	-0.066
1.04	-9.655	-12.355	-0.056
1.05	-9.701	-9.611	-0.050
1.06	-9.745	-6.794	-0.051
1.07	-9.784	-4.230	-0.044
1.08	-9.818	-2.080	-0.035
1.09	-9.846	-0.364	-0.034
1.1	-9.870	0.839	-0.032
1.11	-9.888	1.373	-0.037
1.12	-9.898	1.181	-0.049
1.13	-9.901	0.294	-0.047
1.14	-9.896	-1.250	-0.046
1.15	-9.888	-3.380	-0.050
1.16	-9.877	-5.936	-0.046
1.17	-9.864	-8.680	-0.041
1.18	-9.848	-11.322	-0.044
1.19	-9.828	-13.628	-0.049
1.2	-9.804	-15.469	-0.047
1.21	-9.778	-16.814	-0.040
1.22	-9.748	-17.694	-0.040
1.23	-9.714	-18.167	-0.044
1.24	-9.681	-18.367	-0.041
1.25	-9.649	-18.392	-0.035
1.26	-9.621	-18.219	-0.031
1.27	-9.594	-17.855	-0.031
1.28	-9.572	-17.386	-0.029
1.29	-9.551	-16.839	-0.015
1.3	-9.530	-16.216	-0.003
1.31	-9.510	-15.555	0.011
1.32	-9.491	-14.945	0.025
1.33	-9.473	-14.417	0.020
1.34	-9.454	-13.870	0.007
1.35	-9.434	-13.255	-0.017
1.36	-9.416	-12.597	-0.045
1.37	-9.399	-11.903	-0.052
1.38	-9.387	-11.177	-0.051
1.39	-9.376	-10.442	-0.053
1.4	-9.363	-9.775	-0.050
1.41	-9.349	-9.267	-0.021
1.42	-9.339	-8.933	0.104
1.43	-9.332	-8.764	0.285
1.44	-9.324	-8.728	0.355
1.45	-9.318	-8.736	0.232
1.46	-9.309	-8.783	-0.009
1.47	-9.290	-9.002	-0.129
1.48	-9.261	-9.456	-0.100
1.49	-9.233	-10.036	-0.072
1.5	-9.209	-10.627	-0.065
1.51	-9.186	-11.175	-0.062
1.52	-9.161	-11.572	-0.054
1.53	-9.134	-11.395	-0.037
1.54	-9.107	-9.444	-0.021
1.55	-9.079	-4.027	-0.015
1.56	-9.051	5.434	-0.013
1.57	-9.021	17.231	-0.007
1.58	-8.989	28.231	-0.000
1.59	-8.959	35.672	0.012
1.6	-8.930	38.245	0.027
1.61	-8.900	36.081	0.042
1.62	-8.870	30.180	0.065
1.63	-8.838	21.895	0.085
1.64	-8.806	12.589	0.099
1.65	-8.773	3.384	0.113
1.66	-8.738	-4.928	0.114
1.67	-8.704	-11.908	0.107
1.68	-8.671	-17.420	0.099
1.69	-8.640	-21.441	0.078
1.7	-8.613	-24.005	0.052
1.71	-8.588	-25.261	0.025
1.72	-8.562	-25.402	-0.012
1.73	-8.537	-24.597	-0.040
1.74	-8.512	-23.048	-0.049
1.75	-8.487	-21.133	-0.057
1.76	-8.461	-19.348	-0.065
1.77	-8.434	-18.044	-0.065
1.78	-8.408	-17.145	-0.059
1.79	-8.382	-16.183	-0.049
1.8	-8.357	-14.659	-0.043
1.81	-8.333	-12.417	-0.040
1.82	-8.309	-9.727	-0.038
1.83	-8.284	-7.073	-0.042
1.84	-8.261	-4.900	-0.044
1.85	-8.238	-3.455	-0.047
1.86	-8.216	-2.716	-0.047
1.87	-8.196	-2.578	-0.046
1.88	-8.177	-2.952	-0.049
1.89	-8.158	-3.673	-0.046
1.9	-8.140	-4.588	-0.046
1.91	-8.123	-5.667	-0.053
1.92	-8.106	-6.941	-0.060
1.93	-8.089	-8.370	-0.055
1.94	-8.072	-9.905	-0.046
1.95	-8.056	-11.550	-0.048
1.96	-8.040	-13.295	-0.056
1.97	-8.023	-15.023	-0.064
1.98	-8.006	-16.552	-0.063
1.99	-7.991	-17.755	-0.060
2.0	-7.976	-18.539	-0.062
2.01	-7.963	-18.842	-0.063
2.02	-7.950	-18.702	-0.058
2.03	-7.938	-18.214	-0.057
2.04	-7.928	-17.480	-0.058
2.05	-7.921	-16.622	-0.057
2.06	-7.915	-15.772	-0.042
2.07	-7.912	-15.058	-0.019
2.08	-7.911	-14.492	-0.009
2.09	-7.911	-14.014	-0.001
2.1	-7.911	-13.600	0.008
2.11	-7.910	-13.188	-0.003
2.12	-7.911	-12.650	-0.033
2.13	-7.912	-11.900	-0.055
2.14	-7.913	-10.956	-0.060
2.15	-7.914	-9.877	-0.065
2.16	-7.916	-8.703	-0.074
2.17	-7.914	-7.598	-0.070
2.18	-7.909	-6.755	-0.070
2.19	-7.902	-6.214	-0.004
2.2	-7.898	-5.977	0.203
2.21	-7.894	-6.023	0.372
2.22	-7.886	-6.292	0.335
2.23	-7.877	-6.700	0.101
2.24	-7.868	-7.189	-0.109
2.25	-7.857	-7.761	-0.125
2.26	-7.841	-8.381	-0.090
2.27	-7.823	-8.966	-0.086
2.28	-7.806	-9.455	-0.083
2.29	-7.792	-9.770	-0.076
2.3	-7.779	-9.534	-0.068
2.31	-7.768	-7.838	-0.063
2.32	-7.756	-3.439	-0.057
2.33	-7.745	4.380	-0.047
2.34	-7.734	14.789	-0.035
2.35	-7.724	25.331	-0.025
2.36	-7.714	33.016	-0.014
2.37	-7.706	36.163	0.002
2.38	-7.699	34.830	0.018
2.39	-7.692	29.891	0.036
2.4	-7.686	22.628	0.055
2.41	-7.677	14.300	0.074
2.42	-7.669	5.939	0.093
2.43	-7.664	-1.714	0.101
2.44	-7.660	-8.403	0.094
2.45	-7.656	-14.103	0.082
2.46	-7.654	-18.698	0.067
2.47	-7.654	-22.044	0.044
2.48	-7.654	-24.131	0.010
2.49	-7.652	-25.063	-0.020
2.5	-7.651	-24.939	-0.042
2.51	-7.650	-23.911	-0.058
2.52	-7.650	-22.277	-0.068
2.53	-7.650	-20.448	-0.071
2.54	-7.651	-18.769	-0.076
2.55	-7.651	-17.294	-0.076
2.56	-7.652	-15.723	-0.066
2.57	-7.653	-13.698	-0.060
2.58	-7.654	-11.139	-0.057
2.59	-7.655	-8.339	-0.056
2.6	-7.656	-5.763	-0.062
2.61	-7.657	-3.781	-0.063
2.62	-7.657	-2.572	-0.053
2.63	-7.658	-2.095	-0.043
2.64	-7.659	-2.227	-0.040
2.65	-7.661	-2.863	-0.042
2.66	-7.663	-3.884	-0.046
2.67	-7.666	-5.147	-0.054
2.68	-7.671	-6.463	-0.058
2.69	-7.678	-7.697	-0.059
2.7	-7.687	-8.902	-0.057
2.71	-7.697	-10.167	-0.049
2.72	-7.705	-11.439	-0.040
2.73	-7.712	-12.638	-0.036
2.74	-7.718	-13.761	-0.036
2.75	-7.723	-14.850	-0.042
2.76	-7.728	-15.875	-0.047
2.77	-7.731	-16.694	-0.050
2.78	-7.734	-17.161	-0.049
2.79	-7.736	-17.216	-0.045
2.8	-7.738	-16.875	-0.037
2.81	-7.739	-16.225	-0.033
2.82	-7.739	-15.358	-0.039
2.83	-7.738	-14.313	-0.042
2.84	-7.736	-13.203	-0.042
2.85	-7.734	-12.253	-0.042
2.86	-7.731	-11.620	-0.044
2.87	-7.728	-11.267	-0.050
2.88	-7.723	-11.055	-0.045
2.89	-7.719	-10.875	-0.027
2.9	-7.716	-10.688	-0.017
2.91	-7.714	-10.467	-0.013
2.92	-7.711	-10.194	0.002
2.93	-7.708	-9.889	0.018
2.94	-7.703	-9.627	0.030
2.95	-7.698	-9.458	0.039
2.96	-7.693	-9.394	0.030
2.97	-7.689	-9.403	0.001
2.98	-7.685	-9.403	-0.030
2.99	-7.681	-9.327	-0.050
3.0	-7.679	-9.166	-0.050
3.01	-7.679	-8.995	-0.048
3.02	-7.680	-8.902	-0.054
3.03	-7.678	-8.920	-0.058
3.04	-7.676	-9.069	0.003
3.05	-7.676	-9.325	0.207
3.06	-7.676	-9.589	0.407
3.07	-7.676	-9.761	0.400
3.08	-7.676	-9.852	0.164
3.09	-7.674	-9.923	-0.081
3.1	-7.670	-10.033	-0.124
3.11	-7.663	-10.181	-0.083
3.12	-7.656	-10.300	-0.068
3.13	-7.650	-10.338	-0.055
3.14	-7.642	-10.259	-0.044
3.15	-7.634	-9.800	-0.036
3.16	-7.629	-7.952	-0.031
3.17	-7.628	-2.983	-0.029
3.18	-7.626	6.064	-0.025
3.19	-7.624	17.764	-0.012
3.2	-7.622	28.972	0.005
3.21	-7.621	36.813	0.012
3.22	-7.621	39.781	0.019
3.23	-7.620	37.825	0.036
3.24	-7.621	32.005	0.058
3.25	-7.621	23.802	0.077
3.26	-7.620	14.573	0.093
3.27	-7.620	5.359	0.106
3.28	-7.621	-3.095	0.121
3.29	-7.622	-10.313	0.127
3.3	-7.624	-16.053	0.110
3.31	-7.628	-20.242	0.085
3.32	-7.632	-22.964	0.067
3.33	-7.637	-24.375	0.043
3.34	-7.641	-24.594	0.008
3.35	-7.644	-23.744	-0.021
3.36	-7.645	-22.088	-0.042
3.37	-7.648	-20.033	-0.060
3.38	-7.651	-18.045	-0.071
3.39	-7.656	-16.517	-0.071
3.4	-7.659	-15.475	-0.071
3.41	-7.665	-14.519	-0.072
3.42	-7.672	-13.189	-0.072
3.43	-7.681	-11.297	-0.068
3.44	-7.691	-9.017	-0.057
3.45	-7.704	-6.747	-0.048
3.46	-7.717	-4.855	-0.048
3.47	-7.730	-3.516	-0.052
3.48	-7.744	-2.775	-0.054
3.49	-7.758	-2.608	-0.054
3.5	-7.773	-2.902	-0.056
3.51	-7.788	-3.511	-0.057
3.52	-7.804	-4.338	-0.059
3.53	-7.819	-5.361	-0.060
3.54	-7.834	-6.598	-0.063
3.55	-7.849	-8.047	-0.064
3.56	-7.862	-9.628	-0.063
3.57	-7.876	-11.198	-0.065
3.58	-7.888	-12.683	-0.067
3.59	-7.901	-14.036	-0.064
3.6	-7.912	-15.155	-0.060
3.61	-7.923	-15.903	-0.054
3.62	-7.934	-16.228	-0.048
3.63	-7.945	-16.200	-0.051
3.64	-7.956	-15.948	-0.056
3.65	-7.967	-15.552	-0.053
3.66	-7.977	-15.034	-0.053
3.67	-7.987	-14.420	-0.055
3.68	-7.998	-13.727	-0.050
3.69	-8.008	-13.000	-0.052
3.7	-8.018	-12.309	-0.053
3.71	-8.027	-11.686	-0.041
3.72	-8.037	-11.128	-0.035
3.73	-8.047	-10.619	-0.039
3.74	-8.058	-10.139	-0.045
3.75	-8.069	-9.678	-0.046
3.76	-8.080	-9.252	-0.043
3.77	-8.089	-8.933	-0.039
3.78	-8.099	-8.741	-0.035
3.79	-8.108	-8.644	-0.033
3.8	-8.117	-8.644	-0.033
3.81	-8.126	-8.755	-0.030
3.82	-8.136	-8.966	-0.024
3.83	-8.146	-9.231	-0.007
3.84	-8.154	-9.464	0.014
3.85	-8.164	-9.650	0.026
3.86	-8.173	-9.838	0.025
3.87	-8.182	-10.044	0.008
3.88	-8.191	-10.259	-0.019
3.89	-8.199	-10.467	-0.045
3.9	-8.207	-10.620	-0.059
3.91	-8.216	-10.728	-0.059
3.92	-8.228	-10.894	-0.064
3.93	-8.236	-11.184	-0.069
3.94	-8.242	-11.602	-0.059
3.95	-8.250	-12.092	0.045
3.96	-8.258	-12.580	0.272
3.97	-8.268	-13.016	0.447
3.98	-8.277	-13.345	0.382
3.99	-8.287	-13.548	0.083
4.0	-8.296	-13.686	-0.141
4.01	-8.301	-13.850	-0.139
4.02	-8.304	-14.011	-0.094
4.03	-8.309	-14.066	-0.082
4.04	-8.316	-13.964	-0.080
4.05	-8.321	-13.678	-0.077
4.06	-8.326	-13.000	-0.074
4.07	-8.331	-10.955	-0.073
4.08	-8.335	-5.844	-0.067
4.09	-8.339	3.070	-0.052
4.1	-8.342	14.164	-0.037
4.11	-8.347	24.363	-0.022
4.12	-8.353	31.073	-0.004
4.13	-8.357	33.208	0.008
4.14	-8.363	31.059	0.020
4.15	-8.370	25.723	0.039
4.16	-8.377	18.433	0.061
4.17	-8.384	10.220	0.079
4.18	-8.393	1.975	0.091
4.19	-8.399	-5.580	0.100
4.2	-8.406	-12.000	0.101
4.21	-8.412	-17.141	0.089
4.22	-8.421	-21.011	0.070
4.23	-8.431	-23.636	0.046
4.24	-8.440	-25.048	0.014
4.25	-8.447	-25.342	-0.015
4.26	-8.454	-24.661	-0.039
4.27	-8.461	-23.227	-0.062
4.28	-8.469	-21.325	-0.078
4.29	-8.476	-19.255	-0.080
4.3	-8.484	-17.302	-0.080
4.31	-8.492	-15.586	-0.082
4.32	-8.500	-13.884	-0.082
4.33	-8.508	-11.867	-0.082
4.34	-8.516	-9.428	-0.073
4.35	-8.525	-6.786	-0.059
4.36	-8.533	-4.347	-0.054
4.37	-8.541	-2.494	-0.057
4.38	-8.547	-1.420	-0.056
4.39	-8.555	-1.125	-0.050
4.4	-8.564	-1.481	-0.049
4.41	-8.573	-2.358	-0.051
4.42	-8.582	-3.609	-0.049
4.43	-8.591	-5.025	-0.045
4.44	-8.599	-6.472	-0.043
4.45	-8.606	-7.902	-0.047
4.46	-8.613	-9.242	-0.055
4.47	-8.620	-10.461	-0.057
4.48	-8.628	-11.619	-0.054
4.49	-8.636	-12.813	-0.053
4.5	-8.643	-14.042	-0.053
4.51	-8.651	-15.209	-0.051
4.52	-8.658	-16.230	-0.049
4.53	-8.664	-17.048	-0.049
4.54	-8.669	-17.580	-0.050
4.55	-8.677	-17.752	-0.051
4.56	-8.684	-17.598	-0.049
4.57	-8.693	-17.209	-0.049
4.58	-8.701	-16.630	-0.049
4.59	-8.711	-15.895	-0.040
4.6	-8.720	-15.061	-0.034
4.61	-8.728	-14.219	-0.035
4.62	-8.738	-13.475	-0.036
4.63	-8.749	-12.869	-0.037
4.64	-8.759	-12.398	-0.036
4.65	-8.766	-12.052	-0.036
4.66	-8.774	-11.756	-0.038
4.67	-8.781	-11.483	-0.037
4.68	-8.789	-11.269	-0.033
4.69	-8.798	-11.092	-0.029
4.7	-8.806	-10.884	-0.027
4.71	-8.814	-10.642	-0.020
4.72	-8.822	-10.422	-0.005
4.73	-8.832	-10.269	0.009
4.74	-8.841	-10.183	0.009
4.75	-8.849	-10.195	-0.002
4.76	-8.859	-10.331	-0.012
4.77	-8.868	-10.489	-0.030
4.78	-8.877	-10.613	-0.050
4.79	-8.887	-10.786	-0.063
4.8	-8.899	-11.027	-0.074
4.81	-8.911	-11.289	-0.077
4.82	-8.918	-11.586	-0.079
4.83	-8.924	-11.944	-0.048
4.84	-8.933	-12.319	0.111
4.85	-8.941	-12.606	0.340
4.86	-8.948	-12.728	0.449
4.87	-8.956	-12.722	0.296
4.88	-8.966	-12.700	-0.002
4.89	-8.971	-12.695	-0.131
4.9	-8.969	-12.730	-0.102
4.91	-8.967	-12.814	-0.072
4.92	-8.967	-12.873	-0.059
4.93	-8.967	-12.825	-0.058
4.94	-8.969	-12.588	-0.049
4.95	-8.971	-11.873	-0.032
4.96	-8.971	-9.714	-0.024
4.97	-8.971	-4.633	-0.020
4.98	-8.971	3.714	-0.008
4.99	-8.969	13.527	0.009
5.0	-8.967	22.067	0.021
5.01	-8.967	27.328	0.033
5.02	-8.967	28.628	0.047
5.03	-8.968	26.316	0.066
5.04	-8.968	21.297	0.094
5.05	-8.968	14.625	0.117
5.06	-8.968	7.258	0.126
5.07	-8.967	0.020	0.133
5.08	-8.966	-6.520	0.135
5.09	-8.963	-12.094	0.122
5.1	-8.959	-16.552	0.108
5.11	-8.957	-19.838	0.094
5.12	-8.956	-22.003	0.064
5.13	-8.953	-23.134	0.030
5.14	-8.945	-23.330	0.009
5.15	-8.931	-22.680	-0.011
5.16	-8.913	-21.416	-0.029
5.17	-8.893	-19.898	-0.043
5.18	-8.869	-18.389	-0.055
5.19	-8.842	-17.078	-0.058
5.2	-8.815	-16.003	-0.052
5.21	-8.787	-14.886	-0.044
5.22	-8.758	-13.389	-0.040
5.23	-8.728	-11.431	-0.037
5.24	-8.697	-9.272	-0.034
5.25	-8.666	-7.302	-0.033
5.26	-8.636	-5.823	-0.030
5.27	-8.607	-4.955	-0.034
5.28	-8.579	-4.638	-0.036
5.29	-8.553	-4.753	-0.029
5.3	-8.529	-5.195	-0.025
5.31	-8.507	-5.816	-0.026
5.32	-8.486	-6.453	-0.032
5.33	-8.466	-7.080	-0.037
5.34	-8.446	-7.791	-0.039
5.35	-8.428	-8.656	-0.039
5.36	-8.409	-9.656	-0.038
5.37	-8.392	-10.780	-0.039
5.38	-8.374	-12.055	-0.039
5.39	-8.357	-13.430	-0.036
5.4	-8.341	-14.750	-0.031
5.41	-8.324	-15.866	-0.028
5.42	-8.308	-16.698	-0.032
5.43	-8.293	-17.183	-0.038
5.44	-8.277	-17.261	-0.039
5.45	-8.263	-16.997	-0.037
5.46	-8.248	-16.489	-0.038
5.47	-8.233	-15.798	-0.042
5.48	-8.218	-15.013	-0.040
5.49	-8.204	-14.244	-0.041
5.5	-8.190	-13.553	-0.043
5.51	-8.176	-12.928	-0.041
5.52	-8.162	-12.355	-0.042
5.53	-8.146	-11.839	-0.042
5.54	-8.133	-11.406	-0.042
5.55	-8.121	-11.027	-0.049
5.56	-8.109	-10.600	-0.047
5.57	-8.095	-10.142	-0.034
5.58	-8.081	-9.773	-0.022
5.59	-8.068	-9.544	-0.009
5.6	-8.056	-9.442	0.007
5.61	-8.044	-9.466	0.017
5.62	-8.031	-9.600	0.013
5.63	-8.018	-9.806	0.003
5.64	-8.006	-10.053	-0.010
5.65	-7.995	-10.289	-0.038
5.66	-7.984	-10.448	-0.061
5.67	-7.974	-10.516	-0.062
5.68	-7.967	-10.503	-0.063
5.69	-7.959	-10.423	-0.066
5.7	-7.949	-10.358	-0.070
5.71	-7.938	-10.398	-0.045
5.72	-7.930	-10.531	0.115
5.73	-7.923	-10.705	0.338
5.74	-7.916	-10.898	0.406
5.75	-7.907	-11.108	0.227
5.76	-7.898	-11.355	-0.044
5.77	-7.887	-11.700	-0.140
5.78	-7.873	-12.114	-0.103
5.79	-7.859	-12.369	-0.084
5.8	-7.848	-12.327	-0.078
5.81	-7.838	-12.066	-0.071
5.82	-7.828	-11.575	-0.063
5.83	-7.819	-10.508	-0.055
5.84	-7.809	-7.889	-0.047
5.85	-7.801	-2.461	-0.039
5.86	-7.791	5.855	-0.034
5.87	-7.781	15.267	-0.029
5.88	-7.774	23.236	-0.015
5.89	-7.768	27.886	0.007
5.9	-7.763	28.603	0.028
5.91	-7.757	25.869	0.047
5.92	-7.751	20.706	0.065
5.93	-7.746	14.213	0.082
5.94	-7.742	7.291	0.093
5.95	-7.737	0.570	0.096
5.96	-7.733	-5.556	0.095
5.97	-7.729	-10.873	0.088
5.98	-7.726	-15.258	0.078
5.99	-7.724	-18.620	0.055
6.0	-7.721	-20.902	0.026
6.01	-7.718	-22.138	-0.001
6.02	-7.715	-22.403	-0.034
6.03	-7.712	-21.761	-0.064
6.04	-7.710	-20.405	-0.076
6.05	-7.709	-18.702	-0.077
6.06	-7.708	-17.053	-0.077
6.07	-7.706	-15.719	-0.073
6.08	-7.705	-14.667	-0.075
6.09	-7.703	-13.600	-0.075
6.1	-7.701	-12.158	-0.071
6.11	-7.701	-10.231	-0.073
6.12	-7.699	-8.075	-0.069
6.13	-7.698	-6.058	-0.061
6.14	-7.696	-4.452	-0.056
6.15	-7.694	-3.389	-0.049
6.16	-7.692	-2.834	-0.050
6.17	-7.690	-2.695	-0.061
6.18	-7.688	-2.894	-0.067
6.19	-7.686	-3.383	-0.068
6.2	-7.686	-4.078	-0.067
6.21	-7.686	-4.878	-0.069
6.22	-7.684	-5.806	-0.068
6.23	-7.683	-6.917	-0.062
6.24	-7.681	-8.189	-0.064
6.25	-7.679	-9.597	-0.069
6.26	-7.676	-11.073	-0.073
6.27	-7.673	-12.453	-0.076
6.28	-7.671	-13.570	-0.079
6.29	-7.668	-14.330	-0.081
6.3	-7.665	-14.708	-0.084
6.31	-7.661	-14.738	-0.079
6.32	-7.658	-14.486	-0.068
6.33	-7.656	-14.059	-0.063
6.34	-7.655	-13.552	-0.067
6.35	-7.654	-12.992	-0.071
6.36	-7.655	-12.448	-0.072
6.37	-7.655	-11.997	-0.076
6.38	-7.656	-11.633	-0.078
6.39	-7.655	-11.355	-0.074
6.4	-7.654	-11.142	-0.069
6.41	-7.654	-10.917	-0.066
6.42	-7.654	-10.633	-0.064
6.43	-7.654	-10.272	-0.065
6.44	-7.654	-9.816	-0.069
6.45	-7.654	-9.306	-0.068
6.46	-7.654	-8.773	-0.067
6.47	-7.654	-8.214	-0.064
6.48	-7.655	-7.711	-0.057
6.49	-7.655	-7.397	-0.046
6.5	-7.654	-7.317	-0.025
6.51	-7.655	-7.430	-0.003
6.52	-7.655	-7.697	0.012
6.53	-7.655	-8.109	0.018
6.54	-7.655	-8.547	0.015
6.55	-7.656	-8.848	0.002
6.56	-7.656	-9.005	-0.024
6.57	-7.657	-9.048	-0.049
6.58	-7.658	-8.975	-0.063
6.59	-7.662	-8.816	-0.067
6.6	-7.665	-8.647	-0.064
6.61	-7.666	-8.589	-0.064
6.62	-7.666	-8.742	-0.057
6.63	-7.667	-9.098	0.067
6.64	-7.671	-9.561	0.299
6.65	-7.675	-9.970	0.422
6.66	-7.680	-10.222	0.304
6.67	-7.684	-10.369	0.016
6.68	-7.684	-10.477	-0.158
6.69	-7.680	-10.555	-0.136
6.7	-7.677	-10.548	-0.100
6.71	-7.676	-10.397	-0.094
6.72	-7.676	-10.098	-0.090
6.73	-7.676	-9.664	-0.082
6.74	-7.676	-8.884	-0.076
6.75	-7.676	-6.858	-0.068
6.76	-7.676	-2.119	-0.057
6.77	-7.676	5.906	-0.049
6.78	-7.674	15.770	-0.040
6.79	-7.673	24.778	-0.027
6.8	-7.672	30.652	-0.013
6.81	-7.673	32.461	0.004
6.82	-7.675	30.517	0.030
6.83	-7.677	25.755	0.050
6.84	-7.679	19.264	0.063
6.85	-7.681	12.053	0.080
6.86	-7.682	4.908	0.094
6.87	-7.684	-1.661	0.100
6.88	-7.685	-7.419	0.097
6.89	-7.688	-12.250	0.081
6.9	-7.691	-16.036	0.061
6.91	-7.695	-18.733	0.041
6.92	-7.699	-20.331	0.013
6.93	-7.701	-20.827	-0.018
6.94	-7.703	-20.309	-0.049
6.95	-7.704	-18.989	-0.071
6.96	-7.707	-17.219	-0.082
6.97	-7.712	-15.428	-0.088
6.98	-7.718	-14.014	-0.085
6.99	-7.726	-13.092	-0.079
7.0	-7.735	-12.345	-0.078
7.01	-7.747	-11.381	-0.081
7.02	-7.761	-10.016	-0.078
7.03	-7.778	-8.278	-0.075
7.04	-7.797	-6.422	-0.077
7.05	-7.816	-4.797	-0.072
7.06	-7.835	-3.647	-0.066
7.07	-7.854	-2.989	-0.067
7.08	-7.873	-2.713	-0.067
7.09	-7.891	-2.709	-0.062
7.1	-7.909	-2.920	-0.061
7.11	-7.926	-3.300	-0.063
7.12	-7.942	-3.822	-0.065
7.13	-7.958	-4.550	-0.070
7.14	-7.972	-5.548	-0.068
7.15	-7.987	-6.827	-0.063
7.16	-8.001	-8.336	-0.062
7.17	-8.015	-9.970	-0.060
7.18	-8.028	-11.588	-0.064
7.19	-8.041	-12.959	-0.072
7.2	-8.054	-13.923	-0.075
7.21	-8.067	-14.491	-0.071
7.22	-8.079	-14.669	-0.067
7.23	-8.091	-14.467	-0.063
7.24	-8.103	-13.984	-0.064
7.25	-8.114	-13.356	-0.066
7.26	-8.126	-12.694	-0.064
7.27	-8.137	-12.058	-0.065
7.28	-8.150	-11.492	-0.069
7.29	-8.162	-11.059	-0.068
7.3	-8.174	-10.727	-0.063
7.31	-8.186	-10.448	-0.063
7.32	-8.197	-10.278	-0.067
7.33	-8.208	-10.202	-0.061
7.34	-8.219	-10.091	-0.053
7.35	-8.231	-9.850	-0.048
7.36	-8.242	-9.495	-0.052
7.37	-8.253	-9.063	-0.058
7.38	-8.264	-8.552	-0.058
7.39	-8.276	-8.033	-0.053
7.4	-8.286	-7.627	-0.038
7.41	-8.296	-7.417	-0.027
7.42	-8.306	-7.411	-0.020
7.43	-8.316	-7.606	0.005
7.44	-8.327	-8.011	0.031
7.45	-8.337	-8.622	0.036
7.46	-8.348	-9.352	0.027
7.47	-8.357	-10.050	0.009
7.48	-8.366	-10.623	-0.022
7.49	-8.374	-11.036	-0.051
7.5	-8.385	-11.275	-0.066
7.51	-8.396	-11.358	-0.068
7.52	-8.407	-11.319	-0.066
7.53	-8.414	-11.256	-0.067
7.54	-8.421	-11.283	-0.048
7.55	-8.429	-11.417	0.100
7.56	-8.438	-11.648	0.343
7.57	-8.447	-11.917	0.459
7.58	-8.456	-12.120	0.295
7.59	-8.466	-12.314	-0.030
7.6	-8.472	-12.627	-0.170
7.61	-8.476	-13.019	-0.128
7.62	-8.479	-13.255	-0.098
7.63	-8.484	-13.198	-0.090
7.64	-8.489	-12.938	-0.084
7.65	-8.493	-12.545	-0.075
7.66	-8.498	-11.802	-0.066
7.67	-8.502	-9.809	-0.058
7.68	-8.506	-5.034	-0.054
7.69	-8.509	3.238	-0.044
7.7	-8.512	13.491	-0.024
7.71	-8.515	22.886	-0.014
7.72	-8.518	29.109	-0.008
7.73	-8.523	31.208	0.009
7.74	-8.527	29.416	0.022
7.75	-8.532	24.625	0.036
7.76	-8.537	17.914	0.056
7.77	-8.544	10.298	0.077
7.78	-8.551	2.572	0.094
7.79	-8.556	-4.653	0.100
7.8	-8.561	-10.964	0.091
7.81	-8.566	-16.167	0.072
7.82	-8.572	-20.175	0.047
7.83	-8.579	-23.000	0.021
7.84	-8.587	-24.698	-0.007
7.85	-8.592	-25.305	-0.037
7.86	-8.596	-24.919	-0.063
7.87	-8.600	-23.719	-0.081
7.88	-8.604	-21.991	-0.090
7.89	-8.608	-20.059	-0.095
7.9	-8.612	-18.205	-0.098
7.91	-8.614	-16.622	-0.103
7.92	-8.617	-15.156	-0.109
7.93	-8.619	-13.384	-0.103
7.94	-8.623	-11.097	-0.090
7.95	-8.626	-8.467	-0.080
7.96	-8.629	-5.864	-0.078
7.97	-8.632	-3.673	-0.081
7.98	-8.635	-2.131	-0.074
7.99	-8.638	-1.269	-0.067
8.0	-8.641	-0.953	-0.064
8.01	-8.646	-1.066	-0.060
8.02	-8.649	-1.539	-0.059
8.03	-8.653	-2.267	-0.063
8.04	-8.656	-3.227	-0.062
8.05	-8.659	-4.466	-0.055
8.06	-8.662	-5.925	-0.056
8.07	-8.665	-7.506	-0.061
8.08	-8.666	-9.155	-0.057
8.09	-8.668	-10.833	-0.051
8.1	-8.670	-12.452	-0.049
8.11	-8.672	-13.902	-0.048
8.12	-8.675	-15.111	-0.054
8.13	-8.678	-16.019	-0.061
8.14	-8.681	-16.569	-0.057
8.15	-8.685	-16.816	-0.050
8.16	-8.689	-16.853	-0.052
8.17	-8.692	-16.725	-0.053
8.18	-8.696	-16.447	-0.051
8.19	-8.699	-16.011	-0.051
8.2	-8.704	-15.442	-0.054
8.21	-8.708	-14.814	-0.062
8.22	-8.712	-14.131	-0.068
8.23	-8.715	-13.398	-0.067
8.24	-8.717	-12.700	-0.058
8.25	-8.719	-12.069	-0.049
8.26	-8.723	-11.447	-0.043
8.27	-8.725	-10.838	-0.045
8.28	-8.728	-10.328	-0.054
8.29	-8.728	-9.963	-0.055
8.3	-8.731	-9.692	-0.048
8.31	-8.734	-9.497	-0.040
8.32	-8.738	-9.402	-0.025
8.33	-8.741	-9.372	0.001
8.34	-8.743	-9.380	0.016
8.35	-8.744	-9.444	0.013
8.36	-8.746	-9.569	0.003
8.37	-8.748	-9.716	-0.020
8.38	-8.750	-9.853	-0.048
8.39	-8.752	-10.005	-0.063
8.4	-8.758	-10.163	-0.069
8.41	-8.766	-10.328	-0.074
8.42	-8.773	-10.566	-0.069
8.43	-8.776	-10.927	-0.057
8.44	-8.779	-11.359	-0.002
8.45	-8.784	-11.778	0.183
8.46	-8.790	-12.128	0.399
8.47	-8.796	-12.370	0.428
8.48	-8.799	-12.541	0.187
8.49	-8.801	-12.691	-0.100
8.5	-8.799	-12.839	-0.163
8.51	-8.794	-12.953	-0.113
8.52	-8.792	-12.903	-0.090
8.53	-8.793	-12.681	-0.087
8.54	-8.794	-12.411	-0.087
8.55	-8.795	-12.088	-0.079
8.56	-8.796	-11.294	-0.068
8.57	-8.796	-8.842	-0.058
8.58	-8.796	-3.263	-0.053
8.59	-8.795	5.628	-0.042
8.6	-8.794	15.948	-0.029
8.61	-8.794	24.845	-0.016
8.62	-8.794	30.205	-0.005
8.63	-8.794	31.359	0.011
8.64	-8.794	28.736	0.036
8.65	-8.796	23.303	0.056
8.66	-8.796	16.188	0.073
8.67	-8.797	8.469	0.087
8.68	-8.799	0.975	0.098
8.69	-8.799	-5.834	0.104
8.7	-8.799	-11.694	0.095
8.71	-8.801	-16.444	0.075
8.72	-8.804	-20.042	0.052
8.73	-8.806	-22.492	0.028
8.74	-8.805	-23.833	-0.003
8.75	-8.800	-24.155	-0.033
8.76	-8.792	-23.527	-0.054
8.77	-8.783	-22.102	-0.066
8.78	-8.773	-20.222	-0.079
8.79	-8.759	-18.252	-0.086
8.8	-8.744	-16.517	-0.080
8.81	-8.728	-15.188	-0.078
8.82	-8.711	-14.088	-0.077
8.83	-8.694	-12.850	-0.071
8.84	-8.678	-11.213	-0.069
8.85	-8.661	-9.234	-0.067
8.86	-8.646	-7.281	-0.061
8.87	-8.632	-5.641	-0.052
8.88	-8.619	-4.372	-0.046
8.89	-8.608	-3.530	-0.042
8.9	-8.597	-3.159	-0.043
8.91	-8.585	-3.164	-0.050
8.92	-8.574	-3.409	-0.057
8.93	-8.561	-3.839	-0.056
8.94	-8.549	-4.458	-0.052
8.95	-8.536	-5.314	-0.055
8.96	-8.522	-6.486	-0.057
8.97	-8.508	-7.944	-0.054
8.98	-8.494	-9.570	-0.055
8.99	-8.480	-11.313	-0.056
9.0	-8.466	-13.084	-0.056
9.01	-8.453	-14.677	-0.055
9.02	-8.439	-15.916	-0.055
9.03	-8.426	-16.717	-0.055
9.04	-8.412	-17.030	-0.056
9.05	-8.399	-16.905	-0.058
9.06	-8.386	-16.480	-0.056
9.07	-8.374	-15.827	-0.051
9.08	-8.361	-15.053	-0.051
9.09	-8.348	-14.300	-0.055
9.1	-8.334	-13.616	-0.057
9.11	-8.321	-13.025	-0.060
9.12	-8.308	-12.506	-0.065
9.13	-8.295	-12.020	-0.063
9.14	-8.283	-11.628	-0.059
9.15	-8.269	-11.344	-0.059
9.16	-8.257	-11.078	-0.056
9.17	-8.246	-10.791	-0.059
9.18	-8.235	-10.478	-0.061
9.19	-8.223	-10.122	-0.051
9.2	-8.212	-9.733	-0.042
9.21	-8.201	-9.358	-0.031
9.22	-8.191	-9.044	-0.014
9.23	-8.180	-8.836	0.000
9.24	-8.169	-8.791	0.008
9.25	-8.158	-8.928	0.009
9.26	-8.147	-9.197	-0.007
9.27	-8.136	-9.461	-0.034
9.28	-8.124	-9.667	-0.055
9.29	-8.114	-9.841	-0.064
9.3	-8.106	-9.952	-0.061
9.31	-8.098	-10.000	-0.061
9.32	-8.089	-10.058	-0.063
9.33	-8.078	-10.195	-0.041
9.34	-8.069	-10.459	0.106
9.35	-8.063	-10.814	0.342
9.36	-8.055	-11.083	0.444
9.37	-8.046	-11.183	0.297
9.38	-8.036	-11.236	0.005
9.39	-8.024	-11.352	-0.147
9.4	-8.011	-11.520	-0.126
9.41	-7.996	-11.658	-0.092
9.42	-7.982	-11.683	-0.073
9.43	-7.969	-11.575	-0.069
9.44	-7.956	-11.330	-0.068
9.45	-7.944	-10.730	-0.061
9.46	-7.934	-8.894	-0.054
9.47	-7.924	-4.273	-0.055
9.48	-7.914	3.923	-0.054
9.49	-7.904	14.345	-0.034
9.5	-7.895	24.200	-0.013
9.51	-7.888	30.997	-0.003
9.52	-7.881	33.467	0.009
9.53	-7.875	31.666	0.024
9.54	-7.868	26.633	0.042
9.55	-7.862	19.630	0.062
9.56	-7.856	11.695	0.079
9.57	-7.851	3.722	0.092
9.58	-7.846	-3.628	0.100
9.59	-7.841	-10.006	0.097
9.6	-7.836	-15.219	0.080
9.61	-7.833	-19.167	0.052
9.62	-7.830	-21.881	0.019
9.63	-7.828	-23.458	-0.017
9.64	-7.824	-23.939	-0.046
9.65	-7.819	-23.438	-0.067
9.66	-7.816	-22.166	-0.084
9.67	-7.812	-20.345	-0.093
9.68	-7.808	-18.313	-0.094
9.69	-7.804	-16.478	-0.096
9.7	-7.801	-15.088	-0.096
9.71	-7.799	-14.078	-0.089
9.72	-7.796	-13.031	-0.084
9.73	-7.794	-11.511	-0.084
9.74	-7.791	-9.480	-0.084
9.75	-7.787	-7.245	-0.076
9.76	-7.784	-5.167	-0.070
9.77	-7.781	-3.502	-0.068
9.78	-7.777	-2.355	-0.067
9.79	-7.774	-1.734	-0.069
9.8	-7.771	-1.552	-0.071
9.81	-7.768	-1.706	-0.072
9.82	-7.766	-2.155	-0.077
9.83	-7.764	-2.867	-0.082
9.84	-7.761	-3.831	-0.080
9.85	-7.759	-5.000	-0.078
9.86	-7.757	-6.377	-0.083
9.87	-7.753	-7.952	-0.086
9.88	-7.750	-9.566	-0.082
9.89	-7.748	-11.091	-0.083
9.9	-7.745	-12.477	-0.085
9.91	-7.742	-13.656	-0.084
9.92	-7.740	-14.539	-0.086
9.93	-7.738	-15.073	-0.085
9.94	-7.737	-15.245	-0.081
9.95	-7.736	-15.095	-0.077
9.96	-7.734	-14.731	-0.078
9.97	-7.733	-14.231	-0.080
9.98	-7.732	-13.650	-0.073
9.99	-7.730	-13.052	-0.070
10.0	-7.728	-12.480	-0.080
10.01	-7.723	-11.973	-0.086
10.02	-7.719	-11.559	-0.078
10.03	-7.715	-11.208	-0.068
10.04	-7.711	-10.873	-0.062
10.05	-7.709	-10.533	-0.063
10.06	-7.707	-10.208	-0.060
10.07	-7.705	-9.839	-0.051
10.08	-7.703	-9.330	-0.050
10.09	-7.700	-8.747	-0.049
10.1	-7.697	-8.172	-0.034
10.11	-7.696	-7.630	-0.012
10.12	-7.696	-7.194	0.003
10.13	-7.694	-6.978	0.014
10.14	-7.693	-7.039	0.015
10.15	-7.692	-7.297	0.002
10.16	-7.691	-7.645	-0.026
10.17	-7.690	-8.067	-0.056
10.18	-7.689	-8.502	-0.066
10.19	-7.689	-8.827	-0.065
10.2	-7.691	-9.017	-0.071
10.21	-7.690	-9.142	-0.075
10.22	-7.688	-9.291	-0.071
10.23	-7.688	-9.492	0.003
10.24	-7.689	-9.725	0.208
10.25	-7.691	-9.928	0.391
10.26	-7.692	-10.020	0.364
10.27	-7.694	-10.055	0.118
10.28	-7.692	-10.150	-0.127
10.29	-7.689	-10.300	-0.163
10.3	-7.686	-10.431	-0.113
10.31	-7.684	-10.492	-0.093
10.32	-7.684	-10.494	-0.083
10.33	-7.684	-10.475	-0.074
10.34	-7.683	-10.284	-0.066
10.35	-7.683	-9.220	-0.062
10.36	-7.681	-5.833	-0.054
10.37	-7.681	1.203	-0.041
10.38	-7.679	11.433	-0.030
10.39	-7.679	22.398	-0.022
10.4	-7.678	31.211	-0.012
10.41	-7.678	35.997	0.002
10.42	-7.679	36.259	0.019
10.43	-7.680	32.586	0.036
10.44	-7.681	26.189	0.061
10.45	-7.682	18.298	0.090
10.46	-7.683	9.848	0.108
10.47	-7.683	1.620	0.117
10.48	-7.684	-5.778	0.118
10.49	-7.686	-11.986	0.109
10.5	-7.688	-16.831	0.094
10.51	-7.691	-20.283	0.070
10.52	-7.694	-22.384	0.035
10.53	-7.696	-23.158	-0.003
10.54	-7.698	-22.733	-0.027
10.55	-7.700	-21.431	-0.048
10.56	-7.703	-19.588	-0.074
10.57	-7.705	-17.502	-0.088
10.58	-7.708	-15.545	-0.089
10.59	-7.710	-14.050	-0.087
10.6	-7.713	-13.055	-0.084
10.61	-7.716	-12.248	-0.080
10.62	-7.719	-11.152	-0.082
10.63	-7.723	-9.464	-0.079
10.64	-7.728	-7.336	-0.071
10.65	-7.733	-5.191	-0.071
10.66	-7.740	-3.350	-0.070
10.67	-7.748	-1.947	-0.069
10.68	-7.756	-1.039	-0.069
10.69	-7.767	-0.683	-0.063
10.7	-7.778	-0.839	-0.058
10.71	-7.790	-1.353	-0.060
10.72	-7.803	-2.155	-0.063
10.73	-7.817	-3.239	-0.063
10.74	-7.831	-4.530	-0.064
10.75	-7.846	-5.944	-0.072
10.76	-7.862	-7.472	-0.076
10.77	-7.879	-9.055	-0.070
10.78	-7.896	-10.595	-0.068
10.79	-7.913	-12.022	-0.069
10.8	-7.930	-13.230	-0.070
10.81	-7.947	-14.136	-0.071
10.82	-7.965	-14.730	-0.072
10.83	-7.982	-15.030	-0.075
10.84	-7.998	-15.075	-0.071
10.85	-8.014	-14.881	-0.065
10.86	-8.028	-14.481	-0.065
10.87	-8.043	-13.958	-0.065
10.88	-8.057	-13.333	-0.062
10.89	-8.071	-12.631	-0.057
10.9	-8.086	-11.953	-0.058
10.91	-8.099	-11.347	-0.060
10.92	-8.114	-10.786	-0.064
10.93	-8.127	-10.289	-0.063
10.94	-8.139	-9.888	-0.058
10.95	-8.152	-9.547	-0.055
10.96	-8.164	-9.192	-0.052
10.97	-8.178	-8.784	-0.044
10.98	-8.189	-8.305	-0.036
10.99	-8.199	-7.789	-0.026
11.0	-8.210	-7.328	-0.013
11.01	-8.221	-6.930	0.001
11.02	-8.232	-6.591	0.016
11.03	-8.244	-6.402	0.022
11.04	-8.254	-6.408	0.015
11.05	-8.266	-6.559	-0.006
11.06	-8.277	-6.808	-0.036
11.07	-8.289	-7.184	-0.057
11.08	-8.301	-7.681	-0.068
11.09	-8.316	-8.184	-0.073
11.1	-8.330	-8.662	-0.076
11.11	-8.342	-9.184	-0.075
11.12	-8.354	-9.794	-0.046
11.13	-8.365	-10.441	0.113
11.14	-8.377	-11.033	0.355
11.15	-8.388	-11.478	0.455
11.16	-8.399	-11.784	0.292
11.17	-8.408	-12.094	-0.019
11.18	-8.414	-12.484	-0.160
11.19	-8.418	-12.877	-0.121
11.2	-8.421	-13.147	-0.093
11.21	-8.425	-13.214	-0.090
11.22	-8.429	-13.113	-0.087
11.23	-8.432	-12.872	-0.077
11.24	-8.435	-12.213	-0.070
11.25	-8.438	-10.063	-0.065
11.26	-8.441	-4.737	-0.059
11.27	-8.443	4.425	-0.052
11.28	-8.445	15.825	-0.039
11.29	-8.447	26.469	-0.026
11.3	-8.451	33.644	-0.014
11.31	-8.455	36.045	-0.002
11.32	-8.459	33.948	0.015
11.33	-8.464	28.508	0.042
11.34	-8.469	21.030	0.067
11.35	-8.474	12.614	0.093
11.36	-8.479	4.138	0.110
11.37	-8.484	-3.730	0.115
11.38	-8.488	-10.511	0.113
11.39	-8.493	-15.923	0.093
11.4	-8.500	-19.973	0.066
11.41	-8.508	-22.769	0.036
11.42	-8.514	-24.356	-0.005
11.43	-8.520	-24.794	-0.039
11.44	-8.526	-24.233	-0.061
11.45	-8.531	-22.911	-0.078
11.46	-8.537	-21.095	-0.091
11.47	-8.543	-19.034	-0.096
11.48	-8.549	-17.083	-0.094
11.49	-8.555	-15.561	-0.089
11.5	-8.563	-14.350	-0.086
11.51	-8.571	-12.988	-0.081
11.52	-8.579	-11.131	-0.078
11.53	-8.587	-8.786	-0.073
11.54	-8.595	-6.259	-0.065
11.55	-8.603	-4.000	-0.063
11.56	-8.609	-2.370	-0.064
11.57	-8.617	-1.422	-0.064
11.58	-8.624	-0.992	-0.063
11.59	-8.631	-1.038	-0.060
11.6	-8.639	-1.564	-0.060
11.61	-8.646	-2.444	-0.058
11.62	-8.653	-3.547	-0.059
11.63	-8.659	-4.831	-0.066
11.64	-8.666	-6.259	-0.066
11.65	-8.672	-7.780	-0.060
11.66	-8.678	-9.341	-0.059
11.67	-8.684	-10.911	-0.059
11.68	-8.689	-12.428	-0.057
11.69	-8.694	-13.764	-0.059
11.7	-8.701	-14.845	-0.057
11.71	-8.706	-15.645	-0.062
11.72	-8.711	-16.128	-0.066
11.73	-8.715	-16.289	-0.055
11.74	-8.719	-16.155	-0.052
11.75	-8.725	-15.800	-0.060
11.76	-8.731	-15.352	-0.069
11.77	-8.738	-14.914	-0.069
11.78	-8.744	-14.506	-0.063
11.79	-8.749	-14.103	-0.063
11.8	-8.756	-13.703	-0.067
11.81	-8.762	-13.280	-0.066
11.82	-8.768	-12.809	-0.058
11.83	-8.774	-12.311	-0.052
11.84	-8.779	-11.772	-0.050
11.85	-8.786	-11.225	-0.048
11.86	-8.791	-10.717	-0.038
11.87	-8.796	-10.214	-0.023
11.88	-8.801	-9.717	-0.012
11.89	-8.808	-9.270	0.003
11.9	-8.814	-8.903	0.018
11.91	-8.819	-8.647	0.015
11.92	-8.825	-8.542	-0.004
11.93	-8.831	-8.556	-0.033
11.94	-8.838	-8.578	-0.057
11.95	-8.846	-8.630	-0.061
11.96	-8.855	-8.789	-0.059
11.97	-8.864	-9.050	-0.063
11.98	-8.870	-9.411	-0.066
11.99	-8.874	-9.864	-0.039
12.0	-8.880	-10.370	0.121
12.01	-8.888	-10.847	0.369
12.02	-8.895	-11.130	0.493
12.03	-8.902	-11.197	0.340
12.04	-8.909	-11.269	0.014
12.05	-8.911	-11.500	-0.143
12.06	-8.909	-11.839	-0.111
12.07	-8.908	-12.144	-0.079
12.08	-8.909	-12.364	-0.073
12.09	-8.911	-12.519	-0.073
12.1	-8.912	-12.584	-0.067
12.11	-8.913	-12.256	-0.053
12.12	-8.915	-10.517	-0.038
12.13	-8.916	-5.713	-0.029
12.14	-8.916	3.028	-0.021
12.15	-8.916	14.334	-0.010
12.16	-8.916	25.203	0.009
12.17	-8.916	32.847	0.024
12.18	-8.917	35.900	0.033
12.19	-8.919	34.431	0.044
12.2	-8.922	29.328	0.059
12.21	-8.926	21.859	0.084
12.22	-8.930	13.238	0.106
12.23	-8.934	4.375	0.120
12.24	-8.936	-3.966	0.126
12.25	-8.938	-11.189	0.122
12.26	-8.941	-16.994	0.107
12.27	-8.944	-21.308	0.082
12.28	-8.951	-24.158	0.051
12.29	-8.957	-25.645	0.010
12.3	-8.960	-25.900	-0.020
12.31	-8.961	-25.131	-0.033
12.32	-8.960	-23.638	-0.047
12.33	-8.960	-21.698	-0.062
12.34	-8.960	-19.638	-0.070
12.35	-8.960	-17.897	-0.066
12.36	-8.961	-16.723	-0.063
12.37	-8.962	-15.895	-0.069
12.38	-8.962	-14.942	-0.072
12.39	-8.961	-13.478	-0.065
12.4	-8.960	-11.378	-0.052
12.41	-8.959	-8.923	-0.046
12.42	-8.959	-6.611	-0.049
12.43	-8.958	-4.722	-0.057
12.44	-8.957	-3.295	-0.057
12.45	-8.955	-2.359	-0.048
12.46	-8.951	-1.916	-0.052
12.47	-8.944	-1.898	-0.064
12.48	-8.933	-2.294	-0.071
12.49	-8.918	-3.078	-0.074
12.5	-8.899	-4.144	-0.068
12.51	-8.878	-5.447	-0.068
12.52	-8.856	-7.028	-0.070
12.53	-8.832	-8.839	-0.064
12.54	-8.809	-10.717	-0.059
12.55	-8.786	-12.506	-0.061
12.56	-8.761	-14.102	-0.070
12.57	-8.736	-15.388	-0.075
12.58	-8.711	-16.259	-0.069
12.59	-8.686	-16.717	-0.063
12.6	-8.662	-16.844	-0.062
12.61	-8.638	-16.695	-0.060
12.62	-8.616	-16.347	-0.055
12.63	-8.594	-15.866	-0.052
12.64	-8.573	-15.278	-0.051
12.65	-8.554	-14.595	-0.055
12.66	-8.536	-13.859	-0.057
12.67	-8.519	-13.203	-0.045
12.68	-8.502	-12.677	-0.040
12.69	-8.487	-12.225	-0.039
12.7	-8.473	-11.875	-0.036
12.71	-8.459	-11.617	-0.029
12.72	-8.445	-11.367	-0.015
12.73	-8.431	-11.064	-0.001
12.74	-8.417	-10.652	0.013
12.75	-8.402	-10.113	0.023
12.76	-8.389	-9.534	0.018
12.77	-8.376	-8.989	0.004
12.78	-8.362	-8.477	-0.021
12.79	-8.348	-8.088	-0.044
12.8	-8.336	-7.895	-0.050
12.81	-8.327	-7.853	-0.052
12.82	-8.318	-7.909	-0.057
12.83	-8.305	-8.058	-0.060
12.84	-8.292	-8.328	-0.035
12.85	-8.281	-8.736	0.120
12.86	-8.270	-9.194	0.358
12.87	-8.259	-9.613	0.463
12.88	-8.249	-10.002	0.329
12.89	-8.238	-10.400	0.047
12.9	-8.226	-10.861	-0.112
12.91	-8.211	-11.422	-0.104
12.92	-8.195	-12.000	-0.077
12.93	-8.181	-12.500	-0.064
12.94	-8.168	-12.875	-0.062
12.95	-8.155	-13.008	-0.066
12.96	-8.144	-12.609	-0.062
12.97	-8.133	-10.705	-0.048
12.98	-8.121	-5.617	-0.040
12.99	-8.110	3.425	-0.033
13.0	-8.098	14.867	-0.014
13.01	-8.085	25.661	0.001
13.02	-8.073	33.109	0.008
13.03	-8.063	35.961	0.018
13.04	-8.054	34.377	0.036
13.05	-8.045	29.344	0.061
13.06	-8.036	22.153	0.084
13.07	-8.027	13.978	0.099
13.08	-8.019	5.666	0.110
13.09	-8.011	-2.180	0.116
13.1	-8.001	-9.120	0.110
13.11	-7.993	-14.911	0.091
13.12	-7.985	-19.378	0.063
13.13	-7.979	-22.467	0.032
13.14	-7.974	-24.291	0.007
13.15	-7.969	-24.963	-0.020
13.16	-7.964	-24.619	-0.047
13.17	-7.959	-23.486	-0.065
13.18	-7.954	-21.839	-0.072
13.19	-7.951	-20.016	-0.077
13.2	-7.949	-18.398	-0.084
13.21	-7.947	-17.120	-0.084
13.22	-7.948	-15.897	-0.077
13.23	-7.949	-14.355	-0.066
13.24	-7.949	-12.347	-0.055
13.25	-7.949	-10.042	-0.053
13.26	-7.948	-7.791	-0.056
13.27	-7.947	-5.908	-0.056
13.28	-7.946	-4.500	-0.061
13.29	-7.943	-3.534	-0.055
13.3	-7.941	-2.963	-0.041
13.31	-7.939	-2.684	-0.043
13.32	-7.938	-2.627	-0.044
13.33	-7.934	-2.794	-0.043
13.34	-7.931	-3.220	-0.051
13.35	-7.928	-3.958	-0.061
13.36	-7.924	-4.994	-0.058
13.37	-7.921	-6.275	-0.044
13.38	-7.917	-7.767	-0.037
13.39	-7.913	-9.444	-0.041
13.4	-7.907	-11.200	-0.040
13.41	-7.901	-12.833	-0.041
13.42	-7.894	-14.217	-0.043
13.43	-7.889	-15.295	-0.042
13.44	-7.883	-16.009	-0.042
13.45	-7.878	-16.334	-0.040
13.46	-7.873	-16.258	-0.038
13.47	-7.869	-15.797	-0.041
13.48	-7.864	-15.042	-0.046
13.49	-7.858	-14.078	-0.050
13.5	-7.853	-13.005	-0.048
13.51	-7.847	-12.019	-0.051
13.52	-7.841	-11.306	-0.051
13.53	-7.836	-10.886	-0.045
13.54	-7.831	-10.694	-0.047
13.55	-7.829	-10.636	-0.050
13.56	-7.828	-10.567	-0.046
13.57	-7.828	-10.366	-0.037
13.58	-7.827	-10.042	-0.027
13.59	-7.826	-9.677	-0.024
13.6	-7.824	-9.250	-0.015
13.61	-7.824	-8.720	0.004
13.62	-7.824	-8.228	0.017
13.63	-7.823	-7.916	0.025
13.64	-7.822	-7.773	0.017
13.65	-7.822	-7.711	-0.007
13.66	-7.820	-7.672	-0.033
13.67	-7.816	-7.653	-0.050
13.68	-7.813	-7.555	-0.056
13.69	-7.811	-7.444	-0.059
13.7	-7.811	-7.478	-0.058
13.71	-7.808	-7.623	-0.052
13.72	-7.804	-7.953	-0.026
13.73	-7.803	-8.500	0.125
13.74	-7.803	-9.136	0.346
13.75	-7.802	-9.722	0.416
13.76	-7.801	-10.178	0.244
13.77	-7.800	-10.567	-0.039
13.78	-7.795	-10.939	-0.159
13.79	-7.789	-11.233	-0.120
13.8	-7.786	-11.328	-0.088
13.81	-7.785	-11.194	-0.077
13.82	-7.783	-10.877	-0.080
13.83	-7.781	-10.403	-0.078
13.84	-7.777	-9.430	-0.065
13.85	-7.774	-6.664	-0.052
13.86	-7.772	-0.395	-0.043
13.87	-7.769	9.617	-0.037
13.88	-7.766	21.273	-0.032
13.89	-7.764	31.469	-0.024
13.9	-7.762	37.780	-0.009
13.91	-7.761	39.214	0.012
13.92	-7.762	36.238	0.033
13.93	-7.761	30.116	0.054
13.94	-7.759	22.116	0.082
13.95	-7.759	13.288	0.104
13.96	-7.758	4.506	0.113
13.97	-7.758	-3.573	0.116
13.98	-7.758	-10.513	0.115
13.99	-7.758	-16.061	0.107
14.0	-7.759	-20.095	0.090
14.01	-7.760	-22.613	0.064
14.02	-7.761	-23.695	0.035
14.03	-7.759	-23.447	0.008
14.04	-7.759	-22.153	-0.014
14.05	-7.758	-20.225	-0.027
14.06	-7.759	-18.083	-0.034
14.07	-7.761	-16.194	-0.032
14.08	-7.763	-14.902	-0.022
14.09	-7.765	-14.186	-0.016
14.1	-7.769	-13.652	-0.010
14.11	-7.773	-12.806	-0.001
14.12	-7.779	-11.353	0.006
14.13	-7.785	-9.278	0.012
14.14	-7.794	-6.920	0.022
14.15	-7.804	-4.772	0.029
14.16	-7.815	-3.109	0.032
14.17	-7.828	-1.988	0.036
14.18	-7.843	-1.397	0.034
14.19	-7.860	-1.297	0.025
14.2	-7.878	-1.603	0.020
14.21	-7.898	-2.236	0.017
14.22	-7.916	-3.159	0.012
14.23	-7.935	-4.383	0.011
14.24	-7.954	-5.819	0.003
14.25	-7.971	-7.336	-0.007
14.26	-7.989	-8.936	-0.010
14.27	-8.006	-10.609	-0.010
14.28	-8.023	-12.208	-0.015
14.29	-8.039	-13.559	-0.024
14.3	-8.054	-14.602	-0.031
14.31	-8.069	-15.322	-0.034
14.32	-8.084	-15.716	-0.036
14.33	-8.098	-15.781	-0.043
14.34	-8.112	-15.486	-0.053
14.35	-8.126	-14.877	-0.053
14.36	-8.140	-14.095	-0.053
14.37	-8.153	-13.214	-0.060
14.38	-8.168	-12.302	-0.061
14.39	-8.181	-11.486	-0.060
14.4	-8.195	-10.831	-0.061
14.41	-8.208	-10.325	-0.069
14.42	-8.222	-10.000	-0.079
14.43	-8.236	-9.833	-0.070
14.44	-8.251	-9.741	-0.055
14.45	-8.266	-9.705	-0.062
14.46	-8.281	-9.683	-0.077
14.47	-8.294	-9.577	-0.081
14.48	-8.308	-9.319	-0.079
14.49	-8.321	-8.923	-0.073
14.5	-8.334	-8.475	-0.063
14.51	-8.347	-8.047	-0.051
14.52	-8.361	-7.686	-0.040
14.53	-8.374	-7.469	-0.026
14.54	-8.388	-7.513	-0.022
14.55	-8.401	-7.817	-0.036
14.56	-8.413	-8.219	-0.065
14.57	-8.425	-8.662	-0.094
14.58	-8.436	-9.169	-0.107
14.59	-8.449	-9.653	-0.118
14.6	-8.464	-10.033	-0.133
14.61	-8.474	-10.317	-0.140
14.62	-8.483	-10.577	-0.126
14.63	-8.492	-10.839	-0.012
14.64	-8.504	-11.114	0.222
14.65	-8.514	-11.422	0.390
14.66	-8.526	-11.720	0.316
14.67	-8.537	-12.016	0.018
14.68	-8.546	-12.391	-0.197
14.69	-8.551	-12.841	-0.191
14.7	-8.556	-13.213	-0.148
14.71	-8.563	-13.320	-0.126
14.72	-8.570	-13.169	-0.115
14.73	-8.576	-12.836	-0.111
14.74	-8.582	-12.191	-0.103
14.75	-8.588	-10.489	-0.091
14.76	-8.594	-6.017	-0.078
14.77	-8.599	2.616	-0.066
14.78	-8.604	14.398	-0.053
14.79	-8.608	26.250	-0.045
14.8	-8.613	35.056	-0.037
14.81	-8.617	39.023	-0.018
14.82	-8.624	37.962	0.005
14.83	-8.632	32.878	0.028
14.84	-8.640	25.177	0.053
14.85	-8.648	16.177	0.076
14.86	-8.655	6.952	0.098
14.87	-8.662	-1.791	0.113
14.88	-8.669	-9.559	0.104
14.89	-8.676	-15.994	0.090
14.9	-8.684	-20.963	0.081
14.91	-8.693	-24.513	0.057
14.92	-8.700	-26.730	0.023
14.93	-8.706	-27.681	-0.004
14.94	-8.711	-27.488	-0.027
14.95	-8.716	-26.328	-0.045
14.96	-8.721	-24.467	-0.051
14.97	-8.726	-22.309	-0.047
14.98	-8.730	-20.241	-0.040
14.99	-8.734	-18.519	-0.030
15.0	-8.738	-17.070	-0.019
15.01	-8.742	-15.467	-0.011
15.02	-8.748	-13.344	-0.010
15.03	-8.753	-10.664	-0.007
15.04	-8.759	-7.713	0.001
15.05	-8.766	-4.956	0.005
15.06	-8.771	-2.802	0.006
15.07	-8.774	-1.394	-0.005
15.08	-8.777	-0.691	-0.008
15.09	-8.781	-0.584	-0.003
15.1	-8.786	-0.939	-0.008
15.11	-8.789	-1.680	-0.012
15.12	-8.793	-2.770	-0.016
15.13	-8.797	-4.133	-0.027
15.14	-8.803	-5.722	-0.036
15.15	-8.806	-7.478	-0.041
15.16	-8.809	-9.287	-0.045
15.17	-8.811	-11.070	-0.049
15.18	-8.815	-12.742	-0.053
15.19	-8.819	-14.159	-0.052
15.2	-8.822	-15.306	-0.049
15.21	-8.826	-16.203	-0.045
15.22	-8.830	-16.775	-0.048
15.23	-8.835	-17.014	-0.057
15.24	-8.841	-17.011	-0.063
15.25	-8.848	-16.811	-0.061
15.26	-8.854	-16.428	-0.057
15.27	-8.859	-15.945	-0.060
15.28	-8.864	-15.417	-0.066
15.29	-8.869	-14.791	-0.069
15.3	-8.875	-14.070	-0.070
15.31	-8.881	-13.428	-0.065
15.32	-8.885	-12.869	-0.067
15.33	-8.890	-12.191	-0.075
15.34	-8.895	-11.489	-0.076
15.35	-8.901	-10.984	-0.074
15.36	-8.904	-10.642	-0.067
15.37	-8.908	-10.294	-0.058
15.38	-8.911	-9.916	-0.061
15.39	-8.914	-9.580	-0.055
15.4	-8.916	-9.272	-0.032
15.41	-8.919	-8.941	-0.012
15.42	-8.921	-8.650	-0.003
15.43	-8.922	-8.497	-0.009
15.44	-8.922	-8.458	-0.030
15.45	-8.922	-8.500	-0.052
15.46	-8.925	-8.684	-0.066
15.47	-8.930	-8.955	-0.069
15.48	-8.939	-9.227	-0.075
15.49	-8.949	-9.564	-0.080
15.5	-8.956	-10.011	-0.077
15.51	-8.963	-10.500	-0.032
15.52	-8.972	-10.953	0.141
15.53	-8.981	-11.289	0.365
15.54	-8.988	-11.436	0.442
15.55	-8.996	-11.480	0.260
15.56	-9.001	-11.647	-0.039
15.57	-9.000	-11.900	-0.158
15.58	-8.995	-12.030	-0.124
15.59	-8.992	-11.977	-0.093
15.6	-8.992	-11.819	-0.081
15.61	-8.992	-11.713	-0.076
15.62	-8.994	-11.647	-0.075
15.63	-8.994	-11.158	-0.071
15.64	-8.993	-8.972	-0.058
15.65	-8.991	-3.206	-0.050
15.66	-8.987	6.816	-0.047
15.67	-8.983	19.236	-0.042
15.68	-8.980	30.652	-0.031
15.69	-8.977	38.145	-0.021
15.7	-8.974	40.484	-0.004
15.71	-8.973	37.998	0.023
15.72	-8.972	31.856	0.045
15.73	-8.971	23.450	0.061
15.74	-8.970	14.034	0.073
15.75	-8.967	4.598	0.081
15.76	-8.964	-4.112	0.082
15.77	-8.961	-11.594	0.072
15.78	-8.957	-17.523	0.063
15.79	-8.957	-21.673	0.043
15.8	-8.957	-24.075	0.005
15.81	-8.956	-25.003	-0.036
15.82	-8.951	-24.750	-0.074
15.83	-8.941	-23.600	-0.103
15.84	-8.931	-21.894	-0.124
15.85	-8.923	-20.028	-0.130
15.86	-8.916	-18.398	-0.126
15.87	-8.909	-17.272	-0.123
15.88	-8.901	-16.698	-0.122
15.89	-8.894	-16.358	-0.120
15.9	-8.886	-15.581	-0.117
15.91	-8.879	-13.884	-0.112
15.92	-8.870	-11.366	-0.104
15.93	-8.860	-8.533	-0.088
15.94	-8.849	-5.941	-0.078
15.95	-8.837	-3.934	-0.073
15.96	-8.824	-2.591	-0.071
15.97	-8.810	-1.825	-0.076
15.98	-8.794	-1.575	-0.079
15.99	-8.775	-1.838	-0.071
16.0	-8.754	-2.631	-0.065
16.01	-8.731	-3.956	-0.064
16.02	-8.707	-5.677	-0.061
16.03	-8.683	-7.558	-0.062
16.04	-8.658	-9.469	-0.060
16.05	-8.633	-11.327	-0.060
16.06	-8.607	-13.011	-0.066
16.07	-8.582	-14.416	-0.068
16.08	-8.558	-15.500	-0.067
16.09	-8.534	-16.256	-0.065
16.1	-8.512	-16.647	-0.067
16.11	-8.491	-16.652	-0.067
16.12	-8.471	-16.316	-0.058
16.13	-8.450	-15.714	-0.049
16.14	-8.430	-14.995	-0.046
16.15	-8.411	-14.302	-0.048
16.16	-8.392	-13.633	-0.045
16.17	-8.373	-13.023	-0.041
16.18	-8.355	-12.583	-0.044
16.19	-8.338	-12.311	-0.045
16.2	-8.319	-12.133	-0.045
16.21	-8.303	-11.997	-0.048
16.22	-8.287	-11.859	-0.051
16.23	-8.271	-11.641	-0.050
16.24	-8.254	-11.313	-0.041
16.25	-8.238	-10.923	-0.026
16.26	-8.221	-10.519	-0.020
16.27	-8.206	-10.122	-0.020
16.28	-8.191	-9.744	-0.009
16.29	-8.176	-9.442	0.009
16.3	-8.161	-9.263	0.021
16.31	-8.145	-9.158	0.032
16.32	-8.128	-9.130	0.036
16.33	-8.113	-9.250	0.017
16.34	-8.099	-9.497	-0.012
16.35	-8.086	-9.781	-0.031
16.36	-8.072	-10.050	-0.042
16.37	-8.063	-10.286	-0.048
16.38	-8.054	-10.469	-0.053
16.39	-8.043	-10.605	-0.054
16.4	-8.029	-10.738	-0.014
16.41	-8.018	-10.900	0.149
16.42	-8.008	-11.072	0.363
16.43	-7.997	-11.194	0.435
16.44	-7.986	-11.288	0.281
16.45	-7.975	-11.448	0.011
16.46	-7.962	-11.792	-0.111
16.47	-7.946	-12.294	-0.082
16.48	-7.931	-12.711	-0.054
16.49	-7.917	-12.859	-0.041
16.5	-7.904	-12.764	-0.037
16.51	-7.893	-12.434	-0.034
16.52	-7.883	-11.480	-0.025
16.53	-7.874	-8.658	-0.023
16.54	-7.865	-2.209	-0.020
16.55	-7.856	8.375	-0.007
16.56	-7.849	21.108	-0.000
16.57	-7.841	32.556	0.007
16.58	-7.834	39.855	0.020
16.59	-7.828	41.831	0.034
16.6	-7.822	38.898	0.048
16.61	-7.816	32.366	0.061
16.62	-7.811	23.747	0.081
16.63	-7.807	14.333	0.102
16.64	-7.803	5.081	0.113
16.65	-7.799	-3.353	0.115
16.66	-7.795	-10.584	0.107
16.67	-7.791	-16.450	0.089
16.68	-7.788	-20.900	0.063
16.69	-7.787	-23.927	0.034
16.7	-7.785	-25.589	-0.003
16.71	-7.783	-26.008	-0.041
16.72	-7.780	-25.353	-0.064
16.73	-7.776	-23.858	-0.076
16.74	-7.774	-21.811	-0.084
16.75	-7.771	-19.608	-0.090
16.76	-7.769	-17.761	-0.096
16.77	-7.768	-16.558	-0.102
16.78	-7.768	-15.759	-0.098
16.79	-7.769	-14.802	-0.090
16.8	-7.771	-13.222	-0.086
16.81	-7.773	-10.961	-0.082
16.82	-7.774	-8.338	-0.080
16.83	-7.774	-5.823	-0.071
16.84	-7.773	-3.805	-0.059
16.85	-7.773	-2.386	-0.057
16.86	-7.772	-1.509	-0.059
16.87	-7.771	-1.175	-0.061
16.88	-7.770	-1.352	-0.061
16.89	-7.769	-1.934	-0.061
16.9	-7.768	-2.853	-0.062
16.91	-7.768	-4.069	-0.060
16.92	-7.768	-5.530	-0.059
16.93	-7.766	-7.183	-0.059
16.94	-7.765	-8.941	-0.056
16.95	-7.764	-10.694	-0.055
16.96	-7.763	-12.336	-0.052
16.97	-7.761	-13.733	-0.045
16.98	-7.759	-14.805	-0.043
16.99	-7.758	-15.570	-0.044
17.0	-7.756	-16.005	-0.048
17.01	-7.755	-16.092	-0.051
17.02	-7.754	-15.914	-0.048
17.03	-7.753	-15.569	-0.048
17.04	-7.752	-15.086	-0.053
17.05	-7.751	-14.477	-0.053
17.06	-7.751	-13.828	-0.050
17.07	-7.751	-13.223	-0.051
17.08	-7.749	-12.628	-0.053
17.09	-7.748	-12.047	-0.052
17.1	-7.746	-11.552	-0.054
17.11	-7.746	-11.153	-0.050
17.12	-7.744	-10.792	-0.044
17.13	-7.744	-10.422	-0.042
17.14	-7.744	-10.022	-0.040
17.15	-7.745	-9.572	-0.043
17.16	-7.745	-9.050	-0.047
17.17	-7.744	-8.516	-0.041
17.18	-7.743	-8.050	-0.030
17.19	-7.742	-7.669	-0.020
17.2	-7.741	-7.430	-0.013
17.21	-7.741	-7.422	-0.004
17.22	-7.742	-7.636	0.013
17.23	-7.743	-7.994	0.029
17.24	-7.743	-8.422	0.034
17.25	-7.743	-8.877	0.029
17.26	-7.744	-9.333	0.008
17.27	-7.744	-9.716	-0.018
17.28	-7.744	-9.944	-0.033
17.29	-7.746	-10.089	-0.039
17.3	-7.749	-10.239	-0.048
17.31	-7.751	-10.416	-0.054
17.32	-7.749	-10.680	-0.045
17.33	-7.749	-11.055	0.030
17.34	-7.752	-11.453	0.228
17.35	-7.755	-11.778	0.411
17.36	-7.759	-11.978	0.402
17.37	-7.764	-12.053	0.170
17.38	-7.764	-12.091	-0.081
17.39	-7.759	-12.131	-0.129
17.4	-7.752	-12.045	-0.086
17.41	-7.748	-11.777	-0.066
17.42	-7.744	-11.442	-0.055
17.43	-7.743	-11.130	-0.049
17.44	-7.741	-10.730	-0.040
17.45	-7.739	-9.511	-0.034
17.46	-7.740	-5.748	-0.034
17.47	-7.742	2.256	-0.032
17.48	-7.743	14.100	-0.023
17.49	-7.744	26.895	-0.015
17.5	-7.746	37.194	-0.002
17.51	-7.748	42.734	0.017
17.52	-7.749	42.923	0.035
17.53	-7.751	38.597	0.056
17.54	-7.754	31.255	0.075
17.55	-7.760	22.325	0.089
17.56	-7.768	12.881	0.102
17.57	-7.777	3.686	0.115
17.58	-7.789	-4.727	0.126
17.59	-7.801	-12.025	0.129
17.6	-7.814	-17.966	0.114
17.61	-7.830	-22.438	0.089
17.62	-7.848	-25.448	0.063
17.63	-7.866	-26.992	0.034
17.64	-7.885	-27.098	0.005
17.65	-7.903	-25.906	-0.017
17.66	-7.920	-23.686	-0.039
17.67	-7.937	-20.895	-0.058
17.68	-7.953	-18.105	-0.065
17.69	-7.969	-15.817	-0.064
17.7	-7.984	-14.152	-0.059
17.71	-8.000	-12.736	-0.057
17.72	-8.015	-11.139	-0.059
17.73	-8.029	-9.183	-0.061
17.74	-8.044	-6.964	-0.054
17.75	-8.058	-4.778	-0.049
17.76	-8.071	-2.970	-0.052
17.77	-8.082	-1.736	-0.051
17.78	-8.094	-1.055	-0.043
17.79	-8.106	-0.756	-0.044
17.8	-8.118	-0.759	-0.051
17.81	-8.131	-1.088	-0.054
17.82	-8.143	-1.666	-0.055
17.83	-8.155	-2.473	-0.057
17.84	-8.168	-3.623	-0.061
17.85	-8.181	-5.100	-0.068
17.86	-8.193	-6.764	-0.073
17.87	-8.205	-8.509	-0.078
17.88	-8.217	-10.234	-0.079
17.89	-8.231	-11.881	-0.076
17.9	-8.243	-13.411	-0.076
17.91	-8.255	-14.723	-0.075
17.92	-8.268	-15.714	-0.073
17.93	-8.281	-16.333	-0.071
17.94	-8.294	-16.567	-0.068
17.95	-8.307	-16.438	-0.067
17.96	-8.320	-16.044	-0.069
17.97	-8.332	-15.506	-0.073
17.98	-8.345	-14.850	-0.075
17.99	-8.357	-14.103	-0.074
18.0	-8.369	-13.422	-0.068
18.01	-8.382	-12.927	-0.064
18.02	-8.394	-12.577	-0.064
18.03	-8.408	-12.244	-0.064
18.04	-8.421	-11.861	-0.067
18.05	-8.434	-11.466	-0.067
18.06	-8.447	-11.080	-0.062
18.07	-8.459	-10.653	-0.060
18.08	-8.471	-10.156	-0.059
18.09	-8.483	-9.653	-0.057
18.1	-8.497	-9.231	-0.055
18.11	-8.510	-8.956	-0.048
18.12	-8.523	-8.856	-0.033
18.13	-8.536	-8.964	-0.013
18.14	-8.549	-9.284	-0.002
18.15	-8.562	-9.745	0.006
18.16	-8.574	-10.294	0.015
18.17	-8.587	-10.884	0.015
18.18	-8.599	-11.409	0.001
18.19	-8.613	-11.780	-0.028
18.2	-8.626	-11.977	-0.053
18.21	-8.638	-12.033	-0.061
18.22	-8.651	-11.952	-0.065
18.23	-8.664	-11.739	-0.065
18.24	-8.676	-11.539	-0.057
18.25	-8.684	-11.505	-0.035
18.26	-8.691	-11.614	0.093
18.27	-8.699	-11.772	0.331
18.28	-8.709	-11.920	0.492
18.29	-8.719	-12.045	0.392
18.3	-8.728	-12.203	0.068
18.31	-8.733	-12.502	-0.140
18.32	-8.734	-12.886	-0.126
18.33	-8.736	-13.161	-0.084
18.34	-8.739	-13.278	-0.070
18.35	-8.742	-13.270	-0.065
18.36	-8.746	-13.100	-0.061
18.37	-8.749	-12.564	-0.051
18.38	-8.754	-10.780	-0.040
18.39	-8.756	-5.898	-0.031
18.4	-8.759	3.488	-0.019
18.41	-8.761	16.250	-0.016
18.42	-8.763	29.061	-0.017
18.43	-8.765	38.586	0.000
18.44	-8.770	42.903	0.022
18.45	-8.775	41.844	0.038
18.46	-8.780	36.509	0.057
18.47	-8.786	28.345	0.080
18.48	-8.793	18.650	0.100
18.49	-8.800	8.577	0.116
18.5	-8.806	-0.892	0.122
18.51	-8.813	-9.155	0.114
18.52	-8.818	-15.944	0.094
18.53	-8.826	-21.103	0.068
18.54	-8.835	-24.648	0.039
18.55	-8.844	-26.744	0.010
18.56	-8.853	-27.545	-0.017
18.57	-8.858	-27.228	-0.043
18.58	-8.863	-25.984	-0.063
18.59	-8.867	-24.052	-0.072
18.6	-8.872	-21.783	-0.076
18.61	-8.876	-19.655	-0.076
18.62	-8.881	-18.030	-0.075
18.63	-8.887	-16.880	-0.076
18.64	-8.893	-15.852	-0.071
18.65	-8.899	-14.481	-0.066
18.66	-8.906	-12.439	-0.062
18.67	-8.911	-9.822	-0.053
18.68	-8.916	-7.083	-0.046
18.69	-8.922	-4.630	-0.047
18.7	-8.929	-2.634	-0.048
18.71	-8.936	-1.180	-0.041
18.72	-8.943	-0.281	-0.035
18.73	-8.949	0.050	-0.039
18.74	-8.956	-0.275	-0.045
18.75	-8.962	-1.372	-0.049
18.76	-8.969	-3.086	-0.051
18.77	-8.977	-4.942	-0.050
18.78	-8.986	-6.695	-0.045
18.79	-8.994	-8.402	-0.043
18.8	-9.003	-10.211	-0.049
18.81	-9.014	-12.150	-0.053
18.82	-9.024	-13.969	-0.051
18.83	-9.034	-15.464	-0.050
18.84	-9.043	-16.595	-0.043
18.85	-9.053	-17.333	-0.037
18.86	-9.063	-17.647	-0.039
18.87	-9.074	-17.559	-0.044
18.88	-9.085	-17.184	-0.044
18.89	-9.096	-16.766	-0.040
18.9	-9.107	-16.377	-0.041
18.91	-9.117	-15.788	-0.042
18.92	-9.125	-14.991	-0.033
18.93	-9.134	-14.214	-0.029
18.94	-9.142	-13.531	-0.034
18.95	-9.151	-12.878	-0.032
18.96	-9.159	-12.222	-0.031
18.97	-9.168	-11.625	-0.036
18.98	-9.176	-11.134	-0.037
18.99	-9.185	-10.683	-0.035
19.0	-9.195	-10.200	-0.034
19.01	-9.205	-9.652	-0.031
19.02	-9.217	-9.017	-0.033
19.03	-9.231	-8.369	-0.025
19.04	-9.244	-7.797	-0.012
19.05	-9.254	-7.336	-0.007
19.06	-9.263	-7.044	0.007
19.07	-9.271	-6.983	0.017
19.08	-9.277	-7.158	0.024
19.09	-9.283	-7.517	0.030
19.1	-9.290	-8.031	0.016
19.11	-9.297	-8.656	-0.014
19.12	-9.304	-9.225	-0.034
19.13	-9.313	-9.667	-0.038
19.14	-9.324	-10.030	-0.043
19.15	-9.337	-10.270	-0.044
19.16	-9.346	-10.391	-0.045
19.17	-9.354	-10.495	-0.029
19.18	-9.365	-10.639	0.113
19.19	-9.376	-10.819	0.336
19.2	-9.383	-10.986	0.448
19.21	-9.388	-11.073	0.328
19.22	-9.389	-11.161	0.042
19.23	-9.386	-11.394	-0.123
19.24	-9.377	-11.728	-0.110
19.25	-9.369	-11.975	-0.077
19.26	-9.364	-12.016	-0.060
19.27	-9.361	-11.869	-0.053
19.28	-9.358	-11.527	-0.047
19.29	-9.357	-10.770	-0.046
19.3	-9.358	-8.664	-0.042
19.31	-9.359	-3.355	-0.026
19.32	-9.359	6.323	-0.014
19.33	-9.358	18.956	-0.013
19.34	-9.358	31.245	-0.008
19.35	-9.360	40.097	0.005
19.36	-9.363	43.872	0.024
19.37	-9.364	42.497	0.046
19.38	-9.364	36.928	0.067
19.39	-9.365	28.591	0.087
19.4	-9.366	18.845	0.103
19.41	-9.367	8.778	0.110
19.42	-9.366	-0.716	0.111
19.43	-9.364	-9.003	0.105
19.44	-9.363	-15.769	0.094
19.45	-9.360	-20.873	0.074
19.46	-9.357	-24.295	0.044
19.47	-9.356	-26.161	0.011
19.48	-9.349	-26.645	-0.017
19.49	-9.338	-25.944	-0.040
19.5	-9.320	-24.380	-0.066
19.51	-9.300	-22.288	-0.079
19.52	-9.279	-19.945	-0.074
19.53	-9.256	-17.713	-0.070
19.54	-9.232	-15.972	-0.075
19.55	-9.209	-14.752	-0.075
19.56	-9.187	-13.609	-0.067
19.57	-9.163	-12.045	-0.062
19.58	-9.140	-9.966	-0.059
19.59	-9.117	-7.647	-0.056
19.6	-9.096	-5.461	-0.051
19.61	-9.076	-3.677	-0.045
19.62	-9.056	-2.391	-0.049
19.63	-9.037	-1.602	-0.056
19.64	-9.017	-1.261	-0.056
19.65	-8.998	-1.350	-0.053
19.66	-8.979	-1.803	-0.055
19.67	-8.961	-2.495	-0.063
19.68	-8.943	-3.445	-0.060
19.69	-8.925	-4.739	-0.049
19.7	-8.908	-6.367	-0.049
19.71	-8.890	-8.280	-0.058
19.72	-8.873	-10.406	-0.060
19.73	-8.858	-12.611	-0.054
19.74	-8.843	-14.698	-0.051
19.75	-8.829	-16.441	-0.051
19.76	-8.815	-17.684	-0.058
19.77	-8.803	-18.417	-0.060
19.78	-8.789	-18.667	-0.051
19.79	-8.777	-18.488	-0.049
19.8	-8.764	-17.991	-0.051
19.81	-8.751	-17.292	-0.048
19.82	-8.739	-16.461	-0.044
19.83	-8.726	-15.556	-0.042
19.84	-8.713	-14.695	-0.044
19.85	-8.699	-13.900	-0.049
19.86	-8.686	-13.083	-0.050
19.87	-8.674	-12.295	-0.045
19.88	-8.662	-11.634	-0.041
19.89	-8.651	-11.077	-0.045
19.9	-8.640	-10.597	-0.048
19.91	-8.630	-10.197	-0.041
19.92	-8.620	-9.863	-0.035
19.93	-8.610	-9.517	-0.032
19.94	-8.600	-9.109	-0.030
19.95	-8.589	-8.697	-0.025
19.96	-8.579	-8.339	-0.011
19.97	-8.569	-8.061	0.005
19.98	-8.561	-7.930	0.014
19.99	-8.554	-8.002	0.014
20.0	-8.547	-8.264	0.017
20.01	-8.541	-8.650	0.007
20.02	-8.534	-9.097	-0.021
20.03	-8.529	-9.533	-0.043
20.04	-8.526	-9.898	-0.050
20.05	-8.526	-10.222	-0.058
20.06	-8.524	-10.523	-0.065
20.07	-8.516	-10.800	-0.059
20.08	-8.508	-11.080	-0.010
20.09	-8.501	-11.369	0.152
20.1	-8.492	-11.639	0.357
20.11	-8.479	-11.889	0.426
20.12	-8.464	-12.077	0.263
20.13	-8.449	-12.163	-0.003
20.14	-8.429	-12.250	-0.113
20.15	-8.404	-12.378	-0.096
20.16	-8.379	-12.394	-0.081
20.17	-8.354	-12.205	-0.073
20.18	-8.331	-11.858	-0.065
20.19	-8.307	-11.341	-0.061
20.2	-8.283	-10.295	-0.059
20.21	-8.259	-7.545	-0.049
20.22	-8.237	-1.269	-0.041
20.23	-8.214	9.148	-0.035
20.24	-8.191	21.733	-0.026
20.25	-8.169	33.102	-0.019
20.26	-8.148	40.489	-0.005
20.27	-8.128	42.738	0.011
20.28	-8.111	40.130	0.025
20.29	-8.094	33.788	0.048
20.3	-8.076	25.181	0.074
20.31	-8.060	15.655	0.089
20.32	-8.045	6.148	0.099
20.33	-8.030	-2.683	0.102
20.34	-8.014	-10.356	0.087
20.35	-7.999	-16.614	0.064
20.36	-7.986	-21.381	0.041
20.37	-7.976	-24.664	0.015
20.38	-7.967	-26.561	-0.015
20.39	-7.958	-27.216	-0.037
20.4	-7.947	-26.778	-0.055
20.41	-7.936	-25.502	-0.070
20.42	-7.926	-23.681	-0.082
20.43	-7.917	-21.617	-0.095
20.44	-7.906	-19.683	-0.097
20.45	-7.896	-18.200	-0.086
20.46	-7.884	-17.114	-0.081
20.47	-7.875	-15.917	-0.084
20.48	-7.867	-14.097	-0.082
20.49	-7.858	-11.667	-0.076
20.5	-7.849	-9.028	-0.072
20.51	-7.839	-6.563	-0.071
20.52	-7.831	-4.566	-0.070
20.53	-7.822	-3.214	-0.063
20.54	-7.814	-2.491	-0.059
20.55	-7.807	-2.309	-0.062
20.56	-7.801	-2.655	-0.069
20.57	-7.796	-3.430	-0.069
20.58	-7.790	-4.477	-0.063
20.59	-7.784	-5.758	-0.064
20.6	-7.776	-7.242	-0.070
20.61	-7.768	-8.817	-0.074
20.62	-7.760	-10.413	-0.075
20.63	-7.752	-12.025	-0.069
20.64	-7.744	-13.591	-0.067
20.65	-7.737	-14.983	-0.073
20.66	-7.731	-16.119	-0.072
20.67	-7.725	-16.945	-0.065
20.68	-7.717	-17.414	-0.067
20.69	-7.709	-17.528	-0.069
20.7	-7.701	-17.328	-0.068
20.71	-7.694	-16.883	-0.067
20.72	-7.686	-16.334	-0.066
20.73	-7.679	-15.820	-0.067
20.74	-7.673	-15.317	-0.068
20.75	-7.667	-14.798	-0.065
20.76	-7.661	-14.352	-0.060
20.77	-7.654	-13.950	-0.061
20.78	-7.648	-13.489	-0.066
20.79	-7.641	-12.923	-0.068
20.8	-7.633	-12.311	-0.066
20.81	-7.625	-11.723	-0.068
20.82	-7.617	-11.092	-0.065
20.83	-7.608	-10.419	-0.060
20.84	-7.601	-9.823	-0.064
20.85	-7.595	-9.308	-0.061
20.86	-7.589	-8.814	-0.051
20.87	-7.583	-8.381	-0.042
20.88	-7.577	-8.117	-0.034
20.89	-7.571	-8.053	-0.027
20.9	-7.565	-8.120	-0.018
20.91	-7.561	-8.295	0.005
20.92	-7.558	-8.631	0.027
20.93	-7.556	-9.122	0.026
20.94	-7.553	-9.659	0.010
20.95	-7.550	-10.164	-0.012
20.96	-7.548	-10.647	-0.038
20.97	-7.546	-11.034	-0.052
20.98	-7.547	-11.284	-0.054
20.99	-7.549	-11.466	-0.058
21.0	-7.549	-11.589	-0.058
21.01	-7.548	-11.645	-0.048
21.02	-7.549	-11.681	0.049
21.03	-7.551	-11.725	0.263
21.04	-7.552	-11.784	0.415
21.05	-7.553	-11.830	0.357
21.06	-7.553	-11.800	0.095
21.07	-7.551	-11.794	-0.116
21.08	-7.546	-11.967	-0.118
21.09	-7.541	-12.192	-0.079
21.1	-7.535	-12.219	-0.072
21.11	-7.529	-11.980	-0.071
21.12	-7.522	-11.559	-0.070
21.13	-7.517	-10.922	-0.064
21.14	-7.516	-9.319	-0.057
21.15	-7.516	-5.038	-0.046
21.16	-7.516	3.397	-0.034
21.17	-7.515	15.338	-0.027
21.18	-7.514	27.909	-0.025
21.19	-7.513	37.783	-0.015
21.2	-7.513	42.808	0.001
21.21	-7.513	42.544	0.015
21.22	-7.513	37.872	0.036
21.23	-7.514	30.248	0.058
21.24	-7.514	21.034	0.086
21.25	-7.515	11.277	0.111
21.26	-7.516	1.842	0.117
21.27	-7.516	-6.581	0.118
21.28	-7.516	-13.581	0.115
21.29	-7.517	-18.997	0.094
21.3	-7.520	-22.902	0.061
21.31	-7.524	-25.402	0.028
21.32	-7.527	-26.472	0.002
21.33	-7.529	-26.267	-0.024
21.34	-7.530	-25.119	-0.051
21.35	-7.533	-23.294	-0.067
21.36	-7.538	-21.098	-0.074
21.37	-7.543	-18.969	-0.079
21.38	-7.548	-17.328	-0.080
21.39	-7.555	-16.194	-0.081
21.4	-7.563	-15.152	-0.084
21.41	-7.573	-13.714	-0.079
21.42	-7.586	-11.641	-0.070
21.43	-7.600	-9.067	-0.068
21.44	-7.616	-6.352	-0.070
21.45	-7.632	-3.916	-0.068
21.46	-7.649	-2.081	-0.066
21.47	-7.666	-0.864	-0.064
21.48	-7.684	-0.209	-0.064
21.49	-7.704	-0.122	-0.066
21.5	-7.724	-0.517	-0.062
21.51	-7.744	-1.259	-0.057
21.52	-7.764	-2.269	-0.061
21.53	-7.783	-3.559	-0.064
21.54	-7.803	-5.150	-0.065
21.55	-7.822	-6.958	-0.074
21.56	-7.841	-8.853	-0.077
21.57	-7.861	-10.792	-0.066
21.58	-7.880	-12.697	-0.056
21.59	-7.900	-14.319	-0.057
21.6	-7.920	-15.475	-0.064
21.61	-7.938	-16.139	-0.065
21.62	-7.956	-16.331	-0.059
21.63	-7.973	-16.133	-0.058
21.64	-7.989	-15.641	-0.062
21.65	-8.005	-14.959	-0.055
21.66	-8.021	-14.292	-0.052
21.67	-8.036	-13.791	-0.056
21.68	-8.051	-13.414	-0.057
21.69	-8.064	-13.066	-0.061
21.7	-8.079	-12.730	-0.065
21.71	-8.092	-12.344	-0.061
21.72	-8.106	-11.778	-0.052
21.73	-8.120	-11.036	-0.047
21.74	-8.133	-10.200	-0.051
21.75	-8.145	-9.334	-0.057
21.76	-8.158	-8.542	-0.053
21.77	-8.170	-7.939	-0.050
21.78	-8.183	-7.573	-0.051
21.79	-8.194	-7.405	-0.049
21.8	-8.207	-7.391	-0.039
21.81	-8.218	-7.520	-0.030
21.82	-8.230	-7.745	-0.022
21.83	-8.242	-8.017	-0.003
21.84	-8.254	-8.314	0.013
21.85	-8.265	-8.652	0.018
21.86	-8.277	-9.091	0.011
21.87	-8.287	-9.586	-0.011
21.88	-8.298	-10.033	-0.038
21.89	-8.308	-10.400	-0.052
21.9	-8.319	-10.725	-0.053
21.91	-8.333	-11.011	-0.060
21.92	-8.346	-11.267	-0.061
21.93	-8.356	-11.552	-0.053
21.94	-8.364	-11.853	-0.022
21.95	-8.374	-12.116	0.121
21.96	-8.384	-12.255	0.347
21.97	-8.394	-12.227	0.468
21.98	-8.406	-12.109	0.328
21.99	-8.419	-11.994	0.001
22.0	-8.428	-11.977	-0.169
22.01	-8.432	-12.114	-0.131
22.02	-8.437	-12.273	-0.087
22.03	-8.444	-12.345	-0.077
22.04	-8.451	-12.361	-0.077
22.05	-8.456	-12.311	-0.071
22.06	-8.462	-11.977	-0.059
22.07	-8.467	-10.447	-0.053
22.08	-8.472	-5.831	-0.047
22.09	-8.475	3.275	-0.037
22.1	-8.479	15.803	-0.027
22.11	-8.484	28.533	-0.018
22.12	-8.490	38.108	-0.003
22.13	-8.498	42.613	0.018
22.14	-8.506	41.888	0.037
22.15	-8.516	36.833	0.052
22.16	-8.525	28.814	0.072
22.17	-8.536	19.272	0.093
22.18	-8.546	9.331	0.106
22.19	-8.557	-0.184	0.110
22.2	-8.568	-8.608	0.108
22.21	-8.577	-15.508	0.097
22.22	-8.588	-20.769	0.069
22.23	-8.599	-24.470	0.029
22.24	-8.611	-26.725	-0.004
22.25	-8.623	-27.664	-0.028
22.26	-8.633	-27.489	-0.054
22.27	-8.643	-26.425	-0.074
22.28	-8.653	-24.670	-0.085
22.29	-8.662	-22.544	-0.092
22.3	-8.671	-20.531	-0.095
22.31	-8.679	-18.931	-0.095
22.32	-8.688	-17.589	-0.088
22.33	-8.697	-16.123	-0.077
22.34	-8.704	-14.194	-0.069
22.35	-8.711	-11.644	-0.061
22.36	-8.717	-8.633	-0.056
22.37	-8.724	-5.628	-0.060
22.38	-8.730	-3.105	-0.059
22.39	-8.737	-1.259	-0.051
22.4	-8.743	-0.155	-0.050
22.41	-8.749	0.205	-0.052
22.42	-8.758	-0.013	-0.055
22.43	-8.766	-0.620	-0.055
22.44	-8.775	-1.578	-0.049
22.45	-8.784	-2.875	-0.050
22.46	-8.793	-4.430	-0.055
22.47	-8.802	-6.134	-0.057
22.48	-8.808	-7.967	-0.054
22.49	-8.815	-9.884	-0.052
22.5	-8.824	-11.736	-0.057
22.51	-8.834	-13.384	-0.062
22.52	-8.846	-14.756	-0.056
22.53	-8.856	-15.819	-0.046
22.54	-8.866	-16.555	-0.046
22.55	-8.876	-16.950	-0.050
22.56	-8.886	-17.066	-0.043
22.57	-8.896	-16.997	-0.038
22.58	-8.906	-16.766	-0.043
22.59	-8.915	-16.361	-0.047
22.6	-8.924	-15.834	-0.045
22.61	-8.933	-15.248	-0.043
22.62	-8.942	-14.586	-0.045
22.63	-8.951	-13.869	-0.043
22.64	-8.962	-13.175	-0.042
22.65	-8.973	-12.548	-0.043
22.66	-8.984	-11.925	-0.043
22.67	-8.995	-11.236	-0.044
22.68	-9.004	-10.536	-0.042
22.69	-9.013	-9.844	-0.038
22.7	-9.021	-9.153	-0.033
22.71	-9.027	-8.500	-0.026
22.72	-9.034	-7.892	-0.025
22.73	-9.043	-7.353	-0.021
22.74	-9.050	-6.948	-0.008
22.75	-9.058	-6.759	0.011
22.76	-9.064	-6.833	0.026
22.77	-9.071	-7.150	0.027
22.78	-9.076	-7.625	0.014
22.79	-9.081	-8.184	-0.013
22.8	-9.087	-8.791	-0.039
22.81	-9.094	-9.364	-0.049
22.82	-9.104	-9.836	-0.048
22.83	-9.114	-10.173	-0.050
22.84	-9.121	-10.430	-0.054
22.85	-9.126	-10.661	-0.017
22.86	-9.132	-10.792	0.153
22.87	-9.138	-10.809	0.390
22.88	-9.142	-10.759	0.504
22.89	-9.148	-10.664	0.342
22.9	-9.154	-10.578	0.021
22.91	-9.153	-10.577	-0.124
22.92	-9.148	-10.711	-0.100
22.93	-9.144	-10.891	-0.074
22.94	-9.142	-10.994	-0.065
22.95	-9.140	-10.969	-0.058
22.96	-9.139	-10.755	-0.048
22.97	-9.138	-10.088	-0.042
22.98	-9.136	-8.002	-0.041
22.99	-9.132	-2.730	-0.031
23.0	-9.127	6.777	-0.014
23.01	-9.122	19.177	-0.004
23.02	-9.117	31.338	-0.002
23.03	-9.113	40.178	0.010
23.04	-9.109	43.977	0.032
23.05	-9.104	42.703	0.055
23.06	-9.099	37.370	0.073
23.07	-9.095	29.291	0.089
23.08	-9.091	19.764	0.107
23.09	-9.086	9.913	0.118
23.1	-9.082	0.606	0.119
23.11	-9.077	-7.559	0.112
23.12	-9.072	-14.363	0.101
23.13	-9.070	-19.720	0.081
23.14	-9.071	-23.539	0.051
23.15	-9.072	-25.858	0.017
23.16	-9.071	-26.827	-0.020
23.17	-9.063	-26.650	-0.048
23.18	-9.051	-25.488	-0.067
23.19	-9.037	-23.547	-0.084
23.2	-9.021	-21.244	-0.089
23.21	-9.003	-19.033	-0.074
23.22	-8.984	-17.241	-0.064
23.23	-8.967	-15.884	-0.071
23.24	-8.949	-14.586	-0.070
23.25	-8.932	-12.878	-0.058
23.26	-8.914	-10.631	-0.051
23.27	-8.894	-8.047	-0.048
23.28	-8.874	-5.517	-0.047
23.29	-8.853	-3.381	-0.046
23.3	-8.830	-1.738	-0.040
23.31	-8.807	-0.589	-0.038
23.32	-8.784	0.036	-0.040
23.33	-8.761	0.114	-0.047
23.34	-8.738	-0.331	-0.053
23.35	-8.714	-1.206	-0.052
23.36	-8.689	-2.398	-0.052
23.37	-8.666	-3.948	-0.054
23.38	-8.642	-5.886	-0.058
23.39	-8.618	-8.027	-0.059
23.4	-8.595	-10.198	-0.053
23.41	-8.572	-12.341	-0.051
23.42	-8.551	-14.336	-0.055
23.43	-8.529	-15.930	-0.057
23.44	-8.508	-16.970	-0.057
23.45	-8.488	-17.488	-0.058
23.46	-8.469	-17.561	-0.056
23.47	-8.450	-17.281	-0.054
23.48	-8.431	-16.773	-0.054
23.49	-8.413	-16.209	-0.053
23.5	-8.396	-15.633	-0.056
23.51	-8.378	-15.048	-0.064
23.52	-8.360	-14.559	-0.068
23.53	-8.341	-14.150	-0.070
23.54	-8.322	-13.680	-0.066
23.55	-8.304	-13.128	-0.060
23.56	-8.287	-12.586	-0.061
23.57	-8.269	-12.042	-0.059
23.58	-8.251	-11.434	-0.053
23.59	-8.232	-10.823	-0.052
23.6	-8.214	-10.280	-0.048
23.61	-8.197	-9.720	-0.046
23.62	-8.179	-9.117	-0.044
23.63	-8.162	-8.616	-0.032
23.64	-8.145	-8.281	-0.012
23.65	-8.128	-8.023	0.007
23.66	-8.111	-7.864	0.016
23.67	-8.095	-7.884	0.014
23.68	-8.079	-8.023	-0.003
23.69	-8.063	-8.211	-0.032
23.7	-8.048	-8.455	-0.058
23.71	-8.034	-8.731	-0.070
23.72	-8.023	-9.033	-0.070
23.73	-8.013	-9.428	-0.069
23.74	-8.001	-9.956	-0.069
23.75	-7.985	-10.597	-0.051
23.76	-7.971	-11.264	0.076
23.77	-7.958	-11.878	0.312
23.78	-7.946	-12.322	0.473
23.79	-7.936	-12.530	0.378
23.8	-7.927	-12.588	0.076
23.81	-7.916	-12.603	-0.117
23.82	-7.901	-12.694	-0.117
23.83	-7.883	-12.820	-0.090
23.84	-7.868	-12.800	-0.077
23.85	-7.854	-12.620	-0.072
23.86	-7.841	-12.361	-0.065
23.87	-7.827	-11.845	-0.054
23.88	-7.814	-10.214	-0.047
23.89	-7.803	-5.794	-0.040
23.9	-7.791	2.830	-0.038
23.91	-7.782	15.014	-0.037
23.92	-7.771	27.741	-0.027
23.93	-7.760	37.573	-0.015
23.94	-7.750	42.545	0.000
23.95	-7.742	42.381	0.024
23.96	-7.734	37.894	0.051
23.97	-7.728	30.389	0.071
23.98	-7.722	21.263	0.091
23.99	-7.716	11.664	0.112
24.0	-7.710	2.355	0.118
24.01	-7.706	-6.102	0.113
24.02	-7.701	-13.259	0.097
24.03	-7.696	-18.963	0.072
24.04	-7.692	-23.230	0.049
24.05	-7.689	-26.034	0.020
24.06	-7.687	-27.434	-0.012
24.07	-7.683	-27.648	-0.039
24.08	-7.678	-26.878	-0.062
24.09	-7.673	-25.278	-0.079
24.1	-7.669	-23.209	-0.085
24.11	-7.665	-21.125	-0.086
24.12	-7.662	-19.336	-0.083
24.13	-7.659	-17.930	-0.072
24.14	-7.656	-16.598	-0.065
24.15	-7.653	-14.853	-0.064
24.16	-7.652	-12.511	-0.058
24.17	-7.649	-9.809	-0.050
24.18	-7.645	-7.184	-0.044
24.19	-7.642	-4.955	-0.046
24.2	-7.639	-3.242	-0.047
24.21	-7.636	-2.091	-0.045
24.22	-7.633	-1.470	-0.042
24.23	-7.631	-1.330	-0.038
24.24	-7.629	-1.664	-0.041
24.25	-7.627	-2.464	-0.047
24.26	-7.625	-3.622	-0.047
24.27	-7.623	-4.986	-0.047
24.28	-7.622	-6.522	-0.055
24.29	-7.620	-8.269	-0.064
24.3	-7.619	-10.144	-0.068
24.31	-7.617	-11.972	-0.068
24.32	-7.613	-13.692	-0.064
24.33	-7.609	-15.245	-0.061
24.34	-7.606	-16.423	-0.066
24.35	-7.603	-17.188	-0.068
24.36	-7.600	-17.616	-0.061
24.37	-7.598	-17.667	-0.060
24.38	-7.596	-17.344	-0.065
24.39	-7.594	-16.767	-0.065
24.4	-7.593	-16.095	-0.059
24.41	-7.593	-15.377	-0.054
24.42	-7.593	-14.625	-0.050
24.43	-7.593	-13.909	-0.049
24.44	-7.591	-13.233	-0.056
24.45	-7.589	-12.602	-0.062
24.46	-7.588	-12.070	-0.056
24.47	-7.586	-11.631	-0.046
24.48	-7.585	-11.238	-0.046
24.49	-7.584	-10.903	-0.050
24.5	-7.584	-10.627	-0.053
24.51	-7.582	-10.344	-0.053
24.52	-7.581	-9.953	-0.051
24.53	-7.579	-9.422	-0.043
24.54	-7.578	-8.850	-0.031
24.55	-7.576	-8.308	-0.021
24.56	-7.575	-7.867	-0.010
24.57	-7.574	-7.664	0.004
24.58	-7.574	-7.727	0.019
24.59	-7.571	-7.991	0.025
24.6	-7.569	-8.394	0.011
24.61	-7.567	-8.872	-0.014
24.62	-7.564	-9.297	-0.036
24.63	-7.563	-9.497	-0.053
24.64	-7.564	-9.497	-0.059
24.65	-7.566	-9.466	-0.061
24.66	-7.567	-9.516	-0.062
24.67	-7.567	-9.713	-0.058
24.68	-7.566	-10.083	-0.013
24.69	-7.566	-10.589	0.158
24.7	-7.567	-11.072	0.365
24.71	-7.567	-11.361	0.404
24.72	-7.568	-11.509	0.199
24.73	-7.566	-11.592	-0.083
24.74	-7.561	-11.583	-0.162
24.75	-7.555	-11.491	-0.106
24.76	-7.549	-11.358	-0.074
24.77	-7.546	-11.180	-0.067
24.78	-7.543	-10.953	-0.068
24.79	-7.539	-10.706	-0.064
24.8	-7.535	-10.064	-0.057
24.81	-7.531	-7.602	-0.053
24.82	-7.527	-1.294	-0.044
24.83	-7.524	9.500	-0.036
24.84	-7.522	22.689	-0.032
24.85	-7.521	34.712	-0.021
24.86	-7.521	42.658	-0.008
24.87	-7.522	45.267	0.010
24.88	-7.522	42.834	0.036
24.89	-7.521	36.580	0.060
24.9	-7.521	27.978	0.079
24.91	-7.522	18.311	0.093
24.92	-7.523	8.534	0.104
24.93	-7.524	-0.630	0.112
24.94	-7.524	-8.695	0.111
24.95	-7.524	-15.423	0.098
24.96	-7.527	-20.669	0.077
24.97	-7.529	-24.305	0.047
24.98	-7.531	-26.341	0.012
24.99	-7.532	-26.941	-0.017
25.0	-7.534	-26.319	-0.043
25.01	-7.536	-24.677	-0.066
25.02	-7.538	-22.311	-0.083
25.03	-7.540	-19.684	-0.092
25.04	-7.542	-17.338	-0.085
25.05	-7.544	-15.595	-0.076
25.06	-7.547	-14.288	-0.072
25.07	-7.550	-12.956	-0.069
25.08	-7.553	-11.189	-0.068
25.09	-7.556	-8.889	-0.069
25.1	-7.559	-6.359	-0.069
25.11	-7.563	-4.003	-0.066
25.12	-7.567	-2.080	-0.061
25.13	-7.571	-0.658	-0.060
25.14	-7.575	0.250	-0.062
25.15	-7.579	0.609	-0.064
25.16	-7.583	0.506	-0.063
25.17	-7.587	0.014	-0.061
25.18	-7.591	-0.941	-0.058
25.19	-7.596	-2.353	-0.056
25.2	-7.601	-4.114	-0.060
25.21	-7.606	-6.147	-0.066
25.22	-7.612	-8.403	-0.063
25.23	-7.618	-10.736	-0.056
25.24	-7.624	-12.861	-0.060
25.25	-7.629	-14.617	-0.067
25.26	-7.634	-15.986	-0.063
25.27	-7.641	-16.870	-0.055
25.28	-7.648	-17.234	-0.052
25.29	-7.654	-17.192	-0.051
25.3	-7.661	-16.864	-0.048
25.31	-7.669	-16.330	-0.054
25.32	-7.676	-15.728	-0.061
25.33	-7.682	-15.125	-0.059
25.34	-7.689	-14.494	-0.055
25.35	-7.695	-13.861	-0.055
25.36	-7.701	-13.230	-0.061
25.37	-7.708	-12.552	-0.062
25.38	-7.713	-11.822	-0.054
25.39	-7.719	-11.102	-0.052
25.4	-7.724	-10.409	-0.057
25.41	-7.730	-9.725	-0.056
25.42	-7.736	-9.114	-0.050
25.43	-7.742	-8.625	-0.043
25.44	-7.748	-8.214	-0.028
25.45	-7.754	-7.853	-0.014
25.46	-7.759	-7.555	-0.004
25.47	-7.765	-7.373	0.011
25.48	-7.771	-7.353	0.024
25.49	-7.777	-7.448	0.023
25.5	-7.783	-7.553	0.007
25.51	-7.788	-7.647	-0.025
25.52	-7.792	-7.775	-0.057
25.53	-7.796	-7.939	-0.065
25.54	-7.803	-8.136	-0.061
25.55	-7.811	-8.372	-0.069
25.56	-7.817	-8.688	-0.076
25.57	-7.820	-9.113	-0.066
25.58	-7.824	-9.644	0.030
25.59	-7.831	-10.258	0.251
25.6	-7.838	-10.794	0.420
25.61	-7.848	-11.047	0.360
25.62	-7.859	-11.039	0.081
25.63	-7.867	-10.983	-0.148
25.64	-7.871	-11.047	-0.159
25.65	-7.873	-11.227	-0.117
25.66	-7.873	-11.391	-0.098
25.67	-7.874	-11.503	-0.081
25.68	-7.874	-11.638	-0.074
25.69	-7.874	-11.650	-0.071
25.7	-7.871	-10.753	-0.068
25.71	-7.868	-7.320	-0.060
25.72	-7.865	0.363	-0.049
25.73	-7.863	12.180	-0.035
25.74	-7.863	25.497	-0.019
25.75	-7.866	36.770	-0.007
25.76	-7.871	43.389	0.006
25.77	-7.878	44.406	0.019
25.78	-7.887	40.433	0.034
25.79	-7.895	33.041	0.056
25.8	-7.903	23.936	0.086
25.81	-7.909	14.405	0.111
25.82	-7.914	5.142	0.123
25.83	-7.918	-3.508	0.122
25.84	-7.921	-11.181	0.110
25.85	-7.924	-17.519	0.086
25.86	-7.928	-22.327	0.053
25.87	-7.933	-25.541	0.016
25.88	-7.936	-27.164	-0.022
25.89	-7.937	-27.295	-0.052
25.9	-7.936	-26.205	-0.071
25.91	-7.934	-24.270	-0.088
25.92	-7.933	-21.842	-0.099
25.93	-7.931	-19.353	-0.103
25.94	-7.930	-17.320	-0.102
25.95	-7.929	-15.934	-0.102
25.96	-7.929	-14.822	-0.100
25.97	-7.929	-13.397	-0.095
25.98	-7.930	-11.341	-0.093
25.99	-7.931	-8.766	-0.094
26.0	-7.933	-6.072	-0.090
26.01	-7.935	-3.627	-0.083
26.02	-7.939	-1.642	-0.079
26.03	-7.942	-0.248	-0.076
26.04	-7.947	0.530	-0.074
26.05	-7.952	0.747	-0.071
26.06	-7.957	0.414	-0.066
26.07	-7.961	-0.455	-0.065
26.08	-7.964	-1.783	-0.066
26.09	-7.968	-3.455	-0.068
26.1	-7.971	-5.380	-0.070
26.11	-7.974	-7.459	-0.069
26.12	-7.976	-9.581	-0.067
26.13	-7.979	-11.617	-0.068
26.14	-7.981	-13.394	-0.069
26.15	-7.983	-14.817	-0.068
26.16	-7.986	-15.925	-0.064
26.17	-7.988	-16.723	-0.061
26.18	-7.991	-17.184	-0.059
26.19	-7.993	-17.375	-0.058
26.2	-7.995	-17.409	-0.059
26.21	-7.998	-17.275	-0.059
26.22	-8.001	-16.867	-0.058
26.23	-8.004	-16.145	-0.057
26.24	-8.006	-15.172	-0.058
26.25	-8.008	-13.966	-0.061
26.26	-8.009	-12.603	-0.067
26.27	-8.011	-11.331	-0.069
26.28	-8.014	-10.348	-0.063
26.29	-8.018	-9.709	-0.050
26.3	-8.021	-9.333	-0.041
26.31	-8.024	-9.103	-0.039
26.32	-8.026	-8.983	-0.031
26.33	-8.029	-8.833	-0.015
26.34	-8.031	-8.592	0.003
26.35	-8.034	-8.580	0.010
26.36	-8.036	-8.880	0.001
26.37	-8.039	-9.202	-0.013
26.38	-8.041	-9.295	-0.038
26.39	-8.042	-9.103	-0.069
26.4	-8.044	-8.725	-0.084
26.41	-8.047	-8.192	-0.083
26.42	-8.053	-7.631	-0.082
26.43	-8.057	-7.348	-0.080
26.44	-8.056	-7.611	-0.073
26.45	-8.056	-8.463	0.007
26.46	-8.058	-9.725	0.217
26.47	-8.061	-11.081	0.391
26.48	-8.068	-12.094	0.342
26.49	-8.076	-12.453	0.072
26.5	-8.086	-11.967	-0.168
26.51	-8.094	-11.109	-0.186
26.52	-8.101	-10.853	-0.137
26.53	-8.106	-11.291	-0.118
26.54	-8.111	-11.848	-0.109
26.55	-8.115	-12.398	-0.105
26.56	-8.117	-13.056	-0.096
26.57	-8.117	-12.775	-0.080
26.58	-8.115	-9.505	-0.065
26.59	-8.110	-1.598	-0.050
26.6	-8.104	10.709	-0.035
26.61	-8.101	24.508	-0.029
26.62	-8.103	36.083	-0.025
26.63	-8.109	42.789	-0.011
26.64	-8.117	43.555	0.014
26.65	-8.123	38.828	0.039
26.66	-8.125	30.281	0.063
26.67	-8.127	19.906	0.083
26.68	-8.129	9.150	0.102
26.69	-8.131	-1.173	0.122
26.7	-8.131	-10.463	0.132
26.71	-8.131	-17.978	0.122
26.72	-8.131	-23.577	0.097
26.73	-8.132	-27.547	0.062
26.74	-8.134	-29.819	0.024
26.75	-8.135	-30.244	-0.013
26.76	-8.135	-28.902	-0.044
26.77	-8.133	-26.164	-0.067
26.78	-8.130	-22.794	-0.086
26.79	-8.127	-19.631	-0.102
26.8	-8.124	-17.034	-0.109
26.81	-8.122	-15.170	-0.111
26.82	-8.119	-14.242	-0.115
26.83	-8.118	-14.038	-0.112
26.84	-8.119	-13.989	-0.110
26.85	-8.121	-13.495	-0.112
26.86	-8.123	-12.316	-0.115
26.87	-8.126	-10.681	-0.109
26.88	-8.127	-8.975	-0.094
26.89	-8.128	-7.502	-0.087
26.9	-8.127	-6.364	-0.090
26.91	-8.126	-5.533	-0.094
26.92	-8.124	-4.963	-0.097
26.93	-8.121	-4.714	-0.098
26.94	-8.116	-4.984	-0.097
26.95	-8.111	-5.716	-0.094
26.96	-8.107	-6.614	-0.094
26.97	-8.104	-7.536	-0.099
26.98	-8.102	-8.488	-0.101
26.99	-8.099	-9.548	-0.099
27.0	-8.096	-10.788	-0.094
27.01	-8.093	-12.164	-0.089
27.02	-8.091	-13.495	-0.088
27.03	-8.090	-14.584	-0.094
27.04	-8.089	-15.547	-0.092
27.05	-8.088	-16.434	-0.090
27.06	-8.086	-16.797	-0.092
27.07	-8.085	-16.572	-0.088
27.08	-8.083	-16.267	-0.079
27.09	-8.082	-15.803	-0.072
27.1	-8.080	-15.047	-0.071
27.11	-8.079	-14.280	-0.072
27.12	-8.078	-13.438	-0.070
27.13	-8.076	-12.638	-0.065
27.14	-8.074	-11.850	-0.049
27.15	-8.072	-10.984	-0.029
27.16	-8.074	-10.259	-0.015
27.17	-8.075	-9.748	-0.001
27.18	-8.076	-9.452	0.007
27.19	-8.075	-9.222	-0.003
27.2	-8.074	-9.028	-0.028
27.21	-8.071	-8.844	-0.055
27.22	-8.069	-8.602	-0.071
27.23	-8.068	-8.234	-0.072
27.24	-8.069	-7.713	-0.068
27.25	-8.071	-7.130	-0.065
27.26	-8.068	-6.527	-0.062
27.27	-8.064	-5.844	-0.003
27.28	-8.063	-5.450	0.198
27.29	-8.064	-5.734	0.409
27.3	-8.068	-6.400	0.417
27.31	-8.077	-7.150	0.167
27.32	-8.087	-8.125	-0.107
27.33	-8.092	-9.267	-0.147
27.34	-8.089	-10.178	-0.086
27.35	-8.081	-11.045	-0.062
27.36	-8.072	-11.884	-0.054
27.37	-8.063	-12.361	-0.050
27.38	-8.056	-12.673	-0.045
27.39	-8.046	-12.170	-0.038
27.4	-8.035	-9.331	-0.029
27.41	-8.024	-3.081	-0.023
27.42	-8.014	6.752	-0.016
27.43	-8.006	18.770	-0.005
27.44	-7.999	29.920	0.007
27.45	-7.993	36.919	0.026
27.46	-7.988	38.267	0.046
27.47	-7.985	34.933	0.069
27.48	-7.982	28.828	0.095
27.49	-7.979	21.055	0.112
27.5	-7.978	12.303	0.126
27.51	-7.976	3.723	0.143
27.52	-7.973	-4.016	0.150
27.53	-7.971	-10.467	0.138
27.54	-7.969	-15.377	0.114
27.55	-7.969	-19.006	0.082
27.56	-7.969	-21.195	0.043
27.57	-7.969	-21.972	0.002
27.58	-7.968	-21.420	-0.031
27.59	-7.966	-19.731	-0.053
27.6	-7.963	-17.028	-0.070
27.61	-7.959	-13.620	-0.082
27.62	-7.956	-10.770	-0.084
27.63	-7.953	-9.073	-0.075
27.64	-7.951	-7.848	-0.073
27.65	-7.949	-6.031	-0.078
27.66	-7.949	-3.516	-0.069
27.67	-7.949	-0.467	-0.060
27.68	-7.949	3.469	-0.063
27.69	-7.948	8.108	-0.052
27.7	-7.947	12.902	-0.039
27.71	-7.947	17.177	-0.029
27.72	-7.947	20.423	-0.017
27.73	-7.947	22.536	-0.016
27.74	-7.947	23.766	-0.019
27.75	-7.949	25.102	-0.025
27.76	-7.951	27.158	-0.025
27.77	-7.953	28.005	-0.022
27.78	-7.955	25.245	-0.037
27.79	-7.958	19.345	-0.043
27.8	-7.961	12.319	-0.040
27.81	-7.965	5.072	-0.076
27.82	-7.972	-2.623	-0.130
27.83	-7.981	-11.244	-0.139
27.84	-7.990	-21.338	-0.105
27.85	-7.999	-30.014	-0.072
27.86	-8.006	-34.373	-0.069
27.87	-8.010	-37.136	-0.085
27.88	-8.012	-40.439	-0.108
27.89	-8.012	-44.098	-0.113
27.9	-8.014	-47.977	-0.088
27.91	-8.017	-50.488	-0.078
27.92	-8.019	-51.113	-0.085
27.93	-8.021	-51.139	-0.061
27.94	-8.023	-51.138	-0.016
27.95	-8.026	-51.084	-0.012
27.96	-8.030	-50.142	-0.038
27.97	-8.033	-46.986	-0.051
27.98	-8.035	-43.084	-0.068
27.99	-8.035	-41.398	-0.093
28.0	-8.033	-41.053	-0.102
28.01	-8.029	-38.337	-0.118
28.02	-8.026	-31.686	-0.172
28.03	-8.022	-22.663	-0.218
28.04	-8.018	-13.861	-0.199
28.05	-8.012	-7.759	-0.148
28.06	-8.008	-5.623	-0.007
28.07	-8.006	-6.453	0.250
28.08	-8.004	-8.217	0.391
28.09	-8.003	-9.658	0.232
28.1	-8.002	-10.313	-0.086
28.11	-7.999	-9.558	-0.216
28.12	-7.993	-6.930	-0.159
28.13	-7.986	-2.850	-0.137
28.14	-7.978	1.991	-0.148
28.15	-7.974	7.375	-0.129
28.16	-7.972	13.663	-0.089
28.17	-7.972	20.769	-0.066
28.18	-7.973	27.070	-0.060
28.19	-7.974	32.280	-0.050
28.2	-7.976	38.541	-0.046
28.21	-7.975	45.334	-0.039
28.22	-7.974	49.647	0.033
28.23	-7.974	50.998	0.104
28.24	-7.977	51.134	0.106
28.25	-7.982	51.125	0.070
28.26	-7.989	50.608	0.014
28.27	-7.994	47.528	-0.011
28.28	-8.000	40.855	0.008
28.29	-8.009	32.631	0.033
28.3	-8.023	24.042	0.051
28.31	-8.038	13.855	0.060
28.32	-8.058	1.250	0.063
28.33	-8.082	-12.711	0.034
28.34	-8.109	-25.227	-0.018
28.35	-8.137	-32.884	-0.057
28.36	-8.162	-35.089	-0.091
28.37	-8.184	-33.931	-0.124
28.38	-8.201	-31.097	-0.137
28.39	-8.215	-26.731	-0.138
28.4	-8.226	-17.688	-0.145
28.41	-8.234	-1.142	-0.142
28.42	-8.239	18.777	-0.130
28.43	-8.243	34.372	-0.141
28.44	-8.245	40.233	-0.148
28.45	-8.246	37.148	-0.132
28.46	-8.244	36.042	-0.107
28.47	-8.240	43.252	-0.074
28.48	-8.232	49.778	-0.086
28.49	-8.221	51.094	-0.119
28.5	-8.208	51.138	-0.106
28.51	-8.196	51.139	-0.091
28.52	-8.183	51.139	-0.124
28.53	-8.171	51.139	-0.158
28.54	-8.160	51.139	-0.149
28.55	-8.151	51.139	-0.130
28.56	-8.147	51.114	-0.133
28.57	-8.146	50.627	-0.164
28.58	-8.148	44.455	-0.185
28.59	-8.151	26.077	-0.178
28.6	-8.156	2.100	-0.168
28.61	-8.161	-18.089	-0.127
28.62	-8.166	-34.909	-0.088
28.63	-8.171	-46.552	-0.074
28.64	-8.176	-50.695	-0.075
28.65	-8.183	-51.131	-0.080
28.66	-8.189	-51.141	-0.049
28.67	-8.194	-51.141	-0.036
28.68	-8.201	-51.141	-0.020
28.69	-8.207	-51.141	0.040
28.7	-8.214	-51.141	0.094
28.71	-8.223	-51.141	0.133
28.72	-8.232	-51.141	0.139
28.73	-8.239	-51.141	0.170
28.74	-8.244	-51.141	0.210
28.75	-8.247	-51.141	0.216
28.76	-8.251	-51.141	0.205
28.77	-8.254	-51.141	0.147
28.78	-8.259	-51.141	0.135
28.79	-8.264	-51.127	0.185
28.8	-8.266	-50.858	0.231
28.81	-8.268	-47.295	0.322
28.82	-8.272	-38.183	0.529
28.83	-8.276	-31.842	0.773
28.84	-8.283	-32.395	0.808
28.85	-8.291	-32.459	0.496
28.86	-8.297	-35.120	0.125
28.87	-8.299	-41.589	0.026
28.88	-8.296	-31.248	0.097
28.89	-8.289	4.866	0.153
28.9	-8.281	38.598	0.141
28.91	-8.273	50.202	0.033
28.92	-8.263	51.092	-0.138
28.93	-8.252	51.139	-0.246
28.94	-8.241	51.130	-0.318
28.95	-8.232	50.967	-0.379
28.96	-8.228	47.666	-0.345
28.97	-8.227	35.650	-0.338
28.98	-8.230	20.086	-0.396
28.99	-8.237	10.622	-0.332
29.0	-8.246	-3.755	-0.237
29.01	-8.256	-29.448	-0.183
29.02	-8.268	-47.236	-0.118
29.03	-8.282	-51.011	-0.065
29.04	-8.294	-51.128	-0.034
29.05	-8.304	-51.141	-0.030
29.06	-8.312	-51.141	0.046
29.07	-8.321	-51.141	0.090
29.08	-8.334	-51.141	0.073
29.09	-8.349	-51.141	0.037
29.1	-8.365	-51.141	-0.075
29.11	-8.379	-51.141	-0.168
29.12	-8.391	-51.141	-0.155
29.13	-8.401	-51.141	-0.127
29.14	-8.409	-51.141	-0.133
29.15	-8.419	-51.141	-0.080
29.16	-8.432	-51.141	-0.123
29.17	-8.445	-51.141	-0.248
29.18	-8.459	-51.139	-0.303
29.19	-8.474	-51.117	-0.289
29.2	-8.489	-50.656	-0.187
29.21	-8.506	-49.306	-0.177
29.22	-8.526	-48.673	-0.256
29.23	-8.545	-49.798	-0.312
29.24	-8.563	-50.523	-0.381
29.25	-8.581	-47.864	-0.398
29.26	-8.597	-34.425	-0.392
29.27	-8.614	-7.402	-0.393
29.28	-8.629	8.258	-0.339
29.29	-8.642	-8.239	-0.233
29.3	-8.653	-26.730	-0.175
29.31	-8.663	-9.298	-0.123
29.32	-8.672	26.456	-0.064
29.33	-8.683	29.850	-0.102
29.34	-8.693	-7.758	-0.089
29.35	-8.703	-41.667	-0.059
29.36	-8.713	-50.405	-0.097
29.37	-8.722	-44.002	-0.065
29.38	-8.729	-22.547	-0.058
29.39	-8.735	1.381	-0.038
29.4	-8.742	9.006	0.011
29.41	-8.752	9.292	-0.009
29.42	-8.762	22.205	0.021
29.43	-8.772	41.392	0.038
29.44	-8.781	50.133	0.054
29.45	-8.791	51.078	0.158
29.46	-8.801	49.877	0.267
29.47	-8.813	40.775	0.366
29.48	-8.824	20.013	0.435
29.49	-8.836	-2.044	0.461
29.5	-8.846	-11.836	0.456
29.51	-8.857	-0.448	0.468
29.52	-8.869	26.639	0.506
29.53	-8.886	46.241	0.517
29.54	-8.902	49.550	0.580
29.55	-8.911	38.641	0.681
29.56	-8.913	14.794	0.775
29.57	-8.914	-1.398	1.068
29.58	-8.916	3.403	1.588
29.59	-8.916	16.181	1.976
29.6	-8.915	26.270	2.038
29.61	-8.913	25.261	1.982
29.62	-8.907	14.192	2.001
29.63	-8.893	18.664	1.964
29.64	-8.872	38.725	1.893
29.65	-8.848	49.745	1.972
29.66	-8.824	51.077	2.009
29.67	-8.799	50.667	1.859
29.68	-8.772	47.245	1.815
29.69	-8.741	43.423	1.963
29.7	-8.709	44.791	2.005
29.71	-8.675	46.923	1.844
29.72	-8.643	45.059	1.752
29.73	-8.611	37.114	1.842
29.74	-8.581	26.623	1.920
29.75	-8.554	20.119	1.951
29.76	-8.529	14.002	2.003
29.77	-8.509	5.295	2.043
29.78	-8.492	-0.452	2.047
29.79	-8.474	0.205	2.046
29.8	-8.454	-2.692	1.962
29.81	-8.430	-13.867	1.784
29.82	-8.406	-21.575	1.782
29.83	-8.384	-19.231	1.945
29.84	-8.363	-8.622	2.035
29.85	-8.345	5.483	2.047
29.86	-8.328	14.492	2.048
29.87	-8.313	15.008	2.047
29.88	-8.300	8.881	2.047
29.89	-8.289	-1.592	NaN
29.9	-8.281	-13.253	2.045
29.91	-8.273	-21.978	NaN
29.92	-8.266	-23.909	1.991
29.93	-8.259	-22.048	1.858
29.94	-8.252	-26.561	1.843
29.95	-8.247	-39.083	1.863
29.96	-8.243	-48.611	1.832
29.97	-8.241	-50.427	1.893
29.98	-8.242	-43.856	1.984
29.99	-8.242	-23.428	2.015
30.0	-8.243	6.705	2.030
30.01	-8.242	33.077	2.034
30.02	-8.239	47.095	2.020
30.03	-8.234	50.827	2.018
30.04	-8.230	51.136	2.027
30.05	-8.229	51.139	2.040
30.06	-8.230	51.125	2.047
30.07	-8.232	50.880	2.047
30.08	-8.233	47.159	2.047
30.09	-8.232	35.500	2.045
30.1	-8.229	20.177	2.044
30.11	-8.226	8.688	NaN
30.12	-8.224	-0.769	2.045
30.13	-8.224	-15.458	NaN
30.14	-8.224	-34.300	2.008
30.15	-8.226	-47.034	1.884
30.16	-8.228	-50.813	1.822
30.17	-8.228	-51.111	1.829
30.18	-8.227	-50.158	1.904
30.19	-8.226	-44.852	1.969
30.2	-8.223	-34.722	1.969
30.21	-8.220	-24.800	1.996
30.22	-8.216	-19.667	1.952
30.23	-8.214	-22.145	1.903
30.24	-8.213	-31.689	1.962
30.25	-8.214	-42.867	2.000
30.26	-8.214	-49.486	1.999
30.27	-8.211	-51.069	2.008
30.28	-8.210	-51.138	2.032
30.29	-8.211	-51.141	2.008
30.3	-8.214	-51.141	1.891
30.31	-8.217	-51.141	1.780
30.32	-8.221	-51.141	1.656
30.33	-8.221	-51.139	1.469
30.34	-8.219	-51.127	1.394
30.35	-8.216	-50.433	1.494
30.36	-8.212	-46.138	1.596
30.37	-8.209	-36.783	1.616
30.38	-8.207	-26.158	1.597
30.39	-8.207	-20.486	1.559
30.4	-8.207	-22.795	1.495
30.41	-8.207	-28.002	1.414
30.42	-8.204	-27.684	1.401
30.43	-8.202	-16.377	1.436
30.44	-8.199	4.520	1.416
30.45	-8.195	25.636	1.419
30.46	-8.192	39.228	1.379
30.47	-8.189	40.939	1.283
30.48	-8.189	28.470	1.264
30.49	-8.189	11.686	1.310
30.5	-8.189	2.480	1.394
30.51	-8.189	-0.484	1.394
30.52	-8.189	-3.748	1.346
30.53	-8.189	-9.334	1.356
30.54	-8.190	-14.192	1.348
30.55	-8.191	-20.620	1.342
30.56	-8.191	-27.230	1.319
30.57	-8.192	-18.284	1.209
30.58	-8.191	8.233	1.112
30.59	-8.189	33.103	1.057
30.6	-8.189	39.564	1.019
30.61	-8.188	16.458	1.005
30.62	-8.186	-23.475	0.983
30.63	-8.185	-46.998	0.998
30.64	-8.186	-50.398	0.958
30.65	-8.191	-48.594	0.816
30.66	-8.197	-45.853	0.747
30.67	-8.205	-42.264	0.742
30.68	-8.213	-32.002	0.732
30.69	-8.221	-6.733	0.733
30.7	-8.229	25.684	0.765
30.71	-8.236	45.686	0.724
30.72	-8.243	46.644	0.615
30.73	-8.250	26.159	0.608
30.74	-8.256	-9.894	0.604
30.75	-8.259	-38.256	0.535
30.76	-8.262	-49.125	0.508
30.77	-8.263	-50.497	0.520
30.78	-8.262	-45.966	0.531
30.79	-8.260	-32.461	0.524
30.8	-8.259	-10.423	0.556
30.81	-8.260	15.227	0.567
30.82	-8.262	37.486	0.490
30.83	-8.263	48.842	0.453
30.84	-8.262	51.064	0.466
30.85	-8.261	51.109	0.464
30.86	-8.259	50.056	0.461
30.87	-8.254	39.859	0.435
30.88	-8.248	10.963	0.403
30.89	-8.241	-24.644	0.357
30.9	-8.236	-42.614	0.310
30.91	-8.234	-37.852	0.326
30.92	-8.229	-22.163	0.317
30.93	-8.221	-9.513	0.285
30.94	-8.211	-8.167	0.242
30.95	-8.202	-12.770	0.121
30.96	-8.194	-12.583	0.072
30.97	-8.188	-5.811	0.080
30.98	-8.186	3.934	0.070
30.99	-8.183	9.895	0.099
31.0	-8.176	-0.395	0.139
31.01	-8.168	-24.980	0.181
31.02	-8.161	-44.238	0.305
31.03	-8.156	-50.506	0.495
31.04	-8.152	-51.127	0.570
31.05	-8.151	-51.028	0.370
31.06	-8.149	-50.108	0.049
31.07	-8.145	-48.336	-0.039
31.08	-8.136	-46.423	0.028
31.09	-8.125	-41.475	0.088
31.1	-8.115	-31.427	0.117
31.11	-8.105	-20.505	0.081
31.12	-8.095	-12.630	0.087
31.13	-8.086	-8.306	0.120
31.14	-8.079	-7.486	0.098
31.15	-8.071	-9.911	0.091
31.16	-8.063	-13.503	0.118
31.17	-8.055	-15.384	0.091
31.18	-8.047	-12.275	0.070
31.19	-8.042	-1.898	0.097
31.2	-8.035	11.222	0.089
31.21	-8.027	20.169	0.100
31.22	-8.019	26.053	0.121
31.23	-8.011	32.538	0.087
31.24	-8.004	38.417	0.081
31.25	-7.998	41.792	0.091
31.26	-7.993	39.450	0.075
31.27	-7.989	29.633	0.092
31.28	-7.987	16.169	0.061
31.29	-7.984	3.608	-0.019
31.3	-7.982	-5.273	-0.052
31.31	-7.981	-8.152	-0.063
31.32	-7.979	-7.491	-0.075
31.33	-7.979	-12.053	-0.093
31.34	-7.981	-23.345	-0.143
31.35	-7.982	-33.609	-0.194
31.36	-7.981	-37.572	-0.175
31.37	-7.978	-33.042	-0.138
31.38	-7.975	-22.184	-0.117
31.39	-7.973	-15.664	-0.125
31.4	-7.971	-19.977	-0.130
31.41	-7.969	-28.647	-0.125
31.42	-7.968	-34.011	-0.185
31.43	-7.967	-31.725	-0.211
31.44	-7.966	-19.208	-0.184
31.45	-7.964	-2.520	-0.190
31.46	-7.963	3.055	-0.194
31.47	-7.961	-7.848	-0.202
31.48	-7.958	-20.942	-0.207
31.49	-7.955	-25.636	-0.175
31.5	-7.951	-25.705	-0.203
31.51	-7.946	-23.625	-0.257
31.52	-7.942	-19.845	-0.277
31.53	-7.939	-17.430	-0.306
31.54	-7.938	-12.600	-0.277
31.55	-7.938	-1.628	-0.251
31.56	-7.939	8.769	-0.269
31.57	-7.941	9.094	-0.261
31.58	-7.944	-3.266	-0.251
31.59	-7.947	-19.105	-0.276
31.6	-7.951	-25.633	-0.321
31.61	-7.958	-17.128	-0.321
31.62	-7.967	-0.411	-0.297
31.63	-7.978	10.691	-0.231
31.64	-7.989	8.003	-0.197
31.65	-8.002	-2.686	-0.263
31.66	-8.017	-7.238	-0.302
31.67	-8.032	-0.119	-0.332
31.68	-8.046	12.955	-0.365
31.69	-8.059	22.289	-0.371
31.7	-8.072	22.742	-0.388
31.71	-8.085	16.438	-0.393
31.72	-8.098	5.092	-0.382
31.73	-8.107	-8.273	-0.407
31.74	-8.112	-14.789	-0.422
31.75	-8.117	-12.350	-0.277
31.76	-8.124	-10.497	-0.010
31.77	-8.133	-15.241	0.069
31.78	-8.141	-24.797	-0.174
31.79	-8.149	-33.355	-0.477
31.8	-8.155	-32.155	-0.549
31.81	-8.157	-20.939	-0.502
31.82	-8.156	-10.189	-0.479
31.83	-8.156	-4.667	-0.452
31.84	-8.159	0.502	-0.468
31.85	-8.164	8.700	-0.502
31.86	-8.169	16.395	-0.491
31.87	-8.171	20.059	-0.434
31.88	-8.172	21.266	-0.421
31.89	-8.173	21.989	-0.455
31.9	-8.177	21.820	-0.459
31.91	-8.183	17.109	-0.447
31.92	-8.189	6.578	-0.432
31.93	-8.196	-6.584	-0.418
31.94	-8.201	-22.923	-0.416
31.95	-8.207	-37.967	-0.396
31.96	-8.213	-38.053	-0.393
31.97	-8.219	-25.325	-0.390
31.98	-8.227	-13.553	-0.374
31.99	-8.237	-6.875	-0.441
32.0	-8.248	-7.823	-0.504
32.01	-8.259	-17.525	-0.477
32.02	-8.270	-30.050	-0.474
32.03	-8.281	-39.278	-0.537
32.04	-8.289	-45.289	-0.589
32.05	-8.297	-49.459	-0.616
32.06	-8.306	-51.022	-0.629
32.07	-8.313	-51.133	-0.635
32.08	-8.318	-51.141	-0.676
32.09	-8.322	-51.141	-0.685
32.1	-8.326	-51.141	-0.643
32.11	-8.329	-51.141	-0.636
32.12	-8.332	-51.141	-0.653
32.13	-8.338	-51.141	-0.656
32.14	-8.346	-51.141	-0.653
32.15	-8.355	-51.141	-0.698
32.16	-8.365	-51.128	-0.757
32.17	-8.374	-50.930	-0.769
32.18	-8.381	-47.969	-0.814
32.19	-8.385	-40.511	-0.877
32.2	-8.386	-36.058	-0.927
32.21	-8.384	-40.392	-1.001
32.22	-8.376	-47.313	-1.056
32.23	-8.364	-50.159	-1.102
32.24	-8.351	-47.227	-1.204
32.25	-8.339	-34.594	-1.295
32.26	-8.323	-10.445	-1.336
32.27	-8.304	13.256	-1.384
32.28	-8.281	24.153	-1.406
32.29	-8.259	19.881	-1.420
32.3	-8.236	1.066	-1.470
32.31	-8.215	-25.095	-1.504
32.32	-8.196	-44.081	-1.518
32.33	-8.177	-46.286	-1.518
32.34	-8.158	-23.789	-1.463
32.35	-8.140	15.261	-1.441
32.36	-8.122	38.622	-1.509
32.37	-8.105	39.809	-1.606
32.38	-8.091	34.970	-1.695
32.39	-8.078	29.028	-1.762
32.4	-8.069	22.341	-1.857
32.41	-8.066	7.009	-1.965
32.42	-8.066	-20.708	-2.028
32.43	-8.065	-43.314	-2.047
32.44	-8.061	-50.567	-2.047
32.45	-8.059	-51.113	NaN
32.46	-8.058	-51.047	-2.019
32.47	-8.060	-49.392	-1.988
32.48	-8.067	-42.197	-2.017
32.49	-8.082	-29.456	-2.046
32.5	-8.103	-22.339	-2.047
32.51	-8.123	-29.213	-2.046
32.52	-8.140	-37.442	-2.047
32.53	-8.156	-30.669	-2.048
32.54	-8.172	-20.264	-2.048
32.55	-8.191	-20.441	-2.048
32.56	-8.211	-17.278	-2.048
32.57	-8.229	-1.244	-2.048
32.58	-8.244	17.291	-2.048
32.59	-8.256	26.636	-2.048
32.6	-8.268	19.323	-2.048
32.61	-8.281	3.469	-2.048
32.62	-8.296	1.533	-2.048
32.63	-8.313	15.505	-2.048
32.64	-8.332	28.356	-2.048
32.65	-8.351	38.097	-2.047
32.66	-8.368	45.708	-2.048
32.67	-8.384	41.339	-2.047
32.68	-8.400	26.828	-2.047
32.69	-8.414	13.788	-2.040
32.7	-8.429	-0.639	-1.996
32.71	-8.444	-22.888	-1.958
32.72	-8.456	-42.525	-1.949
32.73	-8.469	-50.100	-1.924
32.74	-8.481	-50.091	-1.892
32.75	-8.492	-48.228	-1.860
32.76	-8.502	-45.681	-1.836
32.77	-8.511	-40.522	-1.793
32.78	-8.521	-29.477	-1.712
32.79	-8.531	-11.466	-1.692
32.8	-8.544	9.867	-1.705
32.81	-8.559	29.872	-1.681
32.82	-8.574	44.320	-1.640
32.83	-8.591	50.197	-1.597
32.84	-8.606	48.373	-1.544
32.85	-8.622	38.089	-1.474
32.86	-8.636	27.417	-1.444
32.87	-8.651	26.481	-1.443
32.88	-8.664	24.800	-1.418
32.89	-8.678	16.377	-1.404
32.9	-8.694	8.703	-1.409
32.91	-8.713	2.794	-1.386
32.92	-8.731	-1.470	-1.349
32.93	-8.750	-4.802	-1.336
32.94	-8.769	-7.995	-1.354
32.95	-8.787	-5.647	-1.366
32.96	-8.803	1.944	-1.365
32.97	-8.816	9.333	-1.388
32.98	-8.829	10.175	-1.392
32.99	-8.842	3.433	-1.376
33.0	-8.859	-0.633	-1.372
33.01	-8.877	3.114	-1.339
33.02	-8.896	17.520	-1.284
33.03	-8.914	38.150	-1.234
33.04	-8.933	49.470	-1.228
33.05	-8.951	51.022	-1.246
33.06	-8.970	50.581	-1.216
33.07	-8.993	43.659	-1.191
33.08	-9.017	27.053	-1.212
33.09	-9.040	3.613	-1.239
33.1	-9.066	-25.675	-1.273
33.11	-9.094	-46.258	-1.323
33.12	-9.121	-50.623	-1.322
33.13	-9.144	-50.584	-1.310
33.14	-9.167	-50.877	-1.299
33.15	-9.196	-51.114	-1.185
33.16	-9.226	-51.139	-1.097
33.17	-9.256	-51.103	-1.230
33.18	-9.284	-50.155	-1.490
33.19	-9.309	-44.492	-1.571
33.2	-9.328	-38.875	-1.452
33.21	-9.342	-42.894	-1.331
33.22	-9.359	-49.428	-1.237
33.23	-9.379	-51.086	-1.152
33.24	-9.401	-51.133	-1.094
33.25	-9.423	-50.631	-1.055
33.26	-9.447	-46.231	-1.008
33.27	-9.468	-32.481	-0.986
33.28	-9.488	-8.588	-0.992
33.29	-9.509	19.447	-0.974
33.3	-9.532	41.020	-0.953
33.31	-9.559	49.844	-0.939
33.32	-9.592	50.873	-0.929
33.33	-9.626	46.492	-0.925
33.34	-9.656	30.603	-0.920
33.35	-9.685	5.519	-0.911
33.36	-9.716	-18.758	-0.895
33.37	-9.748	-35.842	-0.880
33.38	-9.782	-42.759	-0.866
33.39	-9.813	-41.359	-0.858
33.4	-9.841	-36.645	-0.856
33.41	-9.867	-31.083	-0.860
33.42	-9.893	-24.250	-0.872
33.43	-9.919	-16.592	-0.883
33.44	-9.946	-10.450	-0.875
33.45	-9.967	-7.819	-0.865
33.46	-9.982	-7.186	-0.880
33.47	-9.998	-1.383	-0.870
33.48	-10.021	16.555	-0.839
33.49	-10.052	38.316	-0.833
33.5	-10.082	48.925	-0.820
33.51	-10.103	45.994	-0.796
33.52	-10.119	32.256	-0.777
33.53	-10.138	13.584	-0.763
33.54	-10.163	-0.350	-0.752
33.55	-10.189	-4.045	-0.733
33.56	-10.208	2.244	-0.724
33.57	-10.223	14.525	-0.715
33.58	-10.241	26.386	-0.697
33.59	-10.259	30.739	-0.691
33.6	-10.279	26.927	-0.688
33.61	-10.297	18.967	-0.676
33.62	-10.316	8.331	-0.663
33.63	-10.334	-3.230	-0.660
33.64	-10.354	-10.436	-0.663
33.65	-10.379	-11.334	-0.644
33.66	-10.413	-9.294	-0.612
33.67	-10.451	-5.975	-0.585
33.68	-10.483	-0.975	-0.553
33.69	-10.505	4.877	-0.530
33.7	-10.523	9.402	-0.522
33.71	-10.541	9.939	-0.523
33.72	-10.558	4.492	-0.530
33.73	-10.573	-4.244	-0.536
33.74	-10.589	-11.045	-0.532
33.75	-10.612	-13.992	-0.517
33.76	-10.644	-13.763	-0.494
33.77	-10.680	-13.133	-0.462
33.78	-10.717	-13.903	-0.420
33.79	-10.757	-14.567	-0.324
33.8	-10.797	-13.892	-0.168
33.81	-10.833	-11.881	-0.087
33.82	-10.864	-9.197	-0.142
33.83	-10.895	-10.100	-0.299
33.84	-10.924	-16.217	-0.416
33.85	-10.943	-19.661	-0.393
33.86	-10.956	-19.119	-0.348
33.87	-10.970	-19.836	-0.325
33.88	-10.984	-19.755	-0.300
33.89	-10.998	-17.063	-0.280
33.9	-11.016	-12.611	-0.253
33.91	-11.034	-9.484	-0.211
33.92	-11.051	-10.206	-0.175
33.93	-11.070	-10.495	-0.156
33.94	-11.092	-8.981	-0.143
33.95	-11.118	-8.750	-0.131
33.96	-11.144	-7.603	-0.111
33.97	-11.184	-3.350	-0.088
33.98	-11.239	2.066	-0.069
33.99	-11.287	7.066	-0.054
34.0	-11.323	10.617	-0.043
34.01	-11.359	12.672	-0.027
34.02	-11.398	13.766	-0.009
34.03	-11.436	13.900	0.004
34.04	-11.479	14.116	-0.002
34.05	-11.528	15.861	-0.021
34.06	-11.581	18.592	-0.037
34.07	-11.630	19.331	-0.048
34.08	-11.679	16.167	-0.059
34.09	-11.730	10.311	-0.081
34.1	-11.780	3.228	-0.095
34.11	-11.832	-3.547	-0.097
34.12	-11.883	-8.116	-0.096
34.13	-11.919	-10.309	-0.090
34.14	-11.944	-10.545	-0.074
34.15	-11.968	-9.269	-0.059
34.16	-11.993	-8.130	-0.049
34.17	-12.018	-7.205	-0.046
34.18	-12.042	-4.130	-0.040
34.19	-12.064	2.138	-0.033
34.2	-12.086	9.456	-0.036
34.21	-12.110	13.978	-0.028
34.22	-12.138	14.170	-0.013
34.23	-12.172	12.191	-0.010
34.24	-12.212	9.919	-0.013
34.25	-12.251	6.806	-0.016
34.26	-12.287	2.772	-0.023
34.27	-12.316	1.066	-0.023
34.28	-12.336	4.506	-0.016
34.29	-12.346	9.880	-0.016
34.3	-12.350	11.192	-0.011
34.31	-12.347	8.344	0.003
34.32	-12.338	6.683	0.014
34.33	-12.325	8.217	0.019
34.34	-12.313	9.877	0.022
34.35	-12.305	8.513	0.017
34.36	-12.299	4.183	-0.002
34.37	-12.293	1.306	-0.016
34.38	-12.288	4.053	-0.015
34.39	-12.285	10.306	-0.026
34.4	-12.286	15.464	-0.041
34.41	-12.283	18.970	-0.029
34.42	-12.274	23.041	0.024
34.43	-12.263	28.430	0.117
34.44	-12.252	33.566	0.175
34.45	-12.241	35.905	0.132
34.46	-12.226	35.009	0.014
34.47	-12.205	32.348	-0.092
34.48	-12.174	27.609	-0.104
34.49	-12.133	20.023	-0.082
34.5	-12.086	11.383	-0.077
34.51	-12.037	4.747	-0.079
34.52	-11.986	1.141	-0.082
34.53	-11.936	-0.797	-0.080
34.54	-11.891	-1.903	-0.069
34.55	-11.846	-2.431	-0.062
34.56	-11.790	-2.908	-0.066
34.57	-11.729	-2.250	-0.063
34.58	-11.670	1.622	-0.060
34.59	-11.617	8.425	-0.055
34.6	-11.567	15.514	-0.048
34.61	-11.518	20.545	-0.051
34.62	-11.472	23.031	-0.045
34.63	-11.429	24.595	-0.032
34.64	-11.386	26.359	-0.029
34.65	-11.341	26.816	-0.030
34.66	-11.299	24.750	-0.042
34.67	-11.259	20.927	-0.048
34.68	-11.219	15.606	-0.054
34.69	-11.177	6.898	-0.068
34.7	-11.133	-4.664	-0.082
34.71	-11.089	-12.180	-0.099
34.72	-11.043	-13.355	-0.122
34.73	-10.997	-15.339	-0.149
34.74	-10.949	-21.308	-0.161
34.75	-10.903	-28.598	-0.160
34.76	-10.861	-34.630	-0.154
34.77	-10.826	-38.438	-0.135
34.78	-10.794	-40.719	-0.129
34.79	-10.766	-42.314	-0.138
34.8	-10.743	-43.980	-0.134
34.81	-10.726	-45.411	-0.128
34.82	-10.714	-45.477	-0.128
34.83	-10.703	-43.945	-0.143
34.84	-10.694	-41.425	-0.152
34.85	-10.688	-37.525	-0.145
34.86	-10.679	-30.694	-0.148
34.87	-10.664	-21.947	-0.147
34.88	-10.643	-15.375	-0.143
34.89	-10.614	-11.738	-0.145
34.9	-10.579	-10.281	-0.154
34.91	-10.539	-9.936	-0.156
34.92	-10.499	-6.759	-0.146
34.93	-10.457	-0.191	-0.137
34.94	-10.413	5.367	-0.123
34.95	-10.369	6.230	-0.108
34.96	-10.324	3.125	-0.103
34.97	-10.281	-0.975	-0.111
34.98	-10.238	-3.972	-0.122
34.99	-10.196	-5.227	-0.137
35.0	-10.152	-5.548	-0.164
35.01	-10.107	-5.870	-0.186
35.02	-10.066	-6.052	-0.192
35.03	-10.029	-5.511	-0.188
35.04	-9.994	-4.258	-0.171
