Interval=	0.01 s
ExcelDateTime=	3.9770413102275597e+004	18/11/2008 9:54:52.036612
TimeFormat=	StartOfBlock
ChannelTitle=	Channel 1	Channel 2	Channel 3
Range=	20.000 mV	50.000 mV	2.000 mV
0.0	-7.623	-14.927	-0.005
0.01	-7.598	-14.319	-0.030
0.02	-7.575	-13.616	-0.055
0.03	-7.553	-12.866	-0.046
0.04	-7.530	-12.120	-0.029
0.05	-7.508	-11.464	-0.022
0.06	-7.486	-10.959	-0.017
0.07	-7.464	-10.561	-0.005
0.08	-7.442	-10.217	0.009
0.09	-7.419	-9.984	0.009
0.1	-7.394	-9.955	-0.008
0.11	-7.371	-10.044	-0.035
0.12	-7.346	-10.081	-0.052
0.13	-7.322	-10.047	-0.055
0.14	-7.302	-9.975	-0.064
0.15	-7.286	-9.845	-0.077
0.16	-7.269	-9.667	-0.074
0.17	-7.251	-9.511	-0.059
0.18	-7.234	-9.477	0.046
0.19	-7.221	-9.650	0.254
0.2	-7.204	-9.995	0.373
0.21	-7.186	-10.372	0.263
0.22	-7.170	-10.702	0.002
0.23	-7.152	-10.995	-0.148
0.24	-7.128	-11.308	-0.135
0.25	-7.103	-11.703	-0.107
0.26	-7.081	-12.188	-0.098
0.27	-7.062	-12.597	-0.092
0.28	-7.044	-12.709	-0.078
0.29	-7.029	-12.233	-0.068
0.3	-7.014	-10.272	-0.067
0.31	-7.002	-5.297	-0.057
0.32	-6.991	3.341	-0.046
0.33	-6.981	14.139	-0.039
0.34	-6.970	24.253	-0.033
0.35	-6.960	31.136	-0.021
0.36	-6.951	33.533	0.003
0.37	-6.943	31.578	0.026
0.38	-6.935	26.313	0.045
0.39	-6.927	19.042	0.065
0.4	-6.921	10.911	0.082
0.41	-6.915	2.806	0.087
0.42	-6.906	-4.612	0.082
0.43	-6.898	-10.925	0.081
0.44	-6.890	-15.986	0.070
0.45	-6.885	-19.795	0.038
0.46	-6.880	-22.419	0.010
0.47	-6.876	-23.970	-0.006
0.48	-6.871	-24.602	-0.028
0.49	-6.867	-24.456	-0.055
0.5	-6.864	-23.661	-0.070
0.51	-6.862	-22.467	-0.070
0.52	-6.858	-21.292	-0.074
0.53	-6.854	-20.473	-0.082
0.54	-6.851	-19.984	-0.084
0.55	-6.849	-19.413	-0.081
0.56	-6.847	-18.317	-0.080
0.57	-6.845	-16.489	-0.081
0.58	-6.843	-13.988	-0.081
0.59	-6.839	-11.091	-0.074
0.6	-6.833	-8.150	-0.067
0.61	-6.827	-5.519	-0.067
0.62	-6.822	-3.406	-0.070
0.63	-6.819	-1.852	-0.072
0.64	-6.816	-1.173	-0.075
0.65	-6.815	-1.667	-0.075
0.66	-6.814	-2.944	-0.075
0.67	-6.814	-4.388	-0.076
0.68	-6.813	-5.770	-0.072
0.69	-6.813	-7.189	-0.068
0.7	-6.813	-8.700	-0.068
0.71	-6.813	-10.109	-0.073
0.72	-6.814	-11.256	-0.076
0.73	-6.816	-12.302	-0.078
0.74	-6.817	-13.414	-0.081
0.75	-6.819	-14.480	-0.081
0.76	-6.820	-15.314	-0.081
0.77	-6.822	-15.873	-0.083
0.78	-6.824	-16.213	-0.081
0.79	-6.826	-16.369	-0.086
0.8	-6.829	-16.303	-0.091
0.81	-6.831	-16.025	-0.090
0.82	-6.834	-15.561	-0.091
0.83	-6.835	-14.911	-0.094
0.84	-6.838	-14.158	-0.096
0.85	-6.841	-13.472	-0.092
0.86	-6.845	-12.963	-0.088
0.87	-6.849	-12.608	-0.081
0.88	-6.853	-12.338	-0.061
0.89	-6.857	-12.094	-0.048
0.9	-6.861	-11.798	-0.038
0.91	-6.865	-11.377	-0.032
0.92	-6.869	-10.819	-0.047
0.93	-6.874	-10.225	-0.070
0.94	-6.878	-9.709	-0.100
0.95	-6.881	-9.308	-0.117
0.96	-6.885	-8.998	-0.115
0.97	-6.891	-8.725	-0.118
0.98	-6.895	-8.464	-0.125
0.99	-6.896	-8.277	-0.120
1.0	-6.898	-8.217	-0.038
1.01	-6.904	-8.333	0.167
1.02	-6.913	-8.655	0.335
1.03	-6.923	-9.103	0.291
1.04	-6.931	-9.578	0.035
1.05	-6.935	-9.998	-0.184
1.06	-6.932	-10.336	-0.194
1.07	-6.928	-10.664	-0.138
1.08	-6.924	-10.986	-0.110
1.09	-6.923	-11.211	-0.103
1.1	-6.922	-11.284	-0.107
1.11	-6.923	-11.077	-0.103
1.12	-6.924	-9.914	-0.088
1.13	-6.925	-6.133	-0.070
1.14	-6.928	1.519	-0.057
1.15	-6.931	11.852	-0.043
1.16	-6.934	22.014	-0.030
1.17	-6.938	29.488	-0.020
1.18	-6.943	32.911	-0.005
1.19	-6.949	32.105	0.013
1.2	-6.954	27.770	0.039
1.21	-6.960	21.120	0.072
1.22	-6.966	13.425	0.100
1.23	-6.971	5.569	0.112
1.24	-6.976	-1.895	0.115
1.25	-6.981	-8.506	0.107
1.26	-6.987	-13.938	0.094
1.27	-6.996	-18.117	0.075
1.28	-7.003	-21.144	0.054
1.29	-7.010	-23.091	0.030
1.3	-7.016	-23.989	0.001
1.31	-7.019	-23.950	-0.022
1.32	-7.024	-23.150	-0.041
1.33	-7.029	-21.858	-0.054
1.34	-7.034	-20.456	-0.057
1.35	-7.040	-19.270	-0.060
1.36	-7.045	-18.377	-0.060
1.37	-7.052	-17.514	-0.046
1.38	-7.060	-16.262	-0.038
1.39	-7.070	-14.355	-0.037
1.4	-7.081	-11.850	-0.034
1.41	-7.093	-9.089	-0.040
1.42	-7.105	-6.430	-0.046
1.43	-7.118	-4.105	-0.044
1.44	-7.131	-2.281	-0.043
1.45	-7.145	-1.011	-0.041
1.46	-7.159	-0.294	-0.036
1.47	-7.173	-0.189	-0.032
1.48	-7.186	-0.698	-0.033
1.49	-7.199	-1.709	-0.033
1.5	-7.211	-3.081	-0.027
1.51	-7.224	-4.695	-0.020
1.52	-7.235	-6.450	-0.025
1.53	-7.246	-8.227	-0.037
1.54	-7.256	-9.913	-0.032
1.55	-7.267	-11.466	-0.016
1.56	-7.277	-12.836	-0.015
1.57	-7.289	-13.922	-0.017
1.58	-7.301	-14.636	-0.005
1.59	-7.313	-14.925	0.001
1.6	-7.325	-14.833	-0.002
1.61	-7.336	-14.541	-0.002
1.62	-7.348	-14.258	-0.001
1.63	-7.357	-14.089	0.004
1.64	-7.367	-13.986	0.013
1.65	-7.377	-13.834	0.028
1.66	-7.387	-13.588	0.052
1.67	-7.396	-13.259	0.076
1.68	-7.406	-12.827	0.072
1.69	-7.414	-12.302	0.048
1.7	-7.423	-11.769	0.022
1.71	-7.429	-11.261	-0.008
1.72	-7.436	-10.703	-0.031
1.73	-7.444	-10.050	-0.040
1.74	-7.455	-9.398	-0.042
1.75	-7.463	-8.902	-0.036
1.76	-7.469	-8.623	-0.034
1.77	-7.476	-8.483	0.026
1.78	-7.486	-8.380	0.219
1.79	-7.496	-8.306	0.401
1.8	-7.507	-8.267	0.363
1.81	-7.518	-8.336	0.084
1.82	-7.527	-8.573	-0.156
1.83	-7.535	-8.966	-0.163
1.84	-7.542	-9.509	-0.110
1.85	-7.549	-10.106	-0.090
1.86	-7.557	-10.630	-0.073
1.87	-7.565	-10.991	-0.063
1.88	-7.571	-10.933	-0.060
1.89	-7.578	-9.709	-0.051
1.9	-7.584	-6.066	-0.038
1.91	-7.591	0.695	-0.034
1.92	-7.599	9.558	-0.030
1.93	-7.607	18.209	-0.018
1.94	-7.617	24.395	0.001
1.95	-7.628	26.916	0.024
1.96	-7.639	25.817	0.046
1.97	-7.651	21.875	0.067
1.98	-7.663	16.059	0.095
1.99	-7.674	9.294	0.120
2.0	-7.685	2.408	0.128
2.01	-7.694	-3.920	0.127
2.02	-7.704	-9.320	0.126
2.03	-7.715	-13.747	0.115
2.04	-7.729	-17.227	0.088
2.05	-7.743	-19.744	0.061
2.06	-7.756	-21.333	0.038
2.07	-7.768	-22.070	0.007
2.08	-7.780	-22.000	-0.025
2.09	-7.795	-21.158	-0.048
2.1	-7.811	-19.767	-0.066
2.11	-7.825	-18.269	-0.065
2.12	-7.839	-17.047	-0.054
2.13	-7.853	-16.164	-0.052
2.14	-7.867	-15.347	-0.052
2.15	-7.881	-14.286	-0.046
2.16	-7.895	-12.814	-0.046
2.17	-7.908	-10.916	-0.048
2.18	-7.922	-8.756	-0.046
2.19	-7.935	-6.619	-0.044
2.2	-7.949	-4.737	-0.034
2.21	-7.964	-3.297	-0.028
2.22	-7.981	-2.392	-0.037
2.23	-7.997	-1.972	-0.039
2.24	-8.012	-2.050	-0.034
2.25	-8.026	-2.656	-0.036
2.26	-8.041	-3.669	-0.038
2.27	-8.058	-4.945	-0.033
2.28	-8.074	-6.403	-0.029
2.29	-8.090	-7.992	-0.027
2.3	-8.106	-9.669	-0.032
2.31	-8.123	-11.284	-0.039
2.32	-8.139	-12.656	-0.044
2.33	-8.156	-13.725	-0.046
2.34	-8.171	-14.477	-0.046
2.35	-8.187	-14.877	-0.041
2.36	-8.203	-14.920	-0.035
2.37	-8.217	-14.733	-0.033
2.38	-8.232	-14.506	-0.025
2.39	-8.248	-14.334	-0.009
2.4	-8.262	-14.231	0.009
2.41	-8.277	-14.191	0.025
2.42	-8.292	-14.175	0.024
2.43	-8.306	-14.086	0.004
2.44	-8.318	-13.803	-0.022
2.45	-8.329	-13.322	-0.040
2.46	-8.342	-12.720	-0.048
2.47	-8.357	-12.022	-0.055
2.48	-8.373	-11.239	-0.060
2.49	-8.384	-10.530	-0.058
2.5	-8.394	-10.052	-0.040
2.51	-8.406	-9.766	0.095
2.52	-8.419	-9.544	0.347
2.53	-8.431	-9.344	0.507
2.54	-8.444	-9.181	0.376
2.55	-8.456	-9.084	0.034
2.56	-8.464	-8.991	-0.150
2.57	-8.469	-8.886	-0.120
2.58	-8.472	-8.847	-0.086
2.59	-8.478	-8.863	-0.081
2.6	-8.485	-8.920	-0.071
2.61	-8.491	-8.994	-0.055
2.62	-8.496	-8.750	-0.048
2.63	-8.502	-7.241	-0.049
2.64	-8.509	-3.275	-0.051
2.65	-8.514	3.309	-0.040
2.66	-8.516	11.117	-0.022
2.67	-8.519	18.050	-0.007
2.68	-8.524	22.405	0.011
2.69	-8.530	23.456	0.026
2.7	-8.537	21.413	0.039
2.71	-8.547	17.058	0.062
2.72	-8.558	11.348	0.089
2.73	-8.569	5.086	0.109
2.74	-8.579	-1.141	0.120
2.75	-8.589	-6.908	0.125
2.76	-8.598	-11.913	0.113
2.77	-8.607	-15.828	0.082
2.78	-8.616	-18.483	0.042
2.79	-8.626	-19.992	0.012
2.8	-8.634	-20.538	-0.000
2.81	-8.642	-20.313	-0.017
2.82	-8.649	-19.564	-0.046
2.83	-8.655	-18.522	-0.062
2.84	-8.661	-17.413	-0.067
2.85	-8.667	-16.497	-0.075
2.86	-8.672	-15.972	-0.085
2.87	-8.677	-15.736	-0.085
2.88	-8.681	-15.377	-0.072
2.89	-8.687	-14.481	-0.062
2.9	-8.693	-12.889	-0.056
2.91	-8.698	-10.791	-0.046
2.92	-8.704	-8.567	-0.037
2.93	-8.708	-6.584	-0.035
2.94	-8.713	-5.053	-0.040
2.95	-8.719	-4.028	-0.049
2.96	-8.727	-3.497	-0.052
2.97	-8.735	-3.458	-0.048
2.98	-8.743	-3.903	-0.044
2.99	-8.752	-4.753	-0.036
3.0	-8.760	-5.872	-0.035
3.01	-8.768	-7.139	-0.043
3.02	-8.776	-8.444	-0.047
3.03	-8.786	-9.722	-0.054
3.04	-8.796	-11.013	-0.055
3.05	-8.808	-12.317	-0.051
3.06	-8.820	-13.527	-0.051
3.07	-8.832	-14.505	-0.041
3.08	-8.846	-15.103	-0.033
3.09	-8.862	-15.294	-0.031
3.1	-8.879	-15.209	-0.022
3.11	-8.898	-14.942	-0.012
3.12	-8.919	-14.459	0.002
3.13	-8.939	-13.673	0.007
3.14	-8.958	-12.808	0.001
3.15	-8.976	-12.184	-0.011
3.16	-8.992	-11.792	-0.036
3.17	-9.009	-11.455	-0.057
3.18	-9.031	-10.931	-0.068
3.19	-9.054	-10.130	-0.073
3.2	-9.077	-9.234	-0.065
3.21	-9.097	-8.519	-0.048
3.22	-9.117	-8.066	0.045
3.23	-9.136	-7.836	0.252
3.24	-9.151	-7.761	0.408
3.25	-9.162	-7.706	0.343
3.26	-9.173	-7.595	0.075
3.27	-9.183	-7.503	-0.127
3.28	-9.186	-7.603	-0.128
3.29	-9.187	-8.000	-0.087
3.3	-9.193	-8.597	-0.075
3.31	-9.201	-9.191	-0.076
3.32	-9.210	-9.519	-0.073
3.33	-9.219	-9.198	-0.056
3.34	-9.226	-7.442	-0.044
3.35	-9.229	-3.264	-0.033
3.36	-9.229	3.334	-0.026
3.37	-9.231	10.864	-0.025
3.38	-9.233	17.427	-0.012
3.39	-9.237	21.669	-0.002
3.4	-9.244	23.034	0.012
3.41	-9.252	21.575	0.034
3.42	-9.260	17.689	0.057
3.43	-9.266	12.177	0.070
3.44	-9.273	6.064	0.071
3.45	-9.277	0.119	0.082
3.46	-9.281	-5.258	0.088
3.47	-9.283	-9.828	0.076
3.48	-9.282	-13.361	0.055
3.49	-9.281	-15.744	0.032
3.5	-9.283	-17.108	0.011
3.51	-9.286	-17.691	-0.015
3.52	-9.283	-17.656	-0.037
3.53	-9.275	-17.125	-0.053
3.54	-9.264	-16.203	-0.070
3.55	-9.255	-15.081	-0.076
3.56	-9.244	-14.059	-0.077
3.57	-9.234	-13.417	-0.073
3.58	-9.227	-13.145	-0.064
3.59	-9.221	-12.934	-0.065
3.6	-9.216	-12.456	-0.067
3.61	-9.210	-11.528	-0.063
3.62	-9.204	-10.119	-0.067
3.63	-9.197	-8.372	-0.065
3.64	-9.190	-6.573	-0.059
3.65	-9.181	-5.027	-0.058
3.66	-9.169	-3.905	-0.057
3.67	-9.153	-3.275	-0.057
3.68	-9.133	-3.197	-0.055
3.69	-9.111	-3.650	-0.056
3.7	-9.087	-4.491	-0.065
3.71	-9.063	-5.541	-0.068
3.72	-9.037	-6.663	-0.063
3.73	-9.010	-7.786	-0.055
3.74	-8.982	-8.900	-0.054
3.75	-8.955	-10.016	-0.062
3.76	-8.926	-11.036	-0.060
3.77	-8.898	-11.811	-0.052
3.78	-8.869	-12.284	-0.052
3.79	-8.841	-12.478	-0.053
3.8	-8.814	-12.456	-0.048
3.81	-8.788	-12.358	-0.037
3.82	-8.761	-12.347	-0.029
3.83	-8.734	-12.525	-0.003
3.84	-8.706	-12.861	0.017
3.85	-8.675	-13.186	0.003
3.86	-8.644	-13.242	-0.023
3.87	-8.613	-12.883	-0.046
3.88	-8.583	-12.239	-0.067
3.89	-8.556	-11.556	-0.077
3.9	-8.533	-10.947	-0.079
3.91	-8.511	-10.453	-0.076
3.92	-8.485	-10.109	-0.072
3.93	-8.459	-9.844	-0.044
3.94	-8.437	-9.514	0.092
3.95	-8.414	-9.081	0.283
3.96	-8.393	-8.667	0.359
3.97	-8.374	-8.464	0.227
3.98	-8.356	-8.484	-0.015
3.99	-8.336	-8.569	-0.129
4.0	-8.308	-8.720	-0.111
4.01	-8.280	-9.044	-0.091
4.02	-8.256	-9.505	-0.088
4.03	-8.232	-9.889	-0.096
4.04	-8.211	-9.822	-0.098
4.05	-8.189	-8.667	-0.082
4.06	-8.169	-5.469	-0.064
4.07	-8.149	0.303	-0.047
4.08	-8.129	7.813	-0.035
4.09	-8.110	15.128	-0.035
4.1	-8.091	20.373	-0.031
4.11	-8.073	22.528	-0.016
4.12	-8.057	21.559	0.002
4.13	-8.043	18.142	0.022
4.14	-8.029	13.148	0.042
4.15	-8.015	7.392	0.061
4.16	-8.003	1.575	0.073
4.17	-7.991	-3.788	0.069
4.18	-7.981	-8.411	0.064
4.19	-7.972	-12.209	0.065
4.2	-7.965	-15.131	0.051
4.21	-7.959	-17.127	0.024
4.22	-7.953	-18.300	-0.012
4.23	-7.946	-18.778	-0.047
4.24	-7.934	-18.616	-0.062
4.25	-7.922	-17.880	-0.063
4.26	-7.911	-16.733	-0.073
4.27	-7.901	-15.531	-0.084
4.28	-7.889	-14.725	-0.085
4.29	-7.879	-14.473	-0.088
4.3	-7.870	-14.442	-0.089
4.31	-7.862	-14.142	-0.077
4.32	-7.856	-13.334	-0.074
4.33	-7.851	-12.019	-0.082
4.34	-7.849	-10.328	-0.076
4.35	-7.854	-8.539	-0.063
4.36	-7.869	-7.017	-0.060
4.37	-7.901	-5.992	-0.065
4.38	-7.942	-5.436	-0.072
4.39	-7.987	-5.263	-0.074
4.4	-8.032	-5.417	-0.076
4.41	-8.071	-5.883	-0.077
4.42	-8.104	-6.617	-0.073
4.43	-8.129	-7.444	-0.067
4.44	-8.148	-8.186	-0.062
4.45	-8.160	-8.858	-0.065
4.46	-8.166	-9.483	-0.072
4.47	-8.162	-9.995	-0.077
4.48	-8.152	-10.491	-0.078
4.49	-8.137	-11.219	-0.082
4.5	-8.119	-12.263	-0.079
4.51	-8.099	-13.348	-0.072
4.52	-8.078	-14.123	-0.076
4.53	-8.054	-14.431	-0.082
4.54	-8.027	-14.314	-0.088
4.55	-7.998	-13.967	-0.091
4.56	-7.966	-13.594	-0.089
4.57	-7.935	-13.248	-0.086
4.58	-7.907	-12.917	-0.081
4.59	-7.884	-12.542	-0.075
4.6	-7.866	-11.942	-0.075
4.61	-7.851	-11.091	-0.072
4.62	-7.837	-10.220	-0.069
4.63	-7.824	-9.559	-0.058
4.64	-7.813	-9.156	-0.036
4.65	-7.802	-8.931	-0.019
4.66	-7.791	-8.822	-0.007
4.67	-7.779	-8.850	-0.005
4.68	-7.768	-9.009	-0.019
4.69	-7.756	-9.189	-0.040
4.7	-7.742	-9.280	-0.068
4.71	-7.730	-9.248	-0.082
4.72	-7.722	-9.125	-0.078
4.73	-7.715	-8.973	-0.071
4.74	-7.706	-8.906	-0.066
4.75	-7.694	-9.006	-0.062
4.76	-7.684	-9.208	0.036
4.77	-7.678	-9.394	0.233
4.78	-7.671	-9.583	0.331
4.79	-7.665	-9.923	0.225
4.8	-7.658	-10.464	-0.010
4.81	-7.646	-11.025	-0.153
4.82	-7.627	-11.491	-0.133
4.83	-7.608	-11.881	-0.098
4.84	-7.593	-12.161	-0.093
4.85	-7.579	-12.186	-0.095
4.86	-7.567	-11.713	-0.087
4.87	-7.554	-10.122	-0.084
4.88	-7.541	-6.306	-0.087
4.89	-7.529	0.286	-0.084
4.9	-7.516	8.573	-0.070
4.91	-7.503	16.514	-0.047
4.92	-7.490	22.145	-0.036
4.93	-7.479	24.181	-0.031
4.94	-7.469	22.666	-0.013
4.95	-7.460	18.650	0.002
4.96	-7.450	13.297	0.018
4.97	-7.441	7.439	0.044
4.98	-7.433	1.495	0.059
4.99	-7.426	-4.203	0.070
5.0	-7.419	-9.188	0.077
5.01	-7.412	-13.150	0.066
5.02	-7.404	-16.072	0.054
5.03	-7.399	-17.961	0.034
5.04	-7.396	-18.825	0.009
5.05	-7.390	-18.788	-0.013
5.06	-7.382	-18.012	-0.035
5.07	-7.374	-16.727	-0.057
5.08	-7.367	-15.277	-0.073
5.09	-7.363	-14.095	-0.084
5.1	-7.361	-13.531	-0.087
5.11	-7.357	-13.561	-0.079
5.12	-7.353	-13.783	-0.072
5.13	-7.349	-13.711	-0.070
5.14	-7.346	-13.130	-0.071
5.15	-7.344	-12.123	-0.072
5.16	-7.343	-10.863	-0.071
5.17	-7.341	-9.584	-0.068
5.18	-7.338	-8.564	-0.062
5.19	-7.334	-7.936	-0.055
5.2	-7.331	-7.722	-0.052
5.21	-7.328	-7.809	-0.049
5.22	-7.327	-8.008	-0.052
5.23	-7.325	-8.245	-0.061
5.24	-7.324	-8.541	-0.060
5.25	-7.322	-8.894	-0.058
5.26	-7.319	-9.286	-0.064
5.27	-7.316	-9.666	-0.060
5.28	-7.313	-10.086	-0.051
5.29	-7.311	-10.727	-0.050
5.3	-7.310	-11.597	-0.051
5.31	-7.309	-12.530	-0.051
5.32	-7.309	-13.383	-0.056
5.33	-7.308	-14.050	-0.058
5.34	-7.308	-14.356	-0.053
5.35	-7.307	-14.120	-0.054
5.36	-7.306	-13.444	-0.053
5.37	-7.304	-12.619	-0.041
5.38	-7.304	-11.914	-0.040
5.39	-7.304	-11.519	-0.049
5.4	-7.304	-11.436	-0.047
5.41	-7.303	-11.548	-0.042
5.42	-7.302	-11.734	-0.039
5.43	-7.302	-11.850	-0.038
5.44	-7.303	-11.755	-0.038
5.45	-7.303	-11.350	-0.031
5.46	-7.304	-10.714	-0.032
5.47	-7.304	-10.036	-0.039
5.48	-7.305	-9.420	-0.043
5.49	-7.307	-8.969	-0.039
5.5	-7.309	-8.769	-0.030
5.51	-7.310	-8.764	-0.028
5.52	-7.311	-8.834	-0.019
5.53	-7.313	-8.933	0.006
5.54	-7.314	-9.069	0.025
5.55	-7.317	-9.242	0.034
5.56	-7.319	-9.406	0.040
5.57	-7.320	-9.522	0.030
5.58	-7.321	-9.564	0.007
5.59	-7.321	-9.470	-0.016
5.6	-7.323	-9.233	-0.032
5.61	-7.329	-8.994	-0.041
5.62	-7.336	-8.950	-0.051
5.63	-7.340	-9.177	-0.049
5.64	-7.339	-9.555	-0.043
5.65	-7.339	-9.919	0.021
5.66	-7.343	-10.231	0.220
5.67	-7.351	-10.530	0.405
5.68	-7.362	-10.789	0.382
5.69	-7.374	-10.966	0.130
5.7	-7.382	-10.989	-0.115
5.71	-7.381	-10.859	-0.149
5.72	-7.375	-10.728	-0.100
5.73	-7.370	-10.672	-0.080
5.74	-7.369	-10.616	-0.072
5.75	-7.369	-10.339	-0.069
5.76	-7.369	-9.339	-0.062
5.77	-7.369	-6.663	-0.051
5.78	-7.370	-1.420	-0.046
5.79	-7.371	5.955	-0.045
5.8	-7.375	13.533	-0.037
5.81	-7.381	19.211	-0.027
5.82	-7.389	21.767	-0.015
5.83	-7.401	21.100	0.001
5.84	-7.417	17.945	0.014
5.85	-7.435	13.272	0.031
5.86	-7.455	7.863	0.059
5.87	-7.477	2.272	0.091
5.88	-7.499	-3.116	0.104
5.89	-7.521	-7.934	0.099
5.9	-7.542	-11.802	0.094
5.91	-7.562	-14.563	0.087
5.92	-7.583	-16.313	0.072
5.93	-7.604	-17.131	0.054
5.94	-7.624	-17.083	0.029
5.95	-7.644	-16.367	-0.006
5.96	-7.663	-15.309	-0.034
5.97	-7.681	-14.192	-0.039
5.98	-7.699	-13.170	-0.037
5.99	-7.716	-12.398	-0.045
6.0	-7.732	-11.994	-0.052
6.01	-7.748	-11.814	-0.055
6.02	-7.763	-11.475	-0.050
6.03	-7.778	-10.652	-0.044
6.04	-7.793	-9.330	-0.047
6.05	-7.809	-7.755	-0.048
6.06	-7.824	-6.258	-0.037
6.07	-7.839	-5.084	-0.024
6.08	-7.854	-4.320	-0.023
6.09	-7.868	-3.989	-0.025
6.1	-7.881	-4.117	-0.022
6.11	-7.896	-4.598	-0.025
6.12	-7.911	-5.255	-0.031
6.13	-7.926	-5.980	-0.038
6.14	-7.941	-6.695	-0.042
6.15	-7.956	-7.334	-0.041
6.16	-7.970	-7.889	-0.040
6.17	-7.984	-8.448	-0.034
6.18	-7.998	-9.080	-0.029
6.19	-8.011	-9.769	-0.036
6.2	-8.024	-10.483	-0.046
6.21	-8.035	-11.180	-0.044
6.22	-8.046	-11.786	-0.039
6.23	-8.058	-12.206	-0.040
6.24	-8.071	-12.417	-0.039
6.25	-8.084	-12.456	-0.040
6.26	-8.096	-12.381	-0.037
6.27	-8.109	-12.250	-0.031
6.28	-8.120	-12.039	-0.035
6.29	-8.133	-11.744	-0.040
6.3	-8.144	-11.456	-0.040
6.31	-8.157	-11.248	-0.039
6.32	-8.169	-11.134	-0.039
6.33	-8.181	-11.052	-0.040
6.34	-8.192	-10.911	-0.042
6.35	-8.203	-10.722	-0.040
6.36	-8.213	-10.450	-0.042
6.37	-8.223	-10.086	-0.049
6.38	-8.232	-9.741	-0.043
6.39	-8.242	-9.486	-0.035
6.4	-8.252	-9.311	-0.035
6.41	-8.260	-9.202	-0.032
6.42	-8.268	-9.198	-0.023
6.43	-8.276	-9.297	-0.012
6.44	-8.284	-9.405	-0.002
6.45	-8.292	-9.489	0.006
6.46	-8.299	-9.636	0.014
6.47	-8.306	-9.875	0.026
6.48	-8.314	-10.111	0.020
6.49	-8.321	-10.281	-0.010
6.5	-8.328	-10.409	-0.035
6.51	-8.337	-10.531	-0.043
6.52	-8.347	-10.581	-0.051
6.53	-8.356	-10.514	-0.053
6.54	-8.361	-10.458	-0.047
6.55	-8.367	-10.503	-0.026
6.56	-8.374	-10.586	0.115
6.57	-8.384	-10.663	0.356
6.58	-8.393	-10.728	0.481
6.59	-8.400	-10.827	0.327
6.6	-8.402	-10.942	-0.001
6.61	-8.399	-10.866	-0.163
6.62	-8.394	-10.641	-0.129
6.63	-8.394	-10.513	-0.082
6.64	-8.398	-10.523	-0.058
6.65	-8.401	-10.531	-0.056
6.66	-8.402	-10.292	-0.056
6.67	-8.403	-9.361	-0.045
6.68	-8.404	-6.742	-0.038
6.69	-8.406	-1.506	-0.034
6.7	-8.408	5.717	-0.026
6.71	-8.408	12.770	-0.021
6.72	-8.411	17.606	-0.014
6.73	-8.414	19.361	0.001
6.74	-8.419	18.267	0.019
6.75	-8.424	15.088	0.034
6.76	-8.429	10.608	0.058
6.77	-8.435	5.458	0.083
6.78	-8.441	0.172	0.098
6.79	-8.447	-4.811	0.103
6.8	-8.453	-9.142	0.101
6.81	-8.460	-12.605	0.097
6.82	-8.467	-15.120	0.083
6.83	-8.478	-16.708	0.055
6.84	-8.488	-17.447	0.022
6.85	-8.496	-17.438	-0.005
6.86	-8.502	-16.823	-0.025
6.87	-8.508	-15.791	-0.039
6.88	-8.513	-14.541	-0.051
6.89	-8.519	-13.406	-0.057
6.9	-8.524	-12.755	-0.069
6.91	-8.531	-12.691	-0.078
6.92	-8.537	-12.917	-0.072
6.93	-8.545	-12.920	-0.064
6.94	-8.553	-12.392	-0.058
6.95	-8.562	-11.305	-0.054
6.96	-8.571	-9.731	-0.055
6.97	-8.581	-7.920	-0.053
6.98	-8.591	-6.277	-0.048
6.99	-8.601	-5.131	-0.044
7.0	-8.611	-4.564	-0.041
7.01	-8.621	-4.494	-0.034
7.02	-8.630	-4.822	-0.035
7.03	-8.639	-5.458	-0.043
7.04	-8.648	-6.239	-0.051
7.05	-8.658	-6.958	-0.050
7.06	-8.667	-7.539	-0.050
7.07	-8.676	-8.095	-0.058
7.08	-8.685	-8.748	-0.059
7.09	-8.694	-9.523	-0.054
7.1	-8.701	-10.355	-0.051
7.11	-8.709	-11.139	-0.054
7.12	-8.717	-11.769	-0.057
7.13	-8.725	-12.181	-0.056
7.14	-8.733	-12.411	-0.059
7.15	-8.742	-12.503	-0.062
7.16	-8.749	-12.461	-0.061
7.17	-8.757	-12.323	-0.051
7.18	-8.764	-12.130	-0.044
7.19	-8.773	-11.892	-0.049
7.2	-8.782	-11.583	-0.056
7.21	-8.789	-11.205	-0.061
7.22	-8.796	-10.819	-0.063
7.23	-8.802	-10.480	-0.060
7.24	-8.807	-10.203	-0.059
7.25	-8.813	-9.920	-0.055
7.26	-8.819	-9.578	-0.050
7.27	-8.824	-9.184	-0.049
7.28	-8.828	-8.703	-0.048
7.29	-8.832	-8.219	-0.050
7.3	-8.836	-7.888	-0.052
7.31	-8.842	-7.731	-0.043
7.32	-8.845	-7.659	-0.028
7.33	-8.848	-7.594	-0.016
7.34	-8.849	-7.588	-0.002
7.35	-8.850	-7.708	0.011
7.36	-8.851	-7.892	0.017
7.37	-8.851	-8.053	0.005
7.38	-8.851	-8.172	-0.025
7.39	-8.851	-8.297	-0.052
7.4	-8.854	-8.453	-0.063
7.41	-8.861	-8.578	-0.062
7.42	-8.869	-8.639	-0.068
7.43	-8.875	-8.731	-0.075
7.44	-8.880	-8.952	-0.060
7.45	-8.886	-9.255	0.058
7.46	-8.893	-9.542	0.276
7.47	-8.896	-9.720	0.413
7.48	-8.899	-9.736	0.316
7.49	-8.900	-9.611	0.030
7.5	-8.896	-9.380	-0.154
7.51	-8.890	-9.200	-0.150
7.52	-8.888	-9.244	-0.106
7.53	-8.888	-9.452	-0.081
7.54	-8.891	-9.650	-0.081
7.55	-8.894	-9.666	-0.077
7.56	-8.898	-9.142	-0.064
7.57	-8.902	-7.122	-0.055
7.58	-8.905	-2.520	-0.047
7.59	-8.908	4.386	-0.043
7.6	-8.911	11.769	-0.043
7.61	-8.914	17.595	-0.036
7.62	-8.918	20.623	-0.023
7.63	-8.922	20.498	-0.006
7.64	-8.925	17.720	0.012
7.65	-8.927	13.453	0.031
7.66	-8.927	8.642	0.058
7.67	-8.922	3.669	0.075
7.68	-8.913	-1.138	0.076
7.69	-8.895	-5.498	0.081
7.7	-8.868	-9.167	0.084
7.71	-8.834	-11.952	0.067
7.72	-8.799	-13.902	0.037
7.73	-8.765	-15.127	0.011
7.74	-8.733	-15.648	-0.013
7.75	-8.702	-15.509	-0.039
7.76	-8.668	-14.853	-0.059
7.77	-8.633	-13.839	-0.070
7.78	-8.598	-12.623	-0.080
7.79	-8.566	-11.491	-0.079
7.8	-8.533	-10.830	-0.072
7.81	-8.501	-10.803	-0.076
7.82	-8.472	-11.116	-0.079
7.83	-8.445	-11.234	-0.075
7.84	-8.420	-10.786	-0.073
7.85	-8.398	-9.716	-0.073
7.86	-8.376	-8.252	-0.062
7.87	-8.354	-6.755	-0.055
7.88	-8.334	-5.558	-0.056
7.89	-8.315	-4.883	-0.050
7.9	-8.296	-4.736	-0.046
7.91	-8.278	-4.995	-0.052
7.92	-8.261	-5.556	-0.057
7.93	-8.244	-6.297	-0.056
7.94	-8.229	-7.055	-0.054
7.95	-8.214	-7.739	-0.050
7.96	-8.198	-8.381	-0.048
7.97	-8.183	-9.064	-0.056
7.98	-8.168	-9.816	-0.063
7.99	-8.154	-10.595	-0.061
8.0	-8.139	-11.328	-0.057
8.01	-8.124	-11.938	-0.056
8.02	-8.109	-12.306	-0.064
8.03	-8.094	-12.378	-0.074
8.04	-8.078	-12.281	-0.066
8.05	-8.062	-12.194	-0.055
8.06	-8.048	-12.195	-0.060
8.07	-8.034	-12.234	-0.069
8.08	-8.020	-12.227	-0.066
8.09	-8.004	-12.136	-0.058
8.1	-7.989	-11.942	-0.065
8.11	-7.973	-11.647	-0.079
8.12	-7.957	-11.317	-0.075
8.13	-7.942	-11.003	-0.063
8.14	-7.926	-10.713	-0.057
8.15	-7.912	-10.464	-0.060
8.16	-7.900	-10.272	-0.068
8.17	-7.888	-10.091	-0.063
8.18	-7.874	-9.892	-0.055
8.19	-7.862	-9.691	-0.052
8.2	-7.849	-9.488	-0.050
8.21	-7.835	-9.278	-0.042
8.22	-7.821	-9.064	-0.026
8.23	-7.808	-8.866	-0.011
8.24	-7.795	-8.758	-0.000
8.25	-7.782	-8.817	0.004
8.26	-7.771	-9.066	-0.001
8.27	-7.759	-9.439	-0.030
8.28	-7.748	-9.780	-0.060
8.29	-7.739	-9.919	-0.052
8.3	-7.734	-9.816	-0.038
8.31	-7.729	-9.600	-0.045
8.32	-7.723	-9.434	-0.050
8.33	-7.716	-9.394	-0.006
8.34	-7.711	-9.484	0.162
8.35	-7.704	-9.684	0.361
8.36	-7.696	-9.945	0.400
8.37	-7.688	-10.178	0.224
8.38	-7.676	-10.317	-0.030
8.39	-7.658	-10.427	-0.125
8.4	-7.639	-10.548	-0.096
8.41	-7.622	-10.638	-0.080
8.42	-7.607	-10.627	-0.069
8.43	-7.594	-10.445	-0.066
8.44	-7.583	-9.956	-0.067
8.45	-7.569	-8.528	-0.061
8.46	-7.557	-5.053	-0.058
8.47	-7.544	0.902	-0.057
8.48	-7.532	8.247	-0.053
8.49	-7.523	14.995	-0.046
8.5	-7.514	19.445	-0.027
8.51	-7.506	20.861	-0.009
8.52	-7.499	19.541	-0.007
8.53	-7.491	16.311	0.006
8.54	-7.483	11.980	0.030
8.55	-7.477	7.145	0.044
8.56	-7.471	2.153	0.057
8.57	-7.467	-2.767	0.070
8.58	-7.463	-7.338	0.073
8.59	-7.460	-11.223	0.062
8.6	-7.456	-14.164	0.042
8.61	-7.453	-16.122	0.016
8.62	-7.451	-17.222	-0.011
8.63	-7.449	-17.547	-0.034
8.64	-7.445	-17.137	-0.055
8.65	-7.440	-16.148	-0.068
8.66	-7.436	-14.858	-0.075
8.67	-7.434	-13.584	-0.082
8.68	-7.433	-12.655	-0.086
8.69	-7.431	-12.288	-0.092
8.7	-7.428	-12.372	-0.095
8.71	-7.424	-12.502	-0.088
8.72	-7.420	-12.281	-0.078
8.73	-7.416	-11.534	-0.070
8.74	-7.413	-10.328	-0.065
8.75	-7.409	-8.922	-0.065
8.76	-7.405	-7.636	-0.066
8.77	-7.401	-6.659	-0.063
8.78	-7.397	-6.014	-0.061
8.79	-7.394	-5.663	-0.053
8.8	-7.391	-5.627	-0.053
8.81	-7.388	-5.938	-0.062
8.82	-7.386	-6.523	-0.062
8.83	-7.383	-7.181	-0.056
8.84	-7.379	-7.731	-0.060
8.85	-7.376	-8.219	-0.075
8.86	-7.373	-8.841	-0.079
8.87	-7.371	-9.677	-0.067
8.88	-7.370	-10.594	-0.062
8.89	-7.369	-11.420	-0.070
8.9	-7.368	-12.116	-0.082
8.91	-7.367	-12.656	-0.079
8.92	-7.366	-12.925	-0.066
8.93	-7.366	-12.908	-0.063
8.94	-7.366	-12.764	-0.066
8.95	-7.366	-12.619	-0.066
8.96	-7.365	-12.464	-0.064
8.97	-7.364	-12.261	-0.069
8.98	-7.364	-12.044	-0.078
8.99	-7.365	-11.902	-0.077
9.0	-7.366	-11.805	-0.070
9.01	-7.366	-11.634	-0.068
9.02	-7.367	-11.367	-0.064
9.03	-7.368	-11.075	-0.060
9.04	-7.369	-10.783	-0.061
9.05	-7.369	-10.456	-0.062
9.06	-7.371	-10.070	-0.064
9.07	-7.373	-9.655	-0.065
9.08	-7.376	-9.306	-0.059
9.09	-7.378	-9.086	-0.055
9.1	-7.380	-8.953	-0.050
9.11	-7.382	-8.845	-0.036
9.12	-7.384	-8.748	-0.013
9.13	-7.388	-8.667	0.002
9.14	-7.391	-8.602	0.004
9.15	-7.393	-8.570	0.010
9.16	-7.394	-8.614	0.008
9.17	-7.396	-8.759	-0.018
9.18	-7.397	-8.997	-0.048
9.19	-7.398	-9.253	-0.064
9.2	-7.402	-9.463	-0.065
9.21	-7.408	-9.616	-0.058
9.22	-7.411	-9.709	-0.058
9.23	-7.411	-9.761	-0.058
9.24	-7.413	-9.819	0.021
9.25	-7.419	-9.944	0.228
9.26	-7.427	-10.103	0.397
9.27	-7.436	-10.217	0.359
9.28	-7.445	-10.291	0.119
9.29	-7.448	-10.308	-0.116
9.3	-7.444	-10.252	-0.151
9.31	-7.438	-10.216	-0.099
9.32	-7.436	-10.252	-0.080
9.33	-7.438	-10.289	-0.079
9.34	-7.438	-10.211	-0.076
9.35	-7.439	-9.723	-0.061
9.36	-7.440	-8.044	-0.054
9.37	-7.443	-3.995	-0.053
9.38	-7.447	2.733	-0.040
9.39	-7.453	10.731	-0.021
9.4	-7.461	17.702	-0.009
9.41	-7.473	21.870	-0.002
9.42	-7.489	22.748	0.009
9.43	-7.507	20.800	0.028
9.44	-7.525	16.820	0.048
9.45	-7.543	11.653	0.072
9.46	-7.561	6.025	0.096
9.47	-7.580	0.495	0.103
9.48	-7.599	-4.547	0.107
9.49	-7.617	-8.877	0.110
9.5	-7.636	-12.367	0.099
9.51	-7.655	-14.939	0.081
9.52	-7.675	-16.578	0.056
9.53	-7.695	-17.397	0.028
9.54	-7.714	-17.550	-0.003
9.55	-7.732	-17.108	-0.031
9.56	-7.749	-16.114	-0.049
9.57	-7.766	-14.736	-0.057
9.58	-7.782	-13.375	-0.055
9.59	-7.799	-12.416	-0.056
9.6	-7.816	-11.958	-0.057
9.61	-7.832	-11.827	-0.049
9.62	-7.848	-11.686	-0.039
9.63	-7.865	-11.206	-0.032
9.64	-7.883	-10.158	-0.041
9.65	-7.901	-8.564	-0.051
9.66	-7.918	-6.753	-0.037
9.67	-7.933	-5.148	-0.017
9.68	-7.947	-3.992	-0.015
9.69	-7.963	-3.314	-0.022
9.7	-7.979	-3.056	-0.028
9.71	-7.996	-3.131	-0.031
9.72	-8.012	-3.420	-0.030
9.73	-8.029	-3.809	-0.031
9.74	-8.044	-4.267	-0.039
9.75	-8.061	-4.881	-0.043
9.76	-8.077	-5.706	-0.044
9.77	-8.092	-6.677	-0.049
9.78	-8.107	-7.764	-0.048
9.79	-8.121	-8.930	-0.045
9.8	-8.136	-10.038	-0.052
9.81	-8.151	-10.992	-0.051
9.82	-8.166	-11.761	-0.049
9.83	-8.182	-12.264	-0.053
9.84	-8.197	-12.430	-0.051
9.85	-8.213	-12.355	-0.053
9.86	-8.228	-12.206	-0.049
9.87	-8.243	-12.070	-0.046
9.88	-8.258	-11.969	-0.049
9.89	-8.273	-11.880	-0.050
9.9	-8.286	-11.772	-0.047
9.91	-8.299	-11.620	-0.043
9.92	-8.313	-11.389	-0.042
9.93	-8.325	-11.123	-0.043
9.94	-8.338	-10.881	-0.050
9.95	-8.351	-10.642	-0.054
9.96	-8.362	-10.370	-0.043
9.97	-8.373	-10.056	-0.032
9.98	-8.384	-9.686	-0.035
9.99	-8.396	-9.259	-0.034
10.0	-8.408	-8.856	-0.017
10.01	-8.420	-8.530	-0.002
10.02	-8.431	-8.231	0.003
10.03	-8.440	-7.963	0.009
10.04	-8.449	-7.867	0.014
10.05	-8.457	-8.003	0.011
10.06	-8.466	-8.248	-0.005
10.07	-8.474	-8.481	-0.028
10.08	-8.486	-8.681	-0.041
10.09	-8.498	-8.859	-0.045
10.1	-8.511	-8.973	-0.051
10.11	-8.522	-9.017	-0.059
10.12	-8.531	-9.075	-0.058
10.13	-8.543	-9.228	0.071
10.14	-8.554	-9.466	0.318
10.15	-8.566	-9.688	0.460
10.16	-8.575	-9.828	0.346
10.17	-8.581	-9.944	0.032
10.18	-8.582	-10.050	-0.169
10.19	-8.581	-10.142	-0.153
10.2	-8.582	-10.247	-0.112
10.21	-8.585	-10.413	-0.100
10.22	-8.587	-10.631	-0.092
10.23	-8.589	-10.722	-0.086
10.24	-8.592	-10.284	-0.069
10.25	-8.595	-8.425	-0.050
10.26	-8.598	-3.966	-0.046
10.27	-8.600	3.189	-0.042
10.28	-8.603	11.428	-0.034
10.29	-8.605	18.498	-0.026
10.3	-8.609	22.734	-0.023
10.31	-8.615	23.567	-0.018
10.32	-8.622	21.425	0.007
10.33	-8.628	17.230	0.049
10.34	-8.635	11.864	0.078
10.35	-8.643	5.981	0.092
10.36	-8.651	0.114	0.100
10.37	-8.659	-5.253	0.099
10.38	-8.666	-9.764	0.088
10.39	-8.672	-13.234	0.069
10.4	-8.681	-15.634	0.051
10.41	-8.690	-17.080	0.025
10.42	-8.698	-17.742	-0.005
10.43	-8.706	-17.748	-0.033
10.44	-8.711	-17.170	-0.053
10.45	-8.717	-16.113	-0.058
10.46	-8.723	-14.853	-0.061
10.47	-8.729	-13.808	-0.065
10.48	-8.733	-13.163	-0.076
10.49	-8.738	-12.817	-0.081
10.5	-8.742	-12.547	-0.079
10.51	-8.747	-12.098	-0.072
10.52	-8.750	-11.333	-0.059
10.53	-8.752	-10.133	-0.050
10.54	-8.753	-8.497	-0.045
10.55	-8.754	-6.723	-0.043
10.56	-8.756	-5.167	-0.047
10.57	-8.758	-4.017	-0.052
10.58	-8.759	-3.327	-0.051
10.59	-8.760	-3.081	-0.047
10.6	-8.762	-3.233	-0.048
10.61	-8.764	-3.673	-0.043
10.62	-8.766	-4.273	-0.038
10.63	-8.769	-5.009	-0.042
10.64	-8.773	-5.950	-0.052
10.65	-8.777	-7.080	-0.060
10.66	-8.784	-8.258	-0.058
10.67	-8.793	-9.373	-0.052
10.68	-8.801	-10.389	-0.053
10.69	-8.807	-11.273	-0.052
10.7	-8.813	-11.941	-0.041
10.71	-8.820	-12.361	-0.043
10.72	-8.827	-12.572	-0.050
10.73	-8.834	-12.620	-0.051
10.74	-8.843	-12.650	-0.053
10.75	-8.852	-12.720	-0.052
10.76	-8.860	-12.733	-0.047
10.77	-8.869	-12.692	-0.045
10.78	-8.876	-12.645	-0.041
10.79	-8.884	-12.469	-0.035
10.8	-8.890	-12.097	-0.034
10.81	-8.895	-11.605	-0.032
10.82	-8.898	-11.034	-0.025
10.83	-8.900	-10.430	-0.028
10.84	-8.904	-9.848	-0.034
10.85	-8.906	-9.306	-0.029
10.86	-8.907	-8.836	-0.014
10.87	-8.906	-8.488	0.001
10.88	-8.904	-8.295	0.011
10.89	-8.902	-8.244	0.031
10.9	-8.901	-8.245	0.043
10.91	-8.898	-8.220	0.029
10.92	-8.894	-8.098	0.001
10.93	-8.891	-7.844	-0.023
10.94	-8.888	-7.503	-0.036
10.95	-8.892	-7.200	-0.048
10.96	-8.898	-7.052	-0.052
10.97	-8.900	-7.119	-0.040
10.98	-8.901	-7.372	-0.023
10.99	-8.906	-7.725	0.073
11.0	-8.912	-8.181	0.277
11.01	-8.916	-8.755	0.425
11.02	-8.917	-9.327	0.361
11.03	-8.914	-9.666	0.098
11.04	-8.907	-9.684	-0.105
11.05	-8.893	-9.592	-0.120
11.06	-8.881	-9.613	-0.092
11.07	-8.871	-9.745	-0.070
11.08	-8.864	-9.859	-0.054
11.09	-8.859	-9.894	-0.053
11.1	-8.856	-9.664	-0.048
11.11	-8.855	-8.203	-0.045
11.12	-8.853	-4.075	-0.049
11.13	-8.850	2.998	-0.039
11.14	-8.846	11.438	-0.019
11.15	-8.841	18.981	-0.013
11.16	-8.835	23.961	-0.004
11.17	-8.826	25.623	0.015
11.18	-8.814	24.034	0.027
11.19	-8.800	19.930	0.045
11.2	-8.783	14.313	0.068
11.21	-8.766	8.044	0.082
11.22	-8.749	1.784	0.097
11.23	-8.733	-3.922	0.103
11.24	-8.717	-8.689	0.090
11.25	-8.701	-12.403	0.076
11.26	-8.686	-15.114	0.061
11.27	-8.673	-16.903	0.036
11.28	-8.662	-17.856	0.002
11.29	-8.651	-18.009	-0.033
11.3	-8.636	-17.439	-0.048
11.31	-8.616	-16.339	-0.051
11.32	-8.594	-14.998	-0.066
11.33	-8.571	-13.778	-0.077
11.34	-8.546	-13.006	-0.072
11.35	-8.519	-12.772	-0.066
11.36	-8.494	-12.834	-0.064
11.37	-8.468	-12.775	-0.063
11.38	-8.443	-12.259	-0.061
11.39	-8.418	-11.186	-0.052
11.4	-8.393	-9.663	-0.056
11.41	-8.368	-7.922	-0.067
11.42	-8.344	-6.323	-0.066
11.43	-8.322	-5.119	-0.068
11.44	-8.299	-4.311	-0.065
11.45	-8.277	-3.834	-0.059
11.46	-8.256	-3.669	-0.060
11.47	-8.236	-3.848	-0.063
11.48	-8.217	-4.375	-0.071
11.49	-8.198	-5.170	-0.074
11.5	-8.181	-6.177	-0.072
11.51	-8.162	-7.320	-0.074
11.52	-8.146	-8.500	-0.074
11.53	-8.130	-9.656	-0.071
11.54	-8.115	-10.795	-0.066
11.55	-8.102	-11.867	-0.057
11.56	-8.089	-12.711	-0.058
11.57	-8.077	-13.298	-0.070
11.58	-8.066	-13.788	-0.071
11.59	-8.058	-14.217	-0.067
11.6	-8.050	-14.463	-0.067
11.61	-8.044	-14.417	-0.057
11.62	-8.036	-14.150	-0.050
11.63	-8.029	-13.772	-0.051
11.64	-8.023	-13.261	-0.051
11.65	-8.016	-12.598	-0.051
11.66	-8.008	-11.914	-0.051
11.67	-7.998	-11.366	-0.054
11.68	-7.988	-10.964	-0.046
11.69	-7.977	-10.639	-0.035
11.7	-7.966	-10.372	-0.042
11.71	-7.954	-10.150	-0.050
11.72	-7.941	-9.930	-0.032
11.73	-7.926	-9.698	-0.003
11.74	-7.912	-9.481	0.009
11.75	-7.898	-9.314	0.012
11.76	-7.882	-9.192	0.017
11.77	-7.867	-9.091	0.015
11.78	-7.854	-9.016	-0.001
11.79	-7.841	-8.970	-0.031
11.8	-7.831	-8.923	-0.054
11.81	-7.824	-8.831	-0.058
11.82	-7.817	-8.714	-0.055
11.83	-7.809	-8.684	-0.057
11.84	-7.798	-8.847	-0.045
11.85	-7.789	-9.167	0.065
11.86	-7.780	-9.536	0.263
11.87	-7.768	-9.897	0.373
11.88	-7.755	-10.258	0.290
11.89	-7.741	-10.598	0.051
11.9	-7.721	-10.858	-0.125
11.91	-7.697	-11.045	-0.128
11.92	-7.676	-11.163	-0.097
11.93	-7.659	-11.208	-0.089
11.94	-7.643	-11.163	-0.081
11.95	-7.628	-10.923	-0.076
11.96	-7.613	-10.139	-0.081
11.97	-7.601	-7.831	-0.079
11.98	-7.589	-2.819	-0.062
11.99	-7.579	4.853	-0.057
12.0	-7.570	13.450	-0.048
12.01	-7.561	20.689	-0.031
12.02	-7.554	24.836	-0.023
12.03	-7.547	25.253	-0.011
12.04	-7.540	22.491	0.007
12.05	-7.534	17.700	0.033
12.06	-7.527	11.920	0.058
12.07	-7.521	5.841	0.066
12.08	-7.516	-0.098	0.082
12.09	-7.512	-5.567	0.096
12.1	-7.508	-10.195	0.083
12.11	-7.506	-13.758	0.061
12.12	-7.503	-16.311	0.043
12.13	-7.502	-17.980	0.020
12.14	-7.500	-18.825	-0.006
12.15	-7.498	-18.886	-0.033
12.16	-7.494	-18.264	-0.061
12.17	-7.489	-17.153	-0.074
12.18	-7.484	-15.772	-0.079
12.19	-7.482	-14.444	-0.088
12.2	-7.478	-13.553	-0.085
12.21	-7.474	-13.244	-0.080
12.22	-7.469	-13.211	-0.082
12.23	-7.464	-12.970	-0.086
12.24	-7.459	-12.306	-0.089
12.25	-7.456	-11.242	-0.080
12.26	-7.453	-9.838	-0.064
12.27	-7.449	-8.320	-0.054
12.28	-7.446	-7.025	-0.055
12.29	-7.442	-6.083	-0.063
12.3	-7.441	-5.416	-0.065
12.31	-7.440	-4.931	-0.064
12.32	-7.439	-4.695	-0.064
12.33	-7.439	-4.803	-0.058
12.34	-7.438	-5.228	-0.046
12.35	-7.437	-5.916	-0.035
12.36	-7.436	-6.856	-0.039
12.37	-7.434	-7.989	-0.048
12.38	-7.432	-9.180	-0.045
12.39	-7.430	-10.377	-0.044
12.4	-7.428	-11.511	-0.050
12.41	-7.426	-12.445	-0.048
12.42	-7.424	-13.086	-0.042
12.43	-7.422	-13.336	-0.041
12.44	-7.419	-13.236	-0.036
12.45	-7.416	-13.003	-0.038
12.46	-7.413	-12.819	-0.047
12.47	-7.409	-12.750	-0.048
12.48	-7.406	-12.759	-0.047
12.49	-7.402	-12.775	-0.047
12.5	-7.398	-12.738	-0.043
12.51	-7.395	-12.606	-0.040
12.52	-7.391	-12.350	-0.038
12.53	-7.386	-11.983	-0.035
12.54	-7.383	-11.553	-0.037
12.55	-7.381	-11.095	-0.036
12.56	-7.377	-10.650	-0.033
12.57	-7.373	-10.277	-0.036
12.58	-7.369	-9.977	-0.030
12.59	-7.365	-9.709	-0.016
12.6	-7.361	-9.469	-0.005
12.61	-7.357	-9.287	0.001
12.62	-7.354	-9.186	0.015
12.63	-7.351	-9.158	0.035
12.64	-7.349	-9.153	0.036
12.65	-7.347	-9.120	0.017
12.66	-7.345	-9.042	-0.010
12.67	-7.343	-8.911	-0.033
12.68	-7.342	-8.719	-0.038
12.69	-7.343	-8.537	-0.043
12.7	-7.344	-8.502	-0.047
12.71	-7.344	-8.664	-0.039
12.72	-7.342	-8.925	-0.001
12.73	-7.343	-9.203	0.159
12.74	-7.344	-9.500	0.361
12.75	-7.345	-9.766	0.400
12.76	-7.345	-9.939	0.208
12.77	-7.344	-9.997	-0.067
12.78	-7.339	-9.970	-0.165
12.79	-7.333	-10.017	-0.112
12.8	-7.328	-10.236	-0.073
12.81	-7.325	-10.517	-0.068
12.82	-7.322	-10.630	-0.072
12.83	-7.316	-10.238	-0.067
12.84	-7.306	-8.662	-0.060
12.85	-7.299	-4.898	-0.057
12.86	-7.298	1.639	-0.051
12.87	-7.298	10.038	-0.045
12.88	-7.299	18.091	-0.038
12.89	-7.302	23.677	-0.021
12.9	-7.305	25.697	-0.001
12.91	-7.308	24.322	0.010
12.92	-7.310	20.506	0.027
12.93	-7.312	15.239	0.054
12.94	-7.316	9.256	0.071
12.95	-7.321	3.131	0.081
12.96	-7.326	-2.684	0.091
12.97	-7.333	-7.872	0.101
12.98	-7.341	-12.189	0.101
12.99	-7.350	-15.470	0.086
13.0	-7.363	-17.714	0.055
13.01	-7.378	-19.022	0.021
13.02	-7.393	-19.427	-0.005
13.03	-7.407	-18.961	-0.025
13.04	-7.419	-17.834	-0.042
13.05	-7.430	-16.322	-0.059
13.06	-7.441	-14.705	-0.067
13.07	-7.451	-13.336	-0.064
13.08	-7.461	-12.458	-0.061
13.09	-7.471	-12.008	-0.063
13.1	-7.481	-11.616	-0.063
13.11	-7.491	-10.875	-0.061
13.12	-7.502	-9.600	-0.055
13.13	-7.513	-7.897	-0.056
13.14	-7.525	-6.086	-0.057
13.15	-7.537	-4.466	-0.043
13.16	-7.549	-3.170	-0.038
13.17	-7.563	-2.266	-0.043
13.18	-7.578	-1.830	-0.043
13.19	-7.593	-1.908	-0.042
13.2	-7.608	-2.355	-0.041
13.21	-7.624	-2.972	-0.040
13.22	-7.639	-3.731	-0.042
13.23	-7.656	-4.673	-0.054
13.24	-7.673	-5.798	-0.060
13.25	-7.689	-7.030	-0.050
13.26	-7.706	-8.236	-0.044
13.27	-7.724	-9.364	-0.048
13.28	-7.743	-10.403	-0.050
13.29	-7.761	-11.280	-0.047
13.3	-7.779	-11.902	-0.049
13.31	-7.798	-12.269	-0.052
13.32	-7.815	-12.439	-0.054
13.33	-7.832	-12.448	-0.057
13.34	-7.849	-12.308	-0.056
13.35	-7.866	-12.073	-0.051
13.36	-7.884	-11.864	-0.047
13.37	-7.901	-11.713	-0.049
13.38	-7.917	-11.505	-0.053
13.39	-7.934	-11.153	-0.050
13.4	-7.951	-10.691	-0.045
13.41	-7.969	-10.195	-0.048
13.42	-7.986	-9.731	-0.056
13.43	-8.003	-9.320	-0.054
13.44	-8.019	-9.009	-0.043
13.45	-8.035	-8.839	-0.040
13.46	-8.049	-8.748	-0.037
13.47	-8.064	-8.652	-0.037
13.48	-8.079	-8.495	-0.034
13.49	-8.096	-8.277	-0.014
13.5	-8.112	-8.008	-0.003
13.51	-8.127	-7.767	0.001
13.52	-8.143	-7.680	0.015
13.53	-8.158	-7.767	0.005
13.54	-8.171	-7.955	-0.031
13.55	-8.184	-8.186	-0.058
13.56	-8.197	-8.430	-0.063
13.57	-8.214	-8.673	-0.066
13.58	-8.231	-8.950	-0.079
13.59	-8.244	-9.287	-0.080
13.6	-8.257	-9.600	-0.057
13.61	-8.271	-9.783	0.081
13.62	-8.286	-9.861	0.323
13.63	-8.299	-9.922	0.461
13.64	-8.313	-10.052	0.327
13.65	-8.323	-10.245	0.004
13.66	-8.330	-10.391	-0.171
13.67	-8.334	-10.509	-0.151
13.68	-8.341	-10.697	-0.114
13.69	-8.349	-10.883	-0.099
13.7	-8.357	-10.913	-0.099
13.71	-8.364	-10.638	-0.089
13.72	-8.371	-9.705	-0.075
13.73	-8.379	-7.091	-0.068
13.74	-8.386	-1.636	-0.056
13.75	-8.391	6.433	-0.043
13.76	-8.396	15.195	-0.037
13.77	-8.401	22.266	-0.031
13.78	-8.408	26.011	-0.015
13.79	-8.414	26.089	0.005
13.8	-8.422	23.177	0.028
13.81	-8.429	18.278	0.048
13.82	-8.437	12.331	0.065
13.83	-8.446	6.097	0.090
13.84	-8.457	0.073	0.107
13.85	-8.467	-5.422	0.109
13.86	-8.477	-10.150	0.108
13.87	-8.486	-13.947	0.097
13.88	-8.498	-16.698	0.072
13.89	-8.510	-18.406	0.038
13.9	-8.521	-19.155	0.000
13.91	-8.530	-19.058	-0.026
13.92	-8.537	-18.300	-0.038
13.93	-8.546	-17.145	-0.048
13.94	-8.555	-15.895	-0.060
13.95	-8.563	-14.842	-0.069
13.96	-8.569	-14.220	-0.071
13.97	-8.577	-14.030	-0.068
13.98	-8.584	-13.917	-0.060
13.99	-8.591	-13.384	-0.054
14.0	-8.598	-12.155	-0.051
14.01	-8.604	-10.298	-0.042
14.02	-8.609	-8.145	-0.035
14.03	-8.615	-6.092	-0.040
14.04	-8.621	-4.427	-0.039
14.05	-8.628	-3.275	-0.026
14.06	-8.635	-2.669	-0.024
14.07	-8.642	-2.575	-0.037
14.08	-8.650	-2.909	-0.042
14.09	-8.657	-3.561	-0.037
14.1	-8.663	-4.405	-0.038
14.11	-8.670	-5.356	-0.047
14.12	-8.677	-6.420	-0.046
14.13	-8.682	-7.592	-0.041
14.14	-8.685	-8.769	-0.046
14.15	-8.689	-9.813	-0.046
14.16	-8.693	-10.708	-0.042
14.17	-8.697	-11.528	-0.041
14.18	-8.701	-12.236	-0.043
14.19	-8.707	-12.711	-0.046
14.2	-8.713	-12.913	-0.053
14.21	-8.721	-12.941	-0.065
14.22	-8.728	-12.931	-0.062
14.23	-8.735	-12.920	-0.048
14.24	-8.741	-12.886	-0.043
14.25	-8.747	-12.764	-0.056
14.26	-8.754	-12.478	-0.063
14.27	-8.761	-12.069	-0.055
14.28	-8.768	-11.659	-0.054
14.29	-8.774	-11.294	-0.056
14.3	-8.780	-10.945	-0.046
14.31	-8.786	-10.630	-0.035
14.32	-8.791	-10.308	-0.026
14.33	-8.796	-9.888	-0.011
14.34	-8.799	-9.359	0.009
14.35	-8.804	-8.797	0.016
14.36	-8.808	-8.309	0.007
14.37	-8.812	-7.938	-0.005
14.38	-8.817	-7.631	-0.028
14.39	-8.824	-7.372	-0.056
14.4	-8.834	-7.192	-0.059
14.41	-8.847	-7.070	-0.052
14.42	-8.858	-7.000	-0.054
14.43	-8.866	-7.066	-0.055
14.44	-8.874	-7.316	0.010
14.45	-8.885	-7.686	0.206
14.46	-8.897	-8.037	0.404
14.47	-8.907	-8.283	0.422
14.48	-8.916	-8.469	0.189
14.49	-8.919	-8.661	-0.085
14.5	-8.917	-8.888	-0.148
14.51	-8.913	-9.158	-0.105
14.52	-8.912	-9.430	-0.085
14.53	-8.911	-9.642	-0.078
14.54	-8.911	-9.720	-0.067
14.55	-8.912	-9.425	-0.057
14.56	-8.913	-8.081	-0.059
14.57	-8.914	-4.491	-0.059
14.58	-8.914	2.045	-0.048
14.59	-8.912	10.508	-0.038
14.6	-8.912	18.694	-0.028
14.61	-8.913	24.575	-0.009
14.62	-8.914	27.089	0.009
14.63	-8.916	26.203	0.023
14.64	-8.918	22.547	0.040
14.65	-8.921	17.122	0.060
14.66	-8.924	10.880	0.084
14.67	-8.927	4.528	0.093
14.68	-8.929	-1.345	0.090
14.69	-8.930	-6.442	0.094
14.7	-8.929	-10.644	0.085
14.71	-8.928	-13.823	0.056
14.72	-8.928	-16.045	0.024
14.73	-8.930	-17.497	0.003
14.74	-8.931	-18.180	-0.007
14.75	-8.929	-18.014	-0.026
14.76	-8.922	-17.109	-0.053
14.77	-8.913	-15.786	-0.073
14.78	-8.902	-14.484	-0.080
14.79	-8.888	-13.578	-0.073
14.8	-8.873	-13.166	-0.066
14.81	-8.859	-13.011	-0.069
14.82	-8.846	-12.719	-0.069
14.83	-8.833	-12.009	-0.061
14.84	-8.821	-10.775	-0.050
14.85	-8.811	-9.056	-0.046
14.86	-8.802	-7.141	-0.048
14.87	-8.794	-5.414	-0.054
14.88	-8.786	-4.095	-0.054
14.89	-8.777	-3.263	-0.047
14.9	-8.768	-2.889	-0.040
14.91	-8.759	-2.870	-0.034
14.92	-8.747	-3.116	-0.033
14.93	-8.734	-3.658	-0.044
14.94	-8.719	-4.589	-0.056
14.95	-8.703	-5.845	-0.053
14.96	-8.686	-7.211	-0.055
14.97	-8.668	-8.486	-0.065
14.98	-8.649	-9.603	-0.065
14.99	-8.630	-10.620	-0.053
15.0	-8.611	-11.594	-0.051
15.01	-8.591	-12.461	-0.060
15.02	-8.572	-13.091	-0.070
15.03	-8.552	-13.402	-0.073
15.04	-8.531	-13.430	-0.071
15.05	-8.509	-13.292	-0.072
15.06	-8.487	-13.119	-0.070
15.07	-8.465	-12.978	-0.058
15.08	-8.444	-12.820	-0.057
15.09	-8.423	-12.541	-0.067
15.1	-8.402	-12.139	-0.073
15.11	-8.382	-11.720	-0.075
15.12	-8.362	-11.373	-0.063
15.13	-8.341	-11.045	-0.048
15.14	-8.320	-10.633	-0.037
15.15	-8.299	-10.156	-0.021
15.16	-8.277	-9.738	-0.008
15.17	-8.257	-9.433	-0.000
15.18	-8.236	-9.241	0.003
15.19	-8.214	-9.111	-0.008
15.2	-8.194	-8.964	-0.043
15.21	-8.174	-8.787	-0.070
15.22	-8.157	-8.606	-0.070
15.23	-8.143	-8.408	-0.066
15.24	-8.131	-8.219	-0.066
15.25	-8.117	-8.127	-0.070
15.26	-8.104	-8.206	-0.048
15.27	-8.092	-8.459	0.093
15.28	-8.081	-8.820	0.311
15.29	-8.068	-9.230	0.416
15.3	-8.054	-9.605	0.285
15.31	-8.040	-9.822	0.012
15.32	-8.020	-9.881	-0.129
15.33	-7.994	-9.975	-0.119
15.34	-7.968	-10.227	-0.099
15.35	-7.946	-10.547	-0.095
15.36	-7.926	-10.761	-0.089
15.37	-7.907	-10.670	-0.077
15.38	-7.889	-9.777	-0.073
15.39	-7.873	-6.938	-0.068
15.4	-7.857	-1.098	-0.056
15.41	-7.841	7.322	-0.052
15.42	-7.826	16.266	-0.051
15.43	-7.809	23.261	-0.041
15.44	-7.795	26.813	-0.029
15.45	-7.781	26.750	-0.014
15.46	-7.768	23.720	0.012
15.47	-7.755	18.686	0.031
15.48	-7.744	12.552	0.042
15.49	-7.733	6.088	0.060
15.5	-7.723	-0.072	0.073
15.51	-7.712	-5.542	0.073
15.52	-7.701	-10.169	0.056
15.53	-7.691	-13.844	0.032
15.54	-7.683	-16.514	0.017
15.55	-7.676	-18.275	-0.003
15.56	-7.668	-19.202	-0.028
15.57	-7.659	-19.288	-0.046
15.58	-7.649	-18.634	-0.059
15.59	-7.639	-17.463	-0.068
15.6	-7.631	-16.095	-0.070
15.61	-7.621	-14.942	-0.072
15.62	-7.612	-14.333	-0.079
15.63	-7.604	-14.258	-0.075
15.64	-7.599	-14.334	-0.062
15.65	-7.595	-14.098	-0.055
15.66	-7.588	-13.266	-0.058
15.67	-7.581	-11.831	-0.052
15.68	-7.574	-10.063	-0.047
15.69	-7.567	-8.333	-0.055
15.7	-7.561	-6.881	-0.051
15.71	-7.555	-5.792	-0.046
15.72	-7.551	-5.097	-0.050
15.73	-7.548	-4.795	-0.047
15.74	-7.544	-4.830	-0.044
15.75	-7.541	-5.134	-0.048
15.76	-7.538	-5.680	-0.041
15.77	-7.534	-6.419	-0.038
15.78	-7.531	-7.344	-0.046
15.79	-7.527	-8.480	-0.051
15.8	-7.523	-9.753	-0.055
15.81	-7.519	-11.003	-0.055
15.82	-7.515	-12.081	-0.054
15.83	-7.510	-12.908	-0.049
15.84	-7.506	-13.492	-0.043
15.85	-7.501	-13.831	-0.041
15.86	-7.498	-13.923	-0.046
15.87	-7.496	-13.875	-0.058
15.88	-7.493	-13.838	-0.057
15.89	-7.491	-13.830	-0.047
15.9	-7.488	-13.719	-0.043
15.91	-7.486	-13.392	-0.051
15.92	-7.485	-12.919	-0.054
15.93	-7.483	-12.448	-0.046
15.94	-7.481	-12.031	-0.043
15.95	-7.479	-11.656	-0.052
15.96	-7.477	-11.323	-0.055
15.97	-7.474	-11.030	-0.042
15.98	-7.471	-10.788	-0.038
15.99	-7.469	-10.555	-0.040
16.0	-7.467	-10.302	-0.036
16.01	-7.464	-10.097	-0.034
16.02	-7.461	-9.961	-0.023
16.03	-7.458	-9.845	-0.014
16.04	-7.453	-9.720	-0.008
16.05	-7.450	-9.605	0.013
16.06	-7.448	-9.511	0.027
16.07	-7.446	-9.409	0.016
16.08	-7.444	-9.261	-0.012
16.09	-7.440	-9.091	-0.040
16.1	-7.437	-8.989	-0.050
16.11	-7.436	-9.014	-0.058
16.12	-7.436	-9.153	-0.072
16.13	-7.433	-9.364	-0.070
16.14	-7.430	-9.588	-0.040
16.15	-7.429	-9.858	0.101
16.16	-7.429	-10.219	0.317
16.17	-7.429	-10.545	0.401
16.18	-7.428	-10.755	0.255
16.19	-7.426	-10.886	-0.017
16.2	-7.419	-10.995	-0.158
16.21	-7.411	-11.125	-0.132
16.22	-7.403	-11.238	-0.099
16.23	-7.397	-11.298	-0.087
16.24	-7.391	-11.263	-0.084
16.25	-7.387	-10.963	-0.082
16.26	-7.383	-9.819	-0.082
16.27	-7.379	-6.520	-0.066
16.28	-7.374	-0.005	-0.043
16.29	-7.368	9.059	-0.041
16.3	-7.362	18.378	-0.041
16.31	-7.356	25.463	-0.026
16.32	-7.352	28.813	-0.015
16.33	-7.349	28.309	-0.007
16.34	-7.349	24.777	0.020
16.35	-7.349	19.288	0.047
16.36	-7.348	12.800	0.057
16.37	-7.348	6.091	0.076
16.38	-7.349	-0.288	0.094
16.39	-7.349	-5.963	0.094
16.4	-7.350	-10.736	0.086
16.41	-7.351	-14.598	0.071
16.42	-7.354	-17.573	0.049
16.43	-7.358	-19.634	0.018
16.44	-7.362	-20.717	-0.016
16.45	-7.365	-20.828	-0.035
16.46	-7.367	-20.130	-0.047
16.47	-7.370	-18.863	-0.066
16.48	-7.373	-17.319	-0.084
16.49	-7.376	-15.934	-0.081
16.5	-7.378	-15.119	-0.073
16.51	-7.381	-14.831	-0.076
16.52	-7.383	-14.559	-0.084
16.53	-7.386	-13.805	-0.082
16.54	-7.390	-12.416	-0.069
16.55	-7.394	-10.555	-0.059
16.56	-7.399	-8.509	-0.055
16.57	-7.402	-6.542	-0.055
16.58	-7.407	-4.869	-0.047
16.59	-7.413	-3.628	-0.042
16.6	-7.418	-2.917	-0.052
16.61	-7.425	-2.786	-0.061
16.62	-7.433	-3.172	-0.056
16.63	-7.444	-3.878	-0.049
16.64	-7.455	-4.619	-0.045
16.65	-7.468	-5.328	-0.052
16.66	-7.480	-6.211	-0.059
16.67	-7.494	-7.348	-0.053
16.68	-7.510	-8.606	-0.056
16.69	-7.526	-9.828	-0.064
16.7	-7.541	-10.898	-0.063
16.71	-7.557	-11.738	-0.060
16.72	-7.572	-12.334	-0.064
16.73	-7.589	-12.711	-0.059
16.74	-7.606	-12.866	-0.047
16.75	-7.624	-12.856	-0.050
16.76	-7.641	-12.819	-0.060
16.77	-7.659	-12.798	-0.062
16.78	-7.676	-12.684	-0.057
16.79	-7.691	-12.411	-0.058
16.8	-7.708	-12.081	-0.065
16.81	-7.723	-11.789	-0.074
16.82	-7.739	-11.473	-0.072
16.83	-7.754	-11.050	-0.056
16.84	-7.771	-10.594	-0.044
16.85	-7.786	-10.244	-0.050
16.86	-7.801	-9.984	-0.058
16.87	-7.814	-9.692	-0.056
16.88	-7.829	-9.342	-0.056
16.89	-7.843	-9.028	-0.055
16.9	-7.858	-8.813	-0.056
16.91	-7.872	-8.625	-0.048
16.92	-7.886	-8.422	-0.024
16.93	-7.901	-8.263	-0.012
16.94	-7.916	-8.217	0.001
16.95	-7.931	-8.302	0.012
16.96	-7.946	-8.436	0.009
16.97	-7.959	-8.569	-0.011
16.98	-7.971	-8.734	-0.049
16.99	-7.982	-8.914	-0.074
17.0	-7.998	-9.041	-0.074
17.01	-8.013	-9.109	-0.071
17.02	-8.025	-9.234	-0.086
17.03	-8.035	-9.498	-0.099
17.04	-8.046	-9.800	-0.013
17.05	-8.060	-9.994	0.212
17.06	-8.076	-10.036	0.397
17.07	-8.091	-9.970	0.356
17.08	-8.104	-9.919	0.073
17.09	-8.113	-9.955	-0.184
17.1	-8.119	-10.056	-0.211
17.11	-8.126	-10.225	-0.157
17.12	-8.134	-10.436	-0.133
17.13	-8.143	-10.602	-0.123
17.14	-8.151	-10.628	-0.105
17.15	-8.160	-10.223	-0.090
17.16	-8.170	-8.447	-0.091
17.17	-8.180	-3.820	-0.092
17.18	-8.190	4.108	-0.091
17.19	-8.199	13.758	-0.077
17.2	-8.210	22.547	-0.051
17.21	-8.221	28.330	-0.034
17.22	-8.232	30.113	-0.018
17.23	-8.243	28.148	-0.003
17.24	-8.255	23.477	0.021
17.25	-8.268	17.234	0.054
17.26	-8.283	10.294	0.075
17.27	-8.297	3.305	0.085
17.28	-8.311	-3.192	0.088
17.29	-8.324	-8.800	0.088
17.3	-8.336	-13.306	0.077
17.31	-8.351	-16.655	0.054
17.32	-8.366	-18.903	0.029
17.33	-8.381	-20.170	0.001
17.34	-8.394	-20.580	-0.029
17.35	-8.407	-20.283	-0.048
17.36	-8.420	-19.433	-0.058
17.37	-8.433	-18.228	-0.069
17.38	-8.446	-17.011	-0.074
17.39	-8.458	-16.123	-0.077
17.4	-8.470	-15.680	-0.077
17.41	-8.482	-15.431	-0.070
17.42	-8.496	-14.944	-0.061
17.43	-8.509	-13.916	-0.056
17.44	-8.521	-12.258	-0.060
17.45	-8.532	-10.058	-0.051
17.46	-8.543	-7.659	-0.040
17.47	-8.556	-5.498	-0.048
17.48	-8.568	-3.869	-0.060
17.49	-8.581	-2.880	-0.052
17.5	-8.593	-2.467	-0.034
17.51	-8.604	-2.509	-0.038
17.52	-8.616	-2.908	-0.054
17.53	-8.627	-3.577	-0.053
17.54	-8.639	-4.470	-0.037
17.55	-8.649	-5.572	-0.035
17.56	-8.658	-6.864	-0.040
17.57	-8.666	-8.281	-0.044
17.58	-8.673	-9.684	-0.051
17.59	-8.680	-10.941	-0.049
17.6	-8.689	-12.005	-0.041
17.61	-8.697	-12.884	-0.040
17.62	-8.704	-13.491	-0.043
17.63	-8.711	-13.716	-0.038
17.64	-8.719	-13.634	-0.033
17.65	-8.729	-13.450	-0.042
17.66	-8.736	-13.294	-0.051
17.67	-8.741	-13.148	-0.050
17.68	-8.747	-12.941	-0.040
17.69	-8.754	-12.648	-0.035
17.7	-8.760	-12.277	-0.037
17.71	-8.765	-11.850	-0.032
17.72	-8.768	-11.486	-0.030
17.73	-8.774	-11.261	-0.034
17.74	-8.781	-11.086	-0.036
17.75	-8.787	-10.852	-0.037
17.76	-8.794	-10.553	-0.038
17.77	-8.801	-10.192	-0.030
17.78	-8.808	-9.778	-0.013
17.79	-8.814	-9.400	0.001
17.8	-8.819	-9.050	0.012
17.81	-8.826	-8.656	0.018
17.82	-8.831	-8.192	0.016
17.83	-8.836	-7.734	0.000
17.84	-8.840	-7.422	-0.030
17.85	-8.844	-7.286	-0.055
17.86	-8.853	-7.266	-0.057
17.87	-8.864	-7.347	-0.049
17.88	-8.875	-7.613	-0.042
17.89	-8.883	-8.067	-0.043
17.9	-8.894	-8.581	-0.000
17.91	-8.907	-9.031	0.176
17.92	-8.918	-9.256	0.361
17.93	-8.926	-9.161	0.368
17.94	-8.932	-8.942	0.163
17.95	-8.934	-8.819	-0.085
17.96	-8.929	-8.852	-0.153
17.97	-8.924	-9.095	-0.114
17.98	-8.922	-9.558	-0.087
17.99	-8.921	-10.148	-0.071
18.0	-8.919	-10.647	-0.063
18.01	-8.918	-10.722	-0.056
18.02	-8.916	-9.759	-0.049
18.03	-8.914	-6.486	-0.048
18.04	-8.912	0.186	-0.045
18.05	-8.910	9.539	-0.035
18.06	-8.909	19.203	-0.027
18.07	-8.909	26.686	-0.021
18.08	-8.912	30.417	-0.004
18.09	-8.916	30.078	0.021
18.1	-8.918	26.333	0.041
18.11	-8.921	20.361	0.061
18.12	-8.926	13.369	0.078
18.13	-8.929	6.244	0.093
18.14	-8.933	-0.456	0.109
18.15	-8.934	-6.361	0.106
18.16	-8.937	-11.208	0.093
18.17	-8.941	-14.872	0.072
18.18	-8.949	-17.419	0.037
18.19	-8.956	-19.058	0.005
18.2	-8.963	-19.950	-0.021
18.21	-8.967	-20.080	-0.035
18.22	-8.971	-19.391	-0.042
18.23	-8.976	-18.039	-0.064
18.24	-8.979	-16.467	-0.076
18.25	-8.981	-15.255	-0.068
18.26	-8.984	-14.706	-0.068
18.27	-8.988	-14.625	-0.080
18.28	-8.989	-14.544	-0.082
18.29	-8.989	-14.061	-0.063
18.3	-8.989	-12.931	-0.043
18.31	-8.989	-11.075	-0.033
18.32	-8.987	-8.733	-0.034
18.33	-8.982	-6.378	-0.043
18.34	-8.975	-4.400	-0.040
18.35	-8.963	-2.953	-0.027
18.36	-8.946	-2.027	-0.028
18.37	-8.924	-1.572	-0.037
18.38	-8.899	-1.572	-0.041
18.39	-8.874	-1.994	-0.039
18.4	-8.849	-2.802	-0.035
18.41	-8.824	-3.959	-0.041
18.42	-8.800	-5.427	-0.046
18.43	-8.775	-7.078	-0.046
18.44	-8.750	-8.731	-0.046
18.45	-8.724	-10.281	-0.046
18.46	-8.699	-11.631	-0.044
18.47	-8.674	-12.625	-0.040
18.48	-8.649	-13.189	-0.035
18.49	-8.626	-13.392	-0.038
18.5	-8.604	-13.403	-0.043
18.51	-8.582	-13.409	-0.046
18.52	-8.560	-13.517	-0.045
18.53	-8.538	-13.734	-0.048
18.54	-8.516	-13.941	-0.049
18.55	-8.496	-13.972	-0.039
18.56	-8.476	-13.759	-0.037
18.57	-8.456	-13.355	-0.039
18.58	-8.436	-12.841	-0.037
18.59	-8.416	-12.273	-0.033
18.6	-8.395	-11.714	-0.028
18.61	-8.376	-11.183	-0.026
18.62	-8.356	-10.709	-0.015
18.63	-8.336	-10.369	-0.004
18.64	-8.315	-10.103	0.004
18.65	-8.293	-9.786	0.021
18.66	-8.269	-9.428	0.026
18.67	-8.246	-9.134	0.004
18.68	-8.221	-8.914	-0.033
18.69	-8.197	-8.664	-0.056
18.7	-8.176	-8.344	-0.057
18.71	-8.158	-8.042	-0.053
18.72	-8.137	-7.867	-0.055
18.73	-8.116	-7.858	-0.058
18.74	-8.095	-8.037	0.008
18.75	-8.075	-8.391	0.204
18.76	-8.054	-8.795	0.373
18.77	-8.031	-9.147	0.349
18.78	-8.009	-9.456	0.125
18.79	-7.986	-9.736	-0.102
18.8	-7.959	-10.003	-0.141
18.81	-7.931	-10.303	-0.099
18.82	-7.906	-10.667	-0.083
18.83	-7.884	-11.045	-0.084
18.84	-7.862	-11.289	-0.087
18.85	-7.842	-11.048	-0.075
18.86	-7.824	-9.434	-0.058
18.87	-7.807	-5.100	-0.055
18.88	-7.791	2.492	-0.059
18.89	-7.775	12.058	-0.057
18.9	-7.760	21.120	-0.044
18.91	-7.747	27.359	-0.025
18.92	-7.735	29.572	-0.011
18.93	-7.722	27.903	0.003
18.94	-7.709	23.450	0.022
18.95	-7.696	17.464	0.040
18.96	-7.684	10.813	0.058
18.97	-7.674	4.100	0.070
18.98	-7.663	-2.155	0.076
18.99	-7.651	-7.622	0.075
19.0	-7.643	-12.158	0.062
19.01	-7.638	-15.692	0.041
19.02	-7.635	-18.188	0.010
19.03	-7.631	-19.705	-0.028
19.04	-7.624	-20.373	-0.059
19.05	-7.616	-20.325	-0.077
19.06	-7.609	-19.652	-0.086
19.07	-7.603	-18.492	-0.093
19.08	-7.598	-17.170	-0.098
19.09	-7.593	-16.133	-0.098
19.1	-7.587	-15.658	-0.094
19.11	-7.581	-15.586	-0.091
19.12	-7.576	-15.448	-0.089
19.13	-7.571	-14.819	-0.089
19.14	-7.567	-13.519	-0.080
19.15	-7.563	-11.645	-0.068
19.16	-7.558	-9.480	-0.067
19.17	-7.553	-7.380	-0.066
19.18	-7.549	-5.650	-0.066
19.19	-7.545	-4.441	-0.071
19.2	-7.542	-3.792	-0.068
19.21	-7.539	-3.669	-0.063
19.22	-7.537	-3.956	-0.067
19.23	-7.534	-4.514	-0.067
19.24	-7.532	-5.273	-0.059
19.25	-7.530	-6.219	-0.060
19.26	-7.527	-7.270	-0.069
19.27	-7.526	-8.383	-0.068
19.28	-7.526	-9.595	-0.070
19.29	-7.524	-10.869	-0.068
19.3	-7.523	-12.028	-0.063
19.31	-7.520	-12.889	-0.067
19.32	-7.518	-13.422	-0.067
19.33	-7.515	-13.720	-0.064
19.34	-7.513	-13.898	-0.057
19.35	-7.513	-14.031	-0.053
19.36	-7.512	-14.156	-0.057
19.37	-7.511	-14.272	-0.059
19.38	-7.511	-14.319	-0.059
19.39	-7.511	-14.230	-0.056
19.4	-7.511	-13.973	-0.052
19.41	-7.511	-13.569	-0.053
19.42	-7.511	-13.097	-0.049
19.43	-7.509	-12.631	-0.044
19.44	-7.508	-12.166	-0.047
19.45	-7.506	-11.652	-0.047
19.46	-7.506	-11.089	-0.038
19.47	-7.505	-10.558	-0.031
19.48	-7.505	-10.072	-0.028
19.49	-7.504	-9.570	-0.009
19.5	-7.504	-9.144	0.015
19.51	-7.501	-8.889	0.033
19.52	-7.497	-8.784	0.038
19.53	-7.494	-8.795	0.025
19.54	-7.494	-8.877	0.005
19.55	-7.496	-8.986	-0.016
19.56	-7.502	-9.083	-0.036
19.57	-7.514	-9.133	-0.053
19.58	-7.532	-9.116	-0.054
19.59	-7.546	-9.036	-0.047
19.6	-7.553	-8.959	-0.050
19.61	-7.556	-8.997	0.001
19.62	-7.558	-9.247	0.195
19.63	-7.559	-9.750	0.392
19.64	-7.559	-10.414	0.402
19.65	-7.558	-11.005	0.182
19.66	-7.553	-11.342	-0.083
19.67	-7.547	-11.452	-0.144
19.68	-7.541	-11.395	-0.094
19.69	-7.538	-11.186	-0.072
19.7	-7.534	-10.853	-0.059
19.71	-7.531	-10.478	-0.054
19.72	-7.528	-9.884	-0.052
19.73	-7.524	-8.180	-0.057
19.74	-7.519	-3.927	-0.059
19.75	-7.513	3.595	-0.038
19.76	-7.506	13.186	-0.021
19.77	-7.498	22.348	-0.015
19.78	-7.490	28.783	-0.006
19.79	-7.484	31.277	0.011
19.8	-7.481	29.891	0.034
19.81	-7.479	25.455	0.048
19.82	-7.477	19.084	0.066
19.83	-7.476	11.964	0.090
19.84	-7.474	4.920	0.112
19.85	-7.471	-1.628	0.119
19.86	-7.467	-7.372	0.118
19.87	-7.464	-12.081	0.115
19.88	-7.463	-15.677	0.090
19.89	-7.464	-18.264	0.058
19.9	-7.464	-20.028	0.031
19.91	-7.464	-21.002	0.001
19.92	-7.463	-21.133	-0.031
19.93	-7.462	-20.475	-0.052
19.94	-7.463	-19.256	-0.057
19.95	-7.464	-17.803	-0.063
19.96	-7.466	-16.475	-0.068
19.97	-7.467	-15.495	-0.063
19.98	-7.468	-14.795	-0.058
19.99	-7.471	-14.088	-0.054
20.0	-7.474	-13.038	-0.057
20.01	-7.479	-11.502	-0.057
20.02	-7.484	-9.588	-0.052
20.03	-7.488	-7.563	-0.053
20.04	-7.494	-5.706	-0.049
20.05	-7.499	-4.225	-0.040
20.06	-7.506	-3.233	-0.037
20.07	-7.513	-2.647	-0.043
20.08	-7.523	-2.405	-0.049
20.09	-7.532	-2.570	-0.047
20.1	-7.541	-3.077	-0.041
20.11	-7.551	-3.758	-0.042
20.12	-7.562	-4.530	-0.048
20.13	-7.573	-5.422	-0.053
20.14	-7.584	-6.484	-0.052
20.15	-7.597	-7.694	-0.042
20.16	-7.610	-8.941	-0.040
20.17	-7.623	-10.102	-0.044
20.18	-7.636	-11.098	-0.044
20.19	-7.650	-11.914	-0.046
20.2	-7.663	-12.559	-0.056
20.21	-7.677	-13.020	-0.061
20.22	-7.691	-13.269	-0.049
20.23	-7.705	-13.305	-0.041
20.24	-7.720	-13.200	-0.046
20.25	-7.735	-12.980	-0.054
20.26	-7.750	-12.561	-0.054
20.27	-7.764	-12.020	-0.051
20.28	-7.777	-11.556	-0.057
20.29	-7.790	-11.203	-0.064
20.3	-7.803	-10.819	-0.060
20.31	-7.815	-10.338	-0.064
20.32	-7.828	-9.913	-0.070
20.33	-7.841	-9.683	-0.064
20.34	-7.855	-9.605	-0.055
20.35	-7.868	-9.480	-0.046
20.36	-7.880	-9.150	-0.038
20.37	-7.893	-8.695	-0.022
20.38	-7.905	-8.342	-0.000
20.39	-7.918	-8.184	0.011
20.4	-7.931	-8.120	0.010
20.41	-7.944	-8.045	-0.000
20.42	-7.956	-8.011	-0.025
20.43	-7.967	-8.094	-0.055
20.44	-7.978	-8.214	-0.064
20.45	-7.991	-8.144	-0.065
20.46	-8.006	-7.866	-0.069
20.47	-8.019	-7.755	-0.063
20.48	-8.030	-8.152	-0.055
20.49	-8.042	-8.886	0.048
20.5	-8.055	-9.445	0.278
20.51	-8.068	-9.567	0.426
20.52	-8.079	-9.553	0.333
20.53	-8.090	-9.814	0.041
20.54	-8.098	-10.292	-0.156
20.55	-8.104	-10.644	-0.142
20.56	-8.109	-10.723	-0.101
20.57	-8.116	-10.683	-0.091
20.58	-8.124	-10.802	-0.090
20.59	-8.132	-11.063	-0.082
20.6	-8.140	-10.759	-0.067
20.61	-8.149	-8.522	-0.056
20.62	-8.157	-3.008	-0.054
20.63	-8.164	5.709	-0.050
20.64	-8.172	15.802	-0.031
20.65	-8.180	24.745	-0.014
20.66	-8.191	30.389	-0.007
20.67	-8.202	31.723	0.005
20.68	-8.214	29.205	0.032
20.69	-8.228	24.153	0.062
20.7	-8.241	17.700	0.077
20.71	-8.254	10.433	0.089
20.72	-8.269	2.877	0.102
20.73	-8.282	-4.144	0.110
20.74	-8.294	-9.909	0.115
20.75	-8.308	-14.261	0.104
20.76	-8.324	-17.505	0.080
20.77	-8.341	-19.931	0.050
20.78	-8.357	-21.559	0.015
20.79	-8.373	-22.252	-0.010
20.8	-8.386	-21.927	-0.029
20.81	-8.400	-20.731	-0.048
20.82	-8.414	-19.102	-0.059
20.83	-8.428	-17.547	-0.071
20.84	-8.442	-16.408	-0.077
20.85	-8.455	-15.725	-0.074
20.86	-8.468	-15.272	-0.068
20.87	-8.481	-14.703	-0.060
20.88	-8.494	-13.672	-0.051
20.89	-8.509	-12.019	-0.044
20.9	-8.523	-9.880	-0.047
20.91	-8.537	-7.572	-0.055
20.92	-8.551	-5.436	-0.059
20.93	-8.563	-3.748	-0.047
20.94	-8.575	-2.675	-0.042
20.95	-8.588	-2.203	-0.053
20.96	-8.601	-2.130	-0.052
20.97	-8.615	-2.358	-0.047
20.98	-8.628	-2.966	-0.048
20.99	-8.641	-3.964	-0.050
21.0	-8.652	-5.272	-0.053
21.01	-8.663	-6.761	-0.054
21.02	-8.674	-8.302	-0.063
21.03	-8.685	-9.817	-0.070
21.04	-8.696	-11.200	-0.066
21.05	-8.706	-12.317	-0.056
21.06	-8.714	-13.147	-0.048
21.07	-8.720	-13.706	-0.053
21.08	-8.726	-13.970	-0.064
21.09	-8.732	-14.006	-0.062
21.1	-8.740	-13.956	-0.054
21.11	-8.748	-13.895	-0.051
21.12	-8.754	-13.792	-0.048
21.13	-8.761	-13.659	-0.046
21.14	-8.768	-13.594	-0.046
21.15	-8.774	-13.575	-0.048
21.16	-8.779	-13.397	-0.038
21.17	-8.785	-12.967	-0.030
21.18	-8.790	-12.373	-0.025
21.19	-8.796	-11.720	-0.012
21.2	-8.801	-11.120	0.004
21.21	-8.806	-10.633	0.024
21.22	-8.809	-10.225	0.029
21.23	-8.812	-9.856	0.009
21.24	-8.814	-9.472	-0.021
21.25	-8.816	-8.994	-0.046
21.26	-8.819	-8.436	-0.051
21.27	-8.827	-7.892	-0.051
21.28	-8.836	-7.511	-0.060
21.29	-8.844	-7.395	-0.066
21.3	-8.849	-7.441	-0.033
21.31	-8.856	-7.511	0.122
21.32	-8.862	-7.655	0.349
21.33	-8.869	-7.877	0.451
21.34	-8.874	-8.077	0.297
21.35	-8.876	-8.244	-0.013
21.36	-8.873	-8.439	-0.160
21.37	-8.867	-8.719	-0.134
21.38	-8.866	-9.059	-0.106
21.39	-8.869	-9.395	-0.091
21.4	-8.872	-9.669	-0.075
21.41	-8.875	-9.716	-0.063
21.42	-8.877	-9.030	-0.057
21.43	-8.879	-6.447	-0.053
21.44	-8.879	-0.736	-0.051
21.45	-8.879	7.925	-0.045
21.46	-8.878	17.617	-0.029
21.47	-8.878	25.822	-0.016
21.48	-8.881	30.577	-0.015
21.49	-8.887	31.183	0.005
21.5	-8.893	28.205	0.040
21.51	-8.900	22.767	0.060
21.52	-8.906	15.969	0.071
21.53	-8.913	8.752	0.081
21.54	-8.919	1.841	0.096
21.55	-8.926	-4.317	0.107
21.56	-8.931	-9.542	0.099
21.57	-8.938	-13.811	0.072
21.58	-8.946	-17.102	0.039
21.59	-8.954	-19.383	0.005
21.6	-8.962	-20.716	-0.027
21.61	-8.968	-21.177	-0.045
21.62	-8.973	-20.745	-0.060
21.63	-8.978	-19.523	-0.081
21.64	-8.981	-17.973	-0.088
21.65	-8.985	-16.645	-0.086
21.66	-8.989	-15.855	-0.090
21.67	-8.995	-15.558	-0.092
21.68	-9.000	-15.342	-0.093
21.69	-9.006	-14.709	-0.093
21.7	-9.013	-13.366	-0.090
21.71	-9.018	-11.331	-0.078
21.72	-9.023	-8.906	-0.063
21.73	-9.028	-6.513	-0.063
21.74	-9.034	-4.483	-0.071
21.75	-9.042	-2.978	-0.072
21.76	-9.049	-2.083	-0.075
21.77	-9.057	-1.791	-0.076
21.78	-9.064	-1.980	-0.074
21.79	-9.069	-2.505	-0.067
21.8	-9.074	-3.313	-0.068
21.81	-9.079	-4.417	-0.080
21.82	-9.082	-5.770	-0.075
21.83	-9.086	-7.245	-0.066
21.84	-9.090	-8.742	-0.070
21.85	-9.093	-10.169	-0.074
21.86	-9.097	-11.445	-0.070
21.87	-9.101	-12.505	-0.061
21.88	-9.104	-13.245	-0.054
21.89	-9.105	-13.645	-0.053
21.9	-9.104	-13.866	-0.050
21.91	-9.104	-14.067	-0.049
21.92	-9.106	-14.219	-0.054
21.93	-9.109	-14.203	-0.064
21.94	-9.113	-13.956	-0.063
21.95	-9.116	-13.486	-0.050
21.96	-9.118	-12.930	-0.041
21.97	-9.119	-12.436	-0.030
21.98	-9.119	-12.019	-0.020
21.99	-9.120	-11.608	-0.024
22.0	-9.119	-11.144	-0.022
22.01	-9.117	-10.669	-0.004
22.02	-9.114	-10.272	0.000
22.03	-9.113	-9.947	-0.029
22.04	-9.111	-9.613	-0.063
22.05	-9.109	-9.248	-0.077
22.06	-9.112	-8.934	-0.079
22.07	-9.115	-8.661	-0.076
22.08	-9.115	-8.334	-0.081
22.09	-9.114	-7.923	-0.068
22.1	-9.117	-7.508	0.076
22.11	-9.118	-7.156	0.306
22.12	-9.118	-6.850	0.426
22.13	-9.119	-6.647	0.307
22.14	-9.116	-6.680	0.016
22.15	-9.103	-6.966	-0.145
22.16	-9.082	-7.459	-0.132
22.17	-9.064	-8.084	-0.109
22.18	-9.055	-8.789	-0.100
22.19	-9.049	-9.417	-0.091
22.2	-9.044	-9.620	-0.071
22.21	-9.039	-8.861	-0.055
22.22	-9.036	-6.131	-0.051
22.23	-9.029	-0.402	-0.044
22.24	-9.021	8.031	-0.038
22.25	-9.011	17.291	-0.029
22.26	-9.002	25.131	-0.021
22.27	-8.996	29.941	-0.015
22.28	-8.994	30.955	0.005
22.29	-8.992	28.313	0.032
22.3	-8.994	22.966	0.050
22.31	-8.998	16.175	0.071
22.32	-9.003	8.944	0.093
22.33	-9.008	1.845	0.099
22.34	-9.011	-4.728	0.096
22.35	-9.012	-10.384	0.087
22.36	-9.014	-14.853	0.072
22.37	-9.018	-18.064	0.051
22.38	-9.027	-20.109	0.024
22.39	-9.034	-21.139	-0.002
22.4	-9.037	-21.269	-0.027
22.41	-9.037	-20.614	-0.051
22.42	-9.037	-19.383	-0.067
22.43	-9.038	-17.942	-0.068
22.44	-9.037	-16.730	-0.066
22.45	-9.034	-16.022	-0.074
22.46	-9.033	-15.700	-0.077
22.47	-9.031	-15.347	-0.069
22.48	-9.028	-14.577	-0.060
22.49	-9.026	-13.189	-0.052
22.5	-9.026	-11.248	-0.054
22.51	-9.026	-9.030	-0.061
22.52	-9.028	-6.906	-0.047
22.53	-9.029	-5.142	-0.036
22.54	-9.029	-3.759	-0.048
22.55	-9.028	-2.714	-0.051
22.56	-9.027	-2.045	-0.039
22.57	-9.026	-1.842	-0.038
22.58	-9.022	-2.155	-0.039
22.59	-9.017	-2.939	-0.035
22.6	-9.011	-4.142	-0.040
22.61	-9.001	-5.667	-0.049
22.62	-8.991	-7.361	-0.061
22.63	-8.978	-9.072	-0.062
22.64	-8.964	-10.658	-0.047
22.65	-8.950	-12.006	-0.041
22.66	-8.936	-13.053	-0.048
22.67	-8.921	-13.816	-0.055
22.68	-8.902	-14.381	-0.055
22.69	-8.883	-14.778	-0.048
22.7	-8.861	-14.964	-0.047
22.71	-8.839	-14.902	-0.048
22.72	-8.815	-14.611	-0.049
22.73	-8.789	-14.150	-0.052
22.74	-8.763	-13.586	-0.046
22.75	-8.736	-12.998	-0.035
22.76	-8.711	-12.489	-0.031
22.77	-8.686	-12.108	-0.022
22.78	-8.663	-11.813	-0.009
22.79	-8.640	-11.541	0.001
22.8	-8.617	-11.269	0.014
22.81	-8.594	-10.980	0.014
22.82	-8.572	-10.667	-0.005
22.83	-8.551	-10.311	-0.035
22.84	-8.531	-9.881	-0.057
22.85	-8.513	-9.400	-0.055
22.86	-8.499	-8.927	-0.053
22.87	-8.483	-8.528	-0.064
22.88	-8.464	-8.277	-0.073
22.89	-8.446	-8.164	-0.030
22.9	-8.429	-8.134	0.148
22.91	-8.411	-8.172	0.354
22.92	-8.389	-8.275	0.406
22.93	-8.367	-8.445	0.229
22.94	-8.344	-8.675	-0.031
22.95	-8.314	-9.000	-0.127
22.96	-8.279	-9.467	-0.108
22.97	-8.246	-10.014	-0.092
22.98	-8.216	-10.489	-0.086
22.99	-8.189	-10.717	-0.089
23.0	-8.164	-10.495	-0.086
23.01	-8.139	-9.200	-0.077
23.02	-8.116	-5.466	-0.070
23.03	-8.094	1.634	-0.061
23.04	-8.072	11.127	-0.050
23.05	-8.051	20.623	-0.040
23.06	-8.031	27.738	-0.025
23.07	-8.012	31.005	-0.010
23.08	-7.995	30.211	-0.003
23.09	-7.978	26.116	0.001
23.1	-7.963	19.905	0.025
23.11	-7.949	12.714	0.061
23.12	-7.937	5.341	0.078
23.13	-7.924	-1.711	0.074
23.14	-7.910	-7.997	0.067
23.15	-7.897	-13.153	0.064
23.16	-7.886	-17.027	0.049
23.17	-7.877	-19.738	0.021
23.18	-7.868	-21.430	-0.007
23.19	-7.859	-22.147	-0.030
23.2	-7.848	-22.034	-0.049
23.21	-7.836	-21.292	-0.062
23.22	-7.825	-20.100	-0.067
23.23	-7.815	-18.739	-0.070
23.24	-7.804	-17.598	-0.075
23.25	-7.793	-16.930	-0.087
23.26	-7.781	-16.602	-0.091
23.27	-7.770	-16.163	-0.073
23.28	-7.759	-15.209	-0.059
23.29	-7.750	-13.653	-0.053
23.3	-7.741	-11.653	-0.049
23.31	-7.732	-9.483	-0.048
23.32	-7.724	-7.417	-0.047
23.33	-7.716	-5.650	-0.049
23.34	-7.708	-4.267	-0.052
23.35	-7.699	-3.311	-0.057
23.36	-7.691	-2.875	-0.070
23.37	-7.683	-2.989	-0.071
23.38	-7.675	-3.573	-0.055
23.39	-7.666	-4.495	-0.044
23.4	-7.657	-5.667	-0.047
23.41	-7.649	-7.070	-0.060
23.42	-7.641	-8.648	-0.064
23.43	-7.629	-10.247	-0.057
23.44	-7.617	-11.688	-0.054
23.45	-7.606	-12.869	-0.057
23.46	-7.594	-13.773	-0.052
23.47	-7.584	-14.453	-0.046
23.48	-7.574	-14.944	-0.054
23.49	-7.564	-15.234	-0.063
23.5	-7.554	-15.333	-0.060
23.51	-7.544	-15.295	-0.056
23.52	-7.533	-15.139	-0.052
23.53	-7.524	-14.855	-0.051
23.54	-7.514	-14.431	-0.054
23.55	-7.506	-13.881	-0.052
23.56	-7.498	-13.284	-0.052
23.57	-7.489	-12.744	-0.052
23.58	-7.481	-12.300	-0.050
23.59	-7.472	-11.981	-0.048
23.6	-7.463	-11.784	-0.047
23.61	-7.455	-11.611	-0.043
23.62	-7.447	-11.344	-0.023
23.63	-7.438	-10.961	0.003
23.64	-7.427	-10.547	0.016
23.65	-7.418	-10.192	0.021
23.66	-7.408	-9.927	0.016
23.67	-7.401	-9.727	-0.009
23.68	-7.394	-9.519	-0.045
23.69	-7.389	-9.278	-0.056
23.7	-7.386	-9.067	-0.052
23.71	-7.386	-8.936	-0.064
23.72	-7.384	-8.891	-0.074
23.73	-7.381	-8.953	-0.069
23.74	-7.378	-9.098	0.023
23.75	-7.379	-9.294	0.235
23.76	-7.381	-9.522	0.397
23.77	-7.381	-9.756	0.342
23.78	-7.378	-10.016	0.078
23.79	-7.373	-10.313	-0.130
23.8	-7.363	-10.638	-0.140
23.81	-7.353	-11.005	-0.108
23.82	-7.344	-11.342	-0.096
23.83	-7.337	-11.525	-0.082
23.84	-7.331	-11.447	-0.069
23.85	-7.326	-10.791	-0.062
23.86	-7.321	-8.527	-0.056
23.87	-7.316	-3.166	-0.052
23.88	-7.310	5.633	-0.051
23.89	-7.304	16.113	-0.038
23.9	-7.299	25.488	-0.026
23.91	-7.296	31.483	-0.024
23.92	-7.294	33.120	-0.002
23.93	-7.293	30.730	0.029
23.94	-7.291	25.445	0.047
23.95	-7.289	18.517	0.071
23.96	-7.288	10.916	0.097
23.97	-7.285	3.355	0.110
23.98	-7.283	-3.623	0.103
23.99	-7.281	-9.663	0.084
24.0	-7.281	-14.583	0.074
24.01	-7.284	-18.295	0.061
24.02	-7.287	-20.817	0.040
24.03	-7.288	-22.248	0.015
24.04	-7.289	-22.711	-0.018
24.05	-7.290	-22.314	-0.042
24.06	-7.290	-21.303	-0.057
24.07	-7.291	-20.086	-0.067
24.08	-7.291	-19.073	-0.075
24.09	-7.291	-18.456	-0.076
24.1	-7.292	-18.123	-0.066
24.11	-7.292	-17.767	-0.065
24.12	-7.293	-16.972	-0.067
24.13	-7.293	-15.383	-0.058
24.14	-7.294	-13.048	-0.057
24.15	-7.296	-10.383	-0.065
24.16	-7.298	-7.820	-0.065
24.17	-7.299	-5.648	-0.053
24.18	-7.302	-4.016	-0.048
24.19	-7.304	-2.998	-0.059
24.2	-7.306	-2.620	-0.063
24.21	-7.309	-2.788	-0.051
24.22	-7.312	-3.334	-0.048
24.23	-7.314	-4.170	-0.050
24.24	-7.316	-5.273	-0.050
24.25	-7.318	-6.591	-0.047
24.26	-7.320	-8.036	-0.048
24.27	-7.323	-9.566	-0.054
24.28	-7.326	-11.116	-0.059
24.29	-7.329	-12.509	-0.062
24.3	-7.331	-13.611	-0.065
24.31	-7.334	-14.431	-0.060
24.32	-7.336	-15.008	-0.050
24.33	-7.338	-15.323	-0.049
24.34	-7.340	-15.327	-0.051
24.35	-7.343	-15.089	-0.053
24.36	-7.346	-14.823	-0.055
24.37	-7.348	-14.656	-0.057
24.38	-7.351	-14.519	-0.056
24.39	-7.353	-14.294	-0.048
24.4	-7.355	-13.997	-0.048
24.41	-7.357	-13.719	-0.053
24.42	-7.359	-13.414	-0.045
24.43	-7.361	-12.941	-0.036
24.44	-7.364	-12.311	-0.032
24.45	-7.366	-11.709	-0.032
24.46	-7.369	-11.213	-0.029
24.47	-7.371	-10.742	-0.012
24.48	-7.374	-10.234	0.009
24.49	-7.377	-9.727	0.023
24.5	-7.379	-9.314	0.031
24.51	-7.382	-9.078	0.028
24.52	-7.384	-8.969	0.001
24.53	-7.386	-8.875	-0.030
24.54	-7.389	-8.747	-0.046
24.55	-7.393	-8.594	-0.056
24.56	-7.399	-8.430	-0.057
24.57	-7.404	-8.300	-0.054
24.58	-7.406	-8.298	-0.060
24.59	-7.406	-8.475	-0.026
24.6	-7.411	-8.773	0.144
24.61	-7.421	-9.131	0.356
24.62	-7.433	-9.513	0.408
24.63	-7.447	-9.941	0.212
24.64	-7.458	-10.381	-0.074
24.65	-7.459	-10.697	-0.168
24.66	-7.454	-10.867	-0.121
24.67	-7.448	-10.973	-0.085
24.68	-7.446	-11.061	-0.069
24.69	-7.445	-11.088	-0.069
24.7	-7.444	-10.842	-0.066
24.71	-7.443	-9.666	-0.060
24.72	-7.442	-6.197	-0.058
24.73	-7.440	0.703	-0.052
24.74	-7.439	10.516	-0.043
24.75	-7.441	20.933	-0.036
24.76	-7.443	29.158	-0.025
24.77	-7.447	33.288	-0.006
24.78	-7.453	32.939	0.012
24.79	-7.458	29.041	0.030
24.8	-7.462	22.895	0.048
24.81	-7.466	15.523	0.068
24.82	-7.468	7.791	0.092
24.83	-7.469	0.484	0.105
24.84	-7.471	-5.884	0.095
24.85	-7.474	-11.194	0.080
24.86	-7.479	-15.506	0.065
24.87	-7.486	-18.806	0.050
24.88	-7.491	-21.000	0.026
24.89	-7.495	-22.178	-0.010
24.9	-7.496	-22.673	-0.043
24.91	-7.496	-22.550	-0.063
24.92	-7.496	-21.678	-0.078
24.93	-7.496	-20.295	-0.085
24.94	-7.497	-18.930	-0.091
24.95	-7.498	-17.981	-0.095
24.96	-7.501	-17.269	-0.089
24.97	-7.503	-16.333	-0.085
24.98	-7.506	-14.891	-0.080
24.99	-7.509	-12.798	-0.073
25.0	-7.511	-10.164	-0.071
25.01	-7.514	-7.397	-0.067
25.02	-7.516	-4.939	-0.065
25.03	-7.518	-3.025	-0.066
25.04	-7.521	-1.686	-0.066
25.05	-7.523	-0.992	-0.069
25.06	-7.526	-0.870	-0.069
25.07	-7.527	-0.934	-0.067
25.08	-7.529	-1.205	-0.069
25.09	-7.531	-2.034	-0.068
25.1	-7.533	-3.442	-0.064
25.11	-7.535	-5.233	-0.061
25.12	-7.536	-7.141	-0.059
25.13	-7.538	-9.009	-0.059
25.14	-7.540	-10.828	-0.057
25.15	-7.543	-12.419	-0.051
25.16	-7.546	-13.561	-0.051
25.17	-7.548	-14.272	-0.054
25.18	-7.550	-14.739	-0.053
25.19	-7.553	-15.084	-0.050
25.2	-7.556	-15.230	-0.050
25.21	-7.558	-15.105	-0.049
25.22	-7.561	-14.842	-0.039
25.23	-7.563	-14.600	-0.035
25.24	-7.564	-14.352	-0.044
25.25	-7.566	-14.016	-0.049
25.26	-7.567	-13.588	-0.049
25.27	-7.569	-13.150	-0.048
25.28	-7.572	-12.781	-0.037
25.29	-7.574	-12.453	-0.024
25.3	-7.576	-12.102	-0.007
25.31	-7.580	-11.700	0.014
25.32	-7.584	-11.263	0.029
25.33	-7.588	-10.798	0.039
25.34	-7.591	-10.386	0.033
25.35	-7.592	-10.130	0.012
25.36	-7.593	-9.869	-0.013
25.37	-7.592	-9.311	-0.036
25.38	-7.593	-8.591	-0.045
25.39	-7.597	-8.183	-0.051
25.4	-7.601	-8.153	-0.059
25.41	-7.602	-8.152	-0.063
25.42	-7.601	-8.028	-0.045
25.43	-7.602	-7.994	0.095
25.44	-7.607	-8.289	0.320
25.45	-7.616	-8.878	0.424
25.46	-7.628	-9.477	0.283
25.47	-7.639	-9.856	-0.016
25.48	-7.643	-9.958	-0.166
25.49	-7.638	-9.923	-0.121
25.5	-7.631	-10.031	-0.082
25.51	-7.626	-10.370	-0.075
25.52	-7.623	-10.723	-0.071
25.53	-7.619	-10.717	-0.062
25.54	-7.617	-9.873	-0.056
25.55	-7.614	-7.127	-0.051
25.56	-7.611	-1.122	-0.034
25.57	-7.607	8.142	-0.017
25.58	-7.606	18.703	-0.008
25.59	-7.605	27.750	0.001
25.6	-7.606	33.036	0.015
25.61	-7.609	33.839	0.030
25.62	-7.611	30.823	0.043
25.63	-7.612	25.181	0.060
25.64	-7.615	18.061	0.089
25.65	-7.617	10.411	0.114
25.66	-7.619	2.967	0.123
25.67	-7.621	-3.794	0.126
25.68	-7.623	-9.677	0.121
25.69	-7.626	-14.567	0.101
25.7	-7.631	-18.314	0.079
25.71	-7.637	-20.870	0.048
25.72	-7.641	-22.325	0.014
25.73	-7.643	-22.763	-0.011
25.74	-7.644	-22.261	-0.031
25.75	-7.644	-21.058	-0.049
25.76	-7.647	-19.639	-0.065
25.77	-7.649	-18.483	-0.073
25.78	-7.651	-17.713	-0.073
25.79	-7.652	-17.177	-0.071
25.8	-7.655	-16.569	-0.069
25.81	-7.657	-15.481	-0.070
25.82	-7.660	-13.650	-0.070
25.83	-7.664	-11.159	-0.065
25.84	-7.667	-8.325	-0.058
25.85	-7.671	-5.542	-0.052
25.86	-7.673	-3.191	-0.047
25.87	-7.676	-1.495	-0.044
25.88	-7.678	-0.508	-0.043
25.89	-7.681	-0.142	-0.048
25.9	-7.684	-0.266	-0.052
25.91	-7.688	-0.802	-0.056
25.92	-7.690	-1.689	-0.057
25.93	-7.692	-2.870	-0.052
25.94	-7.694	-4.342	-0.052
25.95	-7.696	-6.073	-0.055
25.96	-7.697	-7.927	-0.054
25.97	-7.696	-9.684	-0.051
25.98	-7.696	-11.181	-0.051
25.99	-7.697	-12.395	-0.055
26.0	-7.697	-13.375	-0.054
26.01	-7.699	-14.138	-0.053
26.02	-7.701	-14.673	-0.054
26.03	-7.703	-14.984	-0.051
26.04	-7.705	-15.103	-0.048
26.05	-7.706	-15.102	-0.048
26.06	-7.707	-15.014	-0.051
26.07	-7.707	-14.813	-0.046
26.08	-7.707	-14.500	-0.039
26.09	-7.708	-14.128	-0.036
26.1	-7.708	-13.730	-0.029
26.11	-7.710	-13.286	-0.013
26.12	-7.713	-12.811	0.008
26.13	-7.716	-12.334	0.026
26.14	-7.718	-11.844	0.028
26.15	-7.718	-11.348	0.016
26.16	-7.718	-10.872	-0.009
26.17	-7.717	-10.378	-0.038
26.18	-7.718	-9.784	-0.056
26.19	-7.721	-9.098	-0.060
26.2	-7.726	-8.509	-0.062
26.21	-7.727	-8.217	-0.065
26.22	-7.724	-8.225	-0.057
26.23	-7.724	-8.353	0.051
26.24	-7.728	-8.480	0.274
26.25	-7.736	-8.641	0.416
26.26	-7.748	-8.842	0.323
26.27	-7.759	-9.030	0.037
26.28	-7.766	-9.125	-0.159
26.29	-7.764	-9.184	-0.142
26.3	-7.757	-9.383	-0.091
26.31	-7.751	-9.733	-0.076
26.32	-7.747	-10.117	-0.077
26.33	-7.744	-10.347	-0.073
26.34	-7.742	-9.955	-0.063
26.35	-7.740	-7.769	-0.056
26.36	-7.738	-2.266	-0.044
26.37	-7.736	6.839	-0.031
26.38	-7.733	17.706	-0.020
26.39	-7.731	27.272	-0.013
26.4	-7.731	33.042	-0.005
26.41	-7.731	34.242	0.015
26.42	-7.733	31.555	0.039
26.43	-7.736	26.142	0.061
26.44	-7.739	19.070	0.087
26.45	-7.741	11.258	0.106
26.46	-7.743	3.434	0.113
26.47	-7.744	-3.834	0.118
26.48	-7.743	-10.117	0.115
26.49	-7.744	-15.095	0.099
26.5	-7.746	-18.695	0.082
26.51	-7.749	-21.127	0.052
26.52	-7.750	-22.527	0.006
26.53	-7.750	-22.820	-0.027
26.54	-7.749	-22.098	-0.043
26.55	-7.749	-20.719	-0.063
26.56	-7.751	-18.948	-0.082
26.57	-7.753	-17.119	-0.088
26.58	-7.754	-15.634	-0.094
26.59	-7.757	-14.519	-0.100
26.6	-7.761	-13.548	-0.092
26.61	-7.764	-12.172	-0.088
26.62	-7.769	-9.895	-0.089
26.63	-7.774	-7.000	-0.088
26.64	-7.779	-4.063	-0.091
26.65	-7.785	-1.478	-0.093
26.66	-7.790	0.558	-0.091
26.67	-7.795	1.831	-0.088
26.68	-7.800	2.069	-0.091
26.69	-7.805	1.439	-0.097
26.7	-7.811	0.470	-0.098
26.71	-7.816	-0.602	-0.098
26.72	-7.821	-1.897	-0.103
26.73	-7.826	-3.513	-0.110
26.74	-7.830	-5.192	-0.109
26.75	-7.834	-6.677	-0.099
26.76	-7.836	-8.064	-0.090
26.77	-7.838	-9.530	-0.090
26.78	-7.838	-11.003	-0.098
26.79	-7.839	-12.302	-0.101
26.8	-7.839	-13.420	-0.095
26.81	-7.841	-14.458	-0.089
26.82	-7.843	-15.416	-0.086
26.83	-7.846	-16.139	-0.084
26.84	-7.849	-16.364	-0.081
