Interval=	0.01 s
ExcelDateTime=	3.9770407333108102e+004	18/11/2008 9:46:33.580539
TimeFormat=	StartOfBlock
ChannelTitle=	Channel 1	Channel 2	Channel 3
Range=	20.000 mV	50.000 mV	2.000 mV
0.0	-8.315	-16.416	0.026
0.01	-8.325	-19.225	0.140
0.02	-8.334	-20.975	0.229
0.03	-8.342	-21.620	0.228
0.04	-8.351	-21.294	0.203
0.05	-8.359	-20.164	0.177
0.06	-8.368	-18.463	0.162
0.07	-8.376	-16.628	0.157
0.08	-8.383	-15.141	0.155
0.09	-8.389	-14.175	0.152
0.1	-8.396	-13.500	0.150
0.11	-8.402	-12.647	0.152
0.12	-8.409	-11.288	0.154
0.13	-8.416	-9.388	0.151
0.14	-8.423	-7.122	0.144
0.15	-8.430	-4.788	0.137
0.16	-8.436	-2.689	0.131
0.17	-8.442	-1.078	0.128
0.18	-8.448	-0.128	0.124
0.19	-8.453	0.130	0.112
0.2	-8.456	-0.264	0.091
0.21	-8.461	-1.280	0.069
0.22	-8.466	-2.838	0.057
0.23	-8.472	-4.763	0.054
0.24	-8.476	-6.825	0.049
0.25	-8.481	-8.841	0.042
0.26	-8.486	-10.719	0.036
0.27	-8.491	-12.395	0.041
0.28	-8.496	-13.811	0.050
0.29	-8.501	-14.914	0.052
0.3	-8.506	-15.695	0.052
0.31	-8.509	-16.195	0.051
0.32	-8.512	-16.478	0.053
0.33	-8.516	-16.627	0.061
0.34	-8.518	-16.688	0.069
0.35	-8.519	-16.667	0.083
0.36	-8.519	-16.566	0.101
0.37	-8.521	-16.372	0.113
0.38	-8.521	-16.075	0.114
0.39	-8.521	-15.673	0.098
0.4	-8.521	-15.161	0.065
0.41	-8.520	-14.484	0.032
0.42	-8.519	-13.594	0.018
0.43	-8.519	-12.522	0.014
0.44	-8.521	-11.391	0.012
0.45	-8.521	-10.341	0.015
0.46	-8.516	-9.489	0.016
0.47	-8.512	-8.930	0.070
0.48	-8.511	-8.700	0.258
0.49	-8.510	-8.725	0.443
0.5	-8.508	-8.883	0.424
0.51	-8.507	-9.088	0.180
0.52	-8.504	-9.327	-0.068
0.53	-8.493	-9.639	-0.104
0.54	-8.473	-10.055	-0.048
0.55	-8.450	-10.519	-0.023
0.56	-8.429	-10.819	-0.018
0.57	-8.409	-10.777	-0.024
0.58	-8.387	-10.475	-0.023
0.59	-8.364	-9.655	-0.015
0.6	-8.342	-7.148	-0.007
0.61	-8.321	-1.709	-0.005
0.62	-8.303	6.545	-0.005
0.63	-8.285	15.800	0.002
0.64	-8.269	23.650	0.020
0.65	-8.254	28.375	0.036
0.66	-8.239	29.395	0.052
0.67	-8.225	27.027	0.070
0.68	-8.211	22.033	0.088
0.69	-8.199	15.370	0.111
0.7	-8.188	7.984	0.124
0.71	-8.177	0.695	0.123
0.72	-8.167	-5.889	0.121
0.73	-8.157	-11.439	0.116
0.74	-8.148	-15.838	0.106
0.75	-8.142	-19.075	0.070
0.76	-8.136	-21.161	0.022
0.77	-8.131	-22.114	-0.013
0.78	-8.123	-22.016	-0.033
0.79	-8.116	-21.058	-0.038
0.8	-8.110	-19.542	-0.047
0.81	-8.106	-17.845	-0.060
0.82	-8.100	-16.367	-0.067
0.83	-8.094	-15.338	-0.067
0.84	-8.089	-14.619	-0.067
0.85	-8.086	-13.769	-0.064
0.86	-8.084	-12.356	-0.056
0.87	-8.082	-10.236	-0.049
0.88	-8.080	-7.628	-0.041
0.89	-8.079	-4.966	-0.040
0.9	-8.079	-2.645	-0.046
0.91	-8.088	-0.903	-0.046
0.92	-8.114	0.152	-0.046
0.93	-8.164	0.494	-0.052
0.94	-8.231	0.147	-0.054
0.95	-8.297	-0.861	-0.052
0.96	-8.359	-2.384	-0.051
0.97	-8.419	-4.108	-0.052
0.98	-8.475	-5.730	-0.057
0.99	-8.524	-7.100	-0.067
1.0	-8.564	-8.192	-0.073
1.01	-8.596	-9.092	-0.074
1.02	-8.617	-10.064	-0.075
1.03	-8.632	-11.394	-0.077
1.04	-8.642	-13.191	-0.085
1.05	-8.648	-15.273	-0.091
1.06	-8.648	-17.172	-0.094
1.07	-8.645	-18.387	-0.104
1.08	-8.638	-18.666	-0.112
1.09	-8.624	-18.025	-0.115
1.1	-8.607	-16.689	-0.110
1.11	-8.585	-14.947	-0.104
1.12	-8.559	-13.066	-0.093
1.13	-8.531	-11.311	-0.067
1.14	-8.499	-9.923	-0.049
1.15	-8.466	-9.056	-0.036
1.16	-8.431	-8.736	-0.023
1.17	-8.396	-8.863	-0.029
1.18	-8.361	-9.256	-0.052
1.19	-8.327	-9.709	-0.083
1.2	-8.296	-10.031	-0.102
1.21	-8.266	-10.091	-0.108
1.22	-8.241	-9.855	-0.110
1.23	-8.217	-9.384	-0.108
1.24	-8.192	-8.806	-0.107
1.25	-8.168	-8.253	-0.076
1.26	-8.146	-7.794	0.089
1.27	-8.125	-7.427	0.320
1.28	-8.106	-7.113	0.400
1.29	-8.089	-6.864	0.235
1.3	-8.074	-6.784	-0.046
1.31	-8.056	-6.964	-0.161
1.32	-8.037	-7.431	-0.122
1.33	-8.020	-8.098	-0.100
1.34	-8.005	-8.797	-0.096
1.35	-7.989	-9.391	-0.088
1.36	-7.974	-9.667	-0.080
1.37	-7.958	-9.075	-0.070
1.38	-7.943	-6.534	-0.064
1.39	-7.929	-0.958	-0.060
1.4	-7.917	7.517	-0.054
1.41	-7.906	17.145	-0.050
1.42	-7.894	25.578	-0.049
1.43	-7.884	31.073	-0.039
1.44	-7.874	32.925	-0.018
1.45	-7.866	31.300	0.002
1.46	-7.859	26.903	0.018
1.47	-7.852	20.683	0.034
1.48	-7.845	13.611	0.057
1.49	-7.838	6.519	0.070
1.5	-7.831	-0.003	0.070
1.51	-7.823	-5.592	0.064
1.52	-7.816	-10.092	0.041
1.53	-7.814	-13.494	0.006
1.54	-7.814	-15.842	-0.021
1.55	-7.817	-17.213	-0.045
1.56	-7.819	-17.692	-0.072
1.57	-7.819	-17.422	-0.088
1.58	-7.819	-16.630	-0.097
1.59	-7.820	-15.639	-0.101
1.6	-7.821	-14.809	-0.102
1.61	-7.823	-14.328	-0.106
1.62	-7.826	-14.083	-0.108
1.63	-7.828	-13.720	-0.095
1.64	-7.829	-12.875	-0.074
1.65	-7.831	-11.461	-0.056
1.66	-7.833	-9.695	-0.029
1.67	-7.834	-7.889	-0.004
1.68	-7.834	-6.280	0.008
1.69	-7.834	-5.013	0.028
1.7	-7.836	-4.147	0.050
1.71	-7.838	-3.664	0.064
1.72	-7.839	-3.522	0.077
1.73	-7.840	-3.725	0.090
1.74	-7.841	-4.288	0.101
1.75	-7.841	-5.150	0.099
1.76	-7.839	-6.192	0.090
1.77	-7.835	-7.317	0.091
1.78	-7.831	-8.466	0.090
1.79	-7.827	-9.620	0.085
1.8	-7.824	-10.783	0.084
1.81	-7.821	-11.913	0.082
1.82	-7.820	-12.942	0.073
1.83	-7.821	-13.808	0.055
1.84	-7.822	-14.434	0.040
1.85	-7.821	-14.780	0.030
1.86	-7.820	-14.825	0.021
1.87	-7.819	-14.572	0.021
1.88	-7.817	-14.053	0.018
1.89	-7.816	-13.313	0.013
1.9	-7.815	-12.431	0.006
1.91	-7.813	-11.522	-0.010
1.92	-7.811	-10.703	-0.023
1.93	-7.809	-10.045	-0.029
1.94	-7.807	-9.561	-0.033
1.95	-7.806	-9.228	-0.042
1.96	-7.804	-9.016	-0.054
1.97	-7.802	-8.878	-0.064
1.98	-7.800	-8.744	-0.070
1.99	-7.797	-8.556	-0.076
2.0	-7.794	-8.328	-0.080
2.01	-7.793	-8.089	-0.069
2.02	-7.791	-7.834	-0.053
2.03	-7.790	-7.555	-0.040
2.04	-7.789	-7.273	-0.033
2.05	-7.787	-7.048	-0.049
2.06	-7.783	-6.933	-0.087
2.07	-7.779	-6.919	-0.117
2.08	-7.775	-6.975	-0.130
2.09	-7.772	-7.080	-0.143
2.1	-7.769	-7.205	-0.150
2.11	-7.764	-7.352	-0.149
2.12	-7.757	-7.595	-0.147
2.13	-7.753	-7.991	-0.095
2.14	-7.750	-8.509	0.101
2.15	-7.749	-9.077	0.297
2.16	-7.753	-9.575	0.277
2.17	-7.758	-9.952	0.023
2.18	-7.763	-10.252	-0.238
2.19	-7.764	-10.553	-0.284
2.2	-7.760	-10.883	-0.234
2.21	-7.759	-11.161	-0.221
2.22	-7.764	-11.277	-0.220
2.23	-7.773	-11.134	-0.221
2.24	-7.782	-10.508	-0.217
2.25	-7.793	-8.655	-0.210
2.26	-7.807	-4.236	-0.202
2.27	-7.823	3.547	-0.200
2.28	-7.843	13.605	-0.197
2.29	-7.862	23.372	-0.185
2.3	-7.883	30.453	-0.172
2.31	-7.904	33.719	-0.159
2.32	-7.926	33.223	-0.140
2.33	-7.945	29.673	-0.119
2.34	-7.963	24.033	-0.097
2.35	-7.979	17.264	-0.080
2.36	-7.994	10.195	-0.074
2.37	-8.008	3.486	-0.066
2.38	-8.020	-2.381	-0.061
2.39	-8.031	-7.177	-0.078
2.4	-8.043	-10.872	-0.104
2.41	-8.056	-13.506	-0.125
2.42	-8.068	-15.170	-0.140
2.43	-8.079	-15.994	-0.155
2.44	-8.088	-16.130	-0.179
2.45	-8.096	-15.766	-0.194
2.46	-8.106	-15.127	-0.194
2.47	-8.114	-14.492	-0.196
2.48	-8.123	-14.106	-0.198
2.49	-8.130	-13.988	-0.196
2.5	-8.137	-13.858	-0.195
2.51	-8.145	-13.338	-0.191
2.52	-8.152	-12.214	-0.173
2.53	-8.160	-10.548	-0.154
2.54	-8.167	-8.616	-0.148
2.55	-8.173	-6.717	-0.154
2.56	-8.179	-5.038	-0.157
2.57	-8.186	-3.675	-0.153
2.58	-8.194	-2.697	-0.151
2.59	-8.203	-2.152	-0.153
2.6	-8.212	-2.042	-0.156
2.61	-8.219	-2.333	-0.159
2.62	-8.226	-2.998	-0.160
2.63	-8.234	-3.980	-0.165
2.64	-8.242	-5.184	-0.167
2.65	-8.251	-6.530	-0.170
2.66	-8.258	-7.944	-0.173
2.67	-8.265	-9.358	-0.164
2.68	-8.273	-10.692	-0.160
2.69	-8.280	-11.877	-0.163
2.7	-8.287	-12.875	-0.158
2.71	-8.296	-13.672	-0.155
2.72	-8.303	-14.228	-0.155
2.73	-8.310	-14.509	-0.152
2.74	-8.316	-14.573	-0.150
2.75	-8.321	-14.509	-0.155
2.76	-8.327	-14.333	-0.155
2.77	-8.332	-14.025	-0.149
2.78	-8.338	-13.616	-0.153
2.79	-8.344	-13.208	-0.164
2.8	-8.350	-12.883	-0.169
2.81	-8.355	-12.639	-0.172
2.82	-8.360	-12.428	-0.173
2.83	-8.364	-12.191	-0.168
2.84	-8.370	-11.920	-0.168
2.85	-8.375	-11.653	-0.175
2.86	-8.380	-11.377	-0.170
2.87	-8.384	-11.081	-0.168
2.88	-8.389	-10.817	-0.171
2.89	-8.394	-10.644	-0.170
2.9	-8.398	-10.592	-0.167
2.91	-8.401	-10.663	-0.160
2.92	-8.405	-10.848	-0.146
2.93	-8.409	-11.125	-0.132
2.94	-8.412	-11.453	-0.123
2.95	-8.416	-11.778	-0.111
2.96	-8.419	-12.059	-0.100
2.97	-8.422	-12.311	-0.108
2.98	-8.425	-12.561	-0.126
2.99	-8.427	-12.798	-0.145
3.0	-8.429	-12.989	-0.163
3.01	-8.431	-13.111	-0.171
3.02	-8.434	-13.172	-0.170
3.03	-8.435	-13.189	-0.178
3.04	-8.431	-13.189	-0.183
3.05	-8.426	-13.203	-0.153
3.06	-8.422	-13.205	-0.012
3.07	-8.419	-13.105	0.205
3.08	-8.417	-12.808	0.297
3.09	-8.415	-12.333	0.145
3.1	-8.412	-11.809	-0.144
3.11	-8.401	-11.359	-0.289
3.12	-8.379	-11.067	-0.256
3.13	-8.354	-10.942	-0.224
3.14	-8.332	-10.950	-0.217
3.15	-8.313	-11.064	-0.211
3.16	-8.293	-11.200	-0.205
3.17	-8.271	-10.942	-0.200
3.18	-8.250	-9.177	-0.196
3.19	-8.230	-4.444	-0.187
3.2	-8.211	3.523	-0.180
3.21	-8.194	12.992	-0.172
3.22	-8.179	21.358	-0.153
3.23	-8.165	26.717	-0.139
3.24	-8.151	28.408	-0.125
3.25	-8.139	26.716	-0.101
3.26	-8.126	22.398	-0.074
3.27	-8.113	16.377	-0.056
3.28	-8.100	9.550	-0.035
3.29	-8.088	2.677	-0.017
3.3	-8.075	-3.666	-0.012
3.31	-8.063	-9.052	-0.012
3.32	-8.051	-13.213	-0.027
3.33	-8.041	-16.072	-0.052
3.34	-8.032	-17.717	-0.081
3.35	-8.022	-18.280	-0.114
3.36	-8.011	-17.897	-0.141
3.37	-7.999	-16.734	-0.161
3.38	-7.989	-15.028	-0.173
3.39	-7.980	-13.119	-0.181
3.4	-7.970	-11.391	-0.181
3.41	-7.959	-10.167	-0.173
3.42	-7.949	-9.559	-0.169
3.43	-7.939	-9.325	-0.177
3.44	-7.928	-9.019	-0.178
3.45	-7.918	-8.308	-0.163
3.46	-7.909	-7.150	-0.153
3.47	-7.901	-5.748	-0.147
3.48	-7.893	-4.362	-0.142
3.49	-7.884	-3.169	-0.140
3.5	-7.876	-2.263	-0.142
3.51	-7.868	-1.709	-0.146
3.52	-7.860	-1.603	-0.141
3.53	-7.852	-2.036	-0.141
3.54	-7.846	-2.959	-0.145
3.55	-7.839	-4.202	-0.138
3.56	-7.834	-5.605	-0.131
3.57	-7.828	-7.066	-0.126
3.58	-7.822	-8.550	-0.126
3.59	-7.817	-10.031	-0.127
3.6	-7.812	-11.439	-0.115
3.61	-7.807	-12.667	-0.108
3.62	-7.803	-13.642	-0.109
3.63	-7.798	-14.317	-0.113
3.64	-7.793	-14.670	-0.121
3.65	-7.788	-14.720	-0.125
3.66	-7.783	-14.564	-0.126
3.67	-7.778	-14.341	-0.128
3.68	-7.774	-14.133	-0.124
3.69	-7.769	-13.947	-0.124
3.7	-7.765	-13.763	-0.128
3.71	-7.760	-13.513	-0.131
3.72	-7.756	-13.120	-0.131
3.73	-7.753	-12.561	-0.128
3.74	-7.749	-11.891	-0.131
3.75	-7.746	-11.194	-0.134
3.76	-7.743	-10.553	-0.138
3.77	-7.739	-10.028	-0.146
3.78	-7.737	-9.666	-0.150
3.79	-7.735	-9.491	-0.150
3.8	-7.732	-9.467	-0.142
3.81	-7.729	-9.531	-0.128
3.82	-7.726	-9.623	-0.120
3.83	-7.722	-9.673	-0.105
3.84	-7.718	-9.670	-0.082
3.85	-7.716	-9.634	-0.064
3.86	-7.713	-9.588	-0.050
3.87	-7.711	-9.552	-0.031
3.88	-7.708	-9.559	-0.009
3.89	-7.704	-9.678	0.001
3.9	-7.702	-9.948	-0.005
3.91	-7.699	-10.300	-0.023
3.92	-7.697	-10.606	-0.054
3.93	-7.695	-10.794	-0.078
3.94	-7.695	-10.875	-0.086
3.95	-7.695	-10.880	-0.098
3.96	-7.692	-10.841	-0.105
3.97	-7.688	-10.830	-0.109
3.98	-7.684	-10.916	-0.057
3.99	-7.683	-11.102	0.135
4.0	-7.683	-11.306	0.326
4.01	-7.686	-11.444	0.321
4.02	-7.689	-11.520	0.084
4.03	-7.689	-11.616	-0.182
4.04	-7.686	-11.780	-0.237
4.05	-7.681	-11.941	-0.194
4.06	-7.680	-11.959	-0.183
4.07	-7.683	-11.808	-0.182
4.08	-7.686	-11.555	-0.179
4.09	-7.691	-11.141	-0.166
4.1	-7.695	-10.020	-0.163
4.11	-7.700	-6.961	-0.165
4.12	-7.706	-0.869	-0.156
4.13	-7.711	7.733	-0.147
4.14	-7.716	16.653	-0.143
4.15	-7.723	23.595	-0.133
4.16	-7.729	27.328	-0.115
4.17	-7.738	27.734	-0.095
4.18	-7.747	25.372	-0.075
4.19	-7.757	21.038	-0.055
4.2	-7.766	15.533	-0.031
4.21	-7.774	9.552	-0.014
4.22	-7.779	3.608	-0.012
4.23	-7.781	-1.903	-0.016
4.24	-7.779	-6.664	-0.027
4.25	-7.774	-10.481	-0.047
4.26	-7.771	-13.303	-0.066
4.27	-7.770	-15.128	-0.086
4.28	-7.770	-15.975	-0.117
4.29	-7.769	-15.923	-0.147
4.3	-7.764	-15.145	-0.168
4.31	-7.756	-13.917	-0.191
4.32	-7.748	-12.623	-0.206
4.33	-7.737	-11.608	-0.209
4.34	-7.728	-11.053	-0.203
4.35	-7.719	-10.909	-0.195
4.36	-7.714	-10.859	-0.190
4.37	-7.712	-10.538	-0.186
4.38	-7.712	-9.770	-0.191
4.39	-7.712	-8.603	-0.198
4.4	-7.711	-7.270	-0.196
4.41	-7.710	-6.022	-0.189
4.42	-7.708	-4.981	-0.183
4.43	-7.708	-4.214	-0.176
4.44	-7.706	-3.777	-0.168
4.45	-7.706	-3.666	-0.168
4.46	-7.706	-3.819	-0.178
4.47	-7.705	-4.127	-0.188
4.48	-7.705	-4.505	-0.194
4.49	-7.706	-4.970	-0.201
4.5	-7.706	-5.592	-0.200
4.51	-7.706	-6.422	-0.202
4.52	-7.707	-7.470	-0.204
4.53	-7.708	-8.725	-0.196
4.54	-7.710	-10.122	-0.196
4.55	-7.712	-11.505	-0.202
4.56	-7.716	-12.653	-0.204
4.57	-7.720	-13.409	-0.200
4.58	-7.726	-13.753	-0.196
4.59	-7.734	-13.775	-0.202
4.6	-7.743	-13.598	-0.203
4.61	-7.753	-13.325	-0.194
4.62	-7.766	-13.052	-0.195
4.63	-7.779	-12.827	-0.199
4.64	-7.792	-12.642	-0.194
4.65	-7.805	-12.472	-0.184
4.66	-7.818	-12.302	-0.185
4.67	-7.832	-12.106	-0.188
4.68	-7.847	-11.864	-0.185
4.69	-7.861	-11.570	-0.183
4.7	-7.877	-11.253	-0.182
4.71	-7.894	-10.955	-0.185
4.72	-7.911	-10.702	-0.182
4.73	-7.928	-10.509	-0.176
4.74	-7.944	-10.394	-0.174
4.75	-7.960	-10.350	-0.166
4.76	-7.975	-10.369	-0.153
4.77	-7.990	-10.458	-0.147
4.78	-8.006	-10.606	-0.140
4.79	-8.021	-10.777	-0.116
4.8	-8.036	-10.941	-0.086
4.81	-8.052	-11.086	-0.075
4.82	-8.067	-11.197	-0.087
4.83	-8.081	-11.256	-0.099
4.84	-8.094	-11.258	-0.118
4.85	-8.106	-11.209	-0.145
4.86	-8.118	-11.139	-0.165
4.87	-8.132	-11.097	-0.172
4.88	-8.145	-11.147	-0.168
4.89	-8.155	-11.338	-0.161
4.9	-8.164	-11.695	-0.150
4.91	-8.173	-12.181	-0.038
4.92	-8.182	-12.684	0.193
4.93	-8.192	-13.061	0.328
4.94	-8.203	-13.236	0.220
4.95	-8.214	-13.241	-0.072
4.96	-8.224	-13.167	-0.270
4.97	-8.233	-13.078	-0.254
4.98	-8.241	-12.955	-0.199
4.99	-8.250	-12.748	-0.179
5.0	-8.259	-12.469	-0.172
5.01	-8.266	-12.167	-0.159
5.02	-8.272	-11.772	-0.149
5.03	-8.277	-10.708	-0.147
5.04	-8.282	-7.706	-0.139
5.05	-8.288	-1.773	-0.132
5.06	-8.294	6.356	-0.122
5.07	-8.301	14.438	-0.109
5.08	-8.306	20.352	-0.095
5.09	-8.313	23.102	-0.079
5.1	-8.321	22.747	-0.064
5.11	-8.329	19.941	-0.044
5.12	-8.338	15.484	-0.023
5.13	-8.345	10.081	-0.007
5.14	-8.353	4.370	0.006
5.15	-8.361	-1.083	0.012
5.16	-8.369	-5.905	0.015
5.17	-8.377	-9.908	0.007
5.18	-8.384	-13.044	-0.018
5.19	-8.393	-15.369	-0.051
5.2	-8.401	-16.945	-0.089
5.21	-8.409	-17.780	-0.125
5.22	-8.415	-17.866	-0.151
5.23	-8.422	-17.250	-0.169
5.24	-8.429	-16.077	-0.177
5.25	-8.435	-14.625	-0.177
5.26	-8.441	-13.252	-0.177
5.27	-8.446	-12.236	-0.169
5.28	-8.452	-11.591	-0.160
5.29	-8.458	-11.045	-0.160
5.3	-8.464	-10.275	-0.160
5.31	-8.469	-9.145	-0.157
5.32	-8.474	-7.744	-0.146
5.33	-8.479	-6.289	-0.138
5.34	-8.483	-5.034	-0.134
5.35	-8.487	-4.152	-0.132
5.36	-8.491	-3.702	-0.136
5.37	-8.496	-3.681	-0.142
5.38	-8.499	-4.023	-0.147
5.39	-8.503	-4.627	-0.146
5.4	-8.508	-5.395	-0.144
5.41	-8.511	-6.284	-0.145
5.42	-8.514	-7.294	-0.150
5.43	-8.518	-8.441	-0.145
5.44	-8.521	-9.728	-0.135
5.45	-8.522	-11.131	-0.138
5.46	-8.521	-12.591	-0.144
5.47	-8.519	-13.983	-0.145
5.48	-8.519	-15.163	-0.144
5.49	-8.519	-16.020	-0.145
5.5	-8.519	-16.461	-0.145
5.51	-8.519	-16.473	-0.139
5.52	-8.519	-16.164	-0.133
5.53	-8.520	-15.659	-0.134
5.54	-8.521	-15.094	-0.133
5.55	-8.521	-14.592	-0.126
5.56	-8.521	-14.228	-0.125
5.57	-8.521	-14.020	-0.134
5.58	-8.520	-13.898	-0.134
5.59	-8.518	-13.770	-0.121
5.6	-8.516	-13.581	-0.115
5.61	-8.513	-13.283	-0.120
5.62	-8.510	-12.834	-0.117
5.63	-8.506	-12.247	-0.114
5.64	-8.501	-11.598	-0.116
5.65	-8.494	-10.995	-0.116
5.66	-8.484	-10.542	-0.115
5.67	-8.470	-10.278	-0.109
5.68	-8.454	-10.161	-0.093
5.69	-8.438	-10.166	-0.077
5.7	-8.420	-10.286	-0.065
5.71	-8.401	-10.513	-0.060
5.72	-8.382	-10.813	-0.064
5.73	-8.362	-11.114	-0.083
5.74	-8.343	-11.370	-0.114
5.75	-8.327	-11.569	-0.136
5.76	-8.314	-11.673	-0.143
5.77	-8.304	-11.673	-0.147
5.78	-8.293	-11.625	-0.154
5.79	-8.280	-11.634	-0.156
5.8	-8.268	-11.777	-0.102
5.81	-8.261	-12.011	0.085
5.82	-8.257	-12.234	0.277
5.83	-8.257	-12.392	0.293
5.84	-8.258	-12.522	0.084
5.85	-8.254	-12.700	-0.181
5.86	-8.244	-12.955	-0.242
5.87	-8.229	-13.216	-0.181
5.88	-8.216	-13.372	-0.149
5.89	-8.205	-13.391	-0.143
5.9	-8.195	-13.319	-0.144
5.91	-8.185	-13.120	-0.134
5.92	-8.174	-12.500	-0.125
5.93	-8.164	-10.647	-0.125
5.94	-8.154	-6.409	-0.122
5.95	-8.145	0.467	-0.112
5.96	-8.136	8.477	-0.102
5.97	-8.127	15.353	-0.090
5.98	-8.119	19.553	-0.077
5.99	-8.111	20.689	-0.061
6.0	-8.102	19.186	-0.041
6.01	-8.092	15.739	-0.022
6.02	-8.084	11.008	-0.008
6.03	-8.074	5.591	0.011
6.04	-8.065	0.064	0.029
6.05	-8.056	-5.059	0.030
6.06	-8.045	-9.442	0.026
6.07	-8.035	-12.936	0.010
6.08	-8.027	-15.527	-0.024
6.09	-8.020	-17.269	-0.059
6.1	-8.013	-18.206	-0.089
6.11	-8.005	-18.363	-0.110
6.12	-7.996	-17.806	-0.124
6.13	-7.989	-16.675	-0.136
6.14	-7.982	-15.195	-0.146
6.15	-7.976	-13.694	-0.146
6.16	-7.968	-12.503	-0.143
6.17	-7.961	-11.792	-0.144
6.18	-7.953	-11.453	-0.135
6.19	-7.946	-11.075	-0.119
6.2	-7.940	-10.194	-0.105
6.21	-7.933	-8.728	-0.100
6.22	-7.927	-6.945	-0.104
6.23	-7.921	-5.203	-0.097
6.24	-7.914	-3.780	-0.091
6.25	-7.908	-2.791	-0.092
6.26	-7.903	-2.275	-0.087
6.27	-7.898	-2.222	-0.085
6.28	-7.892	-2.550	-0.086
6.29	-7.886	-3.166	-0.088
6.3	-7.881	-3.983	-0.096
6.31	-7.876	-4.914	-0.095
6.32	-7.871	-5.909	-0.086
6.33	-7.864	-6.931	-0.089
6.34	-7.858	-7.956	-0.098
6.35	-7.851	-8.975	-0.098
6.36	-7.845	-9.956	-0.097
6.37	-7.839	-10.853	-0.102
6.38	-7.833	-11.617	-0.107
6.39	-7.827	-12.189	-0.113
6.4	-7.821	-12.533	-0.117
6.41	-7.814	-12.692	-0.117
6.42	-7.809	-12.750	-0.116
6.43	-7.803	-12.763	-0.107
6.44	-7.797	-12.739	-0.102
6.45	-7.792	-12.652	-0.109
6.46	-7.788	-12.483	-0.108
6.47	-7.784	-12.211	-0.104
6.48	-7.781	-11.822	-0.104
6.49	-7.776	-11.353	-0.102
6.5	-7.770	-10.866	-0.097
6.51	-7.765	-10.400	-0.093
6.52	-7.759	-9.961	-0.091
6.53	-7.753	-9.558	-0.096
6.54	-7.748	-9.219	-0.100
6.55	-7.742	-8.930	-0.096
6.56	-7.737	-8.688	-0.092
6.57	-7.732	-8.519	-0.085
6.58	-7.728	-8.442	-0.065
6.59	-7.723	-8.459	-0.041
6.6	-7.719	-8.559	-0.026
6.61	-7.715	-8.728	-0.028
6.62	-7.710	-8.941	-0.043
6.63	-7.705	-9.162	-0.060
6.64	-7.701	-9.339	-0.079
6.65	-7.697	-9.428	-0.099
6.66	-7.694	-9.423	-0.108
6.67	-7.692	-9.355	-0.111
6.68	-7.688	-9.266	-0.117
6.69	-7.682	-9.198	-0.124
6.7	-7.676	-9.192	-0.091
6.71	-7.670	-9.248	0.076
6.72	-7.667	-9.322	0.292
6.73	-7.666	-9.363	0.347
6.74	-7.664	-9.405	0.176
6.75	-7.661	-9.522	-0.097
6.76	-7.656	-9.736	-0.214
6.77	-7.651	-10.008	-0.170
6.78	-7.646	-10.234	-0.132
6.79	-7.642	-10.361	-0.129
6.8	-7.637	-10.403	-0.132
6.81	-7.631	-10.319	-0.121
6.82	-7.626	-9.822	-0.111
6.83	-7.622	-8.092	-0.105
6.84	-7.617	-3.947	-0.097
6.85	-7.612	2.869	-0.086
6.86	-7.609	10.798	-0.072
6.87	-7.605	17.581	-0.058
6.88	-7.601	21.723	-0.050
6.89	-7.599	22.853	-0.046
6.9	-7.596	21.358	-0.028
6.91	-7.594	17.919	-0.003
6.92	-7.593	13.267	0.015
6.93	-7.591	7.989	0.037
6.94	-7.588	2.619	0.053
6.95	-7.586	-2.278	0.058
6.96	-7.584	-6.464	0.059
6.97	-7.581	-9.980	0.039
6.98	-7.580	-12.711	0.004
6.99	-7.580	-14.516	-0.027
7.0	-7.580	-15.428	-0.053
7.01	-7.579	-15.594	-0.078
7.02	-7.578	-15.117	-0.109
7.03	-7.576	-14.050	-0.135
7.04	-7.574	-12.566	-0.142
7.05	-7.574	-11.050	-0.142
7.06	-7.573	-9.931	-0.141
7.07	-7.572	-9.416	-0.141
7.08	-7.572	-9.386	-0.142
7.09	-7.574	-9.497	-0.141
7.1	-7.577	-9.359	-0.136
7.11	-7.580	-8.775	-0.129
7.12	-7.582	-7.794	-0.127
7.13	-7.583	-6.625	-0.128
7.14	-7.584	-5.494	-0.124
7.15	-7.584	-4.544	-0.116
7.16	-7.583	-3.858	-0.112
7.17	-7.583	-3.470	-0.115
7.18	-7.584	-3.356	-0.116
7.19	-7.584	-3.480	-0.114
7.2	-7.585	-3.805	-0.115
7.21	-7.586	-4.283	-0.116
7.22	-7.587	-4.891	-0.113
7.23	-7.588	-5.647	-0.112
7.24	-7.589	-6.563	-0.112
7.25	-7.589	-7.588	-0.113
7.26	-7.591	-8.641	-0.112
7.27	-7.591	-9.636	-0.109
7.28	-7.591	-10.519	-0.112
7.29	-7.592	-11.242	-0.110
7.3	-7.593	-11.767	-0.105
7.31	-7.594	-12.070	-0.105
7.32	-7.596	-12.158	-0.104
7.33	-7.597	-12.061	-0.109
7.34	-7.598	-11.834	-0.115
7.35	-7.599	-11.553	-0.112
7.36	-7.601	-11.275	-0.109
7.37	-7.604	-11.006	-0.109
7.38	-7.607	-10.722	-0.103
7.39	-7.612	-10.419	-0.096
7.4	-7.618	-10.106	-0.099
7.41	-7.624	-9.802	-0.104
7.42	-7.631	-9.509	-0.097
7.43	-7.637	-9.209	-0.087
7.44	-7.644	-8.909	-0.084
7.45	-7.651	-8.644	-0.079
7.46	-7.659	-8.448	-0.057
7.47	-7.669	-8.366	-0.023
7.48	-7.680	-8.442	-0.012
7.49	-7.691	-8.680	-0.025
7.5	-7.701	-9.019	-0.035
7.51	-7.710	-9.333	-0.060
7.52	-7.718	-9.506	-0.096
7.53	-7.726	-9.516	-0.106
7.54	-7.736	-9.397	-0.100
7.55	-7.747	-9.217	-0.106
7.56	-7.755	-9.077	-0.109
7.57	-7.761	-9.067	-0.104
7.58	-7.768	-9.213	-0.014
7.59	-7.779	-9.473	0.210
7.6	-7.793	-9.767	0.382
7.61	-7.807	-10.030	0.324
7.62	-7.822	-10.264	0.059
7.63	-7.836	-10.497	-0.167
7.64	-7.847	-10.709	-0.184
7.65	-7.856	-10.830	-0.127
7.66	-7.864	-10.809	-0.101
7.67	-7.874	-10.698	-0.100
7.68	-7.883	-10.595	-0.102
7.69	-7.892	-10.447	-0.092
7.7	-7.901	-9.758	-0.075
7.71	-7.909	-7.450	-0.064
7.72	-7.918	-2.527	-0.064
7.73	-7.927	4.567	-0.051
7.74	-7.936	11.902	-0.029
7.75	-7.944	17.508	-0.018
7.76	-7.954	20.416	-0.008
7.77	-7.963	20.630	0.015
7.78	-7.973	18.686	0.044
7.79	-7.983	15.247	0.063
7.8	-7.993	10.908	0.080
7.81	-8.002	6.163	0.097
7.82	-8.011	1.470	0.104
7.83	-8.020	-2.803	0.097
7.84	-8.028	-6.472	0.082
7.85	-8.037	-9.489	0.061
7.86	-8.047	-11.852	0.026
7.87	-8.058	-13.536	-0.009
7.88	-8.069	-14.503	-0.032
7.89	-8.078	-14.736	-0.056
7.9	-8.086	-14.278	-0.077
7.91	-8.094	-13.256	-0.093
7.92	-8.103	-11.917	-0.100
7.93	-8.110	-10.619	-0.093
7.94	-8.117	-9.692	-0.095
7.95	-8.124	-9.223	-0.100
7.96	-8.131	-9.013	-0.094
7.97	-8.138	-8.741	-0.091
7.98	-8.146	-8.208	-0.089
7.99	-8.154	-7.434	-0.086
8.0	-8.161	-6.566	-0.085
8.01	-8.169	-5.738	-0.087
8.02	-8.175	-5.041	-0.088
8.03	-8.182	-4.539	-0.088
8.04	-8.189	-4.237	-0.090
8.05	-8.197	-4.108	-0.092
8.06	-8.205	-4.120	-0.089
8.07	-8.213	-4.245	-0.089
8.08	-8.222	-4.505	-0.093
8.09	-8.231	-4.941	-0.095
8.1	-8.240	-5.575	-0.093
8.11	-8.249	-6.447	-0.090
8.12	-8.258	-7.561	-0.088
8.13	-8.267	-8.841	-0.090
8.14	-8.276	-10.188	-0.094
8.15	-8.284	-11.513	-0.091
8.16	-8.294	-12.703	-0.084
8.17	-8.304	-13.628	-0.080
8.18	-8.313	-14.189	-0.082
8.19	-8.320	-14.333	-0.092
8.2	-8.329	-14.080	-0.100
8.21	-8.338	-13.509	-0.097
8.22	-8.345	-12.759	-0.089
8.23	-8.352	-12.019	-0.087
8.24	-8.358	-11.473	-0.089
8.25	-8.364	-11.241	-0.093
8.26	-8.371	-11.353	-0.097
8.27	-8.376	-11.734	-0.097
8.28	-8.382	-12.217	-0.094
8.29	-8.386	-12.645	-0.082
8.3	-8.389	-12.917	-0.066
8.31	-8.393	-12.950	-0.054
8.32	-8.396	-12.684	-0.042
8.33	-8.400	-12.172	-0.030
8.34	-8.403	-11.583	-0.026
8.35	-8.406	-11.072	-0.028
8.36	-8.408	-10.697	-0.035
8.37	-8.408	-10.466	-0.058
8.38	-8.408	-10.397	-0.083
8.39	-8.409	-10.511	-0.094
8.4	-8.411	-10.748	-0.100
8.41	-8.411	-11.005	-0.109
8.42	-8.406	-11.250	-0.114
8.43	-8.401	-11.503	-0.091
8.44	-8.398	-11.717	0.035
8.45	-8.398	-11.777	0.252
8.46	-8.399	-11.602	0.362
8.47	-8.401	-11.234	0.249
8.48	-8.401	-10.844	-0.028
8.49	-8.399	-10.592	-0.208
8.5	-8.391	-10.545	-0.185
8.51	-8.383	-10.673	-0.127
8.52	-8.379	-10.922	-0.105
8.53	-8.380	-11.272	-0.097
8.54	-8.381	-11.656	-0.091
8.55	-8.379	-11.844	-0.085
8.56	-8.377	-11.213	-0.083
8.57	-8.376	-8.609	-0.076
8.58	-8.373	-3.194	-0.064
8.59	-8.373	4.319	-0.059
8.6	-8.373	11.900	-0.048
8.61	-8.376	17.636	-0.030
8.62	-8.377	20.573	-0.015
8.63	-8.378	20.656	-0.002
8.64	-8.375	18.317	0.015
8.65	-8.369	14.188	0.046
8.66	-8.359	8.984	0.070
8.67	-8.346	3.427	0.073
8.68	-8.331	-1.898	0.074
8.69	-8.314	-6.584	0.079
8.7	-8.295	-10.431	0.066
8.71	-8.277	-13.402	0.027
8.72	-8.262	-15.508	-0.011
8.73	-8.249	-16.758	-0.045
8.74	-8.236	-17.161	-0.084
8.75	-8.221	-16.805	-0.105
8.76	-8.205	-15.839	-0.114
8.77	-8.189	-14.439	-0.125
8.78	-8.175	-12.878	-0.134
8.79	-8.160	-11.509	-0.140
8.8	-8.145	-10.619	-0.142
8.81	-8.130	-10.183	-0.136
8.82	-8.116	-9.823	-0.127
8.83	-8.103	-9.100	-0.121
8.84	-8.089	-7.839	-0.122
8.85	-8.077	-6.220	-0.117
8.86	-8.064	-4.580	-0.112
8.87	-8.052	-3.214	-0.113
8.88	-8.039	-2.317	-0.103
8.89	-8.028	-1.933	-0.098
8.9	-8.018	-1.981	-0.099
8.91	-8.007	-2.378	-0.095
8.92	-7.998	-3.058	-0.096
8.93	-7.990	-3.942	-0.102
8.94	-7.982	-4.966	-0.104
8.95	-7.975	-6.080	-0.096
8.96	-7.968	-7.258	-0.095
8.97	-7.962	-8.497	-0.102
8.98	-7.956	-9.763	-0.109
8.99	-7.949	-10.972	-0.106
9.0	-7.943	-12.036	-0.110
9.01	-7.938	-12.861	-0.120
9.02	-7.933	-13.397	-0.110
9.03	-7.928	-13.684	-0.099
9.04	-7.923	-13.758	-0.103
9.05	-7.919	-13.630	-0.109
9.06	-7.914	-13.373	-0.104
9.07	-7.911	-13.119	-0.097
9.08	-7.907	-12.964	-0.096
9.09	-7.904	-12.898	-0.091
9.1	-7.901	-12.823	-0.087
9.11	-7.900	-12.638	-0.088
9.12	-7.899	-12.298	-0.090
9.13	-7.901	-11.798	-0.092
9.14	-7.903	-11.117	-0.085
9.15	-7.907	-10.291	-0.077
9.16	-7.911	-9.425	-0.066
9.17	-7.913	-8.633	-0.046
9.18	-7.914	-8.039	-0.032
9.19	-7.915	-7.744	-0.025
9.2	-7.914	-7.780	-0.016
9.21	-7.910	-8.058	-0.023
9.22	-7.904	-8.473	-0.037
9.23	-7.896	-9.002	-0.056
9.24	-7.887	-9.509	-0.081
9.25	-7.880	-9.820	-0.093
9.26	-7.877	-9.844	-0.088
9.27	-7.872	-9.550	-0.081
9.28	-7.864	-9.084	-0.083
9.29	-7.860	-8.662	-0.042
9.3	-7.857	-8.419	0.135
9.31	-7.855	-8.395	0.340
9.32	-7.853	-8.564	0.365
9.33	-7.851	-8.895	0.156
9.34	-7.846	-9.364	-0.109
9.35	-7.838	-9.920	-0.181
9.36	-7.830	-10.470	-0.134
9.37	-7.825	-10.900	-0.106
9.38	-7.820	-11.166	-0.092
9.39	-7.814	-11.294	-0.088
9.4	-7.808	-11.247	-0.087
9.41	-7.803	-10.702	-0.084
9.42	-7.796	-8.702	-0.072
9.43	-7.791	-4.114	-0.060
9.44	-7.784	2.994	-0.051
9.45	-7.777	10.963	-0.036
9.46	-7.771	17.747	-0.029
9.47	-7.766	22.014	-0.026
9.48	-7.761	23.359	-0.011
9.49	-7.757	22.083	0.011
9.5	-7.753	18.828	0.033
9.51	-7.749	14.306	0.058
9.52	-7.746	9.148	0.084
9.53	-7.743	3.869	0.098
9.54	-7.741	-1.133	0.093
9.55	-7.739	-5.586	0.077
9.56	-7.736	-9.359	0.056
9.57	-7.736	-12.350	0.032
9.58	-7.736	-14.408	0.002
9.59	-7.736	-15.439	-0.026
9.6	-7.735	-15.491	-0.052
9.61	-7.731	-14.744	-0.077
9.62	-7.728	-13.470	-0.092
9.63	-7.726	-11.981	-0.101
9.64	-7.724	-10.616	-0.104
9.65	-7.722	-9.686	-0.101
9.66	-7.719	-9.298	-0.099
9.67	-7.716	-9.216	-0.097
9.68	-7.715	-9.041	-0.090
9.69	-7.714	-8.472	-0.078
9.7	-7.711	-7.448	-0.074
9.71	-7.708	-6.177	-0.075
9.72	-7.706	-4.959	-0.075
9.73	-7.704	-4.003	-0.072
9.74	-7.703	-3.397	-0.064
9.75	-7.700	-3.156	-0.065
9.76	-7.697	-3.184	-0.071
9.77	-7.694	-3.341	-0.064
9.78	-7.692	-3.553	-0.065
9.79	-7.690	-3.823	-0.072
9.8	-7.688	-4.203	-0.077
9.81	-7.686	-4.780	-0.079
9.82	-7.685	-5.636	-0.076
9.83	-7.684	-6.773	-0.081
9.84	-7.683	-8.069	-0.088
9.85	-7.682	-9.334	-0.083
9.86	-7.681	-10.428	-0.082
9.87	-7.679	-11.286	-0.083
9.88	-7.677	-11.877	-0.082
9.89	-7.675	-12.164	-0.084
9.9	-7.674	-12.163	-0.082
9.91	-7.674	-11.950	-0.084
9.92	-7.673	-11.633	-0.081
9.93	-7.673	-11.320	-0.074
9.94	-7.671	-11.075	-0.073
9.95	-7.670	-10.917	-0.076
9.96	-7.670	-10.834	-0.079
9.97	-7.669	-10.784	-0.078
9.98	-7.668	-10.736	-0.077
9.99	-7.666	-10.642	-0.081
10.0	-7.665	-10.448	-0.083
10.01	-7.664	-10.144	-0.084
10.02	-7.663	-9.770	-0.082
10.03	-7.661	-9.395	-0.072
10.04	-7.661	-9.069	-0.062
10.05	-7.659	-8.833	-0.058
10.06	-7.658	-8.705	-0.048
10.07	-7.657	-8.675	-0.028
10.08	-7.657	-8.702	-0.006
10.09	-7.657	-8.734	0.000
10.1	-7.656	-8.763	-0.005
10.11	-7.656	-8.783	-0.008
10.12	-7.654	-8.809	-0.031
10.13	-7.653	-8.877	-0.067
10.14	-7.652	-8.980	-0.083
10.15	-7.654	-9.109	-0.087
10.16	-7.654	-9.259	-0.086
10.17	-7.651	-9.450	-0.080
10.18	-7.648	-9.714	-0.063
10.19	-7.648	-10.027	0.079
10.2	-7.649	-10.325	0.313
10.21	-7.654	-10.556	0.402
10.22	-7.659	-10.706	0.250
10.23	-7.664	-10.817	-0.035
10.24	-7.663	-10.919	-0.180
10.25	-7.655	-10.972	-0.141
10.26	-7.649	-10.895	-0.099
10.27	-7.648	-10.673	-0.089
10.28	-7.647	-10.400	-0.087
10.29	-7.645	-10.097	-0.086
10.3	-7.643	-9.470	-0.085
10.31	-7.643	-7.575	-0.079
10.32	-7.643	-3.100	-0.059
10.33	-7.643	4.213	-0.048
10.34	-7.643	12.770	-0.049
10.35	-7.643	20.244	-0.038
10.36	-7.644	24.997	-0.022
10.37	-7.644	26.513	-0.003
10.38	-7.643	25.125	0.017
10.39	-7.643	21.588	0.033
10.4	-7.642	16.694	0.053
10.41	-7.641	11.103	0.072
10.42	-7.641	5.355	0.089
10.43	-7.639	-0.091	0.093
10.44	-7.638	-4.877	0.078
10.45	-7.636	-8.823	0.060
10.46	-7.637	-11.884	0.035
10.47	-7.639	-14.048	0.004
10.48	-7.642	-15.334	-0.027
10.49	-7.644	-15.778	-0.055
10.5	-7.644	-15.453	-0.072
10.51	-7.643	-14.506	-0.081
10.52	-7.644	-13.175	-0.094
10.53	-7.647	-11.795	-0.108
10.54	-7.651	-10.723	-0.113
10.55	-7.655	-10.167	-0.108
10.56	-7.662	-10.059	-0.102
10.57	-7.670	-10.081	-0.094
10.58	-7.681	-9.845	-0.089
10.59	-7.693	-9.152	-0.085
10.6	-7.706	-8.070	-0.082
10.61	-7.718	-6.811	-0.081
10.62	-7.729	-5.553	-0.077
10.63	-7.741	-4.427	-0.071
10.64	-7.754	-3.528	-0.071
10.65	-7.768	-2.934	-0.072
10.66	-7.783	-2.664	-0.072
10.67	-7.799	-2.684	-0.070
10.68	-7.817	-2.966	-0.069
10.69	-7.836	-3.503	-0.077
10.7	-7.854	-4.284	-0.081
10.71	-7.873	-5.292	-0.072
10.72	-7.890	-6.498	-0.067
10.73	-7.907	-7.833	-0.071
10.74	-7.923	-9.189	-0.072
10.75	-7.939	-10.447	-0.065
10.76	-7.954	-11.503	-0.065
10.77	-7.968	-12.303	-0.071
10.78	-7.981	-12.844	-0.066
10.79	-7.995	-13.139	-0.064
10.8	-8.009	-13.239	-0.071
10.81	-8.023	-13.216	-0.070
10.82	-8.036	-13.117	-0.065
10.83	-8.048	-12.967	-0.068
10.84	-8.061	-12.763	-0.073
10.85	-8.073	-12.498	-0.074
10.86	-8.086	-12.205	-0.072
10.87	-8.097	-11.905	-0.067
10.88	-8.108	-11.602	-0.071
10.89	-8.119	-11.273	-0.072
10.9	-8.131	-10.925	-0.070
10.91	-8.143	-10.588	-0.080
10.92	-8.154	-10.302	-0.088
10.93	-8.163	-10.081	-0.082
10.94	-8.173	-9.947	-0.073
10.95	-8.184	-9.928	-0.068
10.96	-8.195	-10.019	-0.062
10.97	-8.208	-10.170	-0.052
10.98	-8.221	-10.317	-0.035
10.99	-8.234	-10.411	-0.018
11.0	-8.248	-10.464	-0.001
11.01	-8.260	-10.517	0.005
11.02	-8.273	-10.566	-0.013
11.03	-8.286	-10.550	-0.043
11.04	-8.297	-10.423	-0.069
11.05	-8.308	-10.236	-0.083
11.06	-8.318	-10.088	-0.088
11.07	-8.329	-10.017	-0.097
11.08	-8.336	-10.044	-0.099
11.09	-8.341	-10.180	-0.091
11.1	-8.347	-10.384	-0.015
11.11	-8.353	-10.570	0.191
11.12	-8.358	-10.655	0.363
11.13	-8.364	-10.598	0.321
11.14	-8.370	-10.477	0.060
11.15	-8.375	-10.434	-0.174
11.16	-8.376	-10.592	-0.192
11.17	-8.376	-10.956	-0.143
11.18	-8.381	-11.430	-0.127
11.19	-8.386	-11.942	-0.110
11.2	-8.390	-12.466	-0.093
11.21	-8.392	-12.813	-0.089
11.22	-8.393	-12.347	-0.086
11.23	-8.394	-9.770	-0.069
11.24	-8.394	-3.925	-0.057
11.25	-8.396	4.695	-0.054
11.26	-8.397	13.909	-0.047
11.27	-8.399	21.345	-0.033
11.28	-8.401	25.564	-0.016
11.29	-8.402	26.231	-0.004
11.3	-8.405	23.802	0.010
11.31	-8.409	19.130	0.035
11.32	-8.412	13.134	0.059
11.33	-8.414	6.622	0.076
11.34	-8.416	0.264	0.086
11.35	-8.417	-5.447	0.091
11.36	-8.418	-10.213	0.085
11.37	-8.421	-13.911	0.062
11.38	-8.428	-16.538	0.030
11.39	-8.434	-18.131	-0.008
11.4	-8.439	-18.753	-0.041
11.41	-8.441	-18.512	-0.065
11.42	-8.443	-17.583	-0.091
11.43	-8.446	-16.189	-0.104
11.44	-8.449	-14.580	-0.105
11.45	-8.453	-13.048	-0.105
11.46	-8.455	-11.870	-0.106
11.47	-8.459	-11.136	-0.104
11.48	-8.463	-10.650	-0.107
11.49	-8.467	-10.044	-0.109
11.5	-8.472	-9.036	-0.103
11.51	-8.478	-7.616	-0.093
11.52	-8.484	-6.017	-0.085
11.53	-8.492	-4.527	-0.083
11.54	-8.500	-3.345	-0.082
11.55	-8.508	-2.577	-0.082
11.56	-8.516	-2.217	-0.089
11.57	-8.525	-2.211	-0.095
11.58	-8.533	-2.477	-0.101
11.59	-8.541	-2.969	-0.109
11.6	-8.549	-3.686	-0.104
11.61	-8.555	-4.611	-0.097
11.62	-8.560	-5.702	-0.105
11.63	-8.565	-6.916	-0.109
11.64	-8.569	-8.220	-0.111
11.65	-8.573	-9.592	-0.109
11.66	-8.576	-10.969	-0.112
11.67	-8.578	-12.264	-0.122
11.68	-8.579	-13.372	-0.118
11.69	-8.579	-14.216	-0.105
11.7	-8.578	-14.831	-0.103
11.71	-8.576	-15.256	-0.110
11.72	-8.572	-15.503	-0.114
11.73	-8.567	-15.555	-0.111
11.74	-8.558	-15.425	-0.103
11.75	-8.547	-15.216	-0.101
11.76	-8.534	-14.989	-0.106
11.77	-8.520	-14.725	-0.105
11.78	-8.506	-14.403	-0.100
11.79	-8.490	-14.041	-0.098
11.8	-8.474	-13.667	-0.098
11.81	-8.458	-13.286	-0.095
11.82	-8.443	-12.880	-0.094
11.83	-8.428	-12.450	-0.092
11.84	-8.414	-12.003	-0.078
11.85	-8.400	-11.561	-0.065
11.86	-8.386	-11.136	-0.055
11.87	-8.373	-10.731	-0.038
11.88	-8.358	-10.352	-0.018
11.89	-8.344	-10.014	0.002
11.9	-8.330	-9.770	0.004
11.91	-8.316	-9.678	-0.017
11.92	-8.302	-9.736	-0.037
11.93	-8.287	-9.859	-0.056
11.94	-8.273	-9.973	-0.072
11.95	-8.261	-10.075	-0.082
11.96	-8.251	-10.180	-0.084
11.97	-8.238	-10.306	-0.082
11.98	-8.222	-10.489	-0.084
11.99	-8.208	-10.756	-0.032
12.0	-8.199	-11.086	0.157
12.01	-8.193	-11.384	0.348
12.02	-8.189	-11.567	0.370
12.03	-8.187	-11.659	0.185
12.04	-8.182	-11.759	-0.076
12.05	-8.173	-11.938	-0.161
12.06	-8.165	-12.169	-0.117
12.07	-8.162	-12.356	-0.085
12.08	-8.164	-12.420	-0.070
12.09	-8.167	-12.367	-0.063
12.1	-8.171	-12.170	-0.064
12.11	-8.174	-11.466	-0.061
12.12	-8.179	-9.222	-0.047
12.13	-8.184	-4.147	-0.036
12.14	-8.188	3.903	-0.033
12.15	-8.193	13.230	-0.032
12.16	-8.198	21.423	-0.022
12.17	-8.204	26.723	-0.008
12.18	-8.209	28.469	0.007
12.19	-8.215	26.892	0.026
12.2	-8.219	22.720	0.048
12.21	-8.223	16.830	0.072
12.22	-8.224	10.030	0.089
12.23	-8.223	3.047	0.100
12.24	-8.219	-3.475	0.103
12.25	-8.213	-9.088	0.089
12.26	-8.203	-13.559	0.069
12.27	-8.194	-16.825	0.046
12.28	-8.188	-18.909	0.017
12.29	-8.183	-19.866	-0.013
12.3	-8.176	-19.741	-0.043
12.31	-8.164	-18.659	-0.067
12.32	-8.151	-16.850	-0.085
12.33	-8.139	-14.628	-0.093
12.34	-8.127	-12.420	-0.098
12.35	-8.115	-10.664	-0.103
12.36	-8.104	-9.627	-0.099
12.37	-8.094	-9.239	-0.090
12.38	-8.086	-9.122	-0.084
12.39	-8.076	-8.823	-0.083
12.4	-8.067	-8.111	-0.081
12.41	-8.057	-7.045	-0.073
12.42	-8.047	-5.859	-0.071
12.43	-8.038	-4.745	-0.073
12.44	-8.029	-3.748	-0.070
12.45	-8.021	-2.878	-0.068
12.46	-8.012	-2.231	-0.070
12.47	-8.004	-1.931	-0.069
12.48	-7.994	-2.041	-0.070
12.49	-7.985	-2.555	-0.074
12.5	-7.976	-3.439	-0.075
12.51	-7.967	-4.644	-0.079
12.52	-7.958	-6.098	-0.081
12.53	-7.949	-7.703	-0.084
12.54	-7.940	-9.355	-0.082
12.55	-7.931	-10.944	-0.076
12.56	-7.921	-12.344	-0.073
12.57	-7.911	-13.447	-0.076
12.58	-7.901	-14.202	-0.078
12.59	-7.893	-14.622	-0.078
12.6	-7.885	-14.791	-0.080
12.61	-7.878	-14.791	-0.084
12.62	-7.871	-14.663	-0.085
12.63	-7.864	-14.434	-0.083
12.64	-7.856	-14.130	-0.086
12.65	-7.849	-13.788	-0.084
12.66	-7.841	-13.442	-0.079
12.67	-7.834	-13.089	-0.077
12.68	-7.827	-12.719	-0.074
12.69	-7.821	-12.328	-0.076
12.7	-7.814	-11.875	-0.076
12.71	-7.808	-11.322	-0.073
12.72	-7.800	-10.709	-0.068
12.73	-7.793	-10.095	-0.067
12.74	-7.786	-9.516	-0.067
12.75	-7.779	-9.017	-0.053
12.76	-7.772	-8.641	-0.041
12.77	-7.764	-8.386	-0.034
12.78	-7.758	-8.255	-0.025
12.79	-7.751	-8.227	-0.009
12.8	-7.744	-8.303	0.011
12.81	-7.737	-8.505	0.020
12.82	-7.732	-8.797	0.015
12.83	-7.728	-9.098	-0.005
12.84	-7.723	-9.359	-0.038
12.85	-7.716	-9.536	-0.063
12.86	-7.711	-9.617	-0.067
12.87	-7.706	-9.639	-0.067
12.88	-7.701	-9.623	-0.071
12.89	-7.694	-9.598	-0.076
12.9	-7.688	-9.620	-0.053
12.91	-7.683	-9.711	0.095
12.92	-7.679	-9.842	0.316
12.93	-7.677	-9.981	0.397
12.94	-7.674	-10.144	0.250
12.95	-7.670	-10.377	-0.026
12.96	-7.664	-10.667	-0.167
12.97	-7.658	-10.933	-0.132
12.98	-7.652	-11.061	-0.090
12.99	-7.647	-10.986	-0.083
13.0	-7.641	-10.748	-0.082
13.01	-7.635	-10.369	-0.075
13.02	-7.629	-9.583	-0.068
13.03	-7.625	-7.484	-0.061
13.04	-7.621	-2.706	-0.055
13.05	-7.616	5.214	-0.050
13.06	-7.611	14.814	-0.042
13.07	-7.608	23.608	-0.032
13.08	-7.607	29.608	-0.024
13.09	-7.606	31.961	-0.009
13.1	-7.605	30.797	0.014
13.11	-7.603	26.817	0.034
13.12	-7.602	20.952	0.051
13.13	-7.601	14.105	0.071
13.14	-7.600	7.050	0.095
13.15	-7.601	0.395	0.104
13.16	-7.601	-5.416	0.098
13.17	-7.602	-10.155	0.090
13.18	-7.603	-13.767	0.063
13.19	-7.607	-16.302	0.020
13.2	-7.612	-17.817	-0.011
13.21	-7.617	-18.341	-0.030
13.22	-7.621	-17.934	-0.053
13.23	-7.624	-16.809	-0.072
13.24	-7.627	-15.275	-0.079
13.25	-7.633	-13.675	-0.083
13.26	-7.641	-12.352	-0.091
13.27	-7.651	-11.558	-0.098
13.28	-7.663	-11.298	-0.092
13.29	-7.676	-11.233	-0.076
13.3	-7.691	-10.877	-0.065
13.31	-7.706	-9.919	-0.062
13.32	-7.720	-8.373	-0.063
13.33	-7.734	-6.530	-0.059
13.34	-7.749	-4.727	-0.049
13.35	-7.765	-3.203	-0.047
13.36	-7.782	-2.086	-0.050
13.37	-7.801	-1.403	-0.042
13.38	-7.819	-1.123	-0.035
13.39	-7.837	-1.242	-0.042
13.4	-7.856	-1.731	-0.053
13.41	-7.874	-2.491	-0.058
13.42	-7.892	-3.448	-0.055
13.43	-7.909	-4.600	-0.051
13.44	-7.926	-5.973	-0.053
13.45	-7.942	-7.525	-0.047
13.46	-7.958	-9.098	-0.039
13.47	-7.973	-10.538	-0.044
13.48	-7.987	-11.728	-0.057
13.49	-8.002	-12.584	-0.062
13.5	-8.017	-13.067	-0.055
13.51	-8.031	-13.206	-0.055
13.52	-8.046	-13.073	-0.057
13.53	-8.061	-12.789	-0.055
13.54	-8.077	-12.488	-0.056
13.55	-8.091	-12.275	-0.052
13.56	-8.104	-12.195	-0.055
13.57	-8.117	-12.200	-0.060
13.58	-8.130	-12.200	-0.055
13.59	-8.143	-12.147	-0.049
13.6	-8.156	-11.995	-0.048
13.61	-8.169	-11.695	-0.052
13.62	-8.182	-11.236	-0.054
13.63	-8.195	-10.661	-0.052
13.64	-8.209	-10.067	-0.057
13.65	-8.223	-9.545	-0.062
13.66	-8.237	-9.134	-0.060
13.67	-8.252	-8.866	-0.053
13.68	-8.267	-8.787	-0.057
13.69	-8.281	-8.920	-0.063
13.7	-8.294	-9.191	-0.060
13.71	-8.307	-9.472	-0.052
13.72	-8.319	-9.686	-0.038
13.73	-8.332	-9.839	-0.021
13.74	-8.345	-9.983	-0.003
13.75	-8.357	-10.131	0.004
13.76	-8.369	-10.280	-0.003
13.77	-8.381	-10.466	-0.019
13.78	-8.393	-10.691	-0.045
13.79	-8.405	-10.911	-0.060
13.8	-8.417	-11.078	-0.069
13.81	-8.431	-11.170	-0.078
13.82	-8.443	-11.197	-0.084
13.83	-8.451	-11.208	-0.085
13.84	-8.457	-11.289	-0.071
13.85	-8.463	-11.498	0.052
13.86	-8.471	-11.789	0.277
13.87	-8.478	-12.047	0.394
13.88	-8.486	-12.184	0.272
13.89	-8.491	-12.241	-0.018
13.9	-8.494	-12.278	-0.192
13.91	-8.493	-12.270	-0.159
13.92	-8.494	-12.150	-0.108
13.93	-8.497	-11.936	-0.094
13.94	-8.499	-11.747	-0.087
13.95	-8.499	-11.647	-0.081
13.96	-8.496	-11.409	-0.083
13.97	-8.492	-10.163	-0.077
13.98	-8.486	-6.339	-0.063
13.99	-8.479	1.014	-0.055
14.0	-8.471	10.822	-0.047
14.01	-8.462	20.534	-0.036
14.02	-8.453	27.780	-0.023
14.03	-8.443	31.297	-0.010
14.04	-8.431	30.981	0.006
14.05	-8.418	27.447	0.036
14.06	-8.402	21.594	0.061
14.07	-8.386	14.361	0.072
14.08	-8.368	6.600	0.088
14.09	-8.349	-0.980	0.098
14.1	-8.328	-7.811	0.094
14.11	-8.306	-13.527	0.076
14.12	-8.286	-17.963	0.048
14.13	-8.270	-21.097	0.024
14.14	-8.255	-22.991	-0.010
14.15	-8.241	-23.723	-0.048
14.16	-8.225	-23.364	-0.063
14.17	-8.209	-22.047	-0.076
14.18	-8.193	-20.005	-0.090
14.19	-8.179	-17.608	-0.094
14.2	-8.164	-15.306	-0.095
14.21	-8.149	-13.477	-0.098
14.22	-8.135	-12.227	-0.103
14.23	-8.122	-11.330	-0.100
14.24	-8.109	-10.391	-0.086
14.25	-8.097	-9.084	-0.081
14.26	-8.085	-7.400	-0.080
14.27	-8.074	-5.575	-0.071
14.28	-8.062	-3.841	-0.064
14.29	-8.051	-2.342	-0.064
14.3	-8.040	-1.166	-0.064
14.31	-8.029	-0.361	-0.064
14.32	-8.019	0.017	-0.065
14.33	-8.009	-0.072	-0.066
14.34	-7.999	-0.620	-0.067
14.35	-7.989	-1.603	-0.063
14.36	-7.981	-2.970	-0.064
14.37	-7.973	-4.638	-0.071
14.38	-7.964	-6.489	-0.072
14.39	-7.954	-8.395	-0.072
14.4	-7.945	-10.194	-0.072
14.41	-7.936	-11.741	-0.072
14.42	-7.928	-12.934	-0.072
14.43	-7.919	-13.723	-0.068
14.44	-7.911	-14.138	-0.076
14.45	-7.902	-14.269	-0.085
14.46	-7.894	-14.234	-0.077
14.47	-7.886	-14.158	-0.069
14.48	-7.879	-14.103	-0.074
14.49	-7.873	-14.042	-0.081
14.5	-7.866	-13.913	-0.082
14.51	-7.858	-13.686	-0.080
14.52	-7.851	-13.341	-0.078
14.53	-7.844	-12.866	-0.073
14.54	-7.837	-12.263	-0.068
14.55	-7.829	-11.561	-0.068
14.56	-7.822	-10.838	-0.070
14.57	-7.815	-10.158	-0.056
14.58	-7.808	-9.552	-0.039
14.59	-7.802	-9.050	-0.031
14.6	-7.796	-8.675	-0.019
14.61	-7.791	-8.420	-0.004
14.62	-7.786	-8.267	0.014
14.63	-7.780	-8.188	0.018
14.64	-7.774	-8.148	-0.005
14.65	-7.768	-8.111	-0.030
14.66	-7.763	-8.073	-0.052
14.67	-7.756	-8.053	-0.072
14.68	-7.752	-8.048	-0.078
14.69	-7.748	-8.061	-0.081
14.7	-7.743	-8.123	-0.084
14.71	-7.737	-8.314	-0.085
14.72	-7.731	-8.683	-0.045
14.73	-7.727	-9.148	0.130
14.74	-7.725	-9.583	0.338
14.75	-7.724	-9.908	0.369
14.76	-7.723	-10.122	0.178
14.77	-7.720	-10.259	-0.083
14.78	-7.714	-10.325	-0.174
14.79	-7.708	-10.314	-0.135
14.8	-7.703	-10.214	-0.104
14.81	-7.700	-10.094	-0.093
14.82	-7.696	-10.063	-0.093
14.83	-7.692	-10.072	-0.090
14.84	-7.689	-9.686	-0.078
14.85	-7.686	-7.767	-0.068
14.86	-7.683	-2.828	-0.061
14.87	-7.680	5.488	-0.055
14.88	-7.678	15.534	-0.045
14.89	-7.674	24.686	-0.033
14.9	-7.672	30.894	-0.017
14.91	-7.670	33.328	0.001
14.92	-7.668	32.156	0.019
14.93	-7.666	28.059	0.042
14.94	-7.664	21.944	0.064
14.95	-7.663	14.764	0.088
14.96	-7.661	7.366	0.111
14.97	-7.659	0.398	0.116
14.98	-7.657	-5.730	0.103
14.99	-7.655	-10.814	0.090
15.0	-7.654	-14.756	0.068
15.01	-7.654	-17.500	0.031
15.02	-7.654	-19.056	-0.008
15.03	-7.652	-19.505	-0.037
15.04	-7.649	-18.958	-0.054
15.05	-7.647	-17.592	-0.066
15.06	-7.646	-15.713	-0.083
15.07	-7.646	-13.734	-0.091
15.08	-7.646	-12.102	-0.088
15.09	-7.644	-11.123	-0.086
15.1	-7.643	-10.759	-0.085
15.11	-7.643	-10.658	-0.079
15.12	-7.643	-10.388	-0.075
15.13	-7.643	-9.686	-0.073
15.14	-7.643	-8.541	-0.073
15.15	-7.642	-7.092	-0.067
15.16	-7.641	-5.536	-0.058
15.17	-7.641	-4.063	-0.061
15.18	-7.642	-2.820	-0.067
15.19	-7.643	-1.911	-0.066
15.2	-7.643	-1.403	-0.061
15.21	-7.643	-1.334	-0.061
15.22	-7.644	-1.694	-0.062
15.23	-7.646	-2.436	-0.059
15.24	-7.648	-3.495	-0.060
15.25	-7.649	-4.816	-0.069
15.26	-7.651	-6.363	-0.073
15.27	-7.652	-8.044	-0.068
15.28	-7.652	-9.666	-0.069
15.29	-7.653	-11.069	-0.069
15.3	-7.654	-12.164	-0.061
15.31	-7.655	-12.917	-0.059
15.32	-7.656	-13.338	-0.063
15.33	-7.657	-13.483	-0.065
15.34	-7.657	-13.448	-0.069
15.35	-7.659	-13.320	-0.068
15.36	-7.660	-13.136	-0.064
15.37	-7.661	-12.908	-0.064
15.38	-7.663	-12.647	-0.059
15.39	-7.664	-12.352	-0.054
15.4	-7.666	-12.009	-0.055
15.41	-7.668	-11.608	-0.063
15.42	-7.671	-11.144	-0.065
15.43	-7.673	-10.645	-0.061
15.44	-7.674	-10.150	-0.063
15.45	-7.675	-9.663	-0.061
15.46	-7.675	-9.188	-0.054
15.47	-7.675	-8.752	-0.048
15.48	-7.675	-8.380	-0.036
15.49	-7.676	-8.109	-0.026
15.5	-7.677	-7.963	-0.014
15.51	-7.679	-7.917	0.007
15.52	-7.681	-7.970	0.009
15.53	-7.682	-8.127	-0.012
15.54	-7.681	-8.355	-0.040
15.55	-7.680	-8.591	-0.062
15.56	-7.678	-8.772	-0.080
15.57	-7.679	-8.866	-0.088
15.58	-7.681	-8.889	-0.089
15.59	-7.678	-8.898	-0.087
15.6	-7.673	-8.955	-0.076
15.61	-7.669	-9.097	0.014
15.62	-7.669	-9.306	0.233
15.63	-7.673	-9.513	0.397
15.64	-7.681	-9.672	0.332
15.65	-7.689	-9.833	0.061
15.66	-7.694	-10.084	-0.162
15.67	-7.690	-10.458	-0.169
15.68	-7.682	-10.864	-0.115
15.69	-7.679	-11.156	-0.097
15.7	-7.681	-11.313	-0.092
15.71	-7.682	-11.394	-0.093
15.72	-7.681	-11.247	-0.089
15.73	-7.679	-10.127	-0.078
15.74	-7.678	-6.614	-0.064
15.75	-7.677	0.405	-0.053
15.76	-7.676	10.256	-0.042
15.77	-7.675	20.561	-0.030
15.78	-7.676	28.739	-0.019
15.79	-7.678	33.188	-0.009
15.8	-7.679	33.598	0.002
15.81	-7.683	30.572	0.026
15.82	-7.686	25.072	0.058
15.83	-7.689	18.098	0.081
15.84	-7.692	10.553	0.098
15.85	-7.696	3.198	0.109
15.86	-7.700	-3.400	0.103
15.87	-7.704	-8.911	0.088
15.88	-7.709	-13.191	0.066
15.89	-7.716	-16.247	0.032
15.9	-7.726	-18.136	-0.004
15.91	-7.738	-18.916	-0.033
15.92	-7.750	-18.697	-0.050
15.93	-7.761	-17.692	-0.066
15.94	-7.774	-16.181	-0.088
15.95	-7.789	-14.488	-0.100
15.96	-7.807	-13.009	-0.098
15.97	-7.826	-12.089	-0.094
15.98	-7.847	-11.759	-0.093
15.99	-7.867	-11.698	-0.092
16.0	-7.887	-11.455	-0.091
16.01	-7.905	-10.709	-0.080
16.02	-7.922	-9.370	-0.066
16.03	-7.938	-7.573	-0.065
16.04	-7.954	-5.613	-0.066
16.05	-7.969	-3.789	-0.064
16.06	-7.984	-2.309	-0.065
16.07	-7.999	-1.294	-0.068
16.08	-8.013	-0.816	-0.068
16.09	-8.028	-0.952	-0.062
16.1	-8.044	-1.703	-0.064
16.11	-8.062	-2.922	-0.069
16.12	-8.081	-4.402	-0.068
16.13	-8.099	-5.975	-0.065
16.14	-8.117	-7.541	-0.065
16.15	-8.137	-9.030	-0.073
16.16	-8.157	-10.405	-0.076
16.17	-8.176	-11.634	-0.068
16.18	-8.195	-12.652	-0.065
16.19	-8.213	-13.366	-0.063
16.2	-8.230	-13.733	-0.061
16.21	-8.247	-13.798	-0.066
16.22	-8.262	-13.666	-0.072
16.23	-8.276	-13.431	-0.065
16.24	-8.290	-13.177	-0.059
16.25	-8.302	-12.967	-0.059
16.26	-8.311	-12.848	-0.060
16.27	-8.319	-12.817	-0.066
16.28	-8.325	-12.841	-0.064
16.29	-8.329	-12.902	-0.063
16.3	-8.334	-12.978	-0.062
16.31	-8.340	-13.003	-0.063
16.32	-8.345	-12.873	-0.064
16.33	-8.349	-12.530	-0.061
16.34	-8.351	-11.972	-0.061
16.35	-8.354	-11.264	-0.062
16.36	-8.356	-10.523	-0.063
16.37	-8.357	-9.869	-0.054
16.38	-8.359	-9.394	-0.034
16.39	-8.362	-9.127	-0.018
16.4	-8.364	-9.025	-0.003
16.41	-8.367	-9.047	0.009
16.42	-8.370	-9.173	0.007
16.43	-8.373	-9.344	-0.003
16.44	-8.374	-9.442	-0.025
16.45	-8.376	-9.361	-0.050
16.46	-8.377	-9.086	-0.064
16.47	-8.379	-8.705	-0.067
16.48	-8.381	-8.369	-0.073
16.49	-8.379	-8.213	-0.080
16.5	-8.375	-8.345	-0.079
16.51	-8.374	-8.811	-0.029
16.52	-8.376	-9.519	0.160
16.53	-8.379	-10.298	0.366
16.54	-8.383	-10.973	0.377
16.55	-8.385	-11.442	0.155
16.56	-8.386	-11.706	-0.120
16.57	-8.384	-11.802	-0.198
16.58	-8.379	-11.742	-0.143
16.59	-8.379	-11.533	-0.113
16.6	-8.382	-11.261	-0.103
16.61	-8.386	-11.061	-0.087
16.62	-8.389	-10.906	-0.070
16.63	-8.391	-10.342	-0.061
16.64	-8.393	-8.152	-0.060
16.65	-8.394	-2.819	-0.063
16.66	-8.396	5.861	-0.050
16.67	-8.398	16.052	-0.035
16.68	-8.400	25.083	-0.030
16.69	-8.406	30.945	-0.018
16.7	-8.416	32.864	-0.004
16.71	-8.435	31.114	0.009
16.72	-8.462	26.498	0.031
16.73	-8.496	19.967	0.060
16.74	-8.536	12.480	0.084
16.75	-8.579	4.881	0.102
16.76	-8.619	-2.208	0.106
16.77	-8.656	-8.372	0.092
16.78	-8.689	-13.403	0.079
16.79	-8.721	-17.245	0.060
16.8	-8.751	-19.883	0.021
16.81	-8.777	-21.309	-0.006
16.82	-8.799	-21.555	-0.030
16.83	-8.817	-20.750	-0.064
16.84	-8.833	-19.130	-0.081
16.85	-8.848	-17.000	-0.082
16.86	-8.860	-14.769	-0.092
16.87	-8.867	-12.863	-0.101
16.88	-8.870	-11.561	-0.089
16.89	-8.873	-10.802	-0.079
16.9	-8.872	-10.200	-0.081
16.91	-8.867	-9.342	-0.083
16.92	-8.859	-8.047	-0.075
16.93	-8.848	-6.447	-0.069
16.94	-8.831	-4.834	-0.070
16.95	-8.810	-3.438	-0.062
16.96	-8.786	-2.372	-0.057
16.97	-8.760	-1.680	-0.057
16.98	-8.731	-1.380	-0.054
16.99	-8.701	-1.466	-0.052
17.0	-8.669	-1.872	-0.055
17.01	-8.638	-2.561	-0.053
17.02	-8.609	-3.573	-0.046
17.03	-8.581	-4.938	-0.045
17.04	-8.556	-6.608	-0.049
17.05	-8.532	-8.453	-0.055
17.06	-8.509	-10.311	-0.055
17.07	-8.486	-12.011	-0.049
17.08	-8.463	-13.402	-0.048
17.09	-8.439	-14.361	-0.052
17.1	-8.416	-14.820	-0.055
17.11	-8.393	-14.847	-0.050
17.12	-8.371	-14.625	-0.046
17.13	-8.351	-14.339	-0.051
17.14	-8.332	-14.091	-0.056
17.15	-8.313	-13.919	-0.057
17.16	-8.293	-13.847	-0.056
17.17	-8.274	-13.836	-0.055
17.18	-8.257	-13.759	-0.048
17.19	-8.240	-13.489	-0.041
17.2	-8.224	-12.983	-0.043
17.21	-8.208	-12.280	-0.049
17.22	-8.193	-11.456	-0.056
17.23	-8.178	-10.592	-0.060
17.24	-8.163	-9.764	-0.056
17.25	-8.150	-9.042	-0.047
17.26	-8.137	-8.498	-0.037
17.27	-8.124	-8.164	-0.025
17.28	-8.113	-8.016	-0.014
17.29	-8.101	-8.025	-0.005
17.3	-8.089	-8.156	0.008
17.31	-8.077	-8.378	0.018
17.32	-8.066	-8.661	0.015
17.33	-8.055	-8.963	0.001
17.34	-8.043	-9.231	-0.028
17.35	-8.031	-9.461	-0.054
17.36	-8.019	-9.659	-0.071
17.37	-8.008	-9.809	-0.080
17.38	-7.998	-9.900	-0.089
17.39	-7.985	-9.945	-0.092
17.4	-7.971	-9.988	-0.083
17.41	-7.958	-10.072	-0.031
17.42	-7.946	-10.200	0.152
17.43	-7.937	-10.355	0.360
17.44	-7.931	-10.491	0.382
17.45	-7.926	-10.589	0.159
17.46	-7.921	-10.719	-0.116
17.47	-7.912	-10.909	-0.182
17.48	-7.902	-11.117	-0.128
17.49	-7.894	-11.255	-0.104
17.5	-7.889	-11.278	-0.091
17.51	-7.884	-11.217	-0.081
17.52	-7.878	-11.008	-0.073
17.53	-7.873	-10.173	-0.064
17.54	-7.866	-7.513	-0.052
17.55	-7.859	-1.666	-0.043
17.56	-7.853	7.338	-0.041
17.57	-7.847	17.547	-0.038
17.58	-7.843	26.348	-0.024
17.59	-7.839	31.889	-0.000
17.6	-7.836	33.556	0.016
17.61	-7.832	31.680	0.030
17.62	-7.827	27.061	0.052
17.63	-7.822	20.661	0.070
17.64	-7.819	13.409	0.094
17.65	-7.816	6.083	0.119
17.66	-7.813	-0.736	0.126
17.67	-7.809	-6.642	0.121
17.68	-7.806	-11.413	0.100
17.69	-7.803	-14.981	0.065
17.7	-7.802	-17.347	0.032
17.71	-7.801	-18.550	-0.001
17.72	-7.798	-18.694	-0.033
17.73	-7.793	-17.956	-0.060
17.74	-7.790	-16.569	-0.075
17.75	-7.788	-14.792	-0.071
17.76	-7.787	-12.991	-0.072
17.77	-7.786	-11.595	-0.084
17.78	-7.785	-10.883	-0.089
17.79	-7.783	-10.734	-0.080
17.8	-7.782	-10.702	-0.075
17.81	-7.780	-10.311	-0.080
17.82	-7.777	-9.347	-0.077
17.83	-7.774	-7.934	-0.063
17.84	-7.773	-6.359	-0.062
17.85	-7.771	-4.847	-0.062
17.86	-7.769	-3.525	-0.060
17.87	-7.768	-2.480	-0.061
17.88	-7.768	-1.770	-0.060
17.89	-7.766	-1.438	-0.060
17.9	-7.765	-1.542	-0.061
17.91	-7.764	-2.095	-0.061
17.92	-7.763	-3.067	-0.057
17.93	-7.762	-4.423	-0.057
17.94	-7.762	-6.072	-0.061
17.95	-7.761	-7.847	-0.062
17.96	-7.761	-9.575	-0.059
17.97	-7.761	-11.103	-0.057
17.98	-7.760	-12.308	-0.061
17.99	-7.759	-13.111	-0.070
18.0	-7.759	-13.500	-0.074
18.01	-7.759	-13.545	-0.071
18.02	-7.759	-13.372	-0.067
18.03	-7.760	-13.073	-0.065
18.04	-7.760	-12.719	-0.065
18.05	-7.759	-12.398	-0.065
18.06	-7.759	-12.173	-0.058
18.07	-7.758	-12.039	-0.049
18.08	-7.758	-11.941	-0.050
18.09	-7.758	-11.806	-0.058
18.1	-7.758	-11.583	-0.052
18.11	-7.758	-11.267	-0.049
18.12	-7.757	-10.859	-0.052
18.13	-7.758	-10.377	-0.047
18.14	-7.758	-9.880	-0.049
18.15	-7.759	-9.438	-0.047
18.16	-7.759	-9.094	-0.036
18.17	-7.759	-8.869	-0.034
18.18	-7.760	-8.766	-0.031
18.19	-7.762	-8.775	-0.029
18.2	-7.766	-8.888	-0.023
18.21	-7.771	-9.056	-0.008
18.22	-7.779	-9.209	-0.002
18.23	-7.789	-9.303	0.008
18.24	-7.802	-9.334	0.013
18.25	-7.814	-9.358	-0.003
18.26	-7.825	-9.414	-0.024
18.27	-7.835	-9.478	-0.052
18.28	-7.843	-9.508	-0.078
18.29	-7.851	-9.498	-0.085
18.3	-7.860	-9.502	-0.087
18.31	-7.868	-9.581	-0.090
18.32	-7.869	-9.775	-0.085
18.33	-7.869	-10.109	-0.057
18.34	-7.873	-10.531	0.087
18.35	-7.878	-10.908	0.310
18.36	-7.888	-11.175	0.399
18.37	-7.898	-11.381	0.250
18.38	-7.906	-11.586	-0.038
18.39	-7.908	-11.784	-0.183
18.4	-7.904	-11.888	-0.145
18.41	-7.896	-11.766	-0.105
18.42	-7.891	-11.403	-0.095
18.43	-7.884	-10.991	-0.092
18.44	-7.876	-10.686	-0.088
18.45	-7.864	-10.177	-0.082
18.46	-7.852	-8.330	-0.073
18.47	-7.840	-3.570	-0.067
18.48	-7.829	4.720	-0.062
18.49	-7.819	15.059	-0.053
18.5	-7.813	24.730	-0.044
18.51	-7.809	31.498	-0.032
18.52	-7.809	34.320	-0.008
18.53	-7.812	33.281	0.010
18.54	-7.815	29.155	0.024
18.55	-7.820	22.925	0.057
18.56	-7.826	15.616	0.083
18.57	-7.833	8.136	0.091
18.58	-7.841	1.164	0.103
18.59	-7.849	-4.884	0.108
18.6	-7.859	-9.844	0.092
18.61	-7.869	-13.673	0.061
18.62	-7.883	-16.358	0.025
18.63	-7.897	-17.938	-0.010
18.64	-7.912	-18.492	-0.039
18.65	-7.925	-18.139	-0.061
18.66	-7.937	-17.055	-0.081
18.67	-7.948	-15.477	-0.092
18.68	-7.961	-13.745	-0.098
18.69	-7.973	-12.295	-0.102
18.7	-7.984	-11.461	-0.098
18.71	-7.996	-11.244	-0.092
18.72	-8.008	-11.253	-0.089
18.73	-8.019	-10.956	-0.088
18.74	-8.028	-10.042	-0.091
18.75	-8.037	-8.575	-0.092
18.76	-8.046	-6.839	-0.087
18.77	-8.054	-5.120	-0.088
18.78	-8.063	-3.631	-0.086
18.79	-8.072	-2.488	-0.082
18.8	-8.081	-1.744	-0.082
18.81	-8.091	-1.417	-0.084
18.82	-8.101	-1.495	-0.086
18.83	-8.111	-1.978	-0.084
18.84	-8.123	-2.877	-0.084
18.85	-8.135	-4.164	-0.082
18.86	-8.147	-5.764	-0.079
18.87	-8.159	-7.595	-0.078
18.88	-8.172	-9.564	-0.079
18.89	-8.187	-11.508	-0.086
18.9	-8.202	-13.211	-0.092
18.91	-8.217	-14.475	-0.091
18.92	-8.232	-15.230	-0.083
18.93	-8.246	-15.548	-0.077
18.94	-8.262	-15.528	-0.069
18.95	-8.277	-15.231	-0.065
18.96	-8.292	-14.767	-0.071
18.97	-8.304	-14.294	-0.070
18.98	-8.317	-13.909	-0.069
18.99	-8.330	-13.617	-0.071
19.0	-8.342	-13.381	-0.056
19.01	-8.355	-13.180	-0.046
19.02	-8.367	-12.978	-0.055
19.03	-8.379	-12.744	-0.062
19.04	-8.390	-12.467	-0.064
19.05	-8.400	-12.144	-0.061
19.06	-8.410	-11.773	-0.059
19.07	-8.421	-11.381	-0.058
19.08	-8.431	-11.003	-0.055
19.09	-8.441	-10.681	-0.048
19.1	-8.450	-10.469	-0.047
19.11	-8.458	-10.414	-0.053
19.12	-8.465	-10.525	-0.042
19.13	-8.473	-10.745	-0.028
19.14	-8.480	-10.970	-0.019
19.15	-8.487	-11.131	-0.007
19.16	-8.492	-11.230	0.012
19.17	-8.498	-11.289	0.025
19.18	-8.504	-11.303	0.013
19.19	-8.509	-11.267	-0.011
19.2	-8.514	-11.236	-0.036
19.21	-8.521	-11.266	-0.060
19.22	-8.527	-11.347	-0.067
19.23	-8.534	-11.433	-0.066
19.24	-8.537	-11.527	-0.066
19.25	-8.537	-11.695	-0.061
19.26	-8.539	-11.947	-0.027
19.27	-8.543	-12.186	0.129
19.28	-8.546	-12.323	0.341
19.29	-8.551	-12.323	0.406
19.3	-8.556	-12.245	0.230
19.31	-8.560	-12.206	-0.062
19.32	-8.561	-12.236	-0.175
19.33	-8.562	-12.273	-0.121
19.34	-8.566	-12.275	-0.080
19.35	-8.572	-12.277	-0.064
19.36	-8.577	-12.330	-0.060
19.37	-8.580	-12.386	-0.060
19.38	-8.582	-12.116	-0.058
19.39	-8.584	-10.506	-0.052
19.4	-8.585	-6.008	-0.033
19.41	-8.586	2.069	-0.017
19.42	-8.588	12.353	-0.011
19.43	-8.589	22.169	0.001
19.44	-8.591	29.172	0.008
19.45	-8.592	32.227	0.013
19.46	-8.594	31.370	0.036
19.47	-8.596	27.350	0.070
19.48	-8.598	21.133	0.090
19.49	-8.601	13.641	0.106
19.5	-8.605	5.730	0.121
19.51	-8.608	-1.800	0.127
19.52	-8.610	-8.356	0.118
19.53	-8.612	-13.688	0.099
19.54	-8.615	-17.791	0.073
19.55	-8.619	-20.709	0.040
19.56	-8.623	-22.423	0.006
19.57	-8.624	-22.941	-0.032
19.58	-8.623	-22.388	-0.067
19.59	-8.622	-20.948	-0.085
19.6	-8.621	-18.878	-0.087
19.61	-8.619	-16.566	-0.087
19.62	-8.616	-14.486	-0.093
19.63	-8.609	-13.009	-0.100
19.64	-8.603	-12.142	-0.100
19.65	-8.594	-11.502	-0.096
19.66	-8.584	-10.603	-0.092
19.67	-8.570	-9.219	-0.091
19.68	-8.554	-7.472	-0.093
19.69	-8.537	-5.647	-0.079
19.7	-8.521	-4.003	-0.063
19.71	-8.504	-2.688	-0.066
19.72	-8.489	-1.748	-0.073
19.73	-8.474	-1.222	-0.075
19.74	-8.457	-1.123	-0.070
19.75	-8.441	-1.439	-0.066
19.76	-8.426	-2.144	-0.067
19.77	-8.411	-3.225	-0.066
19.78	-8.396	-4.669	-0.068
19.79	-8.381	-6.423	-0.069
19.8	-8.366	-8.408	-0.074
19.81	-8.351	-10.498	-0.076
19.82	-8.337	-12.544	-0.070
19.83	-8.322	-14.386	-0.071
19.84	-8.309	-15.861	-0.076
19.85	-8.294	-16.850	-0.074
19.86	-8.281	-17.336	-0.070
19.87	-8.266	-17.408	-0.073
19.88	-8.252	-17.231	-0.082
19.89	-8.238	-16.963	-0.084
19.9	-8.223	-16.630	-0.080
19.91	-8.209	-16.181	-0.076
19.92	-8.194	-15.634	-0.076
19.93	-8.180	-15.073	-0.074
19.94	-8.165	-14.522	-0.072
19.95	-8.151	-13.952	-0.073
19.96	-8.138	-13.319	-0.077
19.97	-8.126	-12.616	-0.074
19.98	-8.114	-11.903	-0.068
19.99	-8.103	-11.263	-0.065
20.0	-8.092	-10.713	-0.054
20.01	-8.082	-10.272	-0.048
20.02	-8.071	-9.984	-0.043
20.03	-8.061	-9.852	-0.033
20.04	-8.051	-9.806	-0.022
20.05	-8.041	-9.766	-0.011
20.06	-8.032	-9.695	0.007
20.07	-8.023	-9.636	0.025
20.08	-8.014	-9.605	0.026
20.09	-8.005	-9.556	0.014
20.1	-7.996	-9.461	-0.006
20.11	-7.987	-9.308	-0.028
20.12	-7.979	-9.114	-0.043
20.13	-7.972	-8.942	-0.058
20.14	-7.964	-8.869	-0.065
20.15	-7.955	-8.964	-0.048
20.16	-7.944	-9.291	-0.038
20.17	-7.936	-9.830	0.027
20.18	-7.928	-10.464	0.227
20.19	-7.923	-11.020	0.403
20.2	-7.918	-11.363	0.366
20.21	-7.912	-11.491	0.111
20.22	-7.904	-11.534	-0.122
20.23	-7.895	-11.592	-0.136
20.24	-7.886	-11.659	-0.088
20.25	-7.878	-11.703	-0.076
20.26	-7.871	-11.741	-0.061
20.27	-7.863	-11.777	-0.044
20.28	-7.856	-11.680	-0.039
20.29	-7.848	-10.886	-0.041
20.3	-7.841	-8.086	-0.028
20.31	-7.833	-1.889	-0.016
20.32	-7.827	7.539	-0.025
20.33	-7.821	18.069	-0.021
20.34	-7.816	27.019	0.001
20.35	-7.809	32.544	0.014
20.36	-7.803	34.083	0.021
20.37	-7.798	32.033	0.040
20.38	-7.793	27.197	0.068
20.39	-7.789	20.461	0.093
20.4	-7.786	12.738	0.106
20.41	-7.782	4.884	0.115
20.42	-7.777	-2.398	0.120
20.43	-7.773	-8.647	0.104
20.44	-7.769	-13.645	0.080
20.45	-7.766	-17.309	0.048
20.46	-7.765	-19.631	0.006
20.47	-7.764	-20.717	-0.031
20.48	-7.762	-20.717	-0.058
20.49	-7.758	-19.755	-0.080
20.5	-7.753	-18.031	-0.099
20.51	-7.751	-15.891	-0.105
20.52	-7.749	-13.778	-0.111
20.53	-7.746	-12.125	-0.120
20.54	-7.743	-11.170	-0.115
20.55	-7.741	-10.797	-0.107
20.56	-7.739	-10.561	-0.106
20.57	-7.738	-9.988	-0.103
20.58	-7.737	-8.836	-0.102
20.59	-7.735	-7.209	-0.098
20.6	-7.733	-5.417	-0.091
20.61	-7.731	-3.763	-0.092
20.62	-7.729	-2.431	-0.083
20.63	-7.728	-1.488	-0.072
20.64	-7.726	-0.939	-0.074
20.65	-7.723	-0.813	-0.080
20.66	-7.721	-1.116	-0.085
20.67	-7.720	-1.792	-0.090
20.68	-7.719	-2.791	-0.092
20.69	-7.719	-4.073	-0.087
20.7	-7.719	-5.597	-0.085
20.71	-7.718	-7.302	-0.085
20.72	-7.718	-9.069	-0.076
20.73	-7.718	-10.719	-0.079
20.74	-7.717	-12.072	-0.092
20.75	-7.716	-13.025	-0.086
20.76	-7.716	-13.569	-0.084
20.77	-7.716	-13.764	-0.092
20.78	-7.716	-13.720	-0.091
20.79	-7.716	-13.550	-0.086
20.8	-7.716	-13.313	-0.078
20.81	-7.716	-13.017	-0.076
20.82	-7.716	-12.681	-0.077
20.83	-7.716	-12.342	-0.070
20.84	-7.716	-12.005	-0.067
20.85	-7.718	-11.669	-0.077
20.86	-7.718	-11.330	-0.082
20.87	-7.719	-10.981	-0.079
20.88	-7.718	-10.594	-0.076
20.89	-7.718	-10.131	-0.075
20.9	-7.718	-9.613	-0.073
20.91	-7.718	-9.086	-0.074
20.92	-7.718	-8.592	-0.078
20.93	-7.718	-8.178	-0.077
20.94	-7.718	-7.900	-0.071
20.95	-7.718	-7.811	-0.070
20.96	-7.718	-7.888	-0.065
20.97	-7.718	-8.039	-0.051
20.98	-7.718	-8.208	-0.036
20.99	-7.718	-8.372	-0.026
21.0	-7.718	-8.528	-0.016
21.01	-7.718	-8.703	-0.007
21.02	-7.717	-8.919	-0.012
21.03	-7.717	-9.178	-0.022
21.04	-7.717	-9.445	-0.039
21.05	-7.718	-9.666	-0.060
21.06	-7.723	-9.792	-0.074
21.07	-7.730	-9.831	-0.080
21.08	-7.738	-9.827	-0.080
21.09	-7.743	-9.881	-0.080
21.1	-7.748	-10.100	-0.056
21.11	-7.758	-10.453	0.104
21.12	-7.769	-10.811	0.331
21.13	-7.785	-11.050	0.405
21.14	-7.801	-11.142	0.242
21.15	-7.813	-11.142	-0.044
21.16	-7.819	-11.086	-0.175
21.17	-7.816	-10.978	-0.139
21.18	-7.812	-10.777	-0.107
21.19	-7.808	-10.503	-0.091
21.2	-7.804	-10.309	-0.078
21.21	-7.799	-10.247	-0.073
21.22	-7.791	-9.947	-0.069
21.23	-7.782	-8.311	-0.062
21.24	-7.775	-3.659	-0.058
21.25	-7.768	4.759	-0.054
21.26	-7.761	15.453	-0.044
21.27	-7.756	25.583	-0.030
21.28	-7.754	32.777	-0.013
21.29	-7.753	35.947	-0.002
21.3	-7.751	35.195	0.009
21.31	-7.750	31.281	0.035
21.32	-7.748	25.134	0.062
21.33	-7.746	17.683	0.081
21.34	-7.744	9.763	0.099
21.35	-7.744	2.087	0.112
21.36	-7.743	-4.814	0.110
21.37	-7.742	-10.613	0.089
21.38	-7.741	-15.122	0.050
21.39	-7.741	-18.291	0.017
21.4	-7.742	-20.177	-0.010
21.41	-7.741	-20.833	-0.044
21.42	-7.738	-20.317	-0.078
21.43	-7.734	-18.806	-0.093
21.44	-7.732	-16.663	-0.097
21.45	-7.731	-14.392	-0.105
21.46	-7.731	-12.492	-0.107
21.47	-7.729	-11.309	-0.102
21.48	-7.729	-10.872	-0.093
21.49	-7.730	-10.802	-0.084
21.5	-7.731	-10.545	-0.085
21.51	-7.731	-9.716	-0.080
21.52	-7.732	-8.278	-0.067
21.53	-7.733	-6.508	-0.062
21.54	-7.734	-4.748	-0.064
21.55	-7.737	-3.234	-0.056
21.56	-7.740	-2.077	-0.049
21.57	-7.744	-1.356	-0.055
21.58	-7.750	-1.119	-0.063
21.59	-7.757	-1.347	-0.065
21.6	-7.765	-1.959	-0.058
21.61	-7.774	-2.845	-0.055
21.62	-7.784	-3.889	-0.060
21.63	-7.794	-5.039	-0.064
21.64	-7.804	-6.327	-0.062
21.65	-7.815	-7.767	-0.066
21.66	-7.826	-9.298	-0.072
21.67	-7.838	-10.781	-0.072
21.68	-7.851	-12.061	-0.066
21.69	-7.864	-13.036	-0.057
21.7	-7.878	-13.664	-0.059
21.71	-7.892	-13.953	-0.062
21.72	-7.906	-13.983	-0.060
21.73	-7.920	-13.870	-0.068
21.74	-7.934	-13.720	-0.075
21.75	-7.949	-13.555	-0.070
21.76	-7.963	-13.342	-0.067
21.77	-7.978	-13.103	-0.062
21.78	-7.993	-12.867	-0.059
21.79	-8.007	-12.594	-0.068
21.8	-8.021	-12.189	-0.068
21.81	-8.034	-11.644	-0.062
21.82	-8.048	-11.078	-0.066
21.83	-8.062	-10.578	-0.068
21.84	-8.075	-10.128	-0.066
21.85	-8.088	-9.684	-0.065
21.86	-8.101	-9.231	-0.060
21.87	-8.114	-8.784	-0.061
21.88	-8.126	-8.378	-0.060
21.89	-8.138	-8.075	-0.055
21.9	-8.150	-7.923	-0.056
21.91	-8.162	-7.923	-0.057
21.92	-8.173	-8.022	-0.044
21.93	-8.184	-8.172	-0.022
21.94	-8.193	-8.377	-0.007
21.95	-8.202	-8.662	0.002
21.96	-8.212	-9.020	0.010
21.97	-8.223	-9.442	0.014
21.98	-8.233	-9.884	-0.005
21.99	-8.244	-10.270	-0.036
22.0	-8.254	-10.542	-0.054
22.01	-8.265	-10.709	-0.063
22.02	-8.276	-10.813	-0.069
22.03	-8.283	-10.908	-0.066
22.04	-8.287	-11.077	-0.057
22.05	-8.291	-11.366	-0.042
22.06	-8.298	-11.730	0.078
22.07	-8.305	-12.069	0.302
22.08	-8.313	-12.227	0.416
22.09	-8.321	-12.128	0.293
22.1	-8.329	-11.872	0.002
22.11	-8.334	-11.603	-0.174
22.12	-8.339	-11.356	-0.147
22.13	-8.346	-11.080	-0.100
22.14	-8.355	-10.784	-0.086
22.15	-8.363	-10.606	-0.080
22.16	-8.367	-10.616	-0.077
22.17	-8.374	-10.614	-0.072
22.18	-8.380	-9.713	-0.060
22.19	-8.386	-6.222	-0.052
22.2	-8.392	1.084	-0.047
22.21	-8.398	11.361	-0.033
22.22	-8.404	21.978	-0.022
22.23	-8.411	30.266	-0.008
22.24	-8.419	34.728	0.011
22.25	-8.427	35.148	0.029
22.26	-8.435	32.081	0.059
22.27	-8.443	26.391	0.088
22.28	-8.450	18.997	0.106
22.29	-8.459	10.786	0.127
22.3	-8.466	2.553	0.137
22.31	-8.474	-5.042	0.129
22.32	-8.481	-11.536	0.110
22.33	-8.489	-16.680	0.082
22.34	-8.498	-20.397	0.046
22.35	-8.508	-22.686	0.010
22.36	-8.518	-23.580	-0.014
22.37	-8.526	-23.195	-0.036
22.38	-8.531	-21.756	-0.060
22.39	-8.536	-19.595	-0.076
22.4	-8.542	-17.123	-0.087
22.41	-8.547	-14.795	-0.096
22.42	-8.551	-13.044	-0.095
22.43	-8.555	-12.072	-0.087
22.44	-8.558	-11.619	-0.082
22.45	-8.562	-11.100	-0.071
22.46	-8.565	-10.070	-0.067
22.47	-8.568	-8.469	-0.072
22.48	-8.569	-6.520	-0.071
22.49	-8.571	-4.555	-0.068
22.5	-8.572	-2.858	-0.068
22.51	-8.574	-1.600	-0.070
22.52	-8.576	-0.836	-0.063
22.53	-8.578	-0.564	-0.064
22.54	-8.579	-0.780	-0.073
22.55	-8.580	-1.473	-0.070
22.56	-8.580	-2.581	-0.066
22.57	-8.580	-4.017	-0.068
22.58	-8.579	-5.691	-0.072
22.59	-8.577	-7.519	-0.076
22.6	-8.575	-9.433	-0.072
22.61	-8.573	-11.356	-0.067
22.62	-8.570	-13.183	-0.063
22.63	-8.565	-14.753	-0.064
22.64	-8.559	-15.927	-0.069
22.65	-8.549	-16.661	-0.067
22.66	-8.536	-17.002	-0.066
22.67	-8.520	-17.012	-0.063
22.68	-8.502	-16.764	-0.065
22.69	-8.482	-16.339	-0.068
22.7	-8.462	-15.822	-0.062
22.71	-8.441	-15.273	-0.055
22.72	-8.421	-14.753	-0.050
22.73	-8.402	-14.305	-0.051
22.74	-8.383	-13.889	-0.059
22.75	-8.364	-13.433	-0.068
22.76	-8.346	-12.914	-0.069
22.77	-8.327	-12.331	-0.066
22.78	-8.308	-11.689	-0.064
22.79	-8.290	-11.009	-0.060
22.8	-8.273	-10.345	-0.056
22.81	-8.255	-9.777	-0.059
22.82	-8.238	-9.350	-0.060
22.83	-8.221	-9.075	-0.055
22.84	-8.204	-8.966	-0.047
22.85	-8.188	-9.019	-0.031
22.86	-8.172	-9.202	-0.010
22.87	-8.158	-9.463	0.005
22.88	-8.142	-9.738	0.007
22.89	-8.127	-9.998	-0.010
22.9	-8.113	-10.238	-0.040
22.91	-8.100	-10.428	-0.072
22.92	-8.088	-10.538	-0.084
22.93	-8.077	-10.581	-0.074
22.94	-8.065	-10.633	-0.072
22.95	-8.050	-10.748	-0.078
22.96	-8.034	-10.970	-0.067
22.97	-8.022	-11.281	0.026
22.98	-8.011	-11.584	0.226
22.99	-8.001	-11.769	0.367
23.0	-7.991	-11.786	0.314
23.01	-7.979	-11.727	0.074
23.02	-7.968	-11.744	-0.132
23.03	-7.955	-11.864	-0.145
23.04	-7.943	-11.959	-0.107
23.05	-7.931	-11.919	-0.094
23.06	-7.920	-11.791	-0.084
23.07	-7.909	-11.650	-0.075
23.08	-7.899	-11.370	-0.068
23.09	-7.889	-10.323	-0.065
23.1	-7.879	-7.088	-0.061
23.11	-7.871	-0.269	-0.056
23.12	-7.862	9.794	-0.053
23.13	-7.854	20.775	-0.040
23.14	-7.845	29.883	-0.017
23.15	-7.838	35.281	-0.002
23.16	-7.831	36.477	0.020
23.17	-7.825	33.909	0.045
23.18	-7.819	28.445	0.060
23.19	-7.813	21.070	0.079
23.2	-7.806	12.761	0.102
23.21	-7.801	4.422	0.110
23.22	-7.796	-3.228	0.112
23.23	-7.792	-9.733	0.103
23.24	-7.789	-14.881	0.078
23.25	-7.787	-18.639	0.044
23.26	-7.787	-21.038	0.005
23.27	-7.786	-22.123	-0.030
23.28	-7.784	-21.972	-0.060
23.29	-7.780	-20.747	-0.079
23.3	-7.777	-18.731	-0.085
23.31	-7.777	-16.306	-0.087
23.32	-7.777	-13.927	-0.092
23.33	-7.777	-12.092	-0.095
23.34	-7.776	-11.159	-0.095
23.35	-7.775	-11.019	-0.096
23.36	-7.775	-11.084	-0.088
23.37	-7.775	-10.753	-0.076
23.38	-7.775	-9.777	-0.067
23.39	-7.774	-8.295	-0.060
23.4	-7.774	-6.580	-0.060
23.41	-7.773	-4.838	-0.058
23.42	-7.771	-3.205	-0.059
23.43	-7.770	-1.836	-0.061
23.44	-7.769	-0.903	-0.059
23.45	-7.768	-0.503	-0.054
23.46	-7.766	-0.644	-0.050
23.47	-7.765	-1.281	-0.051
23.48	-7.764	-2.356	-0.059
23.49	-7.762	-3.786	-0.067
23.5	-7.760	-5.434	-0.065
23.51	-7.758	-7.166	-0.063
23.52	-7.756	-8.884	-0.067
23.53	-7.755	-10.509	-0.069
23.54	-7.754	-11.955	-0.066
23.55	-7.753	-13.092	-0.067
23.56	-7.752	-13.833	-0.073
23.57	-7.751	-14.194	-0.079
23.58	-7.749	-14.250	-0.077
23.59	-7.748	-14.084	-0.071
23.6	-7.747	-13.784	-0.069
23.61	-7.745	-13.447	-0.060
23.62	-7.744	-13.136	-0.052
23.63	-7.742	-12.834	-0.057
23.64	-7.740	-12.495	-0.063
23.65	-7.737	-12.125	-0.057
23.66	-7.736	-11.773	-0.049
23.67	-7.734	-11.461	-0.055
23.68	-7.732	-11.122	-0.067
23.69	-7.731	-10.716	-0.071
23.7	-7.729	-10.289	-0.065
23.71	-7.728	-9.869	-0.060
23.72	-7.726	-9.436	-0.062
23.73	-7.723	-8.983	-0.062
23.74	-7.721	-8.536	-0.053
23.75	-7.718	-8.138	-0.045
23.76	-7.716	-7.808	-0.042
23.77	-7.714	-7.555	-0.030
23.78	-7.712	-7.395	-0.003
23.79	-7.710	-7.373	0.010
23.8	-7.709	-7.497	0.010
23.81	-7.708	-7.736	0.009
23.82	-7.706	-8.022	-0.012
23.83	-7.706	-8.281	-0.047
23.84	-7.705	-8.491	-0.068
23.85	-7.704	-8.648	-0.069
23.86	-7.704	-8.792	-0.069
23.87	-7.701	-8.981	-0.069
23.88	-7.698	-9.245	-0.066
23.89	-7.696	-9.577	0.003
23.9	-7.697	-9.947	0.211
23.91	-7.699	-10.266	0.397
23.92	-7.702	-10.447	0.372
23.93	-7.704	-10.519	0.125
23.94	-7.701	-10.586	-0.122
23.95	-7.695	-10.708	-0.164
23.96	-7.690	-10.822	-0.123
23.97	-7.688	-10.813	-0.103
23.98	-7.686	-10.689	-0.090
23.99	-7.683	-10.563	-0.081
24.0	-7.680	-10.373	-0.072
24.01	-7.677	-9.531	-0.064
24.02	-7.674	-6.613	-0.053
24.03	-7.672	-0.041	-0.039
24.04	-7.669	10.123	-0.034
24.05	-7.667	21.608	-0.026
24.06	-7.665	31.439	-0.015
24.07	-7.665	37.539	0.002
24.08	-7.666	39.219	0.022
24.09	-7.666	36.867	0.039
24.1	-7.666	31.417	0.067
24.11	-7.666	23.944	0.092
24.12	-7.665	15.470	0.101
24.13	-7.665	6.906	0.121
24.14	-7.665	-1.025	0.133
24.15	-7.664	-7.850	0.121
24.16	-7.664	-13.323	0.105
24.17	-7.664	-17.370	0.079
24.18	-7.666	-19.978	0.039
24.19	-7.668	-21.195	0.001
24.2	-7.668	-21.167	-0.033
24.21	-7.667	-20.127	-0.053
24.22	-7.666	-18.377	-0.066
24.23	-7.666	-16.283	-0.080
24.24	-7.668	-14.308	-0.088
24.25	-7.669	-12.895	-0.086
24.26	-7.670	-12.267	-0.081
24.27	-7.671	-12.256	-0.083
24.28	-7.673	-12.352	-0.085
24.29	-7.675	-12.006	-0.080
24.3	-7.678	-10.923	-0.079
24.31	-7.679	-9.189	-0.078
24.32	-7.682	-7.141	-0.067
24.33	-7.685	-5.142	-0.061
24.34	-7.689	-3.431	-0.066
24.35	-7.696	-2.116	-0.063
24.36	-7.706	-1.259	-0.063
24.37	-7.718	-0.922	-0.070
24.38	-7.731	-1.102	-0.072
24.39	-7.746	-1.745	-0.071
24.4	-7.760	-2.786	-0.076
24.41	-7.775	-4.158	-0.078
24.42	-7.790	-5.763	-0.070
24.43	-7.806	-7.483	-0.065
24.44	-7.821	-9.234	-0.070
24.45	-7.836	-10.922	-0.072
24.46	-7.851	-12.397	-0.067
24.47	-7.866	-13.523	-0.067
24.48	-7.881	-14.252	-0.077
24.49	-7.896	-14.617	-0.086
24.5	-7.912	-14.709	-0.082
24.51	-7.927	-14.606	-0.076
24.52	-7.941	-14.369	-0.069
24.53	-7.956	-14.030	-0.061
24.54	-7.970	-13.606	-0.058
24.55	-7.984	-13.120	-0.060
24.56	-7.998	-12.622	-0.063
24.57	-8.012	-12.153	-0.065
24.58	-8.026	-11.709	-0.062
24.59	-8.040	-11.270	-0.059
24.6	-8.053	-10.845	-0.061
24.61	-8.067	-10.459	-0.064
24.62	-8.080	-10.113	-0.059
24.63	-8.092	-9.808	-0.054
24.64	-8.105	-9.561	-0.054
24.65	-8.116	-9.342	-0.052
24.66	-8.128	-9.089	-0.047
24.67	-8.139	-8.781	-0.033
24.68	-8.151	-8.483	-0.011
24.69	-8.162	-8.297	0.009
24.7	-8.174	-8.269	0.026
24.71	-8.184	-8.386	0.029
24.72	-8.195	-8.623	0.019
24.73	-8.206	-8.947	-0.005
24.74	-8.217	-9.323	-0.036
24.75	-8.229	-9.709	-0.050
24.76	-8.241	-10.066	-0.050
24.77	-8.253	-10.369	-0.052
24.78	-8.264	-10.583	-0.058
24.79	-8.273	-10.739	-0.060
24.8	-8.282	-10.908	-0.006
24.81	-8.291	-11.108	0.187
24.82	-8.302	-11.291	0.395
24.83	-8.314	-11.400	0.404
24.84	-8.326	-11.478	0.178
24.85	-8.337	-11.627	-0.085
24.86	-8.344	-11.897	-0.151
24.87	-8.352	-12.227	-0.100
24.88	-8.361	-12.480	-0.074
24.89	-8.371	-12.616	-0.061
24.9	-8.379	-12.680	-0.060
24.91	-8.388	-12.630	-0.067
24.92	-8.397	-12.089	-0.062
24.93	-8.406	-9.888	-0.048
24.94	-8.416	-4.373	-0.031
24.95	-8.424	4.936	-0.013
24.96	-8.433	16.281	-0.002
24.97	-8.441	26.677	0.001
24.98	-8.450	33.705	0.008
24.99	-8.461	36.348	0.019
25.0	-8.473	34.797	0.033
25.01	-8.484	29.913	0.053
25.02	-8.495	22.838	0.081
25.03	-8.506	14.681	0.114
25.04	-8.516	6.333	0.138
25.05	-8.526	-1.570	0.140
25.06	-8.536	-8.611	0.126
25.07	-8.546	-14.525	0.103
25.08	-8.557	-19.152	0.069
25.09	-8.568	-22.403	0.035
25.1	-8.579	-24.277	-0.005
25.11	-8.588	-24.848	-0.038
25.12	-8.596	-24.242	-0.056
25.13	-8.604	-22.634	-0.069
25.14	-8.614	-20.327	-0.084
25.15	-8.624	-17.747	-0.096
25.16	-8.631	-15.398	-0.092
25.17	-8.639	-13.663	-0.089
25.18	-8.647	-12.558	-0.084
25.19	-8.654	-11.703	-0.071
25.2	-8.661	-10.594	-0.067
25.21	-8.666	-8.977	-0.067
25.22	-8.671	-6.953	-0.066
25.23	-8.675	-4.825	-0.061
25.24	-8.679	-2.895	-0.051
25.25	-8.683	-1.350	-0.053
25.26	-8.686	-0.291	-0.053
25.27	-8.691	0.220	-0.042
25.28	-8.694	0.119	-0.043
25.29	-8.699	-0.602	-0.053
25.3	-8.703	-1.831	-0.059
25.31	-8.707	-3.450	-0.058
25.32	-8.709	-5.397	-0.053
25.33	-8.712	-7.614	-0.052
25.34	-8.715	-9.963	-0.051
25.35	-8.718	-12.234	-0.051
25.36	-8.722	-14.238	-0.058
25.37	-8.727	-15.828	-0.061
25.38	-8.732	-16.914	-0.059
25.39	-8.738	-17.478	-0.067
25.4	-8.742	-17.605	-0.068
25.41	-8.748	-17.456	-0.054
25.42	-8.754	-17.163	-0.052
25.43	-8.761	-16.784	-0.060
25.44	-8.768	-16.334	-0.059
25.45	-8.776	-15.823	-0.053
25.46	-8.783	-15.328	-0.050
25.47	-8.787	-14.900	-0.049
25.48	-8.794	-14.500	-0.048
25.49	-8.801	-14.056	-0.045
25.5	-8.808	-13.538	-0.045
25.51	-8.814	-12.958	-0.052
25.52	-8.819	-12.323	-0.062
25.53	-8.823	-11.644	-0.057
25.54	-8.827	-10.958	-0.034
25.55	-8.831	-10.319	-0.023
25.56	-8.834	-9.759	-0.018
25.57	-8.836	-9.275	-0.009
25.58	-8.838	-8.878	0.004
25.59	-8.838	-8.627	0.017
25.6	-8.837	-8.548	0.010
25.61	-8.836	-8.602	-0.011
25.62	-8.834	-8.709	-0.030
25.63	-8.832	-8.827	-0.051
25.64	-8.831	-8.955	-0.065
25.65	-8.831	-9.117	-0.070
25.66	-8.831	-9.344	-0.077
25.67	-8.827	-9.677	-0.077
25.68	-8.821	-10.142	-0.069
25.69	-8.818	-10.702	0.018
25.7	-8.818	-11.261	0.222
25.71	-8.818	-11.705	0.357
25.72	-8.818	-11.961	0.295
25.73	-8.816	-12.123	0.068
25.74	-8.812	-12.336	-0.132
25.75	-8.804	-12.658	-0.146
25.76	-8.795	-13.017	-0.095
25.77	-8.789	-13.317	-0.074
25.78	-8.786	-13.567	-0.073
25.79	-8.784	-13.748	-0.077
25.8	-8.783	-13.667	-0.069
25.81	-8.783	-12.755	-0.056
25.82	-8.783	-9.719	-0.048
25.83	-8.781	-3.181	-0.046
25.84	-8.777	6.702	-0.044
25.85	-8.775	17.789	-0.038
25.86	-8.773	27.292	-0.023
25.87	-8.772	33.230	-0.011
25.88	-8.770	34.913	0.002
25.89	-8.769	32.667	0.031
25.9	-8.768	27.373	0.059
25.91	-8.766	20.086	0.086
25.92	-8.763	11.805	0.116
25.93	-8.759	3.436	0.130
25.94	-8.754	-4.277	0.130
25.95	-8.747	-10.886	0.120
25.96	-8.739	-16.230	0.092
25.97	-8.732	-20.289	0.052
25.98	-8.728	-23.047	0.003
25.99	-8.722	-24.472	-0.035
26.0	-8.714	-24.597	-0.057
26.01	-8.702	-23.613	-0.077
26.02	-8.688	-21.841	-0.093
26.03	-8.674	-19.670	-0.095
26.04	-8.660	-17.525	-0.093
26.05	-8.646	-15.831	-0.100
26.06	-8.633	-14.827	-0.104
26.07	-8.620	-14.341	-0.103
26.08	-8.608	-13.833	-0.096
26.09	-8.596	-12.795	-0.078
26.1	-8.584	-11.113	-0.065
26.11	-8.572	-9.059	-0.064
26.12	-8.562	-7.022	-0.065
26.13	-8.553	-5.255	-0.060
26.14	-8.546	-3.891	-0.067
26.15	-8.539	-3.009	-0.075
26.16	-8.533	-2.620	-0.060
26.17	-8.526	-2.639	-0.052
26.18	-8.518	-2.959	-0.063
26.19	-8.510	-3.542	-0.069
26.2	-8.502	-4.433	-0.065
26.21	-8.496	-5.678	-0.062
26.22	-8.489	-7.255	-0.068
26.23	-8.482	-9.108	-0.064
26.24	-8.475	-11.114	-0.059
26.25	-8.467	-13.064	-0.061
26.26	-8.458	-14.756	-0.061
26.27	-8.451	-16.033	-0.059
26.28	-8.443	-16.803	-0.062
26.29	-8.435	-17.067	-0.070
26.3	-8.427	-16.906	-0.070
26.31	-8.418	-16.472	-0.061
26.32	-8.409	-15.916	-0.059
26.33	-8.400	-15.328	-0.061
26.34	-8.391	-14.748	-0.060
26.35	-8.383	-14.206	-0.056
26.36	-8.373	-13.755	-0.050
26.37	-8.364	-13.395	-0.050
26.38	-8.354	-13.070	-0.054
26.39	-8.344	-12.714	-0.051
26.4	-8.334	-12.272	-0.047
26.41	-8.324	-11.734	-0.043
26.42	-8.314	-11.117	-0.043
26.43	-8.304	-10.458	-0.039
26.44	-8.294	-9.839	-0.021
26.45	-8.283	-9.355	0.002
26.46	-8.273	-9.063	0.016
26.47	-8.261	-8.959	0.018
26.48	-8.250	-8.989	0.016
26.49	-8.238	-9.078	0.004
26.5	-8.226	-9.177	-0.031
26.51	-8.214	-9.266	-0.059
26.52	-8.203	-9.348	-0.060
26.53	-8.193	-9.441	-0.062
26.54	-8.182	-9.547	-0.069
26.55	-8.168	-9.678	-0.067
26.56	-8.153	-9.853	-0.067
26.57	-8.142	-10.059	0.018
26.58	-8.132	-10.269	0.238
26.59	-8.123	-10.459	0.396
26.6	-8.113	-10.622	0.342
26.61	-8.101	-10.817	0.102
26.62	-8.087	-11.097	-0.110
26.63	-8.070	-11.466	-0.137
26.64	-8.053	-11.848	-0.108
26.65	-8.037	-12.125	-0.094
26.66	-8.023	-12.270	-0.083
26.67	-8.008	-12.286	-0.076
26.68	-7.994	-12.039	-0.063
26.69	-7.981	-10.944	-0.053
26.7	-7.969	-7.684	-0.049
26.71	-7.957	-0.956	-0.049
26.72	-7.944	8.992	-0.045
26.73	-7.931	19.977	-0.034
26.74	-7.919	29.238	-0.018
26.75	-7.907	34.844	0.002
26.76	-7.896	36.159	0.018
26.77	-7.886	33.572	0.041
26.78	-7.875	27.972	0.070
26.79	-7.865	20.409	0.086
26.8	-7.855	11.909	0.097
26.81	-7.845	3.364	0.110
26.82	-7.836	-4.530	0.116
26.83	-7.826	-11.305	0.105
26.84	-7.815	-16.714	0.078
26.85	-7.806	-20.675	0.047
26.86	-7.799	-23.197	0.012
26.87	-7.791	-24.338	-0.023
26.88	-7.782	-24.195	-0.053
26.89	-7.773	-22.945	-0.074
26.9	-7.763	-20.908	-0.089
26.91	-7.754	-18.538	-0.101
26.92	-7.746	-16.277	-0.105
26.93	-7.736	-14.519	-0.102
26.94	-7.727	-13.467	-0.096
26.95	-7.718	-12.981	-0.093
26.96	-7.709	-12.606	-0.089
26.97	-7.701	-11.834	-0.087
26.98	-7.692	-10.442	-0.081
26.99	-7.684	-8.586	-0.078
27.0	-7.676	-6.608	-0.080
27.01	-7.667	-4.795	-0.076
27.02	-7.659	-3.303	-0.068
27.03	-7.651	-2.214	-0.062
27.04	-7.643	-1.594	-0.066
27.05	-7.636	-1.491	-0.071
27.06	-7.628	-1.892	-0.068
27.07	-7.621	-2.716	-0.067
27.08	-7.612	-3.842	-0.071
27.09	-7.605	-5.166	-0.070
27.1	-7.597	-6.628	-0.059
27.11	-7.590	-8.197	-0.057
27.12	-7.584	-9.798	-0.070
27.13	-7.578	-11.313	-0.074
27.14	-7.572	-12.620	-0.072
27.15	-7.566	-13.666	-0.076
27.16	-7.561	-14.416	-0.081
27.17	-7.555	-14.825	-0.080
27.18	-7.549	-14.917	-0.070
27.19	-7.543	-14.797	-0.063
27.2	-7.536	-14.561	-0.069
27.21	-7.529	-14.281	-0.076
27.22	-7.524	-13.972	-0.074
27.23	-7.518	-13.642	-0.067
27.24	-7.511	-13.298	-0.070
27.25	-7.505	-12.931	-0.077
27.26	-7.501	-12.522	-0.074
27.27	-7.496	-12.033	-0.065
27.28	-7.491	-11.456	-0.067
27.29	-7.486	-10.830	-0.076
27.3	-7.481	-10.205	-0.073
27.31	-7.475	-9.611	-0.070
27.32	-7.470	-9.058	-0.073
27.33	-7.466	-8.566	-0.073
27.34	-7.462	-8.172	-0.068
27.35	-7.457	-7.897	-0.059
27.36	-7.451	-7.741	-0.049
27.37	-7.445	-7.669	-0.043
27.38	-7.441	-7.661	-0.037
27.39	-7.436	-7.750	-0.020
27.4	-7.432	-7.969	-0.004
27.41	-7.428	-8.272	0.006
27.42	-7.424	-8.595	0.009
27.43	-7.420	-8.909	0.005
27.44	-7.415	-9.206	-0.009
27.45	-7.411	-9.456	-0.037
27.46	-7.408	-9.623	-0.063
27.47	-7.407	-9.686	-0.065
27.48	-7.406	-9.663	-0.063
27.49	-7.403	-9.623	-0.069
27.5	-7.398	-9.659	-0.068
27.51	-7.394	-9.816	-0.012
27.52	-7.390	-10.056	0.172
27.53	-7.388	-10.289	0.367
27.54	-7.388	-10.417	0.382
27.55	-7.387	-10.466	0.173
27.56	-7.384	-10.497	-0.086
27.57	-7.380	-10.530	-0.160
27.58	-7.375	-10.525	-0.116
27.59	-7.371	-10.363	-0.087
27.6	-7.368	-10.048	-0.074
27.61	-7.365	-9.734	-0.072
27.62	-7.363	-9.414	-0.067
27.63	-7.361	-8.539	-0.055
27.64	-7.360	-5.698	-0.050
27.65	-7.358	0.717	-0.047
27.66	-7.356	10.705	-0.037
27.67	-7.354	22.083	-0.026
27.68	-7.353	31.948	-0.012
27.69	-7.353	38.180	0.002
27.7	-7.352	39.989	0.021
27.71	-7.351	37.723	0.047
27.72	-7.349	32.319	0.069
27.73	-7.348	24.848	0.092
27.74	-7.348	16.338	0.112
27.75	-7.348	7.642	0.128
27.76	-7.348	-0.598	0.137
27.77	-7.347	-7.881	0.127
27.78	-7.346	-13.836	0.110
27.79	-7.347	-18.252	0.081
27.8	-7.348	-21.113	0.043
27.81	-7.351	-22.536	0.005
27.82	-7.351	-22.670	-0.028
27.83	-7.351	-21.673	-0.046
27.84	-7.349	-19.798	-0.057
27.85	-7.348	-17.439	-0.069
27.86	-7.349	-15.086	-0.076
27.87	-7.349	-13.219	-0.081
27.88	-7.351	-12.155	-0.083
27.89	-7.352	-11.839	-0.080
27.9	-7.353	-11.839	-0.077
27.91	-7.355	-11.567	-0.077
27.92	-7.357	-10.664	-0.068
27.93	-7.359	-9.167	-0.057
27.94	-7.361	-7.383	-0.057
27.95	-7.362	-5.663	-0.061
27.96	-7.364	-4.231	-0.065
27.97	-7.365	-3.144	-0.060
27.98	-7.367	-2.411	-0.056
27.99	-7.367	-2.077	-0.061
28.0	-7.368	-2.177	-0.067
28.01	-7.369	-2.697	-0.067
28.02	-7.369	-3.577	-0.062
28.03	-7.371	-4.750	-0.066
28.04	-7.373	-6.159	-0.073
28.05	-7.374	-7.723	-0.074
28.06	-7.375	-9.359	-0.070
28.07	-7.376	-10.952	-0.066
28.08	-7.376	-12.341	-0.066
28.09	-7.377	-13.395	-0.067
28.1	-7.378	-14.075	-0.064
28.11	-7.379	-14.425	-0.063
28.12	-7.381	-14.534	-0.062
28.13	-7.383	-14.489	-0.065
28.14	-7.384	-14.381	-0.064
28.15	-7.386	-14.266	-0.056
28.16	-7.388	-14.111	-0.057
28.17	-7.389	-13.853	-0.064
28.18	-7.391	-13.456	-0.063
28.19	-7.393	-12.925	-0.056
28.2	-7.394	-12.311	-0.054
28.21	-7.394	-11.661	-0.060
28.22	-7.394	-11.016	-0.060
28.23	-7.395	-10.416	-0.059
28.24	-7.395	-9.859	-0.059
28.25	-7.396	-9.322	-0.055
28.26	-7.397	-8.813	-0.053
28.27	-7.398	-8.352	-0.055
28.28	-7.399	-7.930	-0.054
28.29	-7.401	-7.556	-0.057
28.3	-7.402	-7.283	-0.058
28.31	-7.403	-7.156	-0.052
28.32	-7.404	-7.184	-0.050
28.33	-7.406	-7.339	-0.045
28.34	-7.407	-7.548	-0.034
28.35	-7.409	-7.747	-0.018
28.36	-7.411	-7.917	-0.007
28.37	-7.414	-8.067	-0.004
28.38	-7.418	-8.217	0.012
28.39	-7.422	-8.391	0.027
28.4	-7.427	-8.606	0.021
28.41	-7.431	-8.873	0.003
28.42	-7.436	-9.155	-0.026
28.43	-7.440	-9.405	-0.049
28.44	-7.447	-9.594	-0.056
28.45	-7.459	-9.722	-0.064
28.46	-7.472	-9.806	-0.068
28.47	-7.482	-9.903	-0.058
28.48	-7.492	-10.070	-0.043
28.49	-7.504	-10.284	0.071
28.5	-7.521	-10.464	0.300
28.51	-7.539	-10.506	0.428
28.52	-7.560	-10.378	0.310
28.53	-7.580	-10.189	0.022
28.54	-7.597	-10.067	-0.158
28.55	-7.609	-10.044	-0.139
28.56	-7.621	-10.033	-0.093
28.57	-7.633	-9.964	-0.077
28.58	-7.646	-9.905	-0.067
28.59	-7.658	-9.905	-0.052
28.6	-7.670	-9.719	-0.045
28.61	-7.683	-8.406	-0.049
28.62	-7.696	-4.244	-0.048
28.63	-7.710	3.967	-0.043
28.64	-7.723	15.255	-0.034
28.65	-7.736	26.786	-0.019
28.66	-7.749	35.675	-0.007
28.67	-7.763	40.227	0.003
28.68	-7.776	40.133	0.020
28.69	-7.791	36.119	0.046
28.7	-7.804	29.366	0.074
28.71	-7.817	21.045	0.093
28.72	-7.831	12.159	0.106
28.73	-7.844	3.552	0.123
28.74	-7.858	-4.136	0.132
28.75	-7.871	-10.541	0.124
28.76	-7.884	-15.567	0.093
28.77	-7.898	-19.264	0.054
28.78	-7.913	-21.691	0.016
28.79	-7.928	-22.853	-0.021
28.8	-7.941	-22.773	-0.046
28.81	-7.954	-21.608	-0.063
28.82	-7.967	-19.630	-0.075
28.83	-7.980	-17.219	-0.076
28.84	-7.993	-14.861	-0.081
28.85	-8.004	-13.025	-0.080
28.86	-8.016	-11.955	-0.073
28.87	-8.029	-11.495	-0.077
28.88	-8.042	-11.138	-0.083
28.89	-8.055	-10.364	-0.074
28.9	-8.068	-9.009	-0.064
28.91	-8.081	-7.259	-0.067
28.92	-8.093	-5.423	-0.063
28.93	-8.106	-3.763	-0.050
28.94	-8.118	-2.448	-0.048
28.95	-8.131	-1.558	-0.046
28.96	-8.142	-1.113	-0.044
28.97	-8.153	-1.116	-0.051
28.98	-8.166	-1.564	-0.053
28.99	-8.178	-2.434	-0.046
29.0	-8.188	-3.681	-0.050
29.01	-8.197	-5.222	-0.060
29.02	-8.207	-6.964	-0.055
29.03	-8.218	-8.817	-0.053
29.04	-8.229	-10.658	-0.050
29.05	-8.240	-12.377	-0.051
29.06	-8.249	-13.858	-0.054
29.07	-8.259	-14.977	-0.052
29.08	-8.270	-15.695	-0.057
29.09	-8.281	-16.061	-0.061
29.1	-8.291	-16.175	-0.057
29.11	-8.303	-16.155	-0.049
29.12	-8.313	-16.078	-0.049
29.13	-8.322	-15.978	-0.058
29.14	-8.332	-15.858	-0.059
29.15	-8.342	-15.672	-0.061
29.16	-8.353	-15.367	-0.065
29.17	-8.362	-14.941	-0.068
29.18	-8.371	-14.423	-0.066
29.19	-8.379	-13.830	-0.057
29.2	-8.387	-13.147	-0.057
29.21	-8.396	-12.372	-0.059
29.22	-8.405	-11.564	-0.058
29.23	-8.414	-10.809	-0.058
29.24	-8.424	-10.189	-0.049
29.25	-8.433	-9.750	-0.043
29.26	-8.442	-9.509	-0.041
29.27	-8.450	-9.439	-0.031
29.28	-8.458	-9.491	-0.025
29.29	-8.466	-9.628	-0.016
29.3	-8.473	-9.813	0.003
29.31	-8.479	-10.019	0.012
29.32	-8.485	-10.223	0.003
29.33	-8.491	-10.359	-0.008
29.34	-8.497	-10.389	-0.031
29.35	-8.502	-10.353	-0.059
29.36	-8.509	-10.333	-0.068
29.37	-8.517	-10.389	-0.068
29.38	-8.524	-10.552	-0.065
29.39	-8.527	-10.834	-0.065
29.4	-8.529	-11.223	-0.049
29.41	-8.531	-11.644	0.088
29.42	-8.533	-11.998	0.298
29.43	-8.538	-12.223	0.375
29.44	-8.543	-12.341	0.220
29.45	-8.546	-12.481	-0.066
29.46	-8.547	-12.711	-0.205
29.47	-8.546	-12.970	-0.164
29.48	-8.546	-13.139	-0.118
29.49	-8.547	-13.177	-0.093
29.5	-8.549	-13.155	-0.083
29.51	-8.551	-13.125	-0.082
29.52	-8.551	-12.938	-0.078
29.53	-8.550	-11.917	-0.073
29.54	-8.549	-8.555	-0.068
29.55	-8.548	-1.467	-0.055
29.56	-8.547	8.911	-0.036
29.57	-8.546	20.180	-0.020
29.58	-8.545	29.481	-0.012
29.59	-8.543	34.933	0.002
29.6	-8.541	36.025	0.025
29.61	-8.537	33.228	0.055
29.62	-8.531	27.480	0.087
29.63	-8.522	19.833	0.117
29.64	-8.509	11.361	0.142
29.65	-8.492	2.977	0.151
29.66	-8.474	-4.723	0.150
29.67	-8.454	-11.381	0.140
29.68	-8.435	-16.873	0.111
29.69	-8.418	-21.138	0.071
29.7	-8.402	-24.119	0.025
29.71	-8.385	-25.858	-0.018
29.72	-8.366	-26.395	-0.048
29.73	-8.345	-25.825	-0.064
29.74	-8.326	-24.356	-0.069
29.75	-8.307	-22.306	-0.073
29.76	-8.289	-20.122	-0.077
29.77	-8.270	-18.275	-0.073
29.78	-8.252	-17.023	-0.067
29.79	-8.236	-16.202	-0.065
29.8	-8.220	-15.338	-0.066
29.81	-8.204	-13.995	-0.062
29.82	-8.189	-12.083	-0.054
29.83	-8.174	-9.853	-0.045
29.84	-8.159	-7.630	-0.041
29.85	-8.146	-5.605	-0.046
29.86	-8.133	-3.872	-0.045
29.87	-8.119	-2.495	-0.040
29.88	-8.107	-1.523	-0.046
29.89	-8.094	-0.992	-0.050
29.9	-8.083	-0.934	-0.048
29.91	-8.072	-1.384	-0.047
29.92	-8.061	-2.395	-0.044
29.93	-8.050	-3.967	-0.048
29.94	-8.039	-6.017	-0.058
29.95	-8.028	-8.373	-0.066
29.96	-8.018	-10.791	-0.065
29.97	-8.006	-13.016	-0.057
29.98	-7.995	-14.847	-0.054
29.99	-7.984	-16.156	-0.056
30.0	-7.973	-16.898	-0.063
30.01	-7.963	-17.142	-0.065
30.02	-7.953	-17.086	-0.055
30.03	-7.943	-16.920	-0.053
30.04	-7.933	-16.723	-0.057
30.05	-7.923	-16.502	-0.063
30.06	-7.913	-16.252	-0.072
30.07	-7.902	-15.992	-0.071
30.08	-7.891	-15.719	-0.064
30.09	-7.881	-15.378	-0.061
30.1	-7.871	-14.920	-0.064
30.11	-7.861	-14.313	-0.065
30.12	-7.852	-13.544	-0.053
30.13	-7.844	-12.636	-0.040
30.14	-7.835	-11.658	-0.031
30.15	-7.826	-10.700	-0.017
30.16	-7.816	-9.850	-0.007
30.17	-7.806	-9.175	0.003
30.18	-7.798	-8.727	0.012
30.19	-7.789	-8.502	-0.005
30.2	-7.779	-8.447	-0.042
30.21	-7.769	-8.498	-0.067
30.22	-7.759	-8.589	-0.071
30.23	-7.751	-8.673	-0.065
30.24	-7.743	-8.731	-0.070
30.25	-7.732	-8.794	-0.083
30.26	-7.721	-8.892	-0.075
30.27	-7.711	-9.045	0.031
30.28	-7.703	-9.269	0.250
30.29	-7.696	-9.502	0.390
30.3	-7.689	-9.664	0.304
30.31	-7.682	-9.811	0.038
30.32	-7.674	-10.069	-0.161
30.33	-7.663	-10.464	-0.161
30.34	-7.652	-10.877	-0.112
30.35	-7.642	-11.173	-0.093
30.36	-7.632	-11.355	-0.097
30.37	-7.623	-11.484	-0.094
30.38	-7.612	-11.450	-0.066
30.39	-7.603	-10.623	-0.051
30.4	-7.594	-7.680	-0.048
30.41	-7.586	-1.259	-0.045
30.42	-7.578	8.522	-0.041
30.43	-7.569	19.573	-0.027
30.44	-7.562	29.127	-0.015
30.45	-7.554	35.144	-0.007
30.46	-7.548	36.853	0.015
30.47	-7.543	34.586	0.043
30.48	-7.538	29.275	0.059
30.49	-7.532	21.998	0.078
30.5	-7.529	13.723	0.113
30.51	-7.524	5.263	0.137
30.52	-7.520	-2.680	0.132
30.53	-7.514	-9.578	0.109
30.54	-7.509	-15.181	0.076
30.55	-7.506	-19.413	0.043
30.56	-7.503	-22.291	0.015
30.57	-7.499	-23.906	-0.019
30.58	-7.495	-24.334	-0.053
30.59	-7.491	-23.647	-0.068
30.6	-7.487	-22.044	-0.072
30.61	-7.484	-19.852	-0.074
30.62	-7.481	-17.506	-0.073
30.63	-7.478	-15.488	-0.074
30.64	-7.475	-14.116	-0.072
30.65	-7.472	-13.338	-0.069
30.66	-7.469	-12.708	-0.064
30.67	-7.466	-11.689	-0.056
30.68	-7.464	-10.038	-0.060
30.69	-7.461	-7.930	-0.066
30.7	-7.458	-5.750	-0.058
30.71	-7.455	-3.816	-0.050
30.72	-7.453	-2.289	-0.049
30.73	-7.452	-1.208	-0.048
30.74	-7.450	-0.589	-0.050
30.75	-7.447	-0.438	-0.056
30.76	-7.444	-0.703	-0.058
30.77	-7.442	-1.328	-0.061
30.78	-7.439	-2.291	-0.061
30.79	-7.438	-3.575	-0.060
30.8	-7.436	-5.159	-0.062
30.81	-7.434	-6.970	-0.064
30.82	-7.432	-8.872	-0.070
30.83	-7.431	-10.700	-0.073
30.84	-7.429	-12.277	-0.067
30.85	-7.428	-13.461	-0.060
30.86	-7.427	-14.227	-0.056
30.87	-7.426	-14.650	-0.056
30.88	-7.424	-14.852	-0.055
30.89	-7.423	-14.920	-0.055
30.9	-7.423	-14.883	-0.061
30.91	-7.423	-14.739	-0.067
30.92	-7.422	-14.520	-0.067
30.93	-7.421	-14.258	-0.062
30.94	-7.421	-13.930	-0.063
30.95	-7.419	-13.503	-0.070
30.96	-7.419	-12.955	-0.065
30.97	-7.419	-12.294	-0.055
30.98	-7.420	-11.577	-0.050
30.99	-7.421	-10.867	-0.040
31.0	-7.422	-10.195	-0.026
31.01	-7.422	-9.555	-0.012
31.02	-7.422	-8.959	-0.000
31.03	-7.423	-8.431	0.012
31.04	-7.423	-8.000	0.018
31.05	-7.423	-7.681	0.015
31.06	-7.424	-7.469	0.002
31.07	-7.424	-7.344	-0.028
31.08	-7.423	-7.258	-0.055
31.09	-7.423	-7.136	-0.064
31.1	-7.426	-6.972	-0.066
31.11	-7.428	-6.838	-0.074
31.12	-7.426	-6.831	-0.076
31.13	-7.424	-7.008	-0.049
31.14	-7.423	-7.327	0.092
31.15	-7.425	-7.702	0.314
31.16	-7.429	-8.045	0.418
31.17	-7.434	-8.339	0.287
31.18	-7.439	-8.638	0.003
31.19	-7.441	-8.994	-0.155
31.2	-7.438	-9.402	-0.130
31.21	-7.434	-9.720	-0.096
31.22	-7.434	-9.841	-0.084
31.23	-7.436	-9.828	-0.080
31.24	-7.434	-9.761	-0.077
31.25	-7.433	-9.430	-0.060
31.26	-7.433	-7.961	-0.039
31.27	-7.433	-3.753	-0.028
31.28	-7.434	4.328	-0.025
31.29	-7.434	15.402	-0.027
31.3	-7.435	26.772	-0.022
31.31	-7.436	35.566	-0.008
31.32	-7.439	40.048	0.013
31.33	-7.441	39.963	0.031
31.34	-7.443	36.084	0.049
31.35	-7.445	29.583	0.086
31.36	-7.447	21.592	0.122
31.37	-7.448	13.050	0.133
31.38	-7.449	4.681	0.134
31.39	-7.450	-3.005	0.131
31.4	-7.450	-9.652	0.118
31.41	-7.451	-15.055	0.096
31.42	-7.453	-19.142	0.059
31.43	-7.456	-21.892	0.018
31.44	-7.458	-23.292	-0.015
31.45	-7.459	-23.397	-0.049
31.46	-7.458	-22.386	-0.068
31.47	-7.458	-20.570	-0.070
31.48	-7.458	-18.369	-0.073
31.49	-7.459	-16.264	-0.080
31.5	-7.461	-14.689	-0.083
31.51	-7.463	-13.839	-0.080
31.52	-7.465	-13.503	-0.076
31.53	-7.468	-13.156	-0.070
31.54	-7.472	-12.331	-0.061
31.55	-7.476	-10.906	-0.057
31.56	-7.479	-9.059	-0.058
31.57	-7.482	-7.072	-0.055
31.58	-7.486	-5.163	-0.051
31.59	-7.489	-3.469	-0.052
31.6	-7.494	-2.089	-0.059
31.61	-7.499	-1.077	-0.064
31.62	-7.503	-0.491	-0.059
31.63	-7.508	-0.389	-0.054
31.64	-7.514	-0.795	-0.058
31.65	-7.519	-1.700	-0.066
31.66	-7.524	-3.070	-0.068
31.67	-7.530	-4.827	-0.070
31.68	-7.536	-6.830	-0.073
31.69	-7.543	-8.916	-0.077
31.7	-7.550	-10.930	-0.074
31.71	-7.558	-12.692	-0.062
31.72	-7.568	-14.073	-0.055
31.73	-7.579	-15.042	-0.059
31.74	-7.591	-15.608	-0.062
31.75	-7.604	-15.800	-0.059
31.76	-7.617	-15.700	-0.056
31.77	-7.632	-15.397	-0.060
31.78	-7.646	-14.958	-0.070
31.79	-7.661	-14.439	-0.075
31.8	-7.675	-13.883	-0.070
31.81	-7.690	-13.333	-0.070
31.82	-7.704	-12.814	-0.072
31.83	-7.720	-12.345	-0.061
31.84	-7.735	-11.956	-0.047
31.85	-7.749	-11.647	-0.051
31.86	-7.764	-11.363	-0.058
31.87	-7.778	-11.020	-0.057
31.88	-7.792	-10.544	-0.050
31.89	-7.806	-9.927	-0.037
31.9	-7.821	-9.244	-0.025
31.91	-7.836	-8.591	-0.017
31.92	-7.852	-8.050	-0.001
31.93	-7.869	-7.673	0.018
31.94	-7.884	-7.470	0.018
31.95	-7.900	-7.392	-0.005
31.96	-7.914	-7.377	-0.043
31.97	-7.928	-7.397	-0.068
31.98	-7.942	-7.419	-0.067
31.99	-7.958	-7.414	-0.066
32.0	-7.971	-7.406	-0.072
32.01	-7.982	-7.481	-0.070
32.02	-7.993	-7.742	-0.028
32.03	-8.004	-8.203	0.130
32.04	-8.017	-8.753	0.341
32.05	-8.029	-9.264	0.400
32.06	-8.043	-9.705	0.225
32.07	-8.056	-10.113	-0.059
32.08	-8.068	-10.495	-0.178
32.09	-8.079	-10.816	-0.129
32.1	-8.089	-11.005	-0.089
32.11	-8.100	-11.078	-0.077
32.12	-8.110	-11.172	-0.079
32.13	-8.119	-11.319	-0.075
32.14	-8.129	-11.225	-0.059
32.15	-8.140	-9.873	-0.045
32.16	-8.151	-5.473	-0.033
32.17	-8.161	3.116	-0.028
32.18	-8.170	14.750	-0.024
32.19	-8.180	26.455	-0.018
32.2	-8.191	35.275	-0.004
32.21	-8.201	39.542	0.026
32.22	-8.211	39.045	0.046
32.23	-8.221	34.572	0.056
32.24	-8.232	27.330	0.083
32.25	-8.242	18.559	0.107
32.26	-8.252	9.331	0.121
32.27	-8.262	0.495	0.136
32.28	-8.273	-7.313	0.133
32.29	-8.281	-13.692	0.108
32.3	-8.290	-18.533	0.077
32.31	-8.300	-21.906	0.044
32.32	-8.310	-23.916	0.011
32.33	-8.319	-24.703	-0.016
32.34	-8.326	-24.453	-0.043
32.35	-8.334	-23.388	-0.066
32.36	-8.344	-21.759	-0.081
32.37	-8.353	-19.869	-0.084
32.38	-8.362	-18.063	-0.087
32.39	-8.370	-16.650	-0.094
32.4	-8.379	-15.702	-0.088
32.41	-8.388	-14.913	-0.077
32.42	-8.396	-13.772	-0.074
32.43	-8.403	-11.897	-0.074
32.44	-8.409	-9.320	-0.075
32.45	-8.414	-6.452	-0.077
32.46	-8.420	-3.752	-0.070
32.47	-8.428	-1.550	-0.066
32.48	-8.436	-0.030	-0.071
32.49	-8.444	0.783	-0.070
32.5	-8.451	0.967	-0.066
32.51	-8.459	0.614	-0.071
32.52	-8.467	-0.203	-0.073
32.53	-8.475	-1.431	-0.073
32.54	-8.482	-3.047	-0.079
32.55	-8.489	-4.997	-0.075
32.56	-8.494	-7.170	-0.068
32.57	-8.501	-9.442	-0.070
32.58	-8.508	-11.648	-0.072
32.59	-8.515	-13.600	-0.077
32.6	-8.523	-15.153	-0.082
32.61	-8.530	-16.242	-0.079
32.62	-8.537	-16.895	-0.076
32.63	-8.544	-17.217	-0.077
32.64	-8.552	-17.317	-0.071
32.65	-8.559	-17.269	-0.065
32.66	-8.565	-17.122	-0.064
32.67	-8.571	-16.905	-0.066
32.68	-8.576	-16.611	-0.069
32.69	-8.580	-16.220	-0.063
32.7	-8.584	-15.731	-0.056
32.71	-8.589	-15.167	-0.056
32.72	-8.592	-14.570	-0.053
32.73	-8.596	-13.963	-0.042
32.74	-8.599	-13.350	-0.038
32.75	-8.601	-12.711	-0.039
32.76	-8.603	-12.027	-0.029
32.77	-8.605	-11.323	-0.012
32.78	-8.607	-10.648	0.001
32.79	-8.607	-10.064	0.001
32.8	-8.608	-9.617	-0.014
32.81	-8.607	-9.297	-0.034
32.82	-8.605	-9.053	-0.052
32.83	-8.602	-8.842	-0.072
32.84	-8.599	-8.681	-0.084
32.85	-8.596	-8.616	-0.086
32.86	-8.588	-8.653	-0.086
32.87	-8.571	-8.808	-0.084
32.88	-8.551	-9.075	-0.039
32.89	-8.534	-9.406	0.124
32.9	-8.518	-9.741	0.316
32.91	-8.503	-10.002	0.358
32.92	-8.488	-10.186	0.181
32.93	-8.467	-10.381	-0.087
32.94	-8.439	-10.648	-0.177
32.95	-8.406	-10.945	-0.128
32.96	-8.373	-11.192	-0.100
32.97	-8.345	-11.411	-0.090
32.98	-8.318	-11.714	-0.084
32.99	-8.293	-12.098	-0.075
33.0	-8.268	-12.195	-0.057
33.01	-8.246	-10.888	-0.044
33.02	-8.224	-6.436	-0.037
33.03	-8.203	2.127	-0.033
33.04	-8.183	13.602	-0.029
33.05	-8.163	25.127	-0.020
33.06	-8.146	33.864	-0.002
33.07	-8.131	38.183	0.024
33.08	-8.116	37.853	0.050
33.09	-8.102	33.584	0.079
33.1	-8.088	26.494	0.109
33.11	-8.073	17.803	0.132
33.12	-8.058	8.617	0.150
33.13	-8.043	-0.184	0.146
33.14	-8.027	-8.020	0.127
33.15	-8.012	-14.617	0.111
33.16	-7.998	-19.850	0.084
33.17	-7.985	-23.636	0.041
33.18	-7.973	-25.964	-0.006
33.19	-7.960	-26.945	-0.039
33.2	-7.947	-26.747	-0.057
33.21	-7.934	-25.556	-0.070
33.22	-7.922	-23.631	-0.083
33.23	-7.911	-21.375	-0.095
33.24	-7.899	-19.294	-0.096
33.25	-7.888	-17.783	-0.092
33.26	-7.876	-16.852	-0.092
33.27	-7.864	-16.094	-0.085
33.28	-7.853	-14.964	-0.073
33.29	-7.843	-13.127	-0.069
33.3	-7.832	-10.613	-0.068
33.31	-7.821	-7.727	-0.057
33.32	-7.811	-4.884	-0.045
33.33	-7.801	-2.450	-0.043
33.34	-7.792	-0.652	-0.043
33.35	-7.782	0.456	-0.046
33.36	-7.774	0.933	-0.047
33.37	-7.765	0.852	-0.052
33.38	-7.756	0.256	-0.064
33.39	-7.748	-0.805	-0.064
33.4	-7.739	-2.270	-0.050
33.41	-7.731	-4.077	-0.046
33.42	-7.722	-6.161	-0.057
33.43	-7.714	-8.389	-0.067
33.44	-7.707	-10.545	-0.065
33.45	-7.699	-12.423	-0.059
33.46	-7.691	-13.892	-0.061
33.47	-7.684	-14.919	-0.065
33.48	-7.677	-15.538	-0.071
33.49	-7.669	-15.806	-0.070
33.5	-7.663	-15.819	-0.062
33.51	-7.656	-15.691	-0.061
33.52	-7.650	-15.502	-0.056
33.53	-7.643	-15.280	-0.049
33.54	-7.637	-15.014	-0.047
33.55	-7.631	-14.719	-0.050
33.56	-7.624	-14.420	-0.056
33.57	-7.618	-14.075	-0.060
33.58	-7.611	-13.589	-0.051
33.59	-7.604	-12.958	-0.035
33.6	-7.599	-12.250	-0.020
33.61	-7.594	-11.523	-0.005
33.62	-7.589	-10.772	0.015
33.63	-7.586	-9.973	0.025
33.64	-7.581	-9.200	0.010
33.65	-7.577	-8.541	-0.012
33.66	-7.571	-8.008	-0.041
33.67	-7.566	-7.553	-0.070
33.68	-7.561	-7.145	-0.077
33.69	-7.557	-6.836	-0.076
33.7	-7.552	-6.708	-0.068
33.71	-7.545	-6.788	-0.065
33.72	-7.539	-7.042	-0.040
33.73	-7.533	-7.417	0.122
33.74	-7.529	-7.827	0.334
33.75	-7.526	-8.158	0.388
33.76	-7.523	-8.378	0.221
33.77	-7.519	-8.541	-0.044
33.78	-7.516	-8.736	-0.155
33.79	-7.511	-9.014	-0.118
33.8	-7.506	-9.327	-0.082
33.81	-7.502	-9.616	-0.073
33.82	-7.497	-9.897	-0.072
33.83	-7.492	-10.095	-0.064
33.84	-7.487	-9.791	-0.058
33.85	-7.484	-7.795	-0.056
33.86	-7.480	-2.372	-0.048
33.87	-7.478	7.148	-0.032
33.88	-7.474	19.164	-0.012
33.89	-7.472	30.681	-0.007
33.9	-7.470	38.997	-0.007
33.91	-7.469	42.691	0.019
33.92	-7.468	41.695	0.051
33.93	-7.466	36.822	0.066
33.94	-7.465	29.286	0.079
33.95	-7.464	20.334	0.105
33.96	-7.464	11.027	0.135
33.97	-7.463	2.177	0.148
33.98	-7.462	-5.666	0.153
33.99	-7.460	-12.198	0.145
34.0	-7.459	-17.284	0.110
34.01	-7.459	-20.903	0.069
34.02	-7.459	-23.098	0.037
34.03	-7.459	-23.925	-0.003
34.04	-7.458	-23.497	-0.034
34.05	-7.456	-22.070	-0.041
34.06	-7.455	-20.023	-0.046
34.07	-7.456	-17.827	-0.057
34.08	-7.456	-15.950	-0.064
34.09	-7.456	-14.709	-0.064
34.1	-7.456	-14.086	-0.062
34.11	-7.456	-13.658	-0.064
34.12	-7.458	-12.853	-0.057
34.13	-7.459	-11.350	-0.048
34.14	-7.460	-9.264	-0.051
34.15	-7.461	-6.984	-0.053
34.16	-7.462	-4.889	-0.043
34.17	-7.463	-3.134	-0.036
34.18	-7.463	-1.759	-0.038
34.19	-7.464	-0.836	-0.043
34.2	-7.466	-0.406	-0.048
34.21	-7.466	-0.444	-0.056
34.22	-7.467	-0.894	-0.065
34.23	-7.468	-1.713	-0.061
34.24	-7.469	-2.883	-0.055
34.25	-7.469	-4.377	-0.058
34.26	-7.470	-6.138	-0.065
34.27	-7.471	-8.058	-0.064
34.28	-7.472	-9.988	-0.055
34.29	-7.473	-11.753	-0.057
34.3	-7.474	-13.217	-0.065
34.31	-7.474	-14.309	-0.062
34.32	-7.476	-14.981	-0.053
34.33	-7.478	-15.250	-0.042
34.34	-7.479	-15.245	-0.038
