Interval=	0.01 s
ExcelDateTime=	3.9770428408664571e+004	18/11/2008 10:16:54.508619
TimeFormat=	StartOfBlock
ChannelTitle=	Channel 1	Channel 2	Channel 3
Range=	20.000 mV	50.000 mV	2.000 mV
0.0	-8.206	-9.358	-0.011
0.01	-8.208	-9.263	-0.044
0.02	-8.211	-9.273	-0.070
0.03	-8.211	-9.478	-0.074
0.04	-8.208	-9.795	-0.068
0.05	-8.207	-10.045	0.005
0.06	-8.209	-10.136	0.208
0.07	-8.213	-10.169	0.392
0.08	-8.217	-10.231	0.380
0.09	-8.226	-10.269	0.155
0.1	-8.238	-10.195	-0.085
0.11	-8.247	-10.044	-0.141
0.12	-8.252	-9.986	-0.107
0.13	-8.253	-10.117	-0.088
0.14	-8.253	-10.356	-0.077
0.15	-8.253	-10.541	-0.071
0.16	-8.255	-10.463	-0.062
0.17	-8.257	-9.928	-0.054
0.18	-8.262	-8.613	-0.055
0.19	-8.270	-5.883	-0.055
0.2	-8.282	-1.269	-0.048
0.21	-8.296	4.747	-0.037
0.22	-8.311	10.802	-0.018
0.23	-8.329	15.452	0.001
0.24	-8.348	17.755	0.014
0.25	-8.367	17.411	0.028
0.26	-8.387	14.680	0.051
0.27	-8.406	10.230	0.067
0.28	-8.423	4.942	0.081
0.29	-8.439	-0.370	0.096
0.3	-8.453	-5.177	0.106
0.31	-8.466	-9.197	0.101
0.32	-8.476	-12.255	0.073
0.33	-8.485	-14.338	0.037
0.34	-8.495	-15.647	0.009
0.35	-8.505	-16.438	-0.015
0.36	-8.514	-16.811	-0.044
0.37	-8.521	-16.702	-0.073
0.38	-8.525	-16.036	-0.090
0.39	-8.528	-14.863	-0.100
0.4	-8.531	-13.441	-0.105
0.41	-8.533	-12.198	-0.101
0.42	-8.534	-11.475	-0.094
0.43	-8.532	-11.270	-0.084
0.44	-8.529	-11.216	-0.077
0.45	-8.525	-10.875	-0.081
0.46	-8.520	-10.052	-0.084
0.47	-8.514	-8.811	-0.077
0.48	-8.508	-7.377	-0.068
0.49	-8.500	-5.997	-0.072
0.5	-8.491	-4.898	-0.076
0.51	-8.482	-4.277	-0.071
0.52	-8.473	-4.208	-0.065
0.53	-8.464	-4.598	-0.061
0.54	-8.454	-5.244	-0.057
0.55	-8.444	-5.916	-0.060
0.56	-8.435	-6.480	-0.064
0.57	-8.425	-6.983	-0.061
0.58	-8.416	-7.591	-0.058
0.59	-8.406	-8.447	-0.055
0.6	-8.397	-9.552	-0.053
0.61	-8.387	-10.700	-0.060
0.62	-8.379	-11.631	-0.068
0.63	-8.370	-12.203	-0.065
0.64	-8.362	-12.472	-0.065
0.65	-8.355	-12.591	-0.067
0.66	-8.349	-12.664	-0.059
0.67	-8.344	-12.686	-0.051
0.68	-8.340	-12.597	-0.048
0.69	-8.337	-12.383	-0.046
0.7	-8.334	-12.105	-0.045
0.71	-8.332	-11.867	-0.046
0.72	-8.331	-11.723	-0.052
0.73	-8.330	-11.636	-0.055
0.74	-8.329	-11.538	-0.046
0.75	-8.329	-11.322	-0.045
0.76	-8.330	-10.928	-0.047
0.77	-8.332	-10.405	-0.041
0.78	-8.334	-9.861	-0.041
0.79	-8.338	-9.473	-0.048
0.8	-8.342	-9.305	-0.046
0.81	-8.347	-9.223	-0.040
0.82	-8.353	-9.111	-0.028
0.83	-8.359	-8.961	-0.017
0.84	-8.366	-8.847	-0.007
0.85	-8.374	-8.811	0.011
0.86	-8.384	-8.852	0.023
0.87	-8.394	-8.984	0.028
0.88	-8.403	-9.227	0.023
0.89	-8.411	-9.525	-0.000
0.9	-8.419	-9.772	-0.031
0.91	-8.426	-9.927	-0.051
0.92	-8.436	-9.991	-0.057
0.93	-8.447	-9.980	-0.065
0.94	-8.456	-9.961	-0.067
0.95	-8.461	-10.034	-0.062
0.96	-8.467	-10.263	0.013
0.97	-8.476	-10.586	0.224
0.98	-8.488	-10.852	0.421
0.99	-8.502	-10.950	0.406
1.0	-8.519	-10.955	0.153
1.01	-8.536	-10.983	-0.105
1.02	-8.549	-11.038	-0.150
1.03	-8.559	-11.091	-0.104
1.04	-8.569	-11.108	-0.077
1.05	-8.578	-11.066	-0.062
1.06	-8.587	-10.933	-0.064
1.07	-8.595	-10.697	-0.064
1.08	-8.603	-10.302	-0.060
1.09	-8.611	-9.380	-0.051
1.1	-8.620	-7.102	-0.031
1.11	-8.629	-2.767	-0.014
1.12	-8.638	3.272	-0.004
1.13	-8.646	9.617	0.002
1.14	-8.657	14.642	0.012
1.15	-8.668	17.214	0.028
1.16	-8.679	16.992	0.047
1.17	-8.692	14.338	0.067
1.18	-8.705	10.020	0.096
1.19	-8.720	4.875	0.121
1.2	-8.736	-0.397	0.122
1.21	-8.754	-5.294	0.118
1.22	-8.774	-9.483	0.116
1.23	-8.798	-12.808	0.093
1.24	-8.824	-15.267	0.058
1.25	-8.856	-16.911	0.025
1.26	-8.891	-17.808	-0.014
1.27	-8.924	-18.038	-0.047
1.28	-8.956	-17.688	-0.063
1.29	-8.985	-16.887	-0.073
1.3	-9.011	-15.752	-0.081
1.31	-9.033	-14.428	-0.082
1.32	-9.053	-13.123	-0.085
1.33	-9.072	-12.066	-0.096
1.34	-9.092	-11.372	-0.095
1.35	-9.115	-10.928	-0.089
1.36	-9.141	-10.511	-0.083
1.37	-9.171	-9.895	-0.076
1.38	-9.203	-8.872	-0.069
1.39	-9.237	-7.356	-0.060
1.4	-9.271	-5.536	-0.058
1.41	-9.308	-3.770	-0.062
1.42	-9.349	-2.438	-0.062
1.43	-9.390	-1.811	-0.062
1.44	-9.424	-1.986	-0.066
1.45	-9.457	-2.880	-0.062
1.46	-9.491	-4.231	-0.056
1.47	-9.519	-5.663	-0.063
1.48	-9.542	-6.848	-0.073
1.49	-9.561	-7.664	-0.075
1.5	-9.577	-8.239	-0.070
1.51	-9.590	-8.878	-0.062
1.52	-9.603	-9.880	-0.063
1.53	-9.614	-11.322	-0.066
1.54	-9.626	-12.983	-0.063
1.55	-9.637	-14.506	-0.061
1.56	-9.645	-15.569	-0.058
1.57	-9.652	-15.938	-0.054
1.58	-9.660	-15.611	-0.052
1.59	-9.670	-14.859	-0.051
1.6	-9.682	-13.997	-0.056
1.61	-9.694	-13.269	-0.055
1.62	-9.703	-12.817	-0.053
1.63	-9.711	-12.661	-0.057
1.64	-9.719	-12.655	-0.053
1.65	-9.727	-12.597	-0.045
1.66	-9.734	-12.427	-0.037
1.67	-9.741	-12.208	-0.034
1.68	-9.749	-11.988	-0.035
1.69	-9.756	-11.727	-0.032
1.7	-9.762	-11.363	-0.021
1.71	-9.766	-10.925	-0.004
1.72	-9.768	-10.473	0.012
1.73	-9.770	-10.073	0.024
1.74	-9.771	-9.719	0.025
1.75	-9.772	-9.272	0.022
1.76	-9.771	-8.681	0.014
1.77	-9.769	-8.084	-0.015
1.78	-9.766	-7.728	-0.037
1.79	-9.764	-7.788	-0.047
1.8	-9.764	-8.230	-0.058
1.81	-9.763	-8.906	-0.056
1.82	-9.758	-9.638	-0.051
1.83	-9.757	-10.245	0.001
1.84	-9.763	-10.669	0.193
1.85	-9.771	-10.973	0.409
1.86	-9.780	-11.205	0.442
1.87	-9.793	-11.384	0.223
1.88	-9.809	-11.508	-0.066
1.89	-9.822	-11.538	-0.145
1.9	-9.829	-11.436	-0.093
1.91	-9.831	-11.213	-0.079
1.92	-9.829	-10.978	-0.078
1.93	-9.824	-10.802	-0.072
1.94	-9.814	-10.591	-0.061
1.95	-9.803	-10.203	-0.049
1.96	-9.792	-9.433	-0.041
1.97	-9.781	-7.686	-0.032
1.98	-9.771	-4.136	-0.022
1.99	-9.763	1.295	-0.017
2.0	-9.756	7.489	-0.009
2.01	-9.751	12.797	0.009
2.02	-9.746	15.877	0.023
2.03	-9.742	16.113	0.031
2.04	-9.739	13.677	0.050
2.05	-9.737	9.381	0.078
2.06	-9.734	4.317	0.103
2.07	-9.730	-0.595	0.114
2.08	-9.723	-4.894	0.114
2.09	-9.711	-8.534	0.110
2.1	-9.695	-11.619	0.091
2.11	-9.678	-14.205	0.052
2.12	-9.663	-16.253	0.013
2.13	-9.652	-17.602	-0.019
2.14	-9.643	-18.092	-0.040
2.15	-9.631	-17.769	-0.059
2.16	-9.617	-16.919	-0.082
2.17	-9.606	-15.836	-0.096
2.18	-9.601	-14.702	-0.099
2.19	-9.599	-13.686	-0.098
2.2	-9.599	-12.994	-0.094
2.21	-9.599	-12.711	-0.085
2.22	-9.599	-12.628	-0.078
2.23	-9.599	-12.364	-0.079
2.24	-9.596	-11.611	-0.080
2.25	-9.588	-10.291	-0.080
2.26	-9.576	-8.614	-0.074
2.27	-9.561	-6.914	-0.068
2.28	-9.544	-5.527	-0.067
2.29	-9.524	-4.688	-0.060
2.3	-9.503	-4.406	-0.056
2.31	-9.481	-4.545	-0.052
2.32	-9.456	-4.977	-0.051
2.33	-9.428	-5.570	-0.054
2.34	-9.397	-6.273	-0.052
2.35	-9.364	-7.125	-0.052
2.36	-9.329	-8.142	-0.056
2.37	-9.296	-9.289	-0.055
2.38	-9.263	-10.483	-0.057
2.39	-9.231	-11.638	-0.068
2.4	-9.202	-12.663	-0.080
2.41	-9.174	-13.466	-0.077
2.42	-9.149	-13.988	-0.065
2.43	-9.124	-14.228	-0.061
2.44	-9.101	-14.244	-0.063
2.45	-9.078	-14.102	-0.064
2.46	-9.054	-13.920	-0.062
2.47	-9.031	-13.727	-0.066
2.48	-9.008	-13.388	-0.066
2.49	-8.986	-12.861	-0.057
2.5	-8.971	-12.278	-0.066
2.51	-8.961	-11.784	-0.077
2.52	-8.958	-11.370	-0.071
2.53	-8.957	-10.988	-0.063
2.54	-8.957	-10.673	-0.051
2.55	-8.957	-10.492	-0.038
2.56	-8.960	-10.436	-0.029
2.57	-8.967	-10.372	-0.018
2.58	-8.976	-10.141	0.001
2.59	-8.988	-9.736	0.004
2.6	-8.999	-9.250	-0.007
2.61	-9.008	-8.767	-0.016
2.62	-9.012	-8.356	-0.036
2.63	-9.010	-8.117	-0.058
2.64	-9.002	-8.105	-0.065
2.65	-8.994	-8.242	-0.071
2.66	-8.983	-8.455	-0.076
2.67	-8.966	-8.731	-0.074
2.68	-8.946	-9.042	-0.067
2.69	-8.930	-9.295	0.035
2.7	-8.916	-9.419	0.251
2.71	-8.899	-9.445	0.383
2.72	-8.879	-9.475	0.294
2.73	-8.857	-9.577	0.039
2.74	-8.834	-9.744	-0.140
2.75	-8.806	-9.941	-0.138
2.76	-8.774	-10.048	-0.105
2.77	-8.742	-9.952	-0.096
2.78	-8.709	-9.705	-0.086
2.79	-8.675	-9.422	-0.086
2.8	-8.641	-9.205	-0.085
2.81	-8.608	-8.916	-0.074
2.82	-8.578	-7.908	-0.065
2.83	-8.549	-5.248	-0.056
2.84	-8.520	-0.497	-0.043
2.85	-8.492	5.664	-0.031
2.86	-8.466	11.664	-0.014
2.87	-8.443	15.894	0.000
2.88	-8.425	17.333	0.007
2.89	-8.410	15.800	0.025
2.9	-8.398	11.948	0.054
2.91	-8.389	6.919	0.078
2.92	-8.381	1.780	0.096
2.93	-8.373	-2.889	0.101
2.94	-8.364	-6.945	0.082
2.95	-8.354	-10.328	0.060
2.96	-8.343	-12.953	0.047
2.97	-8.332	-14.797	0.019
2.98	-8.322	-15.997	-0.016
2.99	-8.315	-16.734	-0.046
3.0	-8.306	-17.052	-0.069
3.01	-8.295	-16.925	-0.084
3.02	-8.283	-16.366	-0.097
3.03	-8.273	-15.433	-0.103
3.04	-8.262	-14.306	-0.101
3.05	-8.251	-13.317	-0.105
3.06	-8.240	-12.836	-0.107
3.07	-8.228	-12.923	-0.094
3.08	-8.216	-13.097	-0.084
3.09	-8.203	-12.745	-0.076
3.1	-8.190	-11.642	-0.068
3.11	-8.176	-10.033	-0.073
3.12	-8.161	-8.333	-0.081
3.13	-8.146	-6.859	-0.079
3.14	-8.132	-5.811	-0.071
3.15	-8.117	-5.283	-0.065
3.16	-8.103	-5.250	-0.064
3.17	-8.088	-5.541	-0.066
3.18	-8.073	-5.978	-0.062
3.19	-8.059	-6.519	-0.060
3.2	-8.045	-7.200	-0.060
3.21	-8.033	-8.034	-0.057
3.22	-8.021	-8.997	-0.060
3.23	-8.009	-10.050	-0.065
3.24	-7.998	-11.164	-0.066
3.25	-7.986	-12.281	-0.064
3.26	-7.974	-13.275	-0.062
3.27	-7.963	-13.977	-0.059
3.28	-7.952	-14.311	-0.056
3.29	-7.942	-14.363	-0.057
3.3	-7.933	-14.183	-0.062
3.31	-7.924	-13.766	-0.068
3.32	-7.916	-13.158	-0.067
3.33	-7.909	-12.511	-0.066
3.34	-7.901	-11.988	-0.063
3.35	-7.894	-11.653	-0.061
3.36	-7.884	-11.502	-0.063
3.37	-7.875	-11.473	-0.066
3.38	-7.867	-11.422	-0.065
3.39	-7.862	-11.223	-0.063
3.4	-7.857	-10.853	-0.061
3.41	-7.854	-10.366	-0.064
3.42	-7.852	-9.863	-0.066
3.43	-7.850	-9.417	-0.059
3.44	-7.849	-9.091	-0.048
3.45	-7.849	-8.898	-0.035
3.46	-7.848	-8.817	-0.019
3.47	-7.846	-8.855	-0.005
3.48	-7.844	-9.003	-0.000
3.49	-7.843	-9.195	-0.002
3.5	-7.842	-9.414	-0.009
3.51	-7.841	-9.483	-0.032
3.52	-7.841	-9.147	-0.061
3.53	-7.840	-8.697	-0.078
3.54	-7.841	-8.584	-0.083
3.55	-7.842	-8.864	-0.085
3.56	-7.842	-9.383	-0.083
3.57	-7.841	-9.841	-0.070
3.58	-7.840	-10.039	0.047
3.59	-7.839	-10.119	0.279
3.6	-7.836	-10.306	0.419
3.61	-7.831	-10.638	0.318
3.62	-7.829	-10.978	0.039
3.63	-7.830	-11.530	-0.147
3.64	-7.832	-12.323	-0.135
3.65	-7.838	-12.731	-0.096
3.66	-7.853	-12.500	-0.085
3.67	-7.879	-12.039	-0.076
3.68	-7.908	-11.541	-0.068
3.69	-7.938	-10.772	-0.062
3.7	-7.964	-9.513	-0.055
3.71	-7.985	-7.488	-0.042
3.72	-8.000	-4.097	-0.031
3.73	-8.010	1.066	-0.022
3.74	-8.016	7.295	-0.012
3.75	-8.019	12.925	-0.002
3.76	-8.019	16.258	0.011
3.77	-8.016	16.598	0.025
3.78	-8.008	14.277	0.042
3.79	-7.996	9.967	0.063
3.8	-7.982	4.583	0.084
3.81	-7.971	-0.947	0.102
3.82	-7.964	-5.955	0.111
3.83	-7.959	-9.977	0.108
3.84	-7.954	-12.819	0.094
3.85	-7.949	-14.625	0.072
3.86	-7.946	-15.658	0.044
3.87	-7.946	-16.147	0.010
3.88	-7.946	-16.213	-0.021
3.89	-7.944	-15.922	-0.045
3.9	-7.942	-15.402	-0.060
3.91	-7.939	-14.733	-0.070
3.92	-7.938	-13.886	-0.076
3.93	-7.938	-12.919	-0.081
3.94	-7.938	-12.113	-0.084
3.95	-7.939	-11.738	-0.082
3.96	-7.939	-11.758	-0.079
3.97	-7.939	-11.798	-0.076
3.98	-7.938	-11.463	-0.072
3.99	-7.938	-10.591	-0.067
4.0	-7.937	-9.256	-0.065
4.01	-7.936	-7.728	-0.064
4.02	-7.934	-6.378	-0.060
4.03	-7.933	-5.502	-0.058
4.04	-7.931	-5.180	-0.058
4.05	-7.931	-5.286	-0.059
4.06	-7.930	-5.664	-0.058
4.07	-7.929	-6.191	-0.057
4.08	-7.928	-6.755	-0.055
4.09	-7.928	-7.311	-0.054
4.1	-7.929	-7.916	-0.053
4.11	-7.929	-8.650	-0.053
4.12	-7.929	-9.516	-0.056
4.13	-7.931	-10.453	-0.059
4.14	-7.931	-11.388	-0.058
4.15	-7.929	-12.211	-0.058
4.16	-7.926	-12.817	-0.060
4.17	-7.925	-13.141	-0.058
4.18	-7.925	-13.177	-0.056
4.19	-7.925	-12.997	-0.053
4.2	-7.926	-12.695	-0.050
4.21	-7.927	-12.333	-0.052
4.22	-7.929	-11.922	-0.052
4.23	-7.933	-11.492	-0.051
4.24	-7.937	-11.098	-0.052
4.25	-7.943	-10.747	-0.052
4.26	-7.951	-10.433	-0.050
4.27	-7.962	-10.138	-0.046
4.28	-7.975	-9.855	-0.044
4.29	-7.989	-9.645	-0.046
4.3	-8.004	-9.511	-0.049
4.31	-8.021	-9.344	-0.047
4.32	-8.037	-9.069	-0.044
4.33	-8.054	-8.745	-0.041
4.34	-8.070	-8.505	-0.032
4.35	-8.085	-8.406	-0.021
4.36	-8.100	-8.463	-0.006
4.37	-8.114	-8.622	0.014
4.38	-8.128	-8.747	0.028
4.39	-8.142	-8.720	0.034
4.4	-8.154	-8.541	0.033
4.41	-8.166	-8.333	0.019
4.42	-8.178	-8.264	-0.003
4.43	-8.189	-8.377	-0.026
4.44	-8.200	-8.583	-0.042
4.45	-8.212	-8.794	-0.048
4.46	-8.224	-8.970	-0.053
4.47	-8.234	-9.127	-0.056
4.48	-8.243	-9.277	-0.047
4.49	-8.252	-9.422	0.065
4.5	-8.262	-9.597	0.302
4.51	-8.271	-9.703	0.461
4.52	-8.279	-9.578	0.375
4.53	-8.289	-9.364	0.083
4.54	-8.299	-9.370	-0.128
4.55	-8.308	-9.698	-0.125
4.56	-8.315	-10.178	-0.084
4.57	-8.321	-10.497	-0.070
4.58	-8.328	-10.452	-0.063
4.59	-8.333	-10.103	-0.055
4.6	-8.338	-9.631	-0.041
4.61	-8.342	-8.997	-0.031
4.62	-8.346	-7.555	-0.024
4.63	-8.349	-4.323	-0.015
4.64	-8.353	0.969	-0.003
4.65	-8.357	7.331	0.004
4.66	-8.363	13.028	0.008
4.67	-8.368	16.550	0.022
4.68	-8.374	17.225	0.042
4.69	-8.379	15.223	0.062
4.7	-8.386	11.270	0.082
4.71	-8.394	6.291	0.104
4.72	-8.403	1.169	0.119
4.73	-8.412	-3.453	0.125
4.74	-8.420	-7.309	0.123
4.75	-8.427	-10.403	0.110
4.76	-8.433	-12.797	0.089
4.77	-8.441	-14.472	0.057
4.78	-8.451	-15.530	0.024
4.79	-8.460	-16.092	-0.002
4.8	-8.469	-16.116	-0.033
4.81	-8.478	-15.675	-0.055
4.82	-8.486	-14.909	-0.064
4.83	-8.495	-13.852	-0.071
4.84	-8.502	-12.628	-0.069
4.85	-8.509	-11.552	-0.070
4.86	-8.516	-10.900	-0.075
4.87	-8.524	-10.642	-0.072
4.88	-8.532	-10.448	-0.063
4.89	-8.539	-10.013	-0.056
4.9	-8.544	-9.239	-0.052
4.91	-8.550	-8.253	-0.052
4.92	-8.557	-7.253	-0.048
4.93	-8.564	-6.359	-0.041
4.94	-8.571	-5.620	-0.040
4.95	-8.579	-5.113	-0.049
4.96	-8.587	-4.964	-0.055
4.97	-8.595	-5.220	-0.057
4.98	-8.603	-5.777	-0.057
4.99	-8.611	-6.455	-0.058
5.0	-8.616	-7.102	-0.062
5.01	-8.622	-7.691	-0.058
5.02	-8.628	-8.275	-0.056
5.03	-8.636	-8.908	-0.056
5.04	-8.643	-9.628	-0.054
5.05	-8.649	-10.458	-0.059
5.06	-8.656	-11.327	-0.065
5.07	-8.663	-12.063	-0.070
5.08	-8.670	-12.511	-0.071
5.09	-8.676	-12.606	-0.070
5.1	-8.683	-12.430	-0.066
5.11	-8.689	-12.186	-0.065
5.12	-8.696	-12.002	-0.073
5.13	-8.703	-11.886	-0.077
5.14	-8.710	-11.791	-0.073
5.15	-8.717	-11.648	-0.065
5.16	-8.724	-11.411	-0.056
5.17	-8.731	-11.070	-0.062
5.18	-8.738	-10.661	-0.073
5.19	-8.744	-10.234	-0.074
5.2	-8.749	-9.858	-0.068
5.21	-8.754	-9.605	-0.058
5.22	-8.760	-9.491	-0.046
5.23	-8.765	-9.455	-0.036
5.24	-8.771	-9.406	-0.024
5.25	-8.776	-9.303	-0.007
5.26	-8.781	-9.180	0.006
5.27	-8.785	-9.088	0.008
5.28	-8.789	-9.098	0.001
5.29	-8.794	-9.247	-0.013
5.3	-8.799	-9.478	-0.040
5.31	-8.804	-9.720	-0.069
5.32	-8.810	-9.916	-0.075
5.33	-8.818	-10.033	-0.076
5.34	-8.825	-10.088	-0.077
5.35	-8.830	-10.123	-0.077
5.36	-8.833	-10.208	-0.049
5.37	-8.838	-10.392	0.115
5.38	-8.841	-10.659	0.362
5.39	-8.844	-10.891	0.459
5.4	-8.848	-11.013	0.272
5.41	-8.854	-11.088	-0.048
5.42	-8.859	-11.123	-0.175
5.43	-8.865	-11.091	-0.130
5.44	-8.873	-11.030	-0.091
5.45	-8.883	-10.950	-0.078
5.46	-8.897	-10.863	-0.074
5.47	-8.911	-10.750	-0.064
5.48	-8.924	-10.580	-0.052
5.49	-8.934	-10.222	-0.045
5.5	-8.945	-9.067	-0.040
5.51	-8.956	-6.230	-0.031
5.52	-8.966	-1.528	-0.020
5.53	-8.976	4.050	-0.009
5.54	-8.986	9.016	0.004
5.55	-8.996	12.175	0.017
5.56	-9.008	12.919	0.030
5.57	-9.020	11.288	0.045
5.58	-9.031	7.803	0.066
5.59	-9.042	3.220	0.085
5.6	-9.053	-1.620	0.096
5.61	-9.063	-6.045	0.100
5.62	-9.072	-9.728	0.092
5.63	-9.078	-12.600	0.080
5.64	-9.084	-14.686	0.059
5.65	-9.090	-16.080	0.027
5.66	-9.098	-16.927	-0.007
5.67	-9.104	-17.306	-0.044
5.68	-9.107	-17.219	-0.069
5.69	-9.109	-16.663	-0.081
5.7	-9.111	-15.703	-0.096
5.71	-9.112	-14.545	-0.103
5.72	-9.111	-13.513	-0.103
5.73	-9.109	-12.934	-0.103
5.74	-9.107	-12.856	-0.095
5.75	-9.104	-12.906	-0.088
5.76	-9.100	-12.616	-0.085
5.77	-9.096	-11.723	-0.082
5.78	-9.091	-10.316	-0.074
5.79	-9.086	-8.722	-0.068
5.8	-9.081	-7.303	-0.066
5.81	-9.077	-6.288	-0.067
5.82	-9.072	-5.705	-0.068
5.83	-9.067	-5.475	-0.064
5.84	-9.063	-5.488	-0.059
5.85	-9.059	-5.645	-0.062
5.86	-9.055	-5.916	-0.063
5.87	-9.051	-6.328	-0.062
5.88	-9.048	-6.938	-0.068
5.89	-9.046	-7.703	-0.073
5.9	-9.044	-8.588	-0.070
5.91	-9.043	-9.652	-0.069
5.92	-9.043	-10.881	-0.071
5.93	-9.043	-12.113	-0.071
5.94	-9.045	-13.105	-0.069
5.95	-9.047	-13.695	-0.067
5.96	-9.050	-13.880	-0.069
5.97	-9.053	-13.756	-0.072
5.98	-9.056	-13.461	-0.075
5.99	-9.059	-13.120	-0.073
6.0	-9.061	-12.817	-0.069
6.01	-9.064	-12.570	-0.068
6.02	-9.066	-12.347	-0.066
6.03	-9.069	-12.102	-0.068
6.04	-9.070	-11.805	-0.074
6.05	-9.071	-11.433	-0.073
6.06	-9.072	-11.027	-0.068
6.07	-9.072	-10.667	-0.061
6.08	-9.074	-10.381	-0.052
6.09	-9.075	-10.144	-0.041
6.1	-9.076	-9.922	-0.033
6.11	-9.076	-9.700	-0.027
6.12	-9.077	-9.484	-0.020
6.13	-9.077	-9.314	-0.019
6.14	-9.075	-9.191	-0.031
6.15	-9.073	-9.063	-0.057
6.16	-9.072	-8.908	-0.081
6.17	-9.071	-8.775	-0.086
6.18	-9.074	-8.711	-0.082
6.19	-9.078	-8.723	-0.083
6.2	-9.078	-8.786	-0.086
6.21	-9.074	-8.898	-0.076
6.22	-9.074	-9.061	0.041
6.23	-9.072	-9.263	0.266
6.24	-9.069	-9.495	0.407
6.25	-9.064	-9.747	0.315
6.26	-9.059	-9.997	0.039
6.27	-9.047	-10.216	-0.146
6.28	-9.023	-10.439	-0.138
6.29	-8.991	-10.697	-0.097
6.3	-8.957	-10.959	-0.086
6.31	-8.926	-11.194	-0.081
6.32	-8.895	-11.270	-0.075
6.33	-8.866	-11.044	-0.074
6.34	-8.838	-10.363	-0.069
6.35	-8.811	-8.822	-0.056
6.36	-8.785	-5.798	-0.045
6.37	-8.761	-1.077	-0.037
6.38	-8.739	4.597	-0.025
6.39	-8.721	9.817	-0.010
6.4	-8.703	13.264	0.003
6.41	-8.686	14.181	0.016
6.42	-8.669	12.573	0.031
6.43	-8.652	9.081	0.052
6.44	-8.636	4.633	0.070
6.45	-8.620	0.077	0.075
6.46	-8.605	-4.083	0.078
6.47	-8.591	-7.695	0.078
6.48	-8.577	-10.809	0.062
6.49	-8.564	-13.448	0.037
6.5	-8.551	-15.530	0.007
6.51	-8.540	-16.944	-0.023
6.52	-8.529	-17.630	-0.051
6.53	-8.518	-17.634	-0.081
6.54	-8.506	-17.103	-0.103
6.55	-8.494	-16.197	-0.111
6.56	-8.483	-15.113	-0.115
6.57	-8.471	-14.078	-0.122
6.58	-8.459	-13.291	-0.125
6.59	-8.447	-12.820	-0.124
6.6	-8.435	-12.519	-0.116
6.61	-8.424	-12.125	-0.111
6.62	-8.412	-11.470	-0.110
6.63	-8.401	-10.498	-0.107
6.64	-8.390	-9.286	-0.099
6.65	-8.380	-8.014	-0.084
6.66	-8.371	-6.889	-0.070
6.67	-8.361	-6.067	-0.064
6.68	-8.353	-5.623	-0.063
6.69	-8.344	-5.588	-0.066
6.7	-8.336	-5.909	-0.064
6.71	-8.327	-6.416	-0.064
6.72	-8.319	-6.938	-0.067
6.73	-8.310	-7.434	-0.068
6.74	-8.302	-7.953	-0.066
6.75	-8.293	-8.566	-0.060
6.76	-8.285	-9.316	-0.055
6.77	-8.277	-10.194	-0.061
6.78	-8.269	-11.131	-0.066
6.79	-8.262	-11.981	-0.063
6.8	-8.254	-12.588	-0.061
6.81	-8.248	-12.897	-0.061
6.82	-8.241	-12.928	-0.058
6.83	-8.234	-12.750	-0.056
6.84	-8.228	-12.469	-0.058
6.85	-8.221	-12.188	-0.062
6.86	-8.214	-11.975	-0.062
6.87	-8.208	-11.836	-0.055
6.88	-8.202	-11.763	-0.053
6.89	-8.197	-11.747	-0.055
6.9	-8.192	-11.708	-0.050
6.91	-8.188	-11.519	-0.043
6.92	-8.184	-11.142	-0.032
6.93	-8.179	-10.630	-0.027
6.94	-8.175	-10.041	-0.035
6.95	-8.172	-9.453	-0.030
6.96	-8.169	-8.981	-0.012
6.97	-8.166	-8.706	0.000
6.98	-8.163	-8.642	0.013
6.99	-8.160	-8.713	0.019
7.0	-8.156	-8.811	0.007
7.01	-8.152	-8.848	-0.015
7.02	-8.148	-8.773	-0.036
7.03	-8.144	-8.631	-0.046
7.04	-8.142	-8.537	-0.046
7.05	-8.140	-8.530	-0.056
7.06	-8.137	-8.591	-0.062
7.07	-8.132	-8.673	-0.055
7.08	-8.127	-8.717	0.038
7.09	-8.125	-8.761	0.259
7.1	-8.123	-8.919	0.421
7.11	-8.119	-9.238	0.358
7.12	-8.116	-9.661	0.102
7.13	-8.113	-10.063	-0.102
7.14	-8.107	-10.363	-0.112
7.15	-8.101	-10.577	-0.075
7.16	-8.094	-10.716	-0.063
7.17	-8.087	-10.805	-0.053
7.18	-8.080	-10.813	-0.048
7.19	-8.074	-10.636	-0.044
7.2	-8.068	-10.023	-0.039
7.21	-8.062	-8.383	-0.035
7.22	-8.056	-5.014	-0.028
7.23	-8.050	0.122	-0.019
7.24	-8.045	6.014	-0.012
7.25	-8.041	11.138	-0.004
7.26	-8.036	14.295	0.007
7.27	-8.031	15.006	0.023
7.28	-8.027	13.411	0.046
7.29	-8.023	10.044	0.066
7.3	-8.019	5.638	0.084
7.31	-8.016	0.928	0.098
7.32	-8.012	-3.550	0.100
7.33	-8.010	-7.509	0.094
7.34	-8.007	-10.747	0.081
7.35	-8.004	-13.217	0.063
7.36	-8.001	-14.984	0.040
7.37	-7.999	-16.059	0.011
7.38	-7.999	-16.509	-0.022
7.39	-7.997	-16.442	-0.048
7.4	-7.993	-15.872	-0.066
7.41	-7.989	-14.864	-0.080
7.42	-7.987	-13.622	-0.085
7.43	-7.988	-12.441	-0.082
7.44	-7.987	-11.628	-0.081
7.45	-7.986	-11.359	-0.085
7.46	-7.983	-11.480	-0.084
7.47	-7.982	-11.544	-0.078
7.48	-7.980	-11.103	-0.073
7.49	-7.979	-10.009	-0.072
7.5	-7.978	-8.534	-0.073
7.51	-7.977	-7.164	-0.076
7.52	-7.977	-6.233	-0.073
7.53	-7.977	-5.714	-0.069
7.54	-7.978	-5.370	-0.061
7.55	-7.979	-5.091	-0.053
7.56	-7.978	-4.970	-0.060
7.57	-7.976	-5.141	-0.073
7.58	-7.973	-5.623	-0.073
7.59	-7.971	-6.345	-0.070
7.6	-7.968	-7.233	-0.067
7.61	-7.966	-8.247	-0.068
7.62	-7.964	-9.347	-0.071
7.63	-7.964	-10.475	-0.071
7.64	-7.964	-11.523	-0.070
7.65	-7.963	-12.353	-0.071
7.66	-7.961	-12.827	-0.068
7.67	-7.958	-12.911	-0.064
7.68	-7.954	-12.727	-0.063
7.69	-7.953	-12.444	-0.068
7.7	-7.951	-12.177	-0.071
7.71	-7.951	-11.925	-0.065
7.72	-7.951	-11.614	-0.055
7.73	-7.949	-11.233	-0.055
7.74	-7.950	-10.867	-0.066
7.75	-7.951	-10.595	-0.072
7.76	-7.952	-10.420	-0.067
7.77	-7.953	-10.283	-0.060
7.78	-7.953	-10.119	-0.055
7.79	-7.954	-9.878	-0.054
7.8	-7.955	-9.636	-0.054
7.81	-7.957	-9.494	-0.055
7.82	-7.958	-9.470	-0.052
7.83	-7.958	-9.500	-0.044
7.84	-7.958	-9.491	-0.037
7.85	-7.959	-9.381	-0.024
7.86	-7.961	-9.134	-0.009
7.87	-7.963	-8.784	0.003
7.88	-7.964	-8.475	0.015
7.89	-7.966	-8.344	0.015
7.9	-7.968	-8.411	-0.002
7.91	-7.969	-8.597	-0.027
7.92	-7.971	-8.808	-0.046
7.93	-7.973	-8.975	-0.056
7.94	-7.977	-9.023	-0.063
7.95	-7.982	-8.927	-0.066
7.96	-7.985	-8.756	-0.060
7.97	-7.987	-8.636	-0.052
7.98	-7.991	-8.628	0.053
7.99	-7.996	-8.766	0.286
8.0	-8.004	-9.025	0.437
8.01	-8.016	-9.330	0.348
8.02	-8.029	-9.670	0.063
8.03	-8.044	-10.013	-0.139
8.04	-8.054	-10.280	-0.130
8.05	-8.061	-10.436	-0.084
8.06	-8.067	-10.477	-0.071
8.07	-8.074	-10.420	-0.070
8.08	-8.081	-10.270	-0.071
8.09	-8.086	-9.959	-0.064
8.1	-8.091	-9.198	-0.057
8.11	-8.095	-7.317	-0.046
8.12	-8.101	-3.545	-0.031
8.13	-8.109	2.134	-0.028
8.14	-8.119	8.583	-0.027
8.15	-8.130	14.105	-0.016
8.16	-8.143	17.367	0.002
8.17	-8.157	17.858	0.018
8.18	-8.172	15.764	0.039
8.19	-8.186	11.716	0.061
8.2	-8.201	6.602	0.074
8.21	-8.215	1.341	0.085
8.22	-8.229	-3.402	0.092
8.23	-8.241	-7.306	0.094
8.24	-8.253	-10.344	0.080
8.25	-8.264	-12.678	0.052
8.26	-8.276	-14.452	0.027
8.27	-8.287	-15.627	0.003
8.28	-8.299	-16.095	-0.022
8.29	-8.310	-15.867	-0.044
8.3	-8.321	-15.111	-0.067
8.31	-8.331	-13.995	-0.088
8.32	-8.341	-12.688	-0.097
8.33	-8.351	-11.489	-0.096
8.34	-8.360	-10.734	-0.089
8.35	-8.369	-10.511	-0.084
8.36	-8.380	-10.531	-0.087
8.37	-8.390	-10.400	-0.084
8.38	-8.399	-9.864	-0.078
8.39	-8.408	-8.875	-0.074
8.4	-8.418	-7.588	-0.066
8.41	-8.428	-6.258	-0.060
8.42	-8.438	-5.155	-0.053
8.43	-8.446	-4.469	-0.049
8.44	-8.455	-4.275	-0.054
8.45	-8.464	-4.492	-0.059
8.46	-8.474	-4.916	-0.058
8.47	-8.483	-5.389	-0.056
8.48	-8.491	-5.856	-0.052
8.49	-8.500	-6.322	-0.059
8.5	-8.508	-6.852	-0.068
8.51	-8.516	-7.494	-0.065
8.52	-8.524	-8.284	-0.061
8.53	-8.533	-9.231	-0.059
8.54	-8.541	-10.261	-0.056
8.55	-8.549	-11.294	-0.060
8.56	-8.557	-12.213	-0.060
8.57	-8.566	-12.800	-0.055
8.58	-8.574	-12.894	-0.050
8.59	-8.582	-12.591	-0.050
8.6	-8.590	-12.150	-0.058
8.61	-8.599	-11.734	-0.066
8.62	-8.607	-11.339	-0.060
8.63	-8.615	-10.953	-0.053
8.64	-8.623	-10.655	-0.049
8.65	-8.631	-10.506	-0.050
8.66	-8.638	-10.483	-0.051
8.67	-8.646	-10.511	-0.049
8.68	-8.654	-10.503	-0.044
8.69	-8.662	-10.366	-0.044
8.7	-8.669	-10.075	-0.046
8.71	-8.677	-9.694	-0.046
8.72	-8.684	-9.322	-0.053
8.73	-8.691	-9.066	-0.052
8.74	-8.698	-8.955	-0.041
8.75	-8.705	-8.933	-0.031
8.76	-8.711	-8.919	-0.019
8.77	-8.717	-8.908	-0.005
8.78	-8.723	-8.964	0.010
8.79	-8.728	-9.139	0.025
8.8	-8.734	-9.386	0.024
8.81	-8.741	-9.589	0.009
8.82	-8.748	-9.677	-0.016
8.83	-8.753	-9.700	-0.051
8.84	-8.759	-9.805	-0.068
8.85	-8.766	-10.025	-0.067
8.86	-8.773	-10.269	-0.065
8.87	-8.779	-10.489	-0.060
8.88	-8.783	-10.691	-0.055
8.89	-8.787	-10.867	0.035
8.9	-8.795	-11.067	0.268
8.91	-8.803	-11.373	0.461
8.92	-8.809	-11.747	0.421
8.93	-8.816	-12.056	0.133
8.94	-8.824	-12.166	-0.111
8.95	-8.829	-12.014	-0.126
8.96	-8.831	-11.706	-0.091
8.97	-8.834	-11.392	-0.079
8.98	-8.837	-11.098	-0.074
8.99	-8.841	-10.783	-0.070
9.0	-8.844	-10.433	-0.057
9.01	-8.846	-9.956	-0.047
9.02	-8.849	-8.888	-0.035
9.03	-8.853	-6.316	-0.026
9.04	-8.854	-1.659	-0.022
9.05	-8.857	4.464	-0.011
9.06	-8.859	10.488	0.006
9.07	-8.861	14.828	0.016
9.08	-8.864	16.506	0.024
9.09	-8.867	15.389	0.038
9.1	-8.871	12.042	0.057
9.11	-8.875	7.334	0.078
9.12	-8.880	2.120	0.096
9.13	-8.886	-2.936	0.102
9.14	-8.891	-7.428	0.098
9.15	-8.895	-11.155	0.091
9.16	-8.898	-14.064	0.070
9.17	-8.902	-16.200	0.037
9.18	-8.908	-17.648	0.005
9.19	-8.912	-18.477	-0.020
9.2	-8.916	-18.738	-0.045
9.21	-8.920	-18.480	-0.074
9.22	-8.924	-17.708	-0.088
9.23	-8.928	-16.466	-0.087
9.24	-8.931	-15.013	-0.088
9.25	-8.933	-13.767	-0.090
9.26	-8.935	-12.981	-0.092
9.27	-8.938	-12.547	-0.090
9.28	-8.941	-12.125	-0.085
9.29	-8.943	-11.380	-0.080
9.3	-8.946	-10.139	-0.076
9.31	-8.949	-8.445	-0.071
9.32	-8.954	-6.597	-0.066
9.33	-8.959	-5.028	-0.066
9.34	-8.964	-4.005	-0.069
9.35	-8.968	-3.495	-0.067
9.36	-8.973	-3.366	-0.067
9.37	-8.976	-3.564	-0.068
9.38	-8.981	-4.084	-0.073
9.39	-8.984	-4.886	-0.075
9.4	-8.988	-5.903	-0.073
9.41	-8.992	-7.097	-0.077
9.42	-8.994	-8.438	-0.072
9.43	-8.998	-9.841	-0.065
9.44	-9.000	-11.167	-0.073
9.45	-9.002	-12.311	-0.073
9.46	-9.004	-13.209	-0.070
9.47	-9.007	-13.797	-0.072
9.48	-9.010	-14.030	-0.073
9.49	-9.013	-13.947	-0.071
9.5	-9.016	-13.645	-0.068
9.51	-9.018	-13.217	-0.073
9.52	-9.021	-12.741	-0.077
9.53	-9.023	-12.292	-0.070
9.54	-9.027	-11.947	-0.060
9.55	-9.032	-11.738	-0.065
9.56	-9.037	-11.605	-0.072
9.57	-9.041	-11.434	-0.068
9.58	-9.043	-11.188	-0.061
9.59	-9.046	-10.948	-0.059
9.6	-9.049	-10.789	-0.061
9.61	-9.052	-10.633	-0.064
9.62	-9.056	-10.344	-0.060
9.63	-9.059	-9.897	-0.053
9.64	-9.062	-9.405	-0.055
9.65	-9.065	-8.991	-0.056
9.66	-9.068	-8.709	-0.055
9.67	-9.071	-8.552	-0.048
9.68	-9.072	-8.483	-0.030
9.69	-9.073	-8.478	-0.012
9.7	-9.074	-8.541	-0.001
9.71	-9.077	-8.641	0.002
9.72	-9.078	-8.709	-0.000
9.73	-9.078	-8.684	-0.011
9.74	-9.078	-8.545	-0.033
9.75	-9.077	-8.391	-0.059
9.76	-9.078	-8.564	-0.074
9.77	-9.080	-9.213	-0.076
9.78	-9.083	-9.913	-0.072
9.79	-9.081	-10.258	-0.072
9.8	-9.076	-10.278	-0.063
9.81	-9.074	-10.222	0.069
9.82	-9.071	-10.325	0.312
9.83	-9.069	-10.608	0.454
9.84	-9.068	-10.961	0.339
9.85	-9.067	-11.208	0.036
9.86	-9.059	-11.103	-0.138
9.87	-9.041	-10.695	-0.119
9.88	-9.015	-10.333	-0.091
9.89	-8.989	-10.238	-0.086
9.9	-8.963	-10.328	-0.084
9.91	-8.938	-10.350	-0.075
9.92	-8.912	-10.139	-0.058
9.93	-8.889	-9.513	-0.045
9.94	-8.866	-7.870	-0.036
9.95	-8.844	-4.383	-0.029
9.96	-8.823	1.083	-0.021
9.97	-8.803	7.494	-0.015
9.98	-8.783	13.267	-0.005
9.99	-8.765	17.050	0.014
10.0	-8.748	18.064	0.031
10.01	-8.732	16.227	0.041
10.02	-8.716	12.111	0.053
10.03	-8.701	6.681	0.073
10.04	-8.688	0.916	0.089
10.05	-8.674	-4.475	0.097
10.06	-8.660	-9.084	0.092
10.07	-8.646	-12.738	0.074
10.08	-8.631	-15.467	0.056
10.09	-8.618	-17.389	0.024
10.1	-8.607	-18.558	-0.015
10.11	-8.596	-18.991	-0.039
10.12	-8.583	-18.747	-0.058
10.13	-8.571	-17.981	-0.078
10.14	-8.558	-16.905	-0.087
10.15	-8.546	-15.714	-0.091
10.16	-8.533	-14.578	-0.090
10.17	-8.519	-13.670	-0.084
10.18	-8.506	-13.097	-0.083
10.19	-8.493	-12.723	-0.081
10.2	-8.481	-12.259	-0.077
10.21	-8.469	-11.475	-0.077
10.22	-8.457	-10.295	-0.077
10.23	-8.446	-8.830	-0.072
10.24	-8.436	-7.314	-0.065
10.25	-8.425	-5.970	-0.063
10.26	-8.414	-4.936	-0.061
10.27	-8.404	-4.311	-0.058
10.28	-8.394	-4.167	-0.058
10.29	-8.383	-4.492	-0.056
10.3	-8.373	-5.159	-0.056
10.31	-8.363	-5.984	-0.063
10.32	-8.352	-6.853	-0.066
10.33	-8.342	-7.753	-0.068
10.34	-8.332	-8.739	-0.075
10.35	-8.322	-9.859	-0.077
10.36	-8.313	-11.078	-0.070
10.37	-8.304	-12.228	-0.069
10.38	-8.296	-13.083	-0.074
10.39	-8.287	-13.508	-0.078
10.4	-8.279	-13.528	-0.076
10.41	-8.271	-13.292	-0.072
10.42	-8.264	-12.952	-0.077
10.43	-8.258	-12.594	-0.086
10.44	-8.250	-12.256	-0.089
10.45	-8.244	-11.967	-0.091
10.46	-8.238	-11.720	-0.090
10.47	-8.232	-11.511	-0.086
10.48	-8.227	-11.311	-0.079
10.49	-8.221	-11.070	-0.073
10.5	-8.214	-10.733	-0.069
10.51	-8.209	-10.292	-0.065
10.52	-8.204	-9.841	-0.065
10.53	-8.199	-9.472	-0.070
10.54	-8.193	-9.195	-0.075
10.55	-8.186	-8.964	-0.069
10.56	-8.180	-8.734	-0.056
10.57	-8.174	-8.503	-0.044
10.58	-8.169	-8.303	-0.041
10.59	-8.164	-8.169	-0.041
10.6	-8.159	-8.152	-0.027
10.61	-8.156	-8.275	-0.006
10.62	-8.152	-8.458	0.018
10.63	-8.148	-8.591	0.021
10.64	-8.143	-8.642	0.001
10.65	-8.137	-8.670	-0.028
10.66	-8.133	-8.748	-0.055
10.67	-8.129	-8.933	-0.068
10.68	-8.126	-9.188	-0.068
10.69	-8.124	-9.445	-0.069
10.7	-8.122	-9.706	-0.070
10.71	-8.118	-9.998	-0.068
10.72	-8.113	-10.267	-0.005
10.73	-8.109	-10.375	0.193
10.74	-8.106	-10.291	0.390
10.75	-8.103	-10.138	0.388
10.76	-8.101	-10.070	0.149
10.77	-8.099	-10.166	-0.107
10.78	-8.093	-10.369	-0.153
10.79	-8.086	-10.559	-0.103
10.8	-8.081	-10.641	-0.082
10.81	-8.076	-10.611	-0.081
10.82	-8.071	-10.528	-0.081
10.83	-8.065	-10.377	-0.073
10.84	-8.057	-9.978	-0.063
10.85	-8.050	-8.775	-0.054
10.86	-8.044	-5.856	-0.051
10.87	-8.038	-0.723	-0.047
10.88	-8.031	5.973	-0.036
10.89	-8.026	12.642	-0.018
10.9	-8.021	17.581	-0.006
10.91	-8.018	19.692	0.001
10.92	-8.014	18.709	0.014
10.93	-8.011	15.098	0.030
10.94	-8.008	9.823	0.050
10.95	-8.006	3.977	0.066
10.96	-8.005	-1.620	0.072
10.97	-8.004	-6.558	0.071
10.98	-8.004	-10.667	0.063
10.99	-8.002	-13.827	0.049
11.0	-8.001	-16.036	0.026
11.01	-8.002	-17.470	-0.003
11.02	-8.002	-18.203	-0.037
11.03	-8.002	-18.219	-0.073
11.04	-8.001	-17.666	-0.091
11.05	-7.998	-16.705	-0.096
11.06	-7.996	-15.388	-0.103
11.07	-7.994	-13.872	-0.109
11.08	-7.992	-12.478	-0.114
11.09	-7.991	-11.550	-0.116
11.1	-7.990	-11.159	-0.113
11.11	-7.987	-10.977	-0.109
11.12	-7.985	-10.592	-0.102
11.13	-7.982	-9.759	-0.093
11.14	-7.980	-8.503	-0.086
11.15	-7.978	-7.083	-0.087
11.16	-7.976	-5.784	-0.092
11.17	-7.974	-4.773	-0.092
11.18	-7.971	-4.127	-0.080
11.19	-7.970	-3.894	-0.072
11.2	-7.970	-4.081	-0.077
11.21	-7.969	-4.583	-0.080
11.22	-7.969	-5.225	-0.076
11.23	-7.969	-5.906	-0.074
11.24	-7.969	-6.605	-0.077
11.25	-7.970	-7.392	-0.075
11.26	-7.971	-8.380	-0.070
11.27	-7.972	-9.583	-0.071
11.28	-7.971	-10.848	-0.070
11.29	-7.969	-11.938	-0.067
11.3	-7.968	-12.705	-0.067
11.31	-7.968	-13.127	-0.067
11.32	-7.970	-13.205	-0.068
11.33	-7.972	-12.988	-0.066
11.34	-7.974	-12.625	-0.054
11.35	-7.976	-12.277	-0.060
11.36	-7.978	-12.016	-0.075
11.37	-7.979	-11.817	-0.070
11.38	-7.981	-11.623	-0.058
11.39	-7.983	-11.450	-0.052
11.4	-7.985	-11.323	-0.049
11.41	-7.987	-11.191	-0.048
11.42	-7.987	-10.942	-0.047
11.43	-7.989	-10.538	-0.052
11.44	-7.989	-10.083	-0.058
11.45	-7.991	-9.667	-0.054
11.46	-7.993	-9.234	-0.047
11.47	-7.994	-8.745	-0.047
11.48	-7.994	-8.273	-0.053
11.49	-7.994	-7.934	-0.052
11.5	-7.994	-7.772	-0.044
11.51	-7.995	-7.772	-0.028
11.52	-7.996	-7.923	-0.006
11.53	-7.997	-8.155	0.013
11.54	-7.999	-8.342	0.025
11.55	-8.001	-8.431	0.020
11.56	-8.004	-8.478	0.001
11.57	-8.007	-8.555	-0.027
11.58	-8.009	-8.633	-0.050
11.59	-8.010	-8.648	-0.055
11.6	-8.013	-8.594	-0.061
11.61	-8.017	-8.556	-0.072
11.62	-8.019	-8.648	-0.067
11.63	-8.019	-8.928	-0.051
11.64	-8.020	-9.333	0.052
11.65	-8.023	-9.720	0.281
11.66	-8.029	-9.947	0.440
11.67	-8.037	-9.980	0.357
11.68	-8.048	-9.947	0.073
11.69	-8.059	-9.973	-0.132
11.7	-8.068	-10.053	-0.127
11.71	-8.074	-10.128	-0.084
11.72	-8.079	-10.144	-0.067
11.73	-8.084	-10.069	-0.062
11.74	-8.089	-9.895	-0.062
11.75	-8.094	-9.605	-0.057
11.76	-8.097	-8.997	-0.048
11.77	-8.101	-7.391	-0.039
11.78	-8.107	-3.820	-0.032
11.79	-8.116	2.014	-0.024
11.8	-8.125	9.106	-0.018
11.81	-8.136	15.595	-0.012
11.82	-8.150	19.814	0.005
11.83	-8.165	20.980	0.024
11.84	-8.181	19.195	0.046
11.85	-8.197	15.117	0.071
11.86	-8.213	9.645	0.081
11.87	-8.229	3.709	0.082
11.88	-8.245	-1.902	0.086
11.89	-8.260	-6.663	0.089
11.9	-8.274	-10.370	0.085
11.91	-8.286	-13.113	0.063
11.92	-8.300	-15.116	0.029
11.93	-8.314	-16.509	-0.000
11.94	-8.327	-17.270	-0.027
11.95	-8.339	-17.378	-0.048
11.96	-8.349	-16.898	-0.061
11.97	-8.360	-15.925	-0.080
11.98	-8.371	-14.598	-0.096
11.99	-8.381	-13.198	-0.099
12.0	-8.390	-12.072	-0.091
12.01	-8.401	-11.438	-0.085
12.02	-8.411	-11.216	-0.093
12.03	-8.422	-11.091	-0.095
12.04	-8.432	-10.688	-0.082
12.05	-8.443	-9.750	-0.067
12.06	-8.453	-8.334	-0.061
12.07	-8.463	-6.786	-0.058
12.08	-8.474	-5.442	-0.054
12.09	-8.484	-4.458	-0.062
12.1	-8.494	-3.845	-0.067
12.11	-8.503	-3.548	-0.061
12.12	-8.512	-3.559	-0.057
12.13	-8.521	-3.892	-0.060
12.14	-8.529	-4.522	-0.065
12.15	-8.539	-5.380	-0.068
12.16	-8.549	-6.411	-0.069
12.17	-8.559	-7.616	-0.066
12.18	-8.569	-8.859	-0.059
12.19	-8.581	-10.044	-0.056
12.2	-8.591	-11.177	-0.059
12.21	-8.603	-12.147	-0.066
12.22	-8.613	-12.788	-0.069
12.23	-8.624	-12.991	-0.066
12.24	-8.634	-12.783	-0.058
12.25	-8.645	-12.403	-0.058
12.26	-8.656	-12.125	-0.064
12.27	-8.667	-12.048	-0.068
12.28	-8.679	-12.089	-0.061
12.29	-8.690	-12.102	-0.054
12.3	-8.701	-11.992	-0.060
12.31	-8.713	-11.756	-0.065
12.32	-8.724	-11.441	-0.061
12.33	-8.736	-11.097	-0.060
12.34	-8.747	-10.775	-0.056
12.35	-8.758	-10.461	-0.054
12.36	-8.769	-10.078	-0.057
12.37	-8.781	-9.645	-0.056
12.38	-8.793	-9.311	-0.054
12.39	-8.803	-9.200	-0.048
12.4	-8.814	-9.291	-0.040
12.41	-8.823	-9.412	-0.029
12.42	-8.831	-9.425	-0.009
12.43	-8.839	-9.367	0.011
12.44	-8.848	-9.358	0.015
12.45	-8.855	-9.375	0.012
12.46	-8.861	-9.280	0.012
12.47	-8.866	-9.086	-0.004
12.48	-8.872	-8.984	-0.039
12.49	-8.878	-9.139	-0.066
12.5	-8.884	-9.509	-0.067
12.51	-8.893	-9.913	-0.062
12.52	-8.900	-10.253	-0.056
12.53	-8.904	-10.556	-0.052
12.54	-8.908	-10.839	-0.014
12.55	-8.913	-11.134	0.167
12.56	-8.918	-11.533	0.406
12.57	-8.922	-11.953	0.473
12.58	-8.929	-12.173	0.257
12.59	-8.935	-12.100	-0.058
12.6	-8.939	-11.823	-0.165
12.61	-8.938	-11.580	-0.116
12.62	-8.937	-11.513	-0.077
12.63	-8.937	-11.580	-0.064
12.64	-8.938	-11.711	-0.056
12.65	-8.939	-11.822	-0.046
12.66	-8.939	-11.755	-0.035
12.67	-8.939	-11.155	-0.026
12.68	-8.940	-9.241	-0.021
12.69	-8.941	-5.141	-0.012
12.7	-8.942	1.158	0.002
12.71	-8.943	8.398	0.009
12.72	-8.944	14.705	0.010
12.73	-8.946	18.494	0.016
12.74	-8.949	19.059	0.041
12.75	-8.951	16.645	0.071
12.76	-8.953	12.061	0.091
12.77	-8.956	6.323	0.108
12.78	-8.958	0.384	0.118
12.79	-8.961	-5.047	0.115
12.8	-8.963	-9.583	0.110
12.81	-8.965	-13.119	0.098
12.82	-8.970	-15.777	0.065
12.83	-8.978	-17.728	0.027
12.84	-8.988	-18.992	-0.005
12.85	-8.995	-19.500	-0.031
12.86	-9.001	-19.303	-0.049
12.87	-9.006	-18.548	-0.068
12.88	-9.013	-17.394	-0.085
12.89	-9.022	-16.067	-0.095
12.9	-9.033	-14.905	-0.094
12.91	-9.044	-14.172	-0.083
12.92	-9.056	-13.850	-0.075
12.93	-9.068	-13.663	-0.071
12.94	-9.077	-13.283	-0.065
12.95	-9.088	-12.470	-0.064
12.96	-9.098	-11.147	-0.062
12.97	-9.107	-9.425	-0.058
12.98	-9.116	-7.516	-0.050
12.99	-9.124	-5.658	-0.048
13.0	-9.133	-4.075	-0.059
13.01	-9.143	-2.967	-0.069
13.02	-9.155	-2.467	-0.070
13.03	-9.165	-2.569	-0.065
13.04	-9.173	-3.148	-0.064
13.05	-9.181	-4.077	-0.066
13.06	-9.189	-5.280	-0.065
13.07	-9.196	-6.744	-0.063
13.08	-9.201	-8.442	-0.061
13.09	-9.205	-10.298	-0.060
13.1	-9.209	-12.138	-0.060
13.11	-9.214	-13.667	-0.057
13.12	-9.217	-14.652	-0.052
13.13	-9.220	-15.070	-0.061
13.14	-9.222	-15.086	-0.065
13.15	-9.224	-14.827	-0.059
13.16	-9.225	-14.367	-0.059
13.17	-9.227	-13.867	-0.060
13.18	-9.228	-13.505	-0.056
13.19	-9.229	-13.327	-0.051
13.2	-9.231	-13.248	-0.055
13.21	-9.234	-13.125	-0.056
13.22	-9.238	-12.836	-0.044
13.23	-9.240	-12.389	-0.047
13.24	-9.242	-11.895	-0.058
13.25	-9.244	-11.422	-0.057
13.26	-9.246	-10.922	-0.050
13.27	-9.248	-10.377	-0.042
13.28	-9.250	-9.884	-0.032
13.29	-9.252	-9.555	-0.027
13.3	-9.253	-9.394	-0.015
13.31	-9.254	-9.297	0.008
13.32	-9.254	-9.181	0.029
13.33	-9.254	-9.097	0.034
13.34	-9.253	-9.106	0.014
13.35	-9.251	-9.177	-0.012
13.36	-9.248	-9.191	-0.030
13.37	-9.244	-9.064	-0.044
13.38	-9.242	-8.825	-0.049
13.39	-9.241	-8.575	-0.055
13.4	-9.238	-8.416	-0.057
13.41	-9.228	-8.453	-0.055
13.42	-9.216	-8.716	0.010
13.43	-9.205	-9.139	0.233
13.44	-9.196	-9.630	0.478
13.45	-9.189	-10.036	0.509
13.46	-9.187	-10.234	0.240
13.47	-9.184	-10.225	-0.061
13.48	-9.174	-10.133	-0.125
13.49	-9.154	-10.152	-0.092
13.5	-9.133	-10.342	-0.078
13.51	-9.114	-10.611	-0.071
13.52	-9.096	-10.823	-0.065
13.53	-9.078	-10.914	-0.052
13.54	-9.058	-10.858	-0.038
13.55	-9.038	-10.331	-0.028
13.56	-9.018	-8.467	-0.026
13.57	-8.999	-4.381	-0.015
13.58	-8.982	1.833	0.001
13.59	-8.964	8.853	0.003
13.6	-8.947	14.903	0.013
13.61	-8.931	18.580	0.039
13.62	-8.915	19.263	0.059
13.63	-8.899	17.095	0.075
13.64	-8.884	12.702	0.091
13.65	-8.869	6.977	0.095
13.66	-8.854	0.836	0.099
13.67	-8.839	-4.994	0.099
13.68	-8.821	-10.030	0.090
13.69	-8.803	-14.028	0.075
13.7	-8.784	-16.981	0.053
13.71	-8.768	-19.036	0.031
13.72	-8.752	-20.327	-0.003
13.73	-8.735	-20.917	-0.037
13.74	-8.717	-20.850	-0.057
13.75	-8.699	-20.091	-0.074
13.76	-8.681	-18.709	-0.082
13.77	-8.662	-17.033	-0.085
13.78	-8.643	-15.531	-0.094
13.79	-8.624	-14.522	-0.092
13.8	-8.606	-13.923	-0.084
13.81	-8.588	-13.383	-0.080
13.82	-8.569	-12.556	-0.075
13.83	-8.552	-11.250	-0.070
13.84	-8.535	-9.489	-0.061
13.85	-8.519	-7.538	-0.057
13.86	-8.503	-5.727	-0.054
13.87	-8.488	-4.288	-0.049
13.88	-8.474	-3.366	-0.047
13.89	-8.461	-3.056	-0.052
13.9	-8.447	-3.323	-0.070
13.91	-8.434	-3.959	-0.078
13.92	-8.421	-4.684	-0.071
13.93	-8.408	-5.403	-0.064
13.94	-8.394	-6.177	-0.066
13.95	-8.382	-7.117	-0.074
13.96	-8.369	-8.345	-0.074
13.97	-8.358	-9.811	-0.070
13.98	-8.348	-11.295	-0.065
13.99	-8.339	-12.547	-0.061
14.0	-8.330	-13.363	-0.060
14.01	-8.322	-13.653	-0.060
14.02	-8.314	-13.542	-0.065
14.03	-8.309	-13.294	-0.070
14.04	-8.304	-13.070	-0.067
14.05	-8.300	-12.825	-0.063
14.06	-8.296	-12.483	-0.059
14.07	-8.293	-12.111	-0.060
14.08	-8.289	-11.795	-0.064
14.09	-8.284	-11.498	-0.059
14.1	-8.280	-11.148	-0.050
14.11	-8.276	-10.794	-0.047
14.12	-8.271	-10.509	-0.050
14.13	-8.267	-10.269	-0.053
14.14	-8.263	-10.006	-0.053
14.15	-8.259	-9.691	-0.058
14.16	-8.256	-9.336	-0.057
14.17	-8.252	-8.970	-0.047
14.18	-8.249	-8.645	-0.038
14.19	-8.244	-8.414	-0.031
14.2	-8.239	-8.270	-0.015
14.21	-8.234	-8.173	0.004
14.22	-8.231	-8.080	0.017
14.23	-8.228	-7.978	0.021
14.24	-8.224	-7.903	0.013
14.25	-8.221	-7.906	-0.005
14.26	-8.216	-8.027	-0.033
14.27	-8.211	-8.255	-0.060
14.28	-8.207	-8.488	-0.070
14.29	-8.206	-8.645	-0.061
14.3	-8.202	-8.731	-0.052
14.31	-8.197	-8.802	-0.060
14.32	-8.193	-8.958	-0.013
14.33	-8.189	-9.287	0.185
14.34	-8.186	-9.800	0.396
14.35	-8.182	-10.375	0.409
14.36	-8.179	-10.897	0.190
14.37	-8.177	-11.289	-0.069
14.38	-8.172	-11.491	-0.128
14.39	-8.164	-11.556	-0.082
14.4	-8.157	-11.538	-0.068
14.41	-8.151	-11.409	-0.067
14.42	-8.145	-11.092	-0.063
14.43	-8.137	-10.509	-0.052
14.44	-8.131	-9.636	-0.043
14.45	-8.124	-8.203	-0.042
14.46	-8.119	-5.394	-0.033
14.47	-8.113	-0.408	-0.023
14.48	-8.107	6.466	-0.012
14.49	-8.102	13.661	0.008
14.5	-8.096	19.242	0.026
14.51	-8.090	21.906	0.032
14.52	-8.085	21.347	0.041
14.53	-8.081	18.056	0.056
14.54	-8.079	12.923	0.071
14.55	-8.077	6.895	0.085
14.56	-8.074	0.734	0.095
14.57	-8.071	-4.986	0.101
14.58	-8.068	-9.850	0.101
14.59	-8.064	-13.623	0.086
14.6	-8.061	-16.258	0.053
14.61	-8.061	-17.897	0.015
14.62	-8.061	-18.784	-0.016
14.63	-8.060	-19.095	-0.038
14.64	-8.057	-18.859	-0.053
14.65	-8.053	-18.025	-0.058
14.66	-8.049	-16.625	-0.059
14.67	-8.046	-14.950	-0.074
14.68	-8.044	-13.489	-0.081
14.69	-8.043	-12.631	-0.075
14.7	-8.041	-12.361	-0.067
14.71	-8.039	-12.214	-0.061
14.72	-8.037	-11.661	-0.053
14.73	-8.036	-10.489	-0.042
14.74	-8.034	-8.806	-0.039
14.75	-8.033	-6.917	-0.037
14.76	-8.032	-5.163	-0.032
14.77	-8.031	-3.800	-0.031
14.78	-8.029	-2.977	-0.034
14.79	-8.028	-2.759	-0.037
14.8	-8.026	-3.098	-0.037
14.81	-8.026	-3.798	-0.039
14.82	-8.025	-4.656	-0.036
14.83	-8.024	-5.538	-0.026
14.84	-8.023	-6.459	-0.026
14.85	-8.021	-7.548	-0.035
14.86	-8.020	-8.856	-0.036
14.87	-8.019	-10.239	-0.034
14.88	-8.019	-11.445	-0.033
14.89	-8.018	-12.333	-0.029
14.9	-8.018	-12.891	-0.034
14.91	-8.018	-13.150	-0.044
14.92	-8.018	-13.164	-0.048
14.93	-8.018	-13.025	-0.049
14.94	-8.015	-12.891	-0.050
14.95	-8.012	-12.830	-0.048
14.96	-8.011	-12.770	-0.046
14.97	-8.011	-12.641	-0.044
14.98	-8.011	-12.413	-0.040
14.99	-8.012	-12.095	-0.038
15.0	-8.013	-11.713	-0.044
15.01	-8.014	-11.273	-0.049
15.02	-8.016	-10.753	-0.046
15.03	-8.016	-10.142	-0.048
15.04	-8.017	-9.530	-0.059
15.05	-8.018	-9.034	-0.063
15.06	-8.018	-8.697	-0.060
15.07	-8.018	-8.516	-0.058
15.08	-8.019	-8.453	-0.050
15.09	-8.020	-8.431	-0.038
15.1	-8.021	-8.383	-0.030
15.11	-8.021	-8.298	-0.024
15.12	-8.021	-8.216	-0.007
15.13	-8.022	-8.172	0.013
15.14	-8.024	-8.134	0.022
15.15	-8.025	-8.052	0.015
15.16	-8.026	-7.952	0.006
15.17	-8.027	-7.917	-0.014
15.18	-8.028	-8.023	-0.053
15.19	-8.029	-8.289	-0.074
15.2	-8.031	-8.603	-0.071
15.21	-8.034	-8.820	-0.071
15.22	-8.036	-8.941	-0.075
15.23	-8.037	-9.089	-0.072
15.24	-8.039	-9.327	0.011
15.25	-8.041	-9.584	0.225
15.26	-8.044	-9.833	0.406
15.27	-8.047	-10.088	0.373
15.28	-8.052	-10.311	0.111
15.29	-8.056	-10.414	-0.133
15.3	-8.057	-10.402	-0.151
15.31	-8.055	-10.400	-0.097
15.32	-8.053	-10.369	-0.077
15.33	-8.055	-10.145	-0.074
15.34	-8.058	-9.739	-0.069
15.35	-8.059	-9.248	-0.057
15.36	-8.061	-8.597	-0.053
15.37	-8.063	-7.222	-0.051
15.38	-8.068	-4.086	-0.044
15.39	-8.074	1.472	-0.031
15.4	-8.082	8.784	-0.013
15.41	-8.094	16.041	-0.001
15.42	-8.109	21.327	0.007
15.43	-8.126	23.408	0.021
15.44	-8.144	22.042	0.040
15.45	-8.164	17.883	0.061
15.46	-8.183	12.070	0.080
15.47	-8.203	5.786	0.094
15.48	-8.221	-0.098	0.097
15.49	-8.239	-5.166	0.093
15.5	-8.256	-9.316	0.085
15.51	-8.271	-12.581	0.068
15.52	-8.286	-15.039	0.047
15.53	-8.301	-16.759	0.019
15.54	-8.314	-17.770	-0.017
15.55	-8.327	-18.105	-0.052
15.56	-8.339	-17.813	-0.073
15.57	-8.351	-16.947	-0.082
15.58	-8.363	-15.639	-0.088
15.59	-8.374	-14.220	-0.091
15.6	-8.384	-13.108	-0.088
15.61	-8.395	-12.544	-0.084
15.62	-8.407	-12.378	-0.085
15.63	-8.418	-12.186	-0.082
15.64	-8.429	-11.580	-0.078
15.65	-8.440	-10.386	-0.084
15.66	-8.451	-8.700	-0.082
15.67	-8.461	-6.822	-0.071
15.68	-8.471	-5.059	-0.063
15.69	-8.481	-3.630	-0.056
15.7	-8.491	-2.667	-0.060
15.71	-8.502	-2.277	-0.064
15.72	-8.512	-2.464	-0.063
15.73	-8.522	-3.086	-0.064
15.74	-8.531	-3.986	-0.063
15.75	-8.541	-5.103	-0.063
15.76	-8.550	-6.366	-0.062
15.77	-8.559	-7.728	-0.066
15.78	-8.568	-9.173	-0.065
15.79	-8.578	-10.552	-0.066
15.8	-8.587	-11.761	-0.069
15.81	-8.596	-12.777	-0.062
15.82	-8.604	-13.525	-0.064
15.83	-8.613	-13.936	-0.069
15.84	-8.620	-14.008	-0.065
15.85	-8.627	-13.786	-0.060
15.86	-8.635	-13.414	-0.064
15.87	-8.643	-13.105	-0.070
15.88	-8.651	-12.956	-0.068
15.89	-8.659	-12.923	-0.063
15.9	-8.666	-12.911	-0.059
15.91	-8.672	-12.823	-0.059
15.92	-8.680	-12.614	-0.057
15.93	-8.687	-12.286	-0.050
15.94	-8.694	-11.848	-0.052
15.95	-8.702	-11.256	-0.058
15.96	-8.709	-10.544	-0.061
15.97	-8.716	-9.889	-0.059
15.98	-8.722	-9.469	-0.057
15.99	-8.728	-9.320	-0.053
16.0	-8.732	-9.316	-0.045
16.01	-8.738	-9.311	-0.039
16.02	-8.742	-9.275	-0.030
16.03	-8.748	-9.233	-0.014
16.04	-8.755	-9.222	0.006
16.05	-8.761	-9.291	0.020
16.06	-8.767	-9.403	0.022
16.07	-8.772	-9.467	0.009
16.08	-8.777	-9.470	-0.020
16.09	-8.781	-9.509	-0.049
16.1	-8.785	-9.638	-0.067
16.11	-8.792	-9.850	-0.078
16.12	-8.801	-10.127	-0.076
16.13	-8.809	-10.453	-0.073
16.14	-8.814	-10.791	-0.076
16.15	-8.818	-11.073	-0.029
16.16	-8.823	-11.238	0.158
16.17	-8.828	-11.314	0.386
16.18	-8.832	-11.342	0.448
16.19	-8.838	-11.341	0.229
16.2	-8.842	-11.383	-0.086
16.21	-8.846	-11.511	-0.178
16.22	-8.847	-11.730	-0.124
16.23	-8.848	-11.977	-0.089
16.24	-8.850	-12.125	-0.069
16.25	-8.853	-12.100	-0.064
16.26	-8.854	-11.891	-0.062
16.27	-8.854	-11.498	-0.052
16.28	-8.856	-10.652	-0.043
16.29	-8.857	-8.448	-0.037
16.3	-8.859	-3.859	-0.025
16.31	-8.861	3.031	-0.015
16.32	-8.863	10.733	-0.008
16.33	-8.865	17.253	0.005
16.34	-8.866	21.033	0.024
16.35	-8.868	21.427	0.046
16.36	-8.869	18.686	0.060
16.37	-8.871	13.661	0.071
16.38	-8.873	7.494	0.089
16.39	-8.876	1.217	0.098
16.4	-8.877	-4.544	0.098
16.41	-8.880	-9.539	0.097
16.42	-8.883	-13.669	0.081
16.43	-8.886	-16.894	0.048
16.44	-8.891	-19.256	0.014
16.45	-8.896	-20.773	-0.014
16.46	-8.900	-21.417	-0.040
16.47	-8.903	-21.230	-0.066
16.48	-8.906	-20.364	-0.086
16.49	-8.908	-19.063	-0.096
16.5	-8.911	-17.573	-0.103
16.51	-8.915	-16.208	-0.106
16.52	-8.920	-15.286	-0.102
16.53	-8.924	-14.848	-0.096
16.54	-8.929	-14.550	-0.091
16.55	-8.934	-13.859	-0.085
16.56	-8.940	-12.438	-0.082
16.57	-8.946	-10.350	-0.080
16.58	-8.951	-7.956	-0.078
16.59	-8.956	-5.686	-0.073
16.6	-8.961	-3.856	-0.068
16.61	-8.967	-2.700	-0.070
16.62	-8.973	-2.288	-0.071
16.63	-8.979	-2.472	-0.072
16.64	-8.986	-3.067	-0.077
16.65	-8.991	-3.917	-0.077
16.66	-8.997	-4.920	-0.078
16.67	-9.002	-6.058	-0.085
16.68	-9.008	-7.341	-0.084
16.69	-9.013	-8.730	-0.077
16.7	-9.019	-10.128	-0.072
16.71	-9.025	-11.463	-0.074
16.72	-9.030	-12.673	-0.079
16.73	-9.034	-13.669	-0.076
16.74	-9.037	-14.383	-0.066
16.75	-9.041	-14.747	-0.062
16.76	-9.046	-14.747	-0.070
16.77	-9.051	-14.481	-0.075
16.78	-9.058	-14.078	-0.073
16.79	-9.063	-13.655	-0.073
16.8	-9.067	-13.234	-0.068
16.81	-9.071	-12.747	-0.061
16.82	-9.075	-12.186	-0.063
16.83	-9.079	-11.708	-0.066
16.84	-9.082	-11.444	-0.068
16.85	-9.084	-11.311	-0.067
16.86	-9.087	-11.180	-0.057
16.87	-9.089	-10.994	-0.051
16.88	-9.091	-10.748	-0.063
16.89	-9.093	-10.469	-0.071
16.9	-9.096	-10.164	-0.058
16.91	-9.097	-9.831	-0.042
16.92	-9.098	-9.511	-0.023
16.93	-9.098	-9.259	-0.005
16.94	-9.098	-9.078	0.002
16.95	-9.096	-8.969	0.001
16.96	-9.094	-8.947	-0.008
16.97	-9.090	-8.970	-0.027
16.98	-9.085	-8.950	-0.049
16.99	-9.078	-8.853	-0.063
17.0	-9.072	-8.748	-0.065
17.01	-9.069	-8.755	-0.072
17.02	-9.063	-8.959	-0.076
17.03	-9.051	-9.316	-0.068
17.04	-9.039	-9.698	0.016
17.05	-9.029	-10.072	0.232
17.06	-9.019	-10.439	0.420
17.07	-9.012	-10.723	0.399
17.08	-9.006	-10.908	0.138
17.09	-9.001	-11.073	-0.113
17.1	-8.986	-11.306	-0.137
17.11	-8.963	-11.591	-0.092
17.12	-8.938	-11.825	-0.085
17.13	-8.914	-11.927	-0.080
17.14	-8.891	-11.861	-0.071
17.15	-8.868	-11.627	-0.060
17.16	-8.847	-11.191	-0.057
17.17	-8.826	-10.134	-0.054
17.18	-8.806	-7.433	-0.046
17.19	-8.788	-2.208	-0.037
17.2	-8.770	5.147	-0.023
17.21	-8.754	12.881	-0.006
17.22	-8.739	18.866	0.007
17.23	-8.725	21.702	0.020
17.24	-8.711	21.139	0.044
17.25	-8.697	17.786	0.066
17.26	-8.683	12.608	0.077
17.27	-8.668	6.594	0.088
17.28	-8.654	0.550	0.099
17.29	-8.641	-5.011	0.100
17.3	-8.626	-9.834	0.092
17.31	-8.611	-13.813	0.074
17.32	-8.598	-16.856	0.049
17.33	-8.588	-18.945	0.017
17.34	-8.577	-20.197	-0.017
17.35	-8.566	-20.742	-0.046
17.36	-8.554	-20.625	-0.071
17.37	-8.543	-19.859	-0.082
17.38	-8.531	-18.550	-0.079
17.39	-8.519	-16.997	-0.087
17.4	-8.508	-15.619	-0.098
17.41	-8.496	-14.748	-0.094
17.42	-8.486	-14.367	-0.087
17.43	-8.475	-14.092	-0.080
17.44	-8.465	-13.453	-0.069
17.45	-8.456	-12.172	-0.064
17.46	-8.446	-10.297	-0.065
17.47	-8.438	-8.144	-0.068
17.48	-8.428	-6.123	-0.064
17.49	-8.420	-4.517	-0.056
17.5	-8.412	-3.425	-0.050
17.51	-8.405	-2.878	-0.049
17.52	-8.399	-2.878	-0.058
17.53	-8.393	-3.394	-0.067
17.54	-8.387	-4.323	-0.066
17.55	-8.382	-5.473	-0.061
17.56	-8.377	-6.677	-0.058
17.57	-8.372	-7.877	-0.061
17.58	-8.367	-9.086	-0.068
17.59	-8.363	-10.314	-0.072
17.6	-8.360	-11.519	-0.075
17.61	-8.356	-12.594	-0.072
17.62	-8.353	-13.384	-0.064
17.63	-8.348	-13.822	-0.059
17.64	-8.343	-13.970	-0.061
17.65	-8.339	-13.905	-0.066
17.66	-8.334	-13.669	-0.060
17.67	-8.331	-13.331	-0.054
17.68	-8.328	-12.931	-0.057
17.69	-8.324	-12.478	-0.054
17.7	-8.321	-12.002	-0.052
17.71	-8.317	-11.552	-0.059
17.72	-8.314	-11.181	-0.059
17.73	-8.312	-10.892	-0.059
17.74	-8.307	-10.634	-0.055
17.75	-8.301	-10.388	-0.047
17.76	-8.296	-10.161	-0.049
17.77	-8.291	-9.941	-0.053
17.78	-8.287	-9.686	-0.040
17.79	-8.283	-9.388	-0.024
17.8	-8.279	-9.072	-0.023
17.81	-8.276	-8.786	-0.014
17.82	-8.273	-8.594	0.009
17.83	-8.271	-8.553	0.018
17.84	-8.268	-8.680	0.011
17.85	-8.265	-8.872	0.003
17.86	-8.262	-8.956	-0.012
17.87	-8.261	-8.880	-0.033
17.88	-8.258	-8.745	-0.046
17.89	-8.256	-8.658	-0.054
17.9	-8.257	-8.652	-0.055
17.91	-8.256	-8.714	-0.052
17.92	-8.253	-8.847	-0.054
17.93	-8.251	-9.061	-0.011
17.94	-8.249	-9.355	0.173
17.95	-8.248	-9.723	0.373
17.96	-8.245	-10.138	0.393
17.97	-8.242	-10.530	0.190
17.98	-8.241	-10.778	-0.063
17.99	-8.239	-10.783	-0.125
18.0	-8.234	-10.655	-0.084
18.01	-8.228	-10.628	-0.071
18.02	-8.223	-10.783	-0.070
18.03	-8.217	-10.978	-0.067
18.04	-8.212	-10.953	-0.054
18.05	-8.206	-10.491	-0.049
18.06	-8.200	-9.211	-0.041
18.07	-8.196	-6.223	-0.031
18.08	-8.192	-0.780	-0.028
18.09	-8.189	6.653	-0.022
18.1	-8.188	14.345	-0.014
18.11	-8.186	20.288	0.001
18.12	-8.185	23.175	0.022
18.13	-8.184	22.677	0.037
18.14	-8.183	19.220	0.046
18.15	-8.181	13.759	0.063
18.16	-8.180	7.406	0.083
18.17	-8.179	1.063	0.087
18.18	-8.178	-4.753	0.085
18.19	-8.177	-9.830	0.083
18.2	-8.175	-13.994	0.064
18.21	-8.174	-17.103	0.036
18.22	-8.174	-19.161	0.009
18.23	-8.174	-20.222	-0.013
18.24	-8.172	-20.358	-0.035
18.25	-8.169	-19.722	-0.065
18.26	-8.166	-18.508	-0.085
18.27	-8.165	-16.916	-0.092
18.28	-8.163	-15.230	-0.092
18.29	-8.161	-13.820	-0.091
18.3	-8.156	-12.966	-0.096
18.31	-8.152	-12.609	-0.092
18.32	-8.149	-12.327	-0.085
18.33	-8.147	-11.680	-0.083
18.34	-8.144	-10.522	-0.079
18.35	-8.143	-8.983	-0.075
18.36	-8.142	-7.330	-0.070
18.37	-8.140	-5.777	-0.067
18.38	-8.138	-4.459	-0.066
18.39	-8.136	-3.519	-0.066
18.4	-8.134	-3.077	-0.072
18.41	-8.131	-3.181	-0.073
18.42	-8.129	-3.761	-0.071
18.43	-8.128	-4.633	-0.070
18.44	-8.126	-5.623	-0.061
18.45	-8.124	-6.677	-0.060
18.46	-8.123	-7.836	-0.073
18.47	-8.121	-9.155	-0.076
18.48	-8.119	-10.542	-0.070
18.49	-8.119	-11.791	-0.069
18.5	-8.119	-12.702	-0.065
18.51	-8.119	-13.227	-0.065
18.52	-8.118	-13.464	-0.070
18.53	-8.117	-13.517	-0.069
18.54	-8.116	-13.438	-0.069
18.55	-8.115	-13.272	-0.070
18.56	-8.114	-13.066	-0.070
18.57	-8.113	-12.864	-0.067
18.58	-8.112	-12.714	-0.066
18.59	-8.110	-12.630	-0.064
18.6	-8.109	-12.550	-0.060
18.61	-8.109	-12.372	-0.058
18.62	-8.109	-11.978	-0.057
18.63	-8.109	-11.378	-0.053
18.64	-8.107	-10.706	-0.049
18.65	-8.107	-10.059	-0.053
18.66	-8.106	-9.498	-0.053
18.67	-8.106	-9.008	-0.051
18.68	-8.106	-8.527	-0.058
18.69	-8.105	-8.094	-0.054
18.7	-8.105	-7.800	-0.038
18.71	-8.104	-7.656	-0.022
18.72	-8.104	-7.625	-0.006
18.73	-8.104	-7.716	0.009
18.74	-8.104	-7.900	0.021
18.75	-8.105	-8.066	0.020
18.76	-8.105	-8.166	0.007
18.77	-8.106	-8.248	-0.013
18.78	-8.106	-8.412	-0.044
18.79	-8.107	-8.684	-0.064
18.8	-8.108	-8.933	-0.066
18.81	-8.111	-9.047	-0.064
18.82	-8.113	-9.125	-0.063
18.83	-8.113	-9.305	-0.062
18.84	-8.114	-9.533	0.025
18.85	-8.117	-9.688	0.252
18.86	-8.119	-9.756	0.426
18.87	-8.122	-9.806	0.362
18.88	-8.126	-9.898	0.079
18.89	-8.131	-9.995	-0.136
18.9	-8.132	-10.100	-0.129
18.91	-8.130	-10.339	-0.087
18.92	-8.129	-10.694	-0.077
18.93	-8.131	-10.919	-0.064
18.94	-8.134	-10.856	-0.051
18.95	-8.136	-10.459	-0.045
18.96	-8.139	-9.578	-0.051
18.97	-8.143	-7.636	-0.043
18.98	-8.149	-3.688	-0.024
18.99	-8.159	2.642	-0.015
19.0	-8.171	10.427	-0.010
19.01	-8.186	17.798	0.007
19.02	-8.204	22.909	0.021
19.03	-8.223	24.653	0.020
19.04	-8.242	22.877	0.031
19.05	-8.262	18.302	0.060
19.06	-8.281	12.147	0.087
19.07	-8.297	5.533	0.101
19.08	-8.314	-0.763	0.105
19.09	-8.329	-6.259	0.101
19.1	-8.343	-10.744	0.085
19.11	-8.356	-14.211	0.067
19.12	-8.369	-16.683	0.047
19.13	-8.383	-18.180	0.017
19.14	-8.396	-18.775	-0.016
19.15	-8.408	-18.598	-0.052
19.16	-8.419	-17.811	-0.085
19.17	-8.430	-16.564	-0.094
19.18	-8.441	-15.061	-0.092
19.19	-8.451	-13.656	-0.093
19.2	-8.462	-12.703	-0.095
19.21	-8.472	-12.325	-0.092
19.22	-8.482	-12.302	-0.083
19.23	-8.493	-12.186	-0.080
19.24	-8.504	-11.522	-0.082
19.25	-8.514	-10.081	-0.084
19.26	-8.525	-8.095	-0.076
19.27	-8.534	-6.119	-0.068
19.28	-8.544	-4.620	-0.072
19.29	-8.554	-3.706	-0.071
19.3	-8.563	-3.206	-0.064
19.31	-8.573	-3.017	-0.058
19.32	-8.582	-3.198	-0.053
19.33	-8.592	-3.786	-0.057
19.34	-8.601	-4.655	-0.066
19.35	-8.611	-5.644	-0.067
19.36	-8.620	-6.795	-0.070
19.37	-8.629	-8.094	-0.077
19.38	-8.639	-9.423	-0.077
19.39	-8.648	-10.784	-0.069
19.4	-8.657	-12.105	-0.065
19.41	-8.665	-13.183	-0.070
19.42	-8.674	-13.888	-0.070
19.43	-8.684	-14.222	-0.064
19.44	-8.693	-14.284	-0.062
19.45	-8.701	-14.200	-0.066
19.46	-8.709	-14.022	-0.068
19.47	-8.719	-13.700	-0.070
19.48	-8.727	-13.256	-0.080
19.49	-8.736	-12.822	-0.081
19.5	-8.744	-12.488	-0.070
19.51	-8.752	-12.259	-0.062
19.52	-8.759	-12.091	-0.060
19.53	-8.767	-11.889	-0.058
19.54	-8.774	-11.563	-0.057
19.55	-8.782	-11.127	-0.057
19.56	-8.789	-10.683	-0.062
19.57	-8.796	-10.327	-0.069
19.58	-8.803	-10.061	-0.072
19.59	-8.811	-9.827	-0.071
19.6	-8.820	-9.572	-0.062
19.61	-8.828	-9.322	-0.051
19.62	-8.834	-9.136	-0.042
19.63	-8.841	-9.075	-0.033
19.64	-8.848	-9.202	-0.019
19.65	-8.854	-9.438	-0.005
19.66	-8.861	-9.648	0.006
19.67	-8.868	-9.803	0.014
19.68	-8.874	-9.933	0.013
19.69	-8.881	-10.048	0.000
19.7	-8.886	-10.181	-0.019
19.71	-8.891	-10.367	-0.040
19.72	-8.898	-10.569	-0.064
19.73	-8.905	-10.769	-0.072
19.74	-8.914	-10.992	-0.071
19.75	-8.920	-11.266	-0.069
19.76	-8.922	-11.573	-0.060
19.77	-8.926	-11.848	0.022
19.78	-8.931	-12.084	0.238
19.79	-8.936	-12.298	0.435
19.8	-8.940	-12.417	0.414
19.81	-8.945	-12.414	0.131
19.82	-8.951	-12.328	-0.131
19.83	-8.955	-12.192	-0.154
19.84	-8.956	-12.097	-0.106
19.85	-8.956	-12.070	-0.082
19.86	-8.959	-11.984	-0.070
19.87	-8.960	-11.691	-0.063
19.88	-8.961	-11.223	-0.051
19.89	-8.961	-10.667	-0.053
19.9	-8.963	-9.495	-0.056
19.91	-8.965	-6.484	-0.044
19.92	-8.966	-0.775	-0.028
19.93	-8.967	7.028	-0.019
19.94	-8.969	15.011	-0.011
19.95	-8.971	21.011	0.002
19.96	-8.974	23.605	0.021
19.97	-8.976	22.519	0.044
19.98	-8.978	18.430	0.072
19.99	-8.978	12.522	0.095
20.0	-8.979	5.998	0.107
20.01	-8.981	-0.347	0.106
20.02	-8.980	-6.094	0.101
20.03	-8.978	-10.948	0.094
20.04	-8.975	-14.772	0.074
20.05	-8.973	-17.616	0.045
20.06	-8.971	-19.584	0.014
20.07	-8.967	-20.748	-0.019
20.08	-8.959	-21.161	-0.053
20.09	-8.946	-20.856	-0.069
20.1	-8.929	-19.870	-0.079
20.11	-8.912	-18.345	-0.092
20.12	-8.896	-16.567	-0.091
20.13	-8.878	-14.916	-0.090
20.14	-8.861	-13.747	-0.095
20.15	-8.845	-13.098	-0.098
20.16	-8.829	-12.611	-0.095
20.17	-8.815	-11.853	-0.083
20.18	-8.802	-10.592	-0.068
20.19	-8.788	-8.852	-0.061
20.2	-8.775	-6.867	-0.058
20.21	-8.763	-4.978	-0.055
20.22	-8.751	-3.506	-0.058
20.23	-8.741	-2.680	-0.060
20.24	-8.732	-2.519	-0.058
20.25	-8.724	-2.861	-0.056
20.26	-8.716	-3.520	-0.053
20.27	-8.710	-4.403	-0.056
20.28	-8.705	-5.516	-0.068
20.29	-8.703	-6.866	-0.073
20.3	-8.703	-8.416	-0.073
20.31	-8.706	-10.091	-0.067
20.32	-8.712	-11.759	-0.067
20.33	-8.721	-13.258	-0.074
20.34	-8.732	-14.425	-0.073
20.35	-8.746	-15.131	-0.067
20.36	-8.763	-15.341	-0.059
20.37	-8.780	-15.148	-0.056
20.38	-8.797	-14.773	-0.065
20.39	-8.814	-14.423	-0.072
20.4	-8.831	-14.158	-0.073
20.41	-8.846	-13.867	-0.070
20.42	-8.860	-13.463	-0.064
20.43	-8.874	-13.016	-0.063
20.44	-8.887	-12.647	-0.064
20.45	-8.899	-12.359	-0.060
20.46	-8.909	-12.083	-0.055
20.47	-8.918	-11.714	-0.049
20.48	-8.926	-11.167	-0.055
20.49	-8.935	-10.488	-0.064
20.5	-8.943	-9.869	-0.060
20.51	-8.952	-9.428	-0.054
20.52	-8.961	-9.138	-0.048
20.53	-8.970	-8.930	-0.047
20.54	-8.978	-8.736	-0.043
20.55	-8.986	-8.553	-0.035
20.56	-8.994	-8.497	-0.030
20.57	-9.001	-8.673	-0.023
20.58	-9.007	-9.005	-0.005
20.59	-9.014	-9.287	0.015
20.6	-9.021	-9.381	0.020
20.61	-9.027	-9.333	0.012
20.62	-9.033	-9.270	-0.003
20.63	-9.039	-9.283	-0.029
20.64	-9.045	-9.398	-0.052
20.65	-9.052	-9.602	-0.052
20.66	-9.061	-9.859	-0.048
20.67	-9.070	-10.131	-0.061
20.68	-9.077	-10.391	-0.065
20.69	-9.081	-10.641	-0.042
20.7	-9.086	-10.903	0.091
20.71	-9.091	-11.231	0.328
20.72	-9.096	-11.556	0.477
20.73	-9.101	-11.686	0.379
20.74	-9.107	-11.597	0.072
20.75	-9.112	-11.409	-0.125
20.76	-9.111	-11.270	-0.118
20.77	-9.107	-11.252	-0.083
20.78	-9.103	-11.263	-0.071
20.79	-9.100	-11.180	-0.070
20.8	-9.096	-10.986	-0.062
20.81	-9.091	-10.716	-0.049
20.82	-9.088	-10.206	-0.047
20.83	-9.086	-8.683	-0.044
20.84	-9.083	-4.944	-0.032
20.85	-9.080	1.497	-0.017
20.86	-9.078	9.614	-0.004
20.87	-9.074	17.319	0.010
20.88	-9.071	22.569	0.017
20.89	-9.067	24.259	0.028
20.9	-9.060	22.469	0.048
20.91	-9.052	18.069	0.072
20.92	-9.042	12.125	0.093
20.93	-9.031	5.538	0.105
20.94	-9.016	-0.959	0.102
20.95	-8.999	-6.788	0.087
20.96	-8.978	-11.653	0.074
20.97	-8.956	-15.494	0.060
20.98	-8.934	-18.319	0.032
20.99	-8.914	-20.164	-0.003
21.0	-8.895	-21.075	-0.028
21.01	-8.875	-21.134	-0.048
21.02	-8.853	-20.516	-0.066
21.03	-8.831	-19.389	-0.076
21.04	-8.809	-17.870	-0.077
21.05	-8.787	-16.220	-0.075
21.06	-8.766	-14.839	-0.082
21.07	-8.746	-13.980	-0.091
21.08	-8.728	-13.502	-0.086
21.09	-8.710	-13.027	-0.076
21.1	-8.693	-12.217	-0.072
21.11	-8.676	-10.878	-0.071
21.12	-8.660	-9.080	-0.063
21.13	-8.646	-7.170	-0.055
21.14	-8.632	-5.508	-0.054
21.15	-8.619	-4.272	-0.055
21.16	-8.608	-3.502	-0.051
21.17	-8.599	-3.167	-0.050
21.18	-8.593	-3.255	-0.063
21.19	-8.589	-3.738	-0.074
21.2	-8.586	-4.542	-0.071
21.21	-8.583	-5.611	-0.060
21.22	-8.579	-6.919	-0.058
21.23	-8.575	-8.409	-0.063
21.24	-8.570	-9.948	-0.061
21.25	-8.564	-11.406	-0.058
21.26	-8.558	-12.697	-0.059
21.27	-8.551	-13.702	-0.057
21.28	-8.544	-14.313	-0.056
21.29	-8.536	-14.502	-0.059
21.3	-8.528	-14.348	-0.062
21.31	-8.519	-13.986	-0.064
21.32	-8.511	-13.547	-0.067
21.33	-8.502	-13.177	-0.068
21.34	-8.492	-12.936	-0.067
21.35	-8.484	-12.794	-0.063
21.36	-8.474	-12.686	-0.058
21.37	-8.465	-12.548	-0.051
21.38	-8.455	-12.333	-0.047
21.39	-8.445	-12.017	-0.053
21.4	-8.436	-11.583	-0.048
21.41	-8.426	-11.023	-0.051
21.42	-8.417	-10.391	-0.065
21.43	-8.408	-9.784	-0.064
21.44	-8.399	-9.325	-0.064
21.45	-8.391	-9.113	-0.064
21.46	-8.382	-9.109	-0.056
21.47	-8.373	-9.150	-0.050
21.48	-8.365	-9.081	-0.040
21.49	-8.356	-8.923	-0.028
21.5	-8.348	-8.819	-0.021
21.51	-8.339	-8.855	-0.007
21.52	-8.331	-8.997	0.014
21.53	-8.324	-9.172	0.020
21.54	-8.315	-9.330	0.009
21.55	-8.307	-9.453	-0.003
21.56	-8.299	-9.525	-0.018
21.57	-8.291	-9.558	-0.043
21.58	-8.285	-9.655	-0.065
21.59	-8.281	-9.866	-0.066
21.6	-8.278	-10.138	-0.061
21.61	-8.272	-10.402	-0.058
21.62	-8.264	-10.617	-0.049
21.63	-8.257	-10.781	0.035
21.64	-8.252	-10.908	0.235
21.65	-8.248	-11.008	0.393
21.66	-8.243	-11.084	0.351
21.67	-8.239	-11.180	0.106
21.68	-8.235	-11.295	-0.114
21.69	-8.229	-11.359	-0.128
21.7	-8.223	-11.350	-0.073
21.71	-8.216	-11.358	-0.059
21.72	-8.209	-11.439	-0.065
21.73	-8.205	-11.448	-0.064
21.74	-8.201	-11.158	-0.055
21.75	-8.195	-10.405	-0.050
21.76	-8.190	-8.716	-0.046
21.77	-8.185	-5.102	-0.037
21.78	-8.181	1.091	-0.030
21.79	-8.177	9.167	-0.023
21.8	-8.174	17.217	-0.008
21.81	-8.171	23.094	0.008
21.82	-8.170	25.436	0.019
21.83	-8.169	24.088	0.035
21.84	-8.169	19.848	0.060
21.85	-8.168	13.914	0.084
21.86	-8.166	7.397	0.088
21.87	-8.165	1.033	0.080
21.88	-8.164	-4.816	0.079
21.89	-8.164	-9.931	0.076
21.9	-8.163	-14.130	0.064
21.91	-8.162	-17.283	0.041
21.92	-8.162	-19.353	0.006
21.93	-8.161	-20.400	-0.031
21.94	-8.160	-20.517	-0.060
21.95	-8.158	-19.791	-0.079
21.96	-8.155	-18.395	-0.083
21.97	-8.154	-16.606	-0.096
21.98	-8.154	-14.798	-0.115
21.99	-8.153	-13.345	-0.114
22.0	-8.152	-12.444	-0.104
22.01	-8.150	-12.047	-0.102
22.02	-8.148	-11.908	-0.100
22.03	-8.144	-11.627	-0.096
22.04	-8.138	-10.791	-0.089
22.05	-8.133	-9.325	-0.079
22.06	-8.129	-7.519	-0.072
22.07	-8.124	-5.738	-0.070
22.08	-8.118	-4.255	-0.073
22.09	-8.113	-3.253	-0.076
22.1	-8.109	-2.819	-0.075
22.11	-8.104	-2.930	-0.070
22.12	-8.101	-3.456	-0.071
22.13	-8.096	-4.255	-0.074
22.14	-8.092	-5.230	-0.072
22.15	-8.089	-6.405	-0.072
22.16	-8.086	-7.825	-0.072
22.17	-8.084	-9.364	-0.072
22.18	-8.081	-10.834	-0.065
22.19	-8.079	-12.120	-0.065
22.2	-8.076	-13.138	-0.078
22.21	-8.074	-13.809	-0.076
22.22	-8.071	-14.073	-0.064
22.23	-8.069	-13.997	-0.060
22.24	-8.067	-13.806	-0.062
22.25	-8.064	-13.692	-0.065
22.26	-8.063	-13.647	-0.067
22.27	-8.061	-13.523	-0.068
22.28	-8.060	-13.220	-0.070
22.29	-8.059	-12.808	-0.072
22.3	-8.056	-12.405	-0.073
22.31	-8.054	-12.048	-0.070
22.32	-8.053	-11.719	-0.067
22.33	-8.051	-11.414	-0.067
22.34	-8.051	-11.123	-0.064
22.35	-8.050	-10.753	-0.061
22.36	-8.049	-10.220	-0.060
22.37	-8.049	-9.595	-0.055
22.38	-8.048	-8.991	-0.049
22.39	-8.048	-8.456	-0.044
22.4	-8.048	-8.036	-0.044
22.41	-8.047	-7.797	-0.057
22.42	-8.047	-7.767	-0.065
22.43	-8.045	-7.873	-0.058
22.44	-8.044	-8.016	-0.048
22.45	-8.043	-8.213	-0.034
22.46	-8.042	-8.511	-0.018
22.47	-8.042	-8.820	-0.004
22.48	-8.043	-9.033	0.017
22.49	-8.044	-9.191	0.027
22.5	-8.046	-9.384	0.028
22.51	-8.047	-9.594	0.022
22.52	-8.048	-9.767	-0.004
22.53	-8.049	-9.936	-0.035
22.54	-8.050	-10.136	-0.056
22.55	-8.053	-10.361	-0.067
22.56	-8.057	-10.558	-0.069
22.57	-8.063	-10.661	-0.066
22.58	-8.066	-10.673	-0.060
22.59	-8.071	-10.658	-0.022
22.6	-8.079	-10.677	0.148
22.61	-8.092	-10.709	0.370
22.62	-8.107	-10.659	0.432
22.63	-8.126	-10.523	0.249
22.64	-8.146	-10.364	-0.041
22.65	-8.166	-10.208	-0.156
22.66	-8.183	-10.147	-0.113
22.67	-8.197	-10.233	-0.082
22.68	-8.211	-10.372	-0.069
22.69	-8.226	-10.453	-0.061
22.7	-8.239	-10.430	-0.050
22.71	-8.252	-10.202	-0.040
22.72	-8.264	-9.347	-0.039
22.73	-8.276	-6.920	-0.037
22.74	-8.287	-1.888	-0.027
22.75	-8.299	5.723	-0.012
22.76	-8.309	14.356	-0.012
22.77	-8.321	21.722	-0.006
22.78	-8.332	25.983	0.015
22.79	-8.344	26.416	0.032
22.8	-8.357	23.356	0.050
22.81	-8.369	17.795	0.077
22.82	-8.382	10.936	0.099
22.83	-8.394	3.864	0.110
22.84	-8.406	-2.655	0.113
22.85	-8.416	-8.180	0.111
22.86	-8.427	-12.508	0.094
22.87	-8.438	-15.677	0.057
22.88	-8.449	-17.914	0.029
22.89	-8.461	-19.405	0.010
22.9	-8.471	-20.170	-0.021
22.91	-8.481	-20.194	-0.051
22.92	-8.491	-19.531	-0.072
22.93	-8.501	-18.269	-0.086
22.94	-8.511	-16.541	-0.088
22.95	-8.519	-14.659	-0.087
22.96	-8.527	-13.098	-0.080
22.97	-8.536	-12.173	-0.074
22.98	-8.545	-11.784	-0.085
22.99	-8.554	-11.514	-0.086
23.0	-8.564	-10.839	-0.074
23.01	-8.574	-9.456	-0.062
23.02	-8.584	-7.525	-0.066
23.03	-8.595	-5.520	-0.072
23.04	-8.605	-3.850	-0.065
23.05	-8.614	-2.747	-0.059
23.06	-8.624	-2.305	-0.053
23.07	-8.634	-2.441	-0.049
23.08	-8.645	-2.964	-0.051
23.09	-8.654	-3.725	-0.056
23.1	-8.664	-4.692	-0.061
23.11	-8.673	-5.902	-0.056
23.12	-8.683	-7.303	-0.049
23.13	-8.691	-8.772	-0.057
23.14	-8.700	-10.225	-0.060
23.15	-8.709	-11.597	-0.056
23.16	-8.718	-12.805	-0.058
23.17	-8.726	-13.731	-0.059
23.18	-8.734	-14.253	-0.057
23.19	-8.743	-14.377	-0.050
23.2	-8.752	-14.255	-0.054
23.21	-8.759	-14.063	-0.063
23.22	-8.767	-13.938	-0.059
23.23	-8.776	-13.902	-0.057
23.24	-8.786	-13.853	-0.058
23.25	-8.795	-13.714	-0.058
23.26	-8.804	-13.475	-0.059
23.27	-8.814	-13.155	-0.060
23.28	-8.822	-12.753	-0.058
23.29	-8.829	-12.289	-0.055
23.3	-8.838	-11.848	-0.066
23.31	-8.846	-11.475	-0.078
23.32	-8.855	-11.141	-0.070
23.33	-8.862	-10.845	-0.064
23.34	-8.869	-10.595	-0.068
23.35	-8.877	-10.370	-0.067
23.36	-8.884	-10.084	-0.058
23.37	-8.892	-9.689	-0.044
23.38	-8.899	-9.311	-0.048
23.39	-8.908	-9.142	-0.061
23.4	-8.916	-9.220	-0.053
23.41	-8.922	-9.431	-0.042
23.42	-8.929	-9.647	-0.030
23.43	-8.937	-9.813	-0.011
23.44	-8.944	-9.917	0.005
23.45	-8.951	-10.003	0.011
23.46	-8.959	-10.127	0.013
23.47	-8.966	-10.317	0.003
23.48	-8.973	-10.583	-0.023
23.49	-8.979	-10.839	-0.048
23.5	-8.988	-10.992	-0.064
23.51	-8.996	-11.061	-0.068
23.52	-9.004	-11.109	-0.064
23.53	-9.009	-11.208	-0.055
23.54	-9.013	-11.358	0.004
23.55	-9.019	-11.497	0.198
23.56	-9.027	-11.597	0.424
23.57	-9.034	-11.633	0.467
23.58	-9.041	-11.638	0.231
23.59	-9.049	-11.672	-0.074
23.6	-9.056	-11.733	-0.148
23.61	-9.058	-11.830	-0.097
23.62	-9.059	-11.942	-0.081
23.63	-9.061	-11.973	-0.071
23.64	-9.063	-11.881	-0.062
23.65	-9.064	-11.700	-0.051
23.66	-9.066	-11.472	-0.034
23.67	-9.068	-10.875	-0.021
23.68	-9.069	-8.855	-0.008
23.69	-9.071	-4.200	0.002
23.7	-9.072	3.173	-0.001
23.71	-9.074	11.750	0.003
23.72	-9.075	19.192	0.025
23.73	-9.078	23.581	0.045
23.74	-9.082	24.222	0.057
23.75	-9.086	21.545	0.075
23.76	-9.092	16.536	0.101
23.77	-9.099	10.273	0.123
23.78	-9.106	3.698	0.134
23.79	-9.111	-2.525	0.135
23.8	-9.116	-8.044	0.127
23.81	-9.119	-12.681	0.106
23.82	-9.125	-16.356	0.066
23.83	-9.133	-19.066	0.028
23.84	-9.140	-20.819	0.004
23.85	-9.146	-21.689	-0.028
23.86	-9.150	-21.827	-0.058
23.87	-9.154	-21.344	-0.074
23.88	-9.158	-20.319	-0.080
23.89	-9.162	-18.894	-0.083
23.9	-9.166	-17.353	-0.089
23.91	-9.170	-16.044	-0.091
23.92	-9.174	-15.056	-0.091
23.93	-9.178	-14.405	-0.089
23.94	-9.181	-14.192	-0.079
23.95	-9.186	-13.792	-0.070
23.96	-9.193	-12.189	-0.069
23.97	-9.200	-9.411	-0.071
23.98	-9.206	-6.339	-0.070
23.99	-9.210	-3.819	-0.062
24.0	-9.214	-2.273	-0.058
24.01	-9.219	-1.711	-0.060
24.02	-9.224	-1.950	-0.066
24.03	-9.228	-2.658	-0.069
24.04	-9.232	-3.472	-0.067
24.05	-9.237	-4.313	-0.064
24.06	-9.239	-5.333	-0.056
24.07	-9.242	-6.628	-0.059
24.08	-9.244	-8.145	-0.071
24.09	-9.247	-9.748	-0.071
24.1	-9.249	-11.239	-0.064
24.11	-9.251	-12.469	-0.057
24.12	-9.254	-13.406	-0.055
24.13	-9.258	-14.047	-0.059
24.14	-9.260	-14.388	-0.062
24.15	-9.263	-14.508	-0.063
24.16	-9.264	-14.513	-0.059
24.17	-9.267	-14.391	-0.056
24.18	-9.268	-14.092	-0.064
24.19	-9.270	-13.678	-0.065
24.2	-9.271	-13.289	-0.057
24.21	-9.274	-12.992	-0.052
24.22	-9.276	-12.761	-0.054
24.23	-9.277	-12.572	-0.053
24.24	-9.278	-12.372	-0.052
24.25	-9.281	-12.073	-0.056
24.26	-9.283	-11.622	-0.053
24.27	-9.284	-11.072	-0.057
24.28	-9.286	-10.575	-0.066
24.29	-9.287	-10.227	-0.060
24.3	-9.289	-9.995	-0.048
24.31	-9.292	-9.791	-0.042
24.32	-9.294	-9.505	-0.039
24.33	-9.296	-9.097	-0.024
24.34	-9.296	-8.667	-0.005
24.35	-9.297	-8.355	0.004
24.36	-9.299	-8.225	0.009
24.37	-9.299	-8.241	0.006
24.38	-9.299	-8.311	-0.009
24.39	-9.298	-8.383	-0.034
24.4	-9.297	-8.470	-0.053
24.41	-9.296	-8.603	-0.057
24.42	-9.299	-8.838	-0.061
24.43	-9.300	-9.205	-0.063
24.44	-9.294	-9.570	-0.060
24.45	-9.285	-9.766	-0.030
24.46	-9.275	-9.814	0.125
24.47	-9.264	-9.916	0.350
24.48	-9.249	-10.125	0.450
24.49	-9.235	-10.330	0.299
24.5	-9.219	-10.508	0.001
24.51	-9.196	-10.692	-0.136
24.52	-9.164	-10.864	-0.104
24.53	-9.128	-10.973	-0.072
24.54	-9.094	-11.022	-0.067
24.55	-9.063	-11.041	-0.064
24.56	-9.033	-10.977	-0.048
24.57	-9.004	-10.817	-0.050
24.58	-8.978	-10.364	-0.055
24.59	-8.952	-8.728	-0.043
24.6	-8.928	-4.686	-0.028
24.61	-8.905	2.152	-0.017
24.62	-8.883	10.647	-0.007
24.63	-8.863	18.584	0.008
24.64	-8.844	23.855	0.023
24.65	-8.826	25.408	0.040
24.66	-8.810	23.430	0.063
24.67	-8.794	18.861	0.083
24.68	-8.778	12.811	0.096
24.69	-8.762	6.245	0.099
24.7	-8.746	-0.117	0.097
24.71	-8.731	-5.861	0.090
24.72	-8.716	-10.789	0.072
24.73	-8.702	-14.822	0.051
24.74	-8.690	-17.928	0.031
24.75	-8.680	-20.119	-0.001
24.76	-8.670	-21.391	-0.036
24.77	-8.659	-21.738	-0.057
24.78	-8.648	-21.238	-0.073
24.79	-8.638	-20.102	-0.091
24.8	-8.627	-18.631	-0.099
24.81	-8.617	-17.125	-0.099
24.82	-8.606	-15.909	-0.099
24.83	-8.594	-15.186	-0.097
24.84	-8.584	-14.778	-0.095
24.85	-8.572	-14.303	-0.094
24.86	-8.561	-13.452	-0.085
24.87	-8.550	-12.066	-0.076
24.88	-8.539	-10.170	-0.070
24.89	-8.529	-8.006	-0.065
24.9	-8.519	-5.939	-0.061
24.91	-8.509	-4.253	-0.064
24.92	-8.498	-3.094	-0.072
24.93	-8.486	-2.498	-0.069
24.94	-8.476	-2.419	-0.061
24.95	-8.466	-2.811	-0.065
24.96	-8.457	-3.613	-0.069
24.97	-8.447	-4.727	-0.067
24.98	-8.437	-6.106	-0.060
24.99	-8.428	-7.725	-0.062
25.0	-8.419	-9.453	-0.073
25.01	-8.411	-11.052	-0.071
25.02	-8.402	-12.347	-0.066
25.03	-8.394	-13.316	-0.067
25.04	-8.384	-14.017	-0.071
25.05	-8.377	-14.513	-0.073
25.06	-8.369	-14.844	-0.065
25.07	-8.361	-15.042	-0.056
25.08	-8.353	-15.131	-0.053
25.09	-8.347	-15.127	-0.051
25.1	-8.340	-15.009	-0.051
25.11	-8.334	-14.748	-0.058
25.12	-8.328	-14.344	-0.068
25.13	-8.321	-13.836	-0.065
25.14	-8.315	-13.284	-0.062
25.15	-8.308	-12.736	-0.069
25.16	-8.302	-12.228	-0.071
25.17	-8.297	-11.813	-0.067
25.18	-8.292	-11.506	-0.061
25.19	-8.286	-11.241	-0.056
25.2	-8.280	-10.872	-0.055
25.21	-8.274	-10.333	-0.047
25.22	-8.268	-9.691	-0.043
25.23	-8.261	-9.075	-0.047
25.24	-8.256	-8.600	-0.039
25.25	-8.252	-8.322	-0.020
25.26	-8.248	-8.222	-0.005
25.27	-8.242	-8.269	0.004
25.28	-8.238	-8.431	0.008
25.29	-8.234	-8.655	-0.000
25.3	-8.230	-8.898	-0.026
25.31	-8.227	-9.145	-0.050
25.32	-8.225	-9.373	-0.056
25.33	-8.225	-9.578	-0.063
25.34	-8.224	-9.780	-0.075
25.35	-8.223	-10.020	-0.075
25.36	-8.219	-10.294	-0.056
25.37	-8.217	-10.550	0.061
25.38	-8.217	-10.780	0.274
25.39	-8.217	-10.989	0.404
25.4	-8.216	-11.166	0.316
25.41	-8.216	-11.347	0.052
25.42	-8.214	-11.553	-0.128
25.43	-8.210	-11.725	-0.122
25.44	-8.203	-11.786	-0.093
25.45	-8.196	-11.741	-0.091
25.46	-8.189	-11.653	-0.089
25.47	-8.183	-11.550	-0.079
25.48	-8.178	-11.341	-0.067
25.49	-8.172	-10.702	-0.050
25.5	-8.168	-8.864	-0.034
25.51	-8.164	-4.794	-0.038
25.52	-8.159	1.914	-0.035
25.53	-8.155	10.322	-0.012
25.54	-8.151	18.470	0.011
25.55	-8.149	24.306	0.014
25.56	-8.147	26.563	0.014
25.57	-8.145	25.122	0.036
25.58	-8.143	20.783	0.063
25.59	-8.141	14.748	0.090
25.6	-8.138	8.116	0.114
25.61	-8.136	1.620	0.118
25.62	-8.136	-4.306	0.103
25.63	-8.134	-9.417	0.091
25.64	-8.133	-13.592	0.076
25.65	-8.133	-16.809	0.047
25.66	-8.134	-19.097	0.009
25.67	-8.135	-20.477	-0.025
25.68	-8.134	-20.975	-0.053
25.69	-8.134	-20.686	-0.067
25.7	-8.135	-19.753	-0.073
25.71	-8.137	-18.355	-0.079
25.72	-8.139	-16.741	-0.079
25.73	-8.138	-15.253	-0.081
25.74	-8.138	-14.202	-0.085
25.75	-8.138	-13.609	-0.087
25.76	-8.137	-13.134	-0.087
25.77	-8.137	-12.355	-0.083
25.78	-8.137	-11.084	-0.080
25.79	-8.139	-9.398	-0.074
25.8	-8.139	-7.536	-0.068
25.81	-8.140	-5.738	-0.067
25.82	-8.141	-4.222	-0.061
25.83	-8.141	-3.136	-0.055
25.84	-8.142	-2.511	-0.063
25.85	-8.143	-2.344	-0.074
25.86	-8.143	-2.584	-0.078
25.87	-8.143	-3.217	-0.077
25.88	-8.143	-4.209	-0.066
25.89	-8.143	-5.444	-0.060
25.9	-8.143	-6.856	-0.062
25.91	-8.143	-8.430	-0.061
25.92	-8.143	-10.031	-0.063
25.93	-8.142	-11.422	-0.066
25.94	-8.142	-12.438	-0.064
25.95	-8.141	-13.081	-0.066
25.96	-8.139	-13.456	-0.075
25.97	-8.137	-13.644	-0.078
25.98	-8.135	-13.677	-0.070
25.99	-8.135	-13.656	-0.061
26.0	-8.137	-13.686	-0.062
26.01	-8.139	-13.739	-0.064
26.02	-8.141	-13.728	-0.058
26.03	-8.141	-13.605	-0.053
26.04	-8.139	-13.289	-0.054
26.05	-8.139	-12.716	-0.053
26.06	-8.140	-11.964	-0.051
26.07	-8.140	-11.244	-0.060
26.08	-8.139	-10.789	-0.066
26.09	-8.138	-10.745	-0.062
26.1	-8.139	-11.030	-0.055
26.11	-8.140	-11.319	-0.051
26.12	-8.140	-11.270	-0.048
26.13	-8.137	-10.728	-0.040
26.14	-8.134	-9.725	-0.034
26.15	-8.131	-8.473	-0.025
26.16	-8.129	-7.238	-0.005
26.17	-8.127	-6.258	0.015
26.18	-8.126	-5.741	0.025
26.19	-8.124	-5.730	0.019
26.2	-8.122	-6.075	0.007
26.21	-8.119	-6.594	-0.010
26.22	-8.117	-7.191	-0.034
26.23	-8.118	-7.816	-0.057
26.24	-8.121	-8.427	-0.062
26.25	-8.126	-8.958	-0.059
26.26	-8.130	-9.419	-0.063
26.27	-8.131	-9.923	-0.063
26.28	-8.130	-10.456	-0.036
26.29	-8.131	-10.952	0.123
26.3	-8.134	-11.405	0.354
26.31	-8.137	-11.731	0.430
26.32	-8.141	-11.845	0.256
26.33	-8.145	-11.783	-0.041
26.34	-8.146	-11.636	-0.163
26.35	-8.143	-11.489	-0.113
26.36	-8.139	-11.298	-0.075
26.37	-8.135	-10.970	-0.064
26.38	-8.131	-10.523	-0.068
26.39	-8.127	-10.052	-0.072
26.4	-8.124	-9.558	-0.063
26.41	-8.122	-8.623	-0.051
26.42	-8.119	-6.172	-0.036
26.43	-8.115	-1.039	-0.029
26.44	-8.111	6.809	-0.032
26.45	-8.109	15.773	-0.030
26.46	-8.105	23.439	-0.019
26.47	-8.099	27.866	0.001
26.48	-8.092	28.352	0.028
26.49	-8.086	25.305	0.053
26.5	-8.084	19.731	0.069
26.51	-8.082	12.822	0.083
26.52	-8.082	5.633	0.098
26.53	-8.081	-1.067	0.106
26.54	-8.080	-6.838	0.099
26.55	-8.078	-11.617	0.075
26.56	-8.077	-15.408	0.050
26.57	-8.077	-18.066	0.030
26.58	-8.077	-19.575	0.004
26.59	-8.076	-20.113	-0.027
26.6	-8.074	-19.914	-0.055
26.61	-8.074	-19.161	-0.079
26.62	-8.073	-17.941	-0.095
26.63	-8.072	-16.377	-0.099
26.64	-8.072	-14.731	-0.097
26.65	-8.074	-13.388	-0.103
26.66	-8.075	-12.627	-0.112
26.67	-8.076	-12.363	-0.108
26.68	-8.078	-12.138	-0.095
26.69	-8.079	-11.448	-0.084
26.7	-8.081	-10.111	-0.085
26.71	-8.080	-8.305	-0.084
26.72	-8.080	-6.370	-0.079
26.73	-8.082	-4.625	-0.077
26.74	-8.085	-3.328	-0.071
26.75	-8.089	-2.638	-0.071
26.76	-8.094	-2.539	-0.079
26.77	-8.099	-2.803	-0.079
26.78	-8.103	-2.978	-0.084
26.79	-8.106	-3.364	-0.085
26.8	-8.108	-4.841	-0.077
26.81	-8.112	-6.842	-0.080
26.82	-8.115	-8.308	-0.081
26.83	-8.119	-9.255	-0.073
26.84	-8.123	-9.888	-0.071
26.85	-8.126	-10.538	-0.076
26.86	-8.127	-11.464	-0.077
26.87	-8.124	-12.447	-0.081
26.88	-8.117	-13.228	-0.081
26.89	-8.111	-13.572	-0.074
26.9	-8.106	-13.417	-0.076
26.91	-8.097	-13.081	-0.081
26.92	-8.088	-12.958	-0.078
26.93	-8.079	-13.078	-0.074
26.94	-8.071	-13.186	-0.066
26.95	-8.064	-13.063	-0.061
26.96	-8.060	-12.584	-0.067
26.97	-8.056	-11.747	-0.076
26.98	-8.047	-10.828	-0.078
26.99	-8.034	-10.194	-0.070
27.0	-8.022	-9.913	-0.064
27.01	-8.012	-9.738	-0.059
27.02	-8.001	-9.391	-0.051
27.03	-7.987	-8.912	-0.047
27.04	-7.972	-8.420	-0.044
27.05	-7.960	-7.761	-0.035
27.06	-7.951	-6.964	-0.024
27.07	-7.936	-6.336	-0.007
27.08	-7.917	-6.106	0.016
27.09	-7.898	-6.308	0.026
27.1	-7.878	-6.763	0.021
27.11	-7.853	-7.267	-0.006
27.12	-7.829	-7.692	-0.041
27.13	-7.811	-7.911	-0.067
27.14	-7.793	-7.902	-0.082
27.15	-7.778	-7.841	-0.080
27.16	-7.764	-7.930	-0.076
27.17	-7.752	-8.181	-0.068
27.18	-7.739	-8.441	-0.048
27.19	-7.726	-8.694	0.079
27.2	-7.713	-9.105	0.325
27.21	-7.700	-9.656	0.471
27.22	-7.688	-10.098	0.329
27.23	-7.677	-10.275	-0.003
27.24	-7.664	-10.284	-0.171
27.25	-7.651	-10.428	-0.129
27.26	-7.638	-10.898	-0.085
27.27	-7.628	-11.556	-0.072
27.28	-7.617	-12.006	-0.070
27.29	-7.606	-11.898	-0.063
27.3	-7.594	-11.078	-0.054
27.31	-7.584	-9.419	-0.053
27.32	-7.575	-6.406	-0.048
27.33	-7.566	-1.180	-0.036
27.34	-7.555	6.391	-0.020
27.35	-7.542	14.991	-0.003
27.36	-7.524	22.511	0.005
27.37	-7.508	27.052	0.015
27.38	-7.499	27.753	0.032
27.39	-7.490	25.020	0.053
27.4	-7.482	19.948	0.083
27.41	-7.477	13.584	0.113
27.42	-7.473	6.711	0.130
27.43	-7.468	-0.047	0.124
27.44	-7.463	-6.231	0.113
27.45	-7.459	-11.475	0.108
27.46	-7.455	-15.452	0.085
27.47	-7.451	-18.123	0.052
27.48	-7.449	-19.689	0.018
27.49	-7.447	-20.297	-0.025
27.5	-7.444	-20.097	-0.057
27.51	-7.442	-19.317	-0.077
27.52	-7.441	-18.177	-0.098
27.53	-7.439	-16.931	-0.112
27.54	-7.438	-15.878	-0.115
27.55	-7.437	-15.195	-0.110
27.56	-7.435	-14.806	-0.104
27.57	-7.433	-14.413	-0.096
27.58	-7.429	-13.606	-0.088
27.59	-7.426	-12.103	-0.083
27.6	-7.424	-9.902	-0.080
27.61	-7.423	-7.309	-0.074
27.62	-7.421	-4.769	-0.071
27.63	-7.420	-2.683	-0.080
27.64	-7.418	-1.303	-0.084
27.65	-7.417	-0.686	-0.081
27.66	-7.415	-0.752	-0.081
27.67	-7.414	-1.369	-0.078
27.68	-7.413	-2.386	-0.074
27.69	-7.411	-3.648	-0.070
