Interval=	0.01 s
ExcelDateTime=	3.9770425770724949e+004	18/11/2008 10:13:06.590635
TimeFormat=	StartOfBlock
ChannelTitle=	Channel 1	Channel 2	Channel 3
Range=	20.000 mV	50.000 mV	2.000 mV
0.0	-8.569	-10.406	-0.007
0.01	-8.549	-10.834	-0.039
0.02	-8.526	-11.377	-0.071
0.03	-8.504	-11.911	-0.079
0.04	-8.482	-12.295	-0.075
0.05	-8.461	-12.311	-0.060
0.06	-8.441	-11.667	-0.042
0.07	-8.422	-9.883	-0.039
0.08	-8.403	-6.144	-0.039
0.09	-8.383	0.169	-0.030
0.1	-8.362	8.530	-0.019
0.11	-8.341	17.114	-0.014
0.12	-8.319	23.775	-0.005
0.13	-8.299	27.097	0.015
0.14	-8.279	26.694	0.035
0.15	-8.261	23.064	0.053
0.16	-8.241	17.220	0.077
0.17	-8.221	10.269	0.097
0.18	-8.202	3.163	0.106
0.19	-8.183	-3.397	0.102
0.2	-8.164	-9.003	0.093
0.21	-8.144	-13.542	0.077
0.22	-8.127	-17.072	0.047
0.23	-8.114	-19.623	0.016
0.24	-8.104	-21.155	-0.012
0.25	-8.096	-21.708	-0.041
0.26	-8.086	-21.450	-0.062
0.27	-8.077	-20.613	-0.078
0.28	-8.068	-19.464	-0.088
0.29	-8.061	-18.325	-0.092
0.3	-8.053	-17.489	-0.094
0.31	-8.046	-16.898	-0.092
0.32	-8.043	-16.442	-0.092
0.33	-8.041	-16.103	-0.091
0.34	-8.042	-15.544	-0.082
0.35	-8.051	-14.264	-0.075
0.36	-8.071	-12.211	-0.074
0.37	-8.103	-9.744	-0.073
0.38	-8.139	-7.356	-0.072
0.39	-8.174	-5.639	-0.075
0.4	-8.206	-4.752	-0.075
0.41	-8.234	-4.438	-0.066
0.42	-8.256	-4.484	-0.060
0.43	-8.272	-4.697	-0.059
0.44	-8.284	-5.119	-0.062
0.45	-8.294	-5.947	-0.067
0.46	-8.303	-7.220	-0.073
0.47	-8.309	-8.777	-0.079
0.48	-8.316	-10.325	-0.078
0.49	-8.320	-11.698	-0.081
0.5	-8.319	-12.917	-0.080
0.51	-8.313	-14.006	-0.067
0.52	-8.301	-14.861	-0.065
0.53	-8.283	-15.300	-0.071
0.54	-8.261	-15.256	-0.076
0.55	-8.237	-14.847	-0.075
0.56	-8.214	-14.295	-0.072
0.57	-8.194	-13.825	-0.078
0.58	-8.175	-13.531	-0.079
0.59	-8.156	-13.259	-0.072
0.6	-8.139	-12.967	-0.067
0.61	-8.124	-12.897	-0.065
0.62	-8.111	-12.989	-0.064
0.63	-8.099	-13.016	-0.064
0.64	-8.087	-12.905	-0.063
0.65	-8.076	-12.531	-0.056
0.66	-8.063	-11.869	-0.054
0.67	-8.051	-11.150	-0.056
0.68	-8.040	-10.609	-0.057
0.69	-8.029	-10.363	-0.051
0.7	-8.018	-10.445	-0.043
0.71	-8.007	-10.645	-0.038
0.72	-7.994	-10.661	-0.022
0.73	-7.982	-10.395	0.000
0.74	-7.971	-9.997	0.017
0.75	-7.963	-9.731	0.024
0.76	-7.956	-9.783	0.016
0.77	-7.951	-10.136	-0.009
0.78	-7.947	-10.577	-0.043
0.79	-7.944	-10.892	-0.059
0.8	-7.943	-11.017	-0.062
0.81	-7.950	-10.970	-0.066
0.82	-7.965	-10.856	-0.061
0.83	-7.984	-10.806	-0.056
0.84	-8.009	-10.911	-0.037
0.85	-8.041	-11.172	0.121
0.86	-8.076	-11.391	0.366
0.87	-8.117	-11.427	0.459
0.88	-8.162	-11.623	0.289
0.89	-8.205	-12.195	-0.003
0.9	-8.240	-12.811	-0.131
0.91	-8.266	-13.116	-0.105
0.92	-8.286	-12.853	-0.081
0.93	-8.301	-12.027	-0.072
0.94	-8.313	-11.120	-0.070
0.95	-8.319	-10.577	-0.065
0.96	-8.320	-10.255	-0.063
0.97	-8.314	-9.184	-0.061
0.98	-8.303	-5.677	-0.052
0.99	-8.286	1.197	-0.041
1.0	-8.267	10.478	-0.034
1.01	-8.248	19.975	-0.022
1.02	-8.229	27.008	-0.001
1.03	-8.207	29.677	0.017
1.04	-8.186	27.902	0.029
1.05	-8.164	22.763	0.046
1.06	-8.141	15.888	0.066
1.07	-8.121	8.889	0.085
1.08	-8.104	2.480	0.101
1.09	-8.091	-3.338	0.105
1.1	-8.079	-8.581	0.094
1.11	-8.066	-13.188	0.077
1.12	-8.055	-16.953	0.053
1.13	-8.046	-19.592	0.021
1.14	-8.038	-21.083	-0.007
1.15	-8.029	-21.614	-0.033
1.16	-8.019	-21.402	-0.059
1.17	-8.007	-20.703	-0.076
1.18	-7.994	-19.755	-0.086
1.19	-7.982	-18.723	-0.091
1.2	-7.970	-17.772	-0.096
1.21	-7.959	-16.858	-0.096
1.22	-7.951	-15.759	-0.084
1.23	-7.942	-14.544	-0.073
1.24	-7.936	-13.288	-0.072
1.25	-7.929	-11.833	-0.073
1.26	-7.922	-10.225	-0.069
1.27	-7.915	-8.605	-0.065
1.28	-7.906	-7.180	-0.063
1.29	-7.894	-6.259	-0.064
1.3	-7.885	-5.970	-0.061
1.31	-7.878	-6.194	-0.060
1.32	-7.872	-6.678	-0.067
1.33	-7.866	-7.281	-0.068
1.34	-7.859	-7.952	-0.063
1.35	-7.852	-8.683	-0.065
1.36	-7.845	-9.572	-0.073
1.37	-7.838	-10.638	-0.078
1.38	-7.829	-11.736	-0.078
1.39	-7.822	-12.717	-0.078
1.4	-7.819	-13.502	-0.076
1.41	-7.816	-14.056	-0.075
1.42	-7.816	-14.447	-0.077
1.43	-7.817	-14.750	-0.079
1.44	-7.819	-14.964	-0.082
1.45	-7.824	-15.016	-0.081
1.46	-7.830	-14.820	-0.081
1.47	-7.838	-14.350	-0.082
1.48	-7.847	-13.711	-0.079
1.49	-7.857	-13.088	-0.079
1.5	-7.868	-12.617	-0.082
1.51	-7.878	-12.375	-0.084
1.52	-7.889	-12.369	-0.089
1.53	-7.900	-12.483	-0.091
1.54	-7.911	-12.531	-0.089
1.55	-7.924	-12.334	-0.086
1.56	-7.936	-11.811	-0.083
1.57	-7.949	-11.027	-0.079
1.58	-7.963	-10.141	-0.079
1.59	-7.978	-9.366	-0.086
1.6	-7.995	-8.886	-0.091
1.61	-8.014	-8.580	-0.093
1.62	-8.036	-8.356	-0.095
1.63	-8.056	-8.550	-0.095
1.64	-8.075	-9.148	-0.093
1.65	-8.092	-9.913	-0.077
1.66	-8.109	-10.594	-0.054
1.67	-8.125	-10.783	-0.040
1.68	-8.140	-10.422	-0.027
1.69	-8.156	-9.783	-0.018
1.7	-8.171	-9.136	-0.025
1.71	-8.186	-8.714	-0.050
1.72	-8.201	-8.770	-0.078
1.73	-8.216	-9.281	-0.092
1.74	-8.229	-9.934	-0.098
1.75	-8.243	-10.427	-0.105
1.76	-8.255	-10.642	-0.101
1.77	-8.263	-10.644	-0.093
1.78	-8.271	-10.614	-0.053
1.79	-8.279	-10.700	0.136
1.8	-8.290	-10.909	0.378
1.81	-8.301	-11.091	0.439
1.82	-8.311	-10.991	0.226
1.83	-8.322	-10.503	-0.086
1.84	-8.331	-9.813	-0.185
1.85	-8.335	-9.225	-0.130
1.86	-8.338	-8.966	-0.104
1.87	-8.342	-9.055	-0.098
1.88	-8.347	-9.406	-0.099
1.89	-8.351	-9.892	-0.098
1.9	-8.354	-10.155	-0.087
1.91	-8.356	-9.406	-0.071
1.92	-8.359	-6.533	-0.060
1.93	-8.362	-0.827	-0.051
1.94	-8.363	6.842	-0.036
1.95	-8.364	14.283	-0.023
1.96	-8.364	19.566	-0.011
1.97	-8.365	21.752	0.007
1.98	-8.366	20.914	0.030
1.99	-8.367	17.886	0.052
2.0	-8.368	13.463	0.073
2.01	-8.369	8.138	0.095
2.02	-8.371	2.705	0.104
2.03	-8.374	-2.116	0.096
2.04	-8.377	-6.331	0.086
2.05	-8.379	-10.155	0.072
2.06	-8.383	-13.656	0.051
2.07	-8.390	-16.728	0.025
2.08	-8.398	-18.967	-0.004
2.09	-8.406	-20.009	-0.032
2.1	-8.414	-19.831	-0.053
2.11	-8.420	-18.784	-0.071
2.12	-8.426	-17.417	-0.076
2.13	-8.431	-15.942	-0.075
2.14	-8.434	-14.420	-0.081
2.15	-8.438	-13.047	-0.085
2.16	-8.443	-11.878	-0.081
2.17	-8.447	-10.945	-0.074
2.18	-8.452	-10.253	-0.068
2.19	-8.456	-9.617	-0.064
2.2	-8.460	-8.803	-0.061
2.21	-8.464	-7.778	-0.061
2.22	-8.469	-6.692	-0.061
2.23	-8.472	-5.805	-0.062
2.24	-8.476	-5.414	-0.062
2.25	-8.479	-5.594	-0.056
2.26	-8.483	-6.164	-0.049
2.27	-8.489	-6.858	-0.047
2.28	-8.496	-7.277	-0.048
2.29	-8.502	-7.272	-0.049
2.3	-8.508	-7.130	-0.047
2.31	-8.512	-7.302	-0.047
2.32	-8.517	-8.206	-0.053
2.33	-8.523	-9.847	-0.055
2.34	-8.528	-11.705	-0.055
2.35	-8.534	-13.163	-0.056
2.36	-8.541	-13.852	-0.047
2.37	-8.547	-13.795	-0.043
2.38	-8.554	-13.347	-0.047
2.39	-8.560	-12.977	-0.046
2.4	-8.568	-12.950	-0.046
2.41	-8.574	-13.220	-0.048
2.42	-8.580	-13.539	-0.046
2.43	-8.587	-13.650	-0.046
2.44	-8.594	-13.445	-0.050
2.45	-8.601	-12.984	-0.049
2.46	-8.607	-12.530	-0.045
2.47	-8.614	-12.225	-0.043
2.48	-8.621	-11.919	-0.038
2.49	-8.628	-11.558	-0.042
2.5	-8.635	-11.130	-0.053
2.51	-8.643	-10.623	-0.054
2.52	-8.649	-10.208	-0.051
2.53	-8.655	-9.930	-0.046
2.54	-8.660	-9.733	-0.039
2.55	-8.665	-9.705	-0.029
2.56	-8.669	-9.889	-0.010
2.57	-8.672	-10.247	0.006
2.58	-8.676	-10.756	0.019
2.59	-8.679	-11.281	0.027
2.6	-8.683	-11.666	0.014
2.61	-8.688	-11.817	-0.021
2.62	-8.693	-11.563	-0.050
2.63	-8.697	-10.792	-0.057
2.64	-8.706	-9.697	-0.058
2.65	-8.717	-8.563	-0.064
2.66	-8.727	-7.788	-0.067
2.67	-8.734	-7.770	-0.060
2.68	-8.744	-8.522	0.030
2.69	-8.758	-9.913	0.270
2.7	-8.773	-11.483	0.501
2.71	-8.788	-12.442	0.492
2.72	-8.806	-12.588	0.180
2.73	-8.824	-12.169	-0.118
2.74	-8.836	-11.552	-0.161
2.75	-8.843	-11.170	-0.109
2.76	-8.851	-11.136	-0.083
2.77	-8.859	-11.403	-0.082
2.78	-8.866	-11.798	-0.074
2.79	-8.872	-11.908	-0.060
2.8	-8.876	-11.509	-0.049
2.81	-8.879	-10.380	-0.037
2.82	-8.882	-7.881	-0.031
2.83	-8.885	-3.764	-0.017
2.84	-8.887	1.364	0.002
2.85	-8.888	6.650	0.014
2.86	-8.888	10.981	0.023
2.87	-8.889	13.400	0.039
2.88	-8.891	13.672	0.065
2.89	-8.894	11.959	0.091
2.9	-8.898	8.545	0.111
2.91	-8.901	3.986	0.129
2.92	-8.905	-1.066	0.143
2.93	-8.908	-6.353	0.141
2.94	-8.908	-11.456	0.123
2.95	-8.909	-15.641	0.097
2.96	-8.914	-18.542	0.069
2.97	-8.921	-20.156	0.036
2.98	-8.928	-20.703	-0.000
2.99	-8.933	-20.584	-0.025
3.0	-8.936	-20.080	-0.039
3.01	-8.940	-19.245	-0.053
3.02	-8.946	-18.091	-0.068
3.03	-8.951	-16.688	-0.076
3.04	-8.954	-15.245	-0.075
3.05	-8.957	-14.080	-0.070
3.06	-8.962	-13.359	-0.067
3.07	-8.966	-12.997	-0.068
3.08	-8.969	-12.736	-0.063
3.09	-8.973	-12.242	-0.056
3.1	-8.976	-11.295	-0.048
3.11	-8.979	-9.866	-0.045
3.12	-8.984	-8.086	-0.048
3.13	-8.989	-6.280	-0.055
3.14	-8.992	-4.891	-0.056
3.15	-8.996	-4.244	-0.052
3.16	-9.000	-4.392	-0.053
3.17	-9.004	-5.145	-0.051
3.18	-9.008	-6.194	-0.051
3.19	-9.010	-7.234	-0.054
3.2	-9.012	-8.105	-0.058
3.21	-9.013	-8.819	-0.061
3.22	-9.012	-9.505	-0.061
3.23	-9.011	-10.292	-0.060
3.24	-9.009	-11.225	-0.059
3.25	-9.007	-12.186	-0.058
3.26	-9.004	-12.992	-0.064
3.27	-9.001	-13.522	-0.065
3.28	-8.997	-13.723	-0.057
3.29	-8.992	-13.627	-0.053
3.3	-8.986	-13.339	-0.056
3.31	-8.979	-12.994	-0.058
3.32	-8.971	-12.731	-0.057
3.33	-8.958	-12.631	-0.056
3.34	-8.942	-12.638	-0.055
3.35	-8.922	-12.580	-0.055
3.36	-8.901	-12.269	-0.056
3.37	-8.879	-11.667	-0.054
3.38	-8.856	-10.931	-0.056
3.39	-8.833	-10.316	-0.058
3.4	-8.808	-10.008	-0.056
3.41	-8.781	-9.967	-0.054
3.42	-8.753	-9.988	-0.046
3.43	-8.724	-9.889	-0.033
3.44	-8.696	-9.645	-0.018
3.45	-8.667	-9.345	-0.002
3.46	-8.639	-9.106	0.000
3.47	-8.613	-8.972	-0.015
3.48	-8.587	-8.933	-0.041
3.49	-8.562	-8.923	-0.064
3.5	-8.538	-8.900	-0.078
3.51	-8.518	-8.945	-0.081
3.52	-8.498	-9.119	-0.078
3.53	-8.477	-9.400	-0.073
3.54	-8.454	-9.734	-0.066
3.55	-8.434	-9.978	0.035
3.56	-8.415	-10.083	0.263
3.57	-8.396	-10.239	0.432
3.58	-8.376	-10.547	0.362
3.59	-8.357	-10.964	0.077
3.6	-8.338	-11.356	-0.129
3.61	-8.315	-11.581	-0.129
3.62	-8.289	-11.644	-0.092
3.63	-8.264	-11.536	-0.087
3.64	-8.240	-11.448	-0.089
3.65	-8.216	-11.530	-0.084
3.66	-8.194	-11.592	-0.077
3.67	-8.173	-11.228	-0.071
3.68	-8.153	-9.758	-0.055
3.69	-8.134	-6.534	-0.039
3.7	-8.114	-1.617	-0.032
3.71	-8.094	3.942	-0.027
3.72	-8.075	8.748	-0.014
3.73	-8.058	11.683	0.003
3.74	-8.043	12.333	0.018
3.75	-8.026	10.991	0.039
3.76	-8.011	8.164	0.060
3.77	-7.997	4.450	0.070
3.78	-7.982	0.373	0.082
3.79	-7.968	-3.638	0.098
3.8	-7.954	-7.088	0.097
3.81	-7.940	-9.888	0.078
3.82	-7.927	-12.350	0.057
3.83	-7.916	-14.472	0.028
3.84	-7.907	-16.150	-0.003
3.85	-7.898	-17.298	-0.035
3.86	-7.888	-17.777	-0.066
3.87	-7.878	-17.767	-0.084
3.88	-7.869	-17.458	-0.093
3.89	-7.860	-16.889	-0.099
3.9	-7.852	-16.209	-0.101
3.91	-7.844	-15.423	-0.101
3.92	-7.836	-14.516	-0.093
3.93	-7.829	-13.634	-0.088
3.94	-7.824	-12.867	-0.087
3.95	-7.819	-12.177	-0.082
3.96	-7.814	-11.452	-0.078
3.97	-7.811	-10.417	-0.072
3.98	-7.808	-8.900	-0.066
3.99	-7.805	-7.409	-0.065
4.0	-7.803	-6.467	-0.060
4.01	-7.801	-6.167	-0.057
4.02	-7.802	-6.400	-0.059
4.03	-7.807	-6.689	-0.059
4.04	-7.813	-6.736	-0.062
4.05	-7.819	-6.633	-0.066
4.06	-7.824	-6.625	-0.066
4.07	-7.828	-7.006	-0.067
4.08	-7.831	-7.892	-0.068
4.09	-7.833	-9.131	-0.074
4.1	-7.834	-10.484	-0.086
4.11	-7.834	-11.747	-0.094
4.12	-7.834	-12.708	-0.092
4.13	-7.834	-13.214	-0.085
4.14	-7.834	-13.264	-0.083
4.15	-7.833	-12.825	-0.083
4.16	-7.833	-12.039	-0.081
4.17	-7.832	-11.517	-0.082
4.18	-7.831	-11.441	-0.088
4.19	-7.831	-11.484	-0.092
4.2	-7.831	-11.434	-0.087
4.21	-7.829	-11.114	-0.077
4.22	-7.827	-10.641	-0.073
4.23	-7.825	-10.375	-0.068
4.24	-7.824	-10.492	-0.064
4.25	-7.823	-10.852	-0.068
4.26	-7.822	-11.150	-0.071
4.27	-7.824	-11.059	-0.072
4.28	-7.826	-10.472	-0.072
4.29	-7.827	-9.611	-0.068
4.3	-7.826	-8.834	-0.058
4.31	-7.825	-8.355	-0.038
4.32	-7.824	-8.153	-0.014
4.33	-7.823	-8.105	-0.000
4.34	-7.822	-8.105	0.001
4.35	-7.819	-8.128	-0.012
4.36	-7.816	-8.198	-0.039
4.37	-7.814	-8.217	-0.068
4.38	-7.811	-8.063	-0.084
4.39	-7.812	-8.145	-0.088
4.4	-7.817	-8.661	-0.089
4.41	-7.824	-9.378	-0.084
4.42	-7.827	-10.366	-0.082
4.43	-7.829	-11.069	-0.030
4.44	-7.832	-10.933	0.162
4.45	-7.834	-10.323	0.377
4.46	-7.836	-9.600	0.414
4.47	-7.836	-9.114	0.197
4.48	-7.836	-9.184	-0.084
4.49	-7.833	-9.570	-0.157
4.5	-7.829	-9.855	-0.107
4.51	-7.826	-9.845	-0.087
4.52	-7.825	-9.533	-0.085
4.53	-7.824	-9.152	-0.080
4.54	-7.823	-8.941	-0.071
4.55	-7.822	-8.750	-0.063
4.56	-7.821	-7.933	-0.058
4.57	-7.821	-5.556	-0.049
4.58	-7.821	-1.181	-0.037
4.59	-7.821	4.470	-0.022
4.6	-7.821	9.894	-0.009
4.61	-7.822	13.719	-0.001
4.62	-7.826	15.231	0.007
4.63	-7.830	14.433	0.033
4.64	-7.834	11.828	0.061
4.65	-7.840	8.059	0.076
4.66	-7.846	3.748	0.087
4.67	-7.854	-0.495	0.098
4.68	-7.864	-4.228	0.103
4.69	-7.874	-7.297	0.096
4.7	-7.884	-9.813	0.078
4.71	-7.894	-11.991	0.054
4.72	-7.903	-13.948	0.024
4.73	-7.913	-15.627	-0.009
4.74	-7.921	-16.789	-0.039
4.75	-7.925	-17.078	-0.060
4.76	-7.925	-16.281	-0.076
4.77	-7.924	-14.647	-0.091
4.78	-7.921	-12.727	-0.101
4.79	-7.918	-11.109	-0.097
4.8	-7.914	-10.173	-0.087
4.81	-7.912	-9.806	-0.083
4.82	-7.910	-9.628	-0.084
4.83	-7.908	-9.384	-0.082
4.84	-7.906	-8.933	-0.072
4.85	-7.905	-8.184	-0.059
4.86	-7.904	-7.123	-0.058
4.87	-7.904	-5.920	-0.059
4.88	-7.903	-4.916	-0.055
4.89	-7.903	-4.358	-0.051
4.9	-7.903	-4.314	-0.044
4.91	-7.904	-4.656	-0.041
4.92	-7.903	-5.119	-0.047
4.93	-7.902	-5.570	-0.049
4.94	-7.901	-6.030	-0.046
4.95	-7.899	-6.573	-0.048
4.96	-7.896	-7.281	-0.052
4.97	-7.893	-8.172	-0.048
4.98	-7.889	-9.241	-0.043
4.99	-7.885	-10.434	-0.046
5.0	-7.883	-11.539	-0.049
5.01	-7.880	-12.239	-0.046
5.02	-7.878	-12.361	-0.039
5.03	-7.874	-12.058	-0.038
5.04	-7.871	-11.695	-0.043
5.05	-7.866	-11.558	-0.045
5.06	-7.861	-11.694	-0.040
5.07	-7.856	-11.969	-0.034
5.08	-7.851	-12.173	-0.031
5.09	-7.847	-12.131	-0.030
5.1	-7.843	-11.789	-0.034
5.11	-7.838	-11.275	-0.039
5.12	-7.834	-10.778	-0.039
5.13	-7.831	-10.409	-0.034
5.14	-7.827	-10.166	-0.029
5.15	-7.823	-9.998	-0.023
5.16	-7.819	-9.839	-0.023
5.17	-7.817	-9.630	-0.026
5.18	-7.817	-9.386	-0.020
5.19	-7.817	-9.159	-0.011
5.2	-7.820	-8.939	-0.006
5.21	-7.824	-8.625	0.001
5.22	-7.833	-8.186	0.017
5.23	-7.844	-7.816	0.041
5.24	-7.858	-7.931	0.059
5.25	-7.875	-8.673	0.058
5.26	-7.893	-9.572	0.040
5.27	-7.911	-10.253	0.011
5.28	-7.929	-10.419	-0.018
5.29	-7.948	-9.998	-0.034
5.3	-7.970	-9.542	-0.040
5.31	-7.994	-9.380	-0.043
5.32	-8.016	-9.494	-0.042
5.33	-8.033	-9.992	-0.035
5.34	-8.049	-10.748	0.056
5.35	-8.066	-11.475	0.286
5.36	-8.084	-11.998	0.482
5.37	-8.105	-12.131	0.439
5.38	-8.130	-11.803	0.143
5.39	-8.158	-11.105	-0.106
5.4	-8.184	-10.244	-0.117
5.41	-8.206	-9.645	-0.072
5.42	-8.226	-9.661	-0.061
5.43	-8.244	-10.139	-0.055
5.44	-8.260	-10.603	-0.050
5.45	-8.275	-10.664	-0.042
5.46	-8.289	-10.097	-0.036
5.47	-8.303	-8.522	-0.031
5.48	-8.318	-5.289	-0.022
5.49	-8.332	-0.238	-0.008
5.5	-8.347	5.658	0.008
5.51	-8.363	10.861	0.023
5.52	-8.378	14.152	0.028
5.53	-8.394	15.045	0.039
5.54	-8.411	13.827	0.065
5.55	-8.426	11.148	0.091
5.56	-8.440	7.570	0.109
5.57	-8.454	3.420	0.127
5.58	-8.467	-1.066	0.140
5.59	-8.480	-5.555	0.139
5.6	-8.491	-9.630	0.128
5.61	-8.501	-12.933	0.105
5.62	-8.512	-15.302	0.077
5.63	-8.525	-16.773	0.049
5.64	-8.536	-17.466	0.011
5.65	-8.546	-17.514	-0.024
5.66	-8.553	-17.063	-0.042
5.67	-8.562	-16.181	-0.053
5.68	-8.571	-14.898	-0.063
5.69	-8.579	-13.397	-0.066
5.7	-8.586	-12.058	-0.059
5.71	-8.595	-11.203	-0.049
5.72	-8.604	-10.833	-0.043
5.73	-8.611	-10.659	-0.042
5.74	-8.618	-10.311	-0.041
5.75	-8.624	-9.559	-0.035
5.76	-8.631	-8.409	-0.033
5.77	-8.638	-7.042	-0.036
5.78	-8.645	-5.698	-0.035
5.79	-8.653	-4.609	-0.038
5.8	-8.662	-3.966	-0.041
5.81	-8.671	-3.848	-0.032
5.82	-8.679	-4.214	-0.024
5.83	-8.687	-4.897	-0.032
5.84	-8.696	-5.666	-0.039
5.85	-8.704	-6.389	-0.039
5.86	-8.713	-7.088	-0.039
5.87	-8.721	-7.864	-0.044
5.88	-8.729	-8.777	-0.053
5.89	-8.738	-9.769	-0.054
5.9	-8.747	-10.722	-0.050
5.91	-8.756	-11.534	-0.050
5.92	-8.765	-12.159	-0.046
5.93	-8.775	-12.598	-0.040
5.94	-8.786	-12.853	-0.042
5.95	-8.796	-12.948	-0.049
5.96	-8.806	-12.956	-0.054
5.97	-8.816	-12.928	-0.055
5.98	-8.826	-12.894	-0.054
5.99	-8.836	-12.853	-0.053
6.0	-8.844	-12.736	-0.049
6.01	-8.853	-12.434	-0.043
6.02	-8.861	-11.947	-0.047
6.03	-8.870	-11.459	-0.054
6.04	-8.879	-11.147	-0.049
6.05	-8.888	-11.022	-0.044
6.06	-8.896	-10.977	-0.041
6.07	-8.904	-10.919	-0.041
6.08	-8.911	-10.839	-0.038
6.09	-8.919	-10.738	-0.013
6.1	-8.927	-10.583	0.016
6.11	-8.934	-10.350	0.030
6.12	-8.941	-10.055	0.031
6.13	-8.949	-9.773	0.015
6.14	-8.955	-9.580	-0.010
6.15	-8.961	-9.453	-0.036
6.16	-8.967	-9.287	-0.053
6.17	-8.976	-9.077	-0.055
6.18	-8.986	-9.013	-0.056
6.19	-8.996	-9.309	-0.055
6.2	-9.003	-9.953	-0.051
6.21	-9.011	-10.650	0.020
6.22	-9.018	-11.111	0.242
6.23	-9.025	-11.294	0.479
6.24	-9.032	-11.261	0.500
6.25	-9.040	-11.108	0.231
6.26	-9.050	-10.998	-0.064
6.27	-9.057	-11.002	-0.128
6.28	-9.060	-11.089	-0.092
6.29	-9.063	-11.183	-0.073
6.3	-9.066	-11.211	-0.059
6.31	-9.069	-11.186	-0.052
6.32	-9.072	-11.081	-0.047
6.33	-9.077	-10.781	-0.043
6.34	-9.081	-9.967	-0.030
6.35	-9.085	-7.927	-0.019
6.36	-9.088	-4.061	-0.018
6.37	-9.089	1.311	-0.008
6.38	-9.091	6.972	0.005
6.39	-9.094	11.488	0.018
6.4	-9.100	13.903	0.038
6.41	-9.105	13.986	0.056
6.42	-9.109	11.975	0.075
6.43	-9.113	8.386	0.095
6.44	-9.116	3.878	0.108
6.45	-9.120	-0.930	0.117
6.46	-9.124	-5.527	0.117
6.47	-9.128	-9.603	0.098
6.48	-9.132	-13.078	0.077
6.49	-9.136	-15.891	0.055
6.5	-9.143	-17.883	0.027
6.51	-9.150	-18.991	-0.005
6.52	-9.154	-19.289	-0.034
6.53	-9.154	-18.836	-0.051
6.54	-9.154	-17.731	-0.065
6.55	-9.154	-16.278	-0.078
6.56	-9.153	-14.827	-0.084
6.57	-9.152	-13.569	-0.082
6.58	-9.151	-12.680	-0.076
6.59	-9.151	-12.138	-0.069
6.6	-9.150	-11.745	-0.067
6.61	-9.150	-11.430	-0.068
6.62	-9.151	-11.067	-0.064
6.63	-9.154	-10.459	-0.061
6.64	-9.158	-9.466	-0.059
6.65	-9.161	-8.077	-0.058
6.66	-9.166	-6.572	-0.060
6.67	-9.172	-5.373	-0.057
6.68	-9.179	-4.744	-0.052
6.69	-9.184	-4.684	-0.051
6.7	-9.189	-5.025	-0.052
6.71	-9.193	-5.567	-0.056
6.72	-9.194	-6.134	-0.054
6.73	-9.196	-6.639	-0.048
6.74	-9.197	-7.161	-0.049
6.75	-9.199	-7.997	-0.054
6.76	-9.198	-9.317	-0.059
6.77	-9.196	-10.944	-0.060
6.78	-9.191	-12.514	-0.054
6.79	-9.183	-13.616	-0.057
6.8	-9.168	-14.016	-0.061
6.81	-9.148	-13.778	-0.052
6.82	-9.123	-13.166	-0.048
6.83	-9.098	-12.481	-0.047
6.84	-9.072	-11.952	-0.044
6.85	-9.046	-11.652	-0.047
6.86	-9.018	-11.513	-0.051
6.87	-8.989	-11.441	-0.050
6.88	-8.959	-11.411	-0.041
6.89	-8.930	-11.466	-0.040
6.9	-8.901	-11.588	-0.043
6.91	-8.874	-11.645	-0.038
6.92	-8.846	-11.497	-0.034
6.93	-8.818	-11.108	-0.031
6.94	-8.792	-10.614	-0.023
6.95	-8.766	-10.144	-0.005
6.96	-8.741	-9.728	0.018
6.97	-8.717	-9.441	0.025
6.98	-8.692	-9.314	0.010
6.99	-8.668	-9.250	-0.018
7.0	-8.643	-9.084	-0.043
7.01	-8.620	-8.720	-0.056
7.02	-8.599	-8.305	-0.061
7.03	-8.580	-8.130	-0.068
7.04	-8.559	-8.355	-0.068
7.05	-8.537	-8.919	-0.059
7.06	-8.516	-9.563	0.020
7.07	-8.498	-10.002	0.234
7.08	-8.478	-10.095	0.435
7.09	-8.458	-9.947	0.425
7.1	-8.440	-9.977	0.159
7.11	-8.423	-10.381	-0.098
7.12	-8.404	-10.917	-0.137
7.13	-8.380	-11.383	-0.109
7.14	-8.357	-11.609	-0.099
7.15	-8.336	-11.498	-0.091
7.16	-8.316	-11.159	-0.090
7.17	-8.296	-10.708	-0.081
7.18	-8.277	-10.042	-0.072
7.19	-8.258	-8.636	-0.065
7.2	-8.239	-5.645	-0.057
7.21	-8.219	-0.970	-0.047
7.22	-8.200	4.330	-0.031
7.23	-8.181	8.938	-0.026
7.24	-8.162	11.945	-0.023
7.25	-8.146	13.172	-0.006
7.26	-8.130	12.805	0.018
7.27	-8.114	10.898	0.037
7.28	-8.098	7.628	0.053
7.29	-8.084	3.413	0.072
7.3	-8.069	-1.294	0.083
7.31	-8.055	-5.970	0.076
7.32	-8.041	-10.077	0.060
7.33	-8.026	-13.300	0.041
7.34	-8.013	-15.611	0.017
7.35	-8.002	-17.156	-0.016
7.36	-7.991	-18.127	-0.048
7.37	-7.981	-18.561	-0.060
7.38	-7.969	-18.366	-0.067
7.39	-7.959	-17.525	-0.083
7.4	-7.948	-16.061	-0.098
7.41	-7.938	-14.177	-0.106
7.42	-7.927	-12.531	-0.106
7.43	-7.916	-11.752	-0.099
7.44	-7.904	-11.823	-0.090
7.45	-7.893	-12.209	-0.084
7.46	-7.884	-12.258	-0.078
7.47	-7.876	-11.670	-0.071
7.48	-7.867	-10.583	-0.071
7.49	-7.858	-9.222	-0.073
7.5	-7.851	-7.689	-0.073
7.51	-7.845	-6.053	-0.072
7.52	-7.839	-4.556	-0.072
7.53	-7.832	-3.606	-0.075
7.54	-7.826	-3.472	-0.080
7.55	-7.820	-4.103	-0.087
7.56	-7.814	-5.200	-0.093
7.57	-7.807	-6.305	-0.093
7.58	-7.801	-7.166	-0.092
7.59	-7.796	-8.000	-0.095
7.6	-7.791	-9.022	-0.094
7.61	-7.787	-10.170	-0.094
7.62	-7.784	-11.277	-0.098
7.63	-7.781	-12.116	-0.100
7.64	-7.777	-12.505	-0.095
7.65	-7.774	-12.384	-0.090
7.66	-7.769	-11.891	-0.095
7.67	-7.766	-11.403	-0.101
7.68	-7.763	-11.275	-0.103
7.69	-7.761	-11.486	-0.099
7.7	-7.760	-11.739	-0.090
7.71	-7.758	-11.869	-0.089
7.72	-7.756	-11.897	-0.088
7.73	-7.753	-11.769	-0.086
7.74	-7.751	-11.381	-0.090
7.75	-7.749	-10.750	-0.099
7.76	-7.747	-10.067	-0.103
7.77	-7.745	-9.731	-0.094
7.78	-7.743	-10.028	-0.087
7.79	-7.741	-10.689	-0.085
7.8	-7.738	-11.119	-0.075
7.81	-7.736	-10.909	-0.060
7.82	-7.733	-10.094	-0.044
7.83	-7.732	-9.073	-0.027
7.84	-7.731	-8.313	-0.017
7.85	-7.729	-8.064	-0.009
7.86	-7.727	-8.272	-0.007
7.87	-7.726	-8.694	-0.016
7.88	-7.724	-9.069	-0.036
7.89	-7.723	-9.125	-0.057
7.9	-7.722	-8.786	-0.066
7.91	-7.723	-8.516	-0.069
7.92	-7.725	-8.688	-0.068
7.93	-7.725	-9.236	-0.064
7.94	-7.723	-9.916	-0.060
7.95	-7.721	-10.242	0.023
7.96	-7.721	-10.053	0.249
7.97	-7.721	-9.719	0.444
7.98	-7.718	-9.550	0.410
7.99	-7.716	-9.670	0.133
8.0	-7.715	-10.066	-0.113
8.01	-7.711	-10.467	-0.130
8.02	-7.704	-10.642	-0.083
8.03	-7.699	-10.555	-0.070
8.04	-7.696	-10.252	-0.066
8.05	-7.692	-9.838	-0.063
8.06	-7.688	-9.256	-0.057
8.07	-7.683	-8.192	-0.051
8.08	-7.676	-6.564	-0.045
8.09	-7.669	-3.959	-0.034
8.1	-7.665	0.269	-0.022
8.11	-7.662	5.458	-0.013
8.12	-7.659	10.227	-0.006
8.13	-7.657	13.392	0.010
8.14	-7.656	14.409	0.032
8.15	-7.656	13.608	0.052
8.16	-7.656	11.406	0.074
8.17	-7.656	7.989	0.096
8.18	-7.656	3.641	0.109
8.19	-7.656	-1.130	0.108
8.2	-7.657	-5.739	0.105
8.21	-7.657	-9.748	0.105
8.22	-7.659	-12.895	0.085
8.23	-7.662	-15.078	0.051
8.24	-7.665	-16.392	0.014
8.25	-7.667	-17.056	-0.020
8.26	-7.668	-17.189	-0.047
8.27	-7.669	-16.827	-0.070
8.28	-7.671	-15.967	-0.086
8.29	-7.673	-14.688	-0.090
8.3	-7.676	-13.314	-0.089
8.31	-7.679	-12.309	-0.089
8.32	-7.681	-11.917	-0.090
8.33	-7.684	-11.898	-0.087
8.34	-7.686	-11.728	-0.080
8.35	-7.687	-11.073	-0.071
8.36	-7.688	-9.975	-0.066
8.37	-7.686	-8.627	-0.058
8.38	-7.685	-7.148	-0.050
8.39	-7.684	-5.683	-0.047
8.4	-7.681	-4.564	-0.050
8.41	-7.678	-4.150	-0.058
8.42	-7.677	-4.492	-0.064
8.43	-7.678	-5.181	-0.061
8.44	-7.679	-5.781	-0.057
8.45	-7.680	-6.334	-0.061
8.46	-7.680	-7.139	-0.069
8.47	-7.680	-8.248	-0.068
8.48	-7.681	-9.408	-0.062
8.49	-7.682	-10.170	-0.066
8.5	-7.683	-10.356	-0.071
8.51	-7.684	-10.273	-0.064
8.52	-7.686	-10.375	-0.058
8.53	-7.687	-11.056	-0.062
8.54	-7.689	-11.863	-0.066
8.55	-7.690	-12.166	-0.066
8.56	-7.691	-12.333	-0.064
8.57	-7.694	-12.452	-0.065
8.58	-7.696	-12.194	-0.067
8.59	-7.698	-11.772	-0.066
8.6	-7.699	-11.623	-0.063
8.61	-7.702	-11.750	-0.062
8.62	-7.705	-11.708	-0.064
8.63	-7.709	-11.222	-0.066
8.64	-7.713	-10.498	-0.069
8.65	-7.717	-9.886	-0.072
8.66	-7.721	-9.481	-0.071
8.67	-7.725	-9.233	-0.063
8.68	-7.729	-9.080	-0.057
8.69	-7.735	-8.986	-0.057
8.7	-7.743	-8.919	-0.058
8.71	-7.753	-8.858	-0.048
8.72	-7.766	-8.814	-0.038
8.73	-7.782	-8.845	-0.032
8.74	-7.800	-8.941	-0.014
8.75	-7.821	-8.953	0.005
8.76	-7.842	-8.773	0.022
8.77	-7.864	-8.548	0.029
8.78	-7.886	-8.527	0.013
8.79	-7.907	-8.683	-0.012
8.8	-7.928	-8.711	-0.035
8.81	-7.946	-8.494	-0.050
8.82	-7.963	-8.350	-0.056
8.83	-7.981	-8.613	-0.064
8.84	-7.999	-9.155	-0.065
8.85	-8.014	-9.603	-0.053
8.86	-8.027	-9.772	0.001
8.87	-8.042	-9.716	0.192
8.88	-8.056	-9.597	0.428
8.89	-8.069	-9.448	0.485
8.9	-8.082	-9.253	0.256
8.91	-8.097	-9.194	-0.057
8.92	-8.109	-9.342	-0.142
8.93	-8.119	-9.523	-0.094
8.94	-8.128	-9.567	-0.067
8.95	-8.136	-9.438	-0.054
8.96	-8.144	-9.295	-0.050
8.97	-8.151	-9.206	-0.039
8.98	-8.159	-8.764	-0.024
8.99	-8.166	-7.377	-0.012
9.0	-8.174	-4.666	-0.005
9.01	-8.183	-0.591	0.001
9.02	-8.192	4.428	0.011
9.03	-8.201	9.516	0.020
9.04	-8.212	13.528	0.029
9.05	-8.224	15.467	0.045
9.06	-8.237	15.011	0.061
9.07	-8.251	12.566	0.081
9.08	-8.264	8.852	0.103
9.09	-8.279	4.464	0.114
9.1	-8.293	-0.225	0.117
9.11	-8.306	-4.878	0.118
9.12	-8.318	-9.072	0.110
9.13	-8.329	-12.341	0.089
9.14	-8.342	-14.395	0.065
9.15	-8.357	-15.330	0.039
9.16	-8.371	-15.509	0.005
9.17	-8.384	-15.345	-0.030
9.18	-8.397	-15.166	-0.053
9.19	-8.409	-15.006	-0.067
9.2	-8.422	-14.620	-0.075
9.21	-8.434	-13.875	-0.079
9.22	-8.445	-12.994	-0.086
9.23	-8.458	-12.306	-0.090
9.24	-8.471	-11.961	-0.087
9.25	-8.484	-11.631	-0.083
9.26	-8.496	-10.766	-0.078
9.27	-8.508	-9.064	-0.071
9.28	-8.520	-6.873	-0.066
9.29	-8.533	-5.278	-0.063
9.3	-8.546	-4.827	-0.059
9.31	-8.559	-4.966	-0.054
9.32	-8.572	-4.958	-0.051
9.33	-8.586	-4.800	-0.046
9.34	-8.600	-5.328	-0.045
9.35	-8.614	-6.911	-0.049
9.36	-8.626	-8.605	-0.052
9.37	-8.638	-9.155	-0.052
9.38	-8.651	-8.452	-0.050
9.39	-8.665	-7.336	-0.050
9.4	-8.679	-6.783	-0.051
9.41	-8.691	-7.578	-0.046
9.42	-8.704	-9.537	-0.042
9.43	-8.716	-11.558	-0.042
9.44	-8.727	-12.781	-0.046
9.45	-8.738	-13.059	-0.053
9.46	-8.750	-12.720	-0.053
9.47	-8.761	-12.313	-0.053
9.48	-8.773	-12.188	-0.050
9.49	-8.786	-12.473	-0.048
9.5	-8.798	-13.097	-0.051
9.51	-8.810	-13.505	-0.051
9.52	-8.821	-13.117	-0.052
9.53	-8.833	-11.922	-0.053
9.54	-8.846	-10.648	-0.052
9.55	-8.857	-10.256	-0.051
9.56	-8.868	-10.877	-0.050
9.57	-8.879	-11.731	-0.049
9.58	-8.889	-12.055	-0.053
9.59	-8.899	-11.753	-0.051
9.6	-8.909	-11.164	-0.039
9.61	-8.919	-10.558	-0.030
9.62	-8.929	-10.009	-0.019
9.63	-8.939	-9.439	0.001
9.64	-8.948	-8.883	0.019
9.65	-8.956	-8.673	0.027
9.66	-8.965	-9.178	0.022
9.67	-8.975	-10.211	0.008
9.68	-8.984	-10.906	-0.016
9.69	-8.994	-10.761	-0.039
9.7	-9.005	-10.316	-0.048
9.71	-9.017	-10.341	-0.052
9.72	-9.029	-10.902	-0.055
9.73	-9.036	-11.303	-0.056
9.74	-9.041	-11.116	-0.042
9.75	-9.047	-10.811	0.090
9.76	-9.053	-10.617	0.340
9.77	-9.059	-10.334	0.511
9.78	-9.063	-10.069	0.394
9.79	-9.067	-10.192	0.048
9.8	-9.068	-10.811	-0.149
9.81	-9.064	-11.500	-0.128
9.82	-9.055	-11.852	-0.096
9.83	-9.044	-11.881	-0.087
9.84	-9.033	-11.792	-0.083
9.85	-9.018	-11.591	-0.084
9.86	-8.999	-11.197	-0.083
9.87	-8.976	-10.634	-0.073
9.88	-8.949	-9.534	-0.060
9.89	-8.920	-6.950	-0.047
9.9	-8.890	-2.388	-0.034
9.91	-8.862	3.280	-0.020
9.92	-8.836	8.372	0.001
9.93	-8.812	11.642	0.024
9.94	-8.791	12.792	0.041
9.95	-8.771	11.966	0.061
9.96	-8.754	9.277	0.084
9.97	-8.737	5.036	0.106
9.98	-8.721	0.017	0.122
9.99	-8.706	-4.867	0.134
10.0	-8.690	-9.095	0.136
10.01	-8.674	-12.605	0.119
10.02	-8.659	-15.494	0.092
10.03	-8.648	-17.728	0.065
10.04	-8.637	-19.036	0.032
10.05	-8.626	-19.273	0.004
10.06	-8.613	-18.814	-0.016
10.07	-8.599	-18.203	-0.038
10.08	-8.587	-17.473	-0.054
10.09	-8.574	-16.241	-0.062
10.1	-8.561	-14.520	-0.066
10.11	-8.548	-12.980	-0.064
10.12	-8.534	-12.158	-0.069
10.13	-8.521	-11.925	-0.075
10.14	-8.507	-11.894	-0.066
10.15	-8.494	-11.728	-0.055
10.16	-8.481	-11.134	-0.055
10.17	-8.468	-10.000	-0.055
10.18	-8.454	-8.555	-0.052
10.19	-8.441	-7.269	-0.052
10.2	-8.429	-6.488	-0.049
10.21	-8.417	-6.178	-0.044
10.22	-8.406	-6.052	-0.046
10.23	-8.394	-5.883	-0.060
10.24	-8.383	-5.694	-0.074
10.25	-8.372	-5.723	-0.069
10.26	-8.362	-6.177	-0.060
10.27	-8.351	-7.094	-0.061
10.28	-8.341	-8.445	-0.060
10.29	-8.331	-10.034	-0.061
10.3	-8.322	-11.420	-0.065
10.31	-8.313	-12.236	-0.069
10.32	-8.304	-12.511	-0.076
10.33	-8.296	-12.694	-0.078
10.34	-8.288	-12.986	-0.070
10.35	-8.281	-13.027	-0.063
10.36	-8.274	-12.667	-0.065
10.37	-8.269	-12.261	-0.068
10.38	-8.262	-12.105	-0.070
10.39	-8.256	-12.056	-0.070
10.4	-8.249	-11.839	-0.067
10.41	-8.242	-11.430	-0.068
10.42	-8.236	-10.947	-0.071
10.43	-8.229	-10.419	-0.066
10.44	-8.221	-9.872	-0.054
10.45	-8.214	-9.511	-0.046
10.46	-8.207	-9.548	-0.037
10.47	-8.199	-9.819	-0.022
10.48	-8.191	-9.875	-0.005
10.49	-8.181	-9.516	0.008
10.5	-8.173	-8.948	0.004
10.51	-8.166	-8.513	-0.012
10.52	-8.159	-8.297	-0.038
10.53	-8.152	-8.023	-0.065
10.54	-8.145	-7.622	-0.073
10.55	-8.139	-7.394	-0.072
10.56	-8.135	-7.566	-0.078
10.57	-8.129	-8.170	-0.079
10.58	-8.121	-8.892	-0.073
10.59	-8.114	-9.213	0.002
10.6	-8.108	-9.050	0.213
10.61	-8.102	-8.852	0.411
10.62	-8.095	-9.005	0.394
10.63	-8.089	-9.477	0.130
10.64	-8.083	-9.977	-0.125
10.65	-8.075	-10.217	-0.156
10.66	-8.064	-10.106	-0.108
10.67	-8.053	-9.866	-0.092
10.68	-8.043	-9.703	-0.090
10.69	-8.034	-9.630	-0.090
10.7	-8.026	-9.741	-0.083
10.71	-8.018	-9.697	-0.074
10.72	-8.011	-8.636	-0.061
10.73	-8.003	-5.844	-0.050
10.74	-7.996	-1.320	-0.040
10.75	-7.989	4.020	-0.032
10.76	-7.983	8.803	-0.023
10.77	-7.978	11.958	-0.007
10.78	-7.973	13.077	0.008
10.79	-7.969	12.209	0.027
10.8	-7.964	9.831	0.049
10.81	-7.959	6.528	0.070
10.82	-7.955	2.745	0.088
10.83	-7.952	-1.211	0.095
10.84	-7.949	-5.144	0.088
10.85	-7.945	-8.792	0.079
10.86	-7.941	-11.853	0.064
10.87	-7.939	-14.036	0.038
10.88	-7.939	-15.178	0.006
10.89	-7.939	-15.394	-0.025
10.9	-7.937	-15.005	-0.052
10.91	-7.934	-14.319	-0.072
10.92	-7.933	-13.516	-0.086
10.93	-7.933	-12.691	-0.095
10.94	-7.933	-11.933	-0.099
10.95	-7.934	-11.320	-0.105
10.96	-7.934	-10.905	-0.108
10.97	-7.933	-10.681	-0.098
10.98	-7.932	-10.583	-0.089
10.99	-7.931	-10.395	-0.085
11.0	-7.930	-9.714	-0.083
11.01	-7.929	-8.658	-0.080
11.02	-7.929	-7.630	-0.073
11.03	-7.930	-6.823	-0.066
11.04	-7.931	-6.434	-0.065
11.05	-7.933	-6.219	-0.070
11.06	-7.934	-5.813	-0.072
11.07	-7.934	-5.322	-0.068
11.08	-7.936	-5.181	-0.066
11.09	-7.940	-5.775	-0.070
11.1	-7.950	-6.958	-0.074
11.11	-7.968	-8.253	-0.069
11.12	-7.994	-9.331	-0.066
11.13	-8.026	-10.139	-0.069
11.14	-8.054	-10.730	-0.074
11.15	-8.076	-11.180	-0.073
11.16	-8.091	-11.555	-0.064
11.17	-8.100	-11.794	-0.058
11.18	-8.107	-11.744	-0.058
11.19	-8.114	-11.652	-0.058
11.2	-8.121	-11.688	-0.059
11.21	-8.128	-11.634	-0.058
11.22	-8.133	-11.480	-0.057
11.23	-8.136	-11.228	-0.057
11.24	-8.134	-10.936	-0.048
11.25	-8.131	-10.816	-0.046
11.26	-8.127	-10.828	-0.048
11.27	-8.123	-10.803	-0.038
11.28	-8.120	-10.720	-0.037
11.29	-8.117	-10.625	-0.038
11.3	-8.115	-10.502	-0.037
11.31	-8.113	-10.197	-0.040
11.32	-8.109	-9.577	-0.035
11.33	-8.104	-8.736	-0.029
11.34	-8.096	-7.958	-0.020
11.35	-8.088	-7.497	-0.002
11.36	-8.080	-7.336	0.017
11.37	-8.072	-7.213	0.033
11.38	-8.065	-6.933	0.047
11.39	-8.059	-6.492	0.049
11.4	-8.055	-6.036	0.035
11.41	-8.051	-5.777	0.010
11.42	-8.046	-5.883	-0.018
11.43	-8.041	-6.342	-0.036
11.44	-8.039	-6.928	-0.041
11.45	-8.038	-7.502	-0.040
11.46	-8.037	-8.211	-0.038
11.47	-8.034	-9.194	-0.029
11.48	-8.032	-10.270	0.041
11.49	-8.031	-11.036	0.238
11.5	-8.030	-11.258	0.423
11.51	-8.029	-11.094	0.407
11.52	-8.029	-10.827	0.161
11.53	-8.029	-10.453	-0.100
11.54	-8.028	-9.847	-0.136
11.55	-8.026	-9.231	-0.070
11.56	-8.023	-8.980	-0.050
11.57	-8.019	-9.114	-0.047
11.58	-8.016	-9.283	-0.042
11.59	-8.011	-9.089	-0.032
11.6	-8.008	-8.380	-0.027
11.61	-8.007	-6.972	-0.025
11.62	-8.006	-4.316	-0.014
11.63	-8.004	-0.098	0.002
11.64	-8.002	5.039	0.009
11.65	-8.002	9.817	0.014
11.66	-8.005	13.078	0.031
11.67	-8.011	14.320	0.049
11.68	-8.020	13.686	0.065
11.69	-8.032	11.480	0.086
11.7	-8.045	7.927	0.105
11.71	-8.060	3.522	0.121
11.72	-8.074	-0.923	0.130
11.73	-8.089	-4.945	0.130
11.74	-8.101	-8.495	0.125
11.75	-8.114	-11.498	0.113
11.76	-8.127	-13.809	0.093
11.77	-8.142	-15.406	0.065
11.78	-8.155	-16.442	0.033
11.79	-8.168	-16.963	-0.001
11.8	-8.178	-16.703	-0.029
11.81	-8.188	-15.536	-0.046
11.82	-8.197	-13.877	-0.053
11.83	-8.207	-12.455	-0.055
11.84	-8.216	-11.763	-0.058
11.85	-8.224	-11.653	-0.061
11.86	-8.232	-11.448	-0.059
11.87	-8.241	-10.567	-0.054
11.88	-8.249	-9.138	-0.048
11.89	-8.257	-7.806	-0.045
11.9	-8.265	-6.978	-0.047
11.91	-8.273	-6.478	-0.043
11.92	-8.281	-5.936	-0.041
11.93	-8.287	-5.328	-0.041
11.94	-8.294	-4.947	-0.037
11.95	-8.302	-4.983	-0.036
11.96	-8.310	-5.336	-0.037
11.97	-8.318	-5.769	-0.041
11.98	-8.324	-6.089	-0.046
11.99	-8.331	-6.305	-0.049
12.0	-8.336	-6.631	-0.051
12.01	-8.342	-7.297	-0.051
12.02	-8.346	-8.338	-0.055
12.03	-8.351	-9.536	-0.064
12.04	-8.356	-10.505	-0.061
12.05	-8.360	-10.994	-0.055
12.06	-8.364	-11.122	-0.057
12.07	-8.368	-11.214	-0.059
12.08	-8.371	-11.377	-0.059
12.09	-8.374	-11.434	-0.056
12.1	-8.377	-11.320	-0.053
12.11	-8.381	-11.255	-0.054
12.12	-8.384	-11.348	-0.057
12.13	-8.387	-11.420	-0.057
12.14	-8.391	-11.252	-0.051
12.15	-8.395	-10.805	-0.048
12.16	-8.399	-10.250	-0.049
12.17	-8.403	-9.788	-0.047
12.18	-8.408	-9.423	-0.045
12.19	-8.411	-8.983	-0.048
12.2	-8.415	-8.541	-0.048
12.21	-8.419	-8.422	-0.045
12.22	-8.423	-8.566	-0.039
12.23	-8.427	-8.544	-0.028
12.24	-8.431	-8.067	-0.020
12.25	-8.434	-7.583	-0.007
12.26	-8.439	-7.795	0.011
12.27	-8.444	-8.430	0.021
12.28	-8.451	-8.866	0.025
12.29	-8.457	-9.070	0.024
12.3	-8.463	-8.988	0.013
12.31	-8.470	-8.472	-0.011
12.32	-8.476	-7.748	-0.033
12.33	-8.483	-7.220	-0.041
12.34	-8.492	-7.148	-0.042
12.35	-8.502	-7.431	-0.047
12.36	-8.509	-7.872	-0.047
12.37	-8.514	-8.533	-0.036
12.38	-8.520	-9.328	0.067
12.39	-8.528	-9.844	0.300
12.4	-8.537	-10.022	0.468
12.41	-8.546	-10.089	0.388
12.42	-8.556	-10.109	0.088
12.43	-8.566	-10.002	-0.130
12.44	-8.572	-9.533	-0.119
12.45	-8.578	-8.881	-0.068
12.46	-8.582	-8.719	-0.058
12.47	-8.587	-9.353	-0.058
12.48	-8.592	-10.395	-0.055
12.49	-8.598	-11.022	-0.045
12.5	-8.603	-10.500	-0.039
12.51	-8.609	-8.478	-0.035
12.52	-8.615	-4.814	-0.026
12.53	-8.621	0.330	-0.019
12.54	-8.627	6.155	-0.005
12.55	-8.634	11.378	0.012
12.56	-8.643	14.756	0.027
12.57	-8.650	15.625	0.047
12.58	-8.659	14.109	0.066
12.59	-8.668	10.861	0.082
12.6	-8.676	6.488	0.098
12.61	-8.686	1.475	0.113
12.62	-8.695	-3.517	0.123
12.63	-8.704	-7.955	0.120
12.64	-8.710	-11.552	0.106
12.65	-8.716	-14.194	0.087
12.66	-8.724	-16.002	0.066
12.67	-8.735	-17.030	0.038
12.68	-8.746	-17.272	0.005
12.69	-8.756	-16.992	-0.029
12.7	-8.766	-16.323	-0.054
12.71	-8.774	-15.184	-0.068
12.72	-8.783	-13.736	-0.070
12.73	-8.791	-12.398	-0.066
12.74	-8.799	-11.652	-0.063
12.75	-8.807	-11.456	-0.062
12.76	-8.816	-11.039	-0.059
12.77	-8.824	-9.911	-0.058
12.78	-8.833	-8.541	-0.059
12.79	-8.842	-7.628	-0.053
12.8	-8.851	-7.163	-0.042
12.81	-8.860	-6.544	-0.035
12.82	-8.869	-5.567	-0.031
12.83	-8.877	-4.847	-0.030
12.84	-8.886	-4.759	-0.036
12.85	-8.894	-5.019	-0.039
12.86	-8.903	-5.313	-0.029
12.87	-8.912	-5.511	-0.021
12.88	-8.921	-5.753	-0.029
12.89	-8.929	-6.202	-0.040
12.9	-8.938	-6.864	-0.037
12.91	-8.947	-7.753	-0.031
12.92	-8.957	-8.814	-0.032
12.93	-8.965	-9.955	-0.041
12.94	-8.974	-11.205	-0.051
12.95	-8.982	-12.591	-0.048
12.96	-8.992	-13.870	-0.041
12.97	-9.001	-14.613	-0.041
12.98	-9.009	-14.666	-0.043
12.99	-9.018	-14.269	-0.041
13.0	-9.025	-13.727	-0.037
13.01	-9.033	-13.144	-0.034
13.02	-9.041	-12.497	-0.032
13.03	-9.049	-11.922	-0.031
13.04	-9.056	-11.688	-0.032
13.05	-9.063	-11.892	-0.029
13.06	-9.070	-12.338	-0.026
13.07	-9.078	-12.677	-0.028
13.08	-9.086	-12.686	-0.026
13.09	-9.094	-12.419	-0.026
13.1	-9.101	-12.078	-0.031
13.11	-9.107	-11.734	-0.029
13.12	-9.113	-11.280	-0.022
13.13	-9.119	-10.750	-0.017
13.14	-9.124	-10.394	-0.006
13.15	-9.128	-10.002	0.014
13.16	-9.134	-9.314	0.026
13.17	-9.141	-8.766	0.035
13.18	-9.148	-8.739	0.036
13.19	-9.153	-9.236	0.022
13.2	-9.157	-9.898	-0.001
13.21	-9.160	-10.302	-0.022
13.22	-9.165	-10.363	-0.032
13.23	-9.172	-10.111	-0.038
13.24	-9.179	-9.709	-0.049
13.25	-9.184	-9.406	-0.052
13.26	-9.188	-9.506	-0.038
13.27	-9.191	-10.186	0.070
13.28	-9.194	-11.202	0.308
13.29	-9.195	-12.117	0.505
13.3	-9.196	-12.413	0.467
13.31	-9.200	-11.952	0.172
13.32	-9.203	-11.288	-0.087
13.33	-9.200	-11.103	-0.111
13.34	-9.195	-11.495	-0.072
13.35	-9.193	-11.861	-0.059
13.36	-9.194	-11.720	-0.047
13.37	-9.196	-11.319	-0.035
13.38	-9.196	-11.078	-0.026
13.39	-9.198	-10.913	-0.025
13.4	-9.201	-10.041	-0.021
13.41	-9.201	-7.436	-0.013
13.42	-9.202	-2.789	-0.006
13.43	-9.203	3.047	0.003
13.44	-9.203	8.695	0.019
13.45	-9.202	12.945	0.034
13.46	-9.203	14.994	0.046
13.47	-9.206	14.538	0.066
13.48	-9.211	11.761	0.085
13.49	-9.216	7.294	0.097
13.5	-9.223	2.044	0.107
13.51	-9.229	-3.141	0.110
13.52	-9.235	-7.725	0.105
13.53	-9.237	-11.548	0.096
13.54	-9.238	-14.759	0.078
13.55	-9.241	-17.494	0.049
13.56	-9.247	-19.559	0.010
13.57	-9.254	-20.558	-0.021
13.58	-9.261	-20.289	-0.037
13.59	-9.269	-19.027	-0.057
13.6	-9.277	-17.355	-0.073
13.61	-9.284	-15.719	-0.077
13.62	-9.290	-14.322	-0.074
13.63	-9.294	-13.367	-0.067
13.64	-9.297	-12.948	-0.067
13.65	-9.300	-12.883	-0.068
13.66	-9.302	-12.841	-0.065
13.67	-9.304	-12.481	-0.064
13.68	-9.308	-11.614	-0.054
13.69	-9.311	-10.373	-0.040
13.7	-9.314	-9.073	-0.034
13.71	-9.317	-7.892	-0.031
13.72	-9.319	-6.820	-0.033
13.73	-9.322	-5.841	-0.038
13.74	-9.324	-5.038	-0.034
13.75	-9.326	-4.581	-0.035
13.76	-9.326	-4.609	-0.045
13.77	-9.326	-5.108	-0.050
13.78	-9.327	-5.884	-0.047
13.79	-9.328	-6.786	-0.040
13.8	-9.328	-7.898	-0.034
13.81	-9.326	-9.331	-0.029
13.82	-9.324	-10.911	-0.027
13.83	-9.323	-12.278	-0.032
13.84	-9.322	-13.180	-0.040
13.85	-9.322	-13.520	-0.039
13.86	-9.321	-13.284	-0.035
13.87	-9.321	-12.683	-0.031
13.88	-9.321	-12.075	-0.027
13.89	-9.320	-11.711	-0.030
13.9	-9.319	-11.756	-0.030
13.91	-9.317	-12.155	-0.026
13.92	-9.316	-12.680	-0.029
13.93	-9.314	-13.145	-0.032
13.94	-9.313	-13.081	-0.033
13.95	-9.310	-12.148	-0.034
13.96	-9.308	-10.917	-0.027
13.97	-9.306	-10.283	-0.026
13.98	-9.303	-10.463	-0.034
13.99	-9.301	-10.836	-0.034
14.0	-9.297	-10.722	-0.026
14.01	-9.293	-10.164	-0.019
14.02	-9.289	-9.630	-0.003
14.03	-9.286	-9.270	0.015
14.04	-9.283	-8.975	0.026
14.05	-9.279	-8.783	0.026
14.06	-9.273	-8.800	0.017
14.07	-9.267	-8.863	0.003
14.08	-9.259	-8.716	-0.021
14.09	-9.249	-8.444	-0.038
14.1	-9.241	-8.445	-0.041
14.11	-9.237	-8.838	-0.042
14.12	-9.232	-9.281	-0.045
14.13	-9.221	-9.566	-0.046
14.14	-9.207	-9.697	0.004
14.15	-9.197	-9.647	0.179
14.16	-9.184	-9.555	0.393
14.17	-9.170	-9.677	0.454
14.18	-9.156	-10.041	0.260
14.19	-9.142	-10.358	-0.017
14.2	-9.117	-10.392	-0.111
14.21	-9.082	-10.391	-0.083
14.22	-9.043	-10.580	-0.067
14.23	-9.008	-10.778	-0.062
14.24	-8.973	-10.766	-0.053
14.25	-8.937	-10.502	-0.042
14.26	-8.901	-9.966	-0.034
14.27	-8.866	-8.819	-0.025
14.28	-8.831	-6.364	-0.017
14.29	-8.799	-2.212	-0.012
14.3	-8.769	3.167	-0.005
14.31	-8.741	8.691	0.010
14.32	-8.714	13.177	0.028
14.33	-8.688	15.706	0.043
14.34	-8.664	15.852	0.059
14.35	-8.641	13.713	0.077
14.36	-8.619	9.759	0.097
14.37	-8.596	4.664	0.108
14.38	-8.574	-0.742	0.111
14.39	-8.552	-5.672	0.112
14.4	-8.531	-9.791	0.105
14.41	-8.509	-13.195	0.089
14.42	-8.489	-15.902	0.066
14.43	-8.473	-17.755	0.035
14.44	-8.457	-18.786	0.002
14.45	-8.441	-19.178	-0.023
14.46	-8.425	-18.861	-0.040
14.47	-8.408	-17.673	-0.060
14.48	-8.392	-15.881	-0.076
14.49	-8.377	-14.206	-0.070
14.5	-8.361	-13.164	-0.061
14.51	-8.344	-12.778	-0.061
14.52	-8.327	-12.869	-0.067
14.53	-8.310	-13.131	-0.065
14.54	-8.293	-13.128	-0.055
14.55	-8.276	-12.559	-0.054
14.56	-8.261	-11.577	-0.056
14.57	-8.245	-10.456	-0.056
14.58	-8.231	-9.155	-0.052
14.59	-8.217	-7.558	-0.046
14.6	-8.204	-5.977	-0.048
14.61	-8.191	-5.006	-0.051
14.62	-8.178	-4.795	-0.053
14.63	-8.164	-4.961	-0.057
14.64	-8.151	-5.294	-0.059
14.65	-8.137	-6.000	-0.055
14.66	-8.126	-7.234	-0.052
14.67	-8.114	-8.750	-0.056
14.68	-8.102	-10.177	-0.062
14.69	-8.089	-11.384	-0.065
14.7	-8.077	-12.430	-0.063
14.71	-8.065	-13.306	-0.059
14.72	-8.054	-13.883	-0.063
14.73	-8.044	-14.036	-0.064
14.74	-8.034	-13.747	-0.062
14.75	-8.023	-13.092	-0.062
14.76	-8.014	-12.278	-0.063
14.77	-8.006	-11.586	-0.061
14.78	-7.997	-11.281	-0.057
14.79	-7.989	-11.452	-0.055
14.8	-7.982	-11.902	-0.051
14.81	-7.974	-12.270	-0.049
14.82	-7.966	-12.294	-0.049
14.83	-7.957	-12.025	-0.050
14.84	-7.949	-11.770	-0.048
14.85	-7.942	-11.667	-0.045
14.86	-7.935	-11.533	-0.048
14.87	-7.929	-11.172	-0.047
14.88	-7.922	-10.597	-0.043
14.89	-7.915	-9.964	-0.037
14.9	-7.909	-9.353	-0.029
14.91	-7.904	-8.745	-0.025
14.92	-7.898	-8.213	-0.012
14.93	-7.893	-7.967	0.004
14.94	-7.888	-8.198	0.018
14.95	-7.883	-8.838	0.024
14.96	-7.878	-9.463	0.015
14.97	-7.874	-9.653	-0.012
14.98	-7.869	-9.420	-0.038
14.99	-7.866	-9.144	-0.047
15.0	-7.862	-9.119	-0.050
15.01	-7.860	-9.225	-0.052
15.02	-7.857	-9.264	-0.045
15.03	-7.852	-9.350	-0.042
15.04	-7.846	-9.517	0.005
15.05	-7.843	-9.547	0.190
15.06	-7.841	-9.356	0.398
15.07	-7.838	-9.161	0.419
15.08	-7.834	-9.273	0.201
15.09	-7.831	-9.725	-0.055
15.1	-7.824	-10.231	-0.115
15.11	-7.815	-10.520	-0.078
15.12	-7.808	-10.475	-0.065
15.13	-7.804	-10.198	-0.060
15.14	-7.803	-10.000	-0.054
15.15	-7.802	-10.014	-0.051
15.16	-7.801	-9.838	-0.044
15.17	-7.801	-8.638	-0.033
15.18	-7.803	-5.578	-0.030
15.19	-7.805	-0.509	-0.026
15.2	-7.807	5.714	-0.020
15.21	-7.808	11.645	-0.011
15.22	-7.809	15.864	0.003
15.23	-7.809	17.381	0.010
15.24	-7.810	16.038	0.023
15.25	-7.810	12.539	0.047
15.26	-7.810	7.950	0.071
15.27	-7.810	3.077	0.091
15.28	-7.810	-1.716	0.097
15.29	-7.809	-6.164	0.093
15.3	-7.807	-9.973	0.088
15.31	-7.805	-13.075	0.075
15.32	-7.804	-15.634	0.056
15.33	-7.805	-17.659	0.022
15.34	-7.805	-18.639	-0.012
15.35	-7.804	-18.052	-0.036
15.36	-7.803	-16.202	-0.062
15.37	-7.800	-14.070	-0.082
15.38	-7.798	-12.403	-0.090
15.39	-7.796	-11.367	-0.089
15.4	-7.793	-11.059	-0.089
15.41	-7.790	-11.636	-0.089
15.42	-7.788	-12.703	-0.084
15.43	-7.786	-13.311	-0.073
15.44	-7.783	-12.822	-0.070
15.45	-7.781	-11.398	-0.069
15.46	-7.778	-9.484	-0.066
15.47	-7.776	-7.252	-0.062
15.48	-7.771	-4.880	-0.055
15.49	-7.767	-2.972	-0.054
15.5	-7.763	-2.136	-0.058
15.51	-7.759	-2.259	-0.057
15.52	-7.753	-2.638	-0.055
15.53	-7.748	-2.939	-0.058
15.54	-7.743	-3.573	-0.063
15.55	-7.737	-4.981	-0.065
15.56	-7.733	-6.872	-0.065
15.57	-7.729	-8.573	-0.066
15.58	-7.724	-9.783	-0.067
15.59	-7.721	-10.639	-0.067
15.6	-7.718	-11.286	-0.066
15.61	-7.716	-11.702	-0.074
15.62	-7.714	-11.863	-0.079
15.63	-7.713	-11.753	-0.067
15.64	-7.711	-11.369	-0.058
15.65	-7.709	-10.980	-0.061
15.66	-7.708	-11.013	-0.064
15.67	-7.708	-11.439	-0.066
15.68	-7.707	-11.744	-0.062
15.69	-7.706	-11.716	-0.056
15.7	-7.706	-11.688	-0.059
15.71	-7.706	-11.886	-0.059
15.72	-7.706	-12.058	-0.054
15.73	-7.706	-11.856	-0.055
15.74	-7.707	-11.313	-0.058
15.75	-7.708	-10.709	-0.057
15.76	-7.708	-10.189	-0.056
15.77	-7.708	-9.656	-0.056
15.78	-7.706	-8.980	-0.059
15.79	-7.704	-8.267	-0.053
15.8	-7.702	-7.888	-0.045
15.81	-7.703	-8.064	-0.048
15.82	-7.703	-8.517	-0.049
15.83	-7.704	-8.814	-0.039
15.84	-7.706	-8.967	-0.022
15.85	-7.708	-9.222	-0.005
15.86	-7.711	-9.397	0.007
15.87	-7.714	-9.063	0.017
15.88	-7.717	-8.370	0.022
15.89	-7.720	-8.003	0.011
15.9	-7.723	-8.236	-0.014
15.91	-7.725	-8.669	-0.043
15.92	-7.728	-8.905	-0.061
15.93	-7.732	-8.986	-0.061
15.94	-7.739	-9.080	-0.064
15.95	-7.744	-9.250	-0.066
15.96	-7.747	-9.456	-0.054
15.97	-7.751	-9.470	0.046
15.98	-7.758	-9.250	0.277
15.99	-7.769	-9.203	0.454
16.0	-7.783	-9.591	0.381
16.01	-7.801	-10.083	0.077
16.02	-7.817	-10.148	-0.149
16.03	-7.829	-9.792	-0.146
16.04	-7.838	-9.600	-0.100
16.05	-7.848	-9.802	-0.087
16.06	-7.857	-10.105	-0.080
16.07	-7.866	-10.294	-0.072
16.08	-7.873	-10.098	-0.064
16.09	-7.879	-9.134	-0.057
16.1	-7.884	-6.953	-0.049
16.11	-7.889	-3.144	-0.038
16.12	-7.896	2.059	-0.024
16.13	-7.904	7.919	-0.013
16.14	-7.914	13.431	-0.006
16.15	-7.924	17.127	0.007
16.16	-7.938	17.892	0.027
16.17	-7.950	15.984	0.047
16.18	-7.963	12.497	0.066
16.19	-7.976	8.205	0.088
16.2	-7.988	3.347	0.101
16.21	-8.001	-1.770	0.106
16.22	-8.012	-6.503	0.102
16.23	-8.024	-10.289	0.093
16.24	-8.036	-13.073	0.078
16.25	-8.049	-15.161	0.053
16.26	-8.063	-16.753	0.026
16.27	-8.074	-17.820	-0.008
16.28	-8.086	-18.217	-0.048
16.29	-8.097	-17.817	-0.070
16.3	-8.109	-16.631	-0.078
16.31	-8.121	-14.944	-0.083
16.32	-8.133	-13.305	-0.088
16.33	-8.144	-12.170	-0.087
16.34	-8.154	-11.555	-0.078
16.35	-8.166	-11.169	-0.074
16.36	-8.176	-10.708	-0.071
16.37	-8.188	-9.919	-0.064
16.38	-8.199	-8.655	-0.063
16.39	-8.210	-7.011	-0.063
16.4	-8.221	-5.341	-0.057
16.41	-8.233	-4.086	-0.058
16.42	-8.244	-3.564	-0.060
16.43	-8.256	-3.761	-0.055
16.44	-8.268	-4.341	-0.050
16.45	-8.279	-4.916	-0.049
16.46	-8.291	-5.225	-0.056
16.47	-8.303	-5.269	-0.061
16.48	-8.314	-5.431	-0.058
16.49	-8.325	-6.206	-0.056
16.5	-8.336	-7.638	-0.058
16.51	-8.347	-9.214	-0.060
16.52	-8.357	-10.427	-0.057
16.53	-8.366	-11.173	-0.051
16.54	-8.377	-11.516	-0.049
16.55	-8.386	-11.475	-0.051
16.56	-8.396	-11.216	-0.052
16.57	-8.406	-11.131	-0.052
16.58	-8.415	-11.456	-0.055
16.59	-8.425	-11.967	-0.056
16.6	-8.434	-12.241	-0.051
16.61	-8.443	-12.069	-0.041
16.62	-8.453	-11.605	-0.036
16.63	-8.463	-11.264	-0.040
16.64	-8.472	-11.370	-0.041
16.65	-8.481	-11.742	-0.038
16.66	-8.489	-11.870	-0.041
16.67	-8.496	-11.530	-0.047
16.68	-8.503	-10.953	-0.050
16.69	-8.511	-10.384	-0.050
16.7	-8.519	-9.777	-0.045
16.71	-8.527	-9.092	-0.038
16.72	-8.534	-8.542	-0.037
16.73	-8.541	-8.408	-0.040
16.74	-8.548	-8.669	-0.038
16.75	-8.554	-8.970	-0.031
16.76	-8.560	-9.073	-0.024
16.77	-8.565	-9.083	-0.017
16.78	-8.569	-9.155	-0.002
16.79	-8.575	-9.267	0.021
16.8	-8.581	-9.353	0.039
16.81	-8.587	-9.420	0.045
16.82	-8.592	-9.534	0.030
16.83	-8.598	-9.755	0.001
16.84	-8.603	-10.100	-0.025
16.85	-8.607	-10.481	-0.040
16.86	-8.614	-10.689	-0.048
16.87	-8.621	-10.623	-0.054
16.88	-8.627	-10.486	-0.055
16.89	-8.631	-10.423	-0.049
16.9	-8.636	-10.358	0.017
16.91	-8.642	-10.259	0.229
16.92	-8.649	-10.244	0.464
16.93	-8.655	-10.416	0.496
16.94	-8.663	-10.784	0.231
16.95	-8.671	-11.267	-0.080
16.96	-8.677	-11.575	-0.142
16.97	-8.679	-11.503	-0.088
16.98	-8.681	-11.184	-0.070
16.99	-8.686	-10.922	-0.066
17.0	-8.689	-10.891	-0.060
17.01	-8.692	-10.945	-0.051
17.02	-8.695	-10.806	-0.040
17.03	-8.699	-9.947	-0.028
17.04	-8.703	-7.353	-0.020
17.05	-8.707	-2.383	-0.013
17.06	-8.711	4.172	-0.003
17.07	-8.713	10.517	0.005
17.08	-8.717	15.078	0.016
17.09	-8.723	17.091	0.035
17.1	-8.728	16.619	0.054
17.11	-8.734	14.248	0.069
17.12	-8.742	10.484	0.092
17.13	-8.749	5.600	0.117
17.14	-8.758	0.073	0.129
17.15	-8.765	-5.236	0.126
17.16	-8.773	-9.644	0.113
17.17	-8.781	-13.205	0.089
17.18	-8.789	-16.273	0.060
17.19	-8.800	-18.742	0.038
17.2	-8.811	-20.156	0.012
17.21	-8.822	-20.267	-0.018
17.22	-8.833	-19.311	-0.043
17.23	-8.843	-17.841	-0.061
17.24	-8.853	-16.347	-0.072
17.25	-8.861	-15.039	-0.080
17.26	-8.868	-13.947	-0.086
17.27	-8.877	-13.195	-0.087
17.28	-8.887	-12.920	-0.079
17.29	-8.897	-12.939	-0.069
17.3	-8.908	-12.770	-0.064
17.31	-8.918	-11.967	-0.061
17.32	-8.927	-10.478	-0.056
17.33	-8.936	-8.544	-0.049
17.34	-8.945	-6.397	-0.045
17.35	-8.954	-4.548	-0.046
17.36	-8.964	-3.442	-0.050
17.37	-8.977	-2.975	-0.051
17.38	-8.992	-3.005	-0.048
17.39	-9.013	-3.378	-0.046
17.4	-9.036	-3.720	-0.045
17.41	-9.058	-4.033	-0.048
17.42	-9.081	-4.741	-0.056
17.43	-9.101	-6.147	-0.059
17.44	-9.117	-8.248	-0.056
17.45	-9.130	-10.486	-0.050
17.46	-9.140	-12.044	-0.043
17.47	-9.149	-12.583	-0.042
17.48	-9.156	-12.373	-0.048
17.49	-9.160	-11.986	-0.055
17.5	-9.162	-11.941	-0.052
17.51	-9.162	-12.377	-0.047
17.52	-9.161	-13.025	-0.047
17.53	-9.158	-13.572	-0.050
17.54	-9.155	-13.822	-0.048
17.55	-9.151	-13.639	-0.044
17.56	-9.147	-13.070	-0.046
17.57	-9.143	-12.428	-0.047
17.58	-9.141	-11.952	-0.042
17.59	-9.139	-11.639	-0.040
17.6	-9.139	-11.484	-0.044
17.61	-9.141	-11.508	-0.048
17.62	-9.141	-11.523	-0.039
17.63	-9.143	-11.123	-0.034
17.64	-9.144	-10.139	-0.037
17.65	-9.144	-8.988	-0.035
17.66	-9.144	-8.214	-0.034
17.67	-9.144	-7.916	-0.035
17.68	-9.144	-7.833	-0.034
17.69	-9.146	-7.823	-0.025
17.7	-9.147	-8.063	-0.007
17.71	-9.148	-8.653	0.008
17.72	-9.147	-9.266	0.018
17.73	-9.146	-9.495	0.024
17.74	-9.144	-9.356	0.021
17.75	-9.142	-9.253	0.008
17.76	-9.141	-9.445	-0.015
17.77	-9.141	-9.700	-0.037
17.78	-9.141	-9.688	-0.049
17.79	-9.146	-9.537	-0.050
17.8	-9.149	-9.639	-0.049
17.81	-9.148	-10.088	-0.056
17.82	-9.145	-10.534	-0.016
17.83	-9.143	-10.611	0.172
17.84	-9.141	-10.441	0.431
17.85	-9.141	-10.334	0.549
17.86	-9.140	-10.309	0.351
17.87	-9.138	-10.269	0.001
17.88	-9.132	-10.169	-0.130
17.89	-9.120	-10.175	-0.091
17.9	-9.109	-10.459	-0.069
17.91	-9.103	-10.928	-0.063
17.92	-9.100	-11.359	-0.057
17.93	-9.099	-11.455	-0.050
17.94	-9.097	-10.984	-0.040
17.95	-9.095	-9.744	-0.034
17.96	-9.092	-7.159	-0.035
17.97	-9.087	-2.697	-0.028
17.98	-9.082	3.317	-0.016
17.99	-9.080	9.741	-0.004
18.0	-9.078	15.277	0.012
18.01	-9.074	18.852	0.029
18.02	-9.070	19.694	0.048
18.03	-9.066	17.536	0.071
18.04	-9.062	12.969	0.086
18.05	-9.057	7.242	0.094
18.06	-9.050	1.466	0.103
18.07	-9.042	-3.872	0.108
18.08	-9.033	-8.655	0.098
18.09	-9.023	-12.727	0.075
18.1	-9.015	-15.905	0.052
18.11	-9.011	-18.197	0.033
18.12	-9.009	-19.753	0.009
18.13	-9.006	-20.555	-0.023
18.14	-8.999	-20.298	-0.053
18.15	-8.990	-18.784	-0.068
18.16	-8.980	-16.416	-0.074
18.17	-8.969	-14.127	-0.077
18.18	-8.956	-12.741	-0.080
18.19	-8.942	-12.495	-0.081
18.2	-8.927	-13.048	-0.074
18.21	-8.911	-13.744	-0.070
18.22	-8.894	-13.905	-0.068
18.23	-8.876	-13.119	-0.064
18.24	-8.858	-11.473	-0.058
18.25	-8.840	-9.442	-0.050
18.26	-8.822	-7.394	-0.046
18.27	-8.803	-5.472	-0.048
18.28	-8.784	-3.880	-0.050
18.29	-8.765	-2.933	-0.048
18.3	-8.745	-2.691	-0.049
18.31	-8.724	-2.898	-0.052
18.32	-8.703	-3.375	-0.054
18.33	-8.681	-4.244	-0.057
18.34	-8.661	-5.673	-0.054
18.35	-8.641	-7.470	-0.050
18.36	-8.623	-9.170	-0.053
18.37	-8.604	-10.516	-0.060
18.38	-8.586	-11.538	-0.062
18.39	-8.568	-12.298	-0.058
18.4	-8.551	-12.764	-0.052
18.41	-8.534	-12.852	-0.047
18.42	-8.518	-12.702	-0.052
18.43	-8.502	-12.641	-0.056
18.44	-8.488	-12.716	-0.054
18.45	-8.475	-12.714	-0.050
18.46	-8.463	-12.639	-0.044
18.47	-8.450	-12.720	-0.042
18.48	-8.438	-12.998	-0.047
18.49	-8.425	-13.169	-0.053
18.5	-8.412	-13.006	-0.049
18.51	-8.399	-12.700	-0.043
18.52	-8.386	-12.463	-0.046
18.53	-8.373	-12.175	-0.046
18.54	-8.360	-11.658	-0.041
18.55	-8.348	-11.000	-0.036
18.56	-8.335	-10.409	-0.037
18.57	-8.322	-9.920	-0.038
18.58	-8.311	-9.467	-0.042
18.59	-8.299	-9.156	-0.043
18.6	-8.286	-9.100	-0.031
18.61	-8.273	-9.105	-0.023
18.62	-8.261	-8.928	-0.017
18.63	-8.249	-8.713	-0.003
18.64	-8.238	-8.775	0.019
18.65	-8.226	-9.066	0.035
18.66	-8.216	-9.200	0.028
18.67	-8.206	-9.080	0.007
18.68	-8.194	-9.011	-0.019
18.69	-8.183	-9.247	-0.044
18.7	-8.172	-9.705	-0.053
18.71	-8.164	-10.159	-0.052
18.72	-8.155	-10.492	-0.053
18.73	-8.145	-10.725	-0.053
18.74	-8.133	-10.814	-0.031
18.75	-8.123	-10.617	0.103
18.76	-8.116	-10.208	0.334
18.77	-8.107	-9.878	0.462
18.78	-8.099	-9.717	0.337
18.79	-8.092	-9.686	0.042
18.8	-8.084	-9.923	-0.121
18.81	-8.072	-10.575	-0.106
18.82	-8.058	-11.380	-0.078
18.83	-8.045	-11.761	-0.066
18.84	-8.034	-11.528	-0.058
18.85	-8.022	-11.041	-0.052
18.86	-8.011	-10.514	-0.049
18.87	-8.001	-9.523	-0.043
18.88	-7.991	-7.155	-0.032
18.89	-7.981	-2.772	-0.022
18.9	-7.971	3.256	-0.017
18.91	-7.962	9.798	-0.011
18.92	-7.953	15.425	0.006
18.93	-7.944	18.891	0.021
18.94	-7.935	19.769	0.034
18.95	-7.928	18.216	0.052
18.96	-7.922	14.738	0.070
18.97	-7.916	9.775	0.090
18.98	-7.910	3.609	0.104
18.99	-7.904	-2.645	0.108
19.0	-7.899	-7.673	0.104
19.01	-7.893	-11.427	0.090
19.02	-7.886	-14.623	0.067
19.03	-7.882	-17.348	0.039
19.04	-7.878	-19.053	0.007
19.05	-7.873	-19.508	-0.022
19.06	-7.868	-19.125	-0.043
19.07	-7.861	-18.416	-0.059
19.08	-7.856	-17.377	-0.072
19.09	-7.851	-15.823	-0.081
19.1	-7.847	-14.120	-0.085
19.11	-7.844	-13.055	-0.083
19.12	-7.841	-12.994	-0.082
19.13	-7.837	-13.441	-0.083
19.14	-7.834	-13.566	-0.079
19.15	-7.831	-12.911	-0.068
19.16	-7.828	-11.459	-0.066
19.17	-7.825	-9.461	-0.067
19.18	-7.822	-7.322	-0.061
19.19	-7.821	-5.505	-0.056
19.2	-7.819	-4.325	-0.056
19.21	-7.816	-3.644	-0.059
19.22	-7.812	-3.094	-0.060
19.23	-7.808	-2.716	-0.059
19.24	-7.804	-2.983	-0.063
19.25	-7.799	-4.013	-0.067
19.26	-7.795	-5.209	-0.069
19.27	-7.791	-6.089	-0.075
19.28	-7.788	-7.023	-0.080
19.29	-7.784	-8.578	-0.081
19.3	-7.780	-10.464	-0.080
19.31	-7.775	-11.878	-0.079
19.32	-7.771	-12.491	-0.074
19.33	-7.767	-12.477	-0.073
19.34	-7.764	-12.008	-0.072
19.35	-7.761	-11.320	-0.071
19.36	-7.759	-10.945	-0.075
19.37	-7.756	-11.275	-0.073
19.38	-7.754	-12.038	-0.065
19.39	-7.751	-12.639	-0.059
19.4	-7.748	-12.833	-0.056
19.41	-7.744	-12.714	-0.055
19.42	-7.741	-12.317	-0.058
19.43	-7.739	-11.673	-0.065
19.44	-7.737	-11.016	-0.064
19.45	-7.736	-10.613	-0.055
19.46	-7.735	-10.519	-0.050
19.47	-7.734	-10.536	-0.050
19.48	-7.732	-10.384	-0.047
19.49	-7.731	-9.980	-0.039
19.5	-7.729	-9.450	-0.033
19.51	-7.728	-8.936	-0.030
19.52	-7.726	-8.550	-0.028
19.53	-7.725	-8.339	-0.020
19.54	-7.724	-8.223	-0.003
19.55	-7.723	-8.142	0.018
19.56	-7.721	-8.172	0.034
19.57	-7.720	-8.388	0.044
19.58	-7.718	-8.652	0.038
19.59	-7.717	-8.778	0.021
19.6	-7.716	-8.848	-0.003
19.61	-7.716	-9.094	-0.026
19.62	-7.715	-9.452	-0.038
19.63	-7.716	-9.577	-0.047
19.64	-7.718	-9.370	-0.054
19.65	-7.720	-9.180	-0.047
19.66	-7.720	-9.253	-0.033
19.67	-7.721	-9.287	0.039
19.68	-7.724	-8.966	0.246
19.69	-7.729	-8.686	0.447
19.7	-7.734	-9.009	0.438
19.71	-7.741	-9.784	0.174
19.72	-7.745	-10.411	-0.096
19.73	-7.743	-10.627	-0.129
19.74	-7.738	-10.673	-0.075
19.75	-7.735	-10.653	-0.059
19.76	-7.734	-10.494	-0.049
19.77	-7.732	-10.345	-0.041
19.78	-7.730	-10.197	-0.033
19.79	-7.728	-9.639	-0.023
19.8	-7.726	-8.052	-0.016
19.81	-7.725	-4.683	-0.007
19.82	-7.724	0.848	0.003
19.83	-7.723	7.814	0.010
19.84	-7.723	14.527	0.020
19.85	-7.724	19.294	0.032
19.86	-7.725	21.309	0.046
19.87	-7.727	20.656	0.058
19.88	-7.728	17.725	0.079
19.89	-7.729	12.947	0.112
19.9	-7.730	6.980	0.132
19.91	-7.731	0.852	0.134
19.92	-7.732	-4.475	0.128
19.93	-7.734	-8.764	0.119
19.94	-7.737	-12.392	0.098
19.95	-7.741	-15.628	0.069
19.96	-7.746	-18.069	0.040
19.97	-7.750	-19.122	0.014
19.98	-7.753	-18.947	-0.011
19.99	-7.755	-18.252	-0.035
20.0	-7.758	-17.367	-0.054
20.01	-7.761	-16.194	-0.068
20.02	-7.764	-14.839	-0.076
20.03	-7.769	-13.691	-0.078
20.04	-7.774	-12.967	-0.075
20.05	-7.782	-12.594	-0.072
20.06	-7.793	-12.314	-0.073
20.07	-7.805	-11.767	-0.075
20.08	-7.819	-10.650	-0.069
20.09	-7.835	-8.897	-0.063
20.1	-7.853	-6.702	-0.060
20.11	-7.871	-4.500	-0.052
20.12	-7.890	-2.844	-0.048
20.13	-7.910	-2.123	-0.050
20.14	-7.930	-2.255	-0.050
20.15	-7.949	-2.722	-0.054
20.16	-7.969	-3.163	-0.057
20.17	-7.989	-3.711	-0.057
20.18	-8.008	-4.577	-0.056
20.19	-8.025	-5.689	-0.056
20.2	-8.042	-6.872	-0.055
20.21	-8.059	-8.102	-0.055
20.22	-8.075	-9.416	-0.055
20.23	-8.092	-10.720	-0.056
20.24	-8.107	-11.750	-0.057
20.25	-8.124	-12.219	-0.056
20.26	-8.139	-12.058	-0.055
20.27	-8.154	-11.634	-0.055
20.28	-8.169	-11.506	-0.054
20.29	-8.183	-11.813	-0.048
20.3	-8.198	-12.231	-0.044
20.31	-8.213	-12.503	-0.047
20.32	-8.227	-12.591	-0.046
20.33	-8.241	-12.409	-0.041
20.34	-8.254	-11.917	-0.039
20.35	-8.267	-11.402	-0.038
20.36	-8.281	-11.217	-0.042
20.37	-8.296	-11.289	-0.045
20.38	-8.310	-11.219	-0.039
20.39	-8.326	-10.847	-0.037
20.4	-8.342	-10.266	-0.038
20.41	-8.359	-9.464	-0.038
20.42	-8.376	-8.483	-0.033
20.43	-8.393	-7.680	-0.029
20.44	-8.409	-7.428	-0.028
20.45	-8.423	-7.625	-0.026
20.46	-8.438	-7.866	-0.019
20.47	-8.452	-7.981	-0.005
20.48	-8.466	-8.039	0.009
20.49	-8.479	-8.109	0.020
20.5	-8.491	-8.188	0.023
20.51	-8.502	-8.341	0.016
20.52	-8.513	-8.688	-0.004
20.53	-8.524	-9.145	-0.031
20.54	-8.536	-9.484	-0.056
20.55	-8.546	-9.550	-0.067
20.56	-8.558	-9.423	-0.068
20.57	-8.569	-9.369	-0.068
20.58	-8.578	-9.509	-0.067
20.59	-8.584	-9.759	-0.041
20.6	-8.592	-10.028	0.116
20.61	-8.600	-10.352	0.381
20.62	-8.607	-10.727	0.535
20.63	-8.616	-10.906	0.380
20.64	-8.626	-10.756	0.014
20.65	-8.634	-10.472	-0.169
20.66	-8.637	-10.353	-0.127
20.67	-8.639	-10.452	-0.082
20.68	-8.643	-10.444	-0.068
20.69	-8.648	-10.244	-0.065
20.7	-8.651	-10.155	-0.058
20.71	-8.655	-10.186	-0.035
20.72	-8.659	-9.750	-0.020
20.73	-8.663	-7.891	-0.022
20.74	-8.668	-3.866	-0.020
20.75	-8.671	2.152	-0.010
20.76	-8.675	9.036	0.004
20.77	-8.679	15.266	0.018
20.78	-8.684	19.463	0.038
20.79	-8.690	20.794	0.062
20.8	-8.697	19.217	0.081
20.81	-8.707	15.384	0.099
20.82	-8.719	10.275	0.122
20.83	-8.732	4.659	0.140
20.84	-8.744	-1.119	0.144
20.85	-8.753	-6.708	0.137
20.86	-8.761	-11.556	0.123
20.87	-8.771	-15.313	0.104
20.88	-8.785	-18.088	0.073
20.89	-8.801	-20.170	0.033
20.9	-8.818	-21.517	-0.006
20.91	-8.839	-21.727	-0.035
20.92	-8.862	-20.753	-0.053
20.93	-8.886	-19.144	-0.065
20.94	-8.910	-17.355	-0.070
20.95	-8.931	-15.781	-0.075
20.96	-8.948	-14.825	-0.080
20.97	-8.965	-14.450	-0.081
20.98	-8.981	-14.208	-0.078
20.99	-8.995	-13.542	-0.062
21.0	-9.009	-12.133	-0.048
21.01	-9.023	-10.186	-0.043
21.02	-9.036	-8.291	-0.044
21.03	-9.049	-6.761	-0.046
21.04	-9.063	-5.505	-0.046
21.05	-9.076	-4.447	-0.050
21.06	-9.088	-3.667	-0.048
21.07	-9.099	-3.220	-0.045
21.08	-9.109	-3.105	-0.047
21.09	-9.120	-3.250	-0.044
21.1	-9.129	-3.516	-0.043
21.11	-9.138	-3.942	-0.051
21.12	-9.144	-4.795	-0.060
21.13	-9.151	-6.175	-0.057
21.14	-9.155	-7.747	-0.050
21.15	-9.159	-9.030	-0.049
21.16	-9.162	-9.964	-0.046
21.17	-9.163	-10.913	-0.044
21.18	-9.164	-12.063	-0.046
21.19	-9.166	-13.153	-0.047
21.2	-9.167	-13.788	-0.043
21.21	-9.169	-13.808	-0.039
21.22	-9.171	-13.372	-0.039
21.23	-9.171	-12.853	-0.041
21.24	-9.170	-12.598	-0.036
21.25	-9.169	-12.633	-0.036
21.26	-9.168	-12.683	-0.037
21.27	-9.166	-12.566	-0.036
21.28	-9.164	-12.386	-0.038
21.29	-9.164	-12.247	-0.040
21.3	-9.163	-12.069	-0.039
21.31	-9.162	-11.777	-0.044
21.32	-9.162	-11.361	-0.051
21.33	-9.162	-10.714	-0.045
21.34	-9.162	-9.777	-0.037
21.35	-9.162	-8.855	-0.036
21.36	-9.162	-8.439	-0.031
21.37	-9.161	-8.686	-0.025
21.38	-9.161	-9.220	-0.013
21.39	-9.162	-9.548	0.006
21.4	-9.163	-9.489	0.017
21.41	-9.164	-9.197	0.025
21.42	-9.164	-8.900	0.033
21.43	-9.164	-8.742	0.030
21.44	-9.166	-8.758	0.010
21.45	-9.168	-8.927	-0.018
21.46	-9.170	-9.209	-0.034
21.47	-9.174	-9.420	-0.037
21.48	-9.179	-9.366	-0.039
21.49	-9.183	-9.166	-0.038
21.5	-9.183	-9.161	-0.040
21.51	-9.183	-9.497	0.014
21.52	-9.183	-10.048	0.218
21.53	-9.184	-10.669	0.467
21.54	-9.186	-11.016	0.543
21.55	-9.189	-10.738	0.310
21.56	-9.191	-10.161	-0.021
21.57	-9.188	-10.063	-0.125
21.58	-9.179	-10.700	-0.085
21.59	-9.172	-11.467	-0.056
21.6	-9.168	-11.766	-0.046
21.61	-9.167	-11.714	-0.044
21.62	-9.168	-11.547	-0.036
21.63	-9.168	-11.038	-0.026
21.64	-9.168	-9.641	-0.020
21.65	-9.166	-6.634	-0.020
21.66	-9.162	-1.514	-0.011
21.67	-9.158	5.313	0.005
21.68	-9.154	12.552	0.015
21.69	-9.151	18.659	0.030
21.7	-9.148	22.325	0.047
21.71	-9.146	22.817	0.060
21.72	-9.144	20.177	0.083
21.73	-9.143	15.127	0.106
21.74	-9.143	8.803	0.114
21.75	-9.143	2.297	0.122
21.76	-9.143	-3.661	0.124
21.77	-9.141	-8.742	0.112
21.78	-9.139	-12.956	0.093
21.79	-9.139	-16.389	0.062
21.8	-9.143	-19.034	0.024
21.81	-9.146	-20.886	-0.008
21.82	-9.149	-21.863	-0.040
21.83	-9.150	-21.698	-0.060
21.84	-9.149	-20.206	-0.072
21.85	-9.148	-17.875	-0.084
21.86	-9.144	-15.769	-0.089
21.87	-9.139	-14.577	-0.090
21.88	-9.133	-14.231	-0.094
21.89	-9.126	-14.361	-0.094
21.9	-9.117	-14.556	-0.091
21.91	-9.105	-14.298	-0.078
21.92	-9.089	-13.084	-0.066
21.93	-9.071	-10.869	-0.063
21.94	-9.049	-8.245	-0.054
21.95	-9.027	-6.045	-0.044
21.96	-9.004	-4.742	-0.046
21.97	-8.982	-4.094	-0.050
21.98	-8.960	-3.484	-0.051
21.99	-8.937	-2.750	-0.049
22.0	-8.912	-2.397	-0.042
22.01	-8.888	-2.800	-0.039
22.02	-8.863	-3.666	-0.041
22.03	-8.838	-4.666	-0.044
22.04	-8.815	-6.002	-0.045
22.05	-8.793	-7.884	-0.047
22.06	-8.772	-9.911	-0.048
22.07	-8.752	-11.452	-0.048
22.08	-8.732	-12.391	-0.045
22.09	-8.713	-13.020	-0.043
22.1	-8.694	-13.456	-0.041
22.11	-8.676	-13.652	-0.041
22.12	-8.658	-13.666	-0.044
22.13	-8.641	-13.639	-0.040
22.14	-8.623	-13.628	-0.039
22.15	-8.606	-13.569	-0.045
22.16	-8.588	-13.484	-0.044
22.17	-8.569	-13.520	-0.039
22.18	-8.552	-13.609	-0.038
22.19	-8.534	-13.455	-0.044
22.2	-8.516	-12.970	-0.055
22.21	-8.499	-12.403	-0.058
22.22	-8.482	-11.989	-0.052
22.23	-8.464	-11.700	-0.049
22.24	-8.446	-11.264	-0.046
22.25	-8.428	-10.505	-0.044
22.26	-8.409	-9.623	-0.046
22.27	-8.389	-9.017	-0.044
22.28	-8.367	-8.950	-0.035
22.29	-8.347	-9.225	-0.027
22.3	-8.327	-9.286	-0.023
22.31	-8.308	-8.955	-0.018
22.32	-8.289	-8.677	-0.008
22.33	-8.272	-8.897	0.011
22.34	-8.255	-9.388	0.028
22.35	-8.239	-9.328	0.037
22.36	-8.226	-8.653	0.039
22.37	-8.213	-8.364	0.024
22.38	-8.202	-9.037	-0.004
22.39	-8.190	-10.175	-0.027
22.4	-8.179	-10.931	-0.039
22.41	-8.170	-11.120	-0.043
22.42	-8.162	-11.053	-0.043
22.43	-8.151	-10.794	-0.041
22.44	-8.139	-10.330	-0.034
22.45	-8.127	-9.900	0.080
22.46	-8.118	-9.897	0.317
22.47	-8.109	-10.508	0.476
22.48	-8.099	-11.436	0.384
22.49	-8.090	-12.202	0.088
22.5	-8.081	-12.431	-0.105
22.51	-8.069	-12.117	-0.099
22.52	-8.055	-11.684	-0.068
22.53	-8.041	-11.517	-0.060
22.54	-8.027	-11.573	-0.059
22.55	-8.014	-11.558	-0.056
22.56	-8.000	-11.242	-0.048
22.57	-7.987	-10.278	-0.044
22.58	-7.974	-7.770	-0.042
22.59	-7.961	-2.838	-0.033
22.6	-7.948	4.244	-0.022
22.61	-7.936	11.964	-0.016
22.62	-7.923	18.505	-0.002
22.63	-7.911	22.509	0.015
22.64	-7.902	23.420	0.028
22.65	-7.893	21.481	0.050
22.66	-7.884	17.416	0.073
22.67	-7.877	12.080	0.092
22.68	-7.871	6.139	0.108
22.69	-7.865	0.009	0.113
22.7	-7.859	-5.945	0.102
22.71	-7.852	-11.358	0.087
22.72	-7.845	-15.872	0.075
22.73	-7.840	-18.995	0.053
22.74	-7.837	-20.377	0.021
22.75	-7.833	-20.333	-0.012
22.76	-7.826	-19.788	-0.042
22.77	-7.819	-19.414	-0.056
22.78	-7.813	-18.963	-0.058
22.79	-7.807	-17.900	-0.066
22.8	-7.803	-16.344	-0.074
22.81	-7.799	-14.891	-0.074
22.82	-7.796	-13.900	-0.070
22.83	-7.793	-13.322	-0.067
22.84	-7.790	-12.903	-0.062
22.85	-7.788	-12.292	-0.057
22.86	-7.786	-11.192	-0.054
22.87	-7.784	-9.617	-0.057
22.88	-7.782	-7.859	-0.060
22.89	-7.781	-6.245	-0.050
22.9	-7.779	-4.905	-0.043
22.91	-7.777	-3.833	-0.044
22.92	-7.776	-3.158	-0.044
22.93	-7.774	-3.156	-0.045
22.94	-7.774	-3.808	-0.048
22.95	-7.774	-4.627	-0.053
22.96	-7.774	-5.308	-0.057
22.97	-7.775	-6.231	-0.055
22.98	-7.776	-7.891	-0.051
22.99	-7.776	-9.972	-0.049
23.0	-7.777	-11.663	-0.045
23.01	-7.777	-12.500	-0.043
23.02	-7.777	-12.584	-0.047
23.03	-7.779	-12.494	-0.049
23.04	-7.780	-12.536	-0.047
23.05	-7.781	-12.586	-0.044
23.06	-7.784	-12.619	-0.043
23.07	-7.786	-12.659	-0.046
23.08	-7.789	-12.745	-0.044
23.09	-7.792	-12.934	-0.035
23.1	-7.795	-13.133	-0.032
23.11	-7.799	-13.234	-0.037
23.12	-7.801	-13.320	-0.042
23.13	-7.804	-13.444	-0.044
23.14	-7.805	-13.330	-0.041
23.15	-7.806	-12.361	-0.038
23.16	-7.808	-10.555	-0.034
23.17	-7.811	-9.152	-0.028
23.18	-7.814	-8.934	-0.026
23.19	-7.819	-9.377	-0.025
23.2	-7.823	-9.711	-0.030
23.21	-7.827	-9.609	-0.039
23.22	-7.831	-8.981	-0.041
23.23	-7.835	-7.891	-0.044
23.24	-7.839	-6.897	-0.041
23.25	-7.844	-6.706	-0.025
23.26	-7.848	-7.353	-0.016
23.27	-7.853	-8.180	-0.012
23.28	-7.858	-8.630	0.004
23.29	-7.865	-8.731	0.027
23.3	-7.874	-8.823	0.045
23.31	-7.884	-9.084	0.050
23.32	-7.893	-9.397	0.041
23.33	-7.902	-9.578	0.021
23.34	-7.908	-9.570	-0.014
23.35	-7.913	-9.500	-0.040
23.36	-7.919	-9.447	-0.043
23.37	-7.929	-9.416	-0.041
23.38	-7.939	-9.470	-0.043
23.39	-7.946	-9.592	-0.044
23.4	-7.950	-9.675	-0.015
23.41	-7.958	-9.817	0.135
23.42	-7.968	-10.320	0.361
23.43	-7.981	-11.028	0.467
23.44	-7.996	-11.194	0.312
23.45	-8.011	-10.548	-0.005
23.46	-8.023	-9.742	-0.146
23.47	-8.027	-9.464	-0.098
23.48	-8.028	-9.650	-0.061
23.49	-8.031	-9.869	-0.052
23.5	-8.036	-10.013	-0.049
23.51	-8.039	-10.089	-0.044
23.52	-8.041	-9.966	-0.038
23.53	-8.041	-9.366	-0.030
23.54	-8.042	-7.427	-0.020
23.55	-8.044	-2.930	-0.017
23.56	-8.049	4.327	-0.006
23.57	-8.056	12.875	0.016
23.58	-8.066	20.347	0.030
23.59	-8.078	24.781	0.037
23.6	-8.091	25.391	0.052
23.61	-8.103	22.581	0.079
23.62	-8.114	17.506	0.104
23.63	-8.126	11.269	0.119
23.64	-8.137	4.642	0.129
23.65	-8.148	-1.650	0.135
23.66	-8.158	-6.933	0.134
23.67	-8.167	-11.116	0.122
23.68	-8.178	-14.691	0.097
23.69	-8.189	-17.991	0.065
23.7	-8.200	-20.705	0.031
23.71	-8.211	-22.258	0.001
23.72	-8.220	-22.467	-0.024
23.73	-8.230	-21.458	-0.045
23.74	-8.241	-19.430	-0.056
23.75	-8.251	-16.992	-0.061
23.76	-8.261	-15.180	-0.071
23.77	-8.271	-14.489	-0.072
23.78	-8.281	-14.331	-0.061
23.79	-8.290	-13.816	-0.059
23.8	-8.299	-12.584	-0.063
23.81	-8.311	-10.802	-0.059
23.82	-8.322	-8.759	-0.050
23.83	-8.334	-6.809	-0.047
23.84	-8.346	-5.164	-0.049
23.85	-8.358	-3.711	-0.055
23.86	-8.371	-2.414	-0.056
23.87	-8.384	-1.658	-0.050
23.88	-8.398	-1.652	-0.045
23.89	-8.412	-1.942	-0.039
23.9	-8.426	-2.269	-0.037
23.91	-8.441	-2.927	-0.045
23.92	-8.454	-4.267	-0.052
23.93	-8.467	-6.258	-0.049
23.94	-8.481	-8.164	-0.047
23.95	-8.494	-9.256	-0.052
23.96	-8.508	-9.720	-0.056
23.97	-8.522	-10.386	-0.055
23.98	-8.536	-11.695	-0.051
23.99	-8.549	-13.073	-0.043
24.0	-8.563	-13.636	-0.041
24.01	-8.578	-13.445	-0.045
24.02	-8.592	-13.303	-0.045
24.03	-8.606	-13.523	-0.043
24.04	-8.618	-13.689	-0.046
24.05	-8.630	-13.380	-0.047
24.06	-8.643	-12.697	-0.046
24.07	-8.655	-12.152	-0.046
24.08	-8.667	-12.103	-0.040
24.09	-8.678	-12.420	-0.039
24.1	-8.691	-12.647	-0.042
24.11	-8.702	-12.453	-0.045
24.12	-8.713	-11.925	-0.044
24.13	-8.723	-11.367	-0.040
24.14	-8.733	-10.745	-0.040
24.15	-8.743	-9.831	-0.040
24.16	-8.753	-8.877	-0.042
24.17	-8.763	-8.497	-0.044
24.18	-8.771	-8.842	-0.039
24.19	-8.781	-9.297	-0.028
24.2	-8.791	-9.389	-0.018
24.21	-8.801	-9.255	-0.000
24.22	-8.810	-8.961	0.020
24.23	-8.819	-8.527	0.033
24.24	-8.828	-7.992	0.036
24.25	-8.837	-7.572	0.026
24.26	-8.846	-7.622	0.006
24.27	-8.856	-8.098	-0.021
24.28	-8.865	-8.814	-0.039
24.29	-8.874	-9.597	-0.040
24.3	-8.886	-10.194	-0.042
24.31	-8.897	-10.517	-0.044
24.32	-8.903	-10.778	-0.046
24.33	-8.910	-11.172	-0.003
24.34	-8.919	-11.748	0.193
24.35	-8.928	-12.328	0.445
24.36	-8.935	-12.014	0.523
24.37	-8.945	-10.602	0.286
24.38	-8.956	-9.156	-0.057
24.39	-8.964	-8.591	-0.156
24.4	-8.967	-9.236	-0.102
24.41	-8.973	-10.533	-0.066
24.42	-8.978	-11.617	-0.050
24.43	-8.984	-12.064	-0.045
24.44	-8.989	-11.638	-0.044
24.45	-8.996	-10.480	-0.044
24.46	-9.002	-9.013	-0.036
24.47	-9.010	-6.880	-0.027
24.48	-9.018	-2.903	-0.021
24.49	-9.027	3.395	-0.008
24.5	-9.037	11.025	0.008
24.51	-9.047	18.178	0.023
24.52	-9.057	23.153	0.035
24.53	-9.069	24.881	0.050
24.54	-9.082	23.033	0.071
24.55	-9.096	18.108	0.097
24.56	-9.109	11.356	0.116
24.57	-9.123	4.222	0.123
24.58	-9.137	-2.259	0.129
24.59	-9.149	-7.792	0.124
24.6	-9.161	-12.570	0.109
24.61	-9.175	-16.541	0.085
24.62	-9.191	-19.466	0.049
24.63	-9.208	-21.439	0.011
24.64	-9.224	-22.694	-0.023
24.65	-9.239	-23.028	-0.048
24.66	-9.256	-21.934	-0.061
24.67	-9.274	-19.470	-0.070
24.68	-9.290	-16.603	-0.081
24.69	-9.304	-14.528	-0.088
24.7	-9.318	-13.547	-0.086
24.71	-9.332	-13.111	-0.081
24.72	-9.345	-12.961	-0.076
24.73	-9.357	-12.945	-0.069
24.74	-9.371	-12.122	-0.063
24.75	-9.384	-10.294	-0.058
24.76	-9.396	-9.066	-0.056
24.77	-9.409	-8.536	-0.057
24.78	-9.422	-7.334	-0.054
24.79	-9.436	-5.652	-0.052
24.8	-9.451	-3.938	-0.054
24.81	-9.468	-1.636	-0.051
24.82	-9.486	0.742	-0.043
24.83	-9.504	1.195	-0.044
24.84	-9.520	-0.456	-0.053
24.85	-9.537	-3.014	-0.061
24.86	-9.553	-5.867	-0.067
24.87	-9.570	-8.458	-0.070
24.88	-9.586	-10.316	-0.065
24.89	-9.604	-11.006	-0.057
24.9	-9.626	-10.789	-0.057
24.91	-9.648	-10.942	-0.062
24.92	-9.669	-12.136	-0.062
24.93	-9.688	-13.145	-0.062
24.94	-9.704	-12.683	-0.061
24.95	-9.719	-11.244	-0.058
24.96	-9.733	-10.239	-0.057
24.97	-9.745	-10.313	-0.062
24.98	-9.754	-11.013	-0.065
24.99	-9.763	-11.942	-0.064
25.0	-9.769	-12.798	-0.061
25.01	-9.774	-13.080	-0.059
25.02	-9.776	-12.664	-0.059
25.03	-9.775	-11.908	-0.053
25.04	-9.770	-11.278	-0.046
25.05	-9.761	-10.888	-0.044
25.06	-9.748	-10.359	-0.045
25.07	-9.725	-9.448	-0.049
25.08	-9.694	-8.459	-0.051
25.09	-9.658	-7.869	-0.053
25.1	-9.620	-7.706	-0.041
25.11	-9.582	-7.547	-0.007
25.12	-9.544	-7.152	0.020
25.13	-9.504	-6.989	0.025
25.14	-9.465	-7.456	0.020
25.15	-9.426	-8.333	0.009
25.16	-9.386	-9.350	-0.013
25.17	-9.349	-10.100	-0.041
25.18	-9.313	-10.122	-0.058
25.19	-9.282	-9.517	-0.067
25.2	-9.255	-8.717	-0.065
25.21	-9.226	-8.133	-0.054
25.22	-9.196	-8.102	-0.044
25.23	-9.169	-8.572	0.056
25.24	-9.145	-9.131	0.275
25.25	-9.121	-9.545	0.445
25.26	-9.098	-9.756	0.386
25.27	-9.075	-9.886	0.104
25.28	-9.051	-10.317	-0.106
25.29	-9.023	-11.064	-0.116
25.3	-8.992	-11.622	-0.084
25.31	-8.964	-11.833	-0.073
25.32	-8.937	-11.970	-0.072
25.33	-8.911	-11.905	-0.068
25.34	-8.888	-11.608	-0.057
25.35	-8.865	-11.039	-0.047
25.36	-8.843	-9.034	-0.044
25.37	-8.822	-4.545	-0.036
25.38	-8.801	2.050	-0.021
25.39	-8.782	9.422	-0.015
25.4	-8.764	15.733	-0.012
25.41	-8.746	19.588	0.001
25.42	-8.729	21.034	0.024
25.43	-8.713	20.538	0.043
25.44	-8.697	18.034	0.056
25.45	-8.682	13.502	0.071
25.46	-8.667	7.864	0.086
25.47	-8.651	2.352	0.089
25.48	-8.636	-2.903	0.086
25.49	-8.619	-8.034	0.076
25.5	-8.603	-12.569	0.053
25.51	-8.588	-16.027	0.022
25.52	-8.574	-18.366	-0.008
25.53	-8.562	-19.692	-0.035
25.54	-8.547	-20.089	-0.060
25.55	-8.532	-20.023	-0.079
25.56	-8.516	-19.816	-0.090
25.57	-8.500	-19.078	-0.094
25.58	-8.484	-17.736	-0.099
25.59	-8.468	-16.455	-0.102
25.6	-8.453	-15.698	-0.104
25.61	-8.438	-15.300	-0.103
25.62	-8.423	-14.873	-0.101
25.63	-8.409	-14.141	-0.096
25.64	-8.395	-12.711	-0.088
25.65	-8.382	-10.258	-0.080
25.66	-8.369	-7.358	-0.073
25.67	-8.358	-4.963	-0.069
25.68	-8.348	-3.325	-0.068
25.69	-8.338	-2.506	-0.068
25.7	-8.329	-2.655	-0.069
25.71	-8.321	-3.789	-0.072
25.72	-8.313	-5.698	-0.077
25.73	-8.305	-7.578	-0.073
25.74	-8.297	-8.750	-0.068
25.75	-8.288	-9.545	-0.072
25.76	-8.279	-10.258	-0.075
25.77	-8.269	-10.617	-0.076
25.78	-8.261	-10.817	-0.076
25.79	-8.252	-11.439	-0.072
25.8	-8.244	-12.534	-0.075
25.81	-8.236	-13.705	-0.075
25.82	-8.227	-14.614	-0.067
25.83	-8.219	-14.917	-0.066
25.84	-8.211	-14.355	-0.071
25.85	-8.203	-13.313	-0.073
25.86	-8.196	-12.631	-0.074
25.87	-8.188	-12.828	-0.073
25.88	-8.180	-13.664	-0.069
25.89	-8.172	-14.523	-0.067
25.9	-8.165	-15.131	-0.068
25.91	-8.158	-15.184	-0.063
25.92	-8.149	-14.320	-0.053
25.93	-8.142	-12.817	-0.050
25.94	-8.134	-11.177	-0.048
25.95	-8.126	-9.677	-0.036
25.96	-8.121	-8.666	-0.023
25.97	-8.114	-8.205	-0.012
25.98	-8.107	-7.959	-0.000
25.99	-8.101	-7.983	0.006
26.0	-8.094	-8.417	-0.004
26.01	-8.086	-8.895	-0.034
26.02	-8.079	-9.030	-0.065
26.03	-8.072	-8.859	-0.081
26.04	-8.068	-8.606	-0.084
26.05	-8.064	-8.428	-0.081
26.06	-8.058	-8.498	-0.075
26.07	-8.050	-8.734	-0.058
26.08	-8.044	-8.667	0.068
26.09	-8.041	-8.241	0.293
26.1	-8.037	-7.970	0.417
26.11	-8.033	-8.170	0.305
26.12	-8.028	-8.855	0.031
26.13	-8.024	-9.941	-0.131
26.14	-8.015	-11.053	-0.124
26.15	-8.003	-11.678	-0.102
26.16	-7.991	-11.755	-0.091
26.17	-7.981	-11.459	-0.082
26.18	-7.971	-10.864	-0.077
26.19	-7.961	-10.273	-0.070
26.2	-7.953	-9.608	-0.061
26.21	-7.944	-7.655	-0.054
26.22	-7.934	-3.211	-0.051
26.23	-7.924	3.441	-0.041
26.24	-7.916	11.013	-0.027
26.25	-7.909	17.825	-0.016
26.26	-7.903	22.022	-0.003
26.27	-7.898	22.983	0.013
26.28	-7.893	21.375	0.034
26.29	-7.888	17.817	0.057
26.3	-7.884	12.708	0.077
26.31	-7.879	6.595	0.089
26.32	-7.876	0.089	0.088
26.33	-7.872	-6.203	0.079
26.34	-7.868	-11.650	0.064
26.35	-7.864	-15.742	0.042
26.36	-7.861	-18.238	0.014
26.37	-7.858	-19.650	-0.018
26.38	-7.855	-20.800	-0.049
26.39	-7.851	-21.744	-0.074
26.4	-7.846	-22.425	-0.089
26.41	-7.841	-22.295	-0.097
26.42	-7.838	-20.808	-0.106
26.43	-7.834	-18.555	-0.110
26.44	-7.830	-16.155	-0.104
26.45	-7.827	-14.180	-0.099
26.46	-7.823	-12.889	-0.098
26.47	-7.820	-11.866	-0.087
26.48	-7.817	-10.913	-0.075
26.49	-7.814	-9.900	-0.072
26.5	-7.811	-8.436	-0.072
26.51	-7.808	-6.583	-0.070
26.52	-7.806	-5.192	-0.067
26.53	-7.805	-4.589	-0.068
26.54	-7.804	-4.408	-0.071
26.55	-7.802	-4.638	-0.070
26.56	-7.801	-4.805	-0.070
26.57	-7.798	-4.764	-0.074
26.58	-7.794	-4.969	-0.071
26.59	-7.789	-5.380	-0.065
26.6	-7.786	-6.236	-0.064
26.61	-7.783	-7.631	-0.067
26.62	-7.781	-9.223	-0.070
26.63	-7.779	-10.998	-0.069
26.64	-7.777	-12.675	-0.066
26.65	-7.775	-13.853	-0.068
26.66	-7.773	-14.586	-0.068
26.67	-7.771	-14.983	-0.065
26.68	-7.770	-15.177	-0.065
26.69	-7.769	-15.211	-0.062
26.7	-7.768	-15.198	-0.062
26.71	-7.767	-15.245	-0.066
26.72	-7.767	-15.228	-0.068
26.73	-7.768	-14.908	-0.068
26.74	-7.768	-14.359	-0.063
26.75	-7.769	-13.873	-0.057
26.76	-7.769	-13.441	-0.052
26.77	-7.769	-13.111	-0.048
26.78	-7.769	-13.002	-0.047
26.79	-7.769	-12.691	-0.036
26.8	-7.770	-11.952	-0.019
26.81	-7.773	-11.298	-0.002
26.82	-7.774	-10.556	0.011
26.83	-7.776	-9.309	0.002
26.84	-7.776	-7.913	-0.024
26.85	-7.776	-6.745	-0.054
26.86	-7.775	-6.206	-0.079
26.87	-7.775	-6.698	-0.087
26.88	-7.777	-7.844	-0.087
26.89	-7.778	-8.863	-0.082
26.9	-7.776	-9.450	-0.074
26.91	-7.775	-9.441	-0.030
26.92	-7.776	-8.806	0.150
26.93	-7.780	-7.970	0.377
26.94	-7.784	-7.439	0.426
26.95	-7.789	-7.452	0.202
26.96	-7.795	-7.839	-0.091
26.97	-7.798	-8.195	-0.167
26.98	-7.794	-8.586	-0.119
26.99	-7.790	-9.128	-0.100
27.0	-7.786	-9.667	-0.095
27.01	-7.782	-10.122	-0.091
27.02	-7.779	-10.261	-0.084
27.03	-7.775	-10.170	-0.073
27.04	-7.772	-9.586	-0.057
27.05	-7.769	-7.342	-0.047
27.06	-7.766	-2.406	-0.037
27.07	-7.761	5.389	-0.026
27.08	-7.756	14.020	-0.017
27.09	-7.753	20.272	-0.002
27.1	-7.751	22.859	0.021
27.11	-7.751	21.838	0.044
27.12	-7.752	17.327	0.067
27.13	-7.753	10.908	0.088
27.14	-7.753	4.747	0.099
27.15	-7.754	-0.075	0.102
27.16	-7.755	-3.163	0.101
27.17	-7.756	-5.253	0.099
27.18	-7.757	-8.178	0.085
27.19	-7.760	-12.619	0.058
27.2	-7.764	-17.044	0.022
27.21	-7.767	-19.989	-0.019
27.22	-7.769	-21.386	-0.052
27.23	-7.769	-21.703	-0.075
27.24	-7.769	-21.188	-0.093
27.25	-7.772	-19.869	-0.101
27.26	-7.774	-18.416	-0.099
27.27	-7.775	-17.484	-0.098
27.28	-7.776	-16.827	-0.100
27.29	-7.777	-15.997	-0.096
27.3	-7.779	-14.577	-0.088
27.31	-7.782	-12.267	-0.088
27.32	-7.784	-9.547	-0.087
27.33	-7.787	-7.317	-0.080
27.34	-7.790	-5.959	-0.077
27.35	-7.793	-5.050	-0.081
27.36	-7.795	-3.916	-0.086
27.37	-7.796	-2.402	-0.081
27.38	-7.799	-1.070	-0.071
27.39	-7.801	-0.748	-0.071
27.4	-7.804	-1.541	-0.078
27.41	-7.806	-2.833	-0.083
27.42	-7.809	-4.367	-0.085
27.43	-7.812	-6.300	-0.085
27.44	-7.815	-8.561	-0.077
27.45	-7.818	-10.828	-0.073
27.46	-7.821	-12.656	-0.079
27.47	-7.824	-13.581	-0.082
27.48	-7.826	-13.503	-0.080
27.49	-7.828	-12.816	-0.077
27.5	-7.829	-12.114	-0.073
27.51	-7.830	-11.855	-0.074
27.52	-7.832	-12.216	-0.074
27.53	-7.834	-13.119	-0.069
27.54	-7.838	-14.077	-0.066
27.55	-7.840	-14.483	-0.071
27.56	-7.842	-14.284	-0.073
27.57	-7.844	-13.791	-0.071
27.58	-7.846	-13.319	-0.067
27.59	-7.848	-13.022	-0.059
27.6	-7.850	-12.578	-0.047
27.61	-7.853	-11.620	-0.029
27.62	-7.854	-10.681	-0.012
27.63	-7.857	-10.530	0.001
27.64	-7.861	-10.822	0.013
27.65	-7.866	-10.900	0.018
27.66	-7.869	-10.836	0.006
27.67	-7.873	-10.738	-0.022
27.68	-7.876	-10.658	-0.053
27.69	-7.878	-10.475	-0.065
27.7	-7.880	-9.739	-0.064
27.71	-7.884	-8.734	-0.071
27.72	-7.888	-7.838	-0.077
27.73	-7.886	-6.895	-0.076
27.74	-7.886	-6.148	-0.015
27.75	-7.889	-5.947	0.193
27.76	-7.892	-5.992	0.420
27.77	-7.896	-5.872	0.435
27.78	-7.902	-5.852	0.170
27.79	-7.909	-6.353	-0.119
27.8	-7.911	-7.319	-0.166
27.81	-7.906	-8.616	-0.114
27.82	-7.901	-10.386	-0.100
27.83	-7.899	-11.470	-0.096
27.84	-7.898	-9.806	-0.086
27.85	-7.896	-6.377	-0.076
27.86	-7.893	-0.447	-0.072
27.87	-7.891	9.659	-0.064
27.88	-7.889	20.605	-0.050
27.89	-7.889	30.553	-0.040
27.9	-7.891	40.302	-0.037
27.91	-7.893	47.683	-0.026
27.92	-7.893	48.669	-0.006
27.93	-7.893	41.850	0.014
27.94	-7.893	30.384	0.035
27.95	-7.894	20.953	0.056
27.96	-7.894	15.803	0.076
27.97	-7.894	9.502	0.092
27.98	-7.893	-1.434	0.103
27.99	-7.891	-12.459	0.105
28.0	-7.889	-18.427	0.095
28.01	-7.888	-21.102	0.074
28.02	-7.888	-23.608	0.045
28.03	-7.889	-26.052	0.004
28.04	-7.889	-28.386	-0.025
28.05	-7.888	-29.773	-0.045
28.06	-7.887	-27.350	-0.070
28.07	-7.886	-21.803	-0.084
28.08	-7.886	-16.650	-0.091
28.09	-7.885	-12.816	-0.094
28.1	-7.883	-9.153	-0.092
28.11	-7.881	-4.681	-0.092
28.12	-7.878	0.172	-0.089
28.13	-7.873	5.727	-0.079
28.14	-7.867	10.372	-0.070
28.15	-7.859	10.338	-0.068
28.16	-7.854	7.142	-0.069
28.17	-7.850	5.142	-0.073
28.18	-7.848	4.433	-0.072
28.19	-7.847	3.884	-0.063
28.2	-7.846	4.139	-0.055
28.21	-7.846	4.788	-0.051
28.22	-7.845	3.964	-0.048
28.23	-7.845	0.155	-0.055
28.24	-7.845	-6.519	-0.063
28.25	-7.846	-14.173	-0.054
28.26	-7.845	-18.773	-0.042
28.27	-7.845	-17.095	-0.048
28.28	-7.846	-14.541	-0.055
28.29	-7.846	-17.484	-0.048
28.3	-7.847	-23.463	-0.046
28.31	-7.848	-28.828	-0.048
28.32	-7.850	-31.442	-0.036
28.33	-7.853	-30.416	-0.019
28.34	-7.854	-29.422	-0.017
28.35	-7.856	-31.666	-0.020
28.36	-7.858	-35.750	-0.018
28.37	-7.861	-39.050	-0.018
28.38	-7.862	-37.952	-0.020
28.39	-7.864	-29.700	-0.011
28.4	-7.866	-19.941	0.001
28.41	-7.868	-16.838	0.007
28.42	-7.870	-19.639	0.029
28.43	-7.872	-23.030	0.060
28.44	-7.873	-24.348	0.075
28.45	-7.874	-23.656	0.065
28.46	-7.876	-21.983	0.028
28.47	-7.878	-20.828	0.001
28.48	-7.879	-21.152	-0.007
28.49	-7.881	-23.158	-0.013
28.5	-7.886	-26.125	-0.021
28.51	-7.892	-28.633	-0.028
28.52	-7.894	-30.361	-0.021
28.53	-7.895	-31.864	0.038
28.54	-7.899	-27.217	0.221
28.55	-7.905	-14.756	0.440
28.56	-7.914	-8.806	0.484
28.57	-7.924	-9.309	0.270
28.58	-7.936	-4.622	-0.023
28.59	-7.946	3.666	-0.127
28.6	-7.949	5.992	-0.092
28.61	-7.946	-1.870	-0.055
28.62	-7.939	-14.330	-0.033
28.63	-7.935	-18.839	-0.023
28.64	-7.933	-9.144	-0.015
28.65	-7.932	4.481	-0.009
28.66	-7.931	16.814	0.030
28.67	-7.931	28.127	0.064
28.68	-7.933	37.850	0.075
28.69	-7.938	45.981	0.064
28.7	-7.944	50.163	0.040
28.71	-7.951	51.095	0.060
28.72	-7.958	51.134	0.117
28.73	-7.969	51.123	0.154
28.74	-7.984	50.702	0.154
28.75	-7.997	45.133	0.180
28.76	-8.008	26.378	0.210
28.77	-8.016	-1.353	0.205
28.78	-8.019	-23.719	0.208
28.79	-8.021	-35.438	0.221
28.8	-8.024	-39.709	0.229
28.81	-8.029	-41.239	0.217
28.82	-8.036	-42.580	0.164
28.83	-8.043	-41.842	0.112
28.84	-8.047	-36.642	0.092
28.85	-8.047	-28.823	0.063
28.86	-8.044	-23.538	0.016
28.87	-8.039	-22.292	-0.005
28.88	-8.033	-22.306	0.000
28.89	-8.026	-22.017	-0.043
28.9	-8.019	-22.611	-0.090
28.91	-8.013	-23.642	-0.045
28.92	-8.007	-20.727	-0.018
28.93	-8.001	-12.067	-0.030
28.94	-7.998	-1.114	-0.022
28.95	-7.996	9.997	-0.023
28.96	-7.999	22.405	-0.043
28.97	-8.004	32.717	-0.090
28.98	-8.012	35.078	-0.139
28.99	-8.021	31.400	-0.153
29.0	-8.031	25.950	-0.126
29.01	-8.042	18.766	-0.114
29.02	-8.054	10.005	-0.151
29.03	-8.066	0.423	-0.209
29.04	-8.078	-8.359	-0.235
29.05	-8.090	-13.100	-0.202
29.06	-8.101	-14.378	-0.184
29.07	-8.111	-15.125	-0.201
29.08	-8.119	-15.636	-0.176
29.09	-8.127	-15.688	-0.148
29.1	-8.134	-15.163	-0.174
29.11	-8.141	-13.603	-0.167
29.12	-8.148	-11.814	-0.152
29.13	-8.154	-12.623	-0.185
29.14	-8.159	-18.059	-0.208
29.15	-8.164	-26.977	-0.225
29.16	-8.168	-37.509	-0.186
29.17	-8.172	-46.430	-0.118
29.18	-8.176	-50.489	-0.116
29.19	-8.178	-51.128	-0.090
29.2	-8.178	-51.139	0.009
29.21	-8.176	-51.141	0.038
29.22	-8.175	-51.141	0.002
29.23	-8.172	-51.131	-0.023
29.24	-8.169	-50.952	-0.048
29.25	-8.164	-47.770	-0.050
29.26	-8.156	-36.905	-0.049
29.27	-8.149	-22.936	-0.047
29.28	-8.146	-17.831	-0.072
29.29	-8.143	-23.859	-0.112
29.3	-8.137	-30.956	-0.114
29.31	-8.132	-30.311	-0.063
29.32	-8.127	-22.348	0.138
29.33	-8.123	-11.938	0.414
29.34	-8.119	-3.427	0.472
29.35	-8.116	0.897	0.157
29.36	-8.111	0.731	-0.154
29.37	-8.103	-5.052	-0.166
29.38	-8.091	-15.209	-0.127
29.39	-8.079	-22.572	-0.134
29.4	-8.068	-25.208	-0.119
29.41	-8.059	-29.511	-0.043
29.42	-8.051	-38.984	-0.003
29.43	-8.043	-47.831	-0.096
29.44	-8.035	-50.889	-0.118
29.45	-8.027	-49.623	-0.046
29.46	-8.021	-39.192	-0.056
29.47	-8.015	-15.147	-0.085
29.48	-8.010	11.889	-0.053
29.49	-8.007	29.833	-0.044
29.5	-8.004	34.144	-0.070
29.51	-8.002	28.123	-0.023
29.52	-8.001	22.623	0.087
29.53	-7.999	18.389	0.152
29.54	-8.000	10.497	0.152
29.55	-8.001	2.311	0.125
29.56	-8.000	-2.300	0.092
29.57	-7.999	-3.875	0.066
29.58	-8.000	-5.080	0.053
29.59	-8.003	-7.016	0.048
29.6	-8.010	-8.936	0.073
29.61	-8.021	-10.269	0.111
29.62	-8.034	-10.680	0.082
29.63	-8.046	-10.166	0.009
29.64	-8.058	-9.134	-0.043
29.65	-8.069	-8.195	-0.022
29.66	-8.081	-7.823	0.012
29.67	-8.091	-7.859	0.020
29.68	-8.101	-8.069	0.049
29.69	-8.112	-6.559	0.044
29.7	-8.123	-3.336	0.011
29.71	-8.133	-2.563	-0.025
29.72	-8.143	-2.400	-0.038
29.73	-8.151	0.069	-0.006
29.74	-8.161	1.641	-0.015
29.75	-8.170	1.311	-0.021
29.76	-8.179	-0.016	-0.007
29.77	-8.188	-2.628	-0.011
29.78	-8.194	-5.195	-0.006
29.79	-8.199	2.250	-0.066
29.8	-8.201	25.238	-0.123
29.81	-8.203	41.973	-0.121
29.82	-8.204	36.791	-0.121
29.83	-8.205	19.750	-0.112
29.84	-8.207	4.619	-0.083
29.85	-8.209	1.302	-0.064
29.86	-8.212	5.452	-0.072
29.87	-8.213	4.767	-0.099
29.88	-8.214	-3.734	-0.151
29.89	-8.215	-13.389	-0.168
29.9	-8.216	-16.080	-0.156
29.91	-8.218	-11.280	-0.154
29.92	-8.219	-4.520	-0.119
29.93	-8.222	0.367	-0.096
29.94	-8.226	2.075	-0.145
29.95	-8.231	0.711	-0.153
29.96	-8.234	-3.222	-0.048
29.97	-8.237	-9.041	0.075
29.98	-8.241	-15.766	0.132
29.99	-8.245	-21.514	0.134
30.0	-8.248	-24.867	0.122
30.01	-8.250	-25.359	0.113
30.02	-8.251	-22.798	0.106
30.03	-8.252	-18.206	0.101
30.04	-8.256	-13.700	0.077
30.05	-8.259	-10.005	0.050
30.06	-8.261	-6.469	0.063
30.07	-8.266	-4.220	0.152
30.08	-8.273	-4.531	0.339
30.09	-8.277	-6.653	0.492
30.1	-8.283	-8.755	0.460
30.11	-8.285	-8.692	0.146
30.12	-8.286	-6.241	-0.177
30.13	-8.284	-3.097	-0.207
30.14	-8.278	-0.978	-0.165
30.15	-8.273	-1.108	-0.160
30.16	-8.268	-3.214	-0.159
30.17	-8.266	-5.630	-0.160
30.18	-8.262	-7.406	-0.137
30.19	-8.256	-8.583	-0.136
30.2	-8.248	-8.848	-0.170
30.21	-8.240	-7.091	-0.172
30.22	-8.234	-2.434	-0.147
30.23	-8.229	5.352	-0.180
30.24	-8.226	14.953	-0.194
30.25	-8.223	22.580	-0.174
30.26	-8.221	25.092	-0.165
30.27	-8.221	22.625	-0.124
30.28	-8.222	17.367	-0.091
30.29	-8.224	11.063	-0.087
30.3	-8.227	3.900	-0.079
30.31	-8.229	-3.275	-0.127
30.32	-8.229	-9.061	-0.159
30.33	-8.229	-13.609	-0.125
30.34	-8.231	-17.092	-0.153
30.35	-8.232	-18.777	-0.190
30.36	-8.232	-18.402	-0.233
30.37	-8.232	-16.511	-0.339
30.38	-8.230	-13.783	-0.394
30.39	-8.227	-11.125	-0.377
30.4	-8.224	-9.831	-0.391
30.41	-8.221	-10.403	-0.443
30.42	-8.217	-11.802	-0.472
30.43	-8.215	-13.052	-0.475
30.44	-8.214	-14.788	-0.482
30.45	-8.213	-16.320	-0.514
30.46	-8.213	-14.834	-0.528
30.47	-8.211	-9.992	-0.562
30.48	-8.210	-4.195	-0.592
30.49	-8.208	0.344	-0.561
30.5	-8.206	2.239	-0.583
30.51	-8.203	1.228	-0.624
30.52	-8.203	-1.553	-0.656
30.53	-8.203	-4.594	-0.716
30.54	-8.203	-6.634	-0.705
30.55	-8.203	-6.672	-0.674
30.56	-8.203	-4.911	-0.711
30.57	-8.201	-2.777	-0.752
30.58	-8.201	-1.845	-0.753
30.59	-8.200	-3.341	-0.744
30.6	-8.200	-6.983	-0.802
30.61	-8.199	-11.006	-0.855
30.62	-8.199	-14.289	-0.811
30.63	-8.198	-16.819	-0.781
30.64	-8.197	-18.492	-0.795
30.65	-8.196	-19.078	-0.837
30.66	-8.194	-18.163	-0.883
30.67	-8.193	-15.448	-0.876
30.68	-8.193	-11.934	-0.861
30.69	-8.193	-9.588	-0.824
30.7	-8.193	-9.481	-0.755
30.71	-8.193	-11.105	-0.726
30.72	-8.193	-13.125	-0.730
30.73	-8.192	-14.647	-0.753
30.74	-8.191	-15.538	-0.782
30.75	-8.189	-15.378	-0.814
30.76	-8.188	-13.908	-0.822
30.77	-8.184	-11.827	-0.838
30.78	-8.183	-9.580	-0.862
30.79	-8.184	-7.048	-0.863
30.8	-8.186	-5.114	-0.876
30.81	-8.185	-5.766	-0.870
30.82	-8.187	-9.248	-0.781
30.83	-8.192	-13.548	-0.548
30.84	-8.197	-17.245	-0.318
30.85	-8.205	-19.655	-0.366
30.86	-8.213	-19.433	-0.683
30.87	-8.221	-16.356	-0.924
30.88	-8.224	-13.138	-0.896
30.89	-8.219	-12.080	-0.843
30.9	-8.212	-11.980	-0.868
30.91	-8.203	-10.923	-0.820
30.92	-8.194	-9.034	-0.766
30.93	-8.184	-7.275	-0.798
30.94	-8.175	-6.189	-0.808
30.95	-8.167	-5.491	-0.796
30.96	-8.160	-3.550	-0.772
30.97	-8.155	1.525	-0.698
30.98	-8.152	9.517	-0.678
30.99	-8.149	17.873	-0.684
31.0	-8.147	23.641	-0.648
31.01	-8.145	25.239	-0.631
31.02	-8.145	23.058	-0.615
31.03	-8.145	18.316	-0.548
31.04	-8.144	12.263	-0.489
31.05	-8.144	6.244	-0.496
31.06	-8.143	0.902	-0.502
31.07	-8.141	-4.292	-0.467
31.08	-8.139	-9.597	-0.438
31.09	-8.137	-14.053	-0.457
31.1	-8.136	-16.786	-0.514
31.11	-8.134	-18.052	-0.560
31.12	-8.131	-18.434	-0.573
31.13	-8.130	-18.280	-0.584
31.14	-8.130	-17.784	-0.606
31.15	-8.131	-16.719	-0.580
31.16	-8.133	-15.198	-0.578
31.17	-8.133	-14.423	-0.635
31.18	-8.133	-14.950	-0.614
31.19	-8.133	-15.802	-0.578
31.2	-8.133	-15.972	-0.583
31.21	-8.133	-14.545	-0.568
31.22	-8.132	-11.067	-0.577
31.23	-8.131	-6.736	-0.587
31.24	-8.130	-2.902	-0.566
31.25	-8.130	0.008	-0.586
31.26	-8.131	1.494	-0.610
31.27	-8.133	1.194	-0.609
31.28	-8.134	-0.138	-0.620
31.29	-8.136	-1.267	-0.592
31.3	-8.139	-2.286	-0.549
31.31	-8.143	-3.805	-0.564
31.32	-8.148	-4.991	-0.607
31.33	-8.154	-4.848	-0.603
31.34	-8.158	-4.125	-0.577
31.35	-8.161	-4.373	-0.566
31.36	-8.162	-6.389	-0.549
31.37	-8.165	-9.598	-0.557
31.38	-8.168	-12.353	-0.575
31.39	-8.171	-13.795	-0.551
31.4	-8.177	-14.375	-0.542
31.41	-8.184	-14.511	-0.555
31.42	-8.193	-14.619	-0.528
31.43	-8.203	-14.606	-0.510
31.44	-8.214	-13.711	-0.512
31.45	-8.227	-12.580	-0.500
31.46	-8.241	-12.669	-0.471
31.47	-8.257	-14.186	-0.436
31.48	-8.274	-16.077	-0.438
31.49	-8.291	-16.870	-0.498
31.5	-8.308	-15.828	-0.516
31.51	-8.326	-13.609	-0.496
31.52	-8.344	-11.869	-0.526
31.53	-8.363	-11.756	-0.558
31.54	-8.383	-12.498	-0.567
31.55	-8.403	-12.563	-0.548
31.56	-8.420	-11.548	-0.511
31.57	-8.436	-9.975	-0.447
31.58	-8.453	-8.563	-0.265
31.59	-8.470	-7.864	-0.022
31.6	-8.485	-8.125	0.016
31.61	-8.500	-8.944	-0.287
31.62	-8.515	-9.250	-0.589
31.63	-8.529	-8.314	-0.619
31.64	-8.540	-6.567	-0.567
31.65	-8.551	-5.372	-0.528
31.66	-8.561	-5.623	-0.515
31.67	-8.571	-7.203	-0.529
31.68	-8.579	-9.531	-0.508
31.69	-8.589	-11.914	-0.470
31.7	-8.599	-13.314	-0.463
31.71	-8.609	-11.972	-0.509
31.72	-8.618	-6.439	-0.528
31.73	-8.629	2.591	-0.468
31.74	-8.643	12.372	-0.425
31.75	-8.655	20.102	-0.436
31.76	-8.668	24.148	-0.457
31.77	-8.681	24.116	-0.460
31.78	-8.694	20.334	-0.450
31.79	-8.707	13.569	-0.424
31.8	-8.719	5.233	-0.400
31.81	-8.731	-2.845	-0.396
31.82	-8.742	-9.230	-0.380
31.83	-8.752	-13.341	-0.379
31.84	-8.764	-15.363	-0.419
31.85	-8.776	-16.913	-0.479
31.86	-8.786	-19.275	-0.555
31.87	-8.797	-20.667	-0.630
31.88	-8.808	-19.213	-0.633
31.89	-8.819	-16.334	-0.619
31.9	-8.830	-14.484	-0.674
31.91	-8.840	-14.316	-0.715
31.92	-8.851	-15.134	-0.697
31.93	-8.863	-15.780	-0.695
31.94	-8.876	-15.444	-0.745
31.95	-8.887	-14.036	-0.779
31.96	-8.898	-11.848	-0.748
31.97	-8.908	-9.502	-0.753
31.98	-8.918	-7.656	-0.788
31.99	-8.928	-6.928	-0.783
32.0	-8.939	-7.189	-0.790
32.01	-8.949	-7.184	-0.772
32.02	-8.959	-6.413	-0.767
32.03	-8.969	-5.436	-0.816
32.04	-8.978	-4.473	-0.831
32.05	-8.987	-4.158	-0.793
32.06	-8.997	-4.963	-0.770
32.07	-9.007	-5.859	-0.807
32.08	-9.015	-5.695	-0.849
32.09	-9.024	-4.477	-0.836
32.1	-9.032	-3.273	-0.806
32.11	-9.038	-3.620	-0.783
32.12	-9.043	-6.127	-0.730
32.13	-9.048	-9.683	-0.700
32.14	-9.054	-12.631	-0.711
32.15	-9.058	-14.605	-0.714
32.16	-9.062	-16.575	-0.731
32.17	-9.066	-19.014	-0.718
32.18	-9.070	-20.872	-0.674
32.19	-9.076	-19.995	-0.662
32.2	-9.084	-16.059	-0.645
32.21	-9.091	-11.684	-0.612
32.22	-9.096	-9.138	-0.634
32.23	-9.100	-9.319	-0.709
32.24	-9.104	-12.331	-0.673
32.25	-9.108	-16.648	-0.580
32.26	-9.114	-19.669	-0.575
32.27	-9.121	-19.694	-0.606
32.28	-9.123	-16.766	-0.642
32.29	-9.123	-12.744	-0.617
32.3	-9.126	-10.070	-0.420
32.31	-9.132	-10.088	-0.122
32.32	-9.136	-12.408	0.038
32.33	-9.136	-14.861	-0.157
32.34	-9.133	-16.180	-0.543
32.35	-9.126	-17.664	-0.705
32.36	-9.109	-19.359	-0.650
32.37	-9.086	-19.631	-0.600
32.38	-9.061	-17.889	-0.576
32.39	-9.036	-15.089	-0.545
32.4	-9.011	-14.600	-0.530
32.41	-8.986	-18.331	-0.520
32.42	-8.959	-20.892	-0.490
32.43	-8.934	-15.969	-0.473
32.44	-8.911	-5.905	-0.472
32.45	-8.889	0.363	-0.449
32.46	-8.869	0.080	-0.355
32.47	-8.851	0.488	-0.297
32.48	-8.833	5.416	-0.302
32.49	-8.817	12.230	-0.290
32.5	-8.801	19.645	-0.256
32.51	-8.784	24.027	-0.206
32.52	-8.767	19.797	-0.167
32.53	-8.749	12.511	-0.102
32.54	-8.730	12.461	-0.059
32.55	-8.712	19.494	-0.091
32.56	-8.695	29.192	-0.098
32.57	-8.681	35.305	-0.077
32.58	-8.667	26.836	-0.058
32.59	-8.654	9.455	-0.026
32.6	-8.644	7.002	-0.039
32.61	-8.636	21.319	-0.071
32.62	-8.629	28.945	-0.044
32.63	-8.621	17.481	0.011
32.64	-8.609	-4.194	0.020
32.65	-8.595	-19.763	0.037
32.66	-8.579	-23.719	0.092
32.67	-8.563	-24.347	0.093
32.68	-8.545	-26.138	0.080
32.69	-8.527	-26.866	0.070
32.7	-8.510	-25.848	0.048
32.71	-8.491	-24.933	0.079
32.72	-8.470	-26.358	0.190
32.73	-8.448	-30.167	0.289
32.74	-8.426	-34.030	0.344
32.75	-8.406	-33.373	0.406
32.76	-8.387	-26.241	0.463
32.77	-8.370	-16.948	0.536
32.78	-8.354	-8.505	0.595
32.79	-8.341	1.158	0.592
32.8	-8.329	11.345	0.600
32.81	-8.318	17.480	0.612
32.82	-8.306	20.581	0.624
32.83	-8.296	22.350	0.675
32.84	-8.286	20.942	0.730
32.85	-8.276	19.486	0.848
32.86	-8.265	21.183	1.049
32.87	-8.254	22.708	1.290
32.88	-8.244	19.806	1.553
32.89	-8.234	14.248	1.798
32.9	-8.224	7.950	1.984
32.91	-8.214	-3.070	2.047
32.92	-8.204	-15.005	2.032
32.93	-8.194	-19.767	1.968
32.94	-8.184	-19.625	1.877
32.95	-8.174	-20.539	1.848
32.96	-8.166	-24.153	1.839
32.97	-8.161	-26.459	1.815
32.98	-8.155	-23.177	1.815
32.99	-8.146	-14.680	1.824
33.0	-8.137	-6.641	1.848
33.01	-8.131	-5.453	1.946
33.02	-8.124	-10.297	2.031
33.03	-8.117	-17.972	NaN
33.04	-8.110	-26.430	1.964
33.05	-8.102	-31.519	1.820
33.06	-8.092	-32.220	1.852
33.07	-8.082	-30.825	1.984
33.08	-8.073	-27.059	2.039
33.09	-8.064	-20.978	NaN
33.1	-8.055	-16.656	2.047
33.11	-8.046	-17.563	2.047
33.12	-8.036	-24.520	2.047
33.13	-8.026	-36.395	2.047
33.14	-8.016	-46.114	2.044
33.15	-8.005	-44.073	2.040
33.16	-7.995	-26.775	2.037
33.17	-7.986	-0.084	2.023
33.18	-7.978	25.305	2.001
33.19	-7.970	42.314	1.992
33.2	-7.963	49.639	1.997
33.21	-7.958	51.083	1.999
33.22	-7.953	51.136	1.975
33.23	-7.948	51.134	1.953
33.24	-7.944	50.808	1.947
33.25	-7.942	47.709	1.923
33.26	-7.941	37.934	1.900
33.27	-7.942	21.825	1.916
33.28	-7.944	4.303	1.951
33.29	-7.945	-10.077	1.945
33.3	-7.945	-20.280	1.904
33.31	-7.946	-29.716	1.869
33.32	-7.945	-40.130	1.849
33.33	-7.943	-47.850	1.827
33.34	-7.939	-50.745	1.794
33.35	-7.934	-51.133	1.760
33.36	-7.929	-51.136	1.724
33.37	-7.924	-51.045	1.705
33.38	-7.920	-50.117	1.690
33.39	-7.917	-46.892	1.612
33.4	-7.915	-39.517	1.502
33.41	-7.914	-27.795	1.427
33.42	-7.913	-16.373	1.376
33.43	-7.911	-8.994	1.335
33.44	-7.909	-3.436	1.301
33.45	-7.907	1.589	1.263
33.46	-7.906	3.573	1.225
33.47	-7.907	0.411	1.194
33.48	-7.911	-5.991	1.174
33.49	-7.915	-12.013	1.156
33.5	-7.918	-17.414	1.131
33.51	-7.921	-20.183	1.112
33.52	-7.920	-15.617	1.089
33.53	-7.918	-6.338	1.059
33.54	-7.918	-0.684	1.041
33.55	-7.919	-2.714	1.032
33.56	-7.919	-9.780	1.021
33.57	-7.919	-16.164	1.010
33.58	-7.918	-18.409	1.006
33.59	-7.918	-17.017	1.024
33.6	-7.919	-13.267	1.041
33.61	-7.919	-7.966	1.019
33.62	-7.920	-1.772	0.982
33.63	-7.921	3.331	0.939
33.64	-7.923	4.506	0.900
33.65	-7.923	0.995	0.882
33.66	-7.925	-5.817	0.869
33.67	-7.929	-10.284	0.860
33.68	-7.932	-7.577	0.868
33.69	-7.933	-2.498	0.882
33.7	-7.936	-0.614	0.947
33.71	-7.940	-1.591	1.147
33.72	-7.946	-4.336	1.349
33.73	-7.955	-7.789	1.324
33.74	-7.966	-10.695	1.013
33.75	-7.978	-12.205	0.715
33.76	-7.988	-13.444	0.695
33.77	-7.994	-16.839	0.748
33.78	-8.001	-19.825	0.722
33.79	-8.007	-15.481	0.668
33.8	-8.015	-3.681	0.629
33.81	-8.024	6.150	0.623
33.82	-8.031	6.477	0.627
33.83	-8.037	-1.523	0.630
33.84	-8.043	-10.580	0.649
33.85	-8.049	-10.994	0.663
33.86	-8.059	1.336	0.677
33.87	-8.071	16.247	0.719
33.88	-8.085	22.034	0.768
33.89	-8.101	19.514	0.787
33.9	-8.118	13.948	0.791
33.91	-8.136	9.864	0.804
33.92	-8.153	9.950	0.804
33.93	-8.170	12.747	0.794
33.94	-8.186	12.081	0.800
33.95	-8.202	3.191	0.799
33.96	-8.217	-8.467	0.766
33.97	-8.232	-15.791	0.687
33.98	-8.246	-17.733	0.606
33.99	-8.261	-16.011	0.546
34.0	-8.277	-13.930	0.505
34.01	-8.292	-13.219	0.477
34.02	-8.306	-11.716	0.443
34.03	-8.320	-7.692	0.408
34.04	-8.333	-5.011	0.390
34.05	-8.347	-7.614	0.382
34.06	-8.362	-11.428	0.369
34.07	-8.377	-10.845	0.354
34.08	-8.392	-5.316	0.336
34.09	-8.408	9.048	0.326
34.1	-8.424	31.417	0.324
34.11	-8.440	47.005	0.318
34.12	-8.456	50.039	0.314
34.13	-8.471	42.808	0.314
34.14	-8.485	24.698	0.308
34.15	-8.500	2.836	0.300
34.16	-8.514	-15.508	0.288
34.17	-8.528	-28.398	0.263
34.18	-8.542	-35.038	0.243
34.19	-8.555	-37.587	0.242
34.2	-8.568	-37.333	0.259
34.21	-8.580	-35.058	0.264
34.22	-8.591	-31.216	0.237
34.23	-8.603	-25.583	0.234
34.24	-8.614	-21.881	0.248
34.25	-8.624	-24.084	0.229
34.26	-8.634	-31.002	0.209
34.27	-8.644	-37.022	0.199
34.28	-8.654	-37.894	0.188
34.29	-8.664	-35.692	0.161
34.3	-8.672	-33.983	0.103
34.31	-8.680	-29.661	0.032
34.32	-8.688	-20.642	-0.032
34.33	-8.694	-11.839	-0.071
34.34	-8.702	-5.161	-0.084
34.35	-8.711	-0.628	-0.093
34.36	-8.721	2.577	-0.103
34.37	-8.726	6.864	-0.101
34.38	-8.728	11.983	-0.031
34.39	-8.732	17.402	0.183
34.4	-8.738	20.352	0.433
34.41	-8.743	17.153	0.473
34.42	-8.746	12.223	0.204
34.43	-8.749	15.748	-0.100
34.44	-8.751	25.508	-0.145
34.45	-8.750	30.673	-0.063
34.46	-8.744	25.531	-0.027
34.47	-8.739	10.002	-0.015
34.48	-8.734	-7.908	0.005
34.49	-8.729	-21.500	0.026
34.5	-8.722	-29.748	0.043
34.51	-8.711	-33.409	0.058
34.52	-8.698	-34.048	0.077
34.53	-8.686	-33.328	0.093
34.54	-8.676	-34.853	0.108
34.55	-8.671	-40.369	0.128
34.56	-8.671	-46.722	0.153
34.57	-8.672	-49.856	0.170
34.58	-8.675	-41.945	0.191
34.59	-8.679	-14.395	0.225
34.6	-8.686	13.681	0.259
34.61	-8.692	17.844	0.285
34.62	-8.696	5.247	0.284
34.63	-8.700	-1.561	0.275
34.64	-8.703	7.158	0.282
34.65	-8.704	17.345	0.279
34.66	-8.703	19.819	0.261
34.67	-8.699	16.858	0.223
34.68	-8.694	5.158	0.176
34.69	-8.687	-15.605	0.152
34.7	-8.679	-34.641	0.145
34.71	-8.671	-45.188	0.136
34.72	-8.662	-49.769	0.126
34.73	-8.652	-51.053	0.132
34.74	-8.643	-51.133	0.132
34.75	-8.634	-51.122	0.134
34.76	-8.625	-50.261	0.139
34.77	-8.616	-45.131	0.132
34.78	-8.607	-38.363	0.125
34.79	-8.599	-33.734	0.123
34.8	-8.593	-25.819	0.135
34.81	-8.589	-14.767	0.128
34.82	-8.588	-5.411	0.115
34.83	-8.587	1.359	0.118
34.84	-8.587	3.750	0.123
34.85	-8.586	0.300	0.128
34.86	-8.584	-6.230	0.125
34.87	-8.581	-13.053	0.122
34.88	-8.576	-20.703	0.117
34.89	-8.571	-28.353	0.110
34.9	-8.564	-32.613	0.118
34.91	-8.558	-35.888	0.141
34.92	-8.552	-42.903	0.151
34.93	-8.546	-48.525	0.146
34.94	-8.540	-49.561	0.151
