Interval=	0.01 s
ExcelDateTime=	3.9770423547275837e+004	18/11/2008 10:09:54.484632
TimeFormat=	StartOfBlock
ChannelTitle=	Channel 1	Channel 2	Channel 3
Range=	20.000 mV	50.000 mV	2.000 mV
0.0	-8.899	-8.483	-0.001
0.01	-8.905	-8.639	-0.009
0.02	-8.911	-9.380	-0.011
0.03	-8.916	-10.078	0.006
0.04	-8.922	-10.578	0.027
0.05	-8.929	-11.009	0.037
0.06	-8.934	-11.283	0.033
0.07	-8.940	-11.447	0.013
0.08	-8.944	-11.675	-0.019
0.09	-8.949	-11.903	-0.043
0.1	-8.954	-12.036	-0.052
0.11	-8.961	-12.288	-0.055
0.12	-8.967	-12.709	-0.057
0.13	-8.973	-12.848	-0.053
0.14	-8.976	-12.877	-0.042
0.15	-8.980	-12.981	0.053
0.16	-8.986	-12.852	0.267
0.17	-8.992	-12.903	0.431
0.18	-8.997	-13.378	0.371
0.19	-9.002	-13.797	0.089
0.2	-9.007	-14.061	-0.137
0.21	-9.007	-14.311	-0.135
0.22	-9.004	-14.416	-0.082
0.23	-9.003	-14.422	-0.066
0.24	-9.004	-14.572	-0.060
0.25	-9.007	-14.753	-0.053
0.26	-9.009	-14.567	-0.043
0.27	-9.009	-13.278	-0.036
0.28	-9.009	-9.195	-0.029
0.29	-9.008	-0.198	-0.025
0.3	-9.008	13.986	-0.020
0.31	-9.007	30.441	-0.006
0.32	-9.006	43.678	0.009
0.33	-9.004	49.864	0.022
0.34	-9.004	50.934	0.037
0.35	-9.003	49.064	0.054
0.36	-9.002	42.563	0.076
0.37	-8.999	31.475	0.096
0.38	-8.994	18.509	0.110
0.39	-8.984	5.594	0.117
0.4	-8.971	-6.189	0.116
0.41	-8.953	-16.103	0.107
0.42	-8.933	-23.819	0.088
0.43	-8.914	-29.334	0.060
0.44	-8.898	-32.731	0.026
0.45	-8.881	-34.117	-0.009
0.46	-8.863	-33.702	-0.037
0.47	-8.841	-31.833	-0.060
0.48	-8.819	-28.950	-0.077
0.49	-8.799	-25.639	-0.085
0.5	-8.780	-22.598	-0.089
0.51	-8.760	-20.417	-0.091
0.52	-8.741	-19.202	-0.088
0.53	-8.724	-18.419	-0.084
0.54	-8.708	-17.239	-0.080
0.55	-8.694	-15.078	-0.074
0.56	-8.682	-11.981	-0.068
0.57	-8.671	-8.555	-0.061
0.58	-8.661	-5.409	-0.052
0.59	-8.652	-2.809	-0.047
0.6	-8.644	-0.827	-0.046
0.61	-8.636	0.492	-0.043
0.62	-8.631	1.030	-0.039
0.63	-8.625	0.611	-0.040
0.64	-8.620	-0.763	-0.043
0.65	-8.615	-2.825	-0.042
0.66	-8.611	-5.250	-0.043
0.67	-8.606	-7.823	-0.045
0.68	-8.603	-10.456	-0.047
0.69	-8.598	-13.042	-0.049
0.7	-8.595	-15.430	-0.049
0.71	-8.591	-17.483	-0.048
0.72	-8.589	-19.050	-0.047
0.73	-8.587	-20.016	-0.047
0.74	-8.584	-20.413	-0.046
0.75	-8.582	-20.388	-0.042
0.76	-8.579	-20.109	-0.038
0.77	-8.577	-19.741	-0.036
0.78	-8.574	-19.369	-0.036
0.79	-8.572	-18.966	-0.037
0.8	-8.569	-18.444	-0.036
0.81	-8.565	-17.717	-0.036
0.82	-8.562	-16.798	-0.036
0.83	-8.559	-15.795	-0.034
0.84	-8.556	-14.750	-0.033
0.85	-8.554	-13.644	-0.033
0.86	-8.551	-12.500	-0.033
0.87	-8.548	-11.363	-0.035
0.88	-8.545	-10.345	-0.033
0.89	-8.541	-9.616	-0.029
0.9	-8.537	-9.233	-0.029
0.91	-8.534	-9.136	-0.031
0.92	-8.530	-9.222	-0.032
0.93	-8.526	-9.361	-0.029
0.94	-8.523	-9.431	-0.023
0.95	-8.518	-9.422	-0.015
0.96	-8.514	-9.392	0.002
0.97	-8.510	-9.400	0.026
0.98	-8.505	-9.556	0.042
0.99	-8.500	-9.928	0.044
1.0	-8.495	-10.467	0.035
1.01	-8.489	-11.073	0.012
1.02	-8.483	-11.645	-0.019
1.03	-8.476	-12.067	-0.042
1.04	-8.469	-12.289	-0.049
1.05	-8.464	-12.419	-0.050
1.06	-8.457	-12.597	-0.052
1.07	-8.447	-12.836	-0.048
1.08	-8.439	-13.048	-0.021
1.09	-8.432	-13.125	0.120
1.1	-8.427	-13.080	0.337
1.11	-8.422	-13.036	0.432
1.12	-8.417	-13.066	0.283
1.13	-8.411	-13.194	-0.007
1.14	-8.404	-13.373	-0.142
1.15	-8.394	-13.520	-0.105
1.16	-8.384	-13.577	-0.070
1.17	-8.373	-13.536	-0.060
1.18	-8.362	-13.442	-0.053
1.19	-8.352	-13.280	-0.047
1.2	-8.342	-12.716	-0.042
1.21	-8.332	-10.605	-0.035
1.22	-8.323	-4.745	-0.025
1.23	-8.314	6.584	-0.016
1.24	-8.305	22.308	-0.006
1.25	-8.297	37.922	0.009
1.26	-8.290	47.742	0.022
1.27	-8.284	50.825	0.038
1.28	-8.278	50.563	0.055
1.29	-8.272	47.005	0.073
1.3	-8.266	38.477	0.091
1.31	-8.261	26.645	0.108
1.32	-8.255	13.948	0.123
1.33	-8.249	1.541	0.131
1.34	-8.244	-9.733	0.127
1.35	-8.239	-19.167	0.112
1.36	-8.234	-26.314	0.085
1.37	-8.230	-31.019	0.053
1.38	-8.226	-33.406	0.025
1.39	-8.222	-33.755	-0.007
1.4	-8.217	-32.414	-0.035
1.41	-8.211	-29.847	-0.053
1.42	-8.206	-26.613	-0.066
1.43	-8.203	-23.344	-0.075
1.44	-8.198	-20.648	-0.079
1.45	-8.193	-18.984	-0.077
1.46	-8.188	-18.308	-0.075
1.47	-8.182	-17.872	-0.073
1.48	-8.176	-16.792	-0.069
1.49	-8.171	-14.644	-0.066
1.5	-8.166	-11.606	-0.063
1.51	-8.162	-8.319	-0.058
1.52	-8.158	-5.344	-0.053
1.53	-8.155	-2.998	-0.046
1.54	-8.151	-1.330	-0.042
1.55	-8.149	-0.222	-0.038
1.56	-8.147	0.339	-0.034
1.57	-8.145	0.230	-0.033
1.58	-8.143	-0.663	-0.036
1.59	-8.141	-2.255	-0.039
1.6	-8.139	-4.398	-0.040
1.61	-8.137	-6.947	-0.040
1.62	-8.134	-9.702	-0.042
1.63	-8.133	-12.464	-0.043
1.64	-8.133	-14.975	-0.044
1.65	-8.132	-16.961	-0.046
1.66	-8.132	-18.319	-0.046
1.67	-8.131	-19.148	-0.045
1.68	-8.131	-19.522	-0.044
1.69	-8.131	-19.523	-0.044
1.7	-8.130	-19.384	-0.046
1.71	-8.129	-19.203	-0.043
1.72	-8.129	-18.978	-0.040
1.73	-8.128	-18.681	-0.039
1.74	-8.127	-18.170	-0.039
1.75	-8.126	-17.389	-0.040
1.76	-8.125	-16.387	-0.041
1.77	-8.124	-15.281	-0.042
1.78	-8.123	-14.244	-0.044
1.79	-8.121	-13.328	-0.051
1.8	-8.119	-12.483	-0.060
1.81	-8.118	-11.733	-0.064
1.82	-8.117	-11.088	-0.071
1.83	-8.116	-10.506	-0.082
1.84	-8.114	-10.023	-0.094
1.85	-8.113	-9.689	-0.105
1.86	-8.111	-9.466	-0.114
1.87	-8.109	-9.270	-0.117
1.88	-8.107	-9.031	-0.117
1.89	-8.105	-8.713	-0.116
1.9	-8.102	-8.398	-0.109
1.91	-8.099	-8.259	-0.100
1.92	-8.096	-8.455	-0.090
1.93	-8.093	-9.041	-0.076
1.94	-8.091	-9.898	-0.065
1.95	-8.089	-10.805	-0.060
1.96	-8.088	-11.598	-0.062
1.97	-8.088	-12.208	-0.073
1.98	-8.088	-12.527	-0.099
1.99	-8.087	-12.530	-0.125
2.0	-8.086	-12.391	-0.132
2.01	-8.087	-12.234	-0.131
2.02	-8.087	-12.159	-0.128
2.03	-8.084	-12.325	-0.119
2.04	-8.080	-12.708	-0.094
2.05	-8.078	-13.091	0.032
2.06	-8.078	-13.330	0.261
2.07	-8.079	-13.405	0.397
2.08	-8.080	-13.316	0.299
2.09	-8.080	-13.161	0.018
2.1	-8.078	-13.059	-0.160
2.11	-8.072	-12.997	-0.133
2.12	-8.067	-12.917	-0.082
2.13	-8.063	-12.841	-0.060
2.14	-8.059	-12.775	-0.045
2.15	-8.055	-12.630	-0.031
2.16	-8.051	-12.156	-0.018
2.17	-8.047	-10.397	-0.007
2.18	-8.043	-5.200	0.006
2.19	-8.041	5.483	0.018
2.2	-8.038	21.100	0.029
2.21	-8.036	37.228	0.040
2.22	-8.034	47.577	0.050
2.23	-8.033	50.827	0.061
2.24	-8.031	50.841	0.078
2.25	-8.031	48.244	0.098
2.26	-8.029	40.692	0.115
2.27	-8.029	29.050	0.131
2.28	-8.028	16.177	0.142
2.29	-8.028	3.642	0.144
2.3	-8.028	-7.698	0.138
2.31	-8.028	-17.152	0.126
2.32	-8.027	-24.353	0.110
2.33	-8.027	-29.273	0.086
2.34	-8.028	-32.075	0.059
2.35	-8.030	-32.961	0.029
2.36	-8.031	-32.100	-0.002
2.37	-8.029	-29.825	-0.023
2.38	-8.028	-26.581	-0.035
2.39	-8.028	-22.989	-0.044
2.4	-8.029	-19.867	-0.048
2.41	-8.031	-17.845	-0.048
2.42	-8.031	-16.969	-0.048
2.43	-8.033	-16.652	-0.047
2.44	-8.034	-16.027	-0.044
2.45	-8.036	-14.456	-0.043
2.46	-8.037	-11.881	-0.043
2.47	-8.039	-8.756	-0.046
2.48	-8.041	-5.670	-0.046
2.49	-8.044	-3.078	-0.042
2.5	-8.046	-1.186	-0.038
2.51	-8.049	0.017	-0.035
2.52	-8.054	0.514	-0.034
2.53	-8.059	0.317	-0.036
2.54	-8.066	-0.409	-0.041
2.55	-8.073	-1.652	-0.042
2.56	-8.082	-3.473	-0.039
2.57	-8.092	-5.792	-0.036
2.58	-8.103	-8.497	-0.036
2.59	-8.114	-11.361	-0.035
2.6	-8.126	-14.011	-0.035
2.61	-8.139	-16.189	-0.038
2.62	-8.152	-17.786	-0.040
2.63	-8.164	-18.786	-0.044
2.64	-8.178	-19.295	-0.046
2.65	-8.190	-19.453	-0.045
2.66	-8.203	-19.345	-0.042
2.67	-8.216	-19.041	-0.040
2.68	-8.229	-18.641	-0.038
2.69	-8.243	-18.233	-0.037
2.7	-8.256	-17.814	-0.037
2.71	-8.268	-17.308	-0.038
2.72	-8.280	-16.709	-0.040
2.73	-8.292	-16.066	-0.043
2.74	-8.304	-15.306	-0.043
2.75	-8.316	-14.328	-0.041
2.76	-8.327	-13.134	-0.037
2.77	-8.339	-11.864	-0.033
2.78	-8.350	-10.752	-0.031
2.79	-8.361	-9.966	-0.031
2.8	-8.373	-9.517	-0.032
2.81	-8.383	-9.341	-0.036
2.82	-8.393	-9.322	-0.040
2.83	-8.402	-9.283	-0.037
2.84	-8.413	-9.122	-0.030
2.85	-8.424	-8.909	-0.021
2.86	-8.434	-8.773	-0.013
2.87	-8.444	-8.794	0.003
2.88	-8.455	-9.011	0.026
2.89	-8.466	-9.372	0.040
2.9	-8.477	-9.836	0.043
2.91	-8.488	-10.428	0.039
2.92	-8.498	-11.095	0.020
2.93	-8.509	-11.750	-0.008
2.94	-8.519	-12.263	-0.031
2.95	-8.530	-12.517	-0.040
2.96	-8.541	-12.655	-0.042
2.97	-8.553	-12.853	-0.043
2.98	-8.563	-13.100	-0.041
2.99	-8.573	-13.336	-0.013
3.0	-8.584	-13.528	0.135
3.01	-8.597	-13.700	0.360
3.02	-8.608	-13.834	0.449
3.03	-8.619	-13.928	0.286
3.04	-8.632	-14.069	-0.012
3.05	-8.643	-14.183	-0.144
3.06	-8.649	-14.134	-0.102
3.07	-8.654	-14.036	-0.067
3.08	-8.660	-14.047	-0.056
3.09	-8.668	-14.045	-0.052
3.1	-8.674	-13.980	-0.043
3.11	-8.681	-13.741	-0.036
3.12	-8.688	-12.228	-0.033
3.13	-8.694	-7.431	-0.025
3.14	-8.701	2.525	-0.016
3.15	-8.707	17.377	-0.006
3.16	-8.714	33.525	0.004
3.17	-8.721	45.406	0.014
3.18	-8.729	50.305	0.028
3.19	-8.738	50.470	0.047
3.2	-8.747	46.859	0.067
3.21	-8.756	38.430	0.086
3.22	-8.764	26.770	0.103
3.23	-8.772	14.191	0.116
3.24	-8.779	1.939	0.123
3.25	-8.786	-9.150	0.118
3.26	-8.793	-18.491	0.106
3.27	-8.800	-25.752	0.084
3.28	-8.809	-30.867	0.054
3.29	-8.819	-33.834	0.022
3.3	-8.831	-34.856	-0.010
3.31	-8.844	-34.406	-0.036
3.32	-8.857	-32.670	-0.055
3.33	-8.871	-29.842	-0.070
3.34	-8.886	-26.592	-0.076
3.35	-8.900	-23.442	-0.080
3.36	-8.915	-20.867	-0.086
3.37	-8.930	-19.131	-0.089
3.38	-8.944	-17.708	-0.085
3.39	-8.957	-15.933	-0.079
3.4	-8.971	-13.594	-0.075
3.41	-8.984	-10.828	-0.070
3.42	-8.997	-7.722	-0.064
3.43	-9.009	-4.592	-0.056
3.44	-9.020	-1.884	-0.054
3.45	-9.031	0.372	-0.057
3.46	-9.040	1.867	-0.056
3.47	-9.048	2.128	-0.053
3.48	-9.057	1.363	-0.051
3.49	-9.066	-0.028	-0.049
3.5	-9.074	-1.917	-0.047
3.51	-9.082	-4.139	-0.046
3.52	-9.088	-6.556	-0.046
3.53	-9.094	-9.241	-0.045
3.54	-9.101	-12.077	-0.043
3.55	-9.106	-14.708	-0.039
3.56	-9.109	-16.881	-0.037
3.57	-9.113	-18.506	-0.035
3.58	-9.117	-19.563	-0.033
3.59	-9.122	-20.119	-0.029
3.6	-9.124	-20.289	-0.028
3.61	-9.126	-20.163	-0.030
3.62	-9.127	-19.842	-0.031
3.63	-9.128	-19.389	-0.029
3.64	-9.128	-18.875	-0.028
3.65	-9.127	-18.409	-0.029
3.66	-9.127	-17.966	-0.027
3.67	-9.126	-17.430	-0.026
3.68	-9.124	-16.758	-0.027
3.69	-9.122	-15.934	-0.029
3.7	-9.118	-14.997	-0.031
3.71	-9.113	-14.013	-0.031
3.72	-9.106	-13.005	-0.034
3.73	-9.098	-12.048	-0.036
3.74	-9.089	-11.283	-0.030
3.75	-9.079	-10.750	-0.021
3.76	-9.067	-10.358	-0.013
3.77	-9.054	-10.030	-0.002
3.78	-9.040	-9.780	0.015
3.79	-9.026	-9.650	0.027
3.8	-9.011	-9.616	0.030
3.81	-8.994	-9.617	0.026
3.82	-8.977	-9.611	0.012
3.83	-8.958	-9.598	-0.011
3.84	-8.938	-9.686	-0.033
3.85	-8.919	-9.984	-0.044
3.86	-8.904	-10.433	-0.045
3.87	-8.889	-10.928	-0.045
3.88	-8.871	-11.438	-0.043
3.89	-8.853	-11.863	-0.014
3.9	-8.839	-12.128	0.122
3.91	-8.828	-12.300	0.310
3.92	-8.816	-12.433	0.367
3.93	-8.803	-12.567	0.223
3.94	-8.790	-12.813	-0.030
3.95	-8.774	-13.158	-0.149
3.96	-8.753	-13.505	-0.113
3.97	-8.732	-13.886	-0.077
3.98	-8.715	-14.316	-0.064
3.99	-8.699	-14.706	-0.059
4.0	-8.683	-14.948	-0.052
4.01	-8.668	-14.831	-0.044
4.02	-8.654	-13.567	-0.036
4.03	-8.641	-9.325	-0.028
4.04	-8.627	-0.175	-0.023
4.05	-8.615	13.670	-0.017
4.06	-8.604	29.114	-0.012
4.07	-8.594	41.836	-0.006
4.08	-8.585	48.759	0.009
4.09	-8.577	49.602	0.029
4.1	-8.569	45.297	0.052
4.11	-8.561	36.811	0.071
4.12	-8.554	25.773	0.089
4.13	-8.547	13.766	0.104
4.14	-8.541	1.952	0.109
4.15	-8.534	-8.719	0.105
4.16	-8.527	-17.572	0.096
4.17	-8.519	-24.328	0.075
4.18	-8.511	-29.016	0.045
4.19	-8.504	-31.791	0.011
4.2	-8.498	-32.819	-0.024
4.21	-8.490	-32.273	-0.050
4.22	-8.481	-30.386	-0.070
4.23	-8.474	-27.538	-0.084
4.24	-8.467	-24.338	-0.092
4.25	-8.460	-21.448	-0.097
4.26	-8.451	-19.406	-0.097
4.27	-8.441	-18.442	-0.093
4.28	-8.431	-18.137	-0.087
4.29	-8.421	-17.647	-0.083
4.3	-8.411	-16.325	-0.082
4.31	-8.401	-13.953	-0.076
4.32	-8.391	-10.819	-0.069
4.33	-8.381	-7.583	-0.064
4.34	-8.371	-4.761	-0.062
4.35	-8.362	-2.555	-0.063
4.36	-8.353	-1.002	-0.065
4.37	-8.344	-0.113	-0.065
4.38	-8.336	0.053	-0.065
4.39	-8.328	-0.539	-0.068
4.4	-8.320	-1.856	-0.072
4.41	-8.312	-3.769	-0.075
4.42	-8.304	-6.078	-0.077
4.43	-8.296	-8.559	-0.076
4.44	-8.289	-10.931	-0.073
4.45	-8.282	-12.961	-0.068
4.46	-8.274	-14.611	-0.063
4.47	-8.267	-15.959	-0.060
4.48	-8.259	-17.055	-0.058
4.49	-8.252	-17.906	-0.058
4.5	-8.245	-18.502	-0.061
4.51	-8.239	-18.817	-0.063
4.52	-8.234	-18.945	-0.067
4.53	-8.228	-18.941	-0.069
4.54	-8.222	-18.780	-0.069
4.55	-8.216	-18.512	-0.067
4.56	-8.210	-18.111	-0.068
4.57	-8.204	-17.563	-0.070
4.58	-8.198	-16.906	-0.069
4.59	-8.193	-16.067	-0.067
4.6	-8.188	-15.078	-0.067
4.61	-8.183	-14.008	-0.068
4.62	-8.177	-12.850	-0.067
4.63	-8.171	-11.713	-0.060
4.64	-8.166	-10.781	-0.051
4.65	-8.160	-10.134	-0.043
4.66	-8.154	-9.719	-0.030
4.67	-8.149	-9.419	-0.011
4.68	-8.144	-9.158	0.007
4.69	-8.139	-8.945	0.014
4.7	-8.133	-8.852	0.011
4.71	-8.127	-8.822	-0.001
4.72	-8.121	-8.747	-0.024
4.73	-8.116	-8.700	-0.052
4.74	-8.111	-8.786	-0.068
4.75	-8.107	-9.014	-0.073
4.76	-8.104	-9.366	-0.077
4.77	-8.101	-9.833	-0.077
4.78	-8.096	-10.411	-0.066
4.79	-8.092	-11.053	0.027
4.8	-8.090	-11.691	0.235
4.81	-8.088	-12.225	0.376
4.82	-8.083	-12.573	0.309
4.83	-8.079	-12.772	0.068
4.84	-8.075	-12.855	-0.129
4.85	-8.068	-12.994	-0.135
4.86	-8.060	-13.386	-0.092
4.87	-8.052	-13.789	-0.080
4.88	-8.045	-14.108	-0.079
4.89	-8.037	-14.372	-0.076
4.9	-8.030	-14.313	-0.065
4.91	-8.024	-13.278	-0.059
4.92	-8.019	-9.527	-0.053
4.93	-8.014	-0.991	-0.044
4.94	-8.010	12.361	-0.037
4.95	-8.006	27.700	-0.031
4.96	-8.002	40.831	-0.021
4.97	-7.999	48.425	-0.005
4.98	-7.997	49.928	0.010
4.99	-7.995	46.211	0.023
5.0	-7.994	38.173	0.040
5.01	-7.993	27.533	0.062
5.02	-7.993	16.022	0.077
5.03	-7.993	4.733	0.080
5.04	-7.993	-5.581	0.082
5.05	-7.993	-14.397	0.079
5.06	-7.993	-21.347	0.065
5.07	-7.993	-26.227	0.043
5.08	-7.996	-29.011	0.013
5.09	-7.998	-29.897	-0.021
5.1	-7.999	-29.222	-0.050
5.11	-7.999	-27.375	-0.070
5.12	-7.998	-24.798	-0.080
5.13	-7.998	-21.945	-0.085
5.14	-7.999	-19.306	-0.085
5.15	-7.999	-17.386	-0.083
5.16	-7.999	-16.422	-0.078
5.17	-8.000	-16.131	-0.073
5.18	-8.002	-15.842	-0.071
5.19	-8.004	-14.922	-0.068
5.2	-8.005	-13.117	-0.064
5.21	-8.005	-10.667	-0.058
5.22	-8.005	-8.078	-0.054
5.23	-8.005	-5.775	-0.050
5.24	-8.005	-3.950	-0.046
5.25	-8.005	-2.656	-0.043
5.26	-8.006	-1.928	-0.042
5.27	-8.006	-1.775	-0.039
5.28	-8.006	-2.145	-0.034
5.29	-8.004	-2.963	-0.031
5.3	-8.004	-4.198	-0.031
5.31	-8.002	-5.848	-0.031
5.32	-8.002	-7.878	-0.029
5.33	-8.002	-10.164	-0.025
5.34	-8.002	-12.494	-0.024
5.35	-8.002	-14.666	-0.028
5.36	-8.001	-16.463	-0.035
5.37	-8.000	-17.686	-0.036
5.38	-7.999	-18.313	-0.033
5.39	-7.998	-18.441	-0.031
5.4	-7.998	-18.203	-0.030
5.41	-7.998	-17.811	-0.025
5.42	-7.998	-17.483	-0.021
5.43	-7.998	-17.267	-0.021
5.44	-7.998	-17.072	-0.025
5.45	-7.999	-16.797	-0.025
5.46	-7.999	-16.352	-0.024
5.47	-8.000	-15.694	-0.024
5.48	-8.001	-14.875	-0.025
5.49	-8.002	-13.969	-0.028
5.5	-8.004	-13.061	-0.027
5.51	-8.008	-12.252	-0.026
5.52	-8.011	-11.584	-0.027
5.53	-8.015	-11.070	-0.026
5.54	-8.020	-10.720	-0.019
5.55	-8.025	-10.486	-0.012
5.56	-8.031	-10.306	-0.005
5.57	-8.037	-10.173	0.006
5.58	-8.044	-10.027	0.024
5.59	-8.053	-9.795	0.042
5.6	-8.063	-9.513	0.048
5.61	-8.072	-9.322	0.040
5.62	-8.082	-9.409	0.021
5.63	-8.091	-9.825	-0.009
5.64	-8.099	-10.414	-0.033
5.65	-8.109	-10.952	-0.043
5.66	-8.121	-11.245	-0.044
5.67	-8.134	-11.256	-0.045
5.68	-8.145	-11.161	-0.044
5.69	-8.154	-11.197	-0.028
5.7	-8.164	-11.467	0.088
5.71	-8.178	-11.917	0.313
5.72	-8.191	-12.423	0.446
5.73	-8.206	-12.866	0.339
5.74	-8.222	-13.217	0.057
5.75	-8.235	-13.531	-0.125
5.76	-8.246	-13.827	-0.111
5.77	-8.253	-14.050	-0.071
5.78	-8.261	-14.156	-0.059
5.79	-8.269	-14.173	-0.055
5.8	-8.277	-14.127	-0.050
5.81	-8.284	-13.855	-0.040
5.82	-8.291	-12.592	-0.033
5.83	-8.298	-8.623	-0.026
5.84	-8.306	-0.220	-0.015
5.85	-8.313	12.359	-0.004
5.86	-8.321	26.238	0.003
5.87	-8.329	37.580	0.016
5.88	-8.339	43.744	0.032
5.89	-8.349	44.086	0.045
5.9	-8.358	39.478	0.059
5.91	-8.368	31.488	0.078
5.92	-8.377	21.713	0.098
5.93	-8.388	11.416	0.112
5.94	-8.399	1.488	0.117
5.95	-8.410	-7.481	0.115
5.96	-8.420	-15.088	0.106
5.97	-8.429	-21.133	0.091
5.98	-8.439	-25.547	0.070
5.99	-8.451	-28.248	0.042
6.0	-8.461	-29.198	0.009
6.01	-8.470	-28.539	-0.021
6.02	-8.480	-26.639	-0.044
6.03	-8.489	-23.983	-0.055
6.04	-8.499	-21.094	-0.060
6.05	-8.508	-18.517	-0.066
6.06	-8.516	-16.706	-0.068
6.07	-8.525	-15.834	-0.064
6.08	-8.534	-15.523	-0.061
6.09	-8.543	-14.991	-0.059
6.1	-8.553	-13.652	-0.058
6.11	-8.563	-11.420	-0.060
6.12	-8.572	-8.689	-0.062
6.13	-8.581	-5.973	-0.060
6.14	-8.591	-3.708	-0.054
6.15	-8.601	-2.172	-0.050
6.16	-8.611	-1.352	-0.050
6.17	-8.620	-1.213	-0.049
6.18	-8.629	-1.719	-0.050
6.19	-8.638	-2.720	-0.056
6.2	-8.646	-4.070	-0.062
6.21	-8.656	-5.645	-0.065
6.22	-8.666	-7.403	-0.064
6.23	-8.674	-9.322	-0.062
6.24	-8.683	-11.391	-0.062
6.25	-8.691	-13.533	-0.058
6.26	-8.701	-15.595	-0.051
6.27	-8.709	-17.409	-0.052
6.28	-8.719	-18.770	-0.059
6.29	-8.728	-19.544	-0.062
6.3	-8.738	-19.792	-0.062
6.31	-8.748	-19.697	-0.060
6.32	-8.757	-19.473	-0.060
6.33	-8.766	-19.228	-0.058
6.34	-8.774	-18.758	-0.057
6.35	-8.782	-18.075	-0.058
6.36	-8.789	-17.317	-0.059
6.37	-8.796	-16.356	-0.060
6.38	-8.803	-15.423	-0.058
6.39	-8.810	-14.873	-0.052
6.4	-8.817	-14.467	-0.052
6.41	-8.823	-13.925	-0.054
6.42	-8.829	-13.378	-0.053
6.43	-8.835	-12.856	-0.053
6.44	-8.840	-12.375	-0.051
6.45	-8.845	-11.983	-0.047
6.46	-8.849	-11.584	-0.038
6.47	-8.854	-11.175	-0.021
6.48	-8.857	-10.794	-0.002
6.49	-8.861	-10.477	0.018
6.5	-8.863	-10.330	0.024
6.51	-8.866	-10.352	0.013
6.52	-8.869	-10.528	-0.010
6.53	-8.872	-10.858	-0.045
6.54	-8.876	-11.302	-0.076
6.55	-8.881	-11.806	-0.092
6.56	-8.888	-12.241	-0.102
6.57	-8.895	-12.547	-0.110
6.58	-8.899	-12.789	-0.111
6.59	-8.901	-12.864	-0.101
6.6	-8.906	-12.898	-0.016
6.61	-8.911	-13.064	0.190
6.62	-8.916	-13.136	0.359
6.63	-8.919	-13.178	0.315
6.64	-8.923	-13.205	0.050
6.65	-8.927	-13.158	-0.174
6.66	-8.927	-13.256	-0.182
6.67	-8.924	-13.514	-0.131
6.68	-8.922	-13.917	-0.114
6.69	-8.923	-14.436	-0.111
6.7	-8.923	-14.873	-0.106
6.71	-8.921	-15.013	-0.094
6.72	-8.919	-14.383	-0.083
6.73	-8.916	-11.870	-0.072
6.74	-8.912	-5.980	-0.059
6.75	-8.910	3.659	-0.048
6.76	-8.908	15.181	-0.034
6.77	-8.908	25.488	-0.019
6.78	-8.908	32.106	-0.004
6.79	-8.906	34.113	0.018
6.8	-8.906	31.858	0.043
6.81	-8.907	26.297	0.064
6.82	-8.908	18.595	0.079
6.83	-8.908	9.883	0.090
6.84	-8.908	1.070	0.099
6.85	-8.906	-7.109	0.102
6.86	-8.904	-14.113	0.095
6.87	-8.901	-19.698	0.081
6.88	-8.900	-23.838	0.058
6.89	-8.902	-26.511	0.026
6.9	-8.903	-27.713	-0.004
6.91	-8.902	-27.564	-0.027
6.92	-8.898	-26.291	-0.044
6.93	-8.895	-24.225	-0.057
6.94	-8.894	-21.905	-0.067
6.95	-8.894	-19.892	-0.075
6.96	-8.892	-18.558	-0.080
6.97	-8.890	-17.952	-0.081
6.98	-8.889	-17.625	-0.077
6.99	-8.889	-16.911	-0.070
7.0	-8.890	-15.422	-0.063
7.01	-8.891	-13.188	-0.055
7.02	-8.893	-10.558	-0.049
7.03	-8.894	-8.056	-0.042
7.04	-8.895	-6.091	-0.041
7.05	-8.895	-4.723	-0.044
7.06	-8.896	-3.797	-0.045
7.07	-8.898	-3.252	-0.043
7.08	-8.900	-3.152	-0.044
7.09	-8.902	-3.534	-0.044
7.1	-8.902	-4.392	-0.043
7.11	-8.902	-5.702	-0.044
7.12	-8.902	-7.395	-0.048
7.13	-8.903	-9.339	-0.050
7.14	-8.904	-11.400	-0.052
7.15	-8.904	-13.394	-0.052
7.16	-8.905	-15.055	-0.053
7.17	-8.905	-16.184	-0.053
7.18	-8.904	-16.747	-0.049
7.19	-8.904	-16.842	-0.047
7.2	-8.904	-16.675	-0.049
7.21	-8.903	-16.495	-0.046
7.22	-8.901	-16.433	-0.045
7.23	-8.898	-16.441	-0.045
7.24	-8.893	-16.394	-0.043
7.25	-8.886	-16.136	-0.043
7.26	-8.875	-15.595	-0.044
7.27	-8.863	-14.842	-0.042
7.28	-8.849	-14.013	-0.040
7.29	-8.834	-13.255	-0.042
7.3	-8.819	-12.633	-0.046
7.31	-8.803	-12.098	-0.047
7.32	-8.787	-11.594	-0.047
7.33	-8.771	-11.100	-0.046
7.34	-8.754	-10.666	-0.042
7.35	-8.737	-10.364	-0.032
7.36	-8.720	-10.177	-0.017
7.37	-8.702	-10.066	-0.001
7.38	-8.684	-10.034	0.013
7.39	-8.666	-10.023	0.018
7.4	-8.648	-9.923	0.012
7.41	-8.629	-9.728	-0.005
7.42	-8.612	-9.559	-0.030
7.43	-8.596	-9.525	-0.050
7.44	-8.582	-9.675	-0.059
7.45	-8.570	-9.991	-0.066
7.46	-8.558	-10.380	-0.066
7.47	-8.543	-10.783	-0.057
7.48	-8.528	-11.152	-0.004
7.49	-8.517	-11.430	0.177
7.5	-8.506	-11.656	0.382
7.51	-8.494	-11.884	0.417
7.52	-8.482	-12.091	0.208
7.53	-8.471	-12.281	-0.063
7.54	-8.457	-12.533	-0.137
7.55	-8.441	-12.803	-0.094
7.56	-8.423	-13.011	-0.074
7.57	-8.405	-13.184	-0.066
7.58	-8.389	-13.309	-0.060
7.59	-8.373	-13.272	-0.054
7.6	-8.356	-12.772	-0.048
7.61	-8.341	-10.922	-0.043
7.62	-8.326	-6.300	-0.037
7.63	-8.311	1.716	-0.030
7.64	-8.297	11.747	-0.022
7.65	-8.284	21.063	-0.011
7.66	-8.271	27.320	0.003
7.67	-8.258	29.511	0.017
7.68	-8.248	27.791	0.034
7.69	-8.237	23.091	0.051
7.7	-8.227	16.598	0.069
7.71	-8.217	9.306	0.087
7.72	-8.208	1.919	0.099
7.73	-8.200	-5.094	0.101
7.74	-8.193	-11.394	0.095
7.75	-8.185	-16.725	0.079
7.76	-8.178	-20.878	0.059
7.77	-8.172	-23.675	0.034
7.78	-8.166	-25.017	0.000
7.79	-8.161	-24.988	-0.031
7.8	-8.154	-23.838	-0.055
7.81	-8.148	-21.878	-0.073
7.82	-8.142	-19.578	-0.085
7.83	-8.135	-17.461	-0.092
7.84	-8.129	-15.900	-0.097
7.85	-8.123	-15.097	-0.097
7.86	-8.117	-14.867	-0.097
7.87	-8.112	-14.628	-0.094
7.88	-8.106	-13.883	-0.088
7.89	-8.099	-12.458	-0.084
7.9	-8.092	-10.550	-0.080
7.91	-8.087	-8.514	-0.076
7.92	-8.082	-6.584	-0.077
7.93	-8.078	-5.116	-0.075
7.94	-8.073	-4.330	-0.070
7.95	-8.069	-4.019	-0.068
7.96	-8.065	-4.017	-0.070
7.97	-8.061	-4.341	-0.076
7.98	-8.057	-4.963	-0.077
7.99	-8.053	-5.789	-0.073
8.0	-8.049	-6.808	-0.067
8.01	-8.045	-8.063	-0.066
8.02	-8.041	-9.498	-0.070
8.03	-8.037	-10.967	-0.073
8.04	-8.034	-12.298	-0.075
8.05	-8.031	-13.495	-0.075
8.06	-8.029	-14.533	-0.073
8.07	-8.027	-15.211	-0.072
8.08	-8.024	-15.577	-0.072
8.09	-8.021	-15.748	-0.073
8.1	-8.016	-15.636	-0.072
8.11	-8.012	-15.378	-0.069
8.12	-8.009	-15.117	-0.066
8.13	-8.006	-14.711	-0.067
8.14	-8.002	-14.222	-0.069
8.15	-8.000	-13.748	-0.066
8.16	-7.998	-13.195	-0.062
8.17	-7.995	-12.591	-0.059
8.18	-7.993	-12.025	-0.055
8.19	-7.991	-11.497	-0.053
8.2	-7.989	-10.978	-0.051
8.21	-7.987	-10.519	-0.050
8.22	-7.985	-10.128	-0.053
8.23	-7.982	-9.755	-0.053
8.24	-7.980	-9.409	-0.050
8.25	-7.977	-9.106	-0.043
8.26	-7.974	-8.825	-0.032
8.27	-7.971	-8.628	-0.022
8.28	-7.968	-8.619	-0.011
8.29	-7.965	-8.797	0.010
8.3	-7.963	-9.103	0.027
8.31	-7.961	-9.475	0.028
8.32	-7.959	-9.827	0.019
8.33	-7.957	-10.064	0.001
8.34	-7.956	-10.197	-0.025
8.35	-7.954	-10.200	-0.049
8.36	-7.954	-10.130	-0.058
8.37	-7.956	-10.148	-0.059
8.38	-7.958	-10.202	-0.060
8.39	-7.956	-10.278	-0.057
8.4	-7.954	-10.459	-0.043
8.41	-7.953	-10.664	0.081
8.42	-7.954	-10.856	0.311
8.43	-7.955	-11.094	0.432
8.44	-7.956	-11.277	0.310
8.45	-7.959	-11.295	0.030
8.46	-7.959	-11.222	-0.134
8.47	-7.955	-11.138	-0.118
8.48	-7.950	-11.039	-0.088
8.49	-7.947	-10.930	-0.077
8.5	-7.944	-10.806	-0.071
8.51	-7.941	-10.644	-0.064
8.52	-7.937	-10.269	-0.052
8.53	-7.934	-8.963	-0.041
8.54	-7.932	-5.292	-0.033
8.55	-7.931	1.888	-0.028
8.56	-7.930	11.655	-0.024
8.57	-7.929	21.250	-0.016
8.58	-7.929	28.164	-0.003
8.59	-7.929	30.984	0.011
8.6	-7.930	29.761	0.027
8.61	-7.931	25.691	0.047
8.62	-7.933	19.880	0.064
8.63	-7.934	13.098	0.081
8.64	-7.935	5.941	0.097
8.65	-7.936	-1.145	0.106
8.66	-7.938	-7.706	0.104
8.67	-7.938	-13.242	0.092
8.68	-7.939	-17.445	0.073
8.69	-7.941	-20.261	0.051
8.7	-7.945	-21.713	0.023
8.71	-7.949	-21.881	-0.009
8.72	-7.951	-20.944	-0.036
8.73	-7.952	-19.189	-0.056
8.74	-7.953	-16.998	-0.068
8.75	-7.954	-14.842	-0.073
8.76	-7.957	-13.269	-0.076
8.77	-7.961	-12.622	-0.077
8.78	-7.964	-12.739	-0.076
8.79	-7.969	-13.009	-0.074
8.8	-7.977	-12.761	-0.070
8.81	-7.987	-11.666	-0.067
8.82	-8.001	-9.889	-0.063
8.83	-8.016	-7.870	-0.058
8.84	-8.032	-6.017	-0.057
8.85	-8.048	-4.602	-0.057
8.86	-8.065	-3.752	-0.056
8.87	-8.082	-3.430	-0.057
8.88	-8.100	-3.495	-0.057
8.89	-8.119	-3.823	-0.054
8.9	-8.137	-4.327	-0.057
8.91	-8.155	-4.963	-0.063
8.92	-8.172	-5.758	-0.065
8.93	-8.188	-6.783	-0.063
8.94	-8.203	-8.097	-0.059
8.95	-8.217	-9.638	-0.058
8.96	-8.231	-11.216	-0.056
8.97	-8.244	-12.619	-0.051
8.98	-8.256	-13.706	-0.048
8.99	-8.269	-14.373	-0.046
9.0	-8.282	-14.563	-0.044
9.01	-8.295	-14.367	-0.045
9.02	-8.308	-13.984	-0.048
9.03	-8.320	-13.555	-0.050
9.04	-8.332	-13.113	-0.052
9.05	-8.345	-12.681	-0.053
9.06	-8.357	-12.319	-0.051
9.07	-8.369	-12.005	-0.050
9.08	-8.380	-11.656	-0.047
9.09	-8.392	-11.303	-0.043
9.1	-8.404	-10.986	-0.044
9.11	-8.415	-10.636	-0.047
9.12	-8.426	-10.178	-0.048
9.13	-8.438	-9.558	-0.049
9.14	-8.449	-8.805	-0.047
9.15	-8.461	-8.130	-0.044
9.16	-8.473	-7.750	-0.043
9.17	-8.484	-7.713	-0.040
9.18	-8.495	-7.922	-0.039
9.19	-8.506	-8.206	-0.034
9.2	-8.516	-8.455	-0.029
9.21	-8.527	-8.659	-0.025
9.22	-8.537	-8.764	-0.020
9.23	-8.546	-8.803	-0.008
9.24	-8.556	-8.936	0.013
9.25	-8.566	-9.125	0.029
9.26	-8.577	-9.400	0.033
9.27	-8.588	-9.756	0.030
9.28	-8.597	-10.020	0.017
9.29	-8.606	-10.289	-0.008
9.3	-8.616	-10.506	-0.033
9.31	-8.624	-10.595	-0.047
9.32	-8.634	-10.716	-0.053
9.33	-8.645	-10.877	-0.055
9.34	-8.653	-11.067	-0.054
9.35	-8.661	-11.319	-0.040
9.36	-8.669	-11.656	0.078
9.37	-8.678	-11.953	0.310
9.38	-8.688	-12.141	0.458
9.39	-8.697	-12.266	0.357
9.4	-8.706	-12.342	0.054
9.41	-8.714	-12.470	-0.144
9.42	-8.719	-12.694	-0.129
9.43	-8.721	-12.931	-0.083
9.44	-8.726	-12.947	-0.066
9.45	-8.731	-12.659	-0.059
9.46	-8.735	-12.303	-0.051
9.47	-8.739	-11.847	-0.044
9.48	-8.743	-10.775	-0.037
9.49	-8.748	-7.933	-0.027
9.5	-8.752	-1.931	-0.017
9.51	-8.756	7.108	-0.009
9.52	-8.760	16.913	0.001
9.53	-8.764	24.714	0.014
9.54	-8.769	28.859	0.028
9.55	-8.776	29.014	0.040
9.56	-8.783	25.683	0.057
9.57	-8.790	19.945	0.079
9.58	-8.798	12.916	0.099
9.59	-8.807	5.322	0.112
9.6	-8.817	-2.036	0.113
9.61	-8.829	-8.527	0.106
9.62	-8.844	-14.011	0.101
9.63	-8.863	-18.353	0.090
9.64	-8.887	-21.391	0.063
9.65	-8.915	-23.208	0.030
9.66	-8.944	-23.936	-0.000
9.67	-8.972	-23.652	-0.026
9.68	-8.998	-22.577	-0.047
9.69	-9.022	-20.991	-0.065
9.7	-9.042	-19.173	-0.080
9.71	-9.058	-17.494	-0.087
9.72	-9.071	-16.270	-0.090
9.73	-9.082	-15.467	-0.086
9.74	-9.092	-14.705	-0.078
9.75	-9.102	-13.547	-0.075
9.76	-9.111	-11.794	-0.074
9.77	-9.118	-9.584	-0.068
9.78	-9.126	-7.289	-0.061
9.79	-9.132	-5.250	-0.056
9.8	-9.136	-3.541	-0.052
9.81	-9.138	-2.208	-0.052
9.82	-9.138	-1.350	-0.053
9.83	-9.136	-0.934	-0.057
9.84	-9.133	-1.061	-0.058
9.85	-9.129	-1.714	-0.058
9.86	-9.124	-2.664	-0.056
9.87	-9.119	-3.847	-0.057
9.88	-9.114	-5.233	-0.064
9.89	-9.107	-6.830	-0.068
9.9	-9.099	-8.678	-0.065
9.91	-9.090	-10.620	-0.064
9.92	-9.079	-12.422	-0.065
9.93	-9.069	-13.867	-0.065
9.94	-9.058	-14.842	-0.062
9.95	-9.046	-15.406	-0.059
9.96	-9.032	-15.700	-0.061
9.97	-9.016	-15.838	-0.063
9.98	-8.998	-15.889	-0.063
9.99	-8.978	-15.902	-0.063
10.0	-8.957	-15.850	-0.063
10.01	-8.935	-15.663	-0.062
10.02	-8.912	-15.309	-0.062
10.03	-8.891	-14.850	-0.060
10.04	-8.869	-14.384	-0.057
10.05	-8.848	-13.897	-0.058
10.06	-8.828	-13.267	-0.057
10.07	-8.807	-12.463	-0.055
10.08	-8.787	-11.581	-0.055
10.09	-8.767	-10.733	-0.056
10.1	-8.748	-10.020	-0.054
10.11	-8.729	-9.519	-0.051
10.12	-8.711	-9.213	-0.048
10.13	-8.693	-9.077	-0.044
10.14	-8.676	-9.130	-0.038
10.15	-8.659	-9.331	-0.028
10.16	-8.643	-9.552	-0.018
10.17	-8.627	-9.709	-0.002
10.18	-8.612	-9.830	0.013
10.19	-8.597	-9.970	0.017
10.2	-8.583	-10.116	0.015
10.21	-8.569	-10.225	0.002
10.22	-8.556	-10.295	-0.022
10.23	-8.541	-10.355	-0.046
10.24	-8.527	-10.456	-0.058
10.25	-8.515	-10.633	-0.063
10.26	-8.504	-10.930	-0.067
10.27	-8.491	-11.369	-0.065
10.28	-8.478	-11.877	-0.042
10.29	-8.466	-12.306	0.088
10.3	-8.457	-12.580	0.305
10.31	-8.447	-12.686	0.420
10.32	-8.437	-12.608	0.303
10.33	-8.427	-12.456	0.021
10.34	-8.416	-12.402	-0.144
10.35	-8.402	-12.441	-0.123
10.36	-8.385	-12.503	-0.086
10.37	-8.368	-12.514	-0.073
10.38	-8.352	-12.456	-0.069
10.39	-8.337	-12.370	-0.063
10.4	-8.323	-12.091	-0.054
10.41	-8.309	-10.973	-0.048
10.42	-8.295	-7.719	-0.035
10.43	-8.282	-1.089	-0.020
10.44	-8.269	8.453	-0.013
10.45	-8.256	18.472	-0.005
10.46	-8.244	26.189	0.004
10.47	-8.234	29.909	0.015
10.48	-8.224	29.367	0.030
10.49	-8.216	25.464	0.053
10.5	-8.207	19.500	0.078
10.51	-8.197	12.559	0.097
10.52	-8.188	5.384	0.108
10.53	-8.180	-1.600	0.110
10.54	-8.172	-8.078	0.107
10.55	-8.163	-13.745	0.096
10.56	-8.156	-18.369	0.079
10.57	-8.150	-21.800	0.057
10.58	-8.145	-23.806	0.028
10.59	-8.139	-24.317	-0.007
10.6	-8.133	-23.631	-0.038
10.61	-8.127	-22.094	-0.062
10.62	-8.121	-20.067	-0.074
10.63	-8.116	-18.005	-0.079
10.64	-8.111	-16.291	-0.082
10.65	-8.105	-15.163	-0.083
10.66	-8.099	-14.641	-0.082
10.67	-8.094	-14.353	-0.080
10.68	-8.089	-13.750	-0.074
10.69	-8.086	-12.548	-0.068
10.7	-8.082	-10.809	-0.065
10.71	-8.078	-8.798	-0.066
10.72	-8.074	-6.850	-0.065
10.73	-8.072	-5.184	-0.062
10.74	-8.069	-3.866	-0.060
10.75	-8.068	-2.950	-0.062
10.76	-8.067	-2.481	-0.061
10.77	-8.066	-2.436	-0.058
10.78	-8.064	-2.828	-0.057
10.79	-8.062	-3.661	-0.059
10.8	-8.060	-4.875	-0.062
10.81	-8.058	-6.363	-0.066
10.82	-8.055	-7.984	-0.067
10.83	-8.051	-9.598	-0.065
10.84	-8.048	-11.113	-0.065
10.85	-8.045	-12.428	-0.065
10.86	-8.043	-13.422	-0.068
10.87	-8.040	-14.023	-0.071
10.88	-8.038	-14.322	-0.073
10.89	-8.037	-14.541	-0.078
10.9	-8.037	-14.655	-0.079
10.91	-8.036	-14.661	-0.072
10.92	-8.034	-14.717	-0.068
10.93	-8.033	-14.653	-0.069
10.94	-8.032	-14.398	-0.071
10.95	-8.031	-14.141	-0.071
10.96	-8.029	-13.769	-0.070
10.97	-8.027	-13.200	-0.070
10.98	-8.025	-12.634	-0.067
10.99	-8.024	-12.077	-0.063
11.0	-8.022	-11.464	-0.063
11.01	-8.020	-10.842	-0.062
11.02	-8.019	-10.211	-0.062
11.03	-8.016	-9.609	-0.063
11.04	-8.013	-9.123	-0.064
11.05	-8.009	-8.784	-0.063
11.06	-8.004	-8.567	-0.062
11.07	-7.997	-8.444	-0.061
11.08	-7.989	-8.386	-0.054
11.09	-7.982	-8.403	-0.045
11.1	-7.976	-8.519	-0.035
11.11	-7.969	-8.706	-0.019
11.12	-7.961	-8.900	0.001
11.13	-7.955	-9.059	0.013
11.14	-7.951	-9.180	0.012
11.15	-7.948	-9.248	0.005
11.16	-7.945	-9.284	-0.012
11.17	-7.942	-9.325	-0.040
11.18	-7.939	-9.389	-0.064
11.19	-7.938	-9.488	-0.070
11.2	-7.937	-9.642	-0.069
11.21	-7.938	-9.878	-0.068
11.22	-7.936	-10.206	-0.064
11.23	-7.933	-10.555	-0.024
11.24	-7.931	-10.795	0.146
11.25	-7.931	-10.892	0.358
11.26	-7.931	-10.900	0.407
11.27	-7.931	-10.897	0.216
11.28	-7.931	-10.969	-0.061
11.29	-7.929	-11.083	-0.159
11.3	-7.926	-11.109	-0.121
11.31	-7.923	-10.988	-0.096
11.32	-7.920	-10.766	-0.084
11.33	-7.918	-10.591	-0.079
11.34	-7.915	-10.489	-0.073
11.35	-7.913	-10.133	-0.063
11.36	-7.913	-8.572	-0.051
11.37	-7.913	-4.278	-0.043
11.38	-7.913	3.691	-0.038
11.39	-7.913	14.094	-0.028
11.4	-7.913	24.030	-0.009
11.41	-7.915	31.013	0.006
11.42	-7.918	33.830	0.017
11.43	-7.922	32.483	0.033
11.44	-7.926	27.931	0.051
11.45	-7.931	21.378	0.066
11.46	-7.937	13.692	0.082
11.47	-7.943	5.630	0.097
11.48	-7.949	-2.042	0.105
11.49	-7.954	-8.777	0.100
11.5	-7.957	-14.278	0.088
11.51	-7.959	-18.363	0.068
11.52	-7.961	-20.978	0.041
11.53	-7.963	-22.242	0.011
11.54	-7.964	-22.211	-0.018
11.55	-7.963	-21.063	-0.046
11.56	-7.959	-19.266	-0.063
11.57	-7.954	-17.261	-0.072
11.58	-7.951	-15.388	-0.079
11.59	-7.948	-14.002	-0.081
11.6	-7.947	-13.297	-0.078
11.61	-7.947	-13.111	-0.075
11.62	-7.947	-12.991	-0.075
11.63	-7.947	-12.470	-0.074
11.64	-7.947	-11.291	-0.071
11.65	-7.948	-9.488	-0.068
11.66	-7.949	-7.339	-0.064
11.67	-7.949	-5.211	-0.061
11.68	-7.950	-3.425	-0.058
11.69	-7.951	-2.208	-0.054
11.7	-7.952	-1.608	-0.052
11.71	-7.953	-1.520	-0.050
11.72	-7.956	-1.806	-0.048
11.73	-7.958	-2.394	-0.050
11.74	-7.960	-3.256	-0.056
11.75	-7.963	-4.372	-0.058
11.76	-7.967	-5.734	-0.059
11.77	-7.972	-7.322	-0.062
11.78	-7.979	-9.017	-0.066
11.79	-7.987	-10.623	-0.069
11.8	-7.997	-11.931	-0.068
11.81	-8.008	-12.841	-0.068
11.82	-8.021	-13.419	-0.069
11.83	-8.034	-13.841	-0.070
11.84	-8.049	-14.213	-0.072
11.85	-8.065	-14.516	-0.074
11.86	-8.081	-14.661	-0.072
11.87	-8.097	-14.573	-0.066
11.88	-8.113	-14.261	-0.061
11.89	-8.128	-13.817	-0.059
11.9	-8.144	-13.350	-0.057
11.91	-8.159	-12.909	-0.054
11.92	-8.173	-12.484	-0.053
11.93	-8.187	-12.036	-0.054
11.94	-8.200	-11.514	-0.056
11.95	-8.213	-10.886	-0.053
11.96	-8.226	-10.180	-0.049
11.97	-8.238	-9.502	-0.046
11.98	-8.250	-8.964	-0.044
11.99	-8.262	-8.581	-0.044
12.0	-8.274	-8.292	-0.047
12.01	-8.286	-8.044	-0.050
12.02	-8.297	-7.831	-0.050
12.03	-8.309	-7.675	-0.043
12.04	-8.321	-7.580	-0.033
12.05	-8.332	-7.550	-0.021
12.06	-8.343	-7.633	-0.004
12.07	-8.355	-7.864	0.018
12.08	-8.367	-8.242	0.032
12.09	-8.379	-8.684	0.036
12.1	-8.392	-9.044	0.031
12.11	-8.404	-9.270	0.010
12.12	-8.416	-9.448	-0.019
12.13	-8.426	-9.666	-0.041
12.14	-8.437	-9.903	-0.051
12.15	-8.449	-10.028	-0.054
12.16	-8.462	-10.022	-0.055
12.17	-8.471	-9.992	-0.048
12.18	-8.481	-10.048	-0.012
12.19	-8.491	-10.267	0.141
12.2	-8.502	-10.609	0.367
12.21	-8.514	-10.980	0.458
12.22	-8.526	-11.342	0.292
12.23	-8.538	-11.652	-0.012
12.24	-8.549	-11.809	-0.146
12.25	-8.558	-11.834	-0.103
12.26	-8.564	-11.645	-0.071
12.27	-8.572	-11.216	-0.059
12.28	-8.579	-10.859	-0.055
12.29	-8.586	-10.658	-0.054
12.3	-8.592	-10.444	-0.048
12.31	-8.599	-9.695	-0.040
12.32	-8.606	-6.925	-0.032
12.33	-8.613	-0.609	-0.022
12.34	-8.619	8.980	-0.014
12.35	-8.626	19.534	-0.004
12.36	-8.634	28.183	0.007
12.37	-8.643	32.953	0.018
12.38	-8.651	33.314	0.032
12.39	-8.660	29.892	0.050
12.4	-8.669	23.828	0.071
12.41	-8.680	16.155	0.089
12.42	-8.690	7.856	0.104
12.43	-8.699	-0.192	0.113
12.44	-8.708	-7.559	0.109
12.45	-8.717	-13.941	0.096
12.46	-8.728	-19.070	0.075
12.47	-8.738	-22.872	0.046
12.48	-8.749	-25.242	0.018
12.49	-8.759	-26.105	-0.010
12.5	-8.769	-25.683	-0.036
12.51	-8.777	-24.358	-0.056
12.52	-8.784	-22.455	-0.071
12.53	-8.793	-20.355	-0.081
12.54	-8.801	-18.363	-0.083
12.55	-8.808	-16.667	-0.084
12.56	-8.814	-15.414	-0.083
12.57	-8.820	-14.383	-0.081
12.58	-8.826	-13.163	-0.077
12.59	-8.832	-11.556	-0.072
12.6	-8.839	-9.545	-0.067
12.61	-8.844	-7.219	-0.065
12.62	-8.849	-4.914	-0.064
12.63	-8.855	-3.022	-0.060
12.64	-8.862	-1.559	-0.056
12.65	-8.867	-0.577	-0.051
12.66	-8.873	-0.141	-0.048
12.67	-8.879	-0.125	-0.052
12.68	-8.884	-0.686	-0.055
12.69	-8.889	-1.838	-0.057
12.7	-8.894	-3.319	-0.060
12.71	-8.898	-5.109	-0.059
12.72	-8.901	-7.127	-0.055
12.73	-8.906	-9.247	-0.054
12.74	-8.911	-11.400	-0.056
12.75	-8.915	-13.306	-0.057
12.76	-8.919	-14.697	-0.057
12.77	-8.924	-15.553	-0.058
12.78	-8.929	-16.078	-0.058
12.79	-8.934	-16.316	-0.058
12.8	-8.939	-16.306	-0.058
12.81	-8.944	-16.258	-0.058
12.82	-8.949	-16.028	-0.055
12.83	-8.953	-15.617	-0.053
12.84	-8.957	-15.336	-0.054
12.85	-8.963	-15.098	-0.051
12.86	-8.967	-14.759	-0.046
12.87	-8.971	-14.392	-0.042
12.88	-8.975	-13.936	-0.041
12.89	-8.979	-13.295	-0.043
12.9	-8.983	-12.614	-0.041
12.91	-8.987	-11.983	-0.038
12.92	-8.991	-11.264	-0.037
12.93	-8.996	-10.531	-0.038
12.94	-8.999	-9.927	-0.037
12.95	-9.001	-9.380	-0.029
12.96	-9.004	-8.995	-0.018
12.97	-9.009	-8.833	-0.004
12.98	-9.013	-8.719	0.011
12.99	-9.016	-8.661	0.026
13.0	-9.020	-8.823	0.033
13.01	-9.024	-9.039	0.026
13.02	-9.027	-9.178	0.004
13.03	-9.029	-9.297	-0.026
13.04	-9.032	-9.259	-0.046
13.05	-9.036	-9.227	-0.052
13.06	-9.043	-9.380	-0.052
13.07	-9.048	-9.575	-0.052
13.08	-9.051	-9.845	-0.048
13.09	-9.052	-10.228	-0.013
13.1	-9.056	-10.622	0.141
13.11	-9.059	-10.997	0.357
13.12	-9.062	-11.306	0.439
13.13	-9.064	-11.461	0.278
13.14	-9.065	-11.517	-0.011
13.15	-9.061	-11.577	-0.137
13.16	-9.051	-11.645	-0.097
13.17	-9.039	-11.723	-0.062
13.18	-9.028	-11.817	-0.049
13.19	-9.019	-11.922	-0.043
13.2	-9.011	-12.020	-0.037
13.21	-9.002	-11.956	-0.032
13.22	-8.994	-11.097	-0.030
13.23	-8.987	-8.047	-0.022
13.24	-8.979	-1.383	-0.012
13.25	-8.972	8.633	-0.003
13.26	-8.965	19.650	0.007
13.27	-8.958	28.747	0.019
13.28	-8.951	33.930	0.033
13.29	-8.943	34.642	0.048
13.3	-8.933	31.458	0.065
13.31	-8.921	25.456	0.081
13.32	-8.908	17.753	0.100
13.33	-8.893	9.284	0.115
13.34	-8.877	0.820	0.119
13.35	-8.859	-7.009	0.111
13.36	-8.839	-13.764	0.095
13.37	-8.821	-19.175	0.074
13.38	-8.804	-23.103	0.045
13.39	-8.789	-25.505	0.010
13.4	-8.773	-26.453	-0.023
13.41	-8.756	-26.139	-0.048
13.42	-8.739	-24.805	-0.066
13.43	-8.721	-22.778	-0.078
13.44	-8.705	-20.528	-0.085
13.45	-8.688	-18.542	-0.089
13.46	-8.671	-17.184	-0.088
13.47	-8.656	-16.489	-0.086
13.48	-8.640	-16.048	-0.083
13.49	-8.625	-15.297	-0.077
13.5	-8.611	-13.875	-0.072
13.51	-8.597	-11.752	-0.069
13.52	-8.584	-9.234	-0.067
13.53	-8.571	-6.753	-0.066
13.54	-8.559	-4.580	-0.062
13.55	-8.547	-2.850	-0.060
13.56	-8.535	-1.642	-0.058
13.57	-8.523	-0.989	-0.057
13.58	-8.511	-0.934	-0.057
13.59	-8.500	-1.467	-0.059
13.6	-8.488	-2.525	-0.060
13.61	-8.476	-4.003	-0.064
13.62	-8.463	-5.781	-0.068
13.63	-8.451	-7.733	-0.068
13.64	-8.439	-9.719	-0.067
13.65	-8.429	-11.608	-0.067
13.66	-8.418	-13.252	-0.068
13.67	-8.406	-14.519	-0.067
13.68	-8.396	-15.388	-0.066
13.69	-8.386	-15.917	-0.064
13.7	-8.376	-16.161	-0.065
13.71	-8.365	-16.197	-0.066
13.72	-8.356	-16.128	-0.064
13.73	-8.346	-16.041	-0.061
13.74	-8.337	-15.950	-0.059
13.75	-8.328	-15.778	-0.059
13.76	-8.318	-15.467	-0.057
13.77	-8.308	-14.994	-0.054
13.78	-8.299	-14.406	-0.052
13.79	-8.291	-13.728	-0.053
13.8	-8.283	-12.920	-0.051
13.81	-8.275	-12.083	-0.043
13.82	-8.268	-11.305	-0.042
13.83	-8.260	-10.598	-0.045
13.84	-8.252	-10.000	-0.041
13.85	-8.244	-9.502	-0.033
13.86	-8.237	-9.103	-0.022
13.87	-8.229	-8.822	-0.006
13.88	-8.221	-8.683	0.009
13.89	-8.214	-8.708	0.024
13.9	-8.208	-8.803	0.028
13.91	-8.202	-8.936	0.018
13.92	-8.196	-9.122	-0.004
13.93	-8.189	-9.223	-0.033
13.94	-8.183	-9.206	-0.055
13.95	-8.178	-9.106	-0.064
13.96	-8.173	-8.970	-0.064
13.97	-8.169	-8.927	-0.065
13.98	-8.164	-9.080	-0.063
13.99	-8.159	-9.384	-0.038
14.0	-8.154	-9.739	0.098
14.01	-8.151	-10.114	0.313
14.02	-8.148	-10.509	0.405
14.03	-8.144	-10.892	0.265
14.04	-8.142	-11.281	-0.008
14.05	-8.137	-11.622	-0.147
14.06	-8.130	-11.820	-0.118
14.07	-8.122	-11.952	-0.088
14.08	-8.114	-12.038	-0.082
14.09	-8.107	-12.059	-0.081
14.1	-8.100	-12.025	-0.076
14.11	-8.092	-11.786	-0.065
14.12	-8.086	-10.620	-0.056
14.13	-8.081	-6.994	-0.051
14.14	-8.076	0.356	-0.045
14.15	-8.071	10.961	-0.037
14.16	-8.065	22.350	-0.029
14.17	-8.059	31.433	-0.020
14.18	-8.054	36.267	-0.008
14.19	-8.050	36.472	0.011
14.2	-8.045	32.794	0.030
14.21	-8.041	26.494	0.045
14.22	-8.038	18.702	0.061
14.23	-8.035	10.248	0.076
14.24	-8.032	1.797	0.084
14.25	-8.029	-6.158	0.083
14.26	-8.025	-13.167	0.074
14.27	-8.023	-18.802	0.059
14.28	-8.022	-22.872	0.037
14.29	-8.022	-25.323	0.005
14.3	-8.021	-26.206	-0.029
14.31	-8.019	-25.738	-0.058
14.32	-8.016	-24.164	-0.081
14.33	-8.014	-21.870	-0.094
14.34	-8.013	-19.375	-0.101
14.35	-8.012	-17.214	-0.100
14.36	-8.012	-15.819	-0.100
14.37	-8.011	-15.267	-0.101
14.38	-8.011	-15.108	-0.100
14.39	-8.011	-14.617	-0.097
14.4	-8.011	-13.270	-0.090
14.41	-8.010	-11.134	-0.084
14.42	-8.009	-8.583	-0.082
14.43	-8.009	-6.044	-0.079
14.44	-8.008	-3.983	-0.073
14.45	-8.007	-2.430	-0.069
14.46	-8.006	-1.295	-0.068
14.47	-8.006	-0.702	-0.068
14.48	-8.006	-0.622	-0.072
14.49	-8.006	-0.992	-0.075
14.5	-8.005	-1.847	-0.075
14.51	-8.004	-3.127	-0.075
14.52	-8.004	-4.716	-0.074
14.53	-8.004	-6.580	-0.078
14.54	-8.004	-8.606	-0.086
14.55	-8.005	-10.573	-0.091
14.56	-8.005	-12.272	-0.096
14.57	-8.005	-13.555	-0.099
14.58	-8.006	-14.395	-0.102
14.59	-8.006	-14.875	-0.103
14.6	-8.006	-15.100	-0.101
14.61	-8.007	-15.183	-0.101
14.62	-8.007	-15.228	-0.102
14.63	-8.008	-15.273	-0.105
14.64	-8.008	-15.225	-0.101
14.65	-8.008	-15.000	-0.095
14.66	-8.007	-14.659	-0.092
14.67	-8.007	-14.128	-0.088
14.68	-8.008	-13.461	-0.085
14.69	-8.009	-12.831	-0.084
14.7	-8.010	-12.088	-0.084
14.71	-8.011	-11.211	-0.081
14.72	-8.011	-10.419	-0.075
14.73	-8.011	-9.772	-0.071
14.74	-8.011	-9.281	-0.066
14.75	-8.012	-8.984	-0.058
14.76	-8.012	-8.739	-0.051
14.77	-8.012	-8.389	-0.047
14.78	-8.012	-7.973	-0.042
14.79	-8.012	-7.567	-0.028
14.8	-8.012	-7.225	-0.006
14.81	-8.012	-7.070	0.013
14.82	-8.014	-7.183	0.019
14.83	-8.014	-7.533	0.013
14.84	-8.014	-8.005	-0.003
14.85	-8.014	-8.473	-0.028
14.86	-8.013	-8.819	-0.050
14.87	-8.014	-8.986	-0.063
14.88	-8.016	-9.013	-0.068
14.89	-8.019	-8.981	-0.070
14.9	-8.019	-9.022	-0.064
14.91	-8.017	-9.219	-0.040
14.92	-8.017	-9.525	0.091
14.93	-8.020	-9.883	0.318
14.94	-8.025	-10.231	0.441
14.95	-8.032	-10.484	0.324
14.96	-8.041	-10.631	0.038
14.97	-8.047	-10.714	-0.130
14.98	-8.047	-10.764	-0.106
14.99	-8.041	-10.781	-0.065
15.0	-8.036	-10.761	-0.051
15.01	-8.032	-10.756	-0.051
15.02	-8.030	-10.795	-0.048
15.03	-8.027	-10.663	-0.036
15.04	-8.025	-9.564	-0.024
15.05	-8.023	-5.995	-0.014
15.06	-8.023	1.414	-0.006
15.07	-8.022	12.467	0.002
15.08	-8.021	24.563	0.014
15.09	-8.022	34.227	0.024
15.1	-8.024	39.419	0.034
15.11	-8.027	39.700	0.047
15.12	-8.030	35.747	0.066
15.13	-8.033	28.945	0.088
15.14	-8.037	20.627	0.107
15.15	-8.042	11.641	0.119
15.16	-8.047	2.639	0.123
15.17	-8.054	-5.763	0.115
15.18	-8.061	-13.075	0.102
15.19	-8.068	-18.947	0.085
15.2	-8.076	-23.147	0.059
15.21	-8.086	-25.598	0.030
15.22	-8.098	-26.352	0.001
15.23	-8.109	-25.614	-0.028
15.24	-8.120	-23.769	-0.049
15.25	-8.131	-21.297	-0.062
15.26	-8.142	-18.744	-0.069
15.27	-8.153	-16.656	-0.071
15.28	-8.165	-15.402	-0.072
15.29	-8.178	-14.930	-0.074
15.3	-8.191	-14.736	-0.069
15.31	-8.204	-14.152	-0.063
15.32	-8.217	-12.719	-0.061
15.33	-8.231	-10.423	-0.061
15.34	-8.244	-7.670	-0.057
15.35	-8.257	-5.006	-0.052
15.36	-8.269	-2.800	-0.052
15.37	-8.280	-1.164	-0.055
15.38	-8.292	-0.075	-0.052
15.39	-8.303	0.492	-0.048
15.4	-8.315	0.548	-0.051
15.41	-8.327	0.119	-0.055
15.42	-8.339	-0.802	-0.059
15.43	-8.351	-2.178	-0.061
15.44	-8.363	-3.961	-0.058
15.45	-8.375	-6.089	-0.057
15.46	-8.386	-8.370	-0.060
15.47	-8.398	-10.519	-0.066
15.48	-8.410	-12.300	-0.070
15.49	-8.422	-13.619	-0.069
15.5	-8.434	-14.478	-0.064
15.51	-8.447	-14.972	-0.059
15.52	-8.460	-15.214	-0.055
15.53	-8.474	-15.278	-0.053
15.54	-8.488	-15.230	-0.054
15.55	-8.501	-15.056	-0.057
15.56	-8.514	-14.728	-0.059
15.57	-8.525	-14.269	-0.058
15.58	-8.536	-13.752	-0.059
15.59	-8.547	-13.256	-0.060
15.6	-8.558	-12.789	-0.057
15.61	-8.569	-12.306	-0.051
15.62	-8.581	-11.809	-0.047
15.63	-8.592	-11.345	-0.047
15.64	-8.604	-10.883	-0.048
15.65	-8.614	-10.359	-0.045
15.66	-8.626	-9.778	-0.037
15.67	-8.636	-9.119	-0.028
15.68	-8.647	-8.445	-0.017
15.69	-8.657	-7.919	-0.004
15.7	-8.667	-7.667	0.009
15.71	-8.678	-7.683	0.018
15.72	-8.687	-7.877	0.013
15.73	-8.697	-8.188	-0.005
15.74	-8.706	-8.466	-0.026
15.75	-8.715	-8.708	-0.044
15.76	-8.724	-9.050	-0.051
15.77	-8.732	-9.452	-0.052
15.78	-8.743	-9.838	-0.057
15.79	-8.752	-10.225	-0.057
15.8	-8.759	-10.444	-0.052
15.81	-8.766	-10.506	0.004
15.82	-8.776	-10.617	0.200
15.83	-8.785	-10.773	0.425
15.84	-8.794	-11.063	0.463
15.85	-8.804	-11.494	0.221
15.86	-8.813	-11.848	-0.083
15.87	-8.819	-12.088	-0.158
15.88	-8.822	-12.342	-0.103
15.89	-8.826	-12.570	-0.073
15.9	-8.830	-12.759	-0.062
15.91	-8.834	-13.016	-0.056
15.92	-8.838	-13.259	-0.048
15.93	-8.840	-13.142	-0.039
15.94	-8.842	-11.788	-0.027
15.95	-8.844	-7.548	-0.018
15.96	-8.845	0.872	-0.012
15.97	-8.846	12.627	-0.004
15.98	-8.848	24.780	0.009
15.99	-8.849	34.023	0.024
16.0	-8.851	38.409	0.035
16.01	-8.854	37.823	0.042
16.02	-8.856	33.117	0.051
16.03	-8.858	25.741	0.059
16.04	-8.861	17.091	0.069
16.05	-8.863	7.911	0.077
16.06	-8.866	-1.081	0.077
16.07	-8.866	-9.170	0.066
16.08	-8.867	-16.052	0.047
16.09	-8.869	-21.672	0.021
16.1	-8.873	-25.842	-0.006
16.11	-8.874	-28.394	-0.036
16.12	-8.874	-29.330	-0.067
16.13	-8.874	-28.730	-0.089
16.14	-8.874	-26.853	-0.107
16.15	-8.876	-24.242	-0.120
16.16	-8.877	-21.563	-0.126
16.17	-8.877	-19.419	-0.126
16.18	-8.876	-18.131	-0.123
16.19	-8.876	-17.495	-0.118
16.2	-8.877	-16.880	-0.115
16.21	-8.879	-15.641	-0.109
16.22	-8.880	-13.498	-0.102
16.23	-8.882	-10.631	-0.096
16.24	-8.883	-7.519	-0.089
16.25	-8.884	-4.661	-0.084
16.26	-8.885	-2.358	-0.078
16.27	-8.886	-0.673	-0.072
16.28	-8.889	0.414	-0.068
16.29	-8.892	0.863	-0.064
16.3	-8.894	0.589	-0.069
16.31	-8.896	-0.394	-0.073
16.32	-8.896	-1.986	-0.070
16.33	-8.897	-4.052	-0.067
16.34	-8.898	-6.397	-0.065
16.35	-8.898	-8.786	-0.061
16.36	-8.899	-10.998	-0.055
16.37	-8.900	-12.908	-0.048
16.38	-8.901	-14.466	-0.042
16.39	-8.902	-15.558	-0.040
16.4	-8.903	-16.192	-0.040
16.41	-8.904	-16.466	-0.038
16.42	-8.905	-16.419	-0.037
16.43	-8.905	-16.245	-0.039
16.44	-8.906	-16.152	-0.037
16.45	-8.906	-16.117	-0.037
16.46	-8.906	-16.063	-0.038
16.47	-8.906	-16.011	-0.033
16.48	-8.905	-15.892	-0.031
16.49	-8.904	-15.553	-0.033
16.5	-8.903	-14.925	-0.031
16.51	-8.902	-14.005	-0.029
16.52	-8.899	-12.894	-0.027
16.53	-8.896	-11.798	-0.024
16.54	-8.892	-10.883	-0.019
16.55	-8.886	-10.198	-0.012
16.56	-8.879	-9.725	0.002
16.57	-8.871	-9.409	0.018
16.58	-8.863	-9.203	0.031
16.59	-8.853	-9.083	0.042
16.6	-8.841	-9.014	0.046
16.61	-8.828	-8.936	0.037
16.62	-8.814	-8.794	0.014
16.63	-8.799	-8.577	-0.009
16.64	-8.786	-8.333	-0.018
16.65	-8.774	-8.148	-0.021
16.66	-8.766	-8.106	-0.028
16.67	-8.756	-8.287	-0.028
16.68	-8.743	-8.720	-0.023
16.69	-8.731	-9.323	0.042
16.7	-8.722	-9.959	0.233
16.71	-8.714	-10.523	0.416
16.72	-8.708	-10.927	0.413
16.73	-8.703	-11.152	0.183
16.74	-8.696	-11.327	-0.067
16.75	-8.682	-11.558	-0.109
16.76	-8.662	-11.833	-0.064
16.77	-8.642	-12.105	-0.047
16.78	-8.625	-12.363	-0.042
16.79	-8.609	-12.633	-0.040
16.8	-8.594	-12.848	-0.035
16.81	-8.579	-12.584	-0.029
16.82	-8.566	-10.688	-0.022
16.83	-8.554	-5.383	-0.016
16.84	-8.541	4.233	-0.011
16.85	-8.529	16.663	-0.003
16.86	-8.518	28.672	0.005
16.87	-8.508	37.192	0.019
16.88	-8.499	40.600	0.036
16.89	-8.490	38.913	0.051
16.9	-8.481	33.245	0.069
16.91	-8.471	25.055	0.089
16.92	-8.461	15.614	0.104
16.93	-8.452	5.925	0.113
16.94	-8.443	-3.222	0.115
16.95	-8.433	-11.261	0.108
16.96	-8.423	-17.859	0.091
16.97	-8.415	-22.903	0.065
16.98	-8.407	-26.381	0.033
16.99	-8.399	-28.298	0.002
17.0	-8.391	-28.725	-0.025
17.01	-8.381	-27.827	-0.044
17.02	-8.373	-25.898	-0.061
17.03	-8.365	-23.433	-0.077
17.04	-8.357	-21.013	-0.085
17.05	-8.349	-19.105	-0.086
17.06	-8.341	-17.895	-0.085
17.07	-8.332	-17.147	-0.080
17.08	-8.324	-16.295	-0.073
17.09	-8.318	-14.823	-0.068
17.1	-8.312	-12.592	-0.061
17.11	-8.307	-9.905	-0.054
17.12	-8.303	-7.242	-0.048
17.13	-8.298	-4.934	-0.043
17.14	-8.293	-3.111	-0.042
17.15	-8.289	-1.733	-0.041
17.16	-8.286	-0.741	-0.042
17.17	-8.284	-0.227	-0.042
17.18	-8.282	-0.325	-0.042
17.19	-8.279	-1.106	-0.043
17.2	-8.276	-2.578	-0.046
17.21	-8.274	-4.619	-0.049
17.22	-8.271	-6.981	-0.051
17.23	-8.267	-9.381	-0.053
17.24	-8.263	-11.548	-0.055
17.25	-8.259	-13.269	-0.059
17.26	-8.256	-14.489	-0.062
17.27	-8.251	-15.298	-0.062
17.28	-8.248	-15.822	-0.062
17.29	-8.244	-16.159	-0.064
17.3	-8.241	-16.353	-0.069
17.31	-8.236	-16.400	-0.073
17.32	-8.232	-16.313	-0.074
17.33	-8.229	-16.106	-0.073
17.34	-8.226	-15.833	-0.073
17.35	-8.222	-15.511	-0.077
17.36	-8.217	-15.063	-0.080
17.37	-8.213	-14.456	-0.084
17.38	-8.209	-13.720	-0.090
17.39	-8.206	-12.869	-0.091
17.4	-8.202	-12.008	-0.094
17.41	-8.197	-11.248	-0.097
17.42	-8.194	-10.570	-0.096
17.43	-8.190	-9.973	-0.091
17.44	-8.188	-9.480	-0.083
17.45	-8.185	-9.066	-0.077
17.46	-8.182	-8.703	-0.064
17.47	-8.179	-8.438	-0.040
17.48	-8.176	-8.323	-0.022
17.49	-8.174	-8.309	-0.011
17.5	-8.171	-8.319	-0.007
17.51	-8.168	-8.311	-0.018
17.52	-8.166	-8.287	-0.039
17.53	-8.162	-8.302	-0.059
17.54	-8.161	-8.414	-0.067
17.55	-8.161	-8.631	-0.064
17.56	-8.161	-8.906	-0.063
17.57	-8.160	-9.230	-0.059
17.58	-8.158	-9.625	-0.047
17.59	-8.156	-10.066	0.014
17.6	-8.157	-10.484	0.200
17.61	-8.160	-10.839	0.400
17.62	-8.165	-11.097	0.420
17.63	-8.171	-11.258	0.199
17.64	-8.178	-11.417	-0.067
17.65	-8.178	-11.650	-0.132
17.66	-8.171	-11.927	-0.087
17.67	-8.162	-12.144	-0.062
17.68	-8.158	-12.252	-0.053
17.69	-8.155	-12.294	-0.049
17.7	-8.153	-12.222	-0.041
17.71	-8.150	-11.628	-0.032
17.72	-8.148	-9.342	-0.024
17.73	-8.146	-3.531	-0.018
17.74	-8.145	6.659	-0.012
17.75	-8.144	19.602	-0.000
17.76	-8.145	31.894	0.013
17.77	-8.148	40.250	0.024
17.78	-8.152	43.180	0.037
17.79	-8.159	41.022	0.052
17.8	-8.166	34.955	0.068
17.81	-8.175	26.484	0.084
17.82	-8.186	16.895	0.098
17.83	-8.197	7.061	0.111
17.84	-8.209	-2.322	0.117
17.85	-8.222	-10.666	0.115
17.86	-8.234	-17.573	0.101
17.87	-8.248	-22.813	0.078
17.88	-8.262	-26.291	0.051
17.89	-8.277	-28.044	0.022
17.9	-8.291	-28.209	-0.009
17.91	-8.304	-27.036	-0.036
17.92	-8.316	-24.894	-0.058
17.93	-8.328	-22.239	-0.072
17.94	-8.341	-19.623	-0.078
17.95	-8.353	-17.559	-0.080
17.96	-8.366	-16.272	-0.082
17.97	-8.378	-15.508	-0.085
17.98	-8.391	-14.698	-0.087
17.99	-8.402	-13.327	-0.088
18.0	-8.413	-11.195	-0.091
18.01	-8.424	-8.513	-0.092
18.02	-8.435	-5.755	-0.096
18.03	-8.446	-3.344	-0.103
18.04	-8.457	-1.502	-0.110
18.05	-8.467	-0.283	-0.117
18.06	-8.478	0.358	-0.120
18.07	-8.489	0.497	-0.120
18.08	-8.500	0.169	-0.121
18.09	-8.511	-0.647	-0.124
18.1	-8.521	-1.950	-0.127
18.11	-8.531	-3.692	-0.131
18.12	-8.541	-5.739	-0.133
18.13	-8.551	-7.938	-0.134
18.14	-8.561	-10.131	-0.134
18.15	-8.570	-12.119	-0.132
18.16	-8.579	-13.761	-0.130
18.17	-8.588	-15.000	-0.130
18.18	-8.598	-15.791	-0.128
18.19	-8.607	-16.191	-0.122
18.2	-8.617	-16.295	-0.118
18.21	-8.627	-16.208	-0.116
18.22	-8.638	-16.045	-0.114
18.23	-8.647	-15.834	-0.113
18.24	-8.656	-15.561	-0.110
18.25	-8.664	-15.227	-0.107
18.26	-8.672	-14.828	-0.104
18.27	-8.681	-14.356	-0.098
18.28	-8.688	-13.778	-0.090
18.29	-8.696	-13.091	-0.083
18.3	-8.704	-12.333	-0.081
18.31	-8.711	-11.531	-0.079
18.32	-8.720	-10.706	-0.076
18.33	-8.728	-9.930	-0.073
18.34	-8.736	-9.297	-0.072
18.35	-8.743	-8.880	-0.071
18.36	-8.751	-8.653	-0.067
18.37	-8.759	-8.533	-0.061
18.38	-8.766	-8.478	-0.054
18.39	-8.772	-8.498	-0.038
18.4	-8.779	-8.598	-0.020
18.41	-8.786	-8.708	-0.004
18.42	-8.793	-8.802	0.005
18.43	-8.800	-8.930	0.002
18.44	-8.806	-9.098	-0.011
18.45	-8.813	-9.322	-0.033
18.46	-8.819	-9.641	-0.054
18.47	-8.825	-10.014	-0.065
18.48	-8.832	-10.391	-0.065
18.49	-8.841	-10.733	-0.063
18.5	-8.849	-11.028	-0.058
18.51	-8.854	-11.322	-0.047
18.52	-8.860	-11.611	0.018
18.53	-8.868	-11.802	0.212
18.54	-8.876	-11.888	0.419
18.55	-8.884	-11.856	0.445
18.56	-8.891	-11.713	0.217
18.57	-8.898	-11.628	-0.060
18.58	-8.899	-11.686	-0.123
18.59	-8.898	-11.838	-0.070
18.6	-8.897	-12.028	-0.041
18.61	-8.899	-12.284	-0.034
18.62	-8.901	-12.620	-0.029
18.63	-8.901	-12.930	-0.014
18.64	-8.901	-12.803	0.001
18.65	-8.902	-10.933	0.016
18.66	-8.904	-5.338	0.033
18.67	-8.904	4.944	0.049
18.68	-8.904	18.323	0.064
18.69	-8.904	31.269	0.070
18.7	-8.905	40.448	0.077
18.71	-8.908	44.069	0.095
18.72	-8.909	42.158	0.116
18.73	-8.912	35.998	0.134
18.74	-8.918	27.134	0.151
18.75	-8.922	16.941	0.166
18.76	-8.926	6.575	0.172
18.77	-8.928	-3.080	0.168
18.78	-8.929	-11.473	0.161
18.79	-8.929	-18.342	0.146
18.8	-8.930	-23.545	0.122
18.81	-8.934	-27.048	0.096
18.82	-8.937	-28.992	0.068
18.83	-8.938	-29.552	0.035
18.84	-8.938	-28.877	0.007
18.85	-8.937	-27.181	-0.011
18.86	-8.937	-24.847	-0.024
18.87	-8.936	-22.330	-0.030
18.88	-8.934	-20.081	-0.031
18.89	-8.931	-18.441	-0.033
18.9	-8.928	-17.262	-0.034
18.91	-8.926	-16.050	-0.031
18.92	-8.924	-14.380	-0.024
18.93	-8.923	-12.097	-0.017
18.94	-8.922	-9.427	-0.015
18.95	-8.922	-6.745	-0.012
18.96	-8.923	-4.309	-0.006
18.97	-8.924	-2.280	0.000
18.98	-8.924	-0.741	0.001
18.99	-8.924	0.272	-0.002
19.0	-8.923	0.698	-0.004
19.01	-8.921	0.467	-0.008
19.02	-8.917	-0.414	-0.011
19.03	-8.911	-1.886	-0.014
19.04	-8.902	-3.891	-0.015
19.05	-8.892	-6.316	-0.017
19.06	-8.881	-8.936	-0.020
19.07	-8.869	-11.456	-0.020
19.08	-8.856	-13.606	-0.021
19.09	-8.842	-15.234	-0.022
19.1	-8.828	-16.334	-0.021
19.11	-8.813	-16.984	-0.019
19.12	-8.797	-17.311	-0.018
19.13	-8.782	-17.398	-0.020
19.14	-8.768	-17.272	-0.024
19.15	-8.753	-16.981	-0.022
19.16	-8.739	-16.655	-0.018
19.17	-8.725	-16.380	-0.016
19.18	-8.711	-16.144	-0.016
19.19	-8.696	-15.855	-0.014
19.2	-8.683	-15.394	-0.014
19.21	-8.669	-14.677	-0.013
19.22	-8.655	-13.733	-0.013
19.23	-8.641	-12.709	-0.015
19.24	-8.627	-11.747	-0.013
19.25	-8.613	-10.916	-0.010
19.26	-8.599	-10.225	-0.012
19.27	-8.586	-9.636	-0.015
19.28	-8.573	-9.192	-0.012
19.29	-8.560	-8.964	-0.005
19.3	-8.547	-8.920	0.004
19.31	-8.535	-8.970	0.021
19.32	-8.523	-9.017	0.036
19.33	-8.512	-8.984	0.049
19.34	-8.501	-8.867	0.053
19.35	-8.489	-8.713	0.040
19.36	-8.477	-8.600	0.015
19.37	-8.465	-8.619	-0.014
19.38	-8.453	-8.811	-0.037
19.39	-8.443	-9.147	-0.048
19.4	-8.434	-9.595	-0.054
19.41	-8.425	-10.097	-0.059
19.42	-8.414	-10.597	-0.058
19.43	-8.402	-11.072	-0.048
19.44	-8.392	-11.511	0.060
19.45	-8.384	-11.906	0.281
19.46	-8.376	-12.225	0.429
19.47	-8.367	-12.397	0.346
19.48	-8.357	-12.417	0.065
19.49	-8.347	-12.370	-0.131
19.5	-8.334	-12.313	-0.125
19.51	-8.320	-12.252	-0.084
19.52	-8.306	-12.222	-0.069
19.53	-8.291	-12.250	-0.064
19.54	-8.277	-12.305	-0.059
19.55	-8.264	-12.233	-0.049
19.56	-8.252	-11.358	-0.037
19.57	-8.242	-8.058	-0.027
19.58	-8.231	-0.567	-0.018
19.59	-8.219	11.120	-0.008
19.6	-8.208	24.464	0.002
19.61	-8.197	35.802	0.016
19.62	-8.188	42.456	0.031
19.63	-8.179	43.575	0.048
19.64	-8.171	39.761	0.064
19.65	-8.164	32.403	0.081
19.66	-8.157	22.994	0.100
19.67	-8.151	12.727	0.113
19.68	-8.145	2.550	0.116
19.69	-8.138	-6.792	0.111
19.7	-8.131	-14.878	0.102
19.71	-8.124	-21.455	0.086
19.72	-8.119	-26.316	0.065
19.73	-8.114	-29.363	0.038
19.74	-8.109	-30.589	0.010
19.75	-8.102	-30.091	-0.015
19.76	-8.096	-28.183	-0.037
19.77	-8.089	-25.388	-0.053
19.78	-8.083	-22.344	-0.065
19.79	-8.077	-19.725	-0.072
19.8	-8.072	-18.028	-0.073
19.81	-8.068	-17.259	-0.072
19.82	-8.063	-16.877	-0.071
19.83	-8.057	-16.175	-0.068
19.84	-8.051	-14.631	-0.061
19.85	-8.045	-12.133	-0.056
19.86	-8.040	-9.162	-0.051
19.87	-8.035	-6.355	-0.045
19.88	-8.031	-4.022	-0.042
19.89	-8.027	-2.263	-0.041
19.9	-8.024	-1.103	-0.044
19.91	-8.021	-0.495	-0.050
19.92	-8.018	-0.392	-0.052
19.93	-8.014	-0.855	-0.054
19.94	-8.012	-1.920	-0.056
19.95	-8.009	-3.488	-0.060
19.96	-8.008	-5.375	-0.065
19.97	-8.005	-7.422	-0.066
19.98	-8.002	-9.559	-0.066
19.99	-7.999	-11.661	-0.069
20.0	-7.996	-13.603	-0.071
20.01	-7.993	-15.328	-0.070
20.02	-7.991	-16.625	-0.068
20.03	-7.989	-17.359	-0.066
20.04	-7.987	-17.650	-0.067
20.05	-7.986	-17.552	-0.067
20.06	-7.983	-17.089	-0.064
20.07	-7.981	-16.556	-0.062
20.08	-7.979	-16.120	-0.057
20.09	-7.978	-15.727	-0.052
20.1	-7.975	-15.464	-0.048
20.11	-7.973	-15.253	-0.047
20.12	-7.971	-14.827	-0.049
20.13	-7.969	-14.133	-0.049
20.14	-7.968	-13.320	-0.046
20.15	-7.967	-12.492	-0.045
20.16	-7.967	-11.656	-0.043
20.17	-7.967	-10.789	-0.041
20.18	-7.966	-9.891	-0.042
20.19	-7.965	-9.056	-0.042
20.2	-7.963	-8.434	-0.040
20.21	-7.961	-8.152	-0.037
20.22	-7.959	-8.159	-0.027
20.23	-7.958	-8.314	-0.018
20.24	-7.957	-8.519	-0.007
20.25	-7.956	-8.659	0.012
20.26	-7.956	-8.736	0.032
20.27	-7.956	-8.823	0.045
20.28	-7.956	-8.916	0.042
20.29	-7.955	-9.009	0.025
20.3	-7.954	-9.147	-0.000
20.31	-7.954	-9.345	-0.028
20.32	-7.954	-9.537	-0.043
20.33	-7.955	-9.670	-0.047
20.34	-7.958	-9.813	-0.049
20.35	-7.959	-10.053	-0.047
20.36	-7.958	-10.375	-0.041
20.37	-7.958	-10.723	0.006
20.38	-7.959	-11.036	0.182
20.39	-7.963	-11.245	0.395
20.4	-7.969	-11.314	0.437
20.41	-7.978	-11.300	0.235
20.42	-7.989	-11.339	-0.041
20.43	-7.996	-11.481	-0.124
20.44	-7.996	-11.673	-0.078
20.45	-7.993	-11.778	-0.055
20.46	-7.991	-11.720	-0.054
20.47	-7.990	-11.589	-0.051
20.48	-7.989	-11.413	-0.038
20.49	-7.986	-10.859	-0.029
20.5	-7.985	-8.823	-0.023
20.51	-7.986	-3.427	-0.019
20.52	-7.988	6.491	-0.019
20.53	-7.991	19.627	-0.015
20.54	-7.996	32.617	-0.007
20.55	-8.005	42.072	-0.000
20.56	-8.018	46.105	0.013
20.57	-8.033	44.616	0.032
20.58	-8.049	38.719	0.055
20.59	-8.066	29.964	0.073
20.6	-8.082	19.828	0.086
20.61	-8.099	9.455	0.097
20.62	-8.114	-0.405	0.104
20.63	-8.129	-9.238	0.099
20.64	-8.143	-16.681	0.083
20.65	-8.156	-22.486	0.060
20.66	-8.172	-26.464	0.033
20.67	-8.188	-28.552	0.002
20.68	-8.203	-28.891	-0.028
20.69	-8.217	-27.809	-0.056
20.7	-8.229	-25.722	-0.076
20.71	-8.241	-23.086	-0.087
20.72	-8.252	-20.402	-0.095
20.73	-8.264	-18.127	-0.096
20.74	-8.274	-16.578	-0.092
20.75	-8.284	-15.713	-0.084
20.76	-8.295	-15.034	-0.079
20.77	-8.306	-13.925	-0.077
20.78	-8.317	-12.044	-0.074
20.79	-8.328	-9.489	-0.073
20.8	-8.339	-6.692	-0.076
20.81	-8.350	-4.100	-0.078
20.82	-8.361	-1.922	-0.073
20.83	-8.372	-0.228	-0.067
20.84	-8.383	0.923	-0.064
20.85	-8.394	1.508	-0.064
20.86	-8.405	1.473	-0.061
20.87	-8.416	0.763	-0.056
20.88	-8.428	-0.594	-0.055
20.89	-8.439	-2.531	-0.057
20.9	-8.450	-4.920	-0.057
20.91	-8.460	-7.500	-0.054
20.92	-8.471	-10.030	-0.052
20.93	-8.480	-12.331	-0.051
20.94	-8.491	-14.230	-0.049
20.95	-8.502	-15.630	-0.045
20.96	-8.513	-16.552	-0.042
20.97	-8.524	-17.092	-0.039
20.98	-8.534	-17.288	-0.036
20.99	-8.544	-17.166	-0.033
21.0	-8.554	-16.842	-0.032
21.01	-8.564	-16.508	-0.033
21.02	-8.573	-16.209	-0.030
21.03	-8.582	-15.819	-0.024
21.04	-8.591	-15.358	-0.024
21.05	-8.600	-14.922	-0.026
21.06	-8.610	-14.442	-0.024
21.07	-8.620	-13.867	-0.024
21.08	-8.629	-13.223	-0.024
21.09	-8.638	-12.467	-0.024
21.1	-8.647	-11.619	-0.021
21.11	-8.656	-10.755	-0.020
21.12	-8.666	-9.898	-0.024
21.13	-8.673	-9.127	-0.025
21.14	-8.681	-8.505	-0.024
21.15	-8.689	-8.103	-0.019
21.16	-8.697	-8.013	-0.009
21.17	-8.705	-8.208	-0.001
21.18	-8.713	-8.575	0.012
21.19	-8.721	-8.942	0.031
21.2	-8.729	-9.209	0.049
21.21	-8.737	-9.419	0.052
21.22	-8.744	-9.638	0.044
21.23	-8.752	-9.867	0.023
21.24	-8.759	-10.047	-0.007
21.25	-8.767	-10.163	-0.032
21.26	-8.775	-10.263	-0.041
21.27	-8.784	-10.434	-0.043
21.28	-8.794	-10.692	-0.047
21.29	-8.801	-10.966	-0.046
21.3	-8.808	-11.273	-0.028
21.31	-8.817	-11.594	0.087
21.32	-8.827	-11.848	0.312
21.33	-8.836	-12.097	0.457
21.34	-8.844	-12.352	0.363
21.35	-8.854	-12.523	0.070
21.36	-8.861	-12.589	-0.130
21.37	-8.865	-12.550	-0.118
21.38	-8.867	-12.433	-0.072
21.39	-8.873	-12.313	-0.055
21.4	-8.877	-12.256	-0.047
21.41	-8.880	-12.333	-0.042
21.42	-8.882	-12.414	-0.034
21.43	-8.884	-11.852	-0.026
21.44	-8.888	-9.125	-0.016
21.45	-8.891	-2.195	-0.008
21.46	-8.893	9.434	-0.000
21.47	-8.895	23.361	0.009
21.48	-8.896	35.703	0.020
21.49	-8.899	43.367	0.037
21.5	-8.903	45.133	0.057
21.51	-8.907	41.523	0.079
21.52	-8.911	34.053	0.102
21.53	-8.914	24.375	0.120
21.54	-8.918	13.792	0.134
21.55	-8.922	3.288	0.141
21.56	-8.926	-6.388	0.135
21.57	-8.928	-14.650	0.121
21.58	-8.931	-21.209	0.103
21.59	-8.936	-26.041	0.077
21.6	-8.944	-29.136	0.048
21.61	-8.952	-30.616	0.018
21.62	-8.959	-30.720	-0.015
21.63	-8.966	-29.634	-0.042
21.64	-8.972	-27.641	-0.060
21.65	-8.978	-25.155	-0.073
21.66	-8.982	-22.655	-0.076
21.67	-8.988	-20.602	-0.070
21.68	-8.991	-19.213	-0.066
21.69	-8.994	-18.230	-0.063
21.7	-8.995	-17.058	-0.056
21.71	-8.996	-15.188	-0.048
21.72	-8.996	-12.480	-0.043
21.73	-8.996	-9.272	-0.041
21.74	-8.995	-6.113	-0.042
21.75	-8.994	-3.353	-0.043
21.76	-8.991	-1.148	-0.039
21.77	-8.987	0.436	-0.037
21.78	-8.980	1.356	-0.037
21.79	-8.971	1.628	-0.036
21.8	-8.961	1.295	-0.038
21.81	-8.947	0.353	-0.045
21.82	-8.933	-1.263	-0.048
21.83	-8.916	-3.569	-0.047
21.84	-8.901	-6.391	-0.047
21.85	-8.884	-9.391	-0.048
21.86	-8.869	-12.186	-0.051
21.87	-8.853	-14.475	-0.054
21.88	-8.837	-16.117	-0.055
21.89	-8.821	-17.109	-0.055
21.9	-8.806	-17.556	-0.055
21.91	-8.791	-17.650	-0.056
21.92	-8.776	-17.581	-0.056
21.93	-8.761	-17.450	-0.053
21.94	-8.746	-17.283	-0.047
21.95	-8.730	-17.055	-0.047
21.96	-8.714	-16.750	-0.051
21.97	-8.699	-16.378	-0.052
21.98	-8.683	-15.948	-0.052
21.99	-8.668	-15.427	-0.054
22.0	-8.653	-14.739	-0.056
22.01	-8.638	-13.891	-0.053
22.02	-8.624	-12.978	-0.045
22.03	-8.610	-12.067	-0.041
22.04	-8.597	-11.197	-0.044
22.05	-8.583	-10.433	-0.049
22.06	-8.569	-9.842	-0.050
22.07	-8.556	-9.442	-0.043
22.08	-8.544	-9.200	-0.034
22.09	-8.533	-9.023	-0.022
22.1	-8.522	-8.847	-0.003
22.11	-8.510	-8.722	0.013
22.12	-8.498	-8.669	0.016
22.13	-8.486	-8.659	0.007
22.14	-8.476	-8.716	-0.008
22.15	-8.466	-8.814	-0.032
22.16	-8.456	-8.908	-0.054
22.17	-8.446	-9.055	-0.062
22.18	-8.437	-9.331	-0.064
22.19	-8.430	-9.713	-0.067
22.2	-8.422	-10.159	-0.067
22.21	-8.411	-10.655	-0.062
22.22	-8.402	-11.106	0.019
22.23	-8.396	-11.414	0.225
22.24	-8.389	-11.591	0.400
22.25	-8.381	-11.686	0.370
22.26	-8.373	-11.759	0.117
22.27	-8.364	-11.888	-0.118
22.28	-8.353	-12.109	-0.141
22.29	-8.340	-12.367	-0.096
22.3	-8.327	-12.514	-0.077
22.31	-8.315	-12.541	-0.073
22.32	-8.303	-12.503	-0.072
22.33	-8.291	-12.367	-0.066
22.34	-8.280	-11.769	-0.060
22.35	-8.269	-9.345	-0.051
22.36	-8.258	-3.083	-0.044
22.37	-8.248	7.788	-0.038
22.38	-8.238	21.394	-0.023
22.39	-8.229	34.073	-0.008
22.4	-8.220	42.470	0.005
22.41	-8.212	45.072	0.022
22.42	-8.204	42.298	0.040
22.43	-8.196	35.545	0.060
22.44	-8.189	26.431	0.080
22.45	-8.183	16.325	0.092
22.46	-8.176	6.203	0.097
22.47	-8.170	-3.206	0.097
22.48	-8.164	-11.484	0.089
22.49	-8.159	-18.405	0.073
22.5	-8.154	-23.763	0.050
22.51	-8.148	-27.441	0.019
22.52	-8.143	-29.514	-0.011
22.53	-8.136	-30.148	-0.039
22.54	-8.129	-29.480	-0.066
22.55	-8.123	-27.769	-0.084
22.56	-8.117	-25.403	-0.091
22.57	-8.111	-22.806	-0.091
22.58	-8.105	-20.494	-0.090
22.59	-8.099	-18.811	-0.089
22.6	-8.092	-17.605	-0.084
22.61	-8.087	-16.359	-0.079
22.62	-8.081	-14.611	-0.078
22.63	-8.076	-12.170	-0.076
22.64	-8.071	-9.263	-0.070
22.65	-8.067	-6.388	-0.068
22.66	-8.063	-3.938	-0.068
22.67	-8.057	-2.111	-0.066
22.68	-8.051	-0.923	-0.062
22.69	-8.046	-0.291	-0.058
22.7	-8.043	-0.100	-0.057
22.71	-8.040	-0.350	-0.061
22.72	-8.037	-1.081	-0.065
22.73	-8.034	-2.209	-0.068
22.74	-8.030	-3.756	-0.070
22.75	-8.027	-5.766	-0.074
22.76	-8.024	-8.116	-0.076
22.77	-8.023	-10.572	-0.078
22.78	-8.021	-12.852	-0.082
22.79	-8.019	-14.700	-0.084
22.8	-8.018	-16.039	-0.082
22.81	-8.017	-16.942	-0.082
22.82	-8.016	-17.473	-0.081
22.83	-8.015	-17.670	-0.079
22.84	-8.014	-17.580	-0.080
22.85	-8.013	-17.319	-0.081
22.86	-8.012	-17.019	-0.080
22.87	-8.012	-16.655	-0.078
22.88	-8.011	-16.148	-0.080
22.89	-8.011	-15.491	-0.084
22.9	-8.010	-14.711	-0.085
22.91	-8.009	-13.847	-0.088
22.92	-8.008	-12.953	-0.090
22.93	-8.007	-12.102	-0.088
22.94	-8.007	-11.369	-0.086
22.95	-8.007	-10.783	-0.083
22.96	-8.006	-10.289	-0.080
22.97	-8.004	-9.809	-0.074
22.98	-8.003	-9.333	-0.068
22.99	-8.002	-8.878	-0.060
23.0	-8.001	-8.442	-0.046
23.01	-8.000	-8.022	-0.031
23.02	-7.999	-7.664	-0.014
23.03	-7.998	-7.450	-0.002
23.04	-7.997	-7.428	-0.009
23.05	-7.996	-7.567	-0.024
23.06	-7.996	-7.806	-0.048
23.07	-7.993	-8.103	-0.072
23.08	-7.991	-8.433	-0.082
23.09	-7.991	-8.717	-0.086
23.1	-7.991	-8.914	-0.092
23.11	-7.990	-9.109	-0.090
23.12	-7.987	-9.363	-0.078
23.13	-7.984	-9.653	0.008
23.14	-7.984	-9.992	0.222
23.15	-7.986	-10.392	0.399
23.16	-7.986	-10.831	0.361
23.17	-7.987	-11.261	0.107
23.18	-7.986	-11.638	-0.121
23.19	-7.982	-12.008	-0.137
23.2	-7.976	-12.398	-0.089
23.21	-7.973	-12.647	-0.071
23.22	-7.970	-12.620	-0.062
23.23	-7.967	-12.403	-0.057
23.24	-7.963	-12.056	-0.050
23.25	-7.958	-11.144	-0.044
23.26	-7.956	-8.241	-0.032
23.27	-7.953	-1.369	-0.020
23.28	-7.951	10.047	-0.013
23.29	-7.947	23.906	-0.010
23.3	-7.945	36.495	-0.003
23.31	-7.942	44.589	0.007
23.32	-7.942	46.828	0.016
23.33	-7.942	43.627	0.023
23.34	-7.942	36.395	0.036
23.35	-7.943	26.809	0.051
23.36	-7.944	16.313	0.066
23.37	-7.944	5.952	0.078
23.38	-7.945	-3.623	0.081
23.39	-7.946	-11.973	0.073
23.4	-7.946	-18.755	0.051
23.41	-7.947	-23.805	0.023
23.42	-7.950	-27.086	-0.004
23.43	-7.953	-28.647	-0.031
23.44	-7.954	-28.611	-0.059
23.45	-7.953	-27.259	-0.083
23.46	-7.953	-25.008	-0.098
23.47	-7.953	-22.319	-0.105
23.48	-7.955	-19.750	-0.110
23.49	-7.956	-17.831	-0.112
23.5	-7.958	-16.775	-0.112
23.51	-7.960	-16.253	-0.109
23.52	-7.964	-15.547	-0.104
23.53	-7.968	-14.059	-0.101
23.54	-7.974	-11.672	-0.100
23.55	-7.980	-8.748	-0.099
23.56	-7.987	-5.856	-0.097
23.57	-7.997	-3.394	-0.096
23.58	-8.007	-1.519	-0.095
23.59	-8.019	-0.252	-0.095
23.6	-8.031	0.428	-0.097
23.61	-8.044	0.514	-0.101
23.62	-8.058	-0.022	-0.103
23.63	-8.073	-1.106	-0.104
23.64	-8.089	-2.619	-0.100
23.65	-8.105	-4.513	-0.097
23.66	-8.121	-6.713	-0.096
23.67	-8.137	-9.058	-0.095
23.68	-8.152	-11.350	-0.094
23.69	-8.167	-13.345	-0.093
23.7	-8.182	-14.848	-0.091
23.71	-8.196	-15.808	-0.088
23.72	-8.211	-16.305	-0.084
23.73	-8.224	-16.472	-0.082
23.74	-8.238	-16.411	-0.077
23.75	-8.250	-16.203	-0.070
23.76	-8.262	-15.917	-0.068
23.77	-8.274	-15.594	-0.064
23.78	-8.285	-15.238	-0.059
23.79	-8.297	-14.786	-0.057
23.8	-8.309	-14.161	-0.057
23.81	-8.321	-13.378	-0.058
23.82	-8.333	-12.508	-0.056
23.83	-8.346	-11.631	-0.053
23.84	-8.360	-10.866	-0.047
23.85	-8.374	-10.281	-0.036
23.86	-8.386	-9.875	-0.027
23.87	-8.398	-9.592	-0.021
23.88	-8.410	-9.330	-0.019
23.89	-8.422	-9.017	-0.018
23.9	-8.435	-8.708	-0.015
23.91	-8.447	-8.459	-0.008
23.92	-8.458	-8.270	0.004
23.93	-8.469	-8.161	0.022
23.94	-8.482	-8.133	0.047
23.95	-8.494	-8.114	0.061
23.96	-8.505	-8.095	0.055
23.97	-8.516	-8.123	0.038
23.98	-8.526	-8.189	0.016
23.99	-8.536	-8.319	-0.002
24.0	-8.547	-8.534	-0.007
24.01	-8.561	-8.838	-0.005
24.02	-8.574	-9.278	-0.010
24.03	-8.585	-9.789	-0.011
24.04	-8.595	-10.298	-0.003
24.05	-8.606	-10.727	0.077
24.06	-8.618	-10.998	0.291
24.07	-8.631	-11.208	0.484
24.08	-8.644	-11.419	0.462
24.09	-8.659	-11.631	0.193
24.1	-8.674	-11.902	-0.064
24.11	-8.684	-12.244	-0.092
24.12	-8.693	-12.528	-0.040
24.13	-8.701	-12.714	-0.019
24.14	-8.710	-12.947	-0.011
24.15	-8.718	-13.236	-0.006
24.16	-8.727	-13.359	0.000
24.17	-8.736	-12.869	0.003
24.18	-8.745	-10.580	0.007
24.19	-8.754	-4.514	0.015
24.2	-8.762	6.317	0.026
24.21	-8.770	20.180	0.037
24.22	-8.778	33.427	0.048
24.23	-8.787	42.645	0.060
24.24	-8.796	46.086	0.074
24.25	-8.807	43.892	0.087
24.26	-8.819	37.388	0.106
24.27	-8.831	28.183	0.128
24.28	-8.842	17.720	0.143
24.29	-8.853	7.119	0.146
24.3	-8.863	-2.802	0.145
24.31	-8.872	-11.447	0.142
24.32	-8.881	-18.530	0.126
24.33	-8.892	-23.975	0.099
24.34	-8.904	-27.731	0.069
24.35	-8.914	-29.828	0.034
24.36	-8.924	-30.383	0.002
24.37	-8.933	-29.559	-0.022
24.38	-8.941	-27.616	-0.039
24.39	-8.950	-24.964	-0.051
24.4	-8.957	-22.217	-0.058
24.41	-8.964	-20.013	-0.057
24.42	-8.971	-18.625	-0.057
24.43	-8.978	-17.744	-0.056
24.44	-8.985	-16.681	-0.049
24.45	-8.992	-14.822	-0.044
24.46	-8.999	-12.039	-0.043
24.47	-9.006	-8.698	-0.040
24.48	-9.013	-5.391	-0.035
24.49	-9.020	-2.617	-0.034
24.5	-9.028	-0.602	-0.034
24.51	-9.036	0.638	-0.035
24.52	-9.043	1.175	-0.038
24.53	-9.047	1.117	-0.037
24.54	-9.053	0.564	-0.033
24.55	-9.060	-0.438	-0.032
24.56	-9.066	-1.900	-0.038
24.57	-9.071	-3.819	-0.043
24.58	-9.076	-6.136	-0.040
24.59	-9.081	-8.697	-0.042
24.6	-9.086	-11.267	-0.045
24.61	-9.092	-13.631	-0.045
24.62	-9.097	-15.594	-0.045
24.63	-9.103	-17.033	-0.046
24.64	-9.107	-17.950	-0.049
24.65	-9.111	-18.413	-0.052
24.66	-9.114	-18.527	-0.049
24.67	-9.118	-18.345	-0.043
24.68	-9.121	-17.925	-0.039
24.69	-9.124	-17.386	-0.036
24.7	-9.126	-16.764	-0.032
24.71	-9.127	-16.083	-0.031
24.72	-9.127	-15.388	-0.028
24.73	-9.128	-14.694	-0.024
24.74	-9.129	-14.000	-0.025
24.75	-9.130	-13.281	-0.025
24.76	-9.131	-12.511	-0.020
24.77	-9.130	-11.688	-0.021
24.78	-9.129	-10.870	-0.024
24.79	-9.127	-10.144	-0.022
24.8	-9.127	-9.516	-0.015
24.81	-9.127	-8.948	-0.004
24.82	-9.127	-8.414	0.007
24.83	-9.126	-7.919	0.019
24.84	-9.125	-7.545	0.030
24.85	-9.123	-7.403	0.032
24.86	-9.122	-7.517	0.024
24.87	-9.120	-7.811	0.005
24.88	-9.119	-8.208	-0.017
24.89	-9.119	-8.641	-0.031
24.9	-9.120	-9.020	-0.035
24.91	-9.124	-9.316	-0.037
24.92	-9.126	-9.597	-0.039
24.93	-9.123	-9.955	-0.041
24.94	-9.123	-10.392	-0.003
24.95	-9.126	-10.797	0.159
24.96	-9.128	-11.080	0.366
24.97	-9.129	-11.239	0.429
24.98	-9.129	-11.342	0.252
24.99	-9.128	-11.475	-0.023
25.0	-9.119	-11.713	-0.121
25.01	-9.101	-12.084	-0.083
25.02	-9.081	-12.523	-0.059
25.03	-9.063	-12.925	-0.052
25.04	-9.046	-13.198	-0.048
25.05	-9.027	-13.209	-0.042
25.06	-9.009	-12.700	-0.035
25.07	-8.991	-10.897	-0.027
25.08	-8.973	-6.119	-0.020
25.09	-8.955	3.158	-0.017
25.1	-8.937	16.222	-0.010
25.11	-8.919	29.939	0.002
25.12	-8.904	40.683	0.012
25.13	-8.888	46.113	0.021
25.14	-8.873	45.753	0.032
25.15	-8.857	40.539	0.049
25.16	-8.841	32.009	0.067
25.17	-8.824	21.734	0.077
25.18	-8.807	10.955	0.082
25.19	-8.789	0.508	0.078
25.2	-8.772	-9.036	0.065
25.21	-8.753	-17.214	0.051
25.22	-8.737	-23.631	0.029
25.23	-8.723	-28.038	-0.003
25.24	-8.711	-30.372	-0.038
25.25	-8.699	-30.798	-0.070
25.26	-8.684	-29.639	-0.097
25.27	-8.670	-27.291	-0.117
25.28	-8.656	-24.303	-0.131
25.29	-8.641	-21.355	-0.138
25.3	-8.626	-19.070	-0.134
25.31	-8.610	-17.833	-0.129
25.32	-8.596	-17.478	-0.126
25.33	-8.581	-17.281	-0.123
25.34	-8.566	-16.441	-0.119
25.35	-8.551	-14.530	-0.115
25.36	-8.536	-11.664	-0.111
25.37	-8.521	-8.408	-0.106
25.38	-8.508	-5.397	-0.097
25.39	-8.495	-3.014	-0.091
25.4	-8.482	-1.403	-0.090
25.41	-8.469	-0.569	-0.091
25.42	-8.457	-0.409	-0.091
25.43	-8.444	-0.823	-0.088
25.44	-8.431	-1.731	-0.083
25.45	-8.418	-3.064	-0.081
25.46	-8.404	-4.805	-0.076
25.47	-8.391	-6.911	-0.068
25.48	-8.377	-9.247	-0.064
25.49	-8.364	-11.656	-0.062
25.5	-8.351	-13.969	-0.059
25.51	-8.338	-15.936	-0.057
25.52	-8.326	-17.373	-0.053
25.53	-8.314	-18.277	-0.047
25.54	-8.303	-18.714	-0.041
25.55	-8.292	-18.814	-0.037
25.56	-8.281	-18.698	-0.033
25.57	-8.269	-18.386	-0.027
25.58	-8.258	-17.891	-0.025
25.59	-8.247	-17.309	-0.024
25.6	-8.236	-16.738	-0.021
25.61	-8.225	-16.180	-0.019
25.62	-8.213	-15.598	-0.019
25.63	-8.201	-14.942	-0.019
25.64	-8.189	-14.191	-0.020
25.65	-8.178	-13.342	-0.022
25.66	-8.168	-12.373	-0.019
25.67	-8.158	-11.355	-0.013
25.68	-8.149	-10.469	-0.007
25.69	-8.139	-9.831	-0.001
25.7	-8.129	-9.505	0.009
25.71	-8.120	-9.406	0.026
25.72	-8.111	-9.359	0.044
25.73	-8.103	-9.336	0.056
25.74	-8.095	-9.305	0.055
25.75	-8.088	-9.258	0.040
25.76	-8.081	-9.253	0.015
25.77	-8.074	-9.297	-0.013
25.78	-8.067	-9.364	-0.029
25.79	-8.061	-9.436	-0.026
25.8	-8.057	-9.552	-0.026
25.81	-8.052	-9.745	-0.039
25.82	-8.045	-10.034	-0.041
25.83	-8.038	-10.419	0.035
25.84	-8.033	-10.827	0.238
25.85	-8.028	-11.223	0.424
25.86	-8.022	-11.603	0.417
25.87	-8.016	-11.942	0.186
25.88	-8.010	-12.239	-0.059
25.89	-8.001	-12.464	-0.105
25.9	-7.991	-12.598	-0.064
25.91	-7.980	-12.639	-0.050
25.92	-7.971	-12.659	-0.049
25.93	-7.961	-12.756	-0.045
25.94	-7.953	-12.800	-0.036
25.95	-7.944	-12.261	-0.029
25.96	-7.936	-9.795	-0.022
25.97	-7.928	-3.422	-0.014
25.98	-7.921	7.655	-0.004
25.99	-7.913	21.602	0.009
26.0	-7.907	34.795	0.022
26.01	-7.901	43.844	0.035
26.02	-7.897	47.105	0.049
26.03	-7.894	44.731	0.066
26.04	-7.890	37.973	0.084
26.05	-7.886	28.502	0.101
26.06	-7.883	17.830	0.115
26.07	-7.879	7.034	0.124
26.08	-7.875	-3.138	0.126
26.09	-7.872	-12.017	0.120
26.1	-7.869	-19.147	0.105
26.11	-7.868	-24.386	0.081
26.12	-7.868	-27.717	0.054
26.13	-7.868	-29.244	0.028
26.14	-7.865	-29.164	0.003
26.15	-7.862	-27.745	-0.019
26.16	-7.859	-25.391	-0.033
26.17	-7.856	-22.631	-0.043
26.18	-7.853	-20.039	-0.051
26.19	-7.849	-18.120	-0.054
26.2	-7.848	-17.042	-0.054
26.21	-7.847	-16.439	-0.057
26.22	-7.846	-15.717	-0.056
26.23	-7.846	-14.408	-0.056
26.24	-7.846	-12.298	-0.059
26.25	-7.846	-9.584	-0.065
26.26	-7.844	-6.717	-0.070
26.27	-7.843	-4.092	-0.072
26.28	-7.843	-1.995	-0.070
26.29	-7.842	-0.583	-0.065
26.3	-7.841	0.100	-0.061
26.31	-7.841	0.056	-0.064
26.32	-7.842	-0.648	-0.066
26.33	-7.843	-1.900	-0.064
26.34	-7.843	-3.577	-0.063
26.35	-7.844	-5.600	-0.063
26.36	-7.843	-7.855	-0.065
26.37	-7.843	-10.134	-0.068
26.38	-7.843	-12.234	-0.068
26.39	-7.843	-14.008	-0.069
26.4	-7.843	-15.395	-0.069
26.41	-7.843	-16.433	-0.069
26.42	-7.842	-17.158	-0.066
26.43	-7.843	-17.530	-0.062
26.44	-7.843	-17.545	-0.058
26.45	-7.843	-17.352	-0.055
26.46	-7.843	-17.047	-0.055
26.47	-7.844	-16.673	-0.057
26.48	-7.845	-16.300	-0.060
26.49	-7.845	-15.872	-0.057
26.5	-7.846	-15.344	-0.050
26.51	-7.846	-14.736	-0.049
26.52	-7.847	-14.022	-0.050
26.53	-7.848	-13.194	-0.050
26.54	-7.849	-12.303	-0.050
26.55	-7.851	-11.413	-0.048
26.56	-7.853	-10.558	-0.046
26.57	-7.854	-9.802	-0.043
26.58	-7.856	-9.206	-0.035
26.59	-7.857	-8.769	-0.024
26.6	-7.859	-8.484	-0.006
26.61	-7.861	-8.336	0.013
26.62	-7.862	-8.263	0.033
26.63	-7.862	-8.216	0.047
26.64	-7.863	-8.195	0.041
26.65	-7.864	-8.211	0.020
26.66	-7.865	-8.275	-0.006
26.67	-7.866	-8.391	-0.029
26.68	-7.867	-8.531	-0.042
26.69	-7.870	-8.641	-0.051
26.7	-7.874	-8.695	-0.058
26.71	-7.877	-8.813	-0.059
26.72	-7.877	-9.192	-0.052
26.73	-7.878	-9.855	0.023
26.74	-7.882	-10.602	0.231
26.75	-7.887	-11.219	0.430
26.76	-7.895	-11.559	0.417
26.77	-7.906	-11.633	0.150
26.78	-7.919	-11.561	-0.111
26.79	-7.930	-11.406	-0.146
26.8	-7.937	-11.228	-0.107
26.81	-7.943	-11.130	-0.101
26.82	-7.949	-11.191	-0.101
26.83	-7.956	-11.436	-0.100
26.84	-7.962	-11.680	-0.090
26.85	-7.967	-11.273	-0.080
26.86	-7.973	-8.739	-0.070
26.87	-7.982	-2.105	-0.061
26.88	-7.993	9.358	-0.054
26.89	-8.006	23.700	-0.051
26.9	-8.021	37.109	-0.043
26.91	-8.038	46.081	-0.031
26.92	-8.056	48.920	-0.019
26.93	-8.076	45.859	0.002
26.94	-8.096	38.330	0.024
26.95	-8.115	28.173	0.044
26.96	-8.134	16.991	0.062
26.97	-8.152	5.914	0.072
26.98	-8.169	-4.266	0.076
26.99	-8.186	-13.031	0.074
27.0	-8.202	-20.058	0.065
27.01	-8.219	-25.113	0.047
27.02	-8.236	-28.073	0.020
27.03	-8.253	-29.039	-0.011
27.04	-8.268	-28.336	-0.039
27.05	-8.282	-26.444	-0.062
27.06	-8.296	-23.866	-0.079
27.07	-8.311	-21.091	-0.088
27.08	-8.324	-18.628	-0.090
27.09	-8.337	-16.877	-0.087
27.1	-8.350	-15.914	-0.079
27.11	-8.364	-15.306	-0.067
27.12	-8.379	-14.306	-0.059
27.13	-8.392	-12.523	-0.058
27.14	-8.404	-10.013	-0.057
27.15	-8.416	-7.069	-0.053
27.16	-8.429	-4.244	-0.045
27.17	-8.442	-1.883	-0.040
27.18	-8.456	-0.064	-0.040
27.19	-8.469	1.253	-0.039
27.2	-8.483	2.192	-0.036
27.21	-8.498	2.689	-0.033
27.22	-8.512	2.467	-0.033
27.23	-8.525	1.159	-0.037
27.24	-8.537	-1.258	-0.040
27.25	-8.549	-4.233	-0.039
27.26	-8.561	-7.267	-0.038
27.27	-8.574	-10.127	-0.039
27.28	-8.586	-12.619	-0.041
27.29	-8.598	-14.655	-0.039
27.3	-8.609	-16.089	-0.035
27.31	-8.619	-16.813	-0.034
27.32	-8.629	-17.203	-0.036
27.33	-8.639	-17.706	-0.038
27.34	-8.649	-18.262	-0.038
27.35	-8.658	-18.509	-0.037
27.36	-8.666	-18.430	-0.037
27.37	-8.673	-18.020	-0.035
27.38	-8.679	-16.739	-0.032
27.39	-8.684	-14.655	-0.033
27.4	-8.687	-12.753	-0.031
27.41	-8.686	-10.588	-0.028
27.42	-8.682	-4.709	-0.027
27.43	-8.673	4.138	-0.021
27.44	-8.658	7.994	-0.015
27.45	-8.635	3.603	-0.020
27.46	-8.605	-2.927	-0.004
27.47	-8.573	-4.372	0.038
27.48	-8.543	2.697	0.081
27.49	-8.518	16.652	0.084
27.5	-8.499	30.534	0.031
27.51	-8.482	28.580	-0.007
27.52	-8.468	11.947	-0.016
27.53	-8.453	-0.325	-0.030
27.54	-8.438	-11.859	-0.048
27.55	-8.426	-25.194	-0.057
27.56	-8.418	-24.097	-0.055
27.57	-8.409	-9.419	-0.061
27.58	-8.398	1.708	-0.065
27.59	-8.383	3.395	-0.035
27.6	-8.367	2.659	0.101
27.61	-8.353	3.906	0.334
27.62	-8.338	2.414	0.451
27.63	-8.324	-4.031	0.319
27.64	-8.313	-11.292	0.024
27.65	-8.301	-19.305	-0.144
27.66	-8.287	-29.917	-0.105
27.67	-8.274	-39.314	-0.054
27.68	-8.261	-40.595	-0.036
27.69	-8.249	-34.120	-0.029
27.7	-8.238	-27.005	-0.012
27.71	-8.227	-24.698	0.025
27.72	-8.217	-27.953	0.050
27.73	-8.207	-30.869	0.059
27.74	-8.199	-27.130	0.059
27.75	-8.191	-14.788	0.066
27.76	-8.184	5.069	0.085
27.77	-8.176	25.206	0.093
27.78	-8.170	36.206	0.107
27.79	-8.163	37.175	0.121
27.8	-8.156	35.808	0.134
27.81	-8.148	36.120	0.159
27.82	-8.141	33.220	0.173
27.83	-8.134	23.872	0.184
27.84	-8.127	10.777	0.198
27.85	-8.123	-2.947	0.189
27.86	-8.118	-13.575	0.176
27.87	-8.116	-17.509	0.168
27.88	-8.113	-15.845	0.142
27.89	-8.111	-12.316	0.102
27.9	-8.109	-10.277	0.070
27.91	-8.106	-13.734	0.046
27.92	-8.102	-24.117	0.026
27.93	-8.099	-31.509	0.005
27.94	-8.094	-13.744	-0.020
27.95	-8.090	23.772	-0.030
27.96	-8.084	46.923	-0.022
27.97	-8.079	51.042	-0.017
27.98	-8.076	51.125	-0.013
27.99	-8.072	51.139	-0.022
28.0	-8.069	51.139	-0.036
28.01	-8.066	51.139	-0.014
28.02	-8.063	51.139	0.025
28.03	-8.060	51.139	0.050
28.04	-8.056	51.139	0.064
28.05	-8.054	51.109	0.069
28.06	-8.052	50.525	0.081
28.07	-8.049	42.928	0.107
28.08	-8.047	22.263	0.111
28.09	-8.045	3.663	0.106
28.1	-8.043	-2.828	0.133
28.11	-8.041	-10.098	0.159
28.12	-8.039	-14.936	0.180
28.13	-8.036	-10.509	0.219
28.14	-8.034	-15.305	0.243
28.15	-8.033	-34.641	0.268
28.16	-8.032	-48.336	0.302
28.17	-8.031	-50.917	0.324
28.18	-8.029	-46.295	0.353
28.19	-8.027	-21.994	0.369
28.2	-8.026	14.872	0.405
28.21	-8.025	26.258	0.466
28.22	-8.024	7.367	0.506
28.23	-8.023	-11.650	0.535
28.24	-8.023	-16.866	0.571
