Interval=	0.01 s
ExcelDateTime=	3.9770427002588032e+004	18/11/2008 10:14:53.023607
TimeFormat=	StartOfBlock
ChannelTitle=	Channel 1	Channel 2	Channel 3
Range=	20.000 mV	50.000 mV	2.000 mV
0.0	-8.078	-16.863	-0.011
0.01	-8.077	-14.703	-0.055
0.02	-8.075	-12.748	-0.088
0.03	-8.072	-11.352	-0.089
0.04	-8.069	-10.405	-0.086
0.05	-8.065	-10.314	-0.076
0.06	-8.061	-11.184	-0.069
0.07	-8.058	-11.850	-0.076
0.08	-8.054	-11.517	-0.074
0.09	-8.049	-10.608	-0.064
0.1	-8.044	-9.473	-0.063
0.11	-8.039	-8.153	-0.064
0.12	-8.035	-6.914	-0.054
0.13	-8.031	-6.028	-0.047
0.14	-8.027	-5.541	-0.048
0.15	-8.023	-5.577	-0.048
0.16	-8.018	-6.194	-0.049
0.17	-8.012	-7.186	-0.044
0.18	-8.006	-8.397	-0.044
0.19	-8.001	-9.648	-0.052
0.2	-7.996	-10.680	-0.046
0.21	-7.993	-11.544	-0.045
0.22	-7.991	-12.520	-0.055
0.23	-7.988	-13.639	-0.058
0.24	-7.986	-14.667	-0.058
0.25	-7.983	-15.375	-0.061
0.26	-7.979	-15.638	-0.063
0.27	-7.976	-15.463	-0.059
0.28	-7.973	-15.027	-0.060
0.29	-7.971	-14.606	-0.064
0.3	-7.969	-14.409	-0.062
0.31	-7.967	-14.417	-0.060
0.32	-7.964	-14.425	-0.059
0.33	-7.962	-14.261	-0.057
0.34	-7.959	-13.877	-0.061
0.35	-7.957	-13.311	-0.063
0.36	-7.954	-12.650	-0.058
0.37	-7.953	-12.006	-0.055
0.38	-7.953	-11.441	-0.058
0.39	-7.952	-10.908	-0.061
0.4	-7.952	-10.364	-0.058
0.41	-7.951	-9.856	-0.053
0.42	-7.950	-9.461	-0.051
0.43	-7.949	-9.192	-0.050
0.44	-7.948	-9.020	-0.053
0.45	-7.947	-8.920	-0.056
0.46	-7.946	-8.845	-0.053
0.47	-7.943	-8.761	-0.047
0.48	-7.939	-8.734	-0.045
0.49	-7.935	-8.863	-0.038
0.5	-7.933	-9.158	-0.015
0.51	-7.932	-9.489	0.011
0.52	-7.931	-9.738	0.022
0.53	-7.931	-10.028	0.017
0.54	-7.931	-10.409	0.014
0.55	-7.930	-10.708	0.004
0.56	-7.929	-10.791	-0.026
0.57	-7.929	-10.703	-0.056
0.58	-7.929	-10.669	-0.067
0.59	-7.932	-10.847	-0.067
0.6	-7.933	-11.170	-0.066
0.61	-7.932	-11.456	-0.067
0.62	-7.931	-11.559	-0.027
0.63	-7.932	-11.419	0.154
0.64	-7.936	-11.116	0.386
0.65	-7.939	-10.827	0.450
0.66	-7.943	-10.658	0.254
0.67	-7.947	-10.602	-0.042
0.68	-7.947	-10.550	-0.152
0.69	-7.944	-10.430	-0.121
0.7	-7.939	-10.323	-0.103
0.71	-7.938	-10.286	-0.092
0.72	-7.937	-10.294	-0.085
0.73	-7.937	-10.280	-0.078
0.74	-7.936	-9.970	-0.069
0.75	-7.937	-8.603	-0.054
0.76	-7.939	-4.923	-0.045
0.77	-7.941	1.963	-0.045
0.78	-7.944	11.366	-0.033
0.79	-7.949	20.997	-0.017
0.8	-7.957	28.473	-0.012
0.81	-7.968	32.239	0.002
0.82	-7.983	31.777	0.032
0.83	-8.000	27.772	0.058
0.84	-8.019	21.539	0.078
0.85	-8.037	14.378	0.097
0.86	-8.056	7.230	0.111
0.87	-8.072	0.511	0.119
0.88	-8.090	-5.491	0.113
0.89	-8.106	-10.556	0.097
0.9	-8.123	-14.789	0.074
0.91	-8.139	-18.153	0.036
0.92	-8.156	-20.384	-0.001
0.93	-8.172	-21.323	-0.030
0.94	-8.188	-20.923	-0.053
0.95	-8.203	-19.442	-0.066
0.96	-8.217	-17.386	-0.075
0.97	-8.233	-15.352	-0.083
0.98	-8.247	-13.883	-0.085
0.99	-8.260	-13.250	-0.075
1.0	-8.273	-13.230	-0.066
1.01	-8.286	-13.267	-0.067
1.02	-8.298	-12.916	-0.068
1.03	-8.311	-12.044	-0.066
1.04	-8.324	-10.703	-0.054
1.05	-8.336	-9.052	-0.043
1.06	-8.348	-7.398	-0.048
1.07	-8.360	-6.064	-0.048
1.08	-8.372	-5.191	-0.042
1.09	-8.384	-4.761	-0.041
1.1	-8.395	-4.736	-0.040
1.11	-8.406	-5.091	-0.039
1.12	-8.416	-5.759	-0.036
1.13	-8.427	-6.667	-0.036
1.14	-8.437	-7.750	-0.046
1.15	-8.447	-8.900	-0.052
1.16	-8.456	-9.994	-0.053
1.17	-8.466	-10.994	-0.052
1.18	-8.475	-11.933	-0.047
1.19	-8.484	-12.852	-0.044
1.2	-8.494	-13.705	-0.044
1.21	-8.503	-14.348	-0.044
1.22	-8.511	-14.733	-0.045
1.23	-8.520	-14.939	-0.047
1.24	-8.528	-15.028	-0.050
1.25	-8.536	-14.998	-0.049
1.26	-8.543	-14.848	-0.050
1.27	-8.550	-14.592	-0.054
1.28	-8.557	-14.214	-0.053
1.29	-8.563	-13.708	-0.052
1.3	-8.569	-13.153	-0.053
1.31	-8.576	-12.631	-0.053
1.32	-8.583	-12.155	-0.058
1.33	-8.591	-11.728	-0.060
1.34	-8.598	-11.428	-0.061
1.35	-8.604	-11.331	-0.064
1.36	-8.610	-11.303	-0.063
1.37	-8.616	-11.117	-0.058
1.38	-8.622	-10.691	-0.058
1.39	-8.627	-10.163	-0.060
1.4	-8.633	-9.822	-0.058
1.41	-8.638	-9.844	-0.052
1.42	-8.642	-10.147	-0.041
1.43	-8.646	-10.548	-0.037
1.44	-8.651	-10.891	-0.037
1.45	-8.656	-11.102	-0.027
1.46	-8.659	-11.217	-0.004
1.47	-8.662	-11.367	0.017
1.48	-8.668	-11.578	0.017
1.49	-8.674	-11.759	0.010
1.5	-8.679	-11.916	0.001
1.51	-8.684	-12.181	-0.020
1.52	-8.689	-12.613	-0.047
1.53	-8.696	-13.091	-0.057
1.54	-8.703	-13.428	-0.058
1.55	-8.709	-13.550	-0.062
1.56	-8.711	-13.519	-0.060
1.57	-8.713	-13.398	-0.022
1.58	-8.717	-13.191	0.154
1.59	-8.721	-12.964	0.408
1.6	-8.726	-12.831	0.507
1.61	-8.732	-12.811	0.310
1.62	-8.739	-12.894	-0.021
1.63	-8.744	-13.005	-0.145
1.64	-8.747	-13.055	-0.102
1.65	-8.748	-13.083	-0.078
1.66	-8.750	-13.109	-0.072
1.67	-8.752	-13.094	-0.069
1.68	-8.754	-13.064	-0.056
1.69	-8.756	-12.913	-0.042
1.7	-8.758	-12.014	-0.041
1.71	-8.759	-9.327	-0.039
1.72	-8.760	-3.956	-0.023
1.73	-8.761	3.817	-0.007
1.74	-8.763	12.309	0.004
1.75	-8.764	19.511	0.021
1.76	-8.766	23.980	0.043
1.77	-8.768	25.142	0.064
1.78	-8.770	23.159	0.086
1.79	-8.772	18.692	0.108
1.8	-8.774	12.748	0.124
1.81	-8.775	6.203	0.138
1.82	-8.778	-0.211	0.150
1.83	-8.781	-5.875	0.146
1.84	-8.784	-10.642	0.122
1.85	-8.787	-14.638	0.090
1.86	-8.792	-17.858	0.055
1.87	-8.798	-20.209	0.015
1.88	-8.805	-21.598	-0.028
1.89	-8.812	-21.963	-0.054
1.9	-8.820	-21.477	-0.068
1.91	-8.830	-20.350	-0.085
1.92	-8.844	-18.592	-0.095
1.93	-8.861	-16.536	-0.094
1.94	-8.881	-14.813	-0.097
1.95	-8.901	-13.906	-0.098
1.96	-8.922	-13.738	-0.092
1.97	-8.943	-13.619	-0.084
1.98	-8.961	-12.967	-0.079
1.99	-8.977	-11.667	-0.077
2.0	-8.991	-9.850	-0.077
2.01	-9.004	-7.886	-0.071
2.02	-9.016	-6.197	-0.061
2.03	-9.027	-4.858	-0.060
2.04	-9.037	-4.019	-0.063
2.05	-9.047	-3.867	-0.061
2.06	-9.056	-4.370	-0.059
2.07	-9.064	-5.461	-0.059
2.08	-9.072	-6.755	-0.061
2.09	-9.079	-7.880	-0.061
2.1	-9.084	-8.836	-0.057
2.11	-9.090	-9.664	-0.052
2.12	-9.094	-10.503	-0.056
2.13	-9.099	-11.505	-0.067
2.14	-9.101	-12.598	-0.067
2.15	-9.104	-13.730	-0.061
2.16	-9.105	-14.795	-0.056
2.17	-9.105	-15.620	-0.050
2.18	-9.104	-16.153	-0.048
2.19	-9.102	-16.377	-0.049
2.2	-9.101	-16.236	-0.050
2.21	-9.101	-15.811	-0.055
2.22	-9.100	-15.289	-0.062
2.23	-9.099	-14.783	-0.058
2.24	-9.097	-14.269	-0.049
2.25	-9.096	-13.688	-0.049
2.26	-9.094	-13.077	-0.052
2.27	-9.092	-12.575	-0.057
2.28	-9.091	-12.275	-0.058
2.29	-9.090	-12.139	-0.054
2.3	-9.090	-12.036	-0.056
2.31	-9.089	-11.858	-0.061
2.32	-9.089	-11.570	-0.065
2.33	-9.088	-11.197	-0.066
2.34	-9.088	-10.823	-0.061
2.35	-9.087	-10.522	-0.060
2.36	-9.086	-10.317	-0.061
2.37	-9.084	-10.264	-0.054
2.38	-9.082	-10.236	-0.046
2.39	-9.081	-10.089	-0.034
2.4	-9.079	-10.009	-0.019
2.41	-9.079	-10.197	-0.012
2.42	-9.078	-10.772	-0.007
2.43	-9.078	-11.647	-0.003
2.44	-9.079	-12.383	-0.008
2.45	-9.080	-12.673	-0.028
2.46	-9.081	-12.702	-0.057
2.47	-9.082	-12.802	-0.075
2.48	-9.085	-12.830	-0.080
2.49	-9.089	-12.530	-0.083
2.5	-9.089	-11.989	-0.079
2.51	-9.087	-11.319	-0.047
2.52	-9.083	-10.736	0.107
2.53	-9.074	-10.672	0.349
2.54	-9.057	-11.217	0.472
2.55	-9.034	-11.956	0.316
2.56	-9.007	-12.477	-0.009
2.57	-8.976	-12.555	-0.175
2.58	-8.936	-12.334	-0.159
2.59	-8.892	-12.233	-0.130
2.6	-8.849	-12.392	-0.120
2.61	-8.810	-12.644	-0.118
2.62	-8.773	-12.800	-0.112
2.63	-8.739	-12.588	-0.106
2.64	-8.707	-11.492	-0.103
2.65	-8.677	-8.767	-0.099
2.66	-8.649	-3.802	-0.088
2.67	-8.622	3.128	-0.071
2.68	-8.597	10.623	-0.054
2.69	-8.575	16.906	-0.042
2.7	-8.555	20.675	-0.023
2.71	-8.537	21.436	-0.003
2.72	-8.519	19.442	0.022
2.73	-8.502	15.452	0.050
2.74	-8.485	10.308	0.067
2.75	-8.469	4.622	0.084
2.76	-8.454	-1.169	0.097
2.77	-8.439	-6.689	0.096
2.78	-8.425	-11.517	0.089
2.79	-8.411	-15.256	0.067
2.8	-8.399	-17.906	0.031
2.81	-8.389	-19.619	-0.002
2.82	-8.383	-20.438	-0.032
2.83	-8.377	-20.509	-0.055
2.84	-8.373	-19.966	-0.065
2.85	-8.368	-18.881	-0.069
2.86	-8.365	-17.422	-0.077
2.87	-8.361	-15.948	-0.083
2.88	-8.355	-14.959	-0.080
2.89	-8.348	-14.675	-0.076
2.9	-8.341	-14.819	-0.073
2.91	-8.333	-14.917	-0.077
2.92	-8.325	-14.342	-0.077
2.93	-8.317	-12.686	-0.066
2.94	-8.308	-10.534	-0.057
2.95	-8.299	-8.741	-0.055
2.96	-8.289	-7.425	-0.055
2.97	-8.280	-6.408	-0.051
2.98	-8.269	-5.738	-0.046
2.99	-8.259	-5.555	-0.052
3.0	-8.250	-5.855	-0.057
3.01	-8.241	-6.428	-0.054
3.02	-8.233	-7.002	-0.054
3.03	-8.224	-7.617	-0.051
3.04	-8.215	-8.480	-0.049
3.05	-8.206	-9.537	-0.052
3.06	-8.197	-10.622	-0.056
3.07	-8.189	-11.683	-0.056
3.08	-8.182	-12.681	-0.051
3.09	-8.175	-13.545	-0.047
3.1	-8.168	-14.214	-0.051
3.11	-8.162	-14.711	-0.053
3.12	-8.156	-15.052	-0.047
3.13	-8.151	-15.145	-0.043
3.14	-8.146	-14.886	-0.048
3.15	-8.141	-14.300	-0.052
3.16	-8.137	-13.583	-0.050
3.17	-8.134	-12.944	-0.048
3.18	-8.133	-12.494	-0.045
3.19	-8.134	-12.219	-0.047
3.2	-8.137	-12.008	-0.056
3.21	-8.142	-11.716	-0.061
3.22	-8.147	-11.286	-0.061
3.23	-8.152	-10.845	-0.060
3.24	-8.159	-10.558	-0.062
3.25	-8.169	-10.372	-0.065
3.26	-8.183	-10.147	-0.063
3.27	-8.199	-9.889	-0.062
3.28	-8.219	-9.617	-0.064
3.29	-8.237	-9.264	-0.063
3.3	-8.253	-8.869	-0.059
3.31	-8.265	-8.622	-0.057
3.32	-8.271	-8.694	-0.053
3.33	-8.274	-9.120	-0.044
3.34	-8.272	-9.755	-0.040
3.35	-8.268	-10.391	-0.031
3.36	-8.262	-10.873	-0.007
3.37	-8.256	-11.063	0.003
3.38	-8.248	-10.977	-0.003
3.39	-8.239	-10.833	-0.012
3.4	-8.228	-10.873	-0.025
3.41	-8.215	-11.133	-0.043
3.42	-8.203	-11.477	-0.065
3.43	-8.193	-11.795	-0.081
3.44	-8.182	-12.067	-0.081
3.45	-8.169	-12.302	-0.072
3.46	-8.154	-12.456	-0.067
3.47	-8.141	-12.456	0.026
3.48	-8.129	-12.308	0.254
3.49	-8.118	-12.086	0.423
3.5	-8.108	-11.830	0.365
3.51	-8.099	-11.583	0.102
3.52	-8.090	-11.395	-0.115
3.53	-8.080	-11.230	-0.132
3.54	-8.070	-11.073	-0.095
3.55	-8.061	-10.959	-0.079
3.56	-8.053	-10.933	-0.070
3.57	-8.043	-10.994	-0.067
3.58	-8.033	-10.989	-0.059
3.59	-8.023	-10.530	-0.048
3.6	-8.014	-8.855	-0.035
3.61	-8.006	-5.172	-0.026
3.62	-7.996	0.617	-0.020
3.63	-7.986	7.569	-0.008
3.64	-7.976	14.030	0.009
3.65	-7.968	18.523	0.024
3.66	-7.960	20.334	0.043
3.67	-7.953	19.506	0.064
3.68	-7.946	16.578	0.081
3.69	-7.940	12.255	0.107
3.7	-7.934	7.138	0.129
3.71	-7.929	1.711	0.136
3.72	-7.925	-3.564	0.143
3.73	-7.921	-8.231	0.141
3.74	-7.916	-11.922	0.117
3.75	-7.911	-14.509	0.082
3.76	-7.907	-16.122	0.043
3.77	-7.904	-16.997	0.002
3.78	-7.901	-17.339	-0.031
3.79	-7.898	-17.242	-0.052
3.8	-7.895	-16.664	-0.064
3.81	-7.893	-15.580	-0.071
3.82	-7.892	-14.163	-0.078
3.83	-7.892	-12.755	-0.081
3.84	-7.892	-11.713	-0.078
3.85	-7.891	-11.202	-0.077
3.86	-7.891	-11.030	-0.084
3.87	-7.892	-10.727	-0.089
3.88	-7.892	-9.939	-0.090
3.89	-7.891	-8.827	-0.085
3.9	-7.891	-7.727	-0.079
3.91	-7.890	-6.866	-0.077
3.92	-7.888	-6.367	-0.079
3.93	-7.886	-6.134	-0.085
3.94	-7.884	-5.981	-0.088
3.95	-7.882	-5.909	-0.088
3.96	-7.881	-6.083	-0.079
3.97	-7.881	-6.561	-0.071
3.98	-7.881	-7.264	-0.074
3.99	-7.881	-8.034	-0.075
4.0	-7.879	-8.744	-0.071
4.01	-7.876	-9.422	-0.067
4.02	-7.872	-10.189	-0.062
4.03	-7.869	-11.042	-0.062
4.04	-7.869	-11.869	-0.062
4.05	-7.869	-12.602	-0.064
4.06	-7.869	-13.194	-0.071
4.07	-7.869	-13.577	-0.071
4.08	-7.869	-13.688	-0.062
4.09	-7.869	-13.561	-0.056
4.1	-7.870	-13.306	-0.056
4.11	-7.871	-13.022	-0.056
4.12	-7.873	-12.745	-0.052
4.13	-7.874	-12.444	-0.049
4.14	-7.875	-12.095	-0.050
4.15	-7.877	-11.714	-0.052
4.16	-7.879	-11.359	-0.053
4.17	-7.883	-11.069	-0.057
4.18	-7.888	-10.786	-0.052
4.19	-7.895	-10.431	-0.047
4.2	-7.906	-10.009	-0.049
4.21	-7.922	-9.616	-0.051
4.22	-7.942	-9.320	-0.053
4.23	-7.966	-9.131	-0.056
4.24	-7.991	-9.050	-0.058
4.25	-8.016	-9.088	-0.061
4.26	-8.041	-9.234	-0.063
4.27	-8.066	-9.441	-0.059
4.28	-8.088	-9.602	-0.051
4.29	-8.108	-9.666	-0.047
4.3	-8.127	-9.684	-0.041
4.31	-8.146	-9.706	-0.022
4.32	-8.164	-9.748	0.001
4.33	-8.182	-9.823	0.008
4.34	-8.201	-9.884	0.003
4.35	-8.218	-9.873	-0.003
4.36	-8.234	-9.817	-0.023
4.37	-8.248	-9.747	-0.050
4.38	-8.261	-9.639	-0.070
4.39	-8.276	-9.527	-0.078
4.4	-8.293	-9.519	-0.088
4.41	-8.309	-9.652	-0.099
4.42	-8.321	-9.916	-0.089
4.43	-8.334	-10.234	-0.011
4.44	-8.347	-10.508	0.200
4.45	-8.361	-10.728	0.415
4.46	-8.374	-10.855	0.428
4.47	-8.389	-10.839	0.177
4.48	-8.404	-10.741	-0.112
4.49	-8.418	-10.636	-0.171
4.5	-8.429	-10.559	-0.125
4.51	-8.438	-10.491	-0.107
4.52	-8.446	-10.391	-0.092
4.53	-8.454	-10.266	-0.085
4.54	-8.460	-10.109	-0.078
4.55	-8.466	-9.811	-0.060
4.56	-8.473	-8.927	-0.044
4.57	-8.479	-6.533	-0.039
4.58	-8.485	-1.900	-0.036
4.59	-8.491	4.538	-0.027
4.6	-8.498	11.202	-0.013
4.61	-8.506	16.313	-0.001
4.62	-8.514	18.850	0.014
4.63	-8.523	18.800	0.041
4.64	-8.531	16.580	0.070
4.65	-8.539	12.742	0.095
4.66	-8.548	8.019	0.116
4.67	-8.558	3.014	0.130
4.68	-8.566	-1.866	0.135
4.69	-8.574	-6.317	0.127
4.7	-8.581	-10.239	0.108
4.71	-8.589	-13.600	0.083
4.72	-8.597	-16.278	0.044
4.73	-8.607	-18.152	-0.001
4.74	-8.616	-19.163	-0.033
4.75	-8.624	-19.238	-0.054
4.76	-8.631	-18.392	-0.071
4.77	-8.638	-16.853	-0.081
4.78	-8.645	-15.052	-0.083
4.79	-8.652	-13.400	-0.082
4.8	-8.658	-12.130	-0.081
4.81	-8.664	-11.353	-0.080
4.82	-8.671	-10.936	-0.075
4.83	-8.677	-10.509	-0.070
4.84	-8.685	-9.855	-0.072
4.85	-8.693	-8.944	-0.076
4.86	-8.701	-7.847	-0.071
4.87	-8.708	-6.748	-0.060
4.88	-8.715	-5.889	-0.053
4.89	-8.721	-5.430	-0.053
4.9	-8.728	-5.281	-0.050
4.91	-8.736	-5.336	-0.047
4.92	-8.743	-5.542	-0.048
4.93	-8.750	-5.808	-0.052
4.94	-8.757	-6.208	-0.058
4.95	-8.764	-6.761	-0.058
4.96	-8.771	-7.400	-0.046
4.97	-8.777	-8.253	-0.048
4.98	-8.783	-9.394	-0.061
4.99	-8.789	-10.714	-0.065
5.0	-8.794	-12.031	-0.063
5.01	-8.797	-13.114	-0.065
5.02	-8.802	-13.834	-0.068
5.03	-8.806	-14.231	-0.073
5.04	-8.811	-14.441	-0.081
5.05	-8.817	-14.569	-0.081
5.06	-8.823	-14.614	-0.077
5.07	-8.829	-14.602	-0.080
5.08	-8.834	-14.548	-0.082
5.09	-8.839	-14.317	-0.077
5.1	-8.844	-13.900	-0.073
5.11	-8.848	-13.431	-0.075
5.12	-8.853	-12.998	-0.077
5.13	-8.856	-12.627	-0.080
5.14	-8.860	-12.263	-0.072
5.15	-8.864	-11.863	-0.065
5.16	-8.867	-11.436	-0.071
5.17	-8.871	-11.019	-0.076
5.18	-8.875	-10.680	-0.068
5.19	-8.880	-10.538	-0.062
5.2	-8.884	-10.584	-0.059
5.21	-8.889	-10.647	-0.051
5.22	-8.893	-10.611	-0.043
5.23	-8.898	-10.548	-0.033
5.24	-8.900	-10.584	-0.023
5.25	-8.902	-10.750	-0.007
5.26	-8.907	-10.975	0.014
5.27	-8.912	-11.186	0.022
5.28	-8.917	-11.425	0.024
5.29	-8.919	-11.581	0.017
5.3	-8.922	-11.416	0.002
5.31	-8.924	-11.120	-0.016
5.32	-8.928	-11.014	-0.035
5.33	-8.934	-11.189	-0.048
5.34	-8.939	-11.586	-0.053
5.35	-8.943	-12.028	-0.056
5.36	-8.943	-12.378	-0.043
5.37	-8.944	-12.577	0.078
5.38	-8.945	-12.578	0.323
5.39	-8.946	-12.436	0.501
5.4	-8.948	-12.277	0.435
5.41	-8.952	-12.203	0.125
5.42	-8.956	-12.233	-0.111
5.43	-8.956	-12.270	-0.119
5.44	-8.953	-12.280	-0.083
5.45	-8.950	-12.256	-0.073
5.46	-8.948	-12.161	-0.069
5.47	-8.947	-12.008	-0.063
5.48	-8.947	-11.864	-0.051
5.49	-8.949	-11.648	-0.040
5.5	-8.951	-10.716	-0.031
5.51	-8.953	-7.973	-0.022
5.52	-8.953	-2.905	-0.015
5.53	-8.953	3.713	-0.010
5.54	-8.953	10.223	0.008
5.55	-8.954	15.061	0.031
5.56	-8.957	17.308	0.049
5.57	-8.958	16.608	0.073
5.58	-8.959	13.348	0.098
5.59	-8.961	8.848	0.117
5.6	-8.962	4.163	0.133
5.61	-8.964	-0.406	0.143
5.62	-8.966	-4.689	0.143
5.63	-8.968	-8.702	0.132
5.64	-8.969	-12.413	0.107
5.65	-8.971	-15.509	0.074
5.66	-8.975	-17.808	0.042
5.67	-8.979	-19.352	0.011
5.68	-8.985	-20.094	-0.020
5.69	-8.989	-19.969	-0.044
5.7	-8.992	-19.066	-0.053
5.71	-8.996	-17.606	-0.057
5.72	-9.001	-16.059	-0.062
5.73	-9.004	-14.908	-0.067
5.74	-9.008	-14.156	-0.063
5.75	-9.013	-13.634	-0.051
5.76	-9.016	-13.114	-0.047
5.77	-9.021	-12.327	-0.048
5.78	-9.026	-11.252	-0.044
5.79	-9.030	-9.994	-0.037
5.8	-9.035	-8.766	-0.036
5.81	-9.039	-7.817	-0.041
5.82	-9.044	-7.150	-0.047
5.83	-9.049	-6.677	-0.049
5.84	-9.054	-6.334	-0.049
5.85	-9.058	-6.094	-0.049
5.86	-9.062	-6.097	-0.045
5.87	-9.066	-6.380	-0.041
5.88	-9.069	-6.856	-0.041
5.89	-9.071	-7.461	-0.048
5.9	-9.072	-8.192	-0.056
5.91	-9.072	-9.172	-0.057
5.92	-9.074	-10.438	-0.060
5.93	-9.074	-11.820	-0.058
5.94	-9.072	-13.072	-0.051
5.95	-9.069	-13.972	-0.055
5.96	-9.064	-14.431	-0.059
5.97	-9.059	-14.531	-0.056
5.98	-9.051	-14.388	-0.058
5.99	-9.041	-14.111	-0.060
6.0	-9.031	-13.839	-0.060
6.01	-9.018	-13.608	-0.062
6.02	-9.005	-13.384	-0.058
6.03	-8.992	-13.194	-0.051
6.04	-8.980	-13.045	-0.053
6.05	-8.970	-12.880	-0.055
6.06	-8.962	-12.631	-0.056
6.07	-8.957	-12.306	-0.063
6.08	-8.957	-11.911	-0.069
6.09	-8.959	-11.459	-0.060
6.1	-8.964	-11.052	-0.049
6.11	-8.971	-10.788	-0.053
6.12	-8.980	-10.655	-0.061
6.13	-8.991	-10.573	-0.062
6.14	-9.002	-10.509	-0.060
6.15	-9.012	-10.470	-0.059
6.16	-9.017	-10.475	-0.047
6.17	-9.019	-10.514	-0.033
6.18	-9.024	-10.544	-0.025
6.19	-9.029	-10.627	-0.006
6.2	-9.034	-10.869	0.013
6.21	-9.037	-11.089	0.012
6.22	-9.041	-11.123	0.006
6.23	-9.045	-11.070	-0.001
6.24	-9.049	-11.002	-0.025
6.25	-9.053	-11.020	-0.056
6.26	-9.059	-11.161	-0.066
6.27	-9.066	-11.313	-0.064
6.28	-9.071	-11.430	-0.060
6.29	-9.074	-11.538	-0.058
6.3	-9.078	-11.628	0.027
6.31	-9.083	-11.678	0.253
6.32	-9.088	-11.652	0.449
6.33	-9.089	-11.497	0.426
6.34	-9.090	-11.281	0.161
6.35	-9.089	-11.144	-0.080
6.36	-9.079	-11.086	-0.109
6.37	-9.059	-11.114	-0.079
6.38	-9.031	-11.214	-0.073
6.39	-8.999	-11.225	-0.068
6.4	-8.965	-11.095	-0.058
6.41	-8.930	-10.856	-0.056
6.42	-8.896	-10.405	-0.054
6.43	-8.863	-9.305	-0.035
6.44	-8.831	-6.677	-0.019
6.45	-8.798	-1.889	-0.013
6.46	-8.766	4.478	-0.005
6.47	-8.736	10.795	0.007
6.48	-8.708	15.502	0.023
6.49	-8.682	17.734	0.033
6.5	-8.657	17.363	0.043
6.51	-8.633	14.770	0.072
6.52	-8.610	10.598	0.097
6.53	-8.588	5.611	0.106
6.54	-8.568	0.481	0.116
6.55	-8.547	-4.358	0.120
6.56	-8.527	-8.622	0.105
6.57	-8.508	-12.230	0.077
6.58	-8.489	-15.252	0.054
6.59	-8.472	-17.644	0.029
6.6	-8.457	-19.306	-0.009
6.61	-8.444	-20.134	-0.043
6.62	-8.430	-19.961	-0.065
6.63	-8.416	-18.809	-0.081
6.64	-8.401	-17.042	-0.093
6.65	-8.387	-15.136	-0.096
6.66	-8.373	-13.542	-0.091
6.67	-8.359	-12.605	-0.092
6.68	-8.345	-12.363	-0.096
6.69	-8.332	-12.478	-0.090
6.7	-8.320	-12.477	-0.081
6.71	-8.307	-12.111	-0.083
6.72	-8.293	-11.423	-0.088
6.73	-8.281	-10.555	-0.082
6.74	-8.269	-9.617	-0.071
6.75	-8.257	-8.653	-0.068
6.76	-8.246	-7.713	-0.071
6.77	-8.236	-6.906	-0.069
6.78	-8.225	-6.370	-0.063
6.79	-8.215	-6.220	-0.060
6.8	-8.205	-6.483	-0.062
6.81	-8.195	-7.045	-0.069
6.82	-8.186	-7.747	-0.074
6.83	-8.176	-8.505	-0.076
6.84	-8.166	-9.306	-0.077
6.85	-8.156	-10.141	-0.078
6.86	-8.146	-11.000	-0.074
6.87	-8.137	-11.861	-0.069
6.88	-8.129	-12.645	-0.071
6.89	-8.121	-13.222	-0.078
6.9	-8.112	-13.444	-0.075
6.91	-8.103	-13.345	-0.068
6.92	-8.095	-13.150	-0.071
6.93	-8.088	-12.969	-0.076
6.94	-8.080	-12.808	-0.070
6.95	-8.073	-12.638	-0.061
6.96	-8.066	-12.427	-0.054
6.97	-8.061	-12.209	-0.056
6.98	-8.054	-11.997	-0.061
6.99	-8.047	-11.766	-0.061
7.0	-8.042	-11.509	-0.061
7.01	-8.036	-11.244	-0.066
7.02	-8.031	-10.970	-0.068
7.03	-8.026	-10.616	-0.059
7.04	-8.021	-10.122	-0.050
7.05	-8.017	-9.561	-0.052
7.06	-8.012	-9.042	-0.059
7.07	-8.008	-8.613	-0.062
7.08	-8.003	-8.383	-0.054
7.09	-7.998	-8.441	-0.044
7.1	-7.994	-8.633	-0.038
7.11	-7.989	-8.883	-0.020
7.12	-7.984	-9.181	0.006
7.13	-7.979	-9.358	0.017
7.14	-7.976	-9.350	0.012
7.15	-7.973	-9.308	0.006
7.16	-7.969	-9.352	-0.003
7.17	-7.964	-9.522	-0.024
7.18	-7.959	-9.727	-0.053
7.19	-7.956	-9.803	-0.066
7.2	-7.954	-9.733	-0.062
7.21	-7.951	-9.653	-0.053
7.22	-7.946	-9.702	-0.043
7.23	-7.943	-9.908	0.053
7.24	-7.942	-10.222	0.275
7.25	-7.939	-10.534	0.428
7.26	-7.936	-10.725	0.356
7.27	-7.933	-10.767	0.100
7.28	-7.929	-10.714	-0.103
7.29	-7.924	-10.648	-0.116
7.3	-7.916	-10.652	-0.088
7.31	-7.908	-10.686	-0.084
7.32	-7.901	-10.578	-0.077
7.33	-7.894	-10.211	-0.074
7.34	-7.889	-9.772	-0.072
7.35	-7.883	-9.311	-0.071
7.36	-7.878	-8.141	-0.057
7.37	-7.873	-5.228	-0.040
7.38	-7.868	-0.125	-0.031
7.39	-7.863	6.280	-0.027
7.4	-7.859	12.261	-0.021
7.41	-7.855	16.369	-0.006
7.42	-7.852	17.905	0.014
7.43	-7.850	16.964	0.035
7.44	-7.849	14.177	0.057
7.45	-7.848	10.198	0.078
7.46	-7.846	5.541	0.098
7.47	-7.845	0.605	0.110
7.48	-7.844	-4.220	0.114
7.49	-7.844	-8.489	0.110
7.5	-7.844	-11.880	0.087
7.51	-7.844	-14.313	0.045
7.52	-7.846	-15.877	0.006
7.53	-7.849	-16.728	-0.024
7.54	-7.853	-16.967	-0.049
7.55	-7.854	-16.573	-0.068
7.56	-7.854	-15.533	-0.079
7.57	-7.856	-14.009	-0.082
7.58	-7.858	-12.397	-0.083
7.59	-7.860	-11.189	-0.089
7.6	-7.862	-10.683	-0.089
7.61	-7.864	-10.773	-0.087
7.62	-7.866	-10.958	-0.081
7.63	-7.869	-10.752	-0.080
7.64	-7.873	-10.039	-0.084
7.65	-7.876	-8.961	-0.074
7.66	-7.880	-7.752	-0.058
7.67	-7.884	-6.622	-0.058
7.68	-7.887	-5.700	-0.066
7.69	-7.891	-5.088	-0.068
7.7	-7.894	-4.850	-0.066
7.71	-7.900	-4.977	-0.061
7.72	-7.906	-5.423	-0.058
7.73	-7.912	-6.170	-0.063
7.74	-7.919	-7.073	-0.065
7.75	-7.926	-7.805	-0.061
7.76	-7.934	-8.320	-0.062
7.77	-7.942	-8.919	-0.065
7.78	-7.950	-9.766	-0.061
7.79	-7.958	-10.745	-0.064
7.8	-7.966	-11.602	-0.071
7.81	-7.974	-12.164	-0.070
7.82	-7.982	-12.453	-0.069
7.83	-7.991	-12.564	-0.068
7.84	-8.000	-12.569	-0.065
7.85	-8.009	-12.525	-0.064
7.86	-8.018	-12.469	-0.061
7.87	-8.027	-12.392	-0.060
7.88	-8.037	-12.269	-0.065
7.89	-8.047	-12.091	-0.068
7.9	-8.057	-11.842	-0.069
7.91	-8.066	-11.516	-0.060
7.92	-8.076	-11.144	-0.049
7.93	-8.086	-10.792	-0.050
7.94	-8.096	-10.484	-0.053
7.95	-8.105	-10.222	-0.059
7.96	-8.115	-10.052	-0.060
7.97	-8.126	-9.925	-0.051
7.98	-8.136	-9.673	-0.047
7.99	-8.146	-9.294	-0.053
8.0	-8.155	-8.928	-0.049
8.01	-8.164	-8.689	-0.034
8.02	-8.174	-8.561	-0.024
8.03	-8.183	-8.472	-0.019
8.04	-8.193	-8.477	-0.009
8.05	-8.203	-8.642	0.011
8.06	-8.213	-8.873	0.026
8.07	-8.223	-9.053	0.027
8.08	-8.232	-9.205	0.024
8.09	-8.241	-9.369	0.013
8.1	-8.250	-9.466	-0.015
8.11	-8.259	-9.450	-0.048
8.12	-8.272	-9.328	-0.065
8.13	-8.286	-9.177	-0.072
8.14	-8.300	-9.161	-0.069
8.15	-8.312	-9.356	-0.063
8.16	-8.324	-9.723	0.003
8.17	-8.339	-10.169	0.221
8.18	-8.354	-10.531	0.433
8.19	-8.369	-10.670	0.432
8.2	-8.386	-10.555	0.187
8.21	-8.402	-10.298	-0.089
8.22	-8.418	-10.117	-0.148
8.23	-8.431	-10.219	-0.102
8.24	-8.441	-10.613	-0.085
8.25	-8.450	-11.056	-0.074
8.26	-8.458	-11.323	-0.066
8.27	-8.466	-11.347	-0.059
8.28	-8.472	-11.063	-0.050
8.29	-8.479	-10.119	-0.040
8.3	-8.486	-7.770	-0.028
8.31	-8.492	-3.305	-0.018
8.32	-8.499	3.020	-0.017
8.33	-8.505	9.688	-0.016
8.34	-8.511	14.981	0.001
8.35	-8.518	17.930	0.029
8.36	-8.526	18.261	0.046
8.37	-8.533	16.180	0.063
8.38	-8.541	12.375	0.090
8.39	-8.549	7.670	0.114
8.4	-8.559	2.625	0.127
8.41	-8.569	-2.369	0.125
8.42	-8.577	-7.077	0.119
8.43	-8.584	-11.320	0.104
8.44	-8.591	-14.789	0.075
8.45	-8.601	-17.280	0.035
8.46	-8.611	-18.828	-0.009
8.47	-8.621	-19.481	-0.042
8.48	-8.629	-19.295	-0.064
8.49	-8.636	-18.442	-0.079
8.5	-8.642	-17.100	-0.087
8.51	-8.649	-15.519	-0.089
8.52	-8.656	-14.031	-0.089
8.53	-8.662	-12.927	-0.089
8.54	-8.668	-12.347	-0.087
8.55	-8.673	-12.105	-0.086
8.56	-8.678	-11.763	-0.081
8.57	-8.684	-10.980	-0.075
8.58	-8.689	-9.717	-0.070
8.59	-8.695	-8.227	-0.066
8.6	-8.699	-6.792	-0.058
8.61	-8.703	-5.580	-0.053
8.62	-8.709	-4.686	-0.051
8.63	-8.716	-4.198	-0.055
8.64	-8.723	-4.200	-0.056
8.65	-8.729	-4.628	-0.052
8.66	-8.736	-5.266	-0.054
8.67	-8.743	-5.920	-0.057
8.68	-8.750	-6.564	-0.060
8.69	-8.757	-7.302	-0.060
8.7	-8.763	-8.255	-0.062
8.71	-8.769	-9.467	-0.064
8.72	-8.774	-10.816	-0.056
8.73	-8.779	-12.078	-0.049
8.74	-8.785	-13.083	-0.051
8.75	-8.789	-13.731	-0.056
8.76	-8.794	-14.014	-0.063
8.77	-8.800	-14.034	-0.063
8.78	-8.807	-13.972	-0.055
8.79	-8.814	-13.969	-0.052
8.8	-8.820	-14.000	-0.054
8.81	-8.824	-13.955	-0.054
8.82	-8.827	-13.788	-0.052
8.83	-8.832	-13.539	-0.054
8.84	-8.837	-13.253	-0.052
8.85	-8.843	-12.891	-0.050
8.86	-8.849	-12.428	-0.050
8.87	-8.854	-11.903	-0.050
8.88	-8.859	-11.359	-0.046
8.89	-8.864	-10.848	-0.038
8.9	-8.869	-10.395	-0.038
8.91	-8.874	-10.014	-0.041
8.92	-8.879	-9.738	-0.039
8.93	-8.885	-9.595	-0.026
8.94	-8.891	-9.561	-0.016
8.95	-8.898	-9.616	-0.007
8.96	-8.903	-9.706	0.006
8.97	-8.909	-9.697	0.014
8.98	-8.916	-9.602	0.024
8.99	-8.921	-9.500	0.029
9.0	-8.927	-9.389	0.012
9.01	-8.932	-9.331	-0.019
9.02	-8.938	-9.405	-0.040
9.03	-8.946	-9.578	-0.046
9.04	-8.954	-9.784	-0.052
9.05	-8.961	-9.988	-0.060
9.06	-8.965	-10.200	-0.054
9.07	-8.970	-10.470	0.053
9.08	-8.976	-10.823	0.279
9.09	-8.981	-11.178	0.464
9.1	-8.986	-11.417	0.431
9.11	-8.991	-11.595	0.142
9.12	-8.995	-11.666	-0.111
9.13	-8.996	-11.569	-0.133
9.14	-8.995	-11.500	-0.089
9.15	-8.993	-11.516	-0.075
9.16	-8.992	-11.533	-0.075
9.17	-8.993	-11.445	-0.069
9.18	-8.992	-11.120	-0.058
9.19	-8.992	-10.561	-0.047
9.2	-8.992	-9.505	-0.037
9.21	-8.992	-7.086	-0.030
9.22	-8.993	-2.692	-0.022
9.23	-8.994	3.259	-0.014
9.24	-8.995	9.575	-0.007
9.25	-8.996	14.883	0.008
9.26	-8.999	18.086	0.035
9.27	-9.001	18.642	0.056
9.28	-9.005	16.647	0.072
9.29	-9.009	12.683	0.096
9.3	-9.013	7.464	0.113
9.31	-9.016	1.733	0.118
9.32	-9.019	-3.714	0.116
9.33	-9.022	-8.381	0.103
9.34	-9.024	-12.227	0.076
9.35	-9.026	-15.364	0.052
9.36	-9.031	-17.891	0.021
9.37	-9.039	-19.734	-0.023
9.38	-9.047	-20.611	-0.058
9.39	-9.052	-20.403	-0.083
9.4	-9.055	-19.269	-0.097
9.41	-9.058	-17.520	-0.099
9.42	-9.061	-15.570	-0.097
9.43	-9.064	-13.897	-0.102
9.44	-9.066	-12.886	-0.103
9.45	-9.068	-12.586	-0.092
9.46	-9.069	-12.650	-0.085
9.47	-9.071	-12.583	-0.085
9.48	-9.072	-12.044	-0.082
9.49	-9.074	-10.973	-0.072
9.5	-9.077	-9.522	-0.066
9.51	-9.080	-8.006	-0.067
9.52	-9.084	-6.828	-0.064
9.53	-9.091	-5.978	-0.063
9.54	-9.098	-5.188	-0.064
9.55	-9.104	-4.556	-0.059
9.56	-9.109	-4.289	-0.061
9.57	-9.115	-4.414	-0.066
9.58	-9.121	-4.842	-0.065
9.59	-9.126	-5.573	-0.064
9.6	-9.131	-6.720	-0.065
9.61	-9.136	-8.252	-0.063
9.62	-9.141	-9.975	-0.063
9.63	-9.146	-11.597	-0.067
9.64	-9.151	-12.905	-0.067
9.65	-9.156	-13.884	-0.068
9.66	-9.159	-14.481	-0.075
9.67	-9.162	-14.564	-0.076
9.68	-9.166	-14.167	-0.077
9.69	-9.169	-13.527	-0.078
9.7	-9.173	-12.933	-0.080
9.71	-9.176	-12.620	-0.078
9.72	-9.178	-12.617	-0.066
9.73	-9.176	-12.683	-0.064
9.74	-9.172	-12.528	-0.069
9.75	-9.166	-12.072	-0.070
9.76	-9.156	-11.480	-0.067
9.77	-9.143	-10.944	-0.064
9.78	-9.127	-10.536	-0.064
9.79	-9.108	-10.211	-0.065
9.8	-9.088	-9.903	-0.061
9.81	-9.066	-9.594	-0.057
9.82	-9.044	-9.292	-0.065
9.83	-9.021	-9.033	-0.065
9.84	-8.999	-8.880	-0.044
9.85	-8.976	-8.842	-0.029
9.86	-8.953	-8.861	-0.019
9.87	-8.928	-8.842	-0.001
9.88	-8.903	-8.698	0.013
9.89	-8.877	-8.464	0.012
9.9	-8.851	-8.261	0.006
9.91	-8.826	-8.197	-0.001
9.92	-8.803	-8.345	-0.019
9.93	-8.783	-8.708	-0.039
9.94	-8.766	-9.175	-0.044
9.95	-8.751	-9.547	-0.051
9.96	-8.734	-9.820	-0.060
9.97	-8.716	-10.216	-0.051
9.98	-8.699	-10.811	0.057
9.99	-8.686	-11.488	0.277
10.0	-8.672	-12.016	0.435
10.01	-8.657	-12.223	0.382
10.02	-8.642	-12.145	0.118
10.03	-8.626	-11.844	-0.101
10.04	-8.607	-11.316	-0.126
10.05	-8.586	-10.663	-0.095
10.06	-8.564	-10.039	-0.078
10.07	-8.544	-9.508	-0.076
10.08	-8.526	-9.052	-0.074
10.09	-8.509	-8.787	-0.069
10.1	-8.492	-8.859	-0.063
10.11	-8.476	-8.686	-0.051
10.12	-8.460	-6.891	-0.040
10.13	-8.444	-2.530	-0.036
10.14	-8.429	3.938	-0.024
10.15	-8.412	10.872	-0.011
10.16	-8.397	16.525	-0.002
10.17	-8.381	19.742	0.016
10.18	-8.366	20.030	0.035
10.19	-8.352	17.573	0.055
10.2	-8.338	13.089	0.084
10.21	-8.325	7.453	0.097
10.22	-8.313	1.508	0.097
10.23	-8.301	-4.089	0.097
10.24	-8.289	-8.897	0.087
10.25	-8.277	-12.850	0.071
10.26	-8.264	-16.053	0.044
10.27	-8.253	-18.375	0.006
10.28	-8.244	-19.683	-0.024
10.29	-8.236	-19.995	-0.048
10.3	-8.226	-19.398	-0.072
10.31	-8.217	-18.100	-0.085
10.32	-8.207	-16.348	-0.093
10.33	-8.199	-14.464	-0.097
10.34	-8.191	-12.911	-0.089
10.35	-8.182	-12.078	-0.087
10.36	-8.172	-11.980	-0.087
10.37	-8.164	-12.233	-0.080
10.38	-8.157	-12.347	-0.074
10.39	-8.149	-11.967	-0.075
10.4	-8.142	-10.966	-0.078
10.41	-8.134	-9.522	-0.079
10.42	-8.127	-8.022	-0.074
10.43	-8.119	-6.852	-0.067
10.44	-8.113	-6.163	-0.068
10.45	-8.105	-5.858	-0.068
10.46	-8.099	-5.772	-0.059
10.47	-8.093	-5.813	-0.059
10.48	-8.088	-6.003	-0.064
10.49	-8.081	-6.405	-0.064
10.5	-8.074	-7.013	-0.066
10.51	-8.068	-7.744	-0.069
10.52	-8.063	-8.519	-0.069
10.53	-8.056	-9.342	-0.066
10.54	-8.051	-10.248	-0.062
10.55	-8.045	-11.200	-0.068
10.56	-8.040	-12.105	-0.069
10.57	-8.035	-12.825	-0.069
10.58	-8.029	-13.253	-0.075
10.59	-8.024	-13.370	-0.076
10.6	-8.019	-13.261	-0.068
10.61	-8.015	-13.048	-0.064
10.62	-8.012	-12.783	-0.064
10.63	-8.009	-12.480	-0.060
10.64	-8.006	-12.131	-0.060
10.65	-8.002	-11.809	-0.067
10.66	-7.998	-11.633	-0.068
10.67	-7.995	-11.539	-0.061
10.68	-7.992	-11.442	-0.059
10.69	-7.990	-11.305	-0.060
10.7	-7.988	-11.036	-0.058
10.71	-7.985	-10.547	-0.051
10.72	-7.981	-9.859	-0.055
10.73	-7.978	-9.153	-0.065
10.74	-7.975	-8.642	-0.065
10.75	-7.973	-8.434	-0.057
10.76	-7.970	-8.394	-0.057
10.77	-7.966	-8.336	-0.055
10.78	-7.962	-8.414	-0.036
10.79	-7.958	-8.717	-0.024
10.8	-7.954	-9.048	-0.017
10.81	-7.952	-9.272	-0.002
10.82	-7.949	-9.397	0.010
10.83	-7.944	-9.514	0.016
10.84	-7.940	-9.639	0.013
10.85	-7.936	-9.702	0.007
10.86	-7.933	-9.763	-0.005
10.87	-7.930	-9.952	-0.033
10.88	-7.926	-10.241	-0.055
10.89	-7.926	-10.403	-0.067
10.9	-7.926	-10.228	-0.066
10.91	-7.925	-9.956	-0.053
10.92	-7.921	-9.975	-0.013
10.93	-7.919	-10.238	0.158
10.94	-7.919	-10.506	0.379
10.95	-7.918	-10.591	0.430
10.96	-7.916	-10.545	0.238
10.97	-7.914	-10.630	-0.044
10.98	-7.912	-10.822	-0.147
10.99	-7.906	-10.953	-0.109
11.0	-7.899	-11.002	-0.086
11.01	-7.893	-10.922	-0.076
11.02	-7.887	-10.652	-0.069
11.03	-7.881	-10.230	-0.064
11.04	-7.875	-9.720	-0.059
11.05	-7.870	-8.767	-0.052
11.06	-7.866	-6.391	-0.044
11.07	-7.862	-1.700	-0.037
11.08	-7.859	5.089	-0.029
11.09	-7.856	12.398	-0.014
11.1	-7.854	18.230	0.005
11.11	-7.853	21.259	0.016
11.12	-7.851	21.267	0.035
11.13	-7.849	18.820	0.062
11.14	-7.846	14.670	0.081
11.15	-7.843	9.441	0.095
11.16	-7.841	3.664	0.109
11.17	-7.839	-2.063	0.116
11.18	-7.838	-7.158	0.110
11.19	-7.836	-11.325	0.094
11.2	-7.835	-14.508	0.070
11.21	-7.835	-16.747	0.042
11.22	-7.836	-18.269	0.007
11.23	-7.838	-19.164	-0.028
11.24	-7.838	-19.267	-0.057
11.25	-7.838	-18.445	-0.079
11.26	-7.838	-16.739	-0.089
11.27	-7.838	-14.594	-0.094
11.28	-7.839	-12.691	-0.097
11.29	-7.841	-11.503	-0.099
11.3	-7.843	-11.094	-0.090
11.31	-7.844	-11.083	-0.084
11.32	-7.845	-10.923	-0.084
11.33	-7.847	-10.295	-0.082
11.34	-7.849	-9.172	-0.080
11.35	-7.851	-7.736	-0.082
11.36	-7.854	-6.308	-0.083
11.37	-7.857	-5.123	-0.078
11.38	-7.861	-4.259	-0.066
11.39	-7.864	-3.777	-0.061
11.4	-7.869	-3.717	-0.063
11.41	-7.873	-4.003	-0.060
11.42	-7.878	-4.502	-0.060
11.43	-7.885	-5.173	-0.066
11.44	-7.892	-6.044	-0.072
11.45	-7.900	-7.067	-0.072
11.46	-7.909	-8.116	-0.071
11.47	-7.918	-9.114	-0.069
11.48	-7.927	-10.113	-0.060
11.49	-7.936	-11.131	-0.062
11.5	-7.946	-12.020	-0.065
11.51	-7.955	-12.570	-0.063
11.52	-7.964	-12.759	-0.067
11.53	-7.974	-12.777	-0.070
11.54	-7.983	-12.761	-0.069
11.55	-7.994	-12.672	-0.065
11.56	-8.004	-12.456	-0.065
11.57	-8.015	-12.183	-0.066
11.58	-8.026	-11.947	-0.064
11.59	-8.037	-11.759	-0.060
11.6	-8.049	-11.552	-0.061
11.61	-8.061	-11.259	-0.064
11.62	-8.073	-10.911	-0.064
11.63	-8.085	-10.584	-0.063
11.64	-8.097	-10.277	-0.063
11.65	-8.109	-9.919	-0.061
11.66	-8.121	-9.508	-0.057
11.67	-8.132	-9.120	-0.060
11.68	-8.143	-8.823	-0.064
11.69	-8.155	-8.617	-0.062
11.7	-8.166	-8.470	-0.054
11.71	-8.176	-8.386	-0.052
11.72	-8.186	-8.358	-0.058
11.73	-8.196	-8.353	-0.053
11.74	-8.206	-8.367	-0.038
11.75	-8.216	-8.417	-0.025
11.76	-8.227	-8.523	-0.006
11.77	-8.238	-8.664	0.011
11.78	-8.249	-8.798	0.012
11.79	-8.259	-8.945	0.012
11.8	-8.269	-9.153	0.012
11.81	-8.279	-9.411	-0.006
11.82	-8.288	-9.678	-0.034
11.83	-8.299	-9.908	-0.054
11.84	-8.310	-10.031	-0.060
11.85	-8.322	-10.009	-0.066
11.86	-8.332	-9.884	-0.069
11.87	-8.341	-9.806	-0.061
11.88	-8.349	-9.933	0.043
11.89	-8.357	-10.258	0.280
11.9	-8.367	-10.658	0.459
11.91	-8.379	-10.913	0.400
11.92	-8.390	-10.842	0.109
11.93	-8.401	-10.580	-0.128
11.94	-8.410	-10.366	-0.137
11.95	-8.417	-10.325	-0.093
11.96	-8.423	-10.434	-0.082
11.97	-8.429	-10.520	-0.076
11.98	-8.434	-10.508	-0.072
11.99	-8.438	-10.442	-0.063
12.0	-8.442	-10.184	-0.054
12.01	-8.446	-9.077	-0.048
12.02	-8.451	-6.009	-0.040
12.03	-8.456	-0.413	-0.029
12.04	-8.461	6.878	-0.017
12.05	-8.466	14.044	-0.005
12.06	-8.473	19.348	0.004
12.07	-8.480	21.848	0.021
12.08	-8.488	21.373	0.044
12.09	-8.494	18.269	0.067
12.1	-8.501	13.380	0.091
12.11	-8.509	7.656	0.113
12.12	-8.517	1.789	0.122
12.13	-8.525	-3.792	0.119
12.14	-8.533	-8.856	0.108
12.15	-8.540	-13.189	0.089
12.16	-8.549	-16.594	0.057
12.17	-8.560	-19.027	0.021
12.18	-8.570	-20.525	-0.018
12.19	-8.579	-21.089	-0.051
12.2	-8.588	-20.722	-0.070
12.21	-8.596	-19.534	-0.083
12.22	-8.605	-17.792	-0.091
12.23	-8.613	-15.877	-0.098
12.24	-8.618	-14.213	-0.094
12.25	-8.625	-13.095	-0.085
12.26	-8.633	-12.414	-0.083
12.27	-8.639	-11.827	-0.081
12.28	-8.646	-11.061	-0.073
12.29	-8.652	-9.953	-0.069
12.3	-8.659	-8.583	-0.069
12.31	-8.666	-7.183	-0.067
12.32	-8.674	-5.888	-0.068
12.33	-8.681	-4.770	-0.068
12.34	-8.688	-3.914	-0.067
12.35	-8.695	-3.456	-0.065
12.36	-8.703	-3.442	-0.061
12.37	-8.709	-3.803	-0.060
12.38	-8.716	-4.500	-0.059
12.39	-8.722	-5.416	-0.066
12.4	-8.728	-6.397	-0.069
12.41	-8.734	-7.397	-0.060
12.42	-8.741	-8.422	-0.056
12.43	-8.748	-9.523	-0.065
12.44	-8.754	-10.727	-0.069
12.45	-8.760	-11.928	-0.065
12.46	-8.766	-12.955	-0.062
12.47	-8.773	-13.692	-0.064
12.48	-8.777	-14.133	-0.067
12.49	-8.782	-14.302	-0.064
12.5	-8.786	-14.263	-0.060
12.51	-8.791	-14.133	-0.064
12.52	-8.797	-13.989	-0.065
12.53	-8.803	-13.820	-0.062
12.54	-8.808	-13.589	-0.057
12.55	-8.813	-13.306	-0.057
12.56	-8.816	-12.966	-0.059
12.57	-8.821	-12.506	-0.056
12.58	-8.827	-11.956	-0.055
12.59	-8.832	-11.516	-0.055
12.6	-8.838	-11.255	-0.052
12.61	-8.841	-10.966	-0.048
12.62	-8.846	-10.563	-0.050
12.63	-8.850	-10.128	-0.055
12.64	-8.855	-9.708	-0.053
12.65	-8.861	-9.355	-0.048
12.66	-8.866	-9.089	-0.047
12.67	-8.873	-8.909	-0.050
12.68	-8.877	-8.820	-0.052
12.69	-8.884	-8.777	-0.039
12.7	-8.889	-8.842	-0.024
12.71	-8.894	-9.206	-0.018
12.72	-8.898	-9.698	-0.002
12.73	-8.902	-9.983	0.014
12.74	-8.908	-10.036	0.012
12.75	-8.914	-10.020	0.009
12.76	-8.921	-10.131	0.004
12.77	-8.929	-10.381	-0.013
12.78	-8.940	-10.638	-0.036
12.79	-8.952	-10.833	-0.046
12.8	-8.964	-10.934	-0.051
12.81	-8.974	-10.942	-0.058
12.82	-8.981	-10.953	-0.058
12.83	-8.986	-11.038	-0.013
12.84	-8.992	-11.133	0.174
12.85	-8.999	-11.202	0.407
12.86	-9.006	-11.230	0.471
12.87	-9.012	-11.275	0.260
12.88	-9.018	-11.402	-0.047
12.89	-9.020	-11.431	-0.146
12.9	-9.019	-11.275	-0.102
12.91	-9.018	-11.039	-0.074
12.92	-9.018	-10.822	-0.071
12.93	-9.018	-10.713	-0.073
12.94	-9.018	-10.706	-0.066
12.95	-9.016	-10.659	-0.057
12.96	-9.016	-10.127	-0.046
12.97	-9.015	-8.167	-0.036
12.98	-9.015	-3.830	-0.030
12.99	-9.015	2.822	-0.026
13.0	-9.014	10.484	-0.020
13.01	-9.014	17.309	-0.002
13.02	-9.014	21.702	0.026
13.03	-9.016	22.864	0.049
13.04	-9.016	20.928	0.062
13.05	-9.016	16.633	0.077
13.06	-9.017	10.880	0.095
13.07	-9.019	4.480	0.108
13.08	-9.021	-1.867	0.113
13.09	-9.022	-7.581	0.113
13.1	-9.023	-12.348	0.099
13.11	-9.023	-16.155	0.072
13.12	-9.025	-19.070	0.032
13.13	-9.029	-21.075	-0.011
13.14	-9.032	-22.089	-0.035
13.15	-9.034	-22.030	-0.053
13.16	-9.034	-20.941	-0.072
13.17	-9.034	-19.105	-0.086
13.18	-9.035	-16.984	-0.101
13.19	-9.034	-15.097	-0.106
13.2	-9.034	-13.855	-0.102
13.21	-9.033	-13.325	-0.093
13.22	-9.034	-13.133	-0.089
13.23	-9.034	-12.778	-0.087
13.24	-9.034	-11.947	-0.079
13.25	-9.034	-10.638	-0.076
13.26	-9.033	-9.053	-0.073
13.27	-9.032	-7.428	-0.060
13.28	-9.029	-5.947	-0.054
13.29	-9.026	-4.741	-0.059
13.3	-9.023	-3.925	-0.062
13.31	-9.019	-3.547	-0.063
13.32	-9.013	-3.569	-0.064
13.33	-9.002	-3.925	-0.059
13.34	-8.989	-4.531	-0.058
13.35	-8.973	-5.336	-0.057
13.36	-8.954	-6.388	-0.055
13.37	-8.936	-7.717	-0.057
13.38	-8.916	-9.256	-0.061
13.39	-8.895	-10.800	-0.061
13.4	-8.874	-12.098	-0.058
13.41	-8.853	-13.017	-0.067
13.42	-8.831	-13.578	-0.074
13.43	-8.811	-13.861	-0.060
13.44	-8.793	-13.964	-0.054
13.45	-8.775	-14.027	-0.057
13.46	-8.758	-14.134	-0.058
13.47	-8.740	-14.186	-0.063
13.48	-8.723	-14.014	-0.067
13.49	-8.705	-13.595	-0.069
13.5	-8.689	-13.066	-0.066
13.51	-8.672	-12.616	-0.058
13.52	-8.656	-12.295	-0.057
13.53	-8.639	-11.997	-0.062
13.54	-8.623	-11.633	-0.064
13.55	-8.607	-11.222	-0.062
13.56	-8.591	-10.828	-0.063
13.57	-8.575	-10.495	-0.068
13.58	-8.560	-10.223	-0.067
13.59	-8.546	-9.995	-0.056
13.6	-8.531	-9.806	-0.052
13.61	-8.516	-9.638	-0.056
13.62	-8.502	-9.411	-0.059
13.63	-8.487	-9.172	-0.062
13.64	-8.472	-9.086	-0.061
13.65	-8.457	-9.180	-0.048
13.66	-8.444	-9.353	-0.037
13.67	-8.431	-9.505	-0.028
13.68	-8.418	-9.608	-0.006
13.69	-8.406	-9.720	0.011
13.7	-8.394	-9.905	0.011
13.71	-8.381	-10.184	0.009
13.72	-8.368	-10.541	-0.001
13.73	-8.356	-10.913	-0.027
13.74	-8.344	-11.150	-0.051
13.75	-8.334	-11.152	-0.064
13.76	-8.325	-10.995	-0.072
13.77	-8.315	-10.850	-0.072
13.78	-8.303	-10.841	-0.068
13.79	-8.292	-10.938	0.006
13.8	-8.283	-11.033	0.217
13.81	-8.276	-11.131	0.403
13.82	-8.266	-11.209	0.385
13.83	-8.258	-11.195	0.154
13.84	-8.249	-11.092	-0.081
13.85	-8.239	-10.923	-0.129
13.86	-8.226	-10.742	-0.098
13.87	-8.214	-10.583	-0.081
13.88	-8.202	-10.470	-0.072
13.89	-8.191	-10.466	-0.069
13.9	-8.180	-10.530	-0.065
13.91	-8.170	-10.352	-0.061
13.92	-8.160	-9.267	-0.053
13.93	-8.151	-6.244	-0.042
13.94	-8.143	-0.592	-0.029
13.95	-8.136	7.055	-0.024
13.96	-8.129	14.894	-0.024
13.97	-8.123	21.034	-0.008
13.98	-8.119	24.258	0.019
13.99	-8.114	24.195	0.036
14.0	-8.110	21.228	0.044
14.01	-8.106	16.228	0.065
14.02	-8.101	10.156	0.093
14.03	-8.097	3.791	0.104
14.04	-8.094	-2.295	0.102
14.05	-8.089	-7.700	0.093
14.06	-8.084	-12.200	0.070
14.07	-8.081	-15.755	0.041
14.08	-8.078	-18.433	0.012
14.09	-8.077	-20.223	-0.020
14.1	-8.076	-21.005	-0.051
14.11	-8.072	-20.714	-0.073
14.12	-8.069	-19.503	-0.085
14.13	-8.067	-17.719	-0.089
14.14	-8.065	-15.798	-0.096
14.15	-8.062	-14.180	-0.102
14.16	-8.058	-13.177	-0.103
14.17	-8.054	-12.792	-0.100
14.18	-8.051	-12.672	-0.088
14.19	-8.049	-12.358	-0.078
14.2	-8.047	-11.545	-0.077
14.21	-8.045	-10.189	-0.073
14.22	-8.043	-8.519	-0.066
14.23	-8.041	-6.877	-0.062
14.24	-8.038	-5.509	-0.065
14.25	-8.036	-4.523	-0.068
14.26	-8.035	-3.934	-0.068
14.27	-8.034	-3.714	-0.060
14.28	-8.032	-3.838	-0.051
14.29	-8.031	-4.255	-0.054
14.3	-8.030	-4.897	-0.059
14.31	-8.027	-5.716	-0.055
14.32	-8.023	-6.683	-0.058
14.33	-8.019	-7.784	-0.068
14.34	-8.014	-9.037	-0.070
14.35	-8.011	-10.400	-0.066
14.36	-8.007	-11.650	-0.062
14.37	-8.003	-12.542	-0.061
14.38	-8.000	-13.048	-0.065
14.39	-7.998	-13.309	-0.065
14.4	-7.995	-13.453	-0.065
14.41	-7.993	-13.547	-0.063
14.42	-7.991	-13.591	-0.057
14.43	-7.987	-13.520	-0.057
14.44	-7.986	-13.294	-0.060
14.45	-7.984	-12.978	-0.059
14.46	-7.982	-12.639	-0.056
14.47	-7.981	-12.309	-0.060
14.48	-7.979	-12.039	-0.065
14.49	-7.978	-11.805	-0.062
14.5	-7.977	-11.530	-0.060
14.51	-7.976	-11.177	-0.061
14.52	-7.976	-10.755	-0.059
14.53	-7.976	-10.289	-0.055
14.54	-7.975	-9.841	-0.061
14.55	-7.974	-9.497	-0.062
14.56	-7.973	-9.263	-0.053
14.57	-7.971	-9.064	-0.054
14.58	-7.971	-8.875	-0.056
14.59	-7.970	-8.747	-0.048
14.6	-7.968	-8.713	-0.046
14.61	-7.966	-8.736	-0.054
14.62	-7.964	-8.770	-0.052
14.63	-7.962	-8.833	-0.038
14.64	-7.960	-8.969	-0.022
14.65	-7.958	-9.172	0.002
14.66	-7.956	-9.377	0.017
14.67	-7.955	-9.536	0.017
14.68	-7.955	-9.684	0.017
14.69	-7.955	-9.897	0.015
14.7	-7.955	-10.153	-0.005
14.71	-7.954	-10.320	-0.041
14.72	-7.954	-10.439	-0.062
14.73	-7.956	-10.609	-0.063
14.74	-7.956	-10.766	-0.060
14.75	-7.956	-10.866	-0.055
14.76	-7.954	-10.834	-0.021
14.77	-7.954	-10.653	0.143
14.78	-7.955	-10.492	0.365
14.79	-7.956	-10.469	0.431
14.8	-7.957	-10.592	0.255
14.81	-7.958	-10.792	-0.038
14.82	-7.958	-10.922	-0.158
14.83	-7.954	-10.898	-0.114
14.84	-7.951	-10.744	-0.087
14.85	-7.949	-10.492	-0.083
14.86	-7.948	-10.217	-0.085
14.87	-7.946	-10.006	-0.075
14.88	-7.944	-9.748	-0.053
14.89	-7.944	-8.995	-0.042
14.9	-7.943	-6.917	-0.038
14.91	-7.942	-2.408	-0.030
14.92	-7.941	4.698	-0.022
14.93	-7.942	12.903	-0.017
14.94	-7.943	20.097	-0.006
14.95	-7.947	24.603	0.012
14.96	-7.952	25.761	0.034
14.97	-7.959	23.856	0.056
14.98	-7.967	19.538	0.076
14.99	-7.976	13.591	0.097
15.0	-7.986	6.913	0.110
15.01	-7.996	0.367	0.117
15.02	-8.006	-5.397	0.116
15.03	-8.016	-10.113	0.099
15.04	-8.024	-13.842	0.071
15.05	-8.035	-16.714	0.036
15.06	-8.047	-18.719	0.005
15.07	-8.059	-19.883	-0.019
15.08	-8.071	-20.314	-0.042
15.09	-8.081	-19.886	-0.064
15.1	-8.092	-18.559	-0.079
15.11	-8.105	-16.658	-0.085
15.12	-8.119	-14.684	-0.089
15.13	-8.135	-13.186	-0.084
15.14	-8.153	-12.431	-0.077
15.15	-8.174	-12.222	-0.078
15.16	-8.195	-12.069	-0.076
15.17	-8.216	-11.472	-0.069
15.18	-8.236	-10.167	-0.062
15.19	-8.255	-8.309	-0.056
15.2	-8.273	-6.345	-0.053
15.21	-8.289	-4.700	-0.051
15.22	-8.304	-3.584	-0.049
15.23	-8.319	-2.994	-0.054
15.24	-8.334	-2.792	-0.063
15.25	-8.349	-2.878	-0.063
15.26	-8.365	-3.256	-0.060
15.27	-8.379	-3.936	-0.059
15.28	-8.394	-4.830	-0.056
15.29	-8.408	-5.836	-0.051
15.3	-8.422	-6.944	-0.049
15.31	-8.435	-8.145	-0.054
15.32	-8.448	-9.358	-0.059
15.33	-8.461	-10.506	-0.061
15.34	-8.473	-11.534	-0.062
15.35	-8.484	-12.363	-0.065
15.36	-8.494	-12.927	-0.064
15.37	-8.505	-13.234	-0.062
15.38	-8.517	-13.373	-0.057
15.39	-8.528	-13.372	-0.050
15.4	-8.539	-13.217	-0.047
15.41	-8.551	-12.978	-0.046
15.42	-8.562	-12.725	-0.048
15.43	-8.573	-12.475	-0.054
15.44	-8.584	-12.242	-0.056
15.45	-8.595	-12.030	-0.053
15.46	-8.606	-11.816	-0.050
15.47	-8.616	-11.636	-0.048
15.48	-8.626	-11.475	-0.046
15.49	-8.638	-11.186	-0.042
15.5	-8.648	-10.752	-0.040
15.51	-8.658	-10.281	-0.041
15.52	-8.668	-9.847	-0.043
15.53	-8.677	-9.514	-0.047
15.54	-8.688	-9.287	-0.047
15.55	-8.697	-9.142	-0.046
15.56	-8.707	-9.083	-0.050
15.57	-8.716	-9.055	-0.051
15.58	-8.724	-8.906	-0.041
15.59	-8.731	-8.666	-0.023
15.6	-8.739	-8.561	-0.013
15.61	-8.748	-8.692	-0.003
15.62	-8.758	-9.003	0.014
15.63	-8.766	-9.361	0.020
15.64	-8.775	-9.698	0.021
15.65	-8.783	-10.061	0.025
15.66	-8.791	-10.434	0.009
15.67	-8.797	-10.698	-0.024
15.68	-8.805	-10.806	-0.043
15.69	-8.814	-10.844	-0.047
15.7	-8.826	-10.908	-0.052
15.71	-8.833	-11.022	-0.050
15.72	-8.838	-11.145	-0.033
15.73	-8.842	-11.175	0.093
15.74	-8.849	-11.098	0.342
15.75	-8.856	-11.038	0.513
15.76	-8.863	-11.059	0.409
15.77	-8.871	-11.158	0.073
15.78	-8.877	-11.278	-0.136
15.79	-8.881	-11.358	-0.116
15.8	-8.883	-11.405	-0.080
15.81	-8.887	-11.378	-0.074
15.82	-8.891	-11.244	-0.071
15.83	-8.894	-11.102	-0.067
15.84	-8.896	-11.009	-0.057
15.85	-8.899	-10.767	-0.046
15.86	-8.904	-9.597	-0.034
15.87	-8.908	-6.227	-0.023
15.88	-8.912	-0.008	-0.014
15.89	-8.915	8.155	-0.002
15.9	-8.918	16.259	0.012
15.91	-8.921	22.297	0.021
15.92	-8.925	25.063	0.034
15.93	-8.931	24.359	0.059
15.94	-8.936	20.752	0.078
15.95	-8.942	15.131	0.097
15.96	-8.947	8.547	0.119
15.97	-8.953	2.016	0.128
15.98	-8.957	-4.003	0.129
15.99	-8.962	-9.383	0.120
16.0	-8.964	-14.025	0.093
16.01	-8.969	-17.842	0.057
16.02	-8.975	-20.634	0.025
16.03	-8.982	-22.284	-0.009
16.04	-8.986	-22.847	-0.040
16.05	-8.989	-22.419	-0.060
16.06	-8.992	-21.164	-0.073
16.07	-8.996	-19.408	-0.080
16.08	-9.000	-17.566	-0.077
16.09	-9.003	-16.055	-0.076
16.1	-9.006	-15.027	-0.082
16.11	-9.009	-14.286	-0.086
16.12	-9.012	-13.625	-0.080
16.13	-9.016	-12.788	-0.069
16.14	-9.020	-11.598	-0.069
16.15	-9.025	-10.089	-0.066
16.16	-9.029	-8.341	-0.060
16.17	-9.033	-6.531	-0.061
16.18	-9.038	-4.878	-0.059
16.19	-9.044	-3.602	-0.051
16.2	-9.049	-2.803	-0.047
16.21	-9.054	-2.463	-0.051
16.22	-9.058	-2.625	-0.056
16.23	-9.064	-3.255	-0.053
16.24	-9.069	-4.180	-0.047
16.25	-9.074	-5.281	-0.053
16.26	-9.078	-6.528	-0.059
16.27	-9.083	-8.002	-0.054
16.28	-9.089	-9.722	-0.050
16.29	-9.093	-11.434	-0.052
16.3	-9.096	-12.845	-0.056
16.31	-9.100	-13.848	-0.055
16.32	-9.104	-14.442	-0.049
16.33	-9.108	-14.659	-0.045
16.34	-9.113	-14.588	-0.044
16.35	-9.119	-14.355	-0.044
16.36	-9.124	-14.117	-0.043
16.37	-9.129	-14.006	-0.042
16.38	-9.134	-13.989	-0.042
16.39	-9.138	-13.909	-0.039
16.4	-9.144	-13.658	-0.041
16.41	-9.150	-13.223	-0.043
16.42	-9.157	-12.678	-0.042
16.43	-9.164	-12.130	-0.051
16.44	-9.171	-11.652	-0.048
16.45	-9.180	-11.252	-0.039
16.46	-9.191	-10.870	-0.040
16.47	-9.201	-10.453	-0.036
16.48	-9.211	-10.008	-0.036
16.49	-9.223	-9.634	-0.040
16.5	-9.233	-9.478	-0.039
16.51	-9.244	-9.391	-0.038
16.52	-9.254	-9.227	-0.040
16.53	-9.263	-9.055	-0.037
16.54	-9.273	-8.741	-0.022
16.55	-9.285	-8.230	-0.014
16.56	-9.298	-7.778	0.002
16.57	-9.311	-7.620	0.024
16.58	-9.324	-7.833	0.027
16.59	-9.336	-8.352	0.024
16.6	-9.348	-8.984	0.017
16.61	-9.359	-9.598	-0.004
16.62	-9.370	-10.150	-0.030
16.63	-9.381	-10.489	-0.041
16.64	-9.393	-10.514	-0.048
16.65	-9.405	-10.392	-0.046
16.66	-9.413	-10.323	-0.040
16.67	-9.419	-10.344	-0.004
16.68	-9.426	-10.413	0.158
16.69	-9.434	-10.492	0.386
16.7	-9.441	-10.503	0.487
16.71	-9.447	-10.370	0.326
16.72	-9.451	-10.122	0.027
16.73	-9.451	-9.867	-0.103
16.74	-9.445	-9.756	-0.081
16.75	-9.438	-9.844	-0.059
16.76	-9.432	-10.003	-0.056
16.77	-9.427	-10.114	-0.058
16.78	-9.423	-10.150	-0.052
16.79	-9.419	-10.111	-0.045
16.8	-9.416	-9.741	-0.034
16.81	-9.412	-8.091	-0.022
16.82	-9.408	-3.906	-0.016
16.83	-9.402	3.092	-0.006
16.84	-9.398	11.628	0.003
16.85	-9.393	19.564	0.010
16.86	-9.390	24.973	0.029
16.87	-9.388	26.808	0.055
16.88	-9.386	25.075	0.069
16.89	-9.383	20.605	0.081
16.9	-9.379	14.519	0.100
16.91	-9.375	7.803	0.113
16.92	-9.371	1.161	0.110
16.93	-9.366	-4.952	0.103
16.94	-9.359	-10.255	0.090
16.95	-9.350	-14.608	0.059
16.96	-9.339	-17.934	0.022
16.97	-9.328	-20.205	-0.010
16.98	-9.318	-21.425	-0.042
16.99	-9.304	-21.591	-0.069
17.0	-9.285	-20.759	-0.081
17.01	-9.261	-19.147	-0.085
17.02	-9.234	-17.120	-0.094
17.03	-9.207	-15.158	-0.105
17.04	-9.179	-13.722	-0.104
17.05	-9.150	-13.053	-0.093
17.06	-9.121	-12.959	-0.086
17.07	-9.091	-12.923	-0.084
17.08	-9.063	-12.458	-0.079
17.09	-9.034	-11.367	-0.070
17.1	-9.005	-9.748	-0.066
17.11	-8.977	-7.903	-0.069
17.12	-8.949	-6.200	-0.069
17.13	-8.924	-4.880	-0.066
17.14	-8.901	-3.981	-0.065
17.15	-8.880	-3.448	-0.057
17.16	-8.859	-3.216	-0.052
17.17	-8.839	-3.250	-0.055
17.18	-8.818	-3.616	-0.060
17.19	-8.797	-4.481	-0.067
17.2	-8.777	-5.848	-0.069
17.21	-8.758	-7.458	-0.069
17.22	-8.739	-9.084	-0.071
17.23	-8.721	-10.655	-0.068
17.24	-8.703	-12.100	-0.069
17.25	-8.686	-13.316	-0.067
17.26	-8.669	-14.219	-0.063
17.27	-8.652	-14.764	-0.063
17.28	-8.636	-15.028	-0.066
17.29	-8.619	-15.073	-0.070
17.3	-8.603	-14.917	-0.069
17.31	-8.587	-14.697	-0.061
17.32	-8.571	-14.573	-0.056
17.33	-8.556	-14.522	-0.055
17.34	-8.541	-14.408	-0.052
17.35	-8.526	-14.136	-0.046
17.36	-8.512	-13.645	-0.042
17.37	-8.498	-12.975	-0.045
17.38	-8.484	-12.248	-0.045
17.39	-8.471	-11.583	-0.040
17.4	-8.457	-11.050	-0.040
17.41	-8.444	-10.639	-0.043
17.42	-8.433	-10.280	-0.049
17.43	-8.421	-9.909	-0.047
17.44	-8.409	-9.533	-0.039
17.45	-8.398	-9.217	-0.041
17.46	-8.386	-9.025	-0.046
17.47	-8.375	-8.945	-0.037
17.48	-8.363	-8.906	-0.025
17.49	-8.351	-8.909	-0.017
17.5	-8.338	-9.028	-0.008
17.51	-8.326	-9.223	0.009
17.52	-8.315	-9.433	0.022
17.53	-8.303	-9.638	0.024
17.54	-8.291	-9.809	0.021
17.55	-8.278	-9.980	0.009
17.56	-8.267	-10.177	-0.018
17.57	-8.256	-10.383	-0.046
17.58	-8.248	-10.567	-0.056
17.59	-8.240	-10.638	-0.057
17.6	-8.232	-10.647	-0.057
17.61	-8.223	-10.761	-0.051
17.62	-8.214	-10.944	0.035
17.63	-8.206	-11.066	0.248
17.64	-8.198	-11.105	0.417
17.65	-8.188	-11.119	0.380
17.66	-8.177	-11.123	0.141
17.67	-8.168	-11.072	-0.077
17.68	-8.155	-10.969	-0.114
17.69	-8.139	-10.922	-0.091
17.7	-8.123	-10.973	-0.078
17.71	-8.107	-11.050	-0.065
17.72	-8.094	-11.073	-0.058
17.73	-8.081	-10.977	-0.049
17.74	-8.069	-10.542	-0.045
17.75	-8.058	-9.072	-0.044
17.76	-8.046	-5.495	-0.036
17.77	-8.035	0.830	-0.023
17.78	-8.024	9.158	-0.012
17.79	-8.014	17.436	-0.004
17.8	-8.004	23.577	0.005
17.81	-7.996	26.464	0.016
17.82	-7.989	26.048	0.036
17.83	-7.981	22.822	0.062
17.84	-7.973	17.448	0.078
17.85	-7.966	10.755	0.086
17.86	-7.959	3.708	0.097
17.87	-7.954	-2.836	0.104
17.88	-7.948	-8.412	0.093
17.89	-7.941	-12.967	0.066
17.9	-7.936	-16.584	0.035
17.91	-7.931	-19.222	0.008
17.92	-7.928	-20.939	-0.019
17.93	-7.925	-21.884	-0.048
17.94	-7.921	-21.988	-0.071
17.95	-7.918	-21.195	-0.087
17.96	-7.914	-19.577	-0.091
17.97	-7.911	-17.398	-0.092
17.98	-7.908	-15.261	-0.095
17.99	-7.904	-13.772	-0.089
18.0	-7.899	-13.153	-0.085
18.01	-7.895	-13.081	-0.084
18.02	-7.891	-12.917	-0.080
18.03	-7.889	-12.167	-0.081
18.04	-7.886	-10.756	-0.082
18.05	-7.883	-8.975	-0.080
18.06	-7.879	-7.197	-0.074
18.07	-7.875	-5.706	-0.066
18.08	-7.871	-4.658	-0.065
18.09	-7.866	-4.080	-0.068
18.1	-7.862	-3.908	-0.066
18.11	-7.859	-4.058	-0.065
18.12	-7.855	-4.484	-0.066
18.13	-7.851	-5.183	-0.062
18.14	-7.849	-6.108	-0.060
18.15	-7.846	-7.150	-0.064
18.16	-7.842	-8.219	-0.062
18.17	-7.838	-9.338	-0.060
18.18	-7.836	-10.559	-0.068
18.19	-7.833	-11.797	-0.076
18.2	-7.831	-12.772	-0.077
18.21	-7.828	-13.364	-0.075
18.22	-7.824	-13.808	-0.077
18.23	-7.821	-14.203	-0.073
18.24	-7.817	-14.466	-0.068
18.25	-7.815	-14.450	-0.064
18.26	-7.814	-14.011	-0.063
18.27	-7.814	-13.327	-0.067
18.28	-7.813	-12.691	-0.068
18.29	-7.812	-12.241	-0.066
18.3	-7.811	-11.953	-0.066
18.31	-7.809	-11.820	-0.066
18.32	-7.806	-11.727	-0.065
18.33	-7.801	-11.459	-0.063
18.34	-7.797	-11.033	-0.061
18.35	-7.794	-10.544	-0.062
18.36	-7.793	-10.098	-0.064
18.37	-7.791	-9.744	-0.065
18.38	-7.790	-9.405	-0.067
18.39	-7.790	-9.077	-0.063
18.4	-7.790	-8.845	-0.056
18.41	-7.790	-8.756	-0.052
18.42	-7.790	-8.739	-0.044
18.43	-7.790	-8.689	-0.039
18.44	-7.789	-8.659	-0.035
18.45	-7.788	-8.758	-0.027
18.46	-7.786	-8.984	-0.020
18.47	-7.784	-9.202	-0.008
18.48	-7.784	-9.269	0.009
18.49	-7.784	-9.220	0.016
18.5	-7.783	-9.227	0.014
18.51	-7.783	-9.391	0.011
18.52	-7.782	-9.670	-0.005
18.53	-7.781	-9.967	-0.035
18.54	-7.780	-10.161	-0.059
18.55	-7.782	-10.209	-0.069
18.56	-7.784	-10.194	-0.068
18.57	-7.786	-10.186	-0.062
18.58	-7.786	-10.220	-0.044
18.59	-7.788	-10.277	0.092
18.6	-7.790	-10.284	0.326
18.61	-7.793	-10.239	0.447
18.62	-7.798	-10.191	0.325
18.63	-7.803	-10.197	0.030
18.64	-7.809	-10.261	-0.144
18.65	-7.810	-10.314	-0.118
18.66	-7.809	-10.317	-0.079
18.67	-7.811	-10.247	-0.073
18.68	-7.814	-10.042	-0.070
18.69	-7.817	-9.713	-0.057
18.7	-7.819	-9.314	-0.047
18.71	-7.821	-8.636	-0.044
18.72	-7.824	-6.827	-0.035
18.73	-7.828	-2.678	-0.030
18.74	-7.834	4.169	-0.029
18.75	-7.843	12.527	-0.018
18.76	-7.854	20.353	-0.003
18.77	-7.869	25.842	0.008
18.78	-7.888	28.025	0.017
18.79	-7.908	26.822	0.040
18.8	-7.928	22.777	0.072
18.81	-7.948	16.744	0.095
18.82	-7.968	9.714	0.106
18.83	-7.987	2.655	0.109
18.84	-8.006	-3.733	0.109
18.85	-8.023	-9.134	0.107
18.86	-8.039	-13.519	0.090
18.87	-8.056	-16.945	0.055
18.88	-8.072	-19.423	0.016
18.89	-8.089	-20.905	-0.013
18.9	-8.104	-21.353	-0.038
18.91	-8.119	-20.805	-0.062
18.92	-8.134	-19.397	-0.077
18.93	-8.149	-17.458	-0.082
18.94	-8.163	-15.466	-0.081
18.95	-8.176	-13.888	-0.079
18.96	-8.189	-12.983	-0.076
18.97	-8.202	-12.608	-0.073
18.98	-8.215	-12.305	-0.073
18.99	-8.228	-11.633	-0.067
19.0	-8.240	-10.383	-0.059
19.01	-8.253	-8.623	-0.057
19.02	-8.266	-6.680	-0.057
19.03	-8.279	-4.898	-0.064
19.04	-8.291	-3.516	-0.062
19.05	-8.304	-2.666	-0.051
19.06	-8.317	-2.303	-0.054
19.07	-8.329	-2.325	-0.067
19.08	-8.341	-2.698	-0.073
19.09	-8.353	-3.380	-0.071
19.1	-8.364	-4.353	-0.066
19.11	-8.376	-5.577	-0.064
19.12	-8.387	-6.925	-0.065
19.13	-8.398	-8.264	-0.065
19.14	-8.408	-9.488	-0.071
19.15	-8.419	-10.564	-0.074
19.16	-8.431	-11.592	-0.069
19.17	-8.444	-12.595	-0.070
19.18	-8.456	-13.405	-0.073
19.19	-8.469	-13.914	-0.070
19.2	-8.481	-14.148	-0.066
19.21	-8.494	-14.166	-0.062
19.22	-8.506	-14.072	-0.064
19.23	-8.519	-13.972	-0.067
19.24	-8.531	-13.888	-0.063
19.25	-8.541	-13.773	-0.061
19.26	-8.551	-13.573	-0.063
19.27	-8.561	-13.342	-0.062
19.28	-8.571	-13.031	-0.058
19.29	-8.582	-12.477	-0.049
19.3	-8.592	-11.722	-0.044
19.31	-8.603	-10.930	-0.049
19.32	-8.613	-10.292	-0.052
19.33	-8.622	-9.903	-0.050
19.34	-8.631	-9.623	-0.050
19.35	-8.640	-9.322	-0.048
19.36	-8.649	-9.023	-0.042
19.37	-8.658	-8.820	-0.033
19.38	-8.666	-8.780	-0.026
19.39	-8.674	-8.941	-0.017
19.4	-8.683	-9.220	0.009
19.41	-8.693	-9.448	0.036
19.42	-8.704	-9.555	0.039
19.43	-8.713	-9.553	0.030
19.44	-8.719	-9.495	0.018
19.45	-8.726	-9.431	-0.003
19.46	-8.734	-9.441	-0.031
19.47	-8.742	-9.663	-0.047
19.48	-8.752	-10.078	-0.052
19.49	-8.762	-10.503	-0.053
19.5	-8.770	-10.789	-0.049
19.51	-8.777	-10.902	-0.031
19.52	-8.784	-10.908	0.109
19.53	-8.792	-10.977	0.368
19.54	-8.799	-11.234	0.522
19.55	-8.807	-11.581	0.392
19.56	-8.816	-11.866	0.055
19.57	-8.823	-12.052	-0.139
19.58	-8.828	-12.152	-0.118
19.59	-8.831	-12.203	-0.079
19.6	-8.836	-12.192	-0.063
19.61	-8.840	-12.114	-0.058
19.62	-8.842	-12.022	-0.059
19.63	-8.844	-11.881	-0.053
19.64	-8.846	-11.459	-0.042
19.65	-8.848	-10.097	-0.030
19.66	-8.851	-6.705	-0.021
19.67	-8.854	-0.625	-0.011
19.68	-8.857	7.447	0.007
19.69	-8.860	15.625	0.021
19.7	-8.863	21.847	0.031
19.71	-8.867	24.798	0.052
19.72	-8.873	24.208	0.077
19.73	-8.877	20.638	0.096
19.74	-8.883	15.075	0.112
19.75	-8.889	8.520	0.129
19.76	-8.895	1.766	0.139
19.77	-8.899	-4.602	0.136
19.78	-8.902	-10.202	0.125
19.79	-8.906	-14.845	0.103
19.8	-8.911	-18.459	0.070
19.81	-8.919	-21.031	0.035
19.82	-8.926	-22.606	-0.003
19.83	-8.932	-23.216	-0.035
19.84	-8.936	-22.900	-0.054
19.85	-8.941	-21.763	-0.071
19.86	-8.946	-20.056	-0.084
19.87	-8.949	-18.298	-0.088
19.88	-8.953	-16.863	-0.084
19.89	-8.956	-15.808	-0.077
19.9	-8.961	-15.089	-0.078
19.91	-8.968	-14.422	-0.077
19.92	-8.975	-13.491	-0.068
19.93	-8.980	-12.158	-0.060
19.94	-8.986	-10.422	-0.056
19.95	-8.991	-8.492	-0.059
19.96	-8.997	-6.650	-0.060
19.97	-9.003	-5.067	-0.053
19.98	-9.011	-3.856	-0.057
19.99	-9.019	-3.169	-0.060
20.0	-9.026	-3.058	-0.054
20.01	-9.033	-3.391	-0.054
20.02	-9.040	-4.000	-0.062
20.03	-9.047	-4.825	-0.072
20.04	-9.054	-5.863	-0.068
20.05	-9.062	-7.092	-0.062
20.06	-9.069	-8.475	-0.069
20.07	-9.074	-9.994	-0.076
20.08	-9.080	-11.625	-0.071
20.09	-9.086	-13.155	-0.067
20.1	-9.093	-14.261	-0.069
20.11	-9.100	-14.802	-0.065
20.12	-9.106	-14.869	-0.060
20.13	-9.113	-14.639	-0.056
20.14	-9.121	-14.264	-0.057
20.15	-9.127	-13.903	-0.063
20.16	-9.134	-13.698	-0.065
20.17	-9.143	-13.666	-0.062
20.18	-9.151	-13.681	-0.065
20.19	-9.158	-13.595	-0.066
20.2	-9.164	-13.325	-0.061
20.21	-9.172	-12.917	-0.060
20.22	-9.179	-12.470	-0.064
20.23	-9.184	-11.997	-0.061
20.24	-9.191	-11.483	-0.052
20.25	-9.197	-10.959	-0.054
20.26	-9.203	-10.470	-0.060
20.27	-9.207	-10.067	-0.060
20.28	-9.211	-9.783	-0.053
20.29	-9.216	-9.595	-0.042
20.3	-9.222	-9.405	-0.032
20.31	-9.228	-9.113	-0.022
20.32	-9.233	-8.775	-0.003
20.33	-9.238	-8.580	0.012
20.34	-9.240	-8.631	0.015
20.35	-9.242	-8.859	0.014
20.36	-9.246	-9.105	-0.004
20.37	-9.251	-9.291	-0.033
20.38	-9.254	-9.483	-0.058
20.39	-9.261	-9.755	-0.070
20.4	-9.271	-10.047	-0.066
20.41	-9.279	-10.278	-0.055
20.42	-9.283	-10.445	-0.053
20.43	-9.285	-10.550	0.007
20.44	-9.288	-10.591	0.208
20.45	-9.291	-10.633	0.434
20.46	-9.293	-10.694	0.477
20.47	-9.294	-10.736	0.238
20.48	-9.293	-10.758	-0.055
20.49	-9.286	-10.792	-0.133
20.5	-9.272	-10.900	-0.099
20.51	-9.255	-11.044	-0.076
20.52	-9.239	-11.117	-0.068
20.53	-9.222	-11.116	-0.064
20.54	-9.204	-11.083	-0.057
20.55	-9.184	-10.916	-0.054
20.56	-9.163	-10.194	-0.049
20.57	-9.141	-7.938	-0.036
20.58	-9.117	-3.048	-0.026
20.59	-9.094	4.397	-0.022
20.6	-9.070	12.822	-0.007
20.61	-9.047	20.058	0.013
20.62	-9.025	24.413	0.025
20.63	-9.003	25.270	0.042
20.64	-8.981	22.948	0.064
20.65	-8.959	18.300	0.085
20.66	-8.937	12.359	0.103
20.67	-8.916	5.973	0.117
20.68	-8.895	-0.339	0.117
20.69	-8.875	-6.248	0.111
20.7	-8.856	-11.448	0.101
20.71	-8.838	-15.698	0.074
20.72	-8.822	-18.883	0.039
20.73	-8.808	-20.986	-0.001
20.74	-8.793	-22.020	-0.040
20.75	-8.778	-21.992	-0.065
20.76	-8.763	-20.992	-0.082
20.77	-8.748	-19.317	-0.095
20.78	-8.734	-17.372	-0.099
20.79	-8.719	-15.578	-0.090
20.8	-8.703	-14.333	-0.077
20.81	-8.688	-13.789	-0.075
20.82	-8.671	-13.684	-0.079
20.83	-8.655	-13.506	-0.077
20.84	-8.638	-12.850	-0.072
20.85	-8.619	-11.588	-0.069
20.86	-8.601	-9.883	-0.070
20.87	-8.584	-8.073	-0.062
20.88	-8.566	-6.442	-0.053
20.89	-8.549	-5.166	-0.052
20.9	-8.533	-4.338	-0.055
20.91	-8.516	-3.963	-0.058
20.92	-8.499	-3.995	-0.059
20.93	-8.482	-4.380	-0.058
20.94	-8.466	-5.078	-0.059
20.95	-8.450	-6.061	-0.060
20.96	-8.435	-7.267	-0.059
20.97	-8.421	-8.616	-0.056
20.98	-8.406	-10.038	-0.058
20.99	-8.391	-11.445	-0.065
21.0	-8.376	-12.705	-0.068
21.01	-8.363	-13.711	-0.065
21.02	-8.349	-14.436	-0.064
21.03	-8.335	-14.894	-0.065
21.04	-8.322	-15.120	-0.063
21.05	-8.310	-15.155	-0.057
21.06	-8.299	-15.061	-0.054
21.07	-8.288	-14.895	-0.058
21.08	-8.277	-14.688	-0.059
21.09	-8.268	-14.433	-0.051
21.1	-8.257	-14.111	-0.050
21.11	-8.246	-13.748	-0.059
21.12	-8.237	-13.414	-0.057
21.13	-8.229	-13.075	-0.054
21.14	-8.221	-12.602	-0.057
21.15	-8.212	-11.950	-0.062
21.16	-8.204	-11.192	-0.064
21.17	-8.196	-10.456	-0.059
21.18	-8.186	-9.894	-0.055
21.19	-8.176	-9.584	-0.061
21.2	-8.167	-9.477	-0.071
21.21	-8.158	-9.466	-0.064
21.22	-8.148	-9.427	-0.048
21.23	-8.139	-9.275	-0.037
21.24	-8.131	-9.055	-0.026
21.25	-8.123	-8.873	-0.014
21.26	-8.114	-8.800	0.003
21.27	-8.107	-8.753	0.017
21.28	-8.099	-8.677	0.016
21.29	-8.092	-8.752	0.000
21.3	-8.086	-9.080	-0.026
21.31	-8.079	-9.530	-0.050
21.32	-8.073	-9.950	-0.065
21.33	-8.070	-10.250	-0.068
21.34	-8.069	-10.428	-0.069
21.35	-8.066	-10.514	-0.066
21.36	-8.061	-10.509	-0.054
21.37	-8.059	-10.456	0.045
21.38	-8.059	-10.452	0.263
21.39	-8.060	-10.598	0.425
21.4	-8.059	-10.923	0.365
21.41	-8.061	-11.323	0.097
21.42	-8.060	-11.609	-0.109
21.43	-8.056	-11.641	-0.119
21.44	-8.048	-11.475	-0.090
21.45	-8.041	-11.267	-0.076
21.46	-8.037	-11.134	-0.065
21.47	-8.034	-11.059	-0.063
21.48	-8.033	-10.864	-0.060
21.49	-8.033	-10.284	-0.052
21.5	-8.034	-8.717	-0.043
21.51	-8.036	-5.103	-0.038
21.52	-8.036	1.177	-0.030
21.53	-8.034	9.300	-0.018
21.54	-8.034	17.231	-0.008
21.55	-8.034	22.939	0.000
21.56	-8.035	25.303	0.016
21.57	-8.037	24.183	0.044
21.58	-8.039	20.361	0.072
21.59	-8.041	15.089	0.093
21.6	-8.041	9.277	0.106
21.61	-8.040	3.328	0.115
21.62	-8.039	-2.623	0.115
21.63	-8.037	-8.205	0.094
21.64	-8.036	-12.848	0.066
21.65	-8.034	-16.264	0.048
21.66	-8.033	-18.477	0.027
21.67	-8.031	-19.630	-0.003
21.68	-8.027	-19.809	-0.032
21.69	-8.021	-19.231	-0.052
21.7	-8.014	-18.345	-0.067
21.71	-8.008	-17.403	-0.080
21.72	-8.004	-16.344	-0.088
21.73	-7.999	-15.141	-0.087
21.74	-7.993	-14.127	-0.084
21.75	-7.988	-13.702	-0.077
21.76	-7.984	-13.584	-0.066
21.77	-7.978	-13.128	-0.062
21.78	-7.973	-12.008	-0.065
21.79	-7.968	-10.250	-0.067
21.8	-7.963	-8.223	-0.069
21.81	-7.956	-6.348	-0.065
21.82	-7.951	-4.825	-0.056
21.83	-7.946	-3.786	-0.048
21.84	-7.939	-3.356	-0.046
21.85	-7.931	-3.492	-0.048
21.86	-7.925	-3.978	-0.043
21.87	-7.918	-4.578	-0.033
21.88	-7.912	-5.208	-0.034
21.89	-7.906	-5.930	-0.038
21.9	-7.901	-6.867	-0.030
21.91	-7.896	-8.114	-0.024
21.92	-7.891	-9.616	-0.033
21.93	-7.888	-11.098	-0.040
21.94	-7.884	-12.258	-0.031
21.95	-7.880	-12.981	-0.025
21.96	-7.876	-13.400	-0.031
21.97	-7.873	-13.698	-0.031
21.98	-7.869	-13.903	-0.024
21.99	-7.866	-13.959	-0.018
22.0	-7.863	-13.906	-0.019
22.01	-7.860	-13.842	-0.025
22.02	-7.856	-13.777	-0.023
22.03	-7.853	-13.617	-0.018
22.04	-7.848	-13.322	-0.018
22.05	-7.843	-12.963	-0.016
22.06	-7.840	-12.606	-0.015
22.07	-7.838	-12.227	-0.019
22.08	-7.836	-11.756	-0.022
22.09	-7.832	-11.213	-0.026
22.1	-7.829	-10.686	-0.033
22.11	-7.828	-10.248	-0.030
22.12	-7.827	-9.914	-0.029
22.13	-7.826	-9.633	-0.031
22.14	-7.824	-9.373	-0.031
22.15	-7.824	-9.158	-0.034
22.16	-7.823	-9.022	-0.032
22.17	-7.822	-8.988	-0.029
22.18	-7.821	-9.045	-0.030
22.19	-7.819	-9.194	-0.018
22.2	-7.817	-9.406	-0.004
22.21	-7.816	-9.592	0.008
22.22	-7.814	-9.638	0.025
22.23	-7.814	-9.531	0.024
22.24	-7.814	-9.361	0.019
22.25	-7.813	-9.211	0.013
22.26	-7.811	-9.177	-0.011
22.27	-7.810	-9.319	-0.043
22.28	-7.809	-9.580	-0.067
22.29	-7.809	-9.809	-0.077
22.3	-7.812	-9.903	-0.079
22.31	-7.814	-9.908	-0.073
22.32	-7.815	-9.942	-0.063
22.33	-7.816	-10.017	0.025
22.34	-7.818	-10.106	0.241
22.35	-7.822	-10.244	0.417
22.36	-7.827	-10.417	0.360
22.37	-7.833	-10.561	0.073
22.38	-7.839	-10.616	-0.153
22.39	-7.841	-10.547	-0.153
22.4	-7.839	-10.406	-0.111
22.41	-7.836	-10.238	-0.107
22.42	-7.837	-10.036	-0.103
22.43	-7.839	-9.822	-0.090
22.44	-7.840	-9.598	-0.081
22.45	-7.841	-9.272	-0.077
22.46	-7.844	-8.173	-0.065
22.47	-7.848	-5.044	-0.051
22.48	-7.854	0.888	-0.040
22.49	-7.862	8.927	-0.028
22.5	-7.874	17.113	-0.017
22.51	-7.890	23.361	-0.008
22.52	-7.909	26.448	0.004
22.53	-7.931	26.194	0.027
22.54	-7.952	23.083	0.053
22.55	-7.972	17.686	0.063
22.56	-7.992	10.834	0.082
22.57	-8.010	4.022	0.114
22.58	-8.027	-1.705	0.122
22.59	-8.043	-6.688	0.110
22.6	-8.058	-11.213	0.090
22.61	-8.073	-14.255	0.059
22.62	-8.089	-15.369	0.025
22.63	-8.105	-16.045	-0.012
22.64	-8.119	-17.848	-0.043
22.65	-8.134	-20.380	-0.068
22.66	-8.148	-21.103	-0.089
22.67	-8.164	-18.342	-0.095
22.68	-8.179	-13.989	-0.101
22.69	-8.194	-11.036	-0.109
22.7	-8.209	-10.636	-0.097
22.71	-8.223	-11.439	-0.079
22.72	-8.238	-11.427	-0.079
22.73	-8.251	-10.288	-0.081
22.74	-8.265	-8.731	-0.077
22.75	-8.279	-7.436	-0.075
22.76	-8.294	-6.592	-0.073
22.77	-8.309	-5.964	-0.066
22.78	-8.322	-5.461	-0.058
22.79	-8.336	-4.989	-0.052
22.8	-8.349	-4.289	-0.049
22.81	-8.363	-3.592	-0.047
22.82	-8.376	-3.614	-0.037
22.83	-8.388	-4.592	-0.011
22.84	-8.400	-6.120	0.004
22.85	-8.411	-7.856	0.002
22.86	-8.422	-9.798	0.001
22.87	-8.434	-11.814	0.003
22.88	-8.445	-13.536	0.008
22.89	-8.456	-14.722	0.017
22.9	-8.467	-15.456	0.013
22.91	-8.478	-15.870	-0.004
22.92	-8.489	-15.881	-0.015
22.93	-8.499	-15.578	-0.011
22.94	-8.509	-14.967	-0.008
22.95	-8.519	-13.927	-0.017
22.96	-8.530	-12.784	-0.026
22.97	-8.541	-11.934	-0.023
22.98	-8.553	-11.616	-0.023
22.99	-8.563	-11.898	-0.030
23.0	-8.573	-12.352	-0.033
23.01	-8.582	-12.550	-0.033
23.02	-8.592	-12.653	-0.041
23.03	-8.601	-12.953	-0.043
23.04	-8.608	-13.306	-0.038
23.05	-8.616	-13.209	-0.040
23.06	-8.624	-12.395	-0.033
23.07	-8.632	-11.102	-0.021
23.08	-8.639	-9.813	-0.022
23.09	-8.647	-9.088	-0.030
23.1	-8.656	-9.127	-0.040
23.11	-8.664	-9.386	-0.046
23.12	-8.672	-9.230	-0.038
23.13	-8.680	-8.666	-0.028
23.14	-8.686	-8.213	-0.023
23.15	-8.691	-8.286	-0.007
23.16	-8.698	-8.797	0.014
23.17	-8.706	-9.361	0.028
23.18	-8.713	-9.747	0.036
23.19	-8.720	-9.850	0.026
23.2	-8.727	-9.769	0.000
23.21	-8.733	-9.959	-0.038
23.22	-8.740	-10.620	-0.071
23.23	-8.748	-11.166	-0.085
23.24	-8.758	-10.803	-0.087
23.25	-8.766	-9.653	-0.082
23.26	-8.771	-8.723	-0.083
23.27	-8.777	-8.830	-0.048
23.28	-8.784	-9.972	0.129
23.29	-8.793	-11.483	0.378
23.3	-8.798	-12.552	0.476
23.31	-8.804	-12.828	0.275
23.32	-8.812	-12.570	-0.057
23.33	-8.819	-12.172	-0.179
23.34	-8.822	-11.939	-0.130
23.35	-8.824	-12.053	-0.095
23.36	-8.827	-12.303	-0.083
23.37	-8.830	-12.283	-0.079
23.38	-8.832	-11.883	-0.080
23.39	-8.832	-11.273	-0.082
23.4	-8.834	-10.517	-0.081
23.41	-8.836	-9.006	-0.073
23.42	-8.839	-5.461	-0.064
23.43	-8.841	0.858	-0.055
23.44	-8.842	9.052	-0.048
23.45	-8.844	17.066	-0.037
23.46	-8.847	22.841	-0.016
23.47	-8.851	25.133	0.001
23.48	-8.855	23.836	0.019
23.49	-8.861	19.720	0.043
23.5	-8.867	13.848	0.064
23.51	-8.873	7.180	0.084
23.52	-8.878	0.572	0.090
23.53	-8.884	-5.344	0.084
23.54	-8.888	-10.472	0.082
23.55	-8.892	-14.923	0.064
23.56	-8.897	-18.644	0.021
23.57	-8.902	-21.486	-0.024
23.58	-8.908	-23.233	-0.057
23.59	-8.912	-23.716	-0.077
23.6	-8.916	-23.067	-0.090
23.61	-8.921	-21.641	-0.099
23.62	-8.924	-19.764	-0.109
23.63	-8.928	-17.808	-0.119
23.64	-8.931	-16.336	-0.123
23.65	-8.934	-15.642	-0.121
23.66	-8.938	-15.206	-0.116
23.67	-8.941	-14.375	-0.118
23.68	-8.944	-13.003	-0.120
23.69	-8.949	-11.197	-0.111
23.7	-8.953	-9.189	-0.104
23.71	-8.957	-7.256	-0.104
23.72	-8.962	-5.577	-0.106
23.73	-8.967	-4.281	-0.103
23.74	-8.973	-3.427	-0.096
23.75	-8.977	-2.919	-0.097
23.76	-8.982	-2.694	-0.102
23.77	-8.988	-2.853	-0.103
23.78	-8.992	-3.494	-0.098
23.79	-8.998	-4.534	-0.093
23.8	-9.002	-5.806	-0.091
23.81	-9.007	-7.222	-0.095
23.82	-9.012	-8.747	-0.100
23.83	-9.018	-10.302	-0.099
23.84	-9.024	-11.795	-0.098
23.85	-9.030	-13.094	-0.100
23.86	-9.036	-14.027	-0.096
23.87	-9.042	-14.550	-0.091
23.88	-9.046	-14.789	-0.094
23.89	-9.051	-14.925	-0.090
23.9	-9.056	-15.039	-0.084
23.91	-9.061	-15.080	-0.085
23.92	-9.066	-14.966	-0.081
23.93	-9.071	-14.727	-0.075
23.94	-9.076	-14.439	-0.075
23.95	-9.079	-14.091	-0.077
23.96	-9.084	-13.648	-0.076
23.97	-9.089	-13.116	-0.076
23.98	-9.094	-12.523	-0.077
23.99	-9.098	-12.016	-0.076
24.0	-9.101	-11.638	-0.076
24.01	-9.104	-11.186	-0.075
24.02	-9.107	-10.567	-0.071
24.03	-9.109	-9.897	-0.072
24.04	-9.111	-9.294	-0.076
24.05	-9.113	-8.783	-0.070
24.06	-9.114	-8.406	-0.061
24.07	-9.117	-8.313	-0.052
24.08	-9.123	-8.502	-0.042
24.09	-9.131	-8.764	-0.033
24.1	-9.141	-8.873	-0.014
24.11	-9.150	-8.847	0.004
24.12	-9.158	-8.931	0.006
24.13	-9.165	-9.292	-0.008
24.14	-9.171	-9.770	-0.039
24.15	-9.175	-10.103	-0.070
24.16	-9.179	-10.203	-0.079
24.17	-9.186	-10.130	-0.077
24.18	-9.191	-10.058	-0.080
24.19	-9.191	-10.186	-0.090
24.2	-9.189	-10.492	-0.051
24.21	-9.189	-10.772	0.123
24.22	-9.188	-10.911	0.356
24.23	-9.186	-10.945	0.462
24.24	-9.184	-10.992	0.296
24.25	-9.181	-11.139	-0.014
24.26	-9.172	-11.264	-0.147
24.27	-9.154	-11.241	-0.121
24.28	-9.133	-11.122	-0.091
24.29	-9.114	-10.988	-0.080
24.3	-9.096	-10.917	-0.074
24.31	-9.079	-10.953	-0.063
24.32	-9.061	-11.002	-0.056
24.33	-9.043	-10.669	-0.051
24.34	-9.025	-8.920	-0.047
24.35	-9.007	-4.533	-0.042
24.36	-8.988	2.689	-0.034
24.37	-8.969	11.386	-0.021
24.38	-8.951	19.391	-0.001
24.39	-8.933	24.897	0.012
24.4	-8.915	26.980	0.025
24.41	-8.897	25.533	0.047
24.42	-8.878	21.192	0.068
24.43	-8.860	15.059	0.085
24.44	-8.841	8.217	0.100
24.45	-8.821	1.477	0.107
24.46	-8.801	-4.675	0.098
24.47	-8.779	-9.966	0.082
24.48	-8.758	-14.270	0.058
24.49	-8.739	-17.664	0.023
24.5	-8.724	-20.223	-0.010
24.51	-8.709	-21.844	-0.038
24.52	-8.693	-22.403	-0.066
24.53	-8.676	-21.923	-0.087
24.54	-8.660	-20.600	-0.102
24.55	-8.644	-18.719	-0.109
24.56	-8.627	-16.716	-0.111
24.57	-8.609	-15.122	-0.108
24.58	-8.592	-14.250	-0.101
24.59	-8.574	-13.930	-0.098
24.6	-8.558	-13.622	-0.097
24.61	-8.541	-12.855	-0.093
24.62	-8.525	-11.469	-0.084
24.63	-8.509	-9.606	-0.074
24.64	-8.495	-7.650	-0.072
24.65	-8.481	-6.011	-0.079
24.66	-8.467	-4.886	-0.077
24.67	-8.454	-4.195	-0.071
24.68	-8.442	-3.786	-0.071
24.69	-8.430	-3.656	-0.070
24.7	-8.418	-3.869	-0.069
24.71	-8.406	-4.444	-0.070
24.72	-8.394	-5.334	-0.075
24.73	-8.381	-6.456	-0.076
24.74	-8.367	-7.717	-0.072
24.75	-8.355	-9.027	-0.074
24.76	-8.344	-10.334	-0.074
24.77	-8.332	-11.597	-0.071
24.78	-8.321	-12.720	-0.075
24.79	-8.309	-13.680	-0.079
24.8	-8.297	-14.419	-0.072
24.81	-8.286	-14.869	-0.068
24.82	-8.275	-15.052	-0.072
24.83	-8.264	-15.013	-0.077
24.84	-8.254	-14.873	-0.077
24.85	-8.244	-14.736	-0.075
24.86	-8.235	-14.586	-0.074
24.87	-8.225	-14.366	-0.073
24.88	-8.216	-14.066	-0.071
24.89	-8.206	-13.694	-0.078
24.9	-8.197	-13.238	-0.079
24.91	-8.189	-12.705	-0.072
24.92	-8.179	-12.117	-0.066
24.93	-8.171	-11.533	-0.061
24.94	-8.162	-11.034	-0.067
24.95	-8.153	-10.655	-0.077
24.96	-8.144	-10.330	-0.073
24.97	-8.136	-9.975	-0.061
24.98	-8.129	-9.613	-0.054
24.99	-8.121	-9.305	-0.049
25.0	-8.113	-9.081	-0.033
25.01	-8.106	-8.938	-0.012
25.02	-8.098	-8.808	0.003
25.03	-8.090	-8.720	0.005
25.04	-8.082	-8.775	-0.006
25.05	-8.074	-8.927	-0.026
25.06	-8.068	-9.081	-0.051
25.07	-8.060	-9.192	-0.068
25.08	-8.054	-9.253	-0.073
25.09	-8.050	-9.295	-0.081
25.1	-8.045	-9.358	-0.082
25.11	-8.038	-9.523	-0.076
25.12	-8.031	-9.838	-0.020
25.13	-8.024	-10.214	0.174
25.14	-8.019	-10.534	0.388
25.15	-8.013	-10.750	0.418
25.16	-8.007	-10.920	0.199
25.17	-8.002	-11.113	-0.070
25.18	-7.997	-11.273	-0.136
25.19	-7.988	-11.372	-0.099
25.2	-7.979	-11.442	-0.083
25.21	-7.970	-11.456	-0.076
25.22	-7.963	-11.377	-0.079
25.23	-7.956	-11.175	-0.076
25.24	-7.949	-10.691	-0.066
25.25	-7.944	-9.420	-0.062
25.26	-7.938	-6.394	-0.055
25.27	-7.933	-0.677	-0.046
25.28	-7.927	7.497	-0.040
25.29	-7.921	16.161	-0.027
25.3	-7.916	23.048	-0.010
25.31	-7.912	26.813	0.008
25.32	-7.910	26.881	0.026
25.33	-7.907	23.803	0.044
25.34	-7.904	18.775	0.064
25.35	-7.900	12.673	0.084
25.36	-7.898	6.158	0.098
25.37	-7.896	-0.206	0.095
25.38	-7.894	-6.059	0.083
25.39	-7.891	-11.098	0.071
25.4	-7.888	-15.084	0.053
25.41	-7.885	-18.050	0.026
25.42	-7.884	-20.164	-0.013
25.43	-7.883	-21.502	-0.048
25.44	-7.879	-21.972	-0.069
25.45	-7.876	-21.414	-0.085
25.46	-7.872	-19.888	-0.094
25.47	-7.869	-17.883	-0.095
25.48	-7.865	-15.956	-0.093
25.49	-7.861	-14.434	-0.090
25.5	-7.857	-13.445	-0.089
25.51	-7.854	-12.822	-0.087
25.52	-7.851	-12.181	-0.083
25.53	-7.848	-11.208	-0.077
25.54	-7.844	-9.770	-0.072
25.55	-7.841	-7.991	-0.067
25.56	-7.838	-6.213	-0.064
25.57	-7.834	-4.733	-0.063
25.58	-7.831	-3.669	-0.064
25.59	-7.828	-3.002	-0.063
25.6	-7.824	-2.689	-0.060
25.61	-7.820	-2.744	-0.062
25.62	-7.816	-3.202	-0.062
25.63	-7.813	-4.011	-0.059
25.64	-7.810	-5.058	-0.060
25.65	-7.807	-6.292	-0.062
25.66	-7.804	-7.703	-0.072
25.67	-7.800	-9.245	-0.073
25.68	-7.798	-10.784	-0.065
25.69	-7.796	-12.102	-0.069
25.7	-7.793	-13.016	-0.068
25.71	-7.788	-13.523	-0.061
25.72	-7.782	-13.777	-0.066
25.73	-7.777	-13.913	-0.073
25.74	-7.774	-13.945	-0.074
25.75	-7.774	-13.797	-0.060
25.76	-7.774	-13.525	-0.053
25.77	-7.774	-13.325	-0.062
25.78	-7.774	-13.184	-0.069
25.79	-7.774	-12.822	-0.069
25.8	-7.775	-12.077	-0.054
25.81	-7.775	-11.173	-0.042
25.82	-7.776	-10.508	-0.044
25.83	-7.776	-10.295	-0.043
25.84	-7.777	-10.392	-0.041
25.85	-7.778	-10.348	-0.042
25.86	-7.780	-9.856	-0.040
25.87	-7.782	-9.002	-0.036
25.88	-7.783	-7.972	-0.033
25.89	-7.784	-6.781	-0.027
25.9	-7.785	-5.766	-0.014
25.91	-7.786	-5.986	0.011
25.92	-7.788	-7.308	0.029
25.93	-7.789	-7.900	0.033
25.94	-7.791	-6.973	0.026
25.95	-7.793	-5.638	0.003
25.96	-7.794	-5.516	-0.020
25.97	-7.794	-7.117	-0.033
25.98	-7.796	-9.214	-0.032
25.99	-7.798	-10.295	-0.011
26.0	-7.800	-10.083	0.008
26.01	-7.801	-9.350	0.019
26.02	-7.802	-9.189	0.048
26.03	-7.804	-10.052	0.179
26.04	-7.806	-11.353	0.415
26.05	-7.809	-12.353	0.556
26.06	-7.811	-12.859	0.439
26.07	-7.813	-13.152	0.131
26.08	-7.815	-13.248	-0.055
26.09	-7.814	-12.750	-0.036
26.1	-7.811	-11.825	-0.005
26.11	-7.809	-11.097	0.002
26.12	-7.808	-10.944	0.009
26.13	-7.807	-11.364	0.016
26.14	-7.806	-11.502	0.019
26.15	-7.806	-10.113	0.022
26.16	-7.807	-6.745	0.035
26.17	-7.808	-1.570	0.045
26.18	-7.808	5.113	0.057
26.19	-7.806	12.581	0.065
26.2	-7.803	19.597	0.069
26.21	-7.801	24.833	0.081
26.22	-7.804	27.272	0.093
26.23	-7.808	26.497	0.107
26.24	-7.813	22.911	0.123
26.25	-7.820	17.281	0.138
26.26	-7.828	10.438	0.162
26.27	-7.839	3.289	0.179
26.28	-7.851	-3.303	0.170
26.29	-7.863	-8.606	0.149
26.3	-7.878	-12.461	0.120
26.31	-7.893	-15.339	0.077
26.32	-7.910	-17.830	0.032
26.33	-7.928	-19.930	-0.006
26.34	-7.944	-21.153	-0.037
26.35	-7.961	-21.213	-0.057
26.36	-7.977	-20.125	-0.068
26.37	-7.993	-18.364	-0.076
26.38	-8.009	-16.602	-0.088
26.39	-8.024	-15.197	-0.095
26.4	-8.040	-14.231	-0.085
26.41	-8.056	-13.666	-0.074
26.42	-8.071	-13.152	-0.074
26.43	-8.085	-12.173	-0.071
26.44	-8.100	-10.650	-0.065
26.45	-8.115	-8.845	-0.066
26.46	-8.130	-7.011	-0.071
26.47	-8.143	-5.444	-0.068
26.48	-8.156	-4.259	-0.064
26.49	-8.168	-3.352	-0.068
26.5	-8.181	-2.772	-0.074
26.51	-8.194	-2.600	-0.068
26.52	-8.208	-2.839	-0.056
26.53	-8.221	-3.552	-0.058
26.54	-8.234	-4.792	-0.061
26.55	-8.245	-6.373	-0.064
26.56	-8.257	-7.788	-0.068
26.57	-8.269	-8.662	-0.072
26.58	-8.282	-9.086	-0.080
26.59	-8.294	-9.334	-0.088
26.6	-8.308	-9.644	-0.091
26.61	-8.321	-10.244	-0.094
26.62	-8.334	-11.239	-0.095
26.63	-8.348	-12.314	-0.088
26.64	-8.362	-12.991	-0.085
26.65	-8.375	-13.172	-0.088
26.66	-8.387	-13.183	-0.085
26.67	-8.401	-13.344	-0.083
26.68	-8.414	-13.613	-0.087
26.69	-8.427	-13.620	-0.088
26.7	-8.439	-13.198	-0.088
26.71	-8.453	-12.567	-0.087
26.72	-8.466	-11.911	-0.089
26.73	-8.478	-11.248	-0.087
26.74	-8.490	-10.688	-0.071
26.75	-8.502	-10.295	-0.065
26.76	-8.514	-9.978	-0.070
26.77	-8.525	-9.694	-0.057
26.78	-8.535	-9.453	-0.031
26.79	-8.547	-9.230	-0.008
26.8	-8.559	-9.037	-0.000
26.81	-8.570	-8.883	-0.012
26.82	-8.581	-8.761	-0.033
26.83	-8.591	-8.755	-0.055
26.84	-8.602	-8.888	-0.073
26.85	-8.613	-9.092	-0.083
26.86	-8.624	-9.319	-0.087
26.87	-8.636	-9.520	-0.098
26.88	-8.646	-9.653	-0.108
26.89	-8.654	-9.722	-0.105
26.9	-8.662	-9.825	-0.005
26.91	-8.674	-10.006	0.234
26.92	-8.686	-10.195	0.426
26.93	-8.696	-10.445	0.362
26.94	-8.707	-10.856	0.052
26.95	-8.719	-11.370	-0.180
26.96	-8.729	-11.855	-0.177
26.97	-8.735	-12.181	-0.129
26.98	-8.739	-12.291	-0.116
26.99	-8.746	-12.247	-0.118
27.0	-8.752	-12.205	-0.109
27.01	-8.756	-12.225	-0.094
27.02	-8.761	-12.111	-0.092
27.03	-8.766	-11.194	-0.082
27.04	-8.771	-8.289	-0.067
27.05	-8.775	-2.467	-0.056
27.06	-8.779	5.759	-0.044
27.07	-8.783	14.444	-0.034
27.08	-8.787	21.347	-0.022
27.09	-8.792	25.067	0.001
27.1	-8.798	25.308	0.021
27.11	-8.804	22.644	0.035
27.12	-8.811	17.920	0.057
27.13	-8.818	11.822	0.079
27.14	-8.827	5.058	0.089
27.15	-8.834	-1.744	0.082
27.16	-8.840	-8.119	0.063
27.17	-8.846	-13.617	0.040
27.18	-8.854	-17.991	0.011
27.19	-8.861	-21.216	-0.029
27.2	-8.869	-23.264	-0.072
27.21	-8.874	-24.119	-0.101
27.22	-8.879	-23.927	-0.119
27.23	-8.884	-22.938	-0.126
27.24	-8.890	-21.433	-0.128
27.25	-8.896	-19.645	-0.137
27.26	-8.903	-17.884	-0.143
27.27	-8.910	-16.486	-0.136
27.28	-8.916	-15.475	-0.129
27.29	-8.921	-14.603	-0.128
27.3	-8.927	-13.569	-0.127
27.31	-8.933	-12.119	-0.120
27.32	-8.939	-10.173	-0.109
27.33	-8.944	-7.941	-0.102
27.34	-8.948	-5.784	-0.107
27.35	-8.954	-4.020	-0.115
27.36	-8.960	-2.814	-0.110
27.37	-8.966	-2.205	-0.102
27.38	-8.971	-2.205	-0.102
27.39	-8.976	-2.798	-0.100
27.4	-8.981	-3.808	-0.098
27.41	-8.986	-4.933	-0.102
27.42	-8.991	-6.048	-0.107
27.43	-8.995	-7.223	-0.104
27.44	-9.001	-8.594	-0.099
27.45	-9.006	-10.191	-0.099
27.46	-9.013	-11.786	-0.098
27.47	-9.018	-13.105	-0.100
27.48	-9.024	-14.033	-0.096
27.49	-9.029	-14.600	-0.088
27.5	-9.034	-14.944	-0.089
27.51	-9.038	-15.178	-0.086
27.52	-9.042	-15.338	-0.081
27.53	-9.046	-15.422	-0.079
27.54	-9.049	-15.372	-0.083
27.55	-9.053	-15.159	-0.090
27.56	-9.055	-14.828	-0.080
27.57	-9.058	-14.436	-0.060
27.58	-9.060	-14.045	-0.049
27.59	-9.063	-13.713	-0.046
27.6	-9.066	-13.364	-0.034
27.61	-9.067	-12.814	-0.022
27.62	-9.068	-12.070	-0.017
27.63	-9.066	-11.288	-0.018
27.64	-9.064	-10.555	-0.039
27.65	-9.061	-9.916	-0.064
27.66	-9.057	-9.394	-0.076
27.67	-9.054	-9.014	-0.080
27.68	-9.054	-8.766	-0.086
27.69	-9.056	-8.563	-0.090
27.7	-9.052	-8.367	-0.089
27.71	-9.044	-8.245	-0.069
27.72	-9.039	-8.234	0.067
27.73	-9.034	-8.372	0.308
27.74	-9.029	-8.603	0.451
27.75	-9.023	-8.773	0.320
27.76	-9.020	-8.892	0.009
27.77	-9.013	-9.064	-0.154
27.78	-8.996	-9.406	-0.133
27.79	-8.970	-9.977	-0.101
27.8	-8.944	-10.586	-0.095
27.81	-8.919	-11.022	-0.089
27.82	-8.894	-11.244	-0.072
27.83	-8.871	-11.223	-0.063
27.84	-8.848	-10.794	-0.063
27.85	-8.826	-9.331	-0.058
27.86	-8.806	-5.730	-0.046
27.87	-8.786	0.622	-0.034
27.88	-8.768	8.914	-0.026
27.89	-8.751	17.236	-0.021
27.9	-8.734	23.542	-0.004
27.91	-8.719	26.494	0.027
27.92	-8.706	25.808	0.053
27.93	-8.692	22.075	0.067
27.94	-8.679	16.281	0.080
27.95	-8.668	9.417	0.097
27.96	-8.657	2.327	0.104
27.97	-8.646	-4.353	0.100
27.98	-8.634	-10.158	0.084
27.99	-8.623	-14.825	0.055
28.0	-8.614	-18.316	0.023
28.01	-8.607	-20.689	-0.010
28.02	-8.601	-22.048	-0.043
28.03	-8.593	-22.486	-0.070
28.04	-8.584	-22.091	-0.089
28.05	-8.576	-20.950	-0.102
28.06	-8.568	-19.248	-0.108
28.07	-8.560	-17.367	-0.108
28.08	-8.551	-15.798	-0.110
28.09	-8.542	-14.822	-0.109
28.1	-8.533	-14.253	-0.101
28.11	-8.525	-13.628	-0.093
28.12	-8.516	-12.616	-0.086
28.13	-8.508	-11.161	-0.083
28.14	-8.499	-9.430	-0.083
28.15	-8.491	-7.705	-0.083
28.16	-8.484	-6.220	-0.086
28.17	-8.478	-5.113	-0.083
28.18	-8.471	-4.414	-0.079
28.19	-8.466	-4.086	-0.080
28.2	-8.461	-4.108	-0.077
28.21	-8.457	-4.466	-0.078
28.22	-8.453	-5.127	-0.085
28.23	-8.449	-6.039	-0.086
28.24	-8.446	-7.183	-0.083
28.25	-8.441	-8.545	-0.088
28.26	-8.436	-10.064	-0.096
28.27	-8.431	-11.636	-0.095
28.28	-8.427	-13.045	-0.090
28.29	-8.421	-14.027	-0.094
28.3	-8.416	-14.634	-0.091
28.31	-8.411	-15.005	-0.094
28.32	-8.406	-15.141	-0.098
28.33	-8.402	-15.098	-0.086
28.34	-8.398	-14.891	-0.080
28.35	-8.393	-14.569	-0.083
28.36	-8.388	-14.256	-0.084
28.37	-8.383	-13.983	-0.083
28.38	-8.379	-13.702	-0.083
28.39	-8.374	-13.356	-0.083
28.4	-8.368	-12.989	-0.080
28.41	-8.363	-12.570	-0.068
28.42	-8.358	-12.013	-0.054
28.43	-8.354	-11.341	-0.041
28.44	-8.350	-10.638	-0.028
28.45	-8.346	-10.066	-0.016
28.46	-8.342	-9.686	-0.014
28.47	-8.338	-9.394	-0.019
28.48	-8.335	-9.119	-0.033
28.49	-8.332	-8.878	-0.059
28.5	-8.329	-8.666	-0.078
28.51	-8.326	-8.461	-0.081
28.52	-8.326	-8.314	-0.080
28.53	-8.326	-8.292	-0.081
28.54	-8.323	-8.445	-0.084
28.55	-8.320	-8.741	-0.069
28.56	-8.321	-9.064	0.067
28.57	-8.323	-9.377	0.311
28.58	-8.326	-9.739	0.449
28.59	-8.331	-10.173	0.327
28.6	-8.338	-10.606	0.025
28.61	-8.343	-10.873	-0.138
28.62	-8.338	-10.986	-0.115
28.63	-8.326	-11.111	-0.091
28.64	-8.316	-11.263	-0.091
28.65	-8.313	-11.392	-0.088
28.66	-8.309	-11.477	-0.084
28.67	-8.305	-11.395	-0.080
28.68	-8.301	-10.700	-0.071
28.69	-8.296	-8.334	-0.055
28.7	-8.291	-3.059	-0.045
28.71	-8.286	5.097	-0.036
28.72	-8.282	14.380	-0.030
28.73	-8.278	22.506	-0.022
28.74	-8.274	27.652	-0.006
28.75	-8.271	29.056	0.010
28.76	-8.267	27.030	0.025
28.77	-8.263	22.384	0.054
28.78	-8.259	16.100	0.081
28.79	-8.256	9.027	0.092
28.8	-8.253	1.814	0.093
28.81	-8.250	-4.902	0.087
28.82	-8.248	-10.606	0.075
28.83	-8.244	-15.217	0.050
28.84	-8.243	-18.808	0.013
28.85	-8.242	-21.344	-0.020
28.86	-8.241	-22.809	-0.050
28.87	-8.238	-23.145	-0.078
28.88	-8.233	-22.341	-0.099
28.89	-8.231	-20.605	-0.110
28.9	-8.229	-18.361	-0.109
28.91	-8.227	-16.241	-0.101
28.92	-8.224	-14.838	-0.100
28.93	-8.221	-14.250	-0.100
28.94	-8.218	-14.014	-0.100
28.95	-8.216	-13.513	-0.099
28.96	-8.214	-12.281	-0.090
28.97	-8.212	-10.369	-0.079
28.98	-8.211	-8.313	-0.077
28.99	-8.209	-6.548	-0.078
29.0	-8.207	-5.264	-0.081
29.01	-8.205	-4.389	-0.080
29.02	-8.203	-3.791	-0.074
29.03	-8.201	-3.545	-0.070
29.04	-8.200	-3.727	-0.072
29.05	-8.199	-4.295	-0.079
29.06	-8.197	-5.175	-0.078
29.07	-8.196	-6.244	-0.072
29.08	-8.194	-7.383	-0.077
29.09	-8.193	-8.559	-0.078
29.1	-8.191	-9.816	-0.072
29.11	-8.189	-11.155	-0.074
29.12	-8.188	-12.392	-0.077
29.13	-8.186	-13.317	-0.074
29.14	-8.184	-14.009	-0.070
29.15	-8.181	-14.544	-0.067
29.16	-8.178	-14.906	-0.065
29.17	-8.176	-15.006	-0.060
29.18	-8.174	-14.738	-0.053
29.19	-8.172	-14.552	-0.047
29.2	-8.172	-14.772	-0.045
29.21	-8.171	-14.830	-0.044
29.22	-8.169	-14.253	-0.048
29.23	-8.166	-13.319	-0.061
29.24	-8.163	-12.406	-0.068
29.25	-8.161	-11.653	-0.063
29.26	-8.158	-11.127	-0.059
29.27	-8.156	-10.720	-0.058
29.28	-8.154	-10.213	-0.056
29.29	-8.151	-9.716	-0.050
29.3	-8.148	-9.352	-0.045
29.31	-8.144	-9.028	-0.041
29.32	-8.141	-8.675	-0.026
29.33	-8.137	-8.384	-0.008
29.34	-8.134	-8.359	-0.001
29.35	-8.133	-8.591	0.003
29.36	-8.131	-8.759	-0.002
29.37	-8.129	-8.669	-0.016
29.38	-8.127	-8.595	-0.030
29.39	-8.124	-8.728	-0.044
29.4	-8.123	-8.955	-0.055
29.41	-8.123	-9.200	-0.064
29.42	-8.124	-9.430	-0.068
29.43	-8.123	-9.705	-0.067
29.44	-8.120	-10.088	-0.045
29.45	-8.118	-10.408	0.103
29.46	-8.117	-10.548	0.344
29.47	-8.116	-10.619	0.460
29.48	-8.116	-10.694	0.314
29.49	-8.116	-10.923	0.013
29.5	-8.114	-11.314	-0.135
29.51	-8.110	-11.595	-0.106
29.52	-8.105	-11.717	-0.072
29.53	-8.099	-11.681	-0.063
29.54	-8.094	-11.453	-0.063
29.55	-8.089	-11.142	-0.061
29.56	-8.084	-10.709	-0.050
29.57	-8.079	-9.564	-0.039
29.58	-8.074	-6.563	-0.034
29.59	-8.071	-0.541	-0.029
29.6	-8.066	8.461	-0.022
29.61	-8.063	18.495	-0.014
29.62	-8.061	26.853	-0.003
29.63	-8.059	31.473	0.013
29.64	-8.058	31.670	0.034
29.65	-8.056	28.188	0.049
29.66	-8.055	22.394	0.071
29.67	-8.054	15.442	0.097
29.68	-8.054	8.084	0.108
29.69	-8.054	0.858	0.109
29.7	-8.053	-5.769	0.103
29.71	-8.052	-11.409	0.087
29.72	-8.051	-15.973	0.065
29.73	-8.052	-19.450	0.034
29.74	-8.054	-21.689	-0.004
29.75	-8.054	-22.603	-0.039
29.76	-8.054	-22.341	-0.065
29.77	-8.053	-21.173	-0.081
29.78	-8.053	-19.413	-0.090
29.79	-8.054	-17.448	-0.094
29.8	-8.054	-15.648	-0.096
29.81	-8.055	-14.325	-0.094
29.82	-8.055	-13.598	-0.091
29.83	-8.056	-13.192	-0.089
29.84	-8.057	-12.616	-0.085
29.85	-8.058	-11.473	-0.078
29.86	-8.059	-9.728	-0.077
29.87	-8.061	-7.669	-0.078
29.88	-8.063	-5.700	-0.074
29.89	-8.065	-4.192	-0.068
29.9	-8.068	-3.331	-0.067
29.91	-8.069	-3.019	-0.068
29.92	-8.071	-2.986	-0.067
29.93	-8.073	-3.222	-0.067
29.94	-8.075	-3.844	-0.065
29.95	-8.077	-4.802	-0.067
29.96	-8.079	-6.039	-0.067
29.97	-8.081	-7.492	-0.062
29.98	-8.082	-9.009	-0.062
29.99	-8.082	-10.461	-0.059
30.0	-8.083	-11.775	-0.058
30.01	-8.084	-12.914	-0.063
30.02	-8.084	-13.864	-0.062
30.03	-8.085	-14.564	-0.054
30.04	-8.086	-14.950	-0.048
30.05	-8.088	-15.028	-0.053
30.06	-8.089	-14.897	-0.062
30.07	-8.091	-14.683	-0.057
30.08	-8.092	-14.436	-0.051
30.09	-8.094	-14.163	-0.056
30.1	-8.096	-13.833	-0.059
30.11	-8.096	-13.370	-0.052
30.12	-8.097	-12.788	-0.050
30.13	-8.097	-12.189	-0.055
30.14	-8.098	-11.669	-0.058
30.15	-8.099	-11.302	-0.058
30.16	-8.100	-10.980	-0.063
30.17	-8.102	-10.498	-0.059
30.18	-8.104	-9.908	-0.044
30.19	-8.106	-9.328	-0.041
30.2	-8.108	-8.819	-0.044
30.21	-8.110	-8.433	-0.045
30.22	-8.111	-8.128	-0.050
30.23	-8.113	-7.895	-0.048
30.24	-8.114	-7.819	-0.034
30.25	-8.115	-7.936	-0.021
30.26	-8.117	-8.195	-0.007
30.27	-8.119	-8.519	0.009
30.28	-8.123	-8.802	0.023
30.29	-8.128	-8.934	0.025
30.3	-8.133	-8.902	0.015
30.31	-8.136	-8.802	0.004
30.32	-8.138	-8.766	-0.017
30.33	-8.138	-8.892	-0.041
30.34	-8.138	-9.197	-0.057
30.35	-8.141	-9.564	-0.064
30.36	-8.146	-9.819	-0.059
30.37	-8.150	-9.895	-0.049
30.38	-8.149	-9.934	-0.046
30.39	-8.148	-10.017	0.025
30.4	-8.149	-10.108	0.247
30.41	-8.154	-10.181	0.455
30.42	-8.164	-10.163	0.431
30.43	-8.176	-10.130	0.154
30.44	-8.189	-10.178	-0.105
30.45	-8.194	-10.217	-0.138
30.46	-8.193	-10.252	-0.093
30.47	-8.186	-10.280	-0.077
30.48	-8.179	-10.191	-0.067
30.49	-8.172	-9.963	-0.056
30.5	-8.164	-9.669	-0.049
30.51	-8.155	-9.052	-0.045
30.52	-8.147	-7.145	-0.037
30.53	-8.142	-2.483	-0.027
30.54	-8.143	5.588	-0.018
30.55	-8.145	15.769	-0.008
30.56	-8.146	25.461	0.006
30.57	-8.146	32.161	0.021
30.58	-8.148	34.497	0.032
30.59	-8.150	32.472	0.047
30.6	-8.152	27.072	0.069
30.61	-8.154	19.809	0.090
30.62	-8.156	12.013	0.109
30.63	-8.157	4.383	0.117
30.64	-8.157	-2.623	0.112
30.65	-8.157	-8.733	0.106
30.66	-8.156	-13.839	0.088
30.67	-8.157	-17.827	0.057
30.68	-8.159	-20.656	0.023
30.69	-8.162	-22.330	-0.004
30.7	-8.164	-22.856	-0.028
30.71	-8.165	-22.358	-0.053
30.72	-8.164	-21.042	-0.070
30.73	-8.162	-19.175	-0.083
30.74	-8.162	-17.155	-0.088
30.75	-8.162	-15.439	-0.085
30.76	-8.163	-14.269	-0.081
30.77	-8.164	-13.503	-0.078
30.78	-8.166	-12.767	-0.075
30.79	-8.169	-11.675	-0.073
30.8	-8.172	-10.014	-0.075
30.81	-8.176	-7.933	-0.073
30.82	-8.180	-5.873	-0.067
30.83	-8.184	-4.172	-0.064
30.84	-8.188	-2.917	-0.066
30.85	-8.194	-2.131	-0.069
30.86	-8.202	-1.870	-0.067
30.87	-8.211	-2.202	-0.064
30.88	-8.222	-3.114	-0.058
30.89	-8.233	-4.362	-0.059
30.9	-8.245	-5.661	-0.063
30.91	-8.257	-6.941	-0.061
30.92	-8.269	-8.286	-0.058
30.93	-8.281	-9.719	-0.055
30.94	-8.293	-11.184	-0.054
30.95	-8.305	-12.594	-0.059
30.96	-8.318	-13.813	-0.064
30.97	-8.330	-14.748	-0.064
30.98	-8.342	-15.413	-0.059
30.99	-8.354	-15.773	-0.055
31.0	-8.367	-15.834	-0.055
31.01	-8.381	-15.691	-0.052
31.02	-8.396	-15.375	-0.048
31.03	-8.409	-14.930	-0.050
31.04	-8.420	-14.425	-0.053
31.05	-8.431	-13.895	-0.053
31.06	-8.441	-13.361	-0.051
31.07	-8.451	-12.842	-0.045
31.08	-8.462	-12.323	-0.042
31.09	-8.471	-11.733	-0.041
31.1	-8.481	-11.020	-0.045
31.11	-8.491	-10.194	-0.052
31.12	-8.501	-9.202	-0.049
31.13	-8.511	-7.925	-0.040
31.14	-8.520	-7.697	-0.028
31.15	-8.531	-9.222	-0.025
31.16	-8.539	-10.252	-0.033
31.17	-8.547	-9.606	-0.038
31.18	-8.555	-8.277	-0.038
31.19	-8.563	-7.258	-0.036
31.2	-8.569	-7.178	-0.035
31.21	-8.575	-7.725	-0.033
31.22	-8.580	-8.389	-0.022
31.23	-8.584	-9.347	-0.006
31.24	-8.588	-10.398	0.005
31.25	-8.592	-10.922	0.018
31.26	-8.596	-10.811	0.030
31.27	-8.598	-10.470	0.034
31.28	-8.600	-10.309	0.029
31.29	-8.601	-10.491	0.013
31.3	-8.601	-10.922	-0.016
31.31	-8.600	-11.328	-0.039
31.32	-8.600	-11.463	-0.048
31.33	-8.603	-11.323	-0.056
31.34	-8.606	-11.166	-0.055
31.35	-8.605	-11.309	-0.044
31.36	-8.600	-11.888	-0.027
31.37	-8.597	-12.711	0.098
31.38	-8.597	-13.531	0.341
31.39	-8.599	-14.252	0.503
31.4	-8.604	-14.734	0.384
31.41	-8.608	-14.847	0.049
31.42	-8.606	-14.602	-0.139
31.43	-8.596	-14.083	-0.109
31.44	-8.581	-13.411	-0.070
31.45	-8.564	-12.631	-0.062
31.46	-8.550	-11.838	-0.055
31.47	-8.536	-11.188	-0.043
31.48	-8.521	-10.673	-0.033
31.49	-8.506	-9.897	-0.033
31.5	-8.492	-7.680	-0.028
31.51	-8.478	-2.455	-0.014
31.52	-8.465	6.177	-0.004
31.53	-8.454	16.559	0.001
31.54	-8.446	25.888	0.006
31.55	-8.439	31.773	0.016
31.56	-8.433	33.184	0.038
31.57	-8.428	30.488	0.063
31.58	-8.424	24.848	0.084
31.59	-8.419	17.550	0.103
31.6	-8.414	9.603	0.114
31.61	-8.409	1.739	0.120
31.62	-8.404	-5.473	0.116
31.63	-8.398	-11.613	0.102
31.64	-8.393	-16.456	0.080
31.65	-8.388	-20.100	0.046
31.66	-8.385	-22.731	0.012
31.67	-8.381	-24.309	-0.015
31.68	-8.376	-24.783	-0.042
31.69	-8.371	-24.228	-0.062
31.7	-8.366	-22.692	-0.077
31.71	-8.362	-20.403	-0.090
31.72	-8.358	-17.903	-0.098
31.73	-8.354	-15.820	-0.102
31.74	-8.351	-14.470	-0.099
31.75	-8.347	-13.644	-0.097
31.76	-8.344	-12.791	-0.089
31.77	-8.341	-11.419	-0.076
31.78	-8.339	-9.366	-0.068
31.79	-8.336	-6.872	-0.066
31.8	-8.334	-4.427	-0.068
31.81	-8.332	-2.427	-0.070
31.82	-8.330	-1.031	-0.071
31.83	-8.329	-0.270	-0.064
31.84	-8.328	-0.167	-0.059
31.85	-8.328	-0.714	-0.060
31.86	-8.327	-1.780	-0.060
31.87	-8.326	-3.166	-0.059
31.88	-8.325	-4.702	-0.058
31.89	-8.324	-6.309	-0.057
31.9	-8.323	-7.967	-0.055
31.91	-8.322	-9.609	-0.058
31.92	-8.322	-11.120	-0.067
31.93	-8.322	-12.394	-0.070
31.94	-8.322	-13.278	-0.068
31.95	-8.321	-13.789	-0.068
31.96	-8.321	-14.244	-0.065
31.97	-8.319	-14.702	-0.058
31.98	-8.319	-15.047	-0.060
31.99	-8.319	-15.261	-0.063
32.0	-8.318	-15.350	-0.056
32.01	-8.318	-15.317	-0.053
32.02	-8.318	-15.077	-0.052
32.03	-8.317	-14.628	-0.051
32.04	-8.317	-14.097	-0.052
32.05	-8.316	-13.548	-0.053
32.06	-8.316	-12.942	-0.052
32.07	-8.317	-12.236	-0.050
32.08	-8.317	-11.498	-0.048
32.09	-8.317	-10.863	-0.050
32.1	-8.318	-10.397	-0.048
32.11	-8.318	-10.088	-0.044
32.12	-8.318	-9.805	-0.042
32.13	-8.318	-9.439	-0.041
32.14	-8.318	-9.030	-0.045
32.15	-8.318	-8.709	-0.052
32.16	-8.319	-8.602	-0.048
32.17	-8.319	-8.723	-0.040
32.18	-8.321	-8.981	-0.039
32.19	-8.322	-9.281	-0.040
32.2	-8.323	-9.575	-0.038
32.21	-8.324	-9.805	-0.020
32.22	-8.326	-9.961	0.007
32.23	-8.330	-10.123	0.023
32.24	-8.335	-10.347	0.030
32.25	-8.339	-10.631	0.027
32.26	-8.342	-10.934	0.016
32.27	-8.344	-11.211	-0.005
32.28	-8.345	-11.427	-0.032
32.29	-8.345	-11.531	-0.047
32.3	-8.346	-11.492	-0.047
32.31	-8.348	-11.255	-0.053
32.32	-8.351	-10.889	-0.055
32.33	-8.347	-10.630	-0.050
32.34	-8.341	-10.638	-0.012
32.35	-8.338	-10.892	0.168
32.36	-8.339	-11.300	0.403
32.37	-8.343	-11.648	0.467
32.38	-8.353	-11.756	0.262
32.39	-8.364	-11.647	-0.042
32.4	-8.370	-11.278	-0.144
32.41	-8.367	-10.702	-0.104
32.42	-8.358	-10.197	-0.079
32.43	-8.349	-9.950	-0.068
32.44	-8.341	-9.936	-0.069
32.45	-8.333	-9.913	-0.064
32.46	-8.325	-9.559	-0.050
32.47	-8.318	-8.461	-0.042
32.48	-8.313	-5.505	-0.037
32.49	-8.311	0.733	-0.025
32.5	-8.311	10.234	-0.013
32.51	-8.311	20.906	-0.005
32.52	-8.311	29.748	0.000
32.53	-8.312	34.498	0.012
32.54	-8.314	34.558	0.041
32.55	-8.316	30.777	0.068
32.56	-8.317	24.495	0.084
32.57	-8.318	16.991	0.099
32.58	-8.318	9.236	0.112
32.59	-8.318	1.700	0.120
32.6	-8.317	-5.211	0.120
32.61	-8.315	-11.113	0.099
32.62	-8.314	-15.873	0.072
32.63	-8.313	-19.531	0.045
32.64	-8.314	-22.130	0.011
32.65	-8.315	-23.703	-0.026
32.66	-8.315	-24.239	-0.057
32.67	-8.313	-23.708	-0.079
32.68	-8.310	-22.159	-0.092
32.69	-8.309	-19.848	-0.092
32.7	-8.309	-17.334	-0.089
32.71	-8.309	-15.242	-0.094
32.72	-8.309	-13.872	-0.095
32.73	-8.310	-13.059	-0.083
32.74	-8.311	-12.339	-0.075
32.75	-8.313	-11.197	-0.076
32.76	-8.313	-9.363	-0.071
32.77	-8.313	-7.013	-0.062
32.78	-8.313	-4.616	-0.058
32.79	-8.313	-2.609	-0.060
32.8	-8.314	-1.248	-0.064
32.81	-8.314	-0.602	-0.061
32.82	-8.316	-0.623	-0.059
32.83	-8.319	-1.173	-0.060
32.84	-8.322	-2.067	-0.058
32.85	-8.325	-3.166	-0.059
32.86	-8.328	-4.417	-0.065
32.87	-8.332	-5.869	-0.071
32.88	-8.335	-7.533	-0.074
32.89	-8.338	-9.302	-0.076
32.9	-8.341	-11.020	-0.073
32.91	-8.344	-12.522	-0.066
32.92	-8.347	-13.702	-0.073
32.93	-8.349	-14.525	-0.083
32.94	-8.351	-15.047	-0.077
32.95	-8.353	-15.372	-0.074
32.96	-8.354	-15.569	-0.078
32.97	-8.356	-15.717	-0.081
32.98	-8.357	-15.820	-0.079
32.99	-8.357	-15.781	-0.076
33.0	-8.357	-15.548	-0.076
33.01	-8.357	-15.111	-0.081
33.02	-8.357	-14.470	-0.088
33.03	-8.356	-13.727	-0.092
33.04	-8.355	-13.016	-0.085
33.05	-8.354	-12.391	-0.074
33.06	-8.354	-11.852	-0.071
33.07	-8.354	-11.383	-0.072
33.08	-8.354	-10.975	-0.073
33.09	-8.354	-10.611	-0.073
33.1	-8.352	-10.269	-0.067
33.11	-8.350	-9.934	-0.063
33.12	-8.348	-9.628	-0.058
33.13	-8.345	-9.386	-0.054
33.14	-8.343	-9.213	-0.058
33.15	-8.342	-9.139	-0.065
33.16	-8.342	-9.178	-0.062
33.17	-8.342	-9.278	-0.047
33.18	-8.343	-9.386	-0.032
33.19	-8.343	-9.528	-0.026
33.2	-8.344	-9.750	-0.014
33.21	-8.344	-9.977	0.008
33.22	-8.344	-10.128	0.024
33.23	-8.344	-10.208	0.023
33.24	-8.342	-10.272	0.017
33.25	-8.340	-10.427	0.011
33.26	-8.339	-10.764	-0.011
33.27	-8.339	-11.256	-0.045
33.28	-8.339	-11.753	-0.061
33.29	-8.339	-12.092	-0.061
33.3	-8.341	-12.294	-0.062
33.31	-8.339	-12.486	-0.056
33.32	-8.336	-12.650	-0.040
33.33	-8.334	-12.722	0.071
33.34	-8.336	-12.708	0.306
33.35	-8.340	-12.656	0.465
33.36	-8.346	-12.506	0.379
33.37	-8.353	-12.198	0.078
33.38	-8.358	-11.788	-0.135
33.39	-8.356	-11.378	-0.126
33.4	-8.346	-11.152	-0.083
33.41	-8.339	-11.173	-0.065
33.42	-8.336	-11.372	-0.057
33.43	-8.333	-11.614	-0.057
33.44	-8.329	-11.647	-0.050
33.45	-8.327	-11.108	-0.043
33.46	-8.324	-9.127	-0.033
33.47	-8.321	-4.177	-0.019
33.48	-8.318	4.492	-0.009
33.49	-8.316	15.542	-0.001
33.5	-8.314	26.144	0.011
33.51	-8.314	33.497	0.028
33.52	-8.314	36.133	0.043
33.53	-8.314	34.222	0.055
33.54	-8.315	28.866	0.072
33.55	-8.316	21.439	0.094
33.56	-8.316	13.169	0.115
33.57	-8.316	4.845	0.123
33.58	-8.316	-2.966	0.118
33.59	-8.316	-9.811	0.105
33.6	-8.316	-15.444	0.084
33.61	-8.317	-19.763	0.059
33.62	-8.319	-22.811	0.025
33.63	-8.320	-24.670	-0.012
33.64	-8.321	-25.339	-0.045
33.65	-8.321	-24.878	-0.064
33.66	-8.321	-23.481	-0.074
33.67	-8.321	-21.383	-0.086
33.68	-8.322	-18.894	-0.092
33.69	-8.324	-16.491	-0.094
33.7	-8.324	-14.645	-0.091
33.71	-8.325	-13.484	-0.082
33.72	-8.326	-12.677	-0.075
33.73	-8.328	-11.738	-0.074
33.74	-8.329	-10.322	-0.073
33.75	-8.330	-8.355	-0.071
33.76	-8.332	-6.106	-0.071
33.77	-8.334	-4.017	-0.071
33.78	-8.337	-2.400	-0.064
33.79	-8.339	-1.338	-0.057
33.8	-8.343	-0.816	-0.060
33.81	-8.348	-0.816	-0.066
33.82	-8.354	-1.352	-0.069
33.83	-8.359	-2.403	-0.077
33.84	-8.364	-3.778	-0.076
33.85	-8.369	-5.239	-0.065
33.86	-8.374	-6.691	-0.062
33.87	-8.379	-8.177	-0.069
33.88	-8.383	-9.741	-0.079
33.89	-8.387	-11.295	-0.078
33.9	-8.391	-12.675	-0.070
33.91	-8.394	-13.744	-0.072
33.92	-8.398	-14.442	-0.072
33.93	-8.401	-14.827	-0.073
33.94	-8.404	-15.033	-0.074
33.95	-8.407	-15.188	-0.072
33.96	-8.410	-15.320	-0.071
33.97	-8.413	-15.375	-0.071
33.98	-8.415	-15.303	-0.074
33.99	-8.417	-15.102	-0.069
34.0	-8.419	-14.772	-0.058
34.01	-8.420	-14.319	-0.060
34.02	-8.421	-13.761	-0.066
34.03	-8.423	-13.097	-0.068
34.04	-8.425	-12.341	-0.067
34.05	-8.426	-11.547	-0.066
34.06	-8.428	-10.786	-0.067
34.07	-8.429	-10.150	-0.070
34.08	-8.431	-9.706	-0.069
34.09	-8.432	-9.452	-0.068
34.1	-8.433	-9.308	-0.066
34.11	-8.434	-9.178	-0.063
34.12	-8.436	-9.072	-0.061
34.13	-8.437	-9.013	-0.057
34.14	-8.439	-8.956	-0.051
34.15	-8.441	-8.866	-0.045
34.16	-8.443	-8.783	-0.038
34.17	-8.444	-8.811	-0.023
34.18	-8.447	-8.980	-0.009
34.19	-8.451	-9.264	0.005
34.2	-8.455	-9.650	0.024
34.21	-8.459	-10.119	0.026
34.22	-8.463	-10.600	0.015
34.23	-8.465	-11.002	0.001
34.24	-8.466	-11.317	-0.022
34.25	-8.465	-11.580	-0.045
34.26	-8.465	-11.759	-0.053
34.27	-8.467	-11.811	-0.059
34.28	-8.471	-11.755	-0.062
34.29	-8.469	-11.713	-0.055
34.3	-8.466	-11.784	-0.021
34.31	-8.464	-11.933	0.142
34.32	-8.466	-12.111	0.382
34.33	-8.470	-12.253	0.474
34.34	-8.479	-12.266	0.303
34.35	-8.488	-12.236	-0.006
34.36	-8.493	-12.205	-0.141
34.37	-8.492	-12.080	-0.102
34.38	-8.485	-11.894	-0.072
34.39	-8.478	-11.688	-0.067
34.4	-8.471	-11.538	-0.066
34.41	-8.463	-11.469	-0.060
34.42	-8.453	-11.227	-0.051
34.43	-8.441	-10.311	-0.039
34.44	-8.429	-7.620	-0.027
34.45	-8.418	-1.648	-0.018
34.46	-8.408	7.905	-0.006
34.47	-8.400	19.180	0.003
34.48	-8.395	29.213	0.013
34.49	-8.393	35.566	0.024
34.5	-8.393	37.255	0.039
34.51	-8.394	34.675	0.059
34.52	-8.394	28.897	0.081
34.53	-8.394	21.127	0.099
34.54	-8.394	12.486	0.112
34.55	-8.394	3.902	0.119
34.56	-8.393	-3.923	0.120
34.57	-8.390	-10.525	0.108
34.58	-8.387	-15.742	0.082
34.59	-8.386	-19.741	0.047
34.6	-8.386	-22.753	0.013
34.61	-8.386	-24.752	-0.020
34.62	-8.386	-25.470	-0.049
34.63	-8.384	-24.792	-0.074
34.64	-8.381	-22.955	-0.090
Interval=	0.010000 s
ExcelDateTime=	3.9770427410932694e+004	18/11/2008 10:15:28.304585
TimeFormat=	StartOfBlock
ChannelTitle=	Channel 1	Channel 2	Channel 3
Range=	20.000 mV	50.000 mV	2.000 mV
0.0	-8.445	-12.473	-0.023
0.01	-8.456	-12.252	-0.112
0.02	-8.466	-11.841	-0.144
0.03	-8.468	-11.419	-0.097
0.04	-8.464	-10.945	-0.075
0.05	-8.459	-10.297	-0.074
0.06	-8.453	-9.734	-0.074
0.07	-8.447	-9.473	-0.069
0.08	-8.439	-9.350	-0.059
0.09	-8.431	-9.059	-0.048
0.1	-8.423	-7.700	-0.036
0.11	-8.417	-3.691	-0.025
0.12	-8.411	3.969	-0.014
0.13	-8.407	14.195	-0.005
0.14	-8.406	24.180	0.007
0.15	-8.409	31.334	0.025
0.16	-8.416	34.522	0.045
0.17	-8.424	33.797	0.067
0.18	-8.434	29.678	0.090
0.19	-8.444	22.878	0.113
0.2	-8.455	14.256	0.133
0.21	-8.466	4.764	0.135
0.22	-8.476	-4.641	0.125
0.23	-8.484	-13.086	0.111
0.24	-8.491	-19.822	0.086
0.25	-8.496	-24.405	0.047
0.26	-8.503	-26.841	0.009
0.27	-8.509	-27.420	-0.012
0.28	-8.514	-26.222	-0.030
0.29	-8.516	-23.370	-0.050
0.3	-8.516	-19.738	-0.065
0.31	-8.515	-16.430	-0.078
0.32	-8.514	-14.134	-0.081
0.33	-8.513	-13.186	-0.079
0.34	-8.511	-13.539	-0.078
0.35	-8.508	-14.564	-0.074
0.36	-8.503	-15.405	-0.073
0.37	-8.498	-15.513	-0.072
0.38	-8.492	-14.598	-0.068
0.39	-8.487	-12.450	-0.066
0.4	-8.481	-9.189	-0.059
0.41	-8.475	-5.461	-0.053
0.42	-8.469	-2.028	-0.054
0.43	-8.464	0.619	-0.056
0.44	-8.460	2.256	-0.057
0.45	-8.457	2.909	-0.054
0.46	-8.456	2.391	-0.052
0.47	-8.455	0.514	-0.053
0.48	-8.454	-2.441	-0.055
0.49	-8.456	-5.911	-0.053
0.5	-8.459	-9.194	-0.048
0.51	-8.463	-11.798	-0.050
0.52	-8.467	-13.633	-0.058
0.53	-8.473	-14.856	-0.066
0.54	-8.479	-15.672	-0.067
0.55	-8.488	-16.191	-0.059
0.56	-8.497	-16.428	-0.053
0.57	-8.506	-16.425	-0.053
0.58	-8.514	-16.298	-0.053
0.59	-8.524	-16.100	-0.056
0.6	-8.533	-15.722	-0.058
0.61	-8.544	-15.064	-0.062
0.62	-8.554	-14.255	-0.064
0.63	-8.563	-13.567	-0.059
0.64	-8.572	-13.233	-0.055
0.65	-8.579	-13.197	-0.047
0.66	-8.586	-12.738	-0.039
0.67	-8.591	-11.563	-0.046
0.68	-8.594	-10.719	-0.055
0.69	-8.596	-10.834	-0.059
0.7	-8.597	-11.627	-0.055
0.71	-8.597	-12.497	-0.043
0.72	-8.596	-12.784	-0.028
0.73	-8.594	-12.695	-0.012
0.74	-8.591	-12.302	0.005
0.75	-8.589	-11.289	0.022
0.76	-8.585	-9.888	0.031
0.77	-8.580	-8.394	0.027
0.78	-8.574	-7.242	0.012
0.79	-8.566	-6.775	-0.015
