Interval=	0.01 s
ExcelDateTime=	3.9778669531488973e+004	26/11/2008 16:04:07.520647
TimeFormat=	StartOfBlock
ChannelTitle=	Channel 1	Channel 2	Channel 3
Range=	20.000 mV	20.000 mV	1000.0 µV
0.0	-9.056	-20.280	-7.4
0.01	-9.042	-19.306	-47.7
0.02	-9.029	-17.284	-90.8
0.03	-9.017	-14.974	-104.8
0.04	-9.006	-13.092	-95.5
0.05	-8.995	-12.004	-95.8
0.06	-8.984	-11.834	-109.9
0.07	-8.974	-12.278	-103.6
0.08	-8.965	-13.037	-91.8
0.09	-8.956	-14.107	-94.1
0.1	-8.946	-15.435	-99.0
0.11	-8.936	-16.798	-95.8
0.12	-8.926	-18.066	-88.5
0.13	-8.917	-19.165	-82.0
0.14	-8.908	-19.960	-79.9
0.15	-8.899	-20.356	-76.6
0.16	-8.890	-20.451	-70.9
0.17	-8.881	-20.456	-77.2
0.18	-8.873	-20.456	-83.6
0.19	-8.864	-20.453	-75.2
0.2	-8.856	-20.395	-58.1
0.21	-8.849	-20.192	-56.5
0.22	-8.841	-19.855	-68.8
0.23	-8.834	-19.420	-63.1
0.24	-8.826	-18.866	-44.1
0.25	-8.819	-18.232	-25.3
0.26	-8.813	-17.652	-15.9
0.27	-8.807	-17.183	-18.9
0.28	-8.801	-16.743	-20.6
0.29	-8.796	-16.296	-29.4
0.3	-8.791	-15.876	-44.5
0.31	-8.786	-15.473	-54.9
0.32	-8.780	-15.058	-67.4
0.33	-8.775	-14.674	-69.3
0.34	-8.771	-14.439	-56.3
0.35	-8.767	-14.433	-52.7
0.36	-8.764	-14.590	-69.2
0.37	-8.760	-14.716	-92.9
0.38	-8.756	-14.661	-61.9
0.39	-8.752	-14.468	167.7
0.4	-8.751	-14.264	587.9
0.41	-8.749	-14.104	743.7
0.42	-8.748	-14.099	452.9
0.43	-8.746	-14.386	147.3
0.44	-8.748	-14.865	28.2
0.45	-8.749	-15.243	-2.6
0.46	-8.746	-15.361	-23.2
0.47	-8.741	-15.284	-39.5
0.48	-8.734	-15.071	-33.0
0.49	-8.729	-14.783	-33.3
0.5	-8.724	-14.526	-32.6
0.51	-8.719	-14.120	-10.8
0.52	-8.714	-12.871	4.0
0.53	-8.710	-9.791	11.9
0.54	-8.707	-3.911	31.2
0.55	-8.706	5.170	48.8
0.56	-8.706	14.511	62.2
0.57	-8.709	19.459	87.1
0.58	-8.716	20.422	116.8
0.59	-8.726	20.453	146.5
0.6	-8.742	20.456	182.7
0.61	-8.763	20.453	202.5
0.62	-8.790	20.437	205.7
0.63	-8.823	19.709	214.8
0.64	-8.861	15.306	190.6
0.65	-8.902	5.723	119.4
0.66	-8.947	-5.505	46.8
0.67	-8.992	-14.375	-17.9
0.68	-9.036	-19.097	-65.3
0.69	-9.076	-20.364	-89.4
0.7	-9.113	-20.453	-100.8
0.71	-9.151	-20.456	-101.3
0.72	-9.188	-20.456	-107.5
0.73	-9.223	-20.456	-117.1
0.74	-9.257	-20.456	-123.2
0.75	-9.291	-20.456	-119.3
0.76	-9.327	-20.456	-110.0
0.77	-9.363	-20.456	-107.6
0.78	-9.398	-20.456	-100.4
0.79	-9.431	-20.456	-90.6
0.8	-9.463	-20.456	-89.2
0.81	-9.494	-20.456	-89.0
0.82	-9.525	-20.456	-86.5
0.83	-9.556	-20.455	-83.5
0.84	-9.585	-20.427	-72.5
0.85	-9.615	-19.983	-71.7
0.86	-9.644	-18.418	-82.5
0.87	-9.674	-16.002	-78.6
0.88	-9.703	-13.797	-73.8
0.89	-9.732	-12.351	-75.6
0.9	-9.762	-11.747	-75.3
0.91	-9.791	-11.873	-65.9
0.92	-9.821	-12.507	-54.0
0.93	-9.850	-13.417	-49.8
0.94	-9.878	-14.477	-56.0
0.95	-9.904	-15.651	-61.9
0.96	-9.929	-16.893	-63.3
0.97	-9.956	-18.112	-63.8
0.98	-9.983	-19.166	-53.6
0.99	-10.010	-19.939	-46.7
1.0	-10.036	-20.341	-46.9
1.01	-10.061	-20.447	-42.4
1.02	-10.085	-20.431	-41.6
1.03	-10.108	-20.331	-49.3
1.04	-10.130	-20.133	-50.4
1.05	-10.151	-19.827	-34.4
1.06	-10.172	-19.404	-26.5
1.07	-10.192	-18.922	-41.1
1.08	-10.213	-18.419	-43.1
1.09	-10.233	-17.860	-29.0
1.1	-10.253	-17.250	-15.8
1.11	-10.272	-16.682	1.1
1.12	-10.291	-16.223	13.6
1.13	-10.308	-15.839	22.9
1.14	-10.323	-15.476	24.3
1.15	-10.341	-15.139	5.4
1.16	-10.359	-14.840	-23.5
1.17	-10.376	-14.551	-32.4
1.18	-10.393	-14.282	-23.0
1.19	-10.408	-14.093	-25.7
1.2	-10.424	-14.019	-19.8
1.21	-10.440	-14.066	-8.4
1.22	-10.456	-14.192	-24.0
1.23	-10.471	-14.271	-39.8
1.24	-10.485	-14.237	-45.1
1.25	-10.499	-14.137	75.3
1.26	-10.514	-14.021	455.9
1.27	-10.530	-13.933	727.8
1.28	-10.544	-13.888	529.2
1.29	-10.554	-13.922	205.7
1.3	-10.564	-14.057	74.1
1.31	-10.573	-14.257	41.0
1.32	-10.579	-14.414	12.0
1.33	-10.579	-14.403	-8.3
1.34	-10.577	-14.217	-1.5
1.35	-10.574	-13.981	6.9
1.36	-10.574	-13.884	5.2
1.37	-10.577	-13.826	14.3
1.38	-10.580	-13.194	31.0
1.39	-10.582	-11.114	34.6
1.4	-10.584	-6.666	51.5
1.41	-10.587	1.036	85.6
1.42	-10.588	10.861	92.1
1.43	-10.589	18.012	99.5
1.44	-10.588	20.278	133.6
1.45	-10.585	20.447	170.4
1.46	-10.581	20.456	199.0
1.47	-10.575	20.456	220.9
1.48	-10.569	20.448	235.2
1.49	-10.561	20.091	231.4
1.5	-10.550	17.009	213.8
1.51	-10.534	8.817	173.7
1.52	-10.516	-2.058	101.6
1.53	-10.494	-11.724	29.4
1.54	-10.471	-17.959	-22.4
1.55	-10.444	-20.194	-57.7
1.56	-10.418	-20.451	-82.7
1.57	-10.395	-20.456	-99.4
1.58	-10.377	-20.456	-98.2
1.59	-10.354	-20.456	-87.9
1.6	-10.323	-20.456	-84.4
1.61	-10.290	-20.456	-88.9
1.62	-10.259	-20.456	-95.8
1.63	-10.230	-20.456	-97.5
1.64	-10.199	-20.456	-93.7
1.65	-10.164	-20.456	-78.9
1.66	-10.128	-20.456	-67.9
1.67	-10.092	-20.456	-69.7
1.68	-10.057	-20.456	-72.9
1.69	-10.022	-20.454	-69.0
1.7	-9.987	-20.414	-56.8
1.71	-9.954	-19.886	-45.2
1.72	-9.922	-18.142	-51.7
1.73	-9.892	-15.508	-65.8
1.74	-9.863	-13.108	-62.0
1.75	-9.834	-11.480	-54.0
1.76	-9.808	-10.681	-44.9
1.77	-9.781	-10.686	-40.0
1.78	-9.754	-11.394	-51.5
1.79	-9.726	-12.557	-50.6
1.8	-9.697	-13.862	-41.0
1.81	-9.671	-15.157	-38.1
1.82	-9.645	-16.454	-38.3
1.83	-9.619	-17.737	-49.0
1.84	-9.594	-18.875	-49.2
1.85	-9.569	-19.707	-36.7
1.86	-9.543	-20.191	-39.3
1.87	-9.518	-20.403	-40.3
1.88	-9.492	-20.444	-26.5
1.89	-9.467	-20.369	-23.1
1.9	-9.444	-20.154	-27.2
1.91	-9.422	-19.821	-14.4
1.92	-9.401	-19.435	4.8
1.93	-9.381	-19.031	10.8
1.94	-9.362	-18.630	5.7
1.95	-9.343	-18.201	10.8
1.96	-9.324	-17.651	8.0
1.97	-9.304	-16.981	-17.7
1.98	-9.285	-16.386	-33.4
1.99	-9.266	-15.988	-29.4
2.0	-9.249	-15.701	-23.3
2.01	-9.232	-15.433	-27.2
2.02	-9.216	-15.120	-33.8
2.03	-9.200	-14.743	-33.6
2.04	-9.184	-14.411	-46.8
2.05	-9.168	-14.246	-47.7
2.06	-9.151	-14.186	160.0
2.07	-9.138	-14.092	582.3
2.08	-9.125	-14.010	747.3
2.09	-9.111	-14.064	469.5
2.1	-9.095	-14.234	166.0
2.11	-9.081	-14.431	65.0
2.12	-9.068	-14.590	39.1
2.13	-9.053	-14.727	5.5
2.14	-9.035	-14.856	-13.2
2.15	-9.016	-14.930	-10.9
2.16	-8.996	-14.902	-8.4
2.17	-8.976	-14.718	-6.7
2.18	-8.957	-14.274	-4.6
2.19	-8.939	-13.283	12.0
2.2	-8.921	-10.999	46.3
2.21	-8.903	-6.299	67.7
2.22	-8.885	1.702	79.1
2.23	-8.867	11.493	89.8
2.24	-8.849	18.296	104.7
2.25	-8.834	20.322	138.4
2.26	-8.820	20.449	173.5
2.27	-8.808	20.456	201.2
2.28	-8.796	20.454	228.5
2.29	-8.785	20.445	238.4
2.3	-8.774	19.850	228.8
2.31	-8.765	15.846	206.3
2.32	-8.756	6.709	161.8
2.33	-8.748	-4.242	92.8
2.34	-8.741	-13.226	10.6
2.35	-8.732	-18.537	-49.1
2.36	-8.723	-20.270	-82.8
2.37	-8.715	-20.453	-99.5
2.38	-8.709	-20.456	-104.4
2.39	-8.705	-20.456	-111.9
2.4	-8.699	-20.456	-109.3
2.41	-8.692	-20.456	-98.3
2.42	-8.688	-20.456	-91.5
2.43	-8.686	-20.456	-95.5
2.44	-8.684	-20.456	-99.2
2.45	-8.681	-20.456	-91.0
2.46	-8.678	-20.456	-88.8
2.47	-8.674	-20.456	-92.2
2.48	-8.669	-20.456	-93.4
2.49	-8.666	-20.456	-84.6
2.5	-8.662	-20.454	-72.8
2.51	-8.659	-20.398	-65.4
2.52	-8.656	-19.775	-59.0
2.53	-8.654	-17.938	-63.1
2.54	-8.652	-15.433	-66.4
2.55	-8.652	-13.372	-67.7
2.56	-8.652	-12.098	-80.3
2.57	-8.652	-11.524	-89.6
2.58	-8.654	-11.648	-68.4
2.59	-8.655	-12.422	-57.7
2.6	-8.656	-13.574	-72.0
2.61	-8.656	-14.851	-68.5
2.62	-8.656	-16.123	-54.6
2.63	-8.656	-17.294	-52.8
2.64	-8.657	-18.319	-68.2
2.65	-8.658	-19.220	-68.8
2.66	-8.660	-19.942	-49.8
2.67	-8.662	-20.343	-43.3
2.68	-8.666	-20.449	-52.9
2.69	-8.671	-20.449	-65.2
2.7	-8.676	-20.360	-65.0
2.71	-8.683	-20.078	-51.9
2.72	-8.689	-19.661	-47.2
2.73	-8.697	-19.183	-53.0
2.74	-8.706	-18.643	-46.9
2.75	-8.716	-18.161	-38.1
2.76	-8.727	-17.804	-29.7
2.77	-8.741	-17.398	-4.2
2.78	-8.755	-16.813	7.3
2.79	-8.770	-16.196	-4.2
2.8	-8.787	-15.691	-12.3
2.81	-8.804	-15.262	-18.4
2.82	-8.824	-14.921	-31.0
2.83	-8.845	-14.701	-48.1
2.84	-8.868	-14.538	-47.4
2.85	-8.892	-14.406	-30.9
2.86	-8.916	-14.289	-39.1
2.87	-8.943	-14.119	-53.8
2.88	-8.968	-13.922	-52.5
2.89	-8.992	-13.885	-63.2
2.9	-9.017	-14.063	-2.0
2.91	-9.044	-14.215	301.8
2.92	-9.074	-14.133	699.4
2.93	-9.104	-13.936	725.7
2.94	-9.133	-13.890	386.2
2.95	-9.162	-14.058	123.3
2.96	-9.191	-14.312	39.8
2.97	-9.216	-14.568	5.8
2.98	-9.236	-14.754	-8.0
2.99	-9.252	-14.709	-14.8
3.0	-9.267	-14.418	-19.7
3.01	-9.283	-14.086	-14.1
3.02	-9.300	-13.746	-6.6
3.03	-9.318	-12.999	6.1
3.04	-9.336	-11.128	14.9
3.05	-9.353	-7.139	22.5
3.06	-9.369	0.094	50.8
3.07	-9.385	9.855	76.3
3.08	-9.403	17.498	83.3
3.09	-9.423	20.191	111.8
3.1	-9.445	20.446	141.8
3.11	-9.467	20.456	165.3
3.12	-9.491	20.456	196.9
3.13	-9.514	20.447	216.0
3.14	-9.537	20.266	229.4
3.15	-9.559	17.960	217.3
3.16	-9.581	10.579	175.8
3.17	-9.602	-0.359	123.7
3.18	-9.622	-10.503	54.9
3.19	-9.642	-17.262	-12.4
3.2	-9.662	-20.002	-61.1
3.21	-9.681	-20.443	-93.3
3.22	-9.701	-20.455	-98.6
3.23	-9.724	-20.456	-96.7
3.24	-9.746	-20.456	-99.0
3.25	-9.769	-20.456	-95.7
3.26	-9.792	-20.454	-95.3
3.27	-9.815	-20.451	-93.7
3.28	-9.838	-20.452	-100.2
3.29	-9.861	-20.455	-101.8
3.3	-9.882	-20.456	-88.1
3.31	-9.901	-20.456	-81.4
3.32	-9.919	-20.456	-85.2
3.33	-9.936	-20.456	-86.2
3.34	-9.953	-20.456	-74.2
3.35	-9.970	-20.454	-66.6
3.36	-9.989	-20.338	-71.4
3.37	-10.008	-19.516	-76.4
3.38	-10.027	-17.612	-76.8
3.39	-10.046	-15.349	-66.1
3.4	-10.066	-13.576	-69.5
3.41	-10.086	-12.519	-81.0
3.42	-10.107	-12.170	-73.9
3.43	-10.126	-12.397	-74.0
3.44	-10.146	-13.021	-74.5
3.45	-10.164	-13.949	-64.9
3.46	-10.181	-15.076	-61.1
3.47	-10.197	-16.214	-64.6
3.48	-10.214	-17.251	-61.3
3.49	-10.231	-18.166	-50.4
3.5	-10.248	-18.981	-62.0
3.51	-10.264	-19.711	-73.3
3.52	-10.280	-20.223	-57.7
3.53	-10.295	-20.426	-50.3
3.54	-10.308	-20.430	-49.2
3.55	-10.319	-20.286	-40.6
3.56	-10.330	-19.948	-44.0
3.57	-10.342	-19.443	-42.0
3.58	-10.354	-18.901	-30.3
3.59	-10.368	-18.444	-37.7
3.6	-10.381	-18.089	-41.8
3.61	-10.393	-17.739	-20.7
3.62	-10.404	-17.270	-1.6
3.63	-10.414	-16.698	1.4
3.64	-10.423	-16.129	-8.2
3.65	-10.431	-15.606	-31.9
3.66	-10.439	-15.169	-40.8
3.67	-10.446	-14.869	-32.6
3.68	-10.456	-14.706	-40.9
3.69	-10.466	-14.608	-47.2
3.7	-10.478	-14.488	-46.4
3.71	-10.489	-14.344	-53.2
3.72	-10.498	-14.169	-65.7
3.73	-10.503	-13.967	-73.4
3.74	-10.508	-13.851	40.9
3.75	-10.515	-13.887	399.0
3.76	-10.524	-13.981	688.0
3.77	-10.529	-14.062	520.3
3.78	-10.533	-14.170	192.1
3.79	-10.536	-14.313	50.1
3.8	-10.538	-14.406	17.6
3.81	-10.534	-14.413	2.9
3.82	-10.524	-14.418	-11.0
3.83	-10.510	-14.487	-21.6
3.84	-10.496	-14.554	-35.3
3.85	-10.484	-14.531	-38.0
3.86	-10.474	-14.326	-14.4
3.87	-10.466	-13.598	9.1
3.88	-10.458	-11.583	15.4
3.89	-10.447	-7.338	28.6
3.9	-10.436	-0.054	51.1
3.91	-10.422	9.582	68.6
3.92	-10.406	17.291	89.9
3.93	-10.388	20.148	111.3
3.94	-10.366	20.447	132.1
3.95	-10.342	20.456	168.8
3.96	-10.316	20.456	196.5
3.97	-10.288	20.447	207.0
3.98	-10.257	20.187	219.9
3.99	-10.224	17.477	210.8
4.0	-10.189	9.528	164.5
4.01	-10.154	-1.663	93.9
4.02	-10.119	-11.656	17.8
4.03	-10.084	-17.924	-37.9
4.04	-10.049	-20.173	-76.6
4.05	-10.014	-20.453	-109.2
4.06	-9.986	-20.456	-122.4
4.07	-9.962	-20.456	-123.2
4.08	-9.934	-20.456	-113.3
4.09	-9.903	-20.456	-108.3
4.1	-9.872	-20.456	-117.4
4.11	-9.843	-20.456	-113.9
4.12	-9.815	-20.456	-107.1
4.13	-9.787	-20.456	-105.8
4.14	-9.758	-20.456	-102.9
4.15	-9.728	-20.456	-97.2
4.16	-9.697	-20.456	-99.7
4.17	-9.668	-20.456	-97.3
4.18	-9.639	-20.454	-79.5
4.19	-9.611	-20.369	-69.9
4.2	-9.584	-19.626	-71.8
4.21	-9.559	-17.644	-82.8
4.22	-9.536	-15.074	-87.1
4.23	-9.513	-12.961	-79.4
4.24	-9.491	-11.649	-75.3
4.25	-9.469	-11.149	-69.3
4.26	-9.446	-11.351	-68.7
4.27	-9.424	-12.029	-71.6
4.28	-9.402	-12.999	-67.7
4.29	-9.379	-14.184	-69.4
4.3	-9.357	-15.471	-72.4
4.31	-9.336	-16.698	-65.7
4.32	-9.314	-17.857	-65.9
4.33	-9.294	-19.008	-67.3
4.34	-9.274	-19.931	-62.6
4.35	-9.256	-20.367	-58.8
4.36	-9.238	-20.453	-58.2
4.37	-9.221	-20.453	-63.4
4.38	-9.204	-20.386	-52.5
4.39	-9.187	-20.176	-42.3
4.4	-9.169	-19.915	-49.2
4.41	-9.151	-19.692	-46.8
4.42	-9.134	-19.398	-45.5
4.43	-9.118	-18.931	-44.4
4.44	-9.103	-18.334	-22.9
4.45	-9.088	-17.683	-3.7
4.46	-9.073	-17.039	-5.8
4.47	-9.058	-16.489	-7.3
4.48	-9.044	-16.030	-16.7
4.49	-9.030	-15.601	-39.7
4.5	-9.017	-15.233	-52.5
4.51	-9.004	-14.964	-57.9
4.52	-8.992	-14.724	-59.4
4.53	-8.981	-14.489	-54.3
4.54	-8.971	-14.387	-49.3
4.55	-8.962	-14.442	-48.6
4.56	-8.951	-14.471	-70.4
4.57	-8.939	-14.367	-46.8
4.58	-8.929	-14.242	191.1
4.59	-8.921	-14.188	585.3
4.6	-8.914	-14.166	708.6
4.61	-8.904	-14.193	426.6
4.62	-8.895	-14.374	139.9
4.63	-8.888	-14.696	32.0
4.64	-8.881	-14.962	-5.3
4.65	-8.871	-15.029	-16.8
4.66	-8.859	-14.919	-24.6
4.67	-8.846	-14.732	-36.9
4.68	-8.833	-14.610	-37.2
4.69	-8.820	-14.533	-20.6
4.7	-8.808	-14.139	1.6
4.71	-8.796	-12.843	12.6
4.72	-8.784	-9.866	13.8
4.73	-8.772	-4.227	25.0
4.74	-8.759	4.629	46.6
4.75	-8.749	14.025	67.4
4.76	-8.738	19.279	88.5
4.77	-8.730	20.410	122.1
4.78	-8.723	20.453	157.1
4.79	-8.717	20.456	179.7
4.8	-8.712	20.454	199.6
4.81	-8.707	20.409	215.0
4.82	-8.704	19.253	215.3
4.83	-8.701	13.846	181.4
4.84	-8.699	3.493	123.4
4.85	-8.697	-7.694	65.8
4.86	-8.696	-15.812	0.8
4.87	-8.693	-19.596	-67.0
4.88	-8.690	-20.419	-108.7
4.89	-8.689	-20.454	-126.4
4.9	-8.693	-20.456	-126.3
4.91	-8.694	-20.456	-109.0
4.92	-8.691	-20.456	-107.2
4.93	-8.689	-20.456	-118.1
4.94	-8.689	-20.456	-123.6
4.95	-8.693	-20.456	-118.6
4.96	-8.696	-20.456	-111.6
4.97	-8.698	-20.456	-110.0
4.98	-8.699	-20.456	-106.3
4.99	-8.701	-20.456	-107.6
5.0	-8.703	-20.456	-99.2
5.01	-8.704	-20.456	-78.6
5.02	-8.707	-20.453	-88.9
5.03	-8.710	-20.304	-100.6
5.04	-8.714	-19.387	-86.1
5.05	-8.718	-17.416	-91.8
5.06	-8.724	-15.178	-100.7
5.07	-8.731	-13.392	-84.1
5.08	-8.740	-12.247	-72.6
5.09	-8.751	-11.821	-69.2
5.1	-8.763	-12.036	-74.8
5.11	-8.775	-12.705	-94.8
5.12	-8.789	-13.686	-98.2
5.13	-8.803	-14.937	-86.8
5.14	-8.817	-16.379	-72.5
5.15	-8.832	-17.776	-62.9
5.16	-8.848	-18.887	-57.8
5.17	-8.866	-19.676	-66.5
5.18	-8.886	-20.181	-73.3
5.19	-8.907	-20.407	-64.4
5.2	-8.929	-20.451	-76.6
5.21	-8.954	-20.394	-82.5
5.22	-8.978	-20.161	-72.0
5.23	-9.003	-19.759	-67.5
5.24	-9.027	-19.368	-53.3
5.25	-9.053	-19.008	-41.6
5.26	-9.078	-18.574	-52.0
5.27	-9.103	-18.074	-59.7
5.28	-9.129	-17.564	-52.4
5.29	-9.156	-17.064	-55.3
5.3	-9.183	-16.583	-59.4
5.31	-9.208	-16.089	-42.0
5.32	-9.233	-15.606	-20.0
5.33	-9.258	-15.268	2.2
5.34	-9.282	-15.085	11.1
5.35	-9.305	-14.896	-10.8
5.36	-9.329	-14.656	-29.1
5.37	-9.352	-14.458	-38.5
5.38	-9.375	-14.304	-39.2
5.39	-9.399	-14.148	-41.3
5.4	-9.422	-14.053	-58.0
5.41	-9.446	-14.113	-52.6
5.42	-9.469	-14.272	-38.1
5.43	-9.494	-14.343	-42.7
5.44	-9.517	-14.236	-76.3
5.45	-9.537	-14.050	-84.9
5.46	-9.558	-13.894	92.9
5.47	-9.580	-13.818	501.9
5.48	-9.601	-13.855	761.1
5.49	-9.621	-13.982	547.4
5.5	-9.643	-14.125	205.3
5.51	-9.665	-14.221	55.8
5.52	-9.686	-14.262	3.1
5.53	-9.704	-14.246	-31.2
5.54	-9.719	-14.146	-39.6
5.55	-9.731	-13.961	-37.6
5.56	-9.741	-13.786	-38.8
5.57	-9.752	-13.674	-34.8
5.58	-9.764	-13.390	-23.7
5.59	-9.776	-12.325	-4.8
5.6	-9.788	-9.549	13.8
5.61	-9.801	-4.032	28.3
5.62	-9.816	4.729	35.3
5.63	-9.832	14.050	48.4
5.64	-9.849	19.277	75.0
5.65	-9.866	20.410	102.5
5.66	-9.885	20.453	134.0
5.67	-9.904	20.456	161.3
5.68	-9.924	20.453	183.9
5.69	-9.945	20.414	208.1
5.7	-9.964	19.338	203.8
5.71	-9.982	14.055	173.3
5.72	-10.001	3.811	134.4
5.73	-10.020	-7.320	74.9
5.74	-10.038	-15.571	8.6
5.75	-10.055	-19.538	-42.8
5.76	-10.072	-20.416	-84.6
5.77	-10.088	-20.454	-116.2
5.78	-10.107	-20.456	-119.1
5.79	-10.126	-20.456	-115.9
5.8	-10.144	-20.456	-121.9
5.81	-10.159	-20.456	-106.2
5.82	-10.174	-20.456	-99.9
5.83	-10.189	-20.456	-117.9
5.84	-10.203	-20.456	-121.2
5.85	-10.215	-20.456	-109.1
5.86	-10.226	-20.456	-98.0
5.87	-10.235	-20.456	-102.8
5.88	-10.246	-20.456	-97.3
5.89	-10.257	-20.456	-82.3
5.9	-10.269	-20.454	-88.9
5.91	-10.279	-20.376	-92.8
5.92	-10.291	-19.692	-85.8
5.93	-10.303	-17.879	-83.6
5.94	-10.317	-15.531	-83.4
5.95	-10.331	-13.604	-96.0
5.96	-10.345	-12.425	-95.4
5.97	-10.358	-11.994	-71.3
5.98	-10.371	-12.129	-76.6
5.99	-10.384	-12.600	-92.4
6.0	-10.398	-13.345	-83.3
6.01	-10.410	-14.363	-71.6
6.02	-10.422	-15.508	-70.2
6.03	-10.434	-16.591	-78.4
6.04	-10.445	-17.569	-78.5
6.05	-10.456	-18.506	-68.3
6.06	-10.465	-19.334	-64.5
6.07	-10.474	-19.890	-56.1
6.08	-10.483	-20.128	-59.7
6.09	-10.491	-20.097	-76.4
6.1	-10.499	-19.865	-74.1
6.11	-10.504	-19.561	-68.2
6.12	-10.507	-19.296	-62.3
6.13	-10.509	-19.024	-41.9
6.14	-10.510	-18.653	-42.8
6.15	-10.509	-18.146	-49.6
6.16	-10.508	-17.549	-44.7
6.17	-10.504	-16.941	-39.0
6.18	-10.498	-16.358	-19.7
6.19	-10.488	-15.883	-12.1
6.2	-10.472	-15.551	-19.1
6.21	-10.449	-15.237	-20.0
6.22	-10.422	-14.816	-30.8
6.23	-10.393	-14.334	-49.0
6.24	-10.361	-13.990	-48.5
6.25	-10.330	-13.847	-46.8
6.26	-10.299	-13.777	-57.4
6.27	-10.269	-13.726	-56.9
6.28	-10.240	-13.748	-56.1
6.29	-10.209	-13.779	-65.6
6.3	-10.174	-13.730	-70.1
6.31	-10.137	-13.656	14.1
6.32	-10.103	-13.618	338.5
6.33	-10.073	-13.626	663.7
6.34	-10.044	-13.712	538.9
6.35	-10.012	-13.886	196.7
6.36	-9.978	-14.108	40.8
6.37	-9.945	-14.328	4.2
6.38	-9.909	-14.441	-8.2
6.39	-9.869	-14.383	-15.7
6.4	-9.826	-14.284	-32.4
6.41	-9.784	-14.288	-32.0
6.42	-9.744	-14.334	-17.8
6.43	-9.706	-14.217	-14.0
6.44	-9.671	-13.638	-11.9
6.45	-9.636	-12.026	0.8
6.46	-9.602	-8.498	25.9
6.47	-9.568	-2.134	52.5
6.48	-9.536	7.088	72.8
6.49	-9.506	15.737	91.9
6.5	-9.479	19.800	113.6
6.51	-9.453	20.442	147.7
6.52	-9.429	20.454	170.8
6.53	-9.406	20.456	186.3
6.54	-9.384	20.447	215.6
6.55	-9.364	20.215	232.7
6.56	-9.344	17.642	225.3
6.57	-9.322	9.867	191.7
6.58	-9.302	-1.315	117.4
6.59	-9.281	-11.445	29.6
6.6	-9.260	-17.843	-26.5
6.61	-9.237	-20.157	-67.4
6.62	-9.215	-20.452	-103.4
6.63	-9.196	-20.456	-111.2
6.64	-9.178	-20.456	-113.6
6.65	-9.158	-20.456	-116.5
6.66	-9.136	-20.456	-106.5
6.67	-9.116	-20.456	-108.5
6.68	-9.099	-20.456	-113.0
6.69	-9.083	-20.456	-105.8
6.7	-9.067	-20.456	-111.2
6.71	-9.051	-20.456	-119.9
6.72	-9.034	-20.456	-110.3
6.73	-9.017	-20.456	-99.7
6.74	-8.999	-20.456	-92.4
6.75	-8.982	-20.451	-80.9
6.76	-8.964	-20.276	-82.6
6.77	-8.949	-19.254	-93.2
6.78	-8.933	-17.122	-97.2
6.79	-8.919	-14.756	-96.8
6.8	-8.906	-12.916	-90.4
6.81	-8.894	-11.708	-79.4
6.82	-8.882	-11.149	-77.7
6.83	-8.870	-11.244	-86.8
6.84	-8.857	-11.885	-83.8
6.85	-8.846	-12.929	-68.3
6.86	-8.835	-14.271	-68.9
6.87	-8.825	-15.768	-87.0
6.88	-8.816	-17.188	-88.0
6.89	-8.807	-18.322	-83.7
6.9	-8.798	-19.101	-80.4
6.91	-8.789	-19.591	-63.2
6.92	-8.781	-19.920	-57.8
6.93	-8.773	-20.159	-56.0
6.94	-8.765	-20.283	-53.6
6.95	-8.758	-20.212	-55.9
6.96	-8.752	-19.898	-53.8
6.97	-8.746	-19.416	-52.5
6.98	-8.741	-18.886	-57.1
6.99	-8.736	-18.322	-53.6
7.0	-8.731	-17.749	-49.8
7.01	-8.727	-17.306	-51.4
7.02	-8.723	-17.039	-41.3
7.03	-8.719	-16.787	-28.9
7.04	-8.716	-16.386	-27.3
7.05	-8.713	-15.807	-28.4
7.06	-8.710	-15.177	-19.8
7.07	-8.707	-14.651	-15.0
7.08	-8.706	-14.284	-7.2
7.09	-8.705	-14.099	7.4
7.1	-8.704	-14.134	7.8
7.11	-8.703	-14.306	-1.5
7.12	-8.703	-14.349	-17.2
7.13	-8.703	-14.147	-23.8
7.14	-8.703	-13.901	-32.6
7.15	-8.703	-13.809	-49.5
7.16	-8.705	-13.844	-33.2
7.17	-8.707	-13.921	-22.5
7.18	-8.712	-14.070	-48.3
7.19	-8.714	-14.234	-74.6
7.2	-8.716	-14.202	-53.0
7.21	-8.717	-13.944	177.1
7.22	-8.722	-13.676	602.7
7.23	-8.728	-13.530	764.6
7.24	-8.736	-13.509	485.2
7.25	-8.746	-13.664	180.7
7.26	-8.759	-13.979	52.4
7.27	-8.769	-14.236	-2.4
7.28	-8.773	-14.208	-23.4
7.29	-8.771	-13.957	-29.3
7.3	-8.765	-13.696	-30.3
7.31	-8.759	-13.482	-27.6
7.32	-8.756	-13.274	-17.9
7.33	-8.754	-12.857	2.1
7.34	-8.753	-11.638	15.6
7.35	-8.753	-8.677	19.1
7.36	-8.754	-2.896	28.2
7.37	-8.756	6.073	43.0
7.38	-8.763	15.063	66.0
7.39	-8.773	19.614	96.0
7.4	-8.789	20.431	124.5
7.41	-8.808	20.453	147.8
7.42	-8.830	20.456	166.0
7.43	-8.854	20.451	191.8
7.44	-8.880	20.350	206.4
7.45	-8.907	18.486	198.2
7.46	-8.934	11.598	180.3
7.47	-8.960	0.453	140.7
7.48	-8.986	-10.309	83.8
7.49	-9.012	-17.372	29.2
7.5	-9.037	-20.073	-27.4
7.51	-9.062	-20.449	-88.7
7.52	-9.089	-20.455	-126.5
7.53	-9.118	-20.456	-129.8
7.54	-9.147	-20.456	-114.7
7.55	-9.172	-20.456	-102.9
7.56	-9.194	-20.456	-107.4
7.57	-9.219	-20.456	-104.3
7.58	-9.244	-20.456	-102.3
7.59	-9.269	-20.456	-107.6
7.6	-9.291	-20.456	-99.6
7.61	-9.310	-20.456	-92.7
7.62	-9.329	-20.456	-96.8
7.63	-9.347	-20.456	-97.3
7.64	-9.367	-20.456	-92.9
7.65	-9.389	-20.449	-87.0
7.66	-9.411	-20.256	-80.8
7.67	-9.434	-19.251	-80.5
7.68	-9.457	-17.283	-79.1
7.69	-9.480	-15.147	-76.6
7.7	-9.502	-13.444	-77.2
7.71	-9.525	-12.337	-87.1
7.72	-9.547	-11.849	-90.6
7.73	-9.568	-11.896	-76.1
7.74	-9.589	-12.400	-74.8
7.75	-9.610	-13.291	-81.8
7.76	-9.630	-14.456	-81.6
7.77	-9.650	-15.711	-79.6
7.78	-9.669	-16.852	-70.1
7.79	-9.688	-17.769	-64.5
7.8	-9.707	-18.501	-69.9
7.81	-9.726	-19.082	-65.8
7.82	-9.745	-19.457	-62.6
7.83	-9.764	-19.637	-66.5
7.84	-9.782	-19.671	-68.3
7.85	-9.799	-19.554	-69.1
7.86	-9.818	-19.296	-68.3
7.87	-9.835	-18.869	-58.9
7.88	-9.854	-18.267	-47.2
7.89	-9.874	-17.668	-44.9
7.9	-9.894	-17.264	-46.8
7.91	-9.914	-16.961	-54.3
7.92	-9.934	-16.564	-57.1
7.93	-9.952	-16.078	-55.1
7.94	-9.971	-15.581	-49.9
7.95	-9.989	-15.075	-38.6
7.96	-10.009	-14.584	-32.8
7.97	-10.028	-14.208	-13.9
7.98	-10.046	-14.028	9.8
7.99	-10.063	-13.997	2.7
8.0	-10.081	-13.976	-10.9
8.01	-10.098	-13.887	-22.9
8.02	-10.114	-13.704	-36.5
8.03	-10.131	-13.476	-41.1
8.04	-10.148	-13.398	-43.4
8.05	-10.164	-13.571	-44.0
8.06	-10.180	-13.792	-47.6
8.07	-10.196	-13.804	-49.9
8.08	-10.213	-13.627	-51.4
8.09	-10.227	-13.522	-74.5
8.1	-10.238	-13.606	-40.9
8.11	-10.251	-13.736	235.6
8.12	-10.266	-13.771	625.6
8.13	-10.281	-13.681	650.0
8.14	-10.293	-13.550	320.8
8.15	-10.303	-13.471	80.8
8.16	-10.312	-13.436	11.7
8.17	-10.318	-13.368	-11.8
8.18	-10.321	-13.317	-29.6
8.19	-10.320	-13.389	-40.3
8.2	-10.321	-13.486	-33.4
8.21	-10.324	-13.493	-17.7
8.22	-10.330	-13.392	-9.5
8.23	-10.337	-12.991	-9.3
8.24	-10.343	-11.758	-0.5
8.25	-10.349	-8.949	17.8
8.26	-10.356	-3.724	29.9
8.27	-10.363	4.533	52.8
8.28	-10.369	13.651	83.7
8.29	-10.376	19.094	96.3
8.3	-10.383	20.396	115.7
8.31	-10.392	20.453	151.6
8.32	-10.400	20.456	176.4
8.33	-10.408	20.449	192.5
8.34	-10.416	20.315	208.4
8.35	-10.422	18.287	204.1
8.36	-10.429	11.336	175.3
8.37	-10.436	0.562	124.2
8.38	-10.441	-9.769	48.9
8.39	-10.446	-16.885	-12.4
8.4	-10.448	-19.911	-54.3
8.41	-10.446	-20.439	-84.6
8.42	-10.448	-20.455	-103.5
8.43	-10.451	-20.456	-119.5
8.44	-10.451	-20.456	-124.2
8.45	-10.444	-20.456	-126.5
8.46	-10.434	-20.456	-125.2
8.47	-10.425	-20.456	-122.9
8.48	-10.415	-20.456	-115.0
8.49	-10.399	-20.456	-94.4
8.5	-10.376	-20.456	-79.2
8.51	-10.348	-20.456	-90.6
8.52	-10.317	-20.456	-109.5
8.53	-10.284	-20.456	-99.8
8.54	-10.250	-20.449	-92.5
8.55	-10.215	-20.254	-93.7
8.56	-10.181	-19.208	-86.9
8.57	-10.146	-17.052	-83.2
8.58	-10.111	-14.553	-80.4
8.59	-10.078	-12.371	-81.1
8.6	-10.045	-10.807	-87.2
8.61	-10.014	-10.073	-91.2
8.62	-9.986	-10.074	-94.6
8.63	-9.957	-10.585	-88.2
8.64	-9.930	-11.486	-72.5
8.65	-9.904	-12.736	-77.1
8.66	-9.877	-14.178	-85.3
8.67	-9.851	-15.533	-75.3
8.68	-9.825	-16.631	-62.4
8.69	-9.798	-17.512	-57.9
8.7	-9.772	-18.231	-81.1
8.71	-9.746	-18.769	-98.7
8.72	-9.721	-19.134	-78.1
8.73	-9.696	-19.331	-59.4
8.74	-9.669	-19.336	-61.3
8.75	-9.644	-19.151	-66.8
8.76	-9.619	-18.779	-75.9
8.77	-9.596	-18.227	-82.2
8.78	-9.573	-17.574	-68.1
8.79	-9.551	-16.970	-53.6
8.8	-9.531	-16.583	-53.1
8.81	-9.509	-16.431	-58.0
8.82	-9.489	-16.324	-60.3
8.83	-9.469	-16.081	-43.9
8.84	-9.451	-15.636	-31.7
8.85	-9.433	-15.021	-31.9
8.86	-9.414	-14.384	-16.6
8.87	-9.396	-13.889	-0.7
8.88	-9.377	-13.616	-15.3
8.89	-9.359	-13.565	-52.8
8.9	-9.341	-13.597	-66.9
8.91	-9.322	-13.614	-55.1
8.92	-9.304	-13.621	-55.1
8.93	-9.287	-13.431	-61.3
8.94	-9.269	-13.085	-58.3
8.95	-9.253	-13.020	-52.9
8.96	-9.235	-13.231	-61.6
8.97	-9.216	-13.370	-77.8
8.98	-9.196	-13.526	13.4
8.99	-9.178	-13.759	350.8
9.0	-9.163	-13.744	667.4
9.01	-9.149	-13.464	550.2
9.02	-9.133	-13.258	222.0
9.03	-9.117	-13.303	48.1
9.04	-9.104	-13.549	-2.7
9.05	-9.089	-13.873	-17.5
9.06	-9.072	-13.963	-29.3
9.07	-9.054	-13.918	-36.3
9.08	-9.036	-13.923	-29.3
9.09	-9.019	-13.662	-25.6
9.1	-9.004	-13.199	-24.7
9.11	-8.991	-12.606	-16.3
9.12	-8.979	-11.246	5.5
9.13	-8.970	-8.154	24.7
9.14	-8.963	-2.386	31.5
9.15	-8.956	6.349	40.1
9.16	-8.951	15.101	64.5
9.17	-8.948	19.596	97.0
9.18	-8.947	20.429	120.3
9.19	-8.947	20.453	144.1
9.2	-8.949	20.455	181.7
9.21	-8.951	20.448	220.5
9.22	-8.954	20.063	222.3
9.23	-8.957	16.877	191.5
9.24	-8.960	8.546	153.2
9.25	-8.963	-2.498	97.3
9.26	-8.963	-12.170	26.5
9.27	-8.963	-18.152	-38.0
9.28	-8.960	-20.214	-80.3
9.29	-8.957	-20.452	-100.2
9.3	-8.959	-20.456	-114.0
9.31	-8.963	-20.456	-126.1
9.32	-8.962	-20.456	-128.0
9.33	-8.957	-20.456	-125.5
9.34	-8.955	-20.456	-127.5
9.35	-8.956	-20.456	-121.5
9.36	-8.959	-20.456	-110.1
9.37	-8.961	-20.456	-118.4
9.38	-8.961	-20.456	-128.1
9.39	-8.962	-20.456	-116.6
9.4	-8.963	-20.456	-101.8
9.41	-8.966	-20.456	-102.4
9.42	-8.971	-20.444	-99.0
9.43	-8.979	-20.174	-89.9
9.44	-8.989	-19.003	-85.3
9.45	-9.006	-16.878	-80.3
9.46	-9.027	-14.643	-93.6
9.47	-9.057	-12.856	-100.1
9.48	-9.091	-11.636	-94.4
9.49	-9.128	-11.061	-92.1
9.5	-9.164	-11.074	-82.1
9.51	-9.200	-11.547	-67.3
9.52	-9.235	-12.411	-67.3
9.53	-9.269	-13.604	-83.4
9.54	-9.301	-14.954	-79.1
9.55	-9.332	-16.253	-78.3
9.56	-9.361	-17.382	-88.6
9.57	-9.389	-18.263	-80.9
9.58	-9.416	-18.830	-69.4
9.59	-9.441	-19.109	-64.6
9.6	-9.466	-19.225	-63.6
9.61	-9.491	-19.229	-64.1
9.62	-9.518	-19.075	-74.3
9.63	-9.544	-18.741	-65.8
9.64	-9.571	-18.234	-49.1
9.65	-9.598	-17.626	-57.5
9.66	-9.624	-17.081	-67.7
9.67	-9.649	-16.683	-68.6
9.68	-9.675	-16.308	-62.4
9.69	-9.700	-15.832	-56.2
9.7	-9.725	-15.348	-52.3
9.71	-9.750	-14.999	-45.9
9.72	-9.775	-14.742	-50.4
9.73	-9.800	-14.386	-59.4
9.74	-9.826	-13.952	-58.5
9.75	-9.851	-13.644	-62.3
9.76	-9.876	-13.496	-57.8
9.77	-9.899	-13.404	-31.6
9.78	-9.922	-13.348	-21.6
9.79	-9.945	-13.353	-21.2
9.8	-9.966	-13.383	-2.6
9.81	-9.986	-13.409	5.3
9.82	-10.008	-13.421	-12.2
9.83	-10.031	-13.343	-36.6
9.84	-10.054	-13.231	-45.3
9.85	-10.079	-13.236	-42.7
9.86	-10.104	-13.328	-52.3
9.87	-10.128	-13.433	-53.5
9.88	-10.152	-13.574	-42.3
9.89	-10.175	-13.681	-55.8
9.9	-10.198	-13.636	-76.7
9.91	-10.222	-13.495	-62.1
9.92	-10.246	-13.354	101.1
9.93	-10.272	-13.230	474.1
9.94	-10.299	-13.159	672.8
9.95	-10.323	-13.107	431.1
9.96	-10.345	-13.118	134.5
9.97	-10.366	-13.334	30.8
9.98	-10.386	-13.469	1.0
9.99	-10.402	-13.227	-20.6
10.0	-10.414	-12.953	-36.2
10.01	-10.426	-12.895	-43.1
10.02	-10.439	-12.884	-39.9
10.03	-10.454	-12.956	-27.6
10.04	-10.470	-12.821	-10.5
10.05	-10.486	-11.883	-5.3
10.06	-10.502	-9.729	-5.3
10.07	-10.519	-5.669	17.1
10.08	-10.537	1.385	43.7
10.09	-10.557	10.697	51.6
10.1	-10.578	17.783	56.5
10.11	-10.597	20.219	83.0
10.12	-10.617	20.448	129.1
10.13	-10.638	20.456	160.4
10.14	-10.660	20.453	169.3
10.15	-10.683	20.410	182.0
10.16	-10.706	19.279	184.6
10.17	-10.728	13.998	170.5
10.18	-10.749	4.023	141.5
10.19	-10.769	-6.734	79.8
10.2	-10.788	-14.971	14.6
10.21	-10.806	-19.281	-41.6
10.22	-10.822	-20.387	-92.4
10.23	-10.838	-20.453	-117.7
10.24	-10.857	-20.456	-131.5
10.25	-10.877	-20.456	-137.2
10.26	-10.893	-20.456	-132.4
10.27	-10.905	-20.456	-135.1
10.28	-10.918	-20.456	-126.7
10.29	-10.934	-20.456	-118.0
10.3	-10.949	-20.456	-113.3
10.31	-10.963	-20.456	-103.9
10.32	-10.975	-20.456	-105.2
10.33	-10.987	-20.456	-109.8
10.34	-10.998	-20.456	-117.6
10.35	-11.009	-20.454	-109.8
10.36	-11.019	-20.370	-91.0
10.37	-11.028	-19.678	-89.6
10.38	-11.038	-17.898	-94.8
10.39	-11.047	-15.583	-93.6
10.4	-11.057	-13.540	-86.8
10.41	-11.068	-12.010	-86.2
10.42	-11.079	-10.958	-94.1
10.43	-11.090	-10.368	-93.5
10.44	-11.099	-10.351	-92.5
10.45	-11.106	-10.887	-96.2
10.46	-11.111	-11.894	-87.2
10.47	-11.115	-13.299	-79.8
10.48	-11.117	-14.674	-84.1
10.49	-11.118	-15.737	-86.3
10.5	-11.118	-16.714	-83.8
10.51	-11.117	-17.543	-78.6
10.52	-11.114	-18.081	-77.4
10.53	-11.110	-18.466	-79.3
10.54	-11.103	-18.761	-73.5
10.55	-11.094	-18.907	-68.1
10.56	-11.081	-18.786	-75.8
10.57	-11.063	-18.419	-79.5
10.58	-11.043	-17.925	-60.1
10.59	-11.021	-17.374	-48.4
10.6	-10.999	-16.839	-54.8
10.61	-10.977	-16.421	-45.2
10.62	-10.952	-16.123	-25.4
10.63	-10.923	-15.874	-22.8
10.64	-10.891	-15.593	-27.5
10.65	-10.858	-15.201	-29.1
10.66	-10.824	-14.666	-41.8
10.67	-10.790	-14.043	-63.9
10.68	-10.756	-13.551	-77.8
10.69	-10.722	-13.361	-74.8
10.7	-10.688	-13.476	-69.6
10.71	-10.656	-13.774	-67.1
10.72	-10.622	-13.991	-71.6
10.73	-10.586	-13.683	-92.4
10.74	-10.549	-13.008	-14.8
10.75	-10.512	-12.666	282.2
10.76	-10.480	-12.774	588.6
10.77	-10.448	-13.031	521.4
10.78	-10.409	-13.227	208.0
10.79	-10.368	-13.416	28.3
10.8	-10.327	-13.638	-17.0
10.81	-10.284	-13.730	-26.8
10.82	-10.238	-13.625	-24.1
10.83	-10.189	-13.538	-26.1
10.84	-10.141	-13.679	-31.4
10.85	-10.097	-13.988	-31.3
10.86	-10.058	-14.164	-29.3
10.87	-10.022	-13.683	-21.0
10.88	-9.987	-12.431	-13.0
10.89	-9.951	-10.042	-6.4
10.9	-9.914	-5.320	22.6
10.91	-9.876	2.489	56.5
10.92	-9.838	11.843	81.2
10.93	-9.801	18.338	103.4
10.94	-9.764	20.311	118.2
10.95	-9.729	20.449	138.0
10.96	-9.694	20.456	168.7
10.97	-9.660	20.452	194.0
10.98	-9.627	20.380	205.6
10.99	-9.594	18.889	202.2
11.0	-9.563	12.934	169.8
11.01	-9.533	2.701	104.7
11.02	-9.502	-7.784	38.9
11.03	-9.474	-15.582	-30.6
11.04	-9.444	-19.483	-91.8
11.05	-9.415	-20.409	-113.0
11.06	-9.388	-20.454	-122.5
11.07	-9.364	-20.456	-130.3
11.08	-9.340	-20.456	-127.2
11.09	-9.313	-20.456	-121.1
11.1	-9.286	-20.456	-122.9
11.11	-9.260	-20.456	-121.5
11.12	-9.236	-20.456	-118.7
11.13	-9.215	-20.456	-119.2
11.14	-9.193	-20.456	-110.3
11.15	-9.171	-20.456	-106.3
11.16	-9.149	-20.456	-109.3
11.17	-9.127	-20.456	-103.0
11.18	-9.105	-20.456	-98.5
11.19	-9.084	-20.436	-100.2
11.2	-9.064	-20.064	-92.8
11.21	-9.044	-18.628	-77.6
11.22	-9.026	-16.284	-71.7
11.23	-9.009	-14.073	-80.8
11.24	-8.993	-12.461	-87.3
11.25	-8.978	-11.368	-88.3
11.26	-8.962	-10.805	-92.1
11.27	-8.946	-10.954	-87.7
11.28	-8.930	-11.821	-75.8
11.29	-8.914	-13.019	-67.6
11.3	-8.898	-14.145	-72.8
11.31	-8.881	-15.159	-80.0
11.32	-8.864	-16.213	-74.0
11.33	-8.848	-17.316	-75.7
11.34	-8.831	-18.241	-73.3
11.35	-8.814	-18.798	-64.3
11.36	-8.797	-19.093	-67.5
11.37	-8.780	-19.285	-72.2
11.38	-8.763	-19.355	-64.6
11.39	-8.747	-19.204	-62.0
11.4	-8.732	-18.844	-65.4
11.41	-8.717	-18.416	-51.1
11.42	-8.704	-18.015	-32.3
11.43	-8.692	-17.566	-16.9
11.44	-8.679	-17.029	-15.3
11.45	-8.665	-16.546	-18.6
11.46	-8.651	-16.156	-14.9
11.47	-8.639	-15.744	-33.4
11.48	-8.629	-15.306	-60.6
11.49	-8.620	-14.913	-58.3
11.5	-8.611	-14.569	-47.6
11.51	-8.603	-14.249	-51.9
11.52	-8.596	-13.999	-58.4
11.53	-8.589	-13.849	-55.7
11.54	-8.581	-13.752	-61.9
11.55	-8.572	-13.650	-84.6
11.56	-8.565	-13.528	1.5
11.57	-8.559	-13.388	349.1
11.58	-8.554	-13.208	706.9
11.59	-8.549	-13.063	632.6
11.6	-8.543	-13.133	289.5
11.61	-8.539	-13.420	79.3
11.62	-8.535	-13.689	7.4
11.63	-8.530	-13.827	-28.4
11.64	-8.523	-13.902	-43.1
11.65	-8.513	-13.924	-43.8
11.66	-8.504	-13.823	-40.1
11.67	-8.495	-13.619	-38.6
11.68	-8.486	-13.378	-29.6
11.69	-8.478	-12.794	-0.5
11.7	-8.468	-11.049	14.6
11.71	-8.459	-7.133	16.9
11.72	-8.450	-0.244	23.8
11.73	-8.441	9.086	35.1
11.74	-8.434	16.913	61.3
11.75	-8.429	20.060	88.4
11.76	-8.425	20.447	126.4
11.77	-8.423	20.455	161.7
11.78	-8.422	20.454	177.5
11.79	-8.423	20.447	199.8
11.8	-8.426	19.916	205.8
11.81	-8.429	16.133	186.8
11.82	-8.433	7.165	155.3
11.83	-8.438	-3.879	89.6
11.84	-8.443	-13.024	25.5
11.85	-8.448	-18.447	-28.1
11.86	-8.454	-20.251	-84.0
11.87	-8.459	-20.453	-115.3
11.88	-8.466	-20.456	-125.8
11.89	-8.476	-20.456	-119.4
11.9	-8.484	-20.456	-115.2
11.91	-8.489	-20.456	-123.3
11.92	-8.493	-20.449	-128.1
11.93	-8.502	-20.433	-117.4
11.94	-8.512	-20.431	-103.7
11.95	-8.522	-20.448	-108.4
11.96	-8.529	-20.456	-114.7
11.97	-8.536	-20.456	-106.8
11.98	-8.544	-20.456	-95.4
11.99	-8.553	-20.456	-96.0
12.0	-8.564	-20.456	-104.1
12.01	-8.578	-20.438	-109.6
12.02	-8.592	-20.131	-107.1
12.03	-8.609	-18.948	-95.9
12.04	-8.629	-16.925	-86.1
12.05	-8.651	-14.848	-88.3
12.06	-8.675	-13.212	-86.6
12.07	-8.700	-12.130	-81.5
12.08	-8.726	-11.707	-86.7
12.09	-8.752	-12.004	-86.9
12.1	-8.778	-12.884	-87.4
12.11	-8.805	-14.072	-99.1
12.12	-8.832	-15.276	-96.3
12.13	-8.861	-16.313	-77.4
12.14	-8.889	-17.145	-71.3
12.15	-8.917	-17.785	-78.5
12.16	-8.944	-18.302	-86.1
12.17	-8.971	-18.794	-82.7
12.18	-8.999	-19.221	-70.9
12.19	-9.026	-19.400	-65.5
12.2	-9.054	-19.255	-72.3
12.21	-9.081	-18.928	-75.7
12.22	-9.109	-18.538	-61.9
12.23	-9.137	-18.119	-51.3
12.24	-9.164	-17.779	-42.8
12.25	-9.191	-17.565	-24.4
12.26	-9.218	-17.300	-16.2
12.27	-9.246	-16.791	-23.1
12.28	-9.273	-16.096	-34.5
12.29	-9.302	-15.399	-56.3
12.3	-9.330	-14.852	-72.9
12.31	-9.359	-14.529	-58.0
12.32	-9.387	-14.335	-47.3
12.33	-9.414	-14.103	-57.0
12.34	-9.443	-13.803	-61.9
12.35	-9.472	-13.506	-69.0
12.36	-9.498	-13.234	-87.6
12.37	-9.522	-13.011	-76.4
12.38	-9.547	-12.941	113.2
12.39	-9.574	-13.059	513.7
12.4	-9.602	-13.209	722.8
12.41	-9.629	-13.239	480.6
12.42	-9.655	-13.191	160.3
12.43	-9.681	-13.195	29.5
12.44	-9.706	-13.326	-10.3
12.45	-9.727	-13.528	-27.7
12.46	-9.744	-13.644	-35.9
12.47	-9.760	-13.641	-47.3
12.48	-9.777	-13.634	-52.2
12.49	-9.795	-13.603	-39.0
12.5	-9.814	-13.273	-22.8
12.51	-9.832	-12.139	-14.9
12.52	-9.849	-9.386	-4.6
12.53	-9.866	-3.940	18.1
12.54	-9.883	4.763	37.8
12.55	-9.902	14.039	49.7
12.56	-9.922	19.261	79.8
12.57	-9.943	20.409	103.3
12.58	-9.964	20.453	121.8
12.59	-9.988	20.456	159.1
12.6	-10.012	20.453	181.1
12.61	-10.035	20.399	203.3
12.62	-10.056	19.134	208.0
12.63	-10.076	13.623	159.3
12.64	-10.095	3.647	112.1
12.65	-10.115	-6.861	64.9
12.66	-10.136	-14.883	-8.6
12.67	-10.156	-19.174	-73.9
12.68	-10.176	-20.361	-99.1
12.69	-10.196	-20.453	-105.3
12.7	-10.219	-20.456	-124.7
12.71	-10.241	-20.456	-129.4
12.72	-10.263	-20.442	-130.0
12.73	-10.281	-20.249	-138.9
12.74	-10.301	-19.791	-132.4
12.75	-10.321	-19.644	-125.3
12.76	-10.340	-20.054	-123.1
12.77	-10.357	-20.393	-118.3
12.78	-10.370	-20.455	-110.3
12.79	-10.382	-20.456	-113.4
12.8	-10.394	-20.456	-120.0
12.81	-10.408	-20.456	-105.9
12.82	-10.422	-20.453	-97.8
12.83	-10.436	-20.306	-100.1
12.84	-10.449	-19.388	-97.7
12.85	-10.463	-17.321	-101.7
12.86	-10.478	-14.855	-104.1
12.87	-10.494	-12.893	-101.2
12.88	-10.509	-11.719	-91.0
12.89	-10.523	-11.298	-87.1
12.9	-10.536	-11.468	-93.0
12.91	-10.549	-12.032	-81.3
12.92	-10.561	-12.799	-74.8
12.93	-10.570	-13.704	-82.3
12.94	-10.579	-14.808	-80.9
12.95	-10.586	-16.039	-82.4
12.96	-10.591	-17.127	-89.9
12.97	-10.595	-17.918	-85.8
12.98	-10.597	-18.461	-73.4
12.99	-10.596	-18.796	-68.2
13.0	-10.592	-18.963	-64.8
13.01	-10.584	-18.997	-57.4
13.02	-10.573	-18.948	-49.3
13.03	-10.556	-18.869	-30.3
13.04	-10.533	-18.686	-14.5
13.05	-10.503	-18.345	-23.8
13.06	-10.469	-17.912	-42.7
13.07	-10.432	-17.480	-53.5
13.08	-10.394	-17.108	-59.6
13.09	-10.358	-16.781	-75.4
13.1	-10.321	-16.441	-76.9
13.11	-10.284	-16.051	-67.9
13.12	-10.249	-15.581	-68.2
13.13	-10.215	-15.024	-63.8
13.14	-10.179	-14.503	-71.4
13.15	-10.141	-14.135	-80.8
13.16	-10.103	-13.861	34.5
13.17	-10.066	-13.621	388.8
13.18	-10.034	-13.476	656.6
13.19	-9.999	-13.439	479.8
13.2	-9.960	-13.531	168.8
13.21	-9.921	-13.778	25.0
13.22	-9.883	-14.085	-21.1
13.23	-9.842	-14.388	-23.7
13.24	-9.801	-14.651	-27.4
13.25	-9.758	-14.761	-40.9
13.26	-9.714	-14.701	-29.5
13.27	-9.671	-14.541	-24.3
13.28	-9.633	-14.188	-26.2
13.29	-9.598	-13.300	-2.2
13.3	-9.565	-11.225	17.3
13.31	-9.532	-6.947	22.1
13.32	-9.499	0.610	35.9
13.33	-9.468	10.459	62.5
13.34	-9.439	17.819	90.0
13.35	-9.411	20.247	115.3
13.36	-9.385	20.446	143.6
13.37	-9.362	20.456	176.2
13.38	-9.341	20.455	204.1
13.39	-9.318	20.448	218.8
13.4	-9.297	20.079	227.9
13.41	-9.277	17.063	208.7
13.42	-9.258	9.204	150.9
13.43	-9.239	-1.212	78.8
13.44	-9.219	-10.544	3.0
13.45	-9.200	-17.003	-56.6
13.46	-9.180	-19.878	-91.0
13.47	-9.160	-20.436	-108.1
13.48	-9.144	-20.455	-118.9
13.49	-9.129	-20.456	-129.2
13.5	-9.112	-20.456	-123.7
13.51	-9.094	-20.456	-118.5
13.52	-9.077	-20.456	-129.4
13.53	-9.062	-20.456	-134.8
13.54	-9.048	-20.456	-119.6
13.55	-9.034	-20.456	-109.7
13.56	-9.018	-20.456	-107.8
13.57	-9.002	-20.456	-105.4
13.58	-8.986	-20.456	-109.0
13.59	-8.969	-20.456	-100.8
13.6	-8.951	-20.454	-86.9
13.61	-8.933	-20.343	-90.0
13.62	-8.914	-19.510	-92.2
13.63	-8.899	-17.486	-87.7
13.64	-8.886	-15.033	-99.7
13.65	-8.874	-13.157	-101.7
13.66	-8.861	-12.047	-82.7
13.67	-8.849	-11.551	-83.5
13.68	-8.839	-11.622	-92.8
13.69	-8.829	-12.232	-83.3
13.7	-8.819	-13.217	-67.0
13.71	-8.809	-14.413	-62.3
13.72	-8.799	-15.782	-78.0
13.73	-8.790	-17.245	-87.0
13.74	-8.781	-18.546	-76.0
13.75	-8.772	-19.467	-71.8
13.76	-8.763	-19.984	-68.5
13.77	-8.755	-20.189	-68.8
13.78	-8.747	-20.236	-74.3
13.79	-8.738	-20.276	-63.5
13.8	-8.731	-20.315	-49.6
13.81	-8.723	-20.264	-51.0
13.82	-8.716	-20.072	-60.3
13.83	-8.709	-19.708	-57.5
13.84	-8.703	-19.200	-44.6
13.85	-8.697	-18.623	-41.0
13.86	-8.692	-18.071	-30.7
13.87	-8.686	-17.595	-14.2
13.88	-8.680	-17.113	-8.8
13.89	-8.674	-16.564	-17.5
13.9	-8.668	-16.064	-42.9
13.91	-8.662	-15.643	-58.3
13.92	-8.659	-15.202	-58.2
13.93	-8.656	-14.795	-53.8
13.94	-8.652	-14.537	-55.9
13.95	-8.650	-14.411	-60.1
13.96	-8.648	-14.345	-67.4
13.97	-8.646	-14.317	-77.1
13.98	-8.643	-14.318	-78.6
13.99	-8.640	-14.308	-24.4
14.0	-8.638	-14.258	273.0
14.01	-8.638	-14.186	677.4
14.02	-8.637	-14.124	684.3
14.03	-8.636	-14.197	344.9
14.04	-8.636	-14.487	99.4
14.05	-8.639	-14.853	12.0
14.06	-8.641	-15.068	-17.6
14.07	-8.638	-15.025	-29.6
14.08	-8.634	-14.785	-42.8
14.09	-8.628	-14.519	-51.2
14.1	-8.623	-14.315	-47.1
14.11	-8.619	-13.995	-24.6
14.12	-8.616	-13.055	-7.4
14.13	-8.611	-10.611	-8.7
14.14	-8.607	-5.550	-2.2
14.15	-8.603	2.869	26.6
14.16	-8.599	12.604	49.5
14.17	-8.597	18.774	63.8
14.18	-8.596	20.373	91.5
14.19	-8.596	20.451	118.2
14.2	-8.598	20.456	136.3
14.21	-8.601	20.456	169.8
14.22	-8.606	20.448	203.5
14.23	-8.613	20.204	198.1
14.24	-8.621	17.628	181.9
14.25	-8.629	10.011	154.7
14.26	-8.639	-0.759	92.8
14.27	-8.649	-10.495	25.7
14.28	-8.659	-17.051	-30.4
14.29	-8.670	-19.889	-76.7
14.3	-8.681	-20.436	-110.5
14.31	-8.695	-20.456	-123.8
14.32	-8.716	-20.456	-125.6
14.33	-8.737	-20.456	-128.5
14.34	-8.756	-20.454	-133.1
14.35	-8.777	-20.446	-136.2
14.36	-8.802	-20.442	-129.8
14.37	-8.829	-20.450	-117.1
14.38	-8.856	-20.456	-109.5
14.39	-8.883	-20.456	-109.6
14.4	-8.911	-20.456	-101.0
14.41	-8.941	-20.456	-87.8
14.42	-8.971	-20.456	-99.8
14.43	-9.002	-20.456	-119.3
14.44	-9.034	-20.454	-117.5
14.45	-9.067	-20.357	-104.5
14.46	-9.099	-19.566	-92.6
14.47	-9.130	-17.630	-93.7
14.48	-9.161	-15.379	-94.3
14.49	-9.190	-13.741	-97.5
14.5	-9.219	-12.843	-95.8
14.51	-9.249	-12.671	-79.8
14.52	-9.279	-13.029	-88.5
14.53	-9.309	-13.633	-98.9
14.54	-9.339	-14.482	-95.0
14.55	-9.367	-15.602	-93.6
14.56	-9.395	-16.787	-84.6
14.57	-9.422	-17.908	-78.5
14.58	-9.447	-18.955	-84.7
14.59	-9.472	-19.743	-90.0
14.6	-9.496	-20.114	-76.4
14.61	-9.520	-20.269	-57.0
14.62	-9.545	-20.391	-58.8
14.63	-9.571	-20.386	-76.8
14.64	-9.596	-20.156	-84.2
14.65	-9.619	-19.798	-72.8
14.66	-9.642	-19.494	-69.9
14.67	-9.664	-19.256	-78.8
14.68	-9.688	-18.957	-68.7
14.69	-9.711	-18.506	-46.1
14.7	-9.733	-17.911	-46.4
14.71	-9.757	-17.288	-49.9
14.72	-9.780	-16.746	-25.8
14.73	-9.803	-16.277	-10.8
14.74	-9.824	-15.891	-24.2
14.75	-9.844	-15.649	-48.3
14.76	-9.866	-15.501	-63.2
14.77	-9.888	-15.280	-67.8
14.78	-9.910	-14.926	-71.2
14.79	-9.933	-14.568	-69.9
14.8	-9.956	-14.354	-69.0
14.81	-9.982	-14.323	-70.2
14.82	-10.007	-14.379	-68.6
14.83	-10.031	-14.394	-79.7
14.84	-10.051	-14.368	-88.0
14.85	-10.069	-14.302	59.3
14.86	-10.089	-14.146	455.7
14.87	-10.111	-13.949	709.9
14.88	-10.132	-13.874	488.3
14.89	-10.153	-14.055	161.1
14.9	-10.175	-14.459	23.5
14.91	-10.196	-14.886	-19.5
14.92	-10.213	-15.087	-33.5
14.93	-10.224	-14.961	-43.8
14.94	-10.233	-14.627	-52.0
14.95	-10.241	-14.279	-47.6
14.96	-10.253	-14.064	-41.1
14.97	-10.269	-13.865	-37.4
14.98	-10.288	-12.976	-22.4
14.99	-10.309	-10.216	-3.2
15.0	-10.331	-4.388	10.3
15.01	-10.355	4.965	17.7
15.02	-10.378	14.557	33.1
15.03	-10.399	19.514	68.9
15.04	-10.421	20.427	107.5
15.05	-10.444	20.453	135.4
15.06	-10.467	20.456	154.7
15.07	-10.488	20.454	173.8
15.08	-10.507	20.442	182.3
15.09	-10.525	19.804	180.5
15.1	-10.544	15.724	170.4
15.11	-10.564	6.626	125.0
15.12	-10.583	-4.164	61.3
15.13	-10.604	-13.049	-6.3
15.14	-10.624	-18.413	-71.3
15.15	-10.644	-20.241	-109.1
15.16	-10.663	-20.453	-124.7
15.17	-10.681	-20.456	-131.7
15.18	-10.699	-20.456	-134.9
15.19	-10.716	-20.454	-130.8
15.2	-10.729	-20.424	-135.6
15.21	-10.740	-20.381	-150.4
15.22	-10.751	-20.397	-144.0
15.23	-10.761	-20.442	-131.1
15.24	-10.765	-20.456	-128.0
15.25	-10.764	-20.456	-133.9
15.26	-10.759	-20.456	-129.3
15.27	-10.749	-20.456	-109.0
15.28	-10.736	-20.456	-109.8
15.29	-10.717	-20.454	-108.5
15.3	-10.691	-20.375	-101.8
15.31	-10.661	-19.616	-109.0
15.32	-10.626	-17.503	-112.4
15.33	-10.591	-14.754	-107.7
15.34	-10.556	-12.602	-98.8
15.35	-10.523	-11.306	-102.0
15.36	-10.490	-10.719	-103.7
15.37	-10.457	-10.855	-87.7
15.38	-10.424	-11.651	-80.0
15.39	-10.391	-12.831	-89.4
15.4	-10.359	-14.179	-102.3
15.41	-10.326	-15.607	-96.7
15.42	-10.293	-16.970	-79.6
15.43	-10.259	-18.108	-84.1
15.44	-10.226	-18.999	-84.0
15.45	-10.191	-19.732	-68.6
15.46	-10.154	-20.243	-72.7
15.47	-10.118	-20.434	-81.8
15.48	-10.079	-20.456	-83.7
15.49	-10.041	-20.453	-76.7
15.5	-10.002	-20.391	-69.9
15.51	-9.964	-20.181	-74.7
15.52	-9.925	-19.848	-69.5
15.53	-9.887	-19.459	-58.2
15.54	-9.851	-19.002	-45.4
15.55	-9.816	-18.518	-25.5
15.56	-9.784	-18.038	-8.6
15.57	-9.752	-17.503	-9.0
15.58	-9.723	-16.934	-30.2
15.59	-9.694	-16.393	-48.0
15.6	-9.667	-15.817	-51.1
15.61	-9.639	-15.207	-61.8
15.62	-9.612	-14.739	-71.0
15.63	-9.584	-14.516	-62.3
15.64	-9.555	-14.478	-52.0
15.65	-9.527	-14.521	-47.2
15.66	-9.501	-14.553	-58.3
15.67	-9.474	-14.540	-95.4
15.68	-9.446	-14.516	-85.4
15.69	-9.419	-14.461	145.5
15.7	-9.397	-14.378	551.0
15.71	-9.377	-14.395	666.2
15.72	-9.355	-14.635	367.7
15.73	-9.332	-15.047	98.9
15.74	-9.311	-15.451	18.6
15.75	-9.291	-15.719	-10.4
15.76	-9.269	-15.789	-32.3
15.77	-9.246	-15.593	-45.7
15.78	-9.221	-15.226	-49.6
15.79	-9.196	-14.951	-49.4
15.8	-9.171	-14.788	-34.7
15.81	-9.147	-14.346	-13.1
15.82	-9.124	-12.999	3.0
15.83	-9.101	-9.856	17.5
15.84	-9.079	-3.815	17.6
15.85	-9.054	5.487	36.5
15.86	-9.030	14.804	74.3
15.87	-9.008	19.558	88.2
15.88	-8.989	20.428	102.0
15.89	-8.971	20.453	141.4
15.9	-8.954	20.456	187.8
15.91	-8.938	20.454	214.1
15.92	-8.923	20.439	212.3
15.93	-8.909	19.754	199.7
15.94	-8.895	15.483	179.4
15.95	-8.883	6.064	131.4
15.96	-8.871	-5.018	56.5
15.97	-8.861	-13.893	-13.8
15.98	-8.850	-18.854	-71.6
15.99	-8.838	-20.323	-118.8
16.0	-8.827	-20.453	-129.0
16.01	-8.819	-20.456	-131.7
16.02	-8.811	-20.456	-143.1
16.03	-8.800	-20.456	-128.5
16.04	-8.788	-20.456	-113.7
16.05	-8.779	-20.456	-119.1
16.06	-8.772	-20.456	-131.0
16.07	-8.764	-20.456	-136.9
16.08	-8.756	-20.456	-128.3
16.09	-8.747	-20.456	-119.9
16.1	-8.738	-20.456	-108.3
16.11	-8.729	-20.456	-101.4
16.12	-8.721	-20.456	-98.6
16.13	-8.713	-20.454	-99.2
16.14	-8.706	-20.346	-110.0
16.15	-8.699	-19.490	-104.4
16.16	-8.695	-17.352	-96.3
16.17	-8.692	-14.743	-100.6
16.18	-8.690	-12.792	-88.8
16.19	-8.688	-11.779	-82.2
16.2	-8.686	-11.570	-93.8
16.21	-8.686	-12.026	-90.8
16.22	-8.684	-13.024	-92.1
16.23	-8.684	-14.268	-95.3
16.24	-8.683	-15.510	-82.0
16.25	-8.681	-16.789	-86.4
16.26	-8.679	-18.115	-97.7
16.27	-8.678	-19.300	-80.6
16.28	-8.676	-20.089	-68.4
16.29	-8.676	-20.401	-72.0
16.3	-8.676	-20.454	-75.2
16.31	-8.676	-20.456	-80.8
16.32	-8.677	-20.453	-75.7
16.33	-8.679	-20.402	-70.4
16.34	-8.681	-20.241	-75.5
16.35	-8.683	-19.994	-74.6
16.36	-8.685	-19.673	-72.4
16.37	-8.687	-19.296	-75.9
16.38	-8.689	-18.900	-71.5
16.39	-8.691	-18.414	-54.4
16.4	-8.694	-17.801	-45.7
16.41	-8.698	-17.157	-54.8
16.42	-8.703	-16.552	-61.8
16.43	-8.707	-16.008	-62.9
16.44	-8.714	-15.628	-56.2
16.45	-8.722	-15.434	-37.5
16.46	-8.733	-15.260	-18.8
16.47	-8.746	-15.030	-10.2
16.48	-8.760	-14.816	-19.0
16.49	-8.776	-14.666	-40.4
16.5	-8.794	-14.607	-55.8
16.51	-8.814	-14.610	-69.2
16.52	-8.836	-14.646	-72.2
16.53	-8.859	-14.788	-60.9
16.54	-8.882	-15.008	-59.7
16.55	-8.904	-15.082	-63.5
16.56	-8.928	-14.934	-68.9
16.57	-8.951	-14.745	-94.1
16.58	-8.974	-14.671	-73.4
16.59	-8.999	-14.681	177.0
16.6	-9.027	-14.664	608.1
16.61	-9.056	-14.589	747.1
16.62	-9.085	-14.506	451.9
16.63	-9.117	-14.514	146.8
16.64	-9.151	-14.648	21.6
16.65	-9.183	-14.748	-29.8
16.66	-9.210	-14.714	-50.0
16.67	-9.231	-14.618	-55.4
16.68	-9.250	-14.459	-54.1
16.69	-9.269	-14.146	-44.6
16.7	-9.289	-13.611	-37.5
16.71	-9.309	-12.637	-26.5
16.72	-9.329	-10.585	-17.3
16.73	-9.348	-6.444	-8.3
16.74	-9.367	0.907	3.7
16.75	-9.386	10.606	14.3
16.76	-9.406	17.884	46.3
16.77	-9.428	20.260	81.1
16.78	-9.451	20.446	102.3
16.79	-9.474	20.456	122.9
16.8	-9.499	20.456	148.0
16.81	-9.523	20.449	175.7
16.82	-9.547	20.332	179.1
16.83	-9.571	18.384	172.3
16.84	-9.594	11.547	162.4
16.85	-9.617	0.820	118.3
16.86	-9.640	-9.503	47.3
16.87	-9.664	-16.664	-26.1
16.88	-9.690	-19.823	-90.5
16.89	-9.716	-20.433	-126.3
16.9	-9.741	-20.455	-131.7
16.91	-9.766	-20.456	-134.8
16.92	-9.793	-20.454	-133.3
16.93	-9.819	-20.378	-125.8
16.94	-9.842	-20.014	-133.6
16.95	-9.866	-19.646	-138.7
16.96	-9.889	-19.854	-123.3
16.97	-9.912	-20.291	-118.1
16.98	-9.932	-20.447	-122.2
16.99	-9.952	-20.456	-118.8
17.0	-9.974	-20.456	-117.5
17.01	-9.997	-20.456	-121.8
17.02	-10.020	-20.456	-118.2
17.03	-10.043	-20.455	-113.9
17.04	-10.066	-20.436	-109.4
17.05	-10.088	-20.066	-99.1
17.06	-10.109	-18.694	-92.5
17.07	-10.131	-16.482	-102.0
17.08	-10.154	-14.358	-116.1
17.09	-10.178	-12.922	-104.3
17.1	-10.202	-12.321	-100.9
17.11	-10.226	-12.376	-114.8
17.12	-10.248	-12.844	-110.4
17.13	-10.268	-13.639	-102.6
17.14	-10.286	-14.693	-102.1
17.15	-10.303	-15.861	-90.6
17.16	-10.322	-17.060	-81.8
17.17	-10.340	-18.220	-88.4
17.18	-10.359	-19.204	-87.7
17.19	-10.379	-19.874	-84.0
17.2	-10.399	-20.235	-99.9
17.21	-10.419	-20.399	-107.1
17.22	-10.437	-20.448	-82.3
17.23	-10.454	-20.411	-70.6
17.24	-10.472	-20.198	-80.2
17.25	-10.489	-19.753	-75.0
17.26	-10.507	-19.257	-70.6
17.27	-10.525	-18.876	-82.3
17.28	-10.543	-18.440	-83.7
17.29	-10.562	-17.791	-68.5
17.3	-10.582	-17.122	-56.3
17.31	-10.602	-16.684	-56.2
17.32	-10.621	-16.394	-67.9
17.33	-10.638	-15.990	-72.2
17.34	-10.656	-15.459	-47.6
17.35	-10.673	-15.063	-20.3
17.36	-10.691	-14.964	-16.4
17.37	-10.707	-15.001	-15.4
17.38	-10.723	-14.949	-24.6
17.39	-10.739	-14.796	-51.6
17.4	-10.756	-14.659	-68.5
17.41	-10.773	-14.582	-68.2
17.42	-10.788	-14.521	-60.9
17.43	-10.804	-14.473	-58.4
17.44	-10.821	-14.452	-65.5
17.45	-10.838	-14.486	-70.3
17.46	-10.854	-14.530	-75.2
17.47	-10.866	-14.488	-92.9
17.48	-10.876	-14.384	-0.8
17.49	-10.888	-14.256	344.0
17.5	-10.902	-14.043	648.0
17.51	-10.913	-13.843	509.2
17.52	-10.920	-13.840	179.2
17.53	-10.924	-13.948	30.5
17.54	-10.928	-14.039	-3.0
17.55	-10.927	-14.116	-27.6
17.56	-10.921	-14.110	-43.6
17.57	-10.912	-13.966	-47.7
17.58	-10.903	-13.797	-50.5
17.59	-10.898	-13.640	-53.8
17.6	-10.895	-13.359	-36.1
17.61	-10.892	-12.706	-18.2
17.62	-10.886	-10.974	-10.9
17.63	-10.875	-7.157	14.5
17.64	-10.860	-0.357	36.2
17.65	-10.839	9.026	39.7
17.66	-10.813	16.933	48.8
17.67	-10.782	20.073	79.4
17.68	-10.749	20.447	112.0
17.69	-10.715	20.456	139.8
17.7	-10.681	20.456	169.3
17.71	-10.648	20.448	189.6
17.72	-10.616	20.282	199.6
17.73	-10.584	18.075	175.8
17.74	-10.554	10.886	128.2
17.75	-10.524	0.101	75.0
17.76	-10.493	-10.037	18.2
17.77	-10.462	-16.968	-41.3
17.78	-10.429	-19.916	-96.4
17.79	-10.393	-20.439	-115.4
17.8	-10.360	-20.455	-118.6
17.81	-10.332	-20.456	-139.3
17.82	-10.302	-20.456	-150.2
17.83	-10.266	-20.456	-136.5
17.84	-10.230	-20.456	-124.7
17.85	-10.198	-20.456	-122.8
17.86	-10.168	-20.456	-133.4
17.87	-10.139	-20.456	-132.5
17.88	-10.108	-20.456	-119.9
17.89	-10.076	-20.456	-122.8
17.9	-10.046	-20.456	-119.2
17.91	-10.017	-20.456	-109.5
17.92	-9.990	-20.454	-108.5
17.93	-9.963	-20.415	-110.7
17.94	-9.936	-19.849	-100.0
17.95	-9.910	-18.039	-90.4
17.96	-9.884	-15.524	-94.2
17.97	-9.859	-13.398	-95.3
17.98	-9.836	-11.841	-93.7
17.99	-9.812	-10.753	-94.8
18.0	-9.786	-10.349	-98.2
18.01	-9.759	-10.944	-92.8
18.02	-9.731	-12.324	-90.2
18.03	-9.704	-13.913	-89.4
18.04	-9.675	-15.418	-81.4
18.05	-9.646	-16.804	-72.0
18.06	-9.618	-18.047	-76.4
18.07	-9.592	-19.038	-86.2
18.08	-9.566	-19.702	-78.0
18.09	-9.542	-20.096	-72.5
18.1	-9.518	-20.278	-78.7
18.11	-9.494	-20.254	-74.1
18.12	-9.469	-20.085	-58.8
18.13	-9.444	-19.817	-63.5
18.14	-9.419	-19.459	-71.0
18.15	-9.394	-19.085	-66.7
18.16	-9.369	-18.705	-64.4
18.17	-9.344	-18.313	-68.7
18.18	-9.321	-18.003	-61.8
18.19	-9.297	-17.699	-44.5
18.2	-9.274	-17.196	-44.0
18.21	-9.253	-16.553	-38.8
18.22	-9.233	-16.019	-22.1
18.23	-9.213	-15.629	-8.6
18.24	-9.194	-15.227	-11.2
18.25	-9.176	-14.851	-28.6
18.26	-9.158	-14.668	-41.3
18.27	-9.141	-14.606	-46.8
18.28	-9.123	-14.489	-47.9
18.29	-9.106	-14.341	-52.4
18.3	-9.089	-14.260	-52.2
18.31	-9.072	-14.244	-48.1
18.32	-9.056	-14.294	-57.1
18.33	-9.039	-14.410	-74.8
18.34	-9.021	-14.491	-75.3
18.35	-9.003	-14.466	85.4
18.36	-8.986	-14.415	478.8
18.37	-8.973	-14.341	718.6
18.38	-8.958	-14.172	501.7
18.39	-8.943	-14.033	178.2
18.4	-8.928	-14.116	45.6
18.41	-8.912	-14.338	7.3
18.42	-8.898	-14.406	-16.5
18.43	-8.881	-14.312	-36.1
18.44	-8.864	-14.191	-44.5
18.45	-8.846	-14.076	-36.0
18.46	-8.828	-14.077	-23.4
18.47	-8.813	-13.785	-11.3
18.48	-8.797	-12.542	2.6
18.49	-8.782	-10.213	19.8
18.5	-8.768	-6.049	38.3
18.51	-8.754	1.353	51.5
18.52	-8.741	10.934	64.4
18.53	-8.730	17.966	87.0
18.54	-8.720	20.261	112.3
18.55	-8.711	20.447	140.8
18.56	-8.703	20.456	173.8
18.57	-8.696	20.454	199.1
18.58	-8.689	20.444	211.7
18.59	-8.684	19.829	220.2
18.6	-8.679	15.817	212.2
18.61	-8.674	6.799	162.8
18.62	-8.669	-3.967	83.1
18.63	-8.665	-12.893	9.2
18.64	-8.661	-18.334	-48.4
18.65	-8.655	-20.226	-86.3
18.66	-8.649	-20.453	-102.8
18.67	-8.647	-20.456	-116.3
18.68	-8.646	-20.456	-121.6
18.69	-8.642	-20.456	-112.4
18.7	-8.636	-20.456	-114.9
18.71	-8.632	-20.456	-127.3
18.72	-8.631	-20.456	-127.1
18.73	-8.631	-20.456	-121.9
18.74	-8.630	-20.456	-112.5
18.75	-8.628	-20.456	-104.2
18.76	-8.626	-20.456	-103.5
18.77	-8.623	-20.456	-92.8
18.78	-8.621	-20.456	-86.4
18.79	-8.619	-20.454	-98.3
18.8	-8.618	-20.383	-105.8
18.81	-8.617	-19.760	-101.3
18.82	-8.616	-18.099	-91.8
18.83	-8.616	-15.891	-78.3
18.84	-8.616	-13.918	-70.3
18.85	-8.617	-12.446	-74.2
18.86	-8.619	-11.619	-85.0
18.87	-8.621	-11.511	-89.8
18.88	-8.625	-12.007	-80.3
18.89	-8.629	-12.945	-77.4
18.9	-8.632	-14.220	-80.7
18.91	-8.635	-15.655	-71.2
18.92	-8.638	-17.024	-70.8
18.93	-8.641	-18.164	-73.6
18.94	-8.644	-18.979	-66.4
18.95	-8.648	-19.496	-72.6
18.96	-8.653	-19.865	-81.4
18.97	-8.660	-20.130	-70.8
18.98	-8.668	-20.202	-56.7
18.99	-8.678	-20.023	-50.4
19.0	-8.689	-19.644	-44.1
19.01	-8.703	-19.227	-44.8
19.02	-8.717	-18.849	-50.6
19.03	-8.732	-18.501	-60.1
19.04	-8.749	-18.178	-64.3
19.05	-8.767	-17.806	-59.3
19.06	-8.785	-17.295	-48.7
19.07	-8.804	-16.658	-34.8
19.08	-8.824	-16.023	-34.0
19.09	-8.846	-15.541	-26.1
19.1	-8.867	-15.251	-2.4
19.11	-8.889	-15.035	12.4
19.12	-8.911	-14.786	12.8
19.13	-8.933	-14.558	-6.9
19.14	-8.955	-14.343	-30.2
19.15	-8.977	-14.082	-36.8
19.16	-8.999	-13.880	-41.6
19.17	-9.023	-13.871	-43.4
19.18	-9.049	-14.056	-36.2
19.19	-9.076	-14.288	-32.8
19.2	-9.104	-14.364	-38.9
19.21	-9.132	-14.208	-48.6
19.22	-9.158	-13.969	-61.2
19.23	-9.184	-13.865	31.9
19.24	-9.211	-13.891	394.5
19.25	-9.239	-13.909	743.7
19.26	-9.265	-13.922	638.5
19.27	-9.291	-13.977	294.5
19.28	-9.320	-13.986	87.7
19.29	-9.348	-13.949	10.8
19.3	-9.373	-13.976	-16.9
19.31	-9.394	-14.009	-26.0
19.32	-9.412	-13.954	-22.1
19.33	-9.429	-13.825	-16.5
19.34	-9.446	-13.642	-24.4
19.35	-9.463	-13.293	-13.1
19.36	-9.481	-12.377	7.4
19.37	-9.498	-10.228	9.6
19.38	-9.514	-5.940	22.4
19.39	-9.530	1.491	48.8
19.4	-9.547	11.040	64.3
19.41	-9.565	18.037	73.5
19.42	-9.586	20.276	104.5
19.43	-9.608	20.447	142.6
19.44	-9.631	20.456	163.0
19.45	-9.654	20.455	177.5
19.46	-9.678	20.447	197.8
19.47	-9.701	19.997	206.9
19.48	-9.726	16.533	193.5
19.49	-9.751	7.892	163.4
19.5	-9.775	-3.155	115.1
19.51	-9.798	-12.552	43.4
19.52	-9.821	-18.261	-33.0
19.53	-9.841	-20.223	-83.2
19.54	-9.861	-20.453	-109.2
19.55	-9.883	-20.456	-118.1
19.56	-9.908	-20.456	-121.5
19.57	-9.931	-20.454	-127.9
19.58	-9.953	-20.386	-124.2
19.59	-9.973	-20.123	-106.0
19.6	-9.994	-19.922	-93.5
19.61	-10.015	-20.113	-105.9
19.62	-10.034	-20.379	-118.2
19.63	-10.053	-20.453	-112.0
19.64	-10.069	-20.456	-103.9
19.65	-10.086	-20.456	-100.5
19.66	-10.104	-20.456	-99.7
19.67	-10.121	-20.456	-94.6
19.68	-10.139	-20.442	-89.4
19.69	-10.156	-20.136	-80.0
19.7	-10.174	-18.828	-79.4
19.71	-10.190	-16.567	-90.3
19.72	-10.208	-14.379	-94.2
19.73	-10.228	-12.835	-97.8
19.74	-10.248	-11.979	-93.3
19.75	-10.268	-11.796	-79.8
19.76	-10.285	-12.144	-80.1
19.77	-10.302	-12.759	-85.7
19.78	-10.318	-13.509	-83.3
19.79	-10.335	-14.506	-80.4
19.8	-10.356	-15.796	-70.7
19.81	-10.381	-17.188	-66.8
19.82	-10.409	-18.351	-73.8
19.83	-10.438	-19.108	-75.0
19.84	-10.465	-19.563	-75.0
19.85	-10.489	-19.788	-79.7
19.86	-10.511	-19.783	-65.1
19.87	-10.531	-19.708	-48.3
19.88	-10.548	-19.680	-55.7
19.89	-10.564	-19.564	-57.2
19.9	-10.579	-19.261	-61.1
19.91	-10.592	-18.787	-63.8
19.92	-10.604	-18.146	-51.2
19.93	-10.614	-17.514	-45.8
19.94	-10.623	-17.082	-45.7
19.95	-10.628	-16.708	-29.2
19.96	-10.630	-16.231	-6.9
19.97	-10.629	-15.770	-0.1
19.98	-10.625	-15.372	-13.0
19.99	-10.618	-14.891	-37.0
20.0	-10.608	-14.362	-54.0
20.01	-10.594	-14.028	-58.9
20.02	-10.577	-13.886	-58.1
20.03	-10.558	-13.734	-57.9
20.04	-10.537	-13.602	-59.2
20.05	-10.516	-13.552	-53.3
20.06	-10.494	-13.506	-62.8
20.07	-10.470	-13.390	-81.2
20.08	-10.444	-13.212	13.6
20.09	-10.422	-13.116	347.3
20.1	-10.404	-13.246	666.9
20.11	-10.384	-13.543	544.6
20.12	-10.355	-13.874	201.6
20.13	-10.323	-14.123	46.8
20.14	-10.289	-14.208	10.3
20.15	-10.249	-14.180	-22.8
20.16	-10.202	-14.171	-30.7
20.17	-10.152	-14.203	-28.0
20.18	-10.104	-14.225	-31.8
20.19	-10.059	-14.282	-23.2
20.2	-10.021	-14.259	-16.7
20.21	-9.984	-13.768	-9.8
20.22	-9.949	-12.296	3.3
20.23	-9.914	-8.987	13.0
20.24	-9.879	-2.799	39.3
20.25	-9.842	6.410	71.2
20.26	-9.806	15.318	89.7
20.27	-9.771	19.687	113.7
20.28	-9.734	20.436	137.0
20.29	-9.699	20.453	154.8
20.3	-9.664	20.456	182.0
20.31	-9.629	20.449	208.9
20.32	-9.595	20.333	228.8
20.33	-9.562	18.421	220.8
20.34	-9.529	11.731	173.3
20.35	-9.498	1.226	111.0
20.36	-9.469	-8.974	41.4
20.37	-9.441	-16.274	-26.2
20.38	-9.412	-19.691	-75.9
20.39	-9.384	-20.423	-102.9
20.4	-9.357	-20.455	-119.9
20.41	-9.335	-20.456	-131.6
20.42	-9.312	-20.456	-121.7
20.43	-9.288	-20.456	-116.4
20.44	-9.265	-20.456	-122.7
20.45	-9.244	-20.456	-110.6
20.46	-9.223	-20.456	-105.0
20.47	-9.203	-20.456	-116.7
20.48	-9.184	-20.456	-118.3
20.49	-9.164	-20.456	-108.5
20.5	-9.143	-20.456	-95.2
20.51	-9.123	-20.456	-93.1
20.52	-9.103	-20.454	-101.5
20.53	-9.084	-20.409	-94.3
20.54	-9.066	-19.849	-72.2
20.55	-9.049	-18.139	-74.6
20.56	-9.034	-15.781	-101.6
20.57	-9.019	-13.761	-103.3
20.58	-9.005	-12.298	-87.0
20.59	-8.992	-11.436	-80.8
20.6	-8.979	-11.330	-74.3
20.61	-8.967	-11.863	-81.3
20.62	-8.954	-12.808	-83.9
20.63	-8.942	-14.069	-67.7
20.64	-8.931	-15.458	-76.4
20.65	-8.921	-16.773	-84.8
20.66	-8.911	-17.980	-77.2
20.67	-8.900	-18.984	-70.3
20.68	-8.889	-19.626	-69.2
20.69	-8.879	-20.002	-76.8
20.7	-8.870	-20.273	-80.5
20.71	-8.861	-20.417	-83.0
20.72	-8.853	-20.377	-83.3
20.73	-8.844	-20.140	-71.7
20.74	-8.836	-19.743	-52.9
20.75	-8.829	-19.276	-49.7
20.76	-8.822	-18.818	-53.0
20.77	-8.816	-18.394	-56.8
20.78	-8.809	-17.973	-54.9
20.79	-8.804	-17.523	-33.8
20.8	-8.798	-17.036	-14.0
20.81	-8.792	-16.580	-15.1
20.82	-8.786	-16.176	-31.1
20.83	-8.780	-15.718	-51.5
20.84	-8.776	-15.201	-70.5
20.85	-8.771	-14.788	-67.8
20.86	-8.768	-14.551	-56.5
20.87	-8.764	-14.412	-55.4
20.88	-8.763	-14.296	-56.0
20.89	-8.761	-14.131	-71.2
20.9	-8.759	-13.933	-93.1
20.91	-8.755	-13.827	-71.1
20.92	-8.752	-13.818	127.5
20.93	-8.752	-13.803	543.9
20.94	-8.752	-13.802	735.3
20.95	-8.751	-13.867	464.7
20.96	-8.751	-14.001	157.6
20.97	-8.752	-14.274	35.1
20.98	-8.754	-14.648	-7.1
20.99	-8.753	-14.827	-27.3
21.0	-8.749	-14.691	-41.8
21.01	-8.744	-14.706	-50.5
21.02	-8.740	-14.863	-52.4
21.03	-8.736	-14.432	-39.5
21.04	-8.733	-13.518	-27.2
21.05	-8.729	-12.400	-20.5
21.06	-8.724	-9.831	-0.0
21.07	-8.721	-4.338	28.9
21.08	-8.717	4.333	44.2
21.09	-8.714	13.670	52.3
21.1	-8.713	19.136	71.8
21.11	-8.714	20.401	96.9
21.12	-8.716	20.453	126.7
21.13	-8.721	20.456	163.3
21.14	-8.728	20.453	190.4
21.15	-8.738	20.424	198.0
21.16	-8.749	19.526	202.4
21.17	-8.763	14.803	190.3
21.18	-8.779	5.277	129.8
21.19	-8.796	-5.371	46.3
21.2	-8.814	-13.839	-18.0
21.21	-8.831	-18.733	-65.7
21.22	-8.846	-20.291	-99.4
21.23	-8.863	-20.453	-122.4
21.24	-8.883	-20.456	-142.2
21.25	-8.906	-20.456	-142.1
21.26	-8.929	-20.456	-127.7
21.27	-8.953	-20.456	-129.6
21.28	-8.981	-20.456	-138.4
21.29	-9.014	-20.456	-135.0
21.3	-9.049	-20.456	-132.5
21.31	-9.084	-20.456	-131.1
21.32	-9.119	-20.456	-125.2
21.33	-9.152	-20.456	-114.3
21.34	-9.183	-20.456	-107.1
21.35	-9.213	-20.456	-109.8
21.36	-9.244	-20.454	-112.4
21.37	-9.275	-20.418	-118.0
21.38	-9.307	-19.934	-118.3
21.39	-9.339	-18.372	-115.8
21.4	-9.372	-16.098	-111.3
21.41	-9.406	-14.066	-102.8
21.42	-9.440	-12.689	-100.0
21.43	-9.475	-12.081	-91.5
21.44	-9.510	-12.189	-95.9
21.45	-9.545	-12.778	-100.3
21.46	-9.581	-13.646	-98.1
21.47	-9.616	-14.881	-99.8
21.48	-9.652	-16.342	-95.6
21.49	-9.688	-17.389	-95.0
21.5	-9.723	-18.063	-91.0
21.51	-9.756	-18.821	-88.8
21.52	-9.787	-19.561	-92.5
21.53	-9.818	-19.980	-92.8
21.54	-9.848	-20.172	-90.4
21.55	-9.878	-20.265	-79.5
21.56	-9.908	-20.139	-72.5
21.57	-9.938	-19.851	-78.7
21.58	-9.967	-19.488	-77.8
21.59	-9.996	-19.022	-78.0
21.6	-10.024	-18.501	-77.3
21.61	-10.054	-18.042	-63.2
21.62	-10.081	-17.618	-62.3
21.63	-10.108	-17.122	-62.5
21.64	-10.133	-16.609	-47.4
21.65	-10.156	-16.215	-26.3
21.66	-10.179	-15.916	-9.7
21.67	-10.202	-15.590	-22.5
21.68	-10.226	-15.184	-56.4
21.69	-10.250	-14.804	-65.6
21.7	-10.275	-14.563	-58.0
21.71	-10.299	-14.423	-74.3
21.72	-10.323	-14.331	-81.1
21.73	-10.346	-14.290	-64.4
21.74	-10.370	-14.253	-59.2
21.75	-10.394	-14.181	-71.7
21.76	-10.416	-14.128	-98.8
21.77	-10.436	-14.080	-58.3
21.78	-10.457	-13.963	208.3
21.79	-10.479	-13.816	599.3
21.8	-10.502	-13.679	639.0
21.81	-10.523	-13.525	315.6
21.82	-10.544	-13.494	75.4
21.83	-10.564	-13.786	-12.8
21.84	-10.581	-14.272	-33.1
21.85	-10.594	-14.573	-33.8
21.86	-10.606	-14.533	-46.8
21.87	-10.619	-14.314	-47.3
21.88	-10.634	-14.124	-46.8
21.89	-10.653	-13.948	-46.3
21.9	-10.672	-13.494	-31.6
21.91	-10.693	-12.234	-14.7
21.92	-10.713	-9.244	5.1
21.93	-10.734	-3.423	28.2
21.94	-10.754	5.624	36.1
21.95	-10.773	14.803	52.0
21.96	-10.791	19.548	78.8
21.97	-10.809	20.428	105.9
21.98	-10.826	20.453	136.6
21.99	-10.845	20.456	161.9
22.0	-10.864	20.453	179.3
22.01	-10.883	20.401	192.4
22.02	-10.901	19.169	199.3
22.03	-10.918	13.783	167.0
22.04	-10.931	4.101	108.5
22.05	-10.945	-6.163	43.6
22.06	-10.959	-14.398	-38.2
22.07	-10.973	-19.058	-90.8
22.08	-10.984	-20.358	-106.8
22.09	-10.997	-20.453	-118.1
22.1	-11.014	-20.456	-135.3
22.11	-11.031	-20.454	-138.3
22.12	-11.043	-20.398	-133.4
22.13	-11.053	-20.167	-136.8
22.14	-11.062	-20.009	-127.4
22.15	-11.069	-20.197	-122.9
22.16	-11.075	-20.412	-128.1
22.17	-11.079	-20.455	-120.3
22.18	-11.084	-20.456	-122.3
22.19	-11.089	-20.456	-126.6
22.2	-11.091	-20.456	-112.7
22.21	-11.094	-20.456	-107.9
22.22	-11.096	-20.445	-108.6
22.23	-11.099	-20.165	-94.6
22.24	-11.101	-18.857	-92.3
22.25	-11.100	-16.403	-104.7
22.26	-11.099	-13.863	-106.8
22.27	-11.096	-12.100	-107.9
22.28	-11.092	-11.236	-101.2
22.29	-11.086	-11.043	-83.3
22.3	-11.076	-11.251	-84.8
22.31	-11.065	-11.813	-91.5
22.32	-11.052	-12.863	-88.1
22.33	-11.036	-14.284	-87.9
22.34	-11.018	-15.676	-94.8
22.35	-10.996	-16.928	-98.3
22.36	-10.971	-18.134	-90.9
22.37	-10.944	-19.096	-83.9
22.38	-10.914	-19.634	-81.3
22.39	-10.881	-19.907	-79.5
22.4	-10.845	-20.086	-80.9
22.41	-10.807	-20.114	-75.2
22.42	-10.768	-19.913	-69.0
22.43	-10.727	-19.596	-68.9
22.44	-10.685	-19.306	-63.2
22.45	-10.643	-18.997	-63.4
22.46	-10.599	-18.613	-66.2
22.47	-10.555	-18.211	-62.4
22.48	-10.510	-17.793	-55.5
22.49	-10.465	-17.328	-40.8
22.5	-10.419	-16.805	-26.2
22.51	-10.372	-16.200	-18.5
22.52	-10.326	-15.581	-21.5
22.53	-10.281	-15.095	-47.2
22.54	-10.239	-14.843	-73.1
22.55	-10.200	-14.764	-67.4
22.56	-10.163	-14.646	-58.4
22.57	-10.127	-14.439	-59.9
22.58	-10.091	-14.293	-59.9
22.59	-10.056	-14.194	-61.1
22.6	-10.022	-14.083	-69.4
22.61	-9.986	-14.094	-91.6
22.62	-9.947	-14.284	-52.6
22.63	-9.911	-14.449	204.6
22.64	-9.876	-14.376	569.9
22.65	-9.841	-14.199	594.9
22.66	-9.803	-14.239	279.2
22.67	-9.767	-14.537	57.6
22.68	-9.733	-14.946	2.1
22.69	-9.699	-15.333	-16.7
22.7	-9.665	-15.480	-30.5
22.71	-9.628	-15.313	-41.9
22.72	-9.591	-15.045	-47.8
22.73	-9.554	-14.817	-36.4
22.74	-9.520	-14.566	-23.5
22.75	-9.489	-14.094	-20.1
22.76	-9.457	-12.763	-6.3
22.77	-9.426	-9.509	12.3
22.78	-9.395	-3.293	31.2
22.79	-9.365	6.114	45.1
22.8	-9.336	15.274	68.6
22.81	-9.309	19.711	98.8
22.82	-9.283	20.439	113.5
22.83	-9.260	20.453	148.6
22.84	-9.237	20.456	190.1
22.85	-9.214	20.453	202.8
22.86	-9.191	20.416	213.6
22.87	-9.168	19.396	210.8
22.88	-9.146	14.443	167.8
22.89	-9.126	4.856	101.7
22.9	-9.106	-5.741	39.3
22.91	-9.087	-14.171	-13.9
22.92	-9.068	-18.914	-64.5
22.93	-9.047	-20.325	-98.9
22.94	-9.029	-20.453	-117.6
22.95	-9.014	-20.456	-127.9
22.96	-8.999	-20.456	-133.2
22.97	-8.982	-20.456	-131.3
22.98	-8.964	-20.456	-121.1
22.99	-8.949	-20.456	-112.2
23.0	-8.936	-20.456	-102.5
23.01	-8.922	-20.456	-109.7
23.02	-8.908	-20.456	-127.0
23.03	-8.894	-20.456	-123.2
23.04	-8.879	-20.456	-112.4
23.05	-8.864	-20.456	-98.1
23.06	-8.848	-20.456	-87.8
23.07	-8.834	-20.446	-89.1
23.08	-8.820	-20.187	-83.4
23.09	-8.807	-18.956	-83.9
23.1	-8.794	-16.651	-93.1
23.11	-8.783	-14.258	-89.1
23.12	-8.772	-12.581	-84.0
23.13	-8.763	-11.826	-84.1
23.14	-8.753	-11.804	-85.9
23.15	-8.744	-12.162	-85.5
23.16	-8.734	-12.814	-75.9
23.17	-8.726	-13.919	-79.5
23.18	-8.719	-15.431	-97.4
23.19	-8.711	-16.990	-87.8
23.2	-8.703	-18.361	-68.7
23.21	-8.696	-19.473	-77.8
23.22	-8.690	-20.169	-84.8
23.23	-8.684	-20.421	-73.0
23.24	-8.678	-20.456	-63.1
23.25	-8.672	-20.456	-70.5
23.26	-8.667	-20.456	-75.0
23.27	-8.662	-20.444	-71.3
23.28	-8.658	-20.311	-75.7
23.29	-8.654	-19.916	-70.7
23.3	-8.651	-19.369	-59.8
23.31	-8.648	-18.888	-60.2
23.32	-8.644	-18.514	-57.7
23.33	-8.641	-18.100	-50.9
23.34	-8.638	-17.539	-47.0
23.35	-8.636	-16.971	-53.3
23.36	-8.634	-16.529	-43.9
23.37	-8.634	-16.114	-18.8
23.38	-8.633	-15.639	-4.4
23.39	-8.633	-15.244	-5.3
23.4	-8.633	-15.086	-20.4
23.41	-8.633	-15.065	-34.8
23.42	-8.633	-14.978	-40.6
23.43	-8.634	-14.803	-38.4
23.44	-8.636	-14.639	-45.8
23.45	-8.638	-14.538	-53.2
23.46	-8.643	-14.500	-59.3
23.47	-8.649	-14.541	-58.6
23.48	-8.658	-14.649	-49.6
23.49	-8.667	-14.728	-76.8
23.5	-8.676	-14.711	-69.8
23.51	-8.688	-14.634	183.6
23.52	-8.706	-14.518	618.4
23.53	-8.726	-14.372	743.9
23.54	-8.750	-14.354	445.9
23.55	-8.777	-14.607	153.0
23.56	-8.809	-14.968	31.3
23.57	-8.840	-15.178	-9.8
23.58	-8.867	-15.146	-20.7
23.59	-8.888	-14.909	-39.8
23.6	-8.908	-14.537	-60.1
23.61	-8.928	-14.191	-48.8
23.62	-8.953	-13.925	-20.4
23.63	-8.978	-13.339	-10.9
23.64	-9.003	-11.689	-7.9
23.65	-9.029	-8.016	-0.9
23.66	-9.054	-1.141	10.8
23.67	-9.078	8.631	30.9
23.68	-9.104	16.860	52.2
23.69	-9.131	20.078	72.3
23.7	-9.160	20.447	106.8
23.71	-9.189	20.456	142.6
23.72	-9.218	20.456	168.0
23.73	-9.248	20.452	186.4
23.74	-9.278	20.374	188.2
23.75	-9.309	18.807	188.9
23.76	-9.341	12.668	163.9
23.77	-9.373	2.275	107.8
23.78	-9.405	-8.274	45.1
23.79	-9.436	-15.963	-20.0
23.8	-9.467	-19.620	-65.8
23.81	-9.498	-20.420	-94.8
23.82	-9.526	-20.454	-119.3
23.83	-9.555	-20.456	-130.1
23.84	-9.585	-20.456	-129.3
23.85	-9.613	-20.451	-127.3
23.86	-9.639	-20.374	-137.8
23.87	-9.664	-20.224	-144.3
23.88	-9.689	-20.233	-129.2
23.89	-9.716	-20.384	-113.7
23.9	-9.742	-20.452	-112.4
23.91	-9.766	-20.456	-117.2
23.92	-9.791	-20.456	-109.3
23.93	-9.814	-20.456	-108.6
23.94	-9.837	-20.456	-113.6
23.95	-9.859	-20.454	-99.3
23.96	-9.883	-20.421	-88.1
23.97	-9.906	-19.954	-96.3
23.98	-9.931	-18.499	-106.2
23.99	-9.957	-16.341	-104.8
24.0	-9.984	-14.260	-101.6
24.01	-10.010	-12.873	-105.7
24.02	-10.036	-12.374	-111.5
24.03	-10.061	-12.458	-102.0
24.04	-10.087	-12.928	-86.7
24.05	-10.111	-13.686	-80.6
24.06	-10.134	-14.589	-82.1
24.07	-10.156	-15.682	-84.4
24.08	-10.179	-16.986	-85.0
24.09	-10.202	-18.224	-88.5
24.1	-10.226	-19.164	-87.0
24.11	-10.249	-19.837	-83.3
24.12	-10.273	-20.264	-89.0
24.13	-10.296	-20.423	-85.3
24.14	-10.318	-20.380	-72.5
24.15	-10.339	-20.219	-71.9
24.16	-10.359	-19.988	-68.4
24.17	-10.379	-19.661	-62.5
24.18	-10.401	-19.288	-70.5
24.19	-10.422	-18.959	-68.8
24.2	-10.443	-18.567	-64.1
24.21	-10.464	-18.008	-68.4
24.22	-10.486	-17.423	-63.3
24.23	-10.507	-16.906	-61.4
24.24	-10.528	-16.345	-61.2
24.25	-10.547	-15.829	-50.5
24.26	-10.568	-15.527	-49.6
24.27	-10.590	-15.306	-56.4
24.28	-10.612	-15.044	-47.2
24.29	-10.633	-14.740	-22.1
24.3	-10.651	-14.396	-0.5
24.31	-10.669	-14.211	-2.1
24.32	-10.684	-14.312	-26.9
24.33	-10.699	-14.439	-44.6
24.34	-10.714	-14.458	-50.8
24.35	-10.727	-14.482	-51.4
24.36	-10.739	-14.450	-45.4
24.37	-10.751	-14.373	-49.0
24.38	-10.762	-14.440	-47.5
24.39	-10.773	-14.544	-47.0
24.4	-10.784	-14.457	-58.1
24.41	-10.793	-14.317	-78.1
24.42	-10.799	-14.281	-39.6
24.43	-10.804	-14.167	241.9
24.44	-10.809	-13.881	602.4
24.45	-10.813	-13.666	585.3
24.46	-10.811	-13.726	279.2
24.47	-10.806	-13.961	77.2
24.48	-10.798	-14.154	14.7
24.49	-10.782	-14.161	-14.6
24.5	-10.756	-13.995	-36.1
24.51	-10.721	-13.762	-43.7
24.52	-10.684	-13.546	-41.6
24.53	-10.651	-13.467	-24.0
24.54	-10.623	-13.483	-12.8
24.55	-10.598	-13.124	-13.7
24.56	-10.573	-11.698	3.1
24.57	-10.548	-8.392	18.7
24.58	-10.523	-2.139	23.1
24.59	-10.494	7.218	38.8
24.6	-10.463	15.929	62.0
24.61	-10.430	19.872	89.8
24.62	-10.396	20.446	118.5
24.63	-10.363	20.454	155.5
24.64	-10.331	20.456	189.4
24.65	-10.299	20.451	192.6
24.66	-10.265	20.372	194.1
24.67	-10.231	18.746	194.5
24.68	-10.196	12.400	173.2
24.69	-10.162	1.819	129.4
24.7	-10.129	-8.613	54.3
24.71	-10.096	-16.053	-21.0
24.72	-10.064	-19.616	-67.5
24.73	-10.031	-20.418	-96.4
24.74	-9.998	-20.454	-113.7
24.75	-9.969	-20.456	-119.7
24.76	-9.941	-20.456	-120.3
24.77	-9.909	-20.455	-117.0
24.78	-9.874	-20.436	-114.8
24.79	-9.841	-20.406	-120.8
24.8	-9.809	-20.414	-125.3
24.81	-9.779	-20.446	-117.3
24.82	-9.748	-20.456	-94.7
24.83	-9.716	-20.456	-82.7
24.84	-9.683	-20.456	-104.7
24.85	-9.649	-20.456	-118.9
24.86	-9.618	-20.456	-103.0
24.87	-9.588	-20.446	-85.1
24.88	-9.557	-20.188	-82.8
24.89	-9.527	-18.943	-83.8
24.9	-9.498	-16.557	-85.2
24.91	-9.472	-14.051	-86.8
24.92	-9.446	-12.256	-83.3
24.93	-9.420	-11.267	-81.6
24.94	-9.395	-11.016	-79.1
24.95	-9.370	-11.426	-80.0
24.96	-9.345	-12.373	-85.2
24.97	-9.320	-13.634	-74.2
24.98	-9.294	-14.979	-65.7
24.99	-9.269	-16.349	-71.1
25.0	-9.244	-17.653	-71.4
25.01	-9.218	-18.723	-69.3
25.02	-9.194	-19.555	-69.1
25.03	-9.172	-20.152	-76.9
25.04	-9.150	-20.416	-76.5
25.05	-9.129	-20.456	-69.2
25.06	-9.108	-20.455	-67.3
25.07	-9.089	-20.413	-61.0
25.08	-9.069	-20.181	-62.4
25.09	-9.050	-19.689	-63.1
25.1	-9.031	-19.166	-50.8
25.11	-9.012	-18.744	-50.9
25.12	-8.994	-18.301	-59.3
25.13	-8.977	-17.800	-62.4
25.14	-8.959	-17.319	-61.7
25.15	-8.942	-16.904	-51.3
25.16	-8.926	-16.546	-39.4
25.17	-8.911	-16.163	-26.0
25.18	-8.896	-15.699	-10.5
25.19	-8.883	-15.232	-3.8
25.2	-8.869	-14.868	-12.6
25.21	-8.857	-14.669	-38.8
25.22	-8.846	-14.629	-57.7
25.23	-8.835	-14.645	-57.0
25.24	-8.824	-14.663	-53.2
25.25	-8.814	-14.657	-53.6
25.26	-8.803	-14.619	-62.4
25.27	-8.794	-14.631	-64.6
25.28	-8.786	-14.668	-64.3
25.29	-8.777	-14.603	-87.0
25.3	-8.768	-14.556	-67.3
25.31	-8.760	-14.643	166.5
25.32	-8.754	-14.688	583.9
25.33	-8.749	-14.604	732.8
25.34	-8.744	-14.571	439.4
25.35	-8.738	-14.657	126.3
25.36	-8.734	-14.794	16.0
25.37	-8.731	-14.929	-4.6
25.38	-8.725	-14.854	-20.3
25.39	-8.716	-14.498	-35.2
25.4	-8.706	-14.228	-42.7
25.41	-8.694	-14.180	-44.3
25.42	-8.684	-13.988	-35.1
25.43	-8.673	-13.424	-19.9
25.44	-8.663	-12.266	-10.4
25.45	-8.652	-9.654	-7.4
25.46	-8.640	-4.354	15.2
25.47	-8.629	4.312	50.4
25.48	-8.617	13.770	73.6
25.49	-8.607	19.198	86.7
25.5	-8.598	20.406	100.8
25.51	-8.590	20.453	126.2
25.52	-8.584	20.456	160.3
25.53	-8.579	20.453	184.6
25.54	-8.575	20.411	198.7
25.55	-8.571	19.278	205.2
25.56	-8.569	13.954	197.7
25.57	-8.568	3.891	155.7
25.58	-8.567	-6.956	68.3
25.59	-8.566	-15.188	-13.3
25.6	-8.565	-19.380	-73.5
25.61	-8.563	-20.401	-110.5
25.62	-8.561	-20.454	-118.1
25.63	-8.563	-20.456	-130.8
25.64	-8.566	-20.456	-128.1
25.65	-8.566	-20.456	-109.5
25.66	-8.566	-20.456	-115.0
25.67	-8.568	-20.456	-130.0
25.68	-8.572	-20.456	-131.2
25.69	-8.578	-20.456	-127.4
25.7	-8.583	-20.456	-124.5
25.71	-8.588	-20.456	-108.2
25.72	-8.592	-20.456	-104.0
25.73	-8.598	-20.456	-109.4
25.74	-8.605	-20.456	-95.6
25.75	-8.614	-20.454	-91.1
25.76	-8.624	-20.399	-98.6
25.77	-8.635	-19.831	-99.1
25.78	-8.648	-18.222	-96.1
25.79	-8.664	-16.085	-84.8
25.8	-8.683	-14.317	-82.3
25.81	-8.705	-13.178	-85.3
25.82	-8.729	-12.616	-82.5
25.83	-8.756	-12.501	-87.6
25.84	-8.783	-12.797	-91.8
25.85	-8.811	-13.533	-89.8
25.86	-8.837	-14.583	-85.1
25.87	-8.863	-15.808	-78.7
25.88	-8.888	-17.186	-76.0
25.89	-8.913	-18.530	-76.6
25.9	-8.939	-19.497	-72.4
25.91	-8.967	-20.028	-70.4
25.92	-8.996	-20.275	-67.4
25.93	-9.024	-20.253	-66.5
25.94	-9.053	-20.016	-71.8
25.95	-9.080	-19.880	-74.7
25.96	-9.107	-19.916	-71.2
25.97	-9.134	-19.744	-67.3
25.98	-9.160	-19.240	-67.1
25.99	-9.186	-18.684	-60.5
26.0	-9.213	-18.111	-64.6
26.01	-9.238	-17.366	-66.9
26.02	-9.263	-16.716	-56.9
26.03	-9.289	-16.427	-54.6
26.04	-9.315	-16.189	-49.3
26.05	-9.341	-15.789	-54.6
26.06	-9.367	-15.411	-68.2
26.07	-9.394	-15.049	-67.0
26.08	-9.420	-14.596	-58.3
26.09	-9.446	-14.213	-38.8
26.1	-9.472	-14.066	-15.9
26.11	-9.498	-14.071	-7.1
26.12	-9.524	-14.126	-10.8
26.13	-9.549	-14.237	-29.3
26.14	-9.573	-14.321	-50.4
26.15	-9.597	-14.263	-57.6
26.16	-9.622	-14.150	-56.6
26.17	-9.648	-14.151	-58.0
26.18	-9.673	-14.190	-57.8
26.19	-9.698	-14.146	-57.0
26.2	-9.724	-14.125	-57.5
26.21	-9.750	-14.184	-75.6
26.22	-9.775	-14.181	-89.9
26.23	-9.799	-14.048	29.8
26.24	-9.826	-13.859	384.5
26.25	-9.853	-13.609	703.4
26.26	-9.881	-13.337	579.6
26.27	-9.910	-13.263	239.1
26.28	-9.938	-13.412	57.7
26.29	-9.965	-13.581	1.8
26.3	-9.989	-13.711	-14.0
26.31	-10.009	-13.801	-30.4
26.32	-10.024	-13.688	-55.1
26.33	-10.039	-13.341	-70.5
26.34	-10.056	-13.019	-58.5
26.35	-10.075	-12.799	-29.3
26.36	-10.094	-12.305	-9.8
26.37	-10.114	-10.806	4.5
26.38	-10.135	-7.136	13.6
26.39	-10.156	-0.108	25.5
26.4	-10.176	9.498	42.0
26.41	-10.198	17.219	56.7
26.42	-10.221	20.125	83.5
26.43	-10.245	20.448	116.6
26.44	-10.270	20.456	137.2
26.45	-10.294	20.454	151.9
26.46	-10.319	20.448	179.7
26.47	-10.342	19.974	201.8
26.48	-10.367	16.463	193.3
26.49	-10.391	7.914	150.5
26.5	-10.413	-2.954	91.3
26.51	-10.434	-12.370	29.3
26.52	-10.457	-18.204	-37.2
26.53	-10.481	-20.217	-85.8
26.54	-10.504	-20.453	-114.8
26.55	-10.528	-20.456	-129.3
26.56	-10.555	-20.456	-139.0
26.57	-10.582	-20.456	-145.5
26.58	-10.605	-20.453	-139.0
26.59	-10.627	-20.394	-138.7
26.6	-10.649	-20.273	-133.3
26.61	-10.672	-20.274	-122.3
26.62	-10.693	-20.396	-125.5
26.63	-10.711	-20.453	-119.9
26.64	-10.731	-20.456	-116.1
26.65	-10.751	-20.456	-124.3
26.66	-10.770	-20.456	-116.8
26.67	-10.788	-20.455	-103.3
26.68	-10.805	-20.433	-101.3
26.69	-10.821	-20.047	-100.9
26.7	-10.837	-18.663	-94.2
26.71	-10.851	-16.469	-102.7
26.72	-10.865	-14.315	-115.4
26.73	-10.879	-12.689	-104.8
26.74	-10.891	-11.818	-100.4
26.75	-10.901	-11.641	-107.4
26.76	-10.907	-11.884	-106.9
26.77	-10.911	-12.413	-92.7
26.78	-10.911	-13.208	-78.1
26.79	-10.908	-14.179	-79.5
26.8	-10.903	-15.238	-85.6
26.81	-10.893	-16.384	-87.1
26.82	-10.878	-17.509	-93.8
26.83	-10.858	-18.363	-92.9
26.84	-10.831	-18.844	-77.7
26.85	-10.797	-19.038	-85.8
26.86	-10.759	-18.954	-94.6
26.87	-10.717	-18.704	-83.3
26.88	-10.674	-18.654	-69.8
26.89	-10.633	-18.791	-58.3
26.9	-10.591	-18.634	-57.4
26.91	-10.551	-18.084	-55.5
26.92	-10.512	-17.479	-65.1
26.93	-10.473	-17.033	-78.0
26.94	-10.433	-16.681	-76.7
26.95	-10.391	-16.317	-74.6
26.96	-10.350	-15.929	-57.3
26.97	-10.308	-15.506	-35.0
26.98	-10.266	-15.094	-26.4
26.99	-10.224	-14.748	-20.0
27.0	-10.183	-14.341	-8.8
27.01	-10.141	-13.949	-15.9
27.02	-10.100	-13.906	-48.5
27.03	-10.059	-14.118	-69.8
27.04	-10.019	-14.245	-69.3
27.05	-9.979	-14.289	-57.8
27.06	-9.940	-14.384	-54.7
27.07	-9.902	-14.424	-58.4
27.08	-9.867	-14.212	-46.8
27.09	-9.830	-13.885	-62.4
27.1	-9.792	-13.781	-88.8
27.11	-9.753	-13.829	28.9
27.12	-9.717	-13.878	382.1
27.13	-9.685	-14.034	670.4
27.14	-9.653	-14.189	514.1
27.15	-9.619	-14.185	187.9
27.16	-9.587	-14.174	40.7
27.17	-9.557	-14.251	-7.6
27.18	-9.527	-14.300	-25.3
27.19	-9.495	-14.300	-25.6
27.2	-9.461	-14.342	-26.3
27.21	-9.426	-14.400	-35.4
27.22	-9.392	-14.332	-36.7
27.23	-9.360	-14.115	-16.5
27.24	-9.331	-13.659	-6.2
27.25	-9.301	-12.323	3.6
27.26	-9.273	-9.106	19.5
27.27	-9.244	-3.145	29.2
27.28	-9.218	5.735	58.1
27.29	-9.193	14.683	88.5
27.3	-9.169	19.449	108.9
27.31	-9.148	20.419	136.4
27.32	-9.127	20.453	163.8
27.33	-9.107	20.456	197.3
27.34	-9.088	20.447	214.1
27.35	-9.069	20.223	215.1
27.36	-9.051	17.743	207.4
27.37	-9.034	10.278	154.8
27.38	-9.019	-0.464	93.0
27.39	-9.003	-10.433	36.7
27.4	-8.988	-17.198	-34.3
27.41	-8.973	-19.984	-83.0
27.42	-8.957	-20.442	-108.0
27.43	-8.946	-20.455	-125.8
27.44	-8.935	-20.456	-123.0
27.45	-8.922	-20.456	-122.6
27.46	-8.909	-20.456	-133.5
27.47	-8.896	-20.456	-126.3
27.48	-8.886	-20.456	-122.9
27.49	-8.876	-20.456	-127.4
27.5	-8.866	-20.456	-129.2
27.51	-8.855	-20.456	-127.1
27.52	-8.844	-20.456	-116.3
27.53	-8.834	-20.456	-109.7
27.54	-8.824	-20.456	-105.6
27.55	-8.815	-20.454	-100.6
27.56	-8.806	-20.393	-96.9
27.57	-8.797	-19.813	-88.6
27.58	-8.789	-18.208	-87.3
27.59	-8.782	-15.996	-98.1
27.6	-8.776	-13.926	-99.1
27.61	-8.769	-12.396	-101.8
27.62	-8.764	-11.683	-95.7
27.63	-8.759	-11.684	-67.3
27.64	-8.754	-12.134	-59.3
27.65	-8.750	-13.058	-74.2
27.66	-8.745	-14.347	-85.8
27.67	-8.740	-15.548	-83.9
27.68	-8.736	-16.504	-74.1
27.69	-8.732	-17.459	-71.2
27.7	-8.729	-18.473	-77.5
27.71	-8.727	-19.287	-79.0
27.72	-8.724	-19.706	-61.9
27.73	-8.721	-19.913	-48.8
27.74	-8.717	-20.036	-53.2
27.75	-8.713	-19.862	-65.0
27.76	-8.710	-19.374	-66.5
27.77	-8.707	-18.811	-53.9
27.78	-8.706	-18.253	-49.3
27.79	-8.704	-17.652	-63.6
27.8	-8.703	-17.110	-62.9
27.81	-8.701	-16.836	-47.0
27.82	-8.699	-16.786	-44.3
27.83	-8.698	-16.602	-48.4
27.84	-8.696	-16.140	-56.0
27.85	-8.695	-15.591	-48.4
27.86	-8.694	-15.071	-38.9
27.87	-8.692	-14.606	-26.3
27.88	-8.691	-14.291	-2.9
27.89	-8.691	-14.169	3.3
27.9	-8.690	-14.159	-0.7
27.91	-8.689	-14.164	-20.8
27.92	-8.688	-14.078	-40.9
27.93	-8.688	-13.818	-48.2
27.94	-8.689	-13.538	-60.0
27.95	-8.691	-13.486	-53.0
27.96	-8.694	-13.580	-43.7
27.97	-8.697	-13.608	-49.1
27.98	-8.701	-13.665	-42.2
27.99	-8.704	-13.776	-59.4
28.0	-8.706	-13.729	-65.6
28.01	-8.709	-13.541	164.4
28.02	-8.716	-13.404	597.3
28.03	-8.725	-13.298	749.4
28.04	-8.737	-13.165	463.2
28.05	-8.754	-13.229	150.5
28.06	-8.774	-13.574	29.3
28.07	-8.793	-13.868	1.6
28.08	-8.806	-13.889	-13.3
28.09	-8.813	-13.723	-35.9
28.1	-8.816	-13.502	-55.2
28.11	-8.819	-13.307	-51.4
28.12	-8.823	-13.136	-27.5
28.13	-8.832	-12.804	-10.8
28.14	-8.844	-11.818	2.4
28.15	-8.857	-9.239	21.5
28.16	-8.872	-3.921	34.0
28.17	-8.889	4.677	44.8
28.18	-8.909	13.943	74.9
28.19	-8.932	19.231	98.4
28.2	-8.959	20.407	101.3
28.21	-8.989	20.453	120.5
28.22	-9.023	20.456	147.2
28.23	-9.062	20.451	173.9
28.24	-9.103	20.363	202.3
28.25	-9.145	18.661	205.1
28.26	-9.185	12.244	184.3
28.27	-9.223	1.663	137.5
28.28	-9.257	-8.861	66.3
28.29	-9.289	-16.344	-5.7
28.3	-9.318	-19.746	-61.8
28.31	-9.346	-20.429	-93.6
28.32	-9.374	-20.455	-118.1
28.33	-9.404	-20.456	-132.1
28.34	-9.435	-20.456	-139.5
28.35	-9.463	-20.456	-130.2
28.36	-9.489	-20.444	-115.3
28.37	-9.516	-20.379	-127.5
28.38	-9.545	-20.327	-134.5
28.39	-9.574	-20.383	-122.7
28.4	-9.604	-20.446	-111.3
28.41	-9.631	-20.456	-111.8
28.42	-9.656	-20.456	-115.8
28.43	-9.681	-20.456	-111.1
28.44	-9.707	-20.456	-104.3
28.45	-9.734	-20.454	-112.6
28.46	-9.762	-20.374	-118.2
28.47	-9.791	-19.742	-105.0
28.48	-9.821	-18.199	-97.5
28.49	-9.852	-16.265	-104.1
28.5	-9.884	-14.514	-101.0
28.51	-9.918	-13.158	-85.7
28.52	-9.951	-12.468	-94.6
28.53	-9.984	-12.522	-113.9
28.54	-10.016	-13.048	-107.3
28.55	-10.048	-13.771	-92.8
28.56	-10.081	-14.578	-93.3
28.57	-10.114	-15.458	-93.4
28.58	-10.148	-16.426	-87.1
28.59	-10.179	-17.304	-91.6
28.6	-10.208	-17.908	-95.9
28.61	-10.238	-18.376	-94.2
28.62	-10.267	-18.828	-85.1
28.63	-10.296	-19.110	-79.9
28.64	-10.324	-19.167	-85.4
28.65	-10.353	-19.093	-81.9
28.66	-10.380	-18.812	-78.7
28.67	-10.408	-18.269	-82.0
28.68	-10.434	-17.650	-78.0
28.69	-10.458	-17.036	-83.1
28.7	-10.481	-16.368	-90.7
28.71	-10.504	-15.744	-83.8
28.72	-10.529	-15.268	-78.7
28.73	-10.552	-14.885	-74.0
28.74	-10.574	-14.549	-77.3
28.75	-10.598	-14.209	-78.2
28.76	-10.624	-13.872	-61.5
28.77	-10.648	-13.637	-48.2
28.78	-10.670	-13.549	-36.3
28.79	-10.691	-13.581	-28.9
28.8	-10.711	-13.607	-21.8
28.81	-10.729	-13.542	-27.2
28.82	-10.748	-13.528	-43.6
28.83	-10.767	-13.624	-48.3
28.84	-10.785	-13.665	-58.6
28.85	-10.803	-13.656	-67.9
28.86	-10.820	-13.708	-64.7
28.87	-10.836	-13.771	-63.2
28.88	-10.850	-13.818	-70.5
28.89	-10.864	-13.865	-72.8
28.9	-10.876	-13.816	-82.0
28.91	-10.884	-13.656	-65.2
28.92	-10.891	-13.534	166.0
28.93	-10.902	-13.458	554.5
28.94	-10.913	-13.407	627.4
28.95	-10.919	-13.483	323.6
28.96	-10.922	-13.653	73.3
28.97	-10.922	-13.809	3.1
28.98	-10.920	-13.898	-15.7
28.99	-10.909	-13.738	-36.0
29.0	-10.888	-13.484	-53.2
29.01	-10.861	-13.439	-53.4
29.02	-10.833	-13.433	-41.9
29.03	-10.808	-13.406	-24.3
29.04	-10.787	-13.293	-10.0
29.05	-10.768	-12.606	-4.3
29.06	-10.750	-10.614	3.3
29.07	-10.732	-6.314	10.4
29.08	-10.713	1.094	31.0
29.09	-10.692	10.493	66.8
29.1	-10.668	17.641	87.8
29.11	-10.640	20.189	102.6
29.12	-10.610	20.448	138.9
29.13	-10.579	20.456	173.8
29.14	-10.549	20.453	180.2
29.15	-10.517	20.418	196.4
29.16	-10.483	19.416	212.0
29.17	-10.448	14.451	178.4
29.18	-10.412	4.775	121.0
29.19	-10.374	-5.872	66.8
29.2	-10.335	-14.299	5.5
29.21	-10.295	-19.008	-54.8
29.22	-10.253	-20.350	-86.6
29.23	-10.211	-20.452	-102.1
29.24	-10.174	-20.456	-121.7
29.25	-10.139	-20.456	-129.5
29.26	-10.101	-20.456	-125.5
29.27	-10.059	-20.456	-124.1
29.28	-10.018	-20.456	-122.3
29.29	-9.980	-20.456	-122.9
29.3	-9.944	-20.456	-124.5
29.31	-9.906	-20.456	-115.9
29.32	-9.867	-20.456	-107.3
29.33	-9.828	-20.456	-98.4
29.34	-9.789	-20.456	-94.7
29.35	-9.754	-20.455	-103.8
29.36	-9.720	-20.404	-108.1
29.37	-9.689	-19.894	-103.0
29.38	-9.659	-18.391	-96.8
29.39	-9.630	-16.178	-93.3
29.4	-9.604	-13.973	-89.6
29.41	-9.579	-12.184	-86.8
29.42	-9.554	-11.038	-88.3
29.43	-9.531	-10.683	-93.4
29.44	-9.507	-11.029	-83.3
29.45	-9.483	-11.824	-72.3
29.46	-9.459	-12.914	-85.5
29.47	-9.436	-14.159	-83.2
29.48	-9.412	-15.387	-70.3
29.49	-9.389	-16.579	-83.4
29.5	-9.367	-17.707	-94.8
29.51	-9.346	-18.553	-85.3
29.52	-9.324	-19.048	-74.6
29.53	-9.301	-19.413	-70.8
29.54	-9.280	-19.716	-67.6
29.55	-9.259	-19.707	-67.1
29.56	-9.239	-19.346	-63.8
29.57	-9.221	-18.853	-55.6
29.58	-9.203	-18.308	-60.8
29.59	-9.185	-17.774	-71.3
29.6	-9.168	-17.389	-64.2
29.61	-9.151	-17.088	-50.0
29.62	-9.133	-16.701	-33.3
29.63	-9.117	-16.219	-23.0
29.64	-9.099	-15.733	-20.3
29.65	-9.082	-15.311	-21.6
29.66	-9.066	-14.927	-37.6
29.67	-9.049	-14.563	-42.7
29.68	-9.034	-14.267	-47.6
29.69	-9.019	-14.074	-62.0
29.7	-9.004	-14.012	-66.6
29.71	-8.991	-14.006	-59.6
29.72	-8.978	-13.908	-49.8
29.73	-8.965	-13.714	-59.5
29.74	-8.951	-13.556	-84.5
29.75	-8.935	-13.557	-59.0
29.76	-8.921	-13.610	180.0
29.77	-8.909	-13.461	583.6
29.78	-8.900	-13.229	692.1
29.79	-8.888	-13.259	397.3
29.8	-8.877	-13.567	123.7
29.81	-8.867	-13.954	24.1
29.82	-8.859	-14.169	-10.3
29.83	-8.849	-14.083	-30.5
29.84	-8.836	-13.924	-37.6
29.85	-8.822	-13.863	-31.3
29.86	-8.808	-13.707	-38.3
29.87	-8.795	-13.476	-35.6
29.88	-8.783	-13.274	-15.6
29.89	-8.770	-12.529	-5.9
29.9	-8.756	-10.257	7.9
29.91	-8.742	-5.678	26.8
29.92	-8.727	1.790	42.9
29.93	-8.713	11.094	67.7
29.94	-8.700	17.965	86.1
29.95	-8.689	20.251	103.2
29.96	-8.679	20.447	131.8
29.97	-8.671	20.456	162.0
29.98	-8.664	20.454	188.8
29.99	-8.659	20.411	195.6
30.0	-8.654	19.324	204.0
30.01	-8.649	14.273	200.9
30.02	-8.645	4.646	142.6
30.03	-8.643	-5.925	62.5
30.04	-8.640	-14.257	-8.2
30.05	-8.638	-18.918	-66.8
30.06	-8.634	-20.321	-102.5
30.07	-8.633	-20.453	-118.6
30.08	-8.635	-20.456	-133.6
30.09	-8.640	-20.456	-132.5
