Interval=	0.01 s
ExcelDateTime=	3.9778660480169507e+004	26/11/2008 15:51:05.486645
TimeFormat=	StartOfBlock
ChannelTitle=	Channel 1	Channel 2	Channel 3
Range=	20.000 mV	20.000 mV	1000.0 µV
0.0	-9.532	-17.104	-11.2
0.01	-9.551	-16.498	-62.2
0.02	-9.569	-15.419	-106.8
0.03	-9.589	-14.265	-108.8
0.04	-9.607	-13.383	-95.2
0.05	-9.625	-12.748	-88.3
0.06	-9.643	-12.210	-96.6
0.07	-9.660	-11.790	-102.7
0.08	-9.677	-11.561	-87.1
0.09	-9.693	-11.583	-75.1
0.1	-9.708	-11.856	-91.2
0.11	-9.721	-12.253	-109.4
0.12	-9.734	-12.632	-103.2
0.13	-9.746	-12.983	-86.0
0.14	-9.760	-13.349	-79.7
0.15	-9.774	-13.688	-74.3
0.16	-9.787	-13.908	-56.9
0.17	-9.800	-13.978	-61.9
0.18	-9.813	-13.934	-81.8
0.19	-9.824	-13.853	-78.2
0.2	-9.837	-13.803	-83.1
0.21	-9.849	-13.796	-85.3
0.22	-9.861	-13.764	-61.9
0.23	-9.874	-13.646	-49.5
0.24	-9.885	-13.467	-45.9
0.25	-9.896	-13.323	-50.5
0.26	-9.907	-13.277	-52.9
0.27	-9.919	-13.294	-33.5
0.28	-9.931	-13.296	-25.1
0.29	-9.943	-13.202	-21.0
0.3	-9.953	-13.013	-32.4
0.31	-9.963	-12.817	-61.2
0.32	-9.973	-12.672	-55.5
0.33	-9.983	-12.573	-50.4
0.34	-9.993	-12.513	-63.5
0.35	-10.003	-12.520	-75.8
0.36	-10.011	-12.560	-84.0
0.37	-10.018	-12.559	-87.7
0.38	-10.024	-12.510	-70.6
0.39	-10.032	-12.459	129.2
0.4	-10.040	-12.396	497.2
0.41	-10.049	-12.282	605.8
0.42	-10.059	-12.178	331.0
0.43	-10.068	-12.196	70.6
0.44	-10.076	-12.324	-1.6
0.45	-10.082	-12.441	-5.8
0.46	-10.086	-12.466	-16.6
0.47	-10.088	-12.414	-29.3
0.48	-10.093	-12.371	-32.0
0.49	-10.102	-12.401	-27.7
0.5	-10.113	-12.428	-28.1
0.51	-10.124	-12.228	-30.2
0.52	-10.135	-11.474	-17.9
0.53	-10.147	-9.803	13.3
0.54	-10.159	-6.895	47.3
0.55	-10.171	-2.573	53.1
0.56	-10.184	2.995	62.3
0.57	-10.195	9.084	92.8
0.58	-10.204	14.446	108.7
0.59	-10.213	17.787	132.2
0.6	-10.223	18.069	157.3
0.61	-10.234	14.658	168.5
0.62	-10.244	7.959	181.4
0.63	-10.255	-0.569	173.9
0.64	-10.266	-9.189	142.8
0.65	-10.278	-16.024	92.4
0.66	-10.288	-19.551	28.0
0.67	-10.297	-20.409	-29.4
0.68	-10.305	-20.454	-65.6
0.69	-10.313	-20.456	-76.0
0.7	-10.323	-20.413	-93.2
0.71	-10.333	-20.012	-122.3
0.72	-10.342	-18.892	-118.3
0.73	-10.349	-17.438	-97.3
0.74	-10.354	-16.417	-95.1
0.75	-10.357	-16.234	-92.7
0.76	-10.361	-16.739	-78.3
0.77	-10.365	-17.523	-85.6
0.78	-10.367	-18.244	-104.3
0.79	-10.368	-18.446	-101.3
0.8	-10.370	-17.964	-87.0
0.81	-10.374	-17.040	-85.6
0.82	-10.377	-15.959	-84.5
0.83	-10.381	-14.870	-82.4
0.84	-10.383	-13.774	-82.5
0.85	-10.383	-12.749	-71.6
0.86	-10.383	-11.939	-62.4
0.87	-10.381	-11.415	-63.5
0.88	-10.377	-11.111	-74.0
0.89	-10.371	-10.935	-72.1
0.9	-10.362	-10.922	-62.3
0.91	-10.351	-11.142	-72.1
0.92	-10.338	-11.546	-89.3
0.93	-10.321	-12.077	-72.5
0.94	-10.304	-12.682	-47.5
0.95	-10.284	-13.227	-49.5
0.96	-10.263	-13.601	-44.9
0.97	-10.239	-13.794	-52.0
0.98	-10.214	-13.845	-68.4
0.99	-10.186	-13.825	-65.4
1.0	-10.159	-13.786	-53.0
1.01	-10.133	-13.735	-43.2
1.02	-10.110	-13.684	-22.6
1.03	-10.087	-13.648	13.8
1.04	-10.064	-13.584	10.6
1.05	-10.041	-13.430	-28.2
1.06	-10.016	-13.223	-55.7
1.07	-9.992	-13.050	-67.0
1.08	-9.968	-12.952	-65.4
1.09	-9.945	-12.913	-53.4
1.1	-9.922	-12.871	-50.6
1.11	-9.900	-12.776	-54.9
1.12	-9.879	-12.618	-50.7
1.13	-9.858	-12.443	-73.6
1.14	-9.836	-12.314	-59.7
1.15	-9.814	-12.240	193.2
1.16	-9.792	-12.196	539.6
1.17	-9.771	-12.169	523.9
1.18	-9.751	-12.195	233.6
1.19	-9.730	-12.294	56.1
1.2	-9.709	-12.380	13.5
1.21	-9.686	-12.381	-6.8
1.22	-9.661	-12.341	-24.0
1.23	-9.637	-12.315	-34.5
1.24	-9.613	-12.375	-42.1
1.25	-9.591	-12.553	-27.0
1.26	-9.571	-12.393	-5.0
1.27	-9.551	-11.788	-4.9
1.28	-9.531	-11.218	8.8
1.29	-9.512	-10.031	27.7
1.3	-9.493	-7.136	30.5
1.31	-9.474	-2.566	57.8
1.32	-9.456	2.962	79.0
1.33	-9.439	8.711	86.0
1.34	-9.422	13.868	116.9
1.35	-9.406	17.326	164.0
1.36	-9.388	17.903	186.5
1.37	-9.372	14.779	188.9
1.38	-9.356	8.228	182.0
1.39	-9.339	-0.306	159.3
1.4	-9.322	-8.989	129.3
1.41	-9.308	-15.896	61.2
1.42	-9.293	-19.502	-6.0
1.43	-9.277	-20.403	-40.7
1.44	-9.262	-20.454	-76.8
1.45	-9.248	-20.455	-103.7
1.46	-9.234	-20.429	-106.5
1.47	-9.222	-20.119	-100.8
1.48	-9.209	-19.154	-116.8
1.49	-9.194	-17.849	-134.4
1.5	-9.179	-16.978	-125.0
1.51	-9.166	-16.872	-101.6
1.52	-9.152	-17.372	-92.3
1.53	-9.138	-18.053	-101.6
1.54	-9.122	-18.461	-107.9
1.55	-9.107	-18.333	-106.6
1.56	-9.093	-17.642	-100.8
1.57	-9.081	-16.559	-98.7
1.58	-9.070	-15.347	-85.6
1.59	-9.058	-14.201	-70.1
1.6	-9.047	-13.193	-78.0
1.61	-9.039	-12.333	-95.1
1.62	-9.031	-11.649	-100.4
1.63	-9.023	-11.204	-93.0
1.64	-9.014	-11.036	-83.2
1.65	-9.004	-11.141	-79.1
1.66	-8.994	-11.479	-71.6
1.67	-8.983	-11.933	-68.9
1.68	-8.974	-12.351	-90.1
1.69	-8.964	-12.714	-102.7
1.7	-8.955	-13.075	-91.0
1.71	-8.946	-13.433	-91.2
1.72	-8.938	-13.741	-87.0
1.73	-8.931	-13.959	-53.4
1.74	-8.923	-14.063	-49.9
1.75	-8.916	-14.066	-80.0
1.76	-8.909	-14.019	-87.1
1.77	-8.901	-13.929	-75.7
1.78	-8.894	-13.794	-84.0
1.79	-8.886	-13.684	-89.5
1.8	-8.879	-13.650	-55.6
1.81	-8.873	-13.647	-23.0
1.82	-8.868	-13.593	1.5
1.83	-8.863	-13.460	-4.1
1.84	-8.857	-13.299	-52.6
1.85	-8.853	-13.127	-77.3
1.86	-8.849	-12.953	-75.7
1.87	-8.845	-12.797	-73.5
1.88	-8.842	-12.633	-71.0
1.89	-8.842	-12.475	-65.1
1.9	-8.843	-12.385	-63.8
1.91	-8.847	-12.373	-69.8
1.92	-8.854	-12.399	-98.8
1.93	-8.866	-12.449	-102.4
1.94	-8.884	-12.522	90.8
1.95	-8.909	-12.598	470.0
1.96	-8.939	-12.656	647.3
1.97	-8.971	-12.731	420.9
1.98	-9.002	-12.876	131.6
1.99	-9.028	-13.029	9.5
2.0	-9.047	-13.069	-18.8
2.01	-9.056	-12.953	-42.8
2.02	-9.059	-12.746	-62.4
2.03	-9.058	-12.561	-56.3
2.04	-9.055	-12.448	-63.5
2.05	-9.054	-12.336	-69.1
2.06	-9.051	-11.993	-56.7
2.07	-9.047	-11.054	-25.1
2.08	-9.041	-9.120	7.2
2.09	-9.033	-5.801	11.8
2.1	-9.027	-0.883	16.2
2.11	-9.021	5.396	29.1
2.12	-9.016	12.128	38.4
2.13	-9.011	17.465	65.3
2.14	-9.005	19.931	104.3
2.15	-9.000	19.777	119.0
2.16	-8.996	16.531	130.7
2.17	-8.992	9.320	152.9
2.18	-8.991	-0.321	139.9
2.19	-8.989	-9.844	89.0
2.2	-8.988	-16.811	52.0
2.21	-8.984	-19.875	4.7
2.22	-8.981	-20.437	-66.3
2.23	-8.976	-20.455	-95.2
2.24	-8.974	-20.456	-114.4
2.25	-8.976	-20.441	-140.4
2.26	-8.981	-20.165	-128.8
2.27	-8.984	-19.199	-118.2
2.28	-8.984	-17.799	-125.8
2.29	-8.984	-16.801	-124.6
2.3	-8.985	-16.629	-120.1
2.31	-8.986	-17.202	-122.0
2.32	-8.988	-18.121	-133.7
2.33	-8.990	-18.861	-134.9
2.34	-8.993	-19.078	-112.4
2.35	-8.998	-18.725	-100.3
2.36	-9.004	-17.960	-106.0
2.37	-9.011	-16.967	-102.0
2.38	-9.018	-15.858	-96.9
2.39	-9.024	-14.711	-106.9
2.4	-9.029	-13.601	-122.3
2.41	-9.035	-12.604	-130.1
2.42	-9.042	-11.845	-123.4
2.43	-9.050	-11.469	-109.2
2.44	-9.058	-11.474	-90.3
2.45	-9.067	-11.711	-86.5
2.46	-9.076	-12.014	-107.3
2.47	-9.085	-12.301	-113.8
2.48	-9.093	-12.596	-109.4
2.49	-9.101	-12.923	-111.7
2.5	-9.109	-13.256	-102.7
2.51	-9.124	-13.541	-96.1
2.52	-9.144	-13.774	-89.4
2.53	-9.168	-14.019	-77.3
2.54	-9.189	-14.277	-88.3
2.55	-9.211	-14.446	-86.6
2.56	-9.230	-14.431	-63.6
2.57	-9.250	-14.256	-49.1
2.58	-9.270	-14.024	-38.1
2.59	-9.290	-13.832	-44.2
2.6	-9.309	-13.713	-63.6
2.61	-9.327	-13.609	-79.1
2.62	-9.346	-13.493	-94.2
2.63	-9.364	-13.401	-106.5
2.64	-9.383	-13.326	-103.1
2.65	-9.400	-13.201	-93.9
2.66	-9.417	-13.034	-92.0
2.67	-9.434	-12.896	-99.6
2.68	-9.449	-12.799	-94.9
2.69	-9.464	-12.731	62.4
2.7	-9.479	-12.681	423.1
2.71	-9.496	-12.627	610.3
2.72	-9.512	-12.575	390.1
2.73	-9.528	-12.563	112.5
2.74	-9.545	-12.614	-1.9
2.75	-9.561	-12.694	-37.0
2.76	-9.572	-12.743	-50.3
2.77	-9.582	-12.723	-67.4
2.78	-9.592	-12.624	-83.3
2.79	-9.603	-12.489	-87.6
2.8	-9.617	-12.336	-78.9
2.81	-9.632	-12.016	-53.8
2.82	-9.648	-11.224	-27.5
2.83	-9.664	-9.556	-16.5
2.84	-9.681	-6.564	-12.3
2.85	-9.696	-1.992	-1.9
2.86	-9.712	3.979	14.7
2.87	-9.729	10.610	38.5
2.88	-9.746	16.361	73.1
2.89	-9.762	19.544	101.4
2.9	-9.777	19.941	111.9
2.91	-9.793	17.288	124.0
2.92	-9.809	10.688	142.1
2.93	-9.824	1.318	136.2
2.94	-9.839	-8.337	97.0
2.95	-9.854	-15.873	38.8
2.96	-9.871	-19.588	-20.9
2.97	-9.887	-20.418	-79.9
2.98	-9.902	-20.454	-121.9
2.99	-9.918	-20.456	-132.1
3.0	-9.933	-20.449	-131.6
3.01	-9.947	-20.275	-144.6
3.02	-9.962	-19.546	-151.8
3.03	-9.975	-18.376	-136.7
3.04	-9.989	-17.511	-130.9
3.05	-10.003	-17.374	-135.6
3.06	-10.016	-17.878	-134.4
3.07	-10.028	-18.649	-131.7
3.08	-10.039	-19.247	-130.8
3.09	-10.053	-19.413	-129.4
3.1	-10.064	-19.118	-117.6
3.11	-10.076	-18.428	-112.4
3.12	-10.088	-17.411	-118.9
3.13	-10.100	-16.197	-113.8
3.14	-10.113	-14.951	-110.2
3.15	-10.124	-13.810	-120.2
3.16	-10.136	-12.870	-120.9
3.17	-10.148	-12.167	-112.6
3.18	-10.159	-11.688	-111.0
3.19	-10.169	-11.443	-114.3
3.2	-10.179	-11.489	-112.5
3.21	-10.189	-11.785	-97.4
3.22	-10.198	-12.186	-91.2
3.23	-10.205	-12.620	-94.3
3.24	-10.213	-13.047	-90.9
3.25	-10.219	-13.409	-77.0
3.26	-10.223	-13.684	-59.8
3.27	-10.226	-13.869	-60.0
3.28	-10.227	-13.969	-67.6
3.29	-10.226	-13.999	-79.4
3.3	-10.225	-13.959	-96.3
3.31	-10.223	-13.869	-103.7
3.32	-10.221	-13.782	-101.0
3.33	-10.216	-13.743	-99.0
3.34	-10.210	-13.726	-105.5
3.35	-10.202	-13.659	-113.2
3.36	-10.189	-13.503	-132.5
3.37	-10.170	-13.300	-113.7
3.38	-10.149	-13.113	93.7
3.39	-10.134	-12.934	465.2
3.4	-10.121	-12.759	557.8
3.41	-10.106	-12.635	264.8
3.42	-10.087	-12.566	35.9
3.43	-10.067	-12.536	-24.1
3.44	-10.043	-12.524	-55.2
3.45	-10.013	-12.496	-66.8
3.46	-9.979	-12.459	-74.0
3.47	-9.947	-12.433	-70.1
3.48	-9.919	-12.407	-42.7
3.49	-9.897	-12.328	-46.6
3.5	-9.877	-12.068	-52.4
3.51	-9.858	-11.369	-27.1
3.52	-9.839	-9.847	-11.1
3.53	-9.821	-7.054	0.6
3.54	-9.803	-2.699	17.7
3.55	-9.784	3.118	58.4
3.56	-9.767	9.714	98.3
3.57	-9.750	15.652	91.6
3.58	-9.733	19.213	90.6
3.59	-9.716	19.739	127.1
3.6	-9.699	16.846	161.6
3.61	-9.683	10.099	181.3
3.62	-9.666	0.805	161.4
3.63	-9.648	-8.724	93.2
3.64	-9.629	-16.101	22.4
3.65	-9.612	-19.659	-25.3
3.66	-9.594	-20.423	-66.8
3.67	-9.577	-20.454	-118.2
3.68	-9.563	-20.456	-123.8
3.69	-9.550	-20.451	-115.8
3.7	-9.536	-20.307	-147.7
3.71	-9.519	-19.631	-147.7
3.72	-9.503	-18.493	-127.4
3.73	-9.489	-17.696	-122.9
3.74	-9.475	-17.729	-124.2
3.75	-9.462	-18.386	-139.3
3.76	-9.449	-19.134	-139.8
3.77	-9.435	-19.474	-132.6
3.78	-9.422	-19.191	-120.5
3.79	-9.411	-18.338	-102.4
3.8	-9.400	-17.145	-98.2
3.81	-9.390	-15.899	-100.7
3.82	-9.381	-14.774	-115.4
3.83	-9.373	-13.817	-123.5
3.84	-9.363	-12.986	-113.2
3.85	-9.353	-12.219	-89.5
3.86	-9.341	-11.609	-75.9
3.87	-9.331	-11.189	-94.3
3.88	-9.322	-10.850	-117.8
3.89	-9.312	-11.044	-117.0
3.9	-9.301	-11.921	-98.3
3.91	-9.291	-12.667	-95.9
3.92	-9.281	-12.971	-83.3
3.93	-9.272	-13.212	-59.9
3.94	-9.261	-13.574	-69.6
3.95	-9.250	-13.903	-78.8
3.96	-9.240	-14.052	-67.7
3.97	-9.231	-14.049	-48.2
3.98	-9.221	-14.009	-36.9
3.99	-9.211	-14.029	-49.7
4.0	-9.201	-14.051	-75.8
4.01	-9.192	-13.973	-86.1
4.02	-9.183	-13.814	-81.8
4.03	-9.177	-13.679	-85.6
4.04	-9.171	-13.638	-79.4
4.05	-9.164	-13.622	-69.0
4.06	-9.158	-13.517	-84.4
4.07	-9.150	-13.292	-117.6
4.08	-9.143	-13.019	-104.6
4.09	-9.136	-12.783	101.5
4.1	-9.127	-12.613	487.7
4.11	-9.119	-12.510	618.4
4.12	-9.113	-12.464	360.8
4.13	-9.107	-12.465	113.3
4.14	-9.101	-12.489	9.3
4.15	-9.092	-12.480	-36.5
4.16	-9.082	-12.403	-57.9
4.17	-9.071	-12.301	-68.9
4.18	-9.059	-12.229	-54.5
4.19	-9.048	-12.186	-34.9
4.2	-9.040	-12.093	-30.9
4.21	-9.033	-11.693	-20.4
4.22	-9.026	-10.610	-12.1
4.23	-9.019	-8.531	-16.6
4.24	-9.013	-5.164	-14.8
4.25	-9.006	-0.130	5.6
4.26	-8.998	6.508	37.7
4.27	-8.992	13.473	65.5
4.28	-8.988	18.388	108.8
4.29	-8.982	20.193	148.3
4.3	-8.978	19.639	142.3
4.31	-8.972	15.771	120.9
4.32	-8.966	7.591	120.3
4.33	-8.961	-2.797	122.8
4.34	-8.957	-12.319	101.9
4.35	-8.955	-18.284	60.2
4.36	-8.954	-20.247	-1.8
4.37	-8.954	-20.452	-66.4
4.38	-8.957	-20.456	-105.3
4.39	-8.963	-20.456	-123.6
4.4	-8.974	-20.449	-131.5
4.41	-8.988	-20.297	-125.6
4.42	-8.999	-19.655	-113.8
4.43	-9.010	-18.676	-114.8
4.44	-9.024	-18.082	-125.1
4.45	-9.039	-18.177	-126.0
4.46	-9.054	-18.735	-115.8
4.47	-9.065	-19.355	-110.3
4.48	-9.076	-19.631	-114.6
4.49	-9.086	-19.357	-104.2
4.5	-9.096	-18.584	-97.1
4.51	-9.106	-17.507	-105.3
4.52	-9.114	-16.314	-101.1
4.53	-9.121	-15.137	-98.7
4.54	-9.127	-14.048	-106.3
4.55	-9.133	-13.060	-100.9
4.56	-9.141	-12.191	-92.1
4.57	-9.149	-11.529	-86.7
4.58	-9.157	-11.152	-91.6
4.59	-9.166	-11.083	-94.6
4.6	-9.174	-11.304	-88.5
4.61	-9.181	-11.728	-98.1
4.62	-9.188	-12.254	-97.4
4.63	-9.194	-12.825	-87.7
4.64	-9.201	-13.366	-88.3
4.65	-9.206	-13.771	-88.2
4.66	-9.210	-13.994	-85.3
4.67	-9.214	-14.098	-86.8
4.68	-9.216	-14.147	-83.8
4.69	-9.217	-14.153	-81.6
4.7	-9.219	-14.136	-85.3
4.71	-9.221	-14.125	-67.5
4.72	-9.224	-14.109	-46.8
4.73	-9.227	-14.039	-38.8
4.74	-9.230	-13.898	-26.2
4.75	-9.231	-13.706	-33.9
4.76	-9.232	-13.488	-68.0
4.77	-9.232	-13.286	-78.5
4.78	-9.233	-13.131	-75.9
4.79	-9.236	-13.015	-79.7
4.8	-9.238	-12.919	-77.2
4.81	-9.242	-12.852	-68.3
4.82	-9.246	-12.796	-74.4
4.83	-9.250	-12.703	-92.9
4.84	-9.251	-12.603	-105.4
4.85	-9.249	-12.557	-37.4
4.86	-9.250	-12.536	265.5
4.87	-9.252	-12.488	606.5
4.88	-9.256	-12.450	557.3
4.89	-9.261	-12.470	243.2
4.9	-9.266	-12.518	56.4
4.91	-9.267	-12.553	-5.6
4.92	-9.259	-12.560	-61.0
4.93	-9.245	-12.531	-89.4
4.94	-9.227	-12.479	-69.3
4.95	-9.210	-12.438	-46.7
4.96	-9.196	-12.366	-46.6
4.97	-9.184	-12.071	-51.3
4.98	-9.172	-11.182	-40.0
4.99	-9.161	-9.233	-14.0
5.0	-9.149	-5.794	-18.8
5.01	-9.139	-0.641	-22.3
5.02	-9.128	5.986	16.1
5.03	-9.118	13.003	55.6
5.04	-9.109	18.161	75.9
5.05	-9.100	20.181	78.1
5.06	-9.092	20.161	105.6
5.07	-9.084	17.707	146.6
5.08	-9.079	10.865	137.3
5.09	-9.074	0.754	123.9
5.1	-9.069	-9.428	121.1
5.11	-9.064	-16.779	84.0
5.12	-9.059	-19.904	18.5
5.13	-9.055	-20.439	-39.9
5.14	-9.051	-20.455	-68.8
5.15	-9.049	-20.456	-105.0
5.16	-9.049	-20.455	-133.5
5.17	-9.050	-20.384	-122.7
5.18	-9.047	-19.889	-121.6
5.19	-9.044	-18.831	-136.2
5.2	-9.041	-17.859	-133.0
5.21	-9.041	-17.612	-116.0
5.22	-9.039	-18.095	-123.7
5.23	-9.035	-18.879	-132.5
5.24	-9.032	-19.424	-111.1
5.25	-9.029	-19.444	-108.0
5.26	-9.027	-18.948	-114.3
5.27	-9.026	-18.061	-107.6
5.28	-9.025	-16.917	-101.7
5.29	-9.023	-15.679	-93.7
5.3	-9.021	-14.531	-101.9
5.31	-9.020	-13.578	-116.8
5.32	-9.020	-12.831	-113.7
5.33	-9.021	-12.265	-100.7
5.34	-9.022	-11.873	-106.7
5.35	-9.023	-11.676	-116.6
5.36	-9.024	-11.683	-111.8
5.37	-9.024	-11.869	-105.7
5.38	-9.023	-12.221	-89.3
5.39	-9.024	-12.681	-90.7
5.4	-9.026	-13.129	-107.8
5.41	-9.031	-13.481	-97.3
5.42	-9.037	-13.730	-88.4
5.43	-9.044	-13.903	-89.7
5.44	-9.051	-14.026	-85.5
5.45	-9.060	-14.103	-101.9
5.46	-9.069	-14.146	-102.9
5.47	-9.081	-14.156	-87.4
5.48	-9.093	-14.117	-97.5
5.49	-9.106	-14.044	-84.9
5.5	-9.119	-13.965	-59.2
5.51	-9.132	-13.885	-54.8
5.52	-9.145	-13.776	-47.4
5.53	-9.158	-13.646	-34.8
5.54	-9.169	-13.518	-42.2
5.55	-9.179	-13.357	-71.8
5.56	-9.188	-13.154	-80.7
5.57	-9.196	-12.949	-68.2
5.58	-9.205	-12.794	-58.2
5.59	-9.213	-12.719	-64.7
5.6	-9.222	-12.686	-91.4
5.61	-9.232	-12.619	-102.0
5.62	-9.242	-12.499	-94.6
5.63	-9.251	-12.385	-100.6
5.64	-9.259	-12.314	-63.4
5.65	-9.268	-12.287	178.2
5.66	-9.280	-12.274	549.3
5.67	-9.293	-12.247	611.0
5.68	-9.308	-12.239	314.6
5.69	-9.324	-12.315	75.3
5.7	-9.339	-12.483	-4.8
5.71	-9.348	-12.648	-30.3
5.72	-9.353	-12.704	-35.1
5.73	-9.356	-12.648	-50.7
5.74	-9.359	-12.573	-63.1
5.75	-9.367	-12.514	-70.8
5.76	-9.377	-12.306	-74.4
5.77	-9.388	-11.640	-49.4
5.78	-9.397	-10.150	-32.8
5.79	-9.406	-7.461	-15.3
5.8	-9.414	-3.269	23.9
5.81	-9.423	2.438	23.8
5.82	-9.434	9.100	32.7
5.83	-9.446	15.309	68.5
5.84	-9.459	19.146	75.8
5.85	-9.471	20.134	86.4
5.86	-9.484	18.399	108.0
5.87	-9.497	12.868	127.9
5.88	-9.509	3.955	141.6
5.89	-9.521	-5.959	139.1
5.9	-9.534	-14.358	107.0
5.91	-9.546	-19.067	43.3
5.92	-9.558	-20.361	-24.2
5.93	-9.571	-20.453	-78.0
5.94	-9.584	-20.456	-106.7
5.95	-9.597	-20.455	-110.9
5.96	-9.612	-20.418	-123.5
5.97	-9.627	-20.066	-142.8
5.98	-9.639	-19.128	-133.8
5.99	-9.651	-18.046	-112.3
6.0	-9.661	-17.501	-116.0
6.01	-9.671	-17.622	-127.2
6.02	-9.679	-18.157	-119.9
6.03	-9.686	-18.694	-112.8
6.04	-9.694	-18.868	-113.6
6.05	-9.704	-18.549	-121.8
6.06	-9.714	-17.828	-126.8
6.07	-9.724	-16.879	-107.2
6.08	-9.734	-15.844	-99.4
6.09	-9.745	-14.816	-97.6
6.1	-9.756	-13.863	-82.9
6.11	-9.767	-13.050	-96.5
6.12	-9.779	-12.404	-112.8
6.13	-9.791	-11.933	-113.5
6.14	-9.802	-11.668	-103.4
6.15	-9.812	-11.624	-91.5
6.16	-9.822	-11.751	-85.6
6.17	-9.834	-12.004	-90.4
6.18	-9.846	-12.396	-102.2
6.19	-9.858	-12.902	-101.9
6.2	-9.869	-13.406	-108.7
6.21	-9.882	-13.763	-103.4
6.22	-9.893	-13.914	-69.5
6.23	-9.904	-13.945	-55.9
6.24	-9.914	-13.979	-83.0
6.25	-9.925	-14.042	-96.4
6.26	-9.934	-14.058	-88.4
6.27	-9.944	-14.002	-79.0
6.28	-9.952	-13.943	-81.9
6.29	-9.960	-13.911	-86.6
6.3	-9.967	-13.884	-56.8
6.31	-9.974	-13.833	-41.5
6.32	-9.983	-13.683	-41.0
6.33	-9.992	-13.403	-25.3
6.34	-10.003	-13.094	-22.3
6.35	-10.011	-12.872	-36.0
6.36	-10.020	-12.770	-61.3
6.37	-10.029	-12.772	-71.7
6.38	-10.039	-12.862	-66.1
6.39	-10.049	-13.001	-64.7
6.4	-10.059	-13.049	-63.3
6.41	-10.071	-12.912	-66.9
6.42	-10.081	-12.666	-71.2
6.43	-10.091	-12.443	-82.2
6.44	-10.099	-12.331	-96.8
6.45	-10.108	-12.345	-18.0
6.46	-10.115	-12.402	296.9
6.47	-10.121	-12.426	590.0
6.48	-10.130	-12.444	471.2
6.49	-10.138	-12.505	179.9
6.5	-10.143	-12.568	23.7
6.51	-10.147	-12.578	-25.7
6.52	-10.148	-12.533	-36.1
6.53	-10.148	-12.447	-47.8
6.54	-10.150	-12.369	-56.8
6.55	-10.155	-12.391	-39.5
6.56	-10.161	-12.479	-17.8
6.57	-10.166	-12.405	-34.1
6.58	-10.169	-11.864	-36.1
6.59	-10.169	-10.508	-11.8
6.6	-10.170	-7.967	7.0
6.61	-10.170	-4.021	12.5
6.62	-10.169	1.203	38.1
6.63	-10.167	7.088	78.5
6.64	-10.164	12.546	77.7
6.65	-10.160	16.239	95.9
6.66	-10.155	17.034	129.0
6.67	-10.148	14.345	127.8
6.68	-10.136	8.439	137.5
6.69	-10.122	0.524	157.5
6.7	-10.103	-7.781	144.3
6.71	-10.083	-14.826	102.4
6.72	-10.062	-19.007	47.5
6.73	-10.039	-20.323	-13.7
6.74	-10.017	-20.454	-75.2
6.75	-9.997	-20.456	-115.7
6.76	-9.981	-20.440	-115.1
6.77	-9.964	-20.194	-119.8
6.78	-9.942	-19.350	-133.3
6.79	-9.914	-18.132	-124.6
6.8	-9.888	-17.223	-125.0
6.81	-9.863	-16.919	-132.5
6.82	-9.841	-17.111	-117.9
6.83	-9.818	-17.489	-112.9
6.84	-9.797	-17.708	-117.5
6.85	-9.777	-17.566	-100.1
6.86	-9.760	-17.051	-101.1
6.87	-9.745	-16.243	-122.2
6.88	-9.731	-15.287	-117.7
6.89	-9.718	-14.327	-106.9
6.9	-9.706	-13.441	-103.8
6.91	-9.696	-12.642	-91.6
6.92	-9.686	-11.943	-92.9
6.93	-9.678	-11.419	-110.2
6.94	-9.669	-11.126	-107.8
6.95	-9.659	-11.078	-100.4
6.96	-9.649	-11.256	-104.4
6.97	-9.638	-11.596	-105.3
6.98	-9.627	-12.028	-85.9
6.99	-9.616	-12.494	-74.1
7.0	-9.606	-12.933	-86.7
7.01	-9.596	-13.284	-102.2
7.02	-9.586	-13.529	-110.3
7.03	-9.576	-13.691	-97.0
7.04	-9.565	-13.777	-94.5
7.05	-9.554	-13.792	-85.0
7.06	-9.543	-13.768	-69.0
7.07	-9.533	-13.734	-83.5
7.08	-9.524	-13.700	-87.1
7.09	-9.514	-13.664	-70.3
7.1	-9.505	-13.598	-47.8
7.11	-9.496	-13.500	-36.1
7.12	-9.485	-13.413	-24.4
7.13	-9.474	-13.354	-19.0
7.14	-9.461	-13.284	-58.1
7.15	-9.448	-13.152	-77.0
7.16	-9.437	-13.004	-66.0
7.17	-9.428	-12.904	-75.2
7.18	-9.419	-12.835	-69.0
7.19	-9.412	-12.764	-64.4
7.2	-9.404	-12.669	-77.3
7.21	-9.396	-12.536	-87.7
7.22	-9.387	-12.370	-103.6
7.23	-9.378	-12.224	-31.7
7.24	-9.369	-12.174	259.3
7.25	-9.361	-12.204	570.9
7.26	-9.353	-12.238	502.8
7.27	-9.345	-12.247	212.0
7.28	-9.336	-12.243	55.6
7.29	-9.324	-12.219	-1.5
7.3	-9.311	-12.186	-29.8
7.31	-9.296	-12.190	-37.2
7.32	-9.283	-12.266	-50.4
7.33	-9.268	-12.395	-51.0
7.34	-9.255	-12.469	-29.5
7.35	-9.242	-12.318	-21.6
7.36	-9.233	-11.810	-10.7
7.37	-9.224	-10.771	6.2
7.38	-9.214	-8.827	15.6
7.39	-9.203	-5.628	29.7
7.4	-9.193	-1.168	51.1
7.41	-9.184	4.136	69.8
7.42	-9.174	9.400	87.7
7.43	-9.164	13.343	115.1
7.44	-9.154	14.771	132.9
7.45	-9.144	13.041	149.2
7.46	-9.134	8.231	167.9
7.47	-9.124	1.226	176.5
7.48	-9.116	-6.506	156.9
7.49	-9.107	-13.458	111.9
7.5	-9.099	-18.188	62.0
7.51	-9.092	-20.126	-7.9
7.52	-9.085	-20.446	-69.1
7.53	-9.080	-20.455	-89.2
7.54	-9.076	-20.445	-101.4
7.55	-9.072	-20.247	-114.5
7.56	-9.067	-19.516	-115.7
7.57	-9.060	-18.373	-112.8
7.58	-9.053	-17.358	-118.0
7.59	-9.047	-16.771	-128.1
7.6	-9.043	-16.654	-118.6
7.61	-9.037	-16.869	-103.4
7.62	-9.031	-17.112	-97.3
7.63	-9.026	-17.082	-97.1
7.64	-9.021	-16.641	-95.1
7.65	-9.018	-15.873	-89.6
7.66	-9.013	-14.999	-91.8
7.67	-9.010	-14.192	-88.4
7.68	-9.008	-13.497	-74.3
7.69	-9.006	-12.858	-70.8
7.7	-9.004	-12.215	-85.4
7.71	-9.002	-11.628	-98.9
7.72	-9.000	-11.221	-94.8
7.73	-8.998	-11.077	-77.2
7.74	-8.996	-11.196	-76.8
7.75	-8.994	-11.521	-81.6
7.76	-8.992	-11.963	-74.6
7.77	-8.990	-12.412	-74.7
7.78	-8.988	-12.791	-69.6
7.79	-8.985	-13.104	-67.1
7.8	-8.982	-13.394	-75.5
7.81	-8.980	-13.673	-71.0
7.82	-8.978	-13.911	-56.6
7.83	-8.976	-14.046	-57.6
7.84	-8.975	-14.032	-69.5
7.85	-8.974	-13.913	-74.6
7.86	-8.973	-13.783	-63.9
7.87	-8.972	-13.686	-49.5
7.88	-8.970	-13.629	-44.5
7.89	-8.969	-13.581	-58.0
7.9	-8.969	-13.488	-50.0
7.91	-8.969	-13.330	-8.0
7.92	-8.969	-13.136	-5.8
7.93	-8.969	-12.979	-24.7
7.94	-8.968	-12.895	-20.4
7.95	-8.967	-12.874	-32.4
7.96	-8.966	-12.872	-58.2
7.97	-8.965	-12.815	-54.4
7.98	-8.966	-12.722	-46.5
7.99	-8.966	-12.654	-56.4
8.0	-8.966	-12.590	-57.3
8.01	-8.965	-12.477	-57.3
8.02	-8.963	-12.350	-81.4
8.03	-8.961	-12.302	-64.8
8.04	-8.959	-12.343	154.3
8.05	-8.959	-12.364	537.1
8.06	-8.958	-12.309	642.1
8.07	-8.957	-12.247	353.2
8.08	-8.957	-12.238	103.1
8.09	-8.953	-12.272	37.0
8.1	-8.946	-12.314	-1.2
8.11	-8.937	-12.364	-36.6
8.12	-8.928	-12.419	-38.1
8.13	-8.922	-12.441	-26.6
8.14	-8.918	-12.393	-27.1
8.15	-8.914	-12.218	-33.7
8.16	-8.909	-11.743	-17.6
8.17	-8.905	-10.702	2.4
8.18	-8.901	-8.802	12.1
8.19	-8.900	-5.740	22.9
8.2	-8.898	-1.444	33.8
8.21	-8.897	3.679	61.9
8.22	-8.895	8.735	81.3
8.23	-8.893	12.484	92.1
8.24	-8.891	13.798	113.9
8.25	-8.890	12.101	132.3
8.26	-8.889	7.548	166.4
8.27	-8.886	0.998	182.2
8.28	-8.883	-6.222	142.2
8.29	-8.881	-12.778	106.2
8.3	-8.881	-17.548	71.2
8.31	-8.881	-19.880	6.2
8.32	-8.881	-20.428	-53.3
8.33	-8.882	-20.454	-71.4
8.34	-8.884	-20.437	-68.2
8.35	-8.887	-20.199	-100.8
8.36	-8.889	-19.405	-132.1
8.37	-8.889	-18.179	-120.4
8.38	-8.890	-17.018	-113.8
8.39	-8.893	-16.230	-105.5
8.4	-8.896	-15.950	-97.1
8.41	-8.899	-16.134	-100.0
8.42	-8.900	-16.483	-93.7
8.43	-8.901	-16.641	-98.7
8.44	-8.903	-16.466	-107.0
8.45	-8.906	-16.025	-104.1
8.46	-8.909	-15.428	-88.0
8.47	-8.912	-14.749	-74.4
8.48	-8.914	-14.029	-82.0
8.49	-8.916	-13.299	-88.1
8.5	-8.918	-12.622	-84.6
8.51	-8.923	-12.054	-77.3
8.52	-8.929	-11.648	-80.1
8.53	-8.936	-11.462	-91.6
8.54	-8.946	-11.471	-86.5
8.55	-8.957	-11.623	-81.0
8.56	-8.969	-11.902	-77.7
8.57	-8.983	-12.253	-77.8
8.58	-8.999	-12.600	-83.6
8.59	-9.016	-12.902	-80.9
8.6	-9.034	-13.139	-85.3
8.61	-9.054	-13.333	-71.0
8.62	-9.075	-13.514	-52.8
8.63	-9.097	-13.663	-67.4
8.64	-9.119	-13.749	-75.6
8.65	-9.142	-13.791	-74.8
8.66	-9.165	-13.808	-81.6
8.67	-9.188	-13.766	-80.6
8.68	-9.210	-13.656	-65.8
8.69	-9.232	-13.529	-51.6
8.7	-9.255	-13.445	-18.6
8.71	-9.277	-13.423	-6.3
8.72	-9.299	-13.422	-24.9
8.73	-9.321	-13.404	-25.5
8.74	-9.341	-13.318	-41.9
8.75	-9.361	-13.122	-69.0
8.76	-9.379	-12.870	-74.9
8.77	-9.399	-12.646	-71.1
8.78	-9.418	-12.507	-59.8
8.79	-9.437	-12.462	-45.5
8.8	-9.456	-12.486	-51.3
8.81	-9.474	-12.537	-80.0
8.82	-9.493	-12.565	-96.1
8.83	-9.512	-12.548	58.5
8.84	-9.531	-12.503	440.7
8.85	-9.547	-12.441	660.7
8.86	-9.564	-12.382	440.2
8.87	-9.582	-12.348	156.0
8.88	-9.599	-12.358	55.5
8.89	-9.613	-12.394	-7.7
8.9	-9.625	-12.394	-48.8
8.91	-9.636	-12.324	-49.4
8.92	-9.646	-12.238	-37.3
8.93	-9.658	-12.213	-21.0
8.94	-9.669	-12.213	-17.5
8.95	-9.682	-12.069	-28.2
8.96	-9.696	-11.498	-22.9
8.97	-9.708	-10.078	5.0
8.98	-9.721	-7.378	14.3
8.99	-9.734	-3.346	31.4
9.0	-9.749	1.559	63.2
9.01	-9.763	6.558	70.3
9.02	-9.776	10.608	91.3
9.03	-9.789	12.623	119.2
9.04	-9.800	11.914	142.1
9.05	-9.811	8.431	155.9
9.06	-9.821	2.765	157.1
9.07	-9.832	-3.993	154.4
9.08	-9.844	-10.594	121.2
9.09	-9.856	-15.938	83.3
9.1	-9.867	-19.166	36.4
9.11	-9.879	-20.307	-17.5
9.12	-9.891	-20.454	-57.2
9.13	-9.903	-20.449	-95.6
9.14	-9.916	-20.297	-118.1
9.15	-9.928	-19.639	-123.9
9.16	-9.938	-18.431	-107.7
9.17	-9.947	-17.178	-109.5
9.18	-9.957	-16.312	-120.1
9.19	-9.967	-15.946	-107.0
9.2	-9.976	-16.012	-107.2
9.21	-9.984	-16.282	-103.8
9.22	-9.991	-16.461	-89.0
9.23	-9.999	-16.374	-88.8
9.24	-10.009	-16.021	-90.7
9.25	-10.019	-15.451	-79.6
9.26	-10.029	-14.733	-90.3
9.27	-10.039	-13.963	-90.9
9.28	-10.049	-13.215	-76.4
9.29	-10.059	-12.533	-87.8
9.3	-10.069	-11.974	-93.8
9.31	-10.079	-11.598	-91.0
9.32	-10.089	-11.418	-77.8
9.33	-10.098	-11.400	-67.5
9.34	-10.106	-11.489	-86.4
9.35	-10.115	-11.656	-84.8
9.36	-10.124	-11.904	-67.4
9.37	-10.134	-12.233	-78.6
9.38	-10.142	-12.624	-88.5
9.39	-10.149	-13.033	-83.3
9.4	-10.156	-13.391	-80.3
9.41	-10.163	-13.643	-74.3
9.42	-10.168	-13.761	-58.9
9.43	-10.174	-13.744	-48.7
9.44	-10.182	-13.631	-38.2
9.45	-10.189	-13.511	-27.5
9.46	-10.197	-13.461	-32.5
9.47	-10.203	-13.472	-33.4
9.48	-10.209	-13.505	-43.0
9.49	-10.217	-13.528	-57.4
9.5	-10.223	-13.497	-58.1
9.51	-10.228	-13.379	-65.3
9.52	-10.233	-13.188	-57.9
9.53	-10.238	-12.983	-51.3
9.54	-10.241	-12.796	-65.4
9.55	-10.244	-12.622	-78.5
9.56	-10.247	-12.504	-97.8
9.57	-10.249	-12.505	-56.3
9.58	-10.252	-12.553	220.4
9.59	-10.254	-12.518	560.9
9.6	-10.256	-12.426	501.2
9.61	-10.254	-12.344	195.8
9.62	-10.252	-12.278	47.9
9.63	-10.246	-12.225	10.9
9.64	-10.234	-12.182	-10.8
9.65	-10.217	-12.158	-35.0
9.66	-10.198	-12.166	-43.2
9.67	-10.180	-12.230	-27.3
9.68	-10.166	-12.335	-19.8
9.69	-10.155	-12.381	-15.5
9.7	-10.144	-12.134	-14.1
9.71	-10.131	-11.267	-2.7
9.72	-10.116	-9.506	24.2
9.73	-10.098	-6.711	34.9
9.74	-10.079	-2.914	47.3
9.75	-10.059	1.574	72.0
9.76	-10.036	6.139	102.6
9.77	-10.012	9.820	128.9
9.78	-9.988	11.557	141.5
9.79	-9.962	10.654	157.0
9.8	-9.937	7.042	169.4
9.81	-9.912	1.361	177.8
9.82	-9.888	-5.247	148.3
9.83	-9.865	-11.576	94.6
9.84	-9.844	-16.577	43.8
9.85	-9.824	-19.441	-5.3
9.86	-9.804	-20.355	-49.8
9.87	-9.786	-20.454	-92.8
9.88	-9.771	-20.421	-102.4
9.89	-9.755	-20.122	-104.7
9.9	-9.737	-19.291	-133.0
9.91	-9.717	-18.134	-134.4
9.92	-9.698	-17.097	-112.1
9.93	-9.680	-16.448	-115.3
9.94	-9.662	-16.256	-122.2
9.95	-9.645	-16.348	-114.2
9.96	-9.627	-16.464	-97.1
9.97	-9.610	-16.428	-99.3
9.98	-9.592	-16.111	-116.5
9.99	-9.575	-15.456	-98.6
10.0	-9.560	-14.568	-83.9
10.01	-9.546	-13.649	-93.6
10.02	-9.532	-12.821	-92.7
10.03	-9.519	-12.094	-91.9
10.04	-9.508	-11.460	-94.9
10.05	-9.496	-10.999	-83.6
10.06	-9.483	-10.797	-71.3
10.07	-9.470	-10.857	-74.1
10.08	-9.456	-11.105	-81.2
10.09	-9.441	-11.441	-91.3
10.1	-9.426	-11.807	-94.1
10.11	-9.412	-12.194	-98.0
10.12	-9.401	-12.599	-93.1
10.13	-9.388	-12.974	-71.5
10.14	-9.374	-13.226	-66.3
10.15	-9.361	-13.351	-58.3
10.16	-9.348	-13.427	-52.5
10.17	-9.338	-13.462	-59.6
10.18	-9.328	-13.434	-49.8
10.19	-9.316	-13.374	-34.6
10.2	-9.304	-13.336	-33.7
10.21	-9.294	-13.339	-56.0
10.22	-9.285	-13.368	-75.0
10.23	-9.276	-13.359	-63.2
10.24	-9.268	-13.278	-60.5
10.25	-9.260	-13.191	-81.2
10.26	-9.254	-13.161	-91.7
10.27	-9.248	-13.150	-84.3
10.28	-9.242	-13.081	-89.9
10.29	-9.236	-12.924	-95.2
10.3	-9.230	-12.720	48.0
10.31	-9.224	-12.527	404.1
10.32	-9.219	-12.386	613.8
10.33	-9.213	-12.346	408.9
10.34	-9.207	-12.390	118.3
10.35	-9.202	-12.415	12.0
10.36	-9.194	-12.376	-6.3
10.37	-9.186	-12.312	-26.8
10.38	-9.178	-12.262	-53.9
10.39	-9.169	-12.261	-64.4
10.4	-9.159	-12.331	-37.3
10.41	-9.151	-12.389	-15.0
10.42	-9.144	-12.212	-27.9
10.43	-9.138	-11.534	-18.0
10.44	-9.132	-10.087	4.3
10.45	-9.125	-7.606	-0.6
10.46	-9.117	-3.985	21.0
10.47	-9.111	0.596	54.8
10.48	-9.104	5.608	79.7
10.49	-9.098	10.111	110.8
10.5	-9.091	13.003	122.2
10.51	-9.083	13.383	135.7
10.52	-9.076	10.832	157.0
10.53	-9.069	5.649	145.4
10.54	-9.063	-1.185	134.4
10.55	-9.058	-8.347	123.2
10.56	-9.053	-14.556	75.5
10.57	-9.046	-18.618	23.8
10.58	-9.039	-20.203	-28.8
10.59	-9.033	-20.449	-66.3
10.6	-9.027	-20.454	-93.2
10.61	-9.023	-20.400	-127.2
10.62	-9.019	-19.996	-134.2
10.63	-9.014	-19.048	-116.5
10.64	-9.009	-17.929	-102.5
10.65	-9.003	-17.091	-110.6
10.66	-8.997	-16.696	-125.4
10.67	-8.990	-16.739	-108.3
10.68	-8.984	-17.024	-103.0
10.69	-8.977	-17.227	-117.7
10.7	-8.970	-17.084	-104.9
10.71	-8.964	-16.544	-88.7
10.72	-8.959	-15.689	-94.8
10.73	-8.955	-14.674	-109.3
10.74	-8.951	-13.688	-104.2
10.75	-8.947	-12.846	-89.8
10.76	-8.944	-12.185	-68.8
10.77	-8.941	-11.709	-61.2
10.78	-8.938	-11.378	-80.6
10.79	-8.936	-11.178	-92.2
10.8	-8.934	-11.154	-90.8
10.81	-8.931	-11.304	-88.7
10.82	-8.929	-11.594	-83.3
10.83	-8.928	-12.008	-84.3
10.84	-8.926	-12.488	-95.1
10.85	-8.925	-12.946	-94.5
10.86	-8.924	-13.317	-79.7
10.87	-8.922	-13.550	-81.4
10.88	-8.922	-13.637	-85.7
10.89	-8.922	-13.638	-53.1
10.9	-8.922	-13.646	-46.7
10.91	-8.921	-13.699	-78.0
10.92	-8.921	-13.734	-68.4
10.93	-8.921	-13.709	-38.0
10.94	-8.921	-13.643	-33.3
10.95	-8.921	-13.541	-43.0
10.96	-8.921	-13.419	-54.7
10.97	-8.921	-13.303	-60.7
10.98	-8.922	-13.184	-66.8
10.99	-8.922	-13.069	-77.3
11.0	-8.923	-12.979	-84.6
11.01	-8.925	-12.886	-85.5
11.02	-8.927	-12.750	-85.7
11.03	-8.929	-12.591	-93.3
11.04	-8.930	-12.464	-105.1
11.05	-8.930	-12.408	-11.6
11.06	-8.931	-12.404	319.9
11.07	-8.933	-12.400	632.3
11.08	-8.937	-12.366	540.4
11.09	-8.943	-12.318	231.8
11.1	-8.951	-12.282	56.3
11.11	-8.954	-12.288	-11.4
11.12	-8.951	-12.313	-36.5
11.13	-8.945	-12.301	-35.5
11.14	-8.941	-12.277	-41.7
11.15	-8.940	-12.288	-39.6
11.16	-8.941	-12.263	-47.4
11.17	-8.941	-12.012	-40.7
11.18	-8.942	-11.285	-12.9
11.19	-8.943	-9.761	0.5
11.2	-8.943	-7.034	22.4
11.21	-8.944	-2.857	37.0
11.22	-8.945	2.573	37.9
11.23	-8.947	8.547	50.1
11.24	-8.951	13.898	76.4
11.25	-8.954	17.309	120.5
11.26	-8.958	17.759	139.6
11.27	-8.963	14.746	143.2
11.28	-8.967	8.623	161.8
11.29	-8.973	0.646	153.0
11.3	-8.979	-7.634	123.7
11.31	-8.986	-14.667	80.3
11.32	-8.994	-18.914	23.1
11.33	-9.002	-20.304	-19.8
11.34	-9.011	-20.454	-53.9
11.35	-9.022	-20.456	-93.1
11.36	-9.037	-20.450	-114.0
11.37	-9.054	-20.303	-112.1
11.38	-9.071	-19.640	-120.3
11.39	-9.087	-18.502	-130.5
11.4	-9.104	-17.544	-131.6
11.41	-9.123	-17.221	-125.1
11.42	-9.141	-17.501	-109.5
11.43	-9.159	-18.019	-100.4
11.44	-9.175	-18.328	-100.9
11.45	-9.193	-18.191	-103.4
11.46	-9.211	-17.642	-103.3
11.47	-9.230	-16.828	-101.9
11.48	-9.249	-15.894	-102.2
11.49	-9.269	-14.956	-114.7
11.5	-9.288	-14.098	-115.9
11.51	-9.306	-13.355	-85.3
11.52	-9.323	-12.716	-79.0
11.53	-9.339	-12.172	-93.0
11.54	-9.355	-11.759	-90.0
11.55	-9.371	-11.553	-92.9
11.56	-9.385	-11.584	-97.2
11.57	-9.399	-11.800	-91.9
11.58	-9.413	-12.097	-99.2
11.59	-9.428	-12.422	-93.3
11.6	-9.443	-12.807	-80.0
11.61	-9.459	-13.243	-81.5
11.62	-9.474	-13.600	-74.7
11.63	-9.490	-13.754	-76.4
11.64	-9.506	-13.751	-82.3
11.65	-9.521	-13.726	-86.5
11.66	-9.536	-13.754	-88.0
11.67	-9.550	-13.808	-79.2
11.68	-9.565	-13.813	-70.4
11.69	-9.580	-13.761	-70.5
11.7	-9.596	-13.704	-71.9
11.71	-9.611	-13.629	-46.4
11.72	-9.626	-13.508	-15.9
11.73	-9.643	-13.371	-15.2
11.74	-9.658	-13.246	-36.1
11.75	-9.674	-13.146	-54.2
11.76	-9.689	-13.063	-70.2
11.77	-9.704	-12.956	-81.6
11.78	-9.717	-12.794	-70.7
11.79	-9.731	-12.612	-59.4
11.8	-9.744	-12.516	-71.9
11.81	-9.756	-12.550	-75.4
11.82	-9.769	-12.632	-73.1
11.83	-9.780	-12.652	-97.8
11.84	-9.791	-12.567	12.3
11.85	-9.803	-12.408	378.8
11.86	-9.814	-12.229	645.6
11.87	-9.826	-12.111	473.9
11.88	-9.839	-12.142	171.3
11.89	-9.851	-12.307	39.9
11.9	-9.860	-12.489	-14.5
11.91	-9.866	-12.567	-45.2
11.92	-9.871	-12.502	-55.8
11.93	-9.877	-12.382	-64.9
11.94	-9.887	-12.305	-46.7
11.95	-9.898	-12.255	-21.3
11.96	-9.908	-12.072	-22.2
11.97	-9.918	-11.424	-9.8
11.98	-9.929	-9.819	5.6
11.99	-9.939	-6.799	8.5
12.0	-9.951	-2.199	16.7
12.01	-9.962	3.711	28.4
12.02	-9.972	10.068	62.3
12.03	-9.982	15.526	101.7
12.04	-9.991	18.762	124.1
12.05	-10.000	18.793	136.4
12.06	-10.009	15.194	151.3
12.07	-10.017	8.445	156.2
12.08	-10.025	-0.164	146.2
12.09	-10.033	-8.969	123.8
12.1	-10.040	-15.980	82.0
12.11	-10.048	-19.567	39.1
12.12	-10.056	-20.414	-13.7
12.13	-10.066	-20.454	-76.9
12.14	-10.075	-20.456	-106.4
12.15	-10.085	-20.449	-104.0
12.16	-10.096	-20.291	-121.5
12.17	-10.106	-19.635	-129.1
12.18	-10.114	-18.541	-117.2
12.19	-10.121	-17.622	-114.2
12.2	-10.129	-17.296	-112.3
12.21	-10.136	-17.561	-118.0
12.22	-10.144	-18.102	-106.5
12.23	-10.151	-18.474	-101.2
12.24	-10.159	-18.381	-109.3
12.25	-10.168	-17.768	-104.3
12.26	-10.176	-16.774	-102.8
12.27	-10.184	-15.659	-96.0
12.28	-10.191	-14.626	-100.9
12.29	-10.199	-13.698	-109.4
12.3	-10.209	-12.845	-83.9
12.31	-10.218	-12.096	-74.3
12.32	-10.226	-11.533	-93.3
12.33	-10.233	-11.235	-103.5
12.34	-10.239	-11.187	-105.3
12.35	-10.245	-11.301	-88.4
12.36	-10.251	-11.545	-70.9
12.37	-10.256	-11.951	-86.7
12.38	-10.260	-12.488	-99.8
12.39	-10.264	-13.043	-94.8
12.4	-10.268	-13.495	-86.3
12.41	-10.270	-13.754	-76.1
12.42	-10.272	-13.806	-74.4
12.43	-10.272	-13.722	-82.0
12.44	-10.270	-13.617	-71.2
12.45	-10.267	-13.593	-50.2
12.46	-10.263	-13.651	-43.2
12.47	-10.258	-13.736	-37.9
12.48	-10.250	-13.797	-37.1
12.49	-10.239	-13.766	-33.4
12.5	-10.224	-13.603	-42.0
12.51	-10.206	-13.378	-64.1
12.52	-10.187	-13.191	-73.8
12.53	-10.168	-13.059	-66.3
12.54	-10.149	-12.982	-66.1
12.55	-10.131	-12.923	-75.1
12.56	-10.113	-12.818	-66.3
12.57	-10.092	-12.668	-72.8
12.58	-10.068	-12.524	-90.1
12.59	-10.043	-12.436	-4.4
12.6	-10.018	-12.381	297.0
12.61	-9.998	-12.299	561.3
12.62	-9.979	-12.220	429.3
12.63	-9.957	-12.206	148.9
12.64	-9.935	-12.226	28.0
12.65	-9.911	-12.259	1.1
12.66	-9.884	-12.308	-5.0
12.67	-9.855	-12.344	-21.1
12.68	-9.828	-12.368	-38.3
12.69	-9.806	-12.399	-46.0
12.7	-9.786	-12.426	-35.4
12.71	-9.768	-12.338	-14.9
12.72	-9.751	-11.917	-6.3
12.73	-9.735	-10.866	10.6
12.74	-9.719	-8.815	36.3
12.75	-9.703	-5.440	54.1
12.76	-9.685	-0.693	63.7
12.77	-9.667	5.001	78.2
12.78	-9.649	10.656	99.3
12.79	-9.631	14.969	115.7
12.8	-9.614	16.774	141.0
12.81	-9.598	15.314	169.3
12.82	-9.583	10.539	184.9
12.83	-9.568	3.329	196.3
12.84	-9.553	-4.877	157.3
12.85	-9.537	-12.543	94.2
12.86	-9.522	-17.898	47.1
12.87	-9.508	-20.094	-22.2
12.88	-9.493	-20.446	-69.6
12.89	-9.479	-20.455	-86.2
12.9	-9.467	-20.455	-99.6
12.91	-9.456	-20.393	-117.7
12.92	-9.444	-19.960	-130.9
12.93	-9.433	-19.017	-118.3
12.94	-9.421	-18.085	-111.8
12.95	-9.408	-17.677	-115.2
12.96	-9.396	-17.785	-113.5
12.97	-9.386	-18.086	-107.5
12.98	-9.376	-18.192	-104.0
12.99	-9.364	-17.906	-98.9
13.0	-9.353	-17.200	-97.2
13.01	-9.344	-16.172	-105.7
13.02	-9.335	-15.047	-88.7
13.03	-9.327	-13.986	-69.9
13.04	-9.320	-13.027	-83.8
13.05	-9.314	-12.213	-87.3
13.06	-9.308	-11.592	-84.4
13.07	-9.301	-11.182	-85.8
13.08	-9.294	-10.966	-86.6
13.09	-9.286	-10.934	-84.1
13.1	-9.280	-11.128	-76.9
13.11	-9.274	-11.572	-86.7
13.12	-9.268	-12.169	-87.4
13.13	-9.263	-12.752	-71.6
13.14	-9.258	-13.177	-72.2
13.15	-9.253	-13.411	-85.2
13.16	-9.247	-13.529	-79.5
13.17	-9.241	-13.631	-58.7
13.18	-9.234	-13.766	-64.8
13.19	-9.228	-13.907	-82.2
13.2	-9.223	-14.004	-71.3
13.21	-9.218	-14.013	-66.2
13.22	-9.212	-13.917	-86.6
13.23	-9.206	-13.745	-62.9
13.24	-9.198	-13.571	-27.9
13.25	-9.191	-13.445	-27.6
13.26	-9.185	-13.357	-18.3
13.27	-9.178	-13.289	-14.7
13.28	-9.171	-13.226	-23.9
13.29	-9.165	-13.108	-42.0
13.3	-9.159	-12.906	-70.9
13.31	-9.155	-12.686	-85.8
13.32	-9.151	-12.536	-80.7
13.33	-9.148	-12.477	-67.3
13.34	-9.144	-12.473	-51.1
13.35	-9.141	-12.466	-54.3
13.36	-9.138	-12.438	-84.3
13.37	-9.133	-12.428	-59.7
13.38	-9.128	-12.429	166.6
13.39	-9.124	-12.380	520.8
13.4	-9.120	-12.280	592.2
13.41	-9.118	-12.218	316.8
13.42	-9.117	-12.234	87.2
13.43	-9.115	-12.282	25.9
13.44	-9.110	-12.296	-2.0
13.45	-9.104	-12.279	-40.9
13.46	-9.098	-12.286	-57.7
13.47	-9.092	-12.309	-54.9
13.48	-9.089	-12.283	-42.0
13.49	-9.087	-12.131	-32.1
13.5	-9.085	-11.674	-30.9
13.51	-9.082	-10.583	-11.2
13.52	-9.080	-8.461	16.9
13.53	-9.078	-4.966	30.1
13.54	-9.078	-0.020	26.1
13.55	-9.078	6.019	38.1
13.56	-9.079	12.224	71.1
13.57	-9.079	17.143	96.1
13.58	-9.079	19.364	126.5
13.59	-9.079	18.037	148.0
13.6	-9.079	13.083	145.9
13.61	-9.079	5.418	161.7
13.62	-9.079	-3.393	164.1
13.63	-9.081	-11.696	121.9
13.64	-9.081	-17.581	63.6
13.65	-9.082	-20.041	-0.1
13.66	-9.082	-20.444	-52.0
13.67	-9.081	-20.455	-78.7
13.68	-9.083	-20.456	-93.6
13.69	-9.087	-20.441	-117.1
13.7	-9.089	-20.200	-126.9
13.71	-9.088	-19.392	-115.7
13.72	-9.088	-18.263	-108.0
13.73	-9.092	-17.514	-108.0
13.74	-9.096	-17.434	-107.9
13.75	-9.099	-17.800	-108.7
13.76	-9.103	-18.184	-108.1
13.77	-9.108	-18.224	-95.2
13.78	-9.116	-17.801	-92.0
13.79	-9.126	-17.048	-96.9
13.8	-9.139	-16.150	-88.3
13.81	-9.152	-15.186	-88.0
13.82	-9.166	-14.196	-95.5
13.83	-9.179	-13.274	-95.0
13.84	-9.193	-12.519	-93.3
13.85	-9.207	-11.989	-93.0
13.86	-9.223	-11.701	-94.0
13.87	-9.239	-11.578	-82.8
13.88	-9.254	-11.536	-73.6
13.89	-9.270	-11.586	-89.4
13.9	-9.284	-11.803	-94.5
13.91	-9.299	-12.216	-79.9
13.92	-9.313	-12.751	-73.8
13.93	-9.326	-13.284	-79.2
13.94	-9.340	-13.714	-75.8
13.95	-9.354	-13.903	-67.5
13.96	-9.367	-13.831	-74.7
13.97	-9.381	-13.713	-80.4
13.98	-9.395	-13.711	-77.0
13.99	-9.409	-13.813	-68.4
14.0	-9.422	-13.968	-58.9
14.01	-9.436	-14.089	-65.9
14.02	-9.449	-14.063	-65.7
14.03	-9.463	-13.876	-58.8
14.04	-9.476	-13.619	-56.4
14.05	-9.488	-13.389	-55.9
14.06	-9.500	-13.232	-57.8
14.07	-9.512	-13.132	-34.5
14.08	-9.523	-13.069	-5.9
14.09	-9.534	-13.034	-1.0
14.1	-9.545	-12.971	-17.5
14.11	-9.556	-12.853	-34.8
14.12	-9.567	-12.721	-46.5
14.13	-9.578	-12.606	-58.4
14.14	-9.589	-12.544	-62.3
14.15	-9.599	-12.544	-55.9
14.16	-9.608	-12.546	-39.8
14.17	-9.617	-12.501	-51.3
14.18	-9.626	-12.410	-83.7
14.19	-9.634	-12.326	-102.8
14.2	-9.640	-12.285	-21.6
14.21	-9.647	-12.279	300.7
14.22	-9.654	-12.311	621.8
14.23	-9.661	-12.372	548.4
14.24	-9.669	-12.431	245.4
14.25	-9.677	-12.481	49.3
14.26	-9.682	-12.527	-16.8
14.27	-9.685	-12.531	-36.2
14.28	-9.686	-12.476	-49.8
14.29	-9.689	-12.422	-48.9
14.3	-9.695	-12.439	-33.3
14.31	-9.703	-12.464	-28.6
14.32	-9.712	-12.271	-21.1
14.33	-9.719	-11.576	-9.1
14.34	-9.726	-10.049	-17.3
14.35	-9.734	-7.291	-5.2
14.36	-9.742	-3.003	27.0
14.37	-9.751	2.723	48.5
14.38	-9.759	9.239	66.9
14.39	-9.767	15.238	84.3
14.4	-9.776	19.024	109.4
14.41	-9.784	19.913	130.8
14.42	-9.792	17.687	140.4
14.43	-9.801	11.790	154.3
14.44	-9.809	3.106	170.6
14.45	-9.817	-6.331	148.6
14.46	-9.826	-14.398	86.2
14.47	-9.835	-19.024	36.0
14.48	-9.844	-20.348	0.8
14.49	-9.853	-20.453	-56.2
14.5	-9.863	-20.456	-108.6
14.51	-9.875	-20.455	-113.3
14.52	-9.887	-20.407	-110.2
14.53	-9.898	-20.000	-119.4
14.54	-9.906	-18.978	-125.4
14.55	-9.915	-17.829	-127.1
14.56	-9.923	-17.231	-125.4
14.57	-9.931	-17.331	-120.4
14.58	-9.939	-17.874	-122.7
14.59	-9.946	-18.399	-125.8
14.6	-9.953	-18.540	-113.5
14.61	-9.962	-18.206	-100.6
14.62	-9.971	-17.483	-91.7
14.63	-9.979	-16.501	-96.7
14.64	-9.987	-15.379	-102.0
14.65	-9.996	-14.239	-96.5
14.66	-10.006	-13.222	-107.9
14.67	-10.016	-12.396	-114.0
14.68	-10.026	-11.756	-102.6
14.69	-10.034	-11.328	-94.0
14.7	-10.042	-11.196	-76.0
14.71	-10.049	-11.389	-72.5
14.72	-10.055	-11.742	-95.4
14.73	-10.061	-12.071	-97.4
14.74	-10.066	-12.375	-94.7
14.75	-10.072	-12.681	-105.2
14.76	-10.078	-12.976	-100.3
14.77	-10.083	-13.262	-84.1
14.78	-10.087	-13.538	-86.0
14.79	-10.089	-13.764	-81.1
14.8	-10.091	-13.896	-63.9
14.81	-10.091	-13.946	-75.2
14.82	-10.090	-13.946	-95.8
14.83	-10.088	-13.903	-95.4
14.84	-10.084	-13.814	-78.8
14.85	-10.079	-13.696	-71.0
14.86	-10.073	-13.597	-74.2
14.87	-10.064	-13.518	-67.6
14.88	-10.053	-13.395	-56.9
14.89	-10.041	-13.228	-67.8
14.9	-10.027	-13.078	-79.9
14.91	-10.014	-12.956	-56.4
14.92	-10.001	-12.833	-25.4
14.93	-9.988	-12.716	-5.3
14.94	-9.974	-12.639	-8.0
14.95	-9.958	-12.599	-32.3
14.96	-9.943	-12.559	-54.2
14.97	-9.929	-12.503	-70.1
14.98	-9.917	-12.446	-72.7
14.99	-9.905	-12.404	-70.4
15.0	-9.892	-12.407	-67.5
15.01	-9.880	-12.467	-57.2
15.02	-9.867	-12.523	-58.1
15.03	-9.853	-12.500	-80.3
15.04	-9.836	-12.413	-70.4
15.05	-9.819	-12.336	146.0
15.06	-9.808	-12.296	512.8
15.07	-9.799	-12.293	564.8
15.08	-9.787	-12.329	273.8
15.09	-9.774	-12.394	64.2
15.1	-9.758	-12.443	7.2
15.11	-9.737	-12.429	-18.5
15.12	-9.713	-12.359	-48.1
15.13	-9.688	-12.274	-56.3
15.14	-9.667	-12.214	-43.8
15.15	-9.651	-12.191	-26.7
15.16	-9.639	-12.154	-12.1
15.17	-9.627	-11.912	-15.2
15.18	-9.615	-11.112	-7.7
15.19	-9.603	-9.332	3.6
15.2	-9.590	-6.226	13.7
15.21	-9.577	-1.667	33.9
15.22	-9.564	4.146	55.0
15.23	-9.550	10.471	84.8
15.24	-9.536	15.924	115.6
15.25	-9.523	19.011	128.0
15.26	-9.509	18.701	133.9
15.27	-9.496	14.674	151.7
15.28	-9.482	7.551	162.9
15.29	-9.471	-1.235	146.9
15.3	-9.459	-9.981	119.9
15.31	-9.446	-16.640	79.6
15.32	-9.433	-19.778	16.6
15.33	-9.419	-20.429	-43.8
15.34	-9.408	-20.455	-82.8
15.35	-9.399	-20.456	-109.5
15.36	-9.393	-20.445	-139.9
15.37	-9.384	-20.234	-145.3
15.38	-9.373	-19.463	-118.5
15.39	-9.361	-18.324	-106.3
15.4	-9.351	-17.501	-117.6
15.41	-9.341	-17.292	-133.2
15.42	-9.331	-17.541	-132.9
15.43	-9.321	-17.928	-121.5
15.44	-9.309	-18.108	-117.0
15.45	-9.298	-17.842	-113.1
15.46	-9.288	-17.101	-108.6
15.47	-9.279	-16.045	-100.1
15.48	-9.270	-14.922	-94.8
15.49	-9.263	-13.891	-116.3
15.5	-9.256	-12.968	-121.2
15.51	-9.250	-12.153	-99.3
15.52	-9.244	-11.526	-96.8
15.53	-9.239	-11.208	-109.7
15.54	-9.234	-11.187	-102.7
15.55	-9.228	-11.069	-85.3
15.56	-9.223	-11.075	-103.1
15.57	-9.217	-11.875	-105.6
15.58	-9.212	-12.793	-93.7
15.59	-9.207	-13.026	-99.3
15.6	-9.203	-12.981	-83.4
15.61	-9.199	-13.222	-81.5
15.62	-9.194	-13.688	-102.3
15.63	-9.191	-13.978	-92.2
15.64	-9.187	-13.943	-77.7
15.65	-9.182	-13.765	-90.7
15.66	-9.177	-13.702	-102.7
15.67	-9.172	-13.786	-94.5
15.68	-9.167	-13.841	-81.8
15.69	-9.162	-13.761	-83.3
15.7	-9.157	-13.624	-91.1
15.71	-9.152	-13.531	-87.2
15.72	-9.147	-13.458	-84.6
15.73	-9.142	-13.345	-83.9
15.74	-9.137	-13.185	-80.4
15.75	-9.132	-13.023	-77.6
15.76	-9.127	-12.888	-71.5
15.77	-9.123	-12.768	-70.8
15.78	-9.117	-12.663	-74.1
15.79	-9.113	-12.581	-64.0
15.8	-9.107	-12.494	-52.5
15.81	-9.103	-12.402	-40.1
15.82	-9.098	-12.338	-34.2
15.83	-9.093	-12.313	-47.3
15.84	-9.089	-12.316	-40.5
15.85	-9.083	-12.337	-26.7
15.86	-9.078	-12.340	-49.7
15.87	-9.072	-12.311	-66.3
15.88	-9.068	-12.276	-65.9
15.89	-9.063	-12.284	-79.7
15.9	-9.058	-12.366	-76.9
15.91	-9.053	-12.483	-66.1
15.92	-9.049	-12.543	-78.9
15.93	-9.045	-12.500	-93.8
15.94	-9.041	-12.401	-36.2
15.95	-9.037	-12.318	243.5
15.96	-9.034	-12.271	595.8
15.97	-9.031	-12.244	569.0
15.98	-9.030	-12.260	257.0
15.99	-9.027	-12.354	63.0
16.0	-9.023	-12.471	-4.5
16.01	-9.016	-12.516	-46.4
16.02	-9.009	-12.439	-64.6
16.03	-9.002	-12.293	-61.2
16.04	-8.996	-12.180	-54.5
16.05	-8.991	-12.109	-41.0
16.06	-8.987	-11.940	-32.9
16.07	-8.983	-11.421	-34.0
16.08	-8.981	-10.240	-25.9
16.09	-8.978	-8.001	-17.0
16.1	-8.976	-4.324	-1.4
16.11	-8.973	0.838	19.5
16.12	-8.971	6.971	50.0
16.13	-8.969	12.969	81.9
16.14	-8.967	17.392	91.1
16.15	-8.965	18.998	106.9
16.16	-8.964	17.111	133.3
16.17	-8.964	11.836	145.2
16.18	-8.963	4.162	138.1
16.19	-8.963	-4.461	132.8
16.2	-8.963	-12.468	118.2
16.21	-8.963	-17.963	53.3
16.22	-8.963	-20.129	-19.4
16.23	-8.964	-20.449	-65.8
16.24	-8.966	-20.456	-88.0
16.25	-8.969	-20.455	-103.4
16.26	-8.974	-20.428	-119.3
16.27	-8.978	-20.111	-124.9
16.28	-8.979	-19.158	-128.4
16.29	-8.980	-17.848	-124.6
16.3	-8.983	-16.868	-124.8
16.31	-8.988	-16.594	-123.1
16.32	-8.993	-16.941	-116.8
16.33	-8.999	-17.468	-97.3
16.34	-9.005	-17.727	-82.0
16.35	-9.014	-17.560	-111.9
16.36	-9.026	-16.991	-132.2
16.37	-9.039	-16.131	-111.0
16.38	-9.053	-15.203	-96.2
16.39	-9.066	-14.371	-102.3
16.4	-9.080	-13.626	-91.1
16.41	-9.095	-12.933	-80.4
16.42	-9.111	-12.286	-96.9
16.43	-9.127	-11.710	-101.6
16.44	-9.144	-11.317	-103.7
16.45	-9.161	-11.246	-106.3
16.46	-9.178	-11.474	-92.8
16.47	-9.194	-11.834	-84.9
16.48	-9.208	-12.209	-76.9
16.49	-9.222	-12.566	-76.8
16.5	-9.236	-12.894	-87.8
16.51	-9.249	-13.194	-94.9
16.52	-9.263	-13.471	-98.9
16.53	-9.276	-13.707	-88.8
16.54	-9.289	-13.873	-81.9
16.55	-9.301	-13.959	-79.8
16.56	-9.314	-14.010	-80.8
16.57	-9.327	-14.037	-85.3
16.58	-9.340	-13.998	-67.4
16.59	-9.353	-13.911	-66.3
16.6	-9.366	-13.814	-79.3
16.61	-9.378	-13.684	-80.9
16.62	-9.390	-13.519	-78.8
16.63	-9.402	-13.352	-56.2
16.64	-9.414	-13.189	-58.6
16.65	-9.426	-13.032	-76.6
16.66	-9.439	-12.894	-66.8
16.67	-9.451	-12.808	-59.0
16.68	-9.464	-12.752	-67.3
16.69	-9.475	-12.652	-63.5
16.7	-9.486	-12.516	-61.6
16.71	-9.497	-12.418	-70.1
16.72	-9.509	-12.435	-55.3
16.73	-9.521	-12.556	-33.7
16.74	-9.533	-12.663	-28.2
16.75	-9.545	-12.658	-36.8
16.76	-9.556	-12.552	-21.5
16.77	-9.568	-12.429	-15.0
16.78	-9.580	-12.381	-49.0
16.79	-9.591	-12.431	-70.6
16.8	-9.603	-12.516	-62.2
16.81	-9.614	-12.577	-47.4
16.82	-9.625	-12.629	-60.2
16.83	-9.636	-12.688	-74.4
16.84	-9.647	-12.699	-73.0
16.85	-9.658	-12.606	-91.4
16.86	-9.667	-12.458	-83.3
16.87	-9.675	-12.368	79.3
16.88	-9.683	-12.354	436.3
16.89	-9.693	-12.351	639.2
16.9	-9.703	-12.319	435.5
16.91	-9.714	-12.291	148.3
16.92	-9.723	-12.300	18.8
16.93	-9.728	-12.303	-18.1
16.94	-9.731	-12.230	-43.9
16.95	-9.732	-12.125	-63.1
16.96	-9.736	-12.087	-56.8
16.97	-9.743	-12.148	-43.4
16.98	-9.752	-12.228	-38.2
16.99	-9.762	-12.091	-26.8
17.0	-9.770	-11.438	-3.3
17.01	-9.778	-9.974	7.6
17.02	-9.786	-7.350	0.4
17.03	-9.794	-3.393	11.9
17.04	-9.802	1.626	40.2
17.05	-9.809	7.039	54.8
17.06	-9.816	11.785	91.1
17.07	-9.824	14.651	127.7
17.08	-9.832	14.762	136.7
17.09	-9.839	11.788	139.2
17.1	-9.846	6.063	148.1
17.11	-9.854	-1.290	145.8
17.12	-9.863	-8.799	116.4
17.13	-9.874	-15.117	78.7
17.14	-9.884	-18.986	37.9
17.15	-9.893	-20.303	-15.5
17.16	-9.902	-20.454	-69.1
17.17	-9.912	-20.455	-96.7
17.18	-9.922	-20.421	-121.7
17.19	-9.934	-20.081	-132.0
17.2	-9.944	-19.105	-119.2
17.21	-9.954	-17.768	-120.2
17.22	-9.963	-16.610	-125.1
17.23	-9.973	-15.883	-126.4
17.24	-9.982	-15.660	-129.8
17.25	-9.988	-15.867	-124.8
17.26	-9.994	-16.241	-113.5
17.27	-10.001	-16.462	-109.7
17.28	-10.009	-16.340	-107.1
17.29	-10.018	-15.892	-105.0
17.3	-10.026	-15.259	-103.0
17.31	-10.034	-14.538	-101.8
17.32	-10.042	-13.757	-108.4
17.33	-10.049	-12.968	-102.4
17.34	-10.057	-12.244	-93.5
17.35	-10.065	-11.651	-98.6
17.36	-10.073	-11.267	-95.3
17.37	-10.081	-11.145	-103.4
17.38	-10.087	-11.197	-121.8
17.39	-10.092	-11.299	-107.3
17.4	-10.097	-11.466	-92.9
17.41	-10.101	-11.765	-90.8
17.42	-10.104	-12.189	-81.2
17.43	-10.106	-12.643	-72.5
17.44	-10.106	-13.048	-78.8
17.45	-10.104	-13.361	-94.5
17.46	-10.099	-13.556	-106.8
17.47	-10.092	-13.670	-107.6
17.48	-10.082	-13.754	-92.3
17.49	-10.068	-13.822	-78.4
17.5	-10.053	-13.838	-67.8
17.51	-10.037	-13.762	-60.8
17.52	-10.021	-13.636	-62.1
17.53	-10.004	-13.496	-71.2
17.54	-9.988	-13.322	-90.3
17.55	-9.971	-13.148	-91.3
17.56	-9.953	-13.008	-78.3
17.57	-9.935	-12.879	-76.6
17.58	-9.918	-12.758	-69.4
17.59	-9.900	-12.634	-58.1
17.6	-9.883	-12.526	-54.3
17.61	-9.866	-12.475	-59.6
17.62	-9.849	-12.454	-61.1
17.63	-9.833	-12.394	-38.6
17.64	-9.817	-12.313	-13.2
17.65	-9.799	-12.276	-9.7
17.66	-9.781	-12.293	-32.7
17.67	-9.763	-12.346	-65.6
17.68	-9.747	-12.386	-61.3
17.69	-9.732	-12.365	-59.2
17.7	-9.717	-12.309	-75.7
17.71	-9.703	-12.306	-67.7
17.72	-9.690	-12.391	-60.2
17.73	-9.677	-12.480	-62.9
17.74	-9.662	-12.479	-86.9
17.75	-9.648	-12.416	-84.1
17.76	-9.632	-12.388	97.8
17.77	-9.617	-12.370	447.9
17.78	-9.604	-12.274	586.5
17.79	-9.589	-12.140	341.5
17.8	-9.575	-12.085	96.4
17.81	-9.561	-12.123	15.5
17.82	-9.544	-12.176	-17.7
17.83	-9.525	-12.202	-22.6
17.84	-9.505	-12.192	-40.7
17.85	-9.487	-12.153	-62.6
17.86	-9.470	-12.117	-54.4
17.87	-9.456	-12.089	-41.8
17.88	-9.442	-11.988	-29.1
17.89	-9.428	-11.621	-4.2
17.9	-9.414	-10.679	11.1
17.91	-9.401	-8.791	17.7
17.92	-9.389	-5.704	41.7
17.93	-9.378	-1.537	52.8
17.94	-9.368	3.172	54.0
17.95	-9.357	7.558	79.3
17.96	-9.344	10.546	118.3
17.97	-9.332	11.201	146.3
17.98	-9.321	9.167	167.7
17.99	-9.311	4.749	178.8
18.0	-9.301	-1.198	153.5
18.01	-9.291	-7.527	117.5
18.02	-9.282	-13.198	78.4
18.03	-9.273	-17.425	28.6
18.04	-9.265	-19.709	-23.9
18.05	-9.258	-20.389	-71.3
18.06	-9.252	-20.454	-100.8
18.07	-9.249	-20.390	-114.8
18.08	-9.246	-19.961	-124.4
18.09	-9.241	-18.968	-145.1
18.1	-9.236	-17.727	-149.6
18.11	-9.233	-16.678	-136.8
18.12	-9.231	-16.014	-131.9
18.13	-9.229	-15.748	-122.1
18.14	-9.226	-15.758	-120.1
18.15	-9.224	-15.858	-126.3
18.16	-9.223	-15.846	-113.3
18.17	-9.222	-15.585	-108.9
18.18	-9.223	-15.094	-108.7
18.19	-9.224	-14.488	-107.0
18.2	-9.226	-13.822	-117.0
18.21	-9.228	-13.133	-98.7
18.22	-9.233	-12.510	-90.7
18.23	-9.239	-11.961	-102.6
18.24	-9.247	-11.426	-99.6
18.25	-9.256	-10.978	-95.6
18.26	-9.266	-10.775	-95.0
18.27	-9.278	-10.883	-96.2
18.28	-9.290	-11.222	-102.8
18.29	-9.302	-11.653	-98.3
18.3	-9.313	-12.078	-87.8
18.31	-9.322	-12.495	-91.5
18.32	-9.332	-12.885	-83.6
18.33	-9.341	-13.143	-89.9
18.34	-9.350	-13.259	-88.7
18.35	-9.360	-13.322	-58.1
18.36	-9.371	-13.369	-69.5
18.37	-9.382	-13.411	-91.4
18.38	-9.394	-13.443	-95.4
18.39	-9.406	-13.434	-96.7
18.4	-9.418	-13.406	-86.8
18.41	-9.429	-13.408	-76.0
18.42	-9.440	-13.414	-69.5
18.43	-9.451	-13.341	-57.8
18.44	-9.461	-13.188	-69.3
18.45	-9.473	-13.036	-81.6
18.46	-9.485	-12.900	-68.2
18.47	-9.498	-12.765	-70.6
18.48	-9.511	-12.634	-60.9
18.49	-9.524	-12.537	-58.3
18.5	-9.537	-12.500	-77.8
18.51	-9.551	-12.480	-70.7
18.52	-9.563	-12.471	-57.4
18.53	-9.576	-12.489	-41.6
18.54	-9.588	-12.487	-30.3
18.55	-9.601	-12.431	-19.8
18.56	-9.613	-12.359	6.6
18.57	-9.626	-12.328	-13.2
18.58	-9.639	-12.348	-60.4
18.59	-9.651	-12.369	-70.9
18.6	-9.664	-12.358	-66.9
18.61	-9.676	-12.348	-67.9
18.62	-9.688	-12.411	-71.1
18.63	-9.700	-12.534	-73.5
18.64	-9.712	-12.584	-78.5
18.65	-9.723	-12.506	-87.2
18.66	-9.734	-12.396	-27.6
18.67	-9.745	-12.317	258.7
18.68	-9.757	-12.241	592.7
18.69	-9.768	-12.180	539.1
18.7	-9.778	-12.172	232.5
18.71	-9.787	-12.224	47.3
18.72	-9.793	-12.287	-4.0
18.73	-9.797	-12.278	-27.4
18.74	-9.799	-12.211	-58.2
18.75	-9.801	-12.177	-65.7
18.76	-9.806	-12.208	-56.8
18.77	-9.814	-12.276	-51.2
18.78	-9.824	-12.247	-47.3
18.79	-9.832	-11.888	-39.7
18.8	-9.840	-10.974	-13.8
18.81	-9.847	-9.286	-0.6
18.82	-9.854	-6.575	7.5
18.83	-9.861	-2.801	24.5
18.84	-9.868	1.695	40.8
18.85	-9.876	6.249	63.4
18.86	-9.883	9.838	79.3
18.87	-9.890	11.369	98.8
18.88	-9.898	10.251	118.7
18.89	-9.904	6.567	152.9
18.9	-9.911	1.009	164.3
18.91	-9.918	-5.301	128.8
18.92	-9.925	-11.218	97.2
18.93	-9.931	-15.938	60.1
18.94	-9.938	-18.953	1.2
18.95	-9.945	-20.209	-55.9
18.96	-9.953	-20.446	-90.4
18.97	-9.959	-20.398	-109.9
18.98	-9.967	-20.031	-131.4
18.99	-9.975	-19.149	-146.7
19.0	-9.982	-17.933	-140.2
19.01	-9.988	-16.723	-128.5
19.02	-9.994	-15.781	-122.6
19.03	-9.999	-15.254	-129.9
19.04	-10.004	-15.128	-136.0
19.05	-10.009	-15.296	-126.3
19.06	-10.014	-15.566	-102.9
19.07	-10.019	-15.653	-104.8
19.08	-10.024	-15.358	-119.3
19.09	-10.031	-14.739	-118.9
19.1	-10.039	-14.008	-122.2
19.11	-10.047	-13.336	-107.9
19.12	-10.056	-12.778	-99.1
19.13	-10.062	-12.273	-99.3
19.14	-10.067	-11.779	-95.6
19.15	-10.072	-11.334	-103.9
19.16	-10.077	-11.024	-103.7
19.17	-10.082	-10.914	-93.8
19.18	-10.087	-10.988	-91.6
19.19	-10.092	-11.189	-96.1
19.2	-10.096	-11.487	-101.7
19.21	-10.100	-11.849	-102.9
19.22	-10.104	-12.223	-96.4
19.23	-10.106	-12.563	-91.8
19.24	-10.106	-12.854	-87.9
19.25	-10.108	-13.102	-73.0
19.26	-10.108	-13.296	-70.9
19.27	-10.109	-13.442	-88.3
19.28	-10.109	-13.532	-105.3
19.29	-10.108	-13.498	-97.7
19.3	-10.105	-13.369	-76.1
19.31	-10.103	-13.260	-71.6
19.32	-10.099	-13.224	-72.6
19.33	-10.096	-13.232	-67.9
19.34	-10.092	-13.215	-65.5
19.35	-10.086	-13.143	-73.7
19.36	-10.079	-13.018	-83.2
19.37	-10.069	-12.838	-77.6
19.38	-10.059	-12.661	-66.0
19.39	-10.048	-12.552	-64.1
19.4	-10.038	-12.494	-64.7
19.41	-10.027	-12.449	-51.1
19.42	-10.017	-12.391	-37.8
19.43	-10.006	-12.315	-24.7
19.44	-9.996	-12.238	-15.8
19.45	-9.984	-12.175	-31.5
19.46	-9.973	-12.132	-34.8
19.47	-9.962	-12.116	-45.8
19.48	-9.952	-12.151	-76.6
19.49	-9.943	-12.238	-71.6
19.5	-9.934	-12.325	-63.9
19.51	-9.926	-12.363	-79.8
19.52	-9.918	-12.327	-82.1
19.53	-9.908	-12.347	-80.7
19.54	-9.894	-12.225	-83.0
19.55	-9.876	-11.912	56.3
19.56	-9.859	-12.064	403.3
19.57	-9.847	-12.288	588.2
19.58	-9.834	-11.945	361.5
19.59	-9.819	-11.684	90.3
19.6	-9.801	-11.945	1.8
19.61	-9.781	-12.217	-25.1
19.62	-9.755	-12.198	-33.1
19.63	-9.728	-12.183	-31.8
19.64	-9.703	-12.206	-35.3
19.65	-9.684	-12.189	-29.9
19.66	-9.669	-12.260	-28.2
19.67	-9.657	-12.344	-43.9
19.68	-9.646	-12.058	-43.2
19.69	-9.635	-11.106	-5.9
19.7	-9.624	-9.326	33.1
19.71	-9.613	-6.555	39.8
19.72	-9.603	-2.791	42.6
19.73	-9.593	1.629	61.7
19.74	-9.584	6.013	99.3
19.75	-9.574	9.344	128.0
19.76	-9.564	10.600	126.9
19.77	-9.554	9.260	132.7
19.78	-9.545	5.471	155.2
19.79	-9.537	-0.026	179.3
19.8	-9.528	-6.117	160.3
19.81	-9.519	-11.773	91.8
19.82	-9.509	-16.289	25.8
19.83	-9.500	-19.133	-14.8
19.84	-9.491	-20.258	-54.9
19.85	-9.483	-20.446	-105.2
19.86	-9.478	-20.363	-126.6
19.87	-9.473	-19.919	-128.4
19.88	-9.465	-18.966	-132.9
19.89	-9.455	-17.750	-125.0
19.9	-9.446	-16.611	-122.3
19.91	-9.438	-15.798	-139.0
19.92	-9.430	-15.426	-138.2
19.93	-9.422	-15.454	-128.7
19.94	-9.414	-15.680	-130.4
19.95	-9.407	-15.778	-119.6
19.96	-9.401	-15.555	-104.8
19.97	-9.396	-15.035	-92.2
19.98	-9.391	-14.315	-98.8
19.99	-9.385	-13.543	-115.0
20.0	-9.380	-12.854	-110.1
20.01	-9.376	-12.269	-103.8
20.02	-9.372	-11.742	-98.8
20.03	-9.368	-11.258	-103.8
20.04	-9.364	-10.898	-110.7
20.05	-9.359	-10.773	-91.4
20.06	-9.356	-10.899	-77.4
20.07	-9.352	-11.196	-90.0
20.08	-9.348	-11.538	-103.1
20.09	-9.344	-11.846	-107.4
20.1	-9.341	-12.144	-98.1
20.11	-9.338	-12.481	-92.9
20.12	-9.335	-12.844	-97.5
20.13	-9.333	-13.146	-77.1
20.14	-9.331	-13.323	-81.5
20.15	-9.329	-13.400	-98.9
20.16	-9.327	-13.393	-99.1
20.17	-9.323	-13.349	-89.6
20.18	-9.319	-13.388	-70.9
20.19	-9.316	-13.511	-80.6
20.2	-9.313	-13.564	-89.2
20.21	-9.309	-13.483	-87.8
20.22	-9.307	-13.338	-94.2
20.23	-9.304	-13.177	-79.7
20.24	-9.301	-13.008	-62.2
20.25	-9.297	-12.856	-67.7
20.26	-9.294	-12.753	-63.9
20.27	-9.291	-12.671	-54.2
20.28	-9.289	-12.566	-52.8
20.29	-9.287	-12.456	-50.9
20.3	-9.284	-12.358	-37.8
20.31	-9.281	-12.275	-24.8
20.32	-9.276	-12.218	-31.6
20.33	-9.273	-12.198	-31.1
20.34	-9.271	-12.216	-43.6
20.35	-9.269	-12.245	-68.6
20.36	-9.268	-12.283	-74.4
20.37	-9.266	-12.339	-81.9
20.38	-9.266	-12.408	-80.7
20.39	-9.264	-12.445	-76.2
20.4	-9.260	-12.381	-83.9
20.41	-9.255	-12.259	-10.4
20.42	-9.251	-12.164	284.0
20.43	-9.249	-12.089	595.8
20.44	-9.248	-12.041	533.7
20.45	-9.246	-12.059	235.9
20.46	-9.244	-12.148	44.7
20.47	-9.239	-12.241	-20.8
20.48	-9.233	-12.272	-34.2
20.49	-9.227	-12.241	-52.8
20.5	-9.222	-12.207	-70.0
20.51	-9.217	-12.207	-53.2
20.52	-9.214	-12.244	-37.7
20.53	-9.211	-12.268	-40.4
20.54	-9.209	-12.066	-36.1
20.55	-9.206	-11.318	-12.3
20.56	-9.204	-9.686	8.0
20.57	-9.201	-6.876	9.9
20.58	-9.198	-2.881	14.8
20.59	-9.197	1.884	31.5
20.6	-9.196	6.668	57.8
20.61	-9.196	10.435	95.4
20.62	-9.196	12.119	124.9
20.63	-9.197	11.115	145.0
20.64	-9.198	7.503	153.2
20.65	-9.201	1.938	146.3
20.66	-9.204	-4.543	130.2
20.67	-9.208	-10.804	88.0
20.68	-9.214	-15.892	39.7
20.69	-9.221	-19.063	1.0
20.7	-9.227	-20.266	-46.4
20.71	-9.232	-20.451	-91.6
20.72	-9.240	-20.448	-113.6
20.73	-9.252	-20.292	-125.5
20.74	-9.264	-19.646	-141.8
20.75	-9.271	-18.491	-146.2
20.76	-9.274	-17.207	-141.5
20.77	-9.278	-16.089	-129.5
20.78	-9.284	-15.342	-128.2
20.79	-9.289	-15.121	-130.7
20.8	-9.293	-15.379	-116.5
20.81	-9.297	-15.826	-118.2
20.82	-9.303	-16.054	-123.7
20.83	-9.312	-15.815	-121.2
20.84	-9.322	-15.161	-116.9
20.85	-9.333	-14.334	-101.8
20.86	-9.345	-13.564	-109.3
20.87	-9.357	-12.952	-114.2
20.88	-9.369	-12.479	-89.8
20.89	-9.383	-12.074	-96.2
20.9	-9.396	-11.706	-112.1
20.91	-9.409	-11.441	-106.1
20.92	-9.421	-11.347	-101.1
20.93	-9.433	-11.434	-101.3
20.94	-9.444	-11.689	-98.3
20.95	-9.456	-12.039	-92.4
20.96	-9.467	-12.358	-96.8
20.97	-9.479	-12.596	-100.9
20.98	-9.491	-12.824	-101.2
20.99	-9.502	-13.133	-109.6
21.0	-9.512	-13.483	-103.6
21.01	-9.523	-13.724	-92.8
21.02	-9.533	-13.813	-85.5
21.03	-9.543	-13.801	-75.9
21.04	-9.553	-13.743	-92.8
21.05	-9.562	-13.664	-99.8
21.06	-9.570	-13.558	-87.1
21.07	-9.578	-13.458	-83.8
21.08	-9.584	-13.421	-83.4
21.09	-9.590	-13.411	-88.2
21.1	-9.596	-13.356	-71.2
21.11	-9.603	-13.236	-63.4
21.12	-9.609	-13.086	-79.1
21.13	-9.615	-12.932	-68.5
21.14	-9.621	-12.764	-67.6
21.15	-9.627	-12.633	-57.3
21.16	-9.633	-12.610	-31.7
21.17	-9.639	-12.663	-24.3
21.18	-9.644	-12.682	-29.0
21.19	-9.648	-12.622	-43.4
21.2	-9.652	-12.513	-51.2
21.21	-9.657	-12.369	-58.8
21.22	-9.662	-12.255	-67.9
21.23	-9.666	-12.255	-66.3
21.24	-9.670	-12.329	-63.5
21.25	-9.674	-12.383	-73.6
21.26	-9.676	-12.403	-79.5
21.27	-9.677	-12.394	-87.4
21.28	-9.678	-12.364	1.5
21.29	-9.680	-12.323	334.5
21.3	-9.686	-12.282	604.8
21.31	-9.693	-12.282	467.5
21.32	-9.697	-12.341	185.0
21.33	-9.701	-12.395	49.5
21.34	-9.700	-12.408	2.1
21.35	-9.694	-12.394	-34.0
21.36	-9.684	-12.373	-63.2
21.37	-9.672	-12.381	-65.2
21.38	-9.664	-12.424	-46.2
21.39	-9.661	-12.451	-40.0
21.4	-9.662	-12.374	-28.9
21.41	-9.667	-12.015	-15.0
21.42	-9.672	-11.074	-16.5
21.43	-9.679	-9.201	-17.3
21.44	-9.684	-6.124	9.3
21.45	-9.689	-1.890	46.8
21.46	-9.694	3.093	64.1
21.47	-9.697	8.071	82.4
21.48	-9.701	11.913	114.9
21.49	-9.705	13.505	128.9
21.5	-9.709	12.250	119.1
21.51	-9.714	8.224	140.5
21.52	-9.718	2.148	162.8
21.53	-9.721	-4.854	144.8
21.54	-9.724	-11.595	107.0
21.55	-9.725	-16.874	58.2
21.56	-9.726	-19.678	9.7
21.57	-9.728	-20.408	-38.4
21.58	-9.731	-20.454	-90.3
21.59	-9.736	-20.447	-121.5
21.6	-9.743	-20.258	-123.6
21.61	-9.748	-19.421	-126.7
21.62	-9.750	-17.972	-131.1
21.63	-9.751	-16.700	-126.5
21.64	-9.754	-16.004	-117.6
21.65	-9.758	-15.785	-110.9
21.66	-9.761	-15.813	-105.3
21.67	-9.763	-15.880	-109.9
21.68	-9.766	-15.969	-131.5
21.69	-9.769	-15.981	-125.1
21.7	-9.773	-15.748	-96.4
21.71	-9.777	-15.238	-96.0
21.72	-9.782	-14.587	-103.0
21.73	-9.786	-13.936	-98.0
21.74	-9.791	-13.321	-82.1
21.75	-9.795	-12.723	-83.0
21.76	-9.799	-12.106	-95.5
21.77	-9.804	-11.500	-89.1
21.78	-9.807	-11.066	-79.6
21.79	-9.809	-10.949	-86.0
21.8	-9.809	-11.144	-96.0
21.81	-9.810	-11.540	-92.9
21.82	-9.811	-11.996	-90.2
21.83	-9.813	-12.408	-85.3
21.84	-9.814	-12.754	-76.9
21.85	-9.814	-13.051	-86.8
21.86	-9.813	-13.268	-98.4
21.87	-9.811	-13.378	-93.4
21.88	-9.808	-13.427	-85.3
21.89	-9.804	-13.486	-67.8
21.9	-9.799	-13.546	-59.7
21.91	-9.795	-13.579	-73.5
21.92	-9.789	-13.581	-84.6
21.93	-9.783	-13.520	-85.0
21.94	-9.777	-13.392	-75.3
21.95	-9.771	-13.277	-54.3
21.96	-9.764	-13.218	-47.1
21.97	-9.758	-13.184	-69.3
21.98	-9.752	-13.119	-78.7
21.99	-9.749	-12.993	-61.9
22.0	-9.747	-12.852	-44.9
22.01	-9.746	-12.718	-30.3
22.02	-9.744	-12.578	-2.9
22.03	-9.740	-12.481	7.3
22.04	-9.736	-12.429	-33.3
22.05	-9.732	-12.390	-71.9
22.06	-9.729	-12.364	-68.8
22.07	-9.727	-12.350	-56.1
22.08	-9.728	-12.418	-49.4
22.09	-9.729	-12.683	-59.2
22.1	-9.733	-12.631	-62.8
22.11	-9.736	-12.009	-68.7
22.12	-9.735	-12.028	-97.6
22.13	-9.731	-12.780	-20.2
22.14	-9.726	-12.932	288.4
22.15	-9.727	-12.314	593.1
22.16	-9.731	-11.794	510.8
22.17	-9.734	-11.895	217.7
22.18	-9.734	-12.284	54.2
22.19	-9.731	-12.486	-3.0
22.2	-9.718	-12.399	-20.8
22.21	-9.697	-12.244	-34.3
22.22	-9.672	-12.273	-48.5
22.23	-9.651	-12.484	-42.3
22.24	-9.637	-12.650	-33.8
22.25	-9.628	-12.540	-30.3
22.26	-9.622	-12.073	-30.7
22.27	-9.615	-11.176	-13.2
22.28	-9.607	-9.592	8.8
22.29	-9.599	-6.919	30.9
22.3	-9.589	-2.961	65.6
22.31	-9.580	1.991	78.6
22.32	-9.570	7.208	78.6
22.33	-9.561	11.630	92.4
22.34	-9.552	14.129	120.8
22.35	-9.543	13.901	148.0
22.36	-9.536	10.719	172.6
22.37	-9.529	5.014	200.3
22.38	-9.523	-2.144	178.4
22.39	-9.517	-9.383	106.9
22.4	-9.512	-15.417	51.5
22.41	-9.508	-19.073	8.3
22.42	-9.503	-20.309	-41.3
22.43	-9.498	-20.454	-80.4
22.44	-9.495	-20.455	-97.6
22.45	-9.497	-20.419	-113.3
22.46	-9.500	-20.070	-127.2
22.47	-9.498	-19.069	-132.5
22.48	-9.492	-17.666	-131.9
22.49	-9.486	-16.493	-120.2
22.5	-9.482	-15.883	-112.4
22.51	-9.479	-15.854	-96.4
22.52	-9.475	-16.216	-92.7
22.53	-9.471	-16.574	-114.5
22.54	-9.470	-16.564	-123.2
22.55	-9.472	-16.110	-108.3
22.56	-9.476	-15.362	-100.5
22.57	-9.483	-14.524	-98.2
22.58	-9.491	-13.767	-82.4
22.59	-9.500	-13.138	-88.0
22.6	-9.510	-12.584	-95.8
22.61	-9.522	-12.033	-97.9
22.62	-9.534	-11.461	-98.8
22.63	-9.546	-10.996	-74.3
22.64	-9.558	-10.814	-73.6
22.65	-9.568	-10.934	-90.8
22.66	-9.579	-11.263	-93.7
22.67	-9.589	-11.763	-98.5
22.68	-9.600	-12.383	-91.6
22.69	-9.611	-12.953	-79.8
22.7	-9.623	-13.318	-66.1
22.71	-9.633	-13.478	-69.8
22.72	-9.641	-13.551	-78.8
22.73	-9.649	-13.643	-77.3
22.74	-9.655	-13.759	-87.8
22.75	-9.661	-13.886	-84.1
22.76	-9.666	-13.973	-75.3
22.77	-9.669	-13.909	-68.7
22.78	-9.672	-13.719	-42.9
22.79	-9.673	-13.524	-36.0
22.8	-9.672	-13.356	-69.1
22.81	-9.670	-13.217	-80.3
22.82	-9.666	-13.122	-75.1
22.83	-9.662	-13.054	-67.8
22.84	-9.658	-12.947	-49.0
22.85	-9.654	-12.773	-52.7
22.86	-9.652	-12.594	-39.6
22.87	-9.652	-12.471	-31.3
22.88	-9.654	-12.416	-58.3
22.89	-9.659	-12.407	-45.1
22.9	-9.665	-12.413	-3.0
22.91	-9.671	-12.413	2.2
22.92	-9.678	-12.394	-15.6
22.93	-9.686	-12.383	-13.6
22.94	-9.696	-12.402	-39.4
22.95	-9.707	-12.444	-72.7
22.96	-9.720	-12.508	-53.7
22.97	-9.734	-12.581	-46.9
22.98	-9.747	-12.618	-67.3
22.99	-9.756	-12.566	-65.5
23.0	-9.762	-12.469	-51.7
23.01	-9.768	-12.422	-67.8
23.02	-9.776	-12.428	4.8
23.03	-9.784	-12.401	336.8
23.04	-9.794	-12.313	636.2
23.05	-9.803	-12.246	500.8
23.06	-9.812	-12.246	177.9
23.07	-9.819	-12.276	34.9
23.08	-9.823	-12.320	15.0
23.09	-9.822	-12.358	-18.9
23.1	-9.819	-12.361	-54.5
23.11	-9.816	-12.371	-47.8
23.12	-9.818	-12.429	-28.3
23.13	-9.825	-12.477	-20.8
23.14	-9.835	-12.380	-11.3
23.15	-9.843	-11.956	-3.2
23.16	-9.849	-10.913	-6.7
23.17	-9.853	-8.806	-11.0
23.18	-9.859	-5.325	14.8
23.19	-9.866	-0.592	57.4
23.2	-9.876	4.961	72.4
23.21	-9.885	10.549	88.9
23.22	-9.894	14.988	121.5
23.23	-9.903	17.106	146.3
23.24	-9.912	16.059	169.0
23.25	-9.922	11.590	164.3
23.26	-9.930	4.468	145.5
23.27	-9.940	-3.749	151.4
23.28	-9.951	-11.501	129.5
23.29	-9.961	-17.219	60.3
23.3	-9.971	-19.884	-7.6
23.31	-9.982	-20.434	-54.2
23.32	-9.992	-20.455	-84.8
23.33	-10.001	-20.455	-98.3
23.34	-10.012	-20.387	-97.5
23.35	-10.024	-19.867	-107.2
23.36	-10.036	-18.639	-121.2
23.37	-10.046	-17.255	-130.7
23.38	-10.055	-16.321	-134.6
23.39	-10.064	-15.978	-122.0
23.4	-10.074	-15.957	-110.9
23.41	-10.081	-16.051	-103.0
23.42	-10.086	-16.672	-82.0
23.43	-10.091	-17.381	-79.0
23.44	-10.099	-17.126	-94.3
23.45	-10.108	-16.038	-105.3
23.46	-10.118	-14.896	-112.2
23.47	-10.127	-14.044	-95.9
23.48	-10.135	-13.329	-77.8
23.49	-10.142	-12.632	-81.4
23.5	-10.148	-11.947	-82.7
23.51	-10.155	-11.340	-80.4
23.52	-10.161	-11.003	-80.8
23.53	-10.166	-11.018	-89.6
23.54	-10.171	-11.229	-87.5
23.55	-10.176	-11.465	-72.3
23.56	-10.179	-11.743	-79.1
23.57	-10.184	-12.129	-69.4
23.58	-10.189	-12.603	-62.0
23.59	-10.194	-13.070	-86.3
23.6	-10.199	-13.455	-80.1
23.61	-10.203	-13.734	-77.7
23.62	-10.204	-13.858	-84.0
23.63	-10.205	-13.838	-63.6
23.64	-10.206	-13.802	-66.8
23.65	-10.208	-13.814	-79.4
23.66	-10.209	-13.853	-64.7
23.67	-10.209	-13.893	-66.4
23.68	-10.210	-13.876	-73.6
23.69	-10.209	-13.761	-60.3
23.7	-10.208	-13.585	-63.6
23.71	-10.205	-13.358	-60.3
23.72	-10.201	-13.098	-39.9
23.73	-10.196	-12.891	-35.3
23.74	-10.190	-12.781	-25.9
23.75	-10.180	-12.708	-11.0
23.76	-10.166	-12.609	-10.9
23.77	-10.149	-12.464	-29.6
23.78	-10.130	-12.291	-72.9
23.79	-10.110	-12.159	-92.0
23.8	-10.089	-12.141	-65.3
23.81	-10.069	-12.191	-52.4
23.82	-10.048	-12.244	-57.1
23.83	-10.028	-12.293	-51.4
23.84	-10.006	-12.280	-70.2
23.85	-9.980	-12.184	-106.5
23.86	-9.954	-12.147	36.1
23.87	-9.930	-12.203	407.0
23.88	-9.911	-12.303	588.6
23.89	-9.891	-12.213	371.1
23.9	-9.870	-11.831	95.0
23.91	-9.848	-12.008	-16.1
23.92	-9.822	-12.690	-38.2
23.93	-9.793	-12.754	-30.3
23.94	-9.764	-12.331	-28.1
23.95	-9.736	-12.200	-37.3
23.96	-9.713	-12.318	-25.6
23.97	-9.693	-12.307	-12.6
23.98	-9.676	-12.235	-24.1
23.99	-9.659	-11.946	-34.3
24.0	-9.641	-10.971	-17.1
24.01	-9.622	-9.043	26.4
24.02	-9.604	-5.944	50.6
24.03	-9.587	-1.469	49.6
24.04	-9.568	4.123	68.6
24.05	-9.549	9.933	90.0
24.06	-9.531	14.689	122.5
24.07	-9.513	17.218	149.7
24.08	-9.495	16.755	152.8
24.09	-9.477	13.057	165.4
24.1	-9.459	6.583	179.8
24.11	-9.441	-1.481	165.2
24.12	-9.424	-9.640	106.0
24.13	-9.408	-16.171	26.6
24.14	-9.393	-19.580	-33.7
24.15	-9.377	-20.413	-71.7
24.16	-9.363	-20.454	-104.7
24.17	-9.351	-20.456	-122.8
24.18	-9.341	-20.448	-118.7
24.19	-9.329	-20.243	-123.8
24.2	-9.318	-19.333	-142.3
24.21	-9.305	-17.880	-139.7
24.22	-9.292	-16.906	-128.6
24.23	-9.279	-16.737	-131.3
24.24	-9.269	-17.092	-124.0
24.25	-9.261	-17.608	-118.3
24.26	-9.251	-17.779	-127.9
24.27	-9.240	-17.493	-110.7
24.28	-9.231	-16.904	-88.4
24.29	-9.223	-16.065	-105.0
24.3	-9.216	-15.027	-122.8
24.31	-9.207	-13.933	-105.3
24.32	-9.200	-12.905	-90.8
24.33	-9.194	-12.003	-95.0
24.34	-9.186	-11.305	-97.8
24.35	-9.178	-10.881	-98.3
24.36	-9.169	-10.761	-95.7
24.37	-9.161	-10.906	-102.9
24.38	-9.152	-11.219	-96.3
24.39	-9.142	-11.614	-84.4
24.4	-9.131	-12.062	-95.7
24.41	-9.119	-12.553	-87.7
24.42	-9.108	-13.006	-66.8
24.43	-9.099	-13.360	-78.9
24.44	-9.091	-13.626	-101.0
24.45	-9.082	-13.801	-103.6
24.46	-9.072	-13.856	-92.5
24.47	-9.062	-13.794	-81.2
24.48	-9.052	-13.709	-73.1
24.49	-9.043	-13.710	-70.4
24.5	-9.033	-13.811	-79.9
24.51	-9.023	-13.915	-65.7
24.52	-9.013	-13.900	-37.2
24.53	-9.003	-13.741	-38.9
24.54	-8.994	-13.536	-38.4
24.55	-8.984	-13.361	-37.1
24.56	-8.976	-13.178	-57.0
24.57	-8.967	-12.983	-64.4
24.58	-8.957	-12.839	-49.6
24.59	-8.949	-12.745	-58.3
24.6	-8.939	-12.656	-60.3
24.61	-8.929	-12.560	-62.1
24.62	-8.917	-12.495	-99.8
24.63	-8.906	-12.453	-101.3
24.64	-8.898	-12.355	-100.9
24.65	-8.890	-12.188	-85.7
24.66	-8.881	-12.053	127.0
24.67	-8.870	-12.037	503.5
24.68	-8.861	-12.114	641.1
24.69	-8.852	-12.204	388.6
24.7	-8.844	-12.253	112.9
24.71	-8.836	-12.271	7.6
24.72	-8.825	-12.269	-25.3
24.73	-8.814	-12.256	-38.2
24.74	-8.802	-12.261	-59.5
24.75	-8.790	-12.300	-73.3
24.76	-8.778	-12.371	-52.3
24.77	-8.768	-12.399	-42.2
24.78	-8.759	-12.208	-36.0
24.79	-8.751	-11.522	-13.3
24.8	-8.741	-9.963	-16.8
24.81	-8.733	-7.116	-19.9
24.82	-8.725	-2.709	19.1
24.83	-8.717	3.112	44.2
24.84	-8.710	9.684	46.8
24.85	-8.703	15.663	71.4
24.86	-8.695	19.270	107.3
24.87	-8.688	20.188	132.9
24.88	-8.683	18.608	128.5
24.89	-8.676	13.374	136.5
24.9	-8.669	4.786	152.8
24.91	-8.662	-4.819	99.1
24.92	-8.658	-13.226	34.8
24.93	-8.654	-18.467	-5.0
24.94	-8.651	-20.251	-64.1
24.95	-8.649	-20.453	-114.8
24.96	-8.648	-20.456	-133.4
24.97	-8.646	-20.455	-123.6
24.98	-8.644	-20.435	-116.7
24.99	-8.643	-20.123	-138.8
25.0	-8.643	-19.109	-151.2
25.01	-8.643	-17.743	-143.9
25.02	-8.643	-16.909	-133.1
25.03	-8.643	-17.073	-124.8
25.04	-8.642	-17.886	-124.4
25.05	-8.641	-18.404	-129.9
25.06	-8.641	-18.716	-127.6
25.07	-8.641	-19.146	-116.2
25.08	-8.640	-18.856	-123.2
25.09	-8.639	-17.593	-126.3
25.1	-8.639	-16.086	-104.0
25.11	-8.638	-14.934	-88.6
25.12	-8.638	-14.107	-113.3
25.13	-8.638	-13.278	-127.1
25.14	-8.638	-12.409	-99.3
25.15	-8.638	-11.709	-101.8
25.16	-8.640	-11.369	-117.0
25.17	-8.642	-11.393	-110.3
25.18	-8.644	-11.598	-103.3
25.19	-8.645	-11.868	-92.8
25.2	-8.646	-12.254	-95.1
25.21	-8.647	-12.736	-105.0
25.22	-8.648	-13.189	-101.3
25.23	-8.649	-13.586	-99.6
25.24	-8.651	-13.933	-93.7
25.25	-8.652	-14.136	-91.3
25.26	-8.652	-14.178	-102.6
25.27	-8.652	-14.185	-102.5
25.28	-8.653	-14.198	-95.0
25.29	-8.654	-14.184	-67.8
25.3	-8.656	-14.184	-46.2
25.31	-8.658	-14.212	-82.6
25.32	-8.659	-14.180	-108.7
25.33	-8.659	-13.995	-94.5
25.34	-8.660	-13.712	-94.0
25.35	-8.661	-13.509	-88.5
25.36	-8.662	-13.383	-60.7
25.37	-8.665	-13.203	-49.3
25.38	-8.668	-12.992	-47.9
25.39	-8.669	-12.841	-40.4
25.4	-8.671	-12.766	-38.3
25.41	-8.672	-12.734	-44.3
25.42	-8.672	-12.691	-55.3
25.43	-8.673	-12.626	-64.4
25.44	-8.674	-12.580	-74.2
25.45	-8.676	-12.536	-72.7
25.46	-8.676	-12.475	-67.8
25.47	-8.677	-12.445	-75.2
25.48	-8.678	-12.459	-68.8
25.49	-8.678	-12.456	-72.0
25.5	-8.678	-12.448	-115.1
25.51	-8.677	-12.498	-96.7
25.52	-8.677	-12.591	166.1
25.53	-8.677	-12.667	574.7
25.54	-8.678	-12.652	664.3
25.55	-8.679	-12.538	380.1
25.56	-8.682	-12.485	119.3
25.57	-8.684	-12.598	-4.8
25.58	-8.683	-12.716	-49.7
25.59	-8.681	-12.676	-50.2
25.6	-8.679	-12.534	-58.8
25.61	-8.678	-12.403	-61.1
25.62	-8.679	-12.283	-58.5
25.63	-8.680	-12.106	-63.3
25.64	-8.682	-11.619	-64.7
25.65	-8.684	-10.396	-39.3
25.66	-8.684	-8.060	5.4
25.67	-8.686	-4.202	19.7
25.68	-8.688	1.424	17.1
25.69	-8.691	8.442	38.1
25.7	-8.694	15.221	53.1
25.71	-8.698	19.279	58.1
25.72	-8.703	20.381	86.7
25.73	-8.707	20.137	117.7
25.74	-8.713	17.541	143.4
25.75	-8.722	10.411	163.0
25.76	-8.733	0.143	153.4
25.77	-8.746	-9.954	115.4
25.78	-8.764	-17.084	43.8
25.79	-8.784	-19.994	-23.5
25.8	-8.806	-20.445	-51.2
25.81	-8.829	-20.455	-70.8
25.82	-8.856	-20.456	-96.4
25.83	-8.883	-20.455	-129.5
25.84	-8.913	-20.425	-142.8
25.85	-8.943	-20.063	-136.9
25.86	-8.973	-18.984	-133.2
25.87	-9.001	-17.648	-120.1
25.88	-9.029	-16.947	-123.4
25.89	-9.058	-17.183	-130.7
25.9	-9.085	-18.076	-116.9
25.91	-9.111	-19.048	-118.5
25.92	-9.138	-19.559	-116.5
25.93	-9.162	-19.466	-102.3
25.94	-9.188	-18.911	-121.1
25.95	-9.213	-17.670	-134.6
25.96	-9.238	-16.057	-107.2
25.97	-9.263	-15.157	-93.7
25.98	-9.289	-14.683	-116.6
25.99	-9.314	-13.783	-111.1
26.0	-9.340	-12.582	-94.5
26.01	-9.366	-11.684	-114.3
26.02	-9.391	-11.607	-123.5
26.03	-9.417	-11.898	-108.3
26.04	-9.442	-11.971	-99.6
26.05	-9.466	-12.121	-94.6
26.06	-9.491	-12.567	-88.9
26.07	-9.515	-13.055	-89.2
26.08	-9.538	-13.422	-80.7
26.09	-9.562	-13.733	-87.8
26.1	-9.585	-13.961	-112.3
26.11	-9.607	-14.047	-105.8
26.12	-9.628	-14.121	-90.4
26.13	-9.649	-14.272	-81.4
26.14	-9.670	-14.405	-70.3
26.15	-9.692	-14.408	-74.4
26.16	-9.713	-14.294	-78.5
26.17	-9.732	-14.134	-84.5
26.18	-9.754	-13.969	-90.2
26.19	-9.774	-13.833	-92.1
26.2	-9.794	-13.740	-88.7
26.21	-9.813	-13.639	-65.2
26.22	-9.831	-13.462	-56.9
26.23	-9.850	-13.199	-63.1
26.24	-9.868	-12.946	-64.9
26.25	-9.886	-12.810	-65.5
26.26	-9.904	-12.748	-52.5
26.27	-9.923	-12.676	-27.6
26.28	-9.941	-12.603	0.8
26.29	-9.959	-12.573	-10.9
26.3	-9.977	-12.579	-54.3
26.31	-9.994	-12.574	-83.9
26.32	-10.009	-12.548	-86.7
26.33	-10.025	-12.534	-63.5
26.34	-10.042	-12.544	-54.0
26.35	-10.059	-12.546	-78.3
26.36	-10.076	-12.548	-81.2
26.37	-10.092	-12.619	-79.1
26.38	-10.108	-12.714	-86.2
26.39	-10.121	-12.744	84.9
26.4	-10.134	-12.681	446.8
26.41	-10.149	-12.534	610.3
26.42	-10.165	-12.396	379.8
26.43	-10.180	-12.374	107.0
26.44	-10.193	-12.461	13.7
26.45	-10.206	-12.579	-22.2
26.46	-10.216	-12.646	-42.2
26.47	-10.224	-12.605	-50.8
26.48	-10.233	-12.494	-58.2
26.49	-10.244	-12.406	-56.7
26.5	-10.258	-12.358	-52.8
26.51	-10.271	-12.218	-26.4
26.52	-10.286	-11.644	-11.0
26.53	-10.301	-10.174	-11.5
26.54	-10.315	-7.379	1.3
26.55	-10.331	-3.021	27.4
26.56	-10.346	2.758	60.7
26.57	-10.359	9.390	56.3
26.58	-10.371	15.514	62.3
26.59	-10.382	19.232	114.6
26.6	-10.393	20.160	138.8
26.61	-10.404	18.473	143.3
26.62	-10.414	13.053	160.7
26.63	-10.425	4.289	159.9
26.64	-10.436	-5.434	129.2
26.65	-10.446	-13.799	75.4
26.66	-10.455	-18.771	1.5
26.67	-10.465	-20.309	-34.5
26.68	-10.474	-20.453	-41.2
26.69	-10.483	-20.456	-84.2
26.7	-10.488	-20.455	-113.8
26.71	-10.495	-20.436	-122.7
26.72	-10.501	-20.120	-130.8
26.73	-10.506	-19.032	-130.8
26.74	-10.508	-17.487	-135.4
26.75	-10.508	-16.406	-119.8
26.76	-10.506	-16.219	-108.9
26.77	-10.501	-16.814	-119.5
26.78	-10.496	-17.712	-116.1
26.79	-10.489	-18.294	-112.6
26.8	-10.483	-18.223	-109.6
26.81	-10.474	-17.549	-103.0
26.82	-10.462	-16.493	-104.7
26.83	-10.444	-15.339	-96.2
26.84	-10.421	-14.298	-88.2
26.85	-10.395	-13.363	-96.4
26.86	-10.368	-12.476	-95.7
26.87	-10.344	-11.691	-95.7
26.88	-10.319	-11.073	-105.4
26.89	-10.295	-10.707	-101.6
26.9	-10.269	-10.703	-76.0
26.91	-10.244	-11.019	-69.6
26.92	-10.219	-11.492	-82.2
26.93	-10.196	-11.985	-87.7
26.94	-10.174	-12.462	-99.2
26.95	-10.152	-12.961	-96.7
26.96	-10.130	-13.529	-98.8
26.97	-10.108	-13.976	-93.8
26.98	-10.086	-13.848	-65.6
26.99	-10.064	-13.636	-57.3
27.0	-10.043	-14.115	-78.1
27.01	-10.022	-14.618	-85.0
27.02	-10.003	-14.478	-71.0
27.03	-9.983	-14.190	-77.7
27.04	-9.965	-14.129	-74.0
27.05	-9.947	-13.989	-50.5
27.06	-9.931	-13.760	-33.7
27.07	-9.914	-13.659	-20.8
27.08	-9.897	-13.574	-23.8
27.09	-9.880	-13.391	-43.1
27.1	-9.862	-13.206	-45.0
27.11	-9.844	-13.090	-39.0
27.12	-9.826	-12.943	-68.1
27.13	-9.809	-12.728	-83.7
27.14	-9.793	-12.559	-70.8
27.15	-9.777	-12.489	-79.0
27.16	-9.763	-12.438	-84.5
27.17	-9.749	-12.335	-91.8
27.18	-9.734	-12.213	-103.6
27.19	-9.716	-12.148	0.7
27.2	-9.697	-12.154	296.8
27.21	-9.679	-12.184	564.5
27.22	-9.664	-12.241	459.9
27.23	-9.649	-12.367	163.8
27.24	-9.636	-12.501	18.7
27.25	-9.622	-12.554	-21.3
27.26	-9.604	-12.544	-25.6
27.27	-9.586	-12.501	-31.6
27.28	-9.567	-12.446	-41.2
27.29	-9.548	-12.445	-33.0
27.3	-9.531	-12.476	-42.7
27.31	-9.517	-12.416	-54.2
27.32	-9.502	-12.193	-37.4
27.33	-9.488	-11.573	-10.0
27.34	-9.473	-10.044	20.4
27.35	-9.458	-7.239	54.2
27.36	-9.443	-3.072	67.0
27.37	-9.428	2.337	58.8
27.38	-9.413	8.374	60.7
27.39	-9.397	13.811	76.8
27.4	-9.379	17.328	123.4
27.41	-9.361	17.996	180.0
