Interval=	0.01 s
ExcelDateTime=	3.9778661565864117e+004	26/11/2008 15:52:39.290659
TimeFormat=	StartOfBlock
ChannelTitle=	Channel 1	Channel 2	Channel 3
Range=	20.000 mV	20.000 mV	1000.0 µV
0.0	-8.846	-2.769	7.8
0.01	-8.846	-11.793	27.3
0.02	-8.848	-17.832	30.9
0.03	-8.849	-20.137	-16.1
0.04	-8.851	-20.451	-80.7
0.05	-8.854	-20.456	-111.9
0.06	-8.857	-20.456	-105.6
0.07	-8.862	-20.455	-86.0
0.08	-8.867	-20.378	-102.2
0.09	-8.869	-19.874	-119.8
0.1	-8.870	-18.797	-110.8
0.11	-8.873	-17.729	-124.0
0.12	-8.877	-17.262	-132.5
0.13	-8.879	-17.529	-105.8
0.14	-8.881	-18.224	-93.5
0.15	-8.882	-18.795	-103.9
0.16	-8.884	-18.936	-99.6
0.17	-8.887	-18.621	-84.4
0.18	-8.891	-17.879	-84.8
0.19	-8.896	-16.826	-88.5
0.2	-8.902	-15.705	-90.6
0.21	-8.909	-14.679	-90.3
0.22	-8.916	-13.764	-80.1
0.23	-8.921	-12.978	-84.2
0.24	-8.926	-12.401	-100.2
0.25	-8.931	-12.059	-89.1
0.26	-8.937	-11.922	-62.3
0.27	-8.944	-11.969	-68.6
0.28	-8.952	-12.157	-85.8
0.29	-8.961	-12.451	-77.5
0.3	-8.970	-12.869	-63.6
0.31	-8.979	-13.377	-68.9
0.32	-8.989	-13.822	-82.1
0.33	-8.997	-14.113	-78.6
0.34	-9.004	-14.313	-59.4
0.35	-9.011	-14.514	-58.0
0.36	-9.019	-14.707	-78.7
0.37	-9.027	-14.779	-72.0
0.38	-9.036	-14.705	-35.9
0.39	-9.046	-14.563	-37.5
0.4	-9.057	-14.359	-63.6
0.41	-9.069	-14.061	-56.9
0.42	-9.079	-13.785	-57.7
0.43	-9.090	-13.694	-70.9
0.44	-9.101	-13.724	-43.3
0.45	-9.111	-13.650	1.6
0.46	-9.123	-13.403	5.9
0.47	-9.136	-13.132	-7.0
0.48	-9.148	-13.002	-9.8
0.49	-9.162	-13.063	-21.1
0.5	-9.176	-13.138	-36.0
0.51	-9.190	-13.026	-63.5
0.52	-9.205	-12.852	-74.9
0.53	-9.220	-12.801	-55.8
0.54	-9.236	-12.792	-43.8
0.55	-9.252	-12.744	-39.1
0.56	-9.269	-12.724	-43.6
0.57	-9.285	-12.721	-65.8
0.58	-9.301	-12.656	-29.8
0.59	-9.317	-12.616	232.0
0.6	-9.334	-12.725	620.3
0.61	-9.353	-12.921	675.7
0.62	-9.372	-13.044	370.7
0.63	-9.392	-13.043	122.9
0.64	-9.411	-12.986	35.2
0.65	-9.428	-12.928	11.3
0.66	-9.443	-12.868	-1.3
0.67	-9.456	-12.811	-23.3
0.68	-9.468	-12.758	-22.3
0.69	-9.480	-12.704	-19.3
0.7	-9.492	-12.596	-37.9
0.71	-9.506	-12.216	-33.6
0.72	-9.520	-11.178	2.8
0.73	-9.534	-8.988	38.9
0.74	-9.548	-5.139	56.3
0.75	-9.563	0.575	70.0
0.76	-9.578	7.724	86.8
0.77	-9.592	14.730	109.8
0.78	-9.607	19.088	135.6
0.79	-9.622	20.356	135.5
0.8	-9.638	20.379	139.0
0.81	-9.652	19.061	171.9
0.82	-9.667	13.907	197.6
0.83	-9.681	4.836	205.5
0.84	-9.696	-5.229	168.9
0.85	-9.712	-13.758	103.2
0.86	-9.728	-18.793	56.0
0.87	-9.743	-20.318	-11.2
0.88	-9.757	-20.452	-90.0
0.89	-9.771	-20.456	-110.9
0.9	-9.786	-20.456	-94.8
0.91	-9.801	-20.455	-93.1
0.92	-9.817	-20.392	-94.1
0.93	-9.832	-19.960	-100.4
0.94	-9.848	-19.063	-93.3
0.95	-9.862	-18.344	-87.3
0.96	-9.876	-18.380	-108.3
0.97	-9.889	-19.027	-99.9
0.98	-9.903	-19.761	-85.3
0.99	-9.917	-20.065	-84.5
1.0	-9.930	-19.704	-66.6
1.01	-9.943	-18.784	-60.9
1.02	-9.957	-17.576	-86.1
1.03	-9.973	-16.323	-90.5
1.04	-9.986	-15.184	-65.6
1.05	-10.000	-14.227	-68.1
1.06	-10.015	-13.398	-79.0
1.07	-10.031	-12.609	-73.4
1.08	-10.044	-11.944	-70.2
1.09	-10.058	-11.618	-69.8
1.1	-10.072	-11.685	-68.0
1.11	-10.086	-11.986	-54.3
1.12	-10.099	-12.333	-50.4
1.13	-10.112	-12.659	-55.2
1.14	-10.124	-13.038	-54.6
1.15	-10.136	-13.523	-70.1
1.16	-10.149	-14.007	-70.7
1.17	-10.161	-14.355	-59.3
1.18	-10.173	-14.511	-60.5
1.19	-10.186	-14.508	-54.3
1.2	-10.198	-14.446	-33.8
1.21	-10.211	-14.422	-10.3
1.22	-10.224	-14.382	-17.4
1.23	-10.235	-14.267	-46.2
1.24	-10.248	-14.201	-35.5
1.25	-10.260	-14.189	2.4
1.26	-10.273	-14.113	2.5
1.27	-10.286	-13.981	-14.7
1.28	-10.299	-13.844	-24.9
1.29	-10.313	-13.705	-35.7
1.3	-10.326	-13.588	-33.7
1.31	-10.339	-13.511	-22.9
1.32	-10.352	-13.390	-23.6
1.33	-10.364	-13.207	-38.2
1.34	-10.377	-13.058	-53.0
1.35	-10.388	-12.949	-64.7
1.36	-10.398	-12.823	-77.1
1.37	-10.408	-12.660	-55.7
1.38	-10.416	-12.474	140.1
1.39	-10.426	-12.312	522.1
1.4	-10.435	-12.247	658.1
1.41	-10.445	-12.326	372.0
1.42	-10.455	-12.457	99.8
1.43	-10.464	-12.539	20.5
1.44	-10.470	-12.656	0.8
1.45	-10.474	-12.826	-12.9
1.46	-10.478	-12.931	-15.4
1.47	-10.483	-12.936	1.8
1.48	-10.490	-12.901	1.8
1.49	-10.501	-12.849	2.5
1.5	-10.511	-12.646	22.1
1.51	-10.522	-11.996	26.9
1.52	-10.531	-10.479	29.8
1.53	-10.539	-7.646	42.1
1.54	-10.547	-3.167	61.5
1.55	-10.554	2.958	82.8
1.56	-10.559	10.139	116.1
1.57	-10.565	16.458	148.8
1.58	-10.569	19.721	170.9
1.59	-10.571	20.421	189.3
1.6	-10.572	20.176	191.0
1.61	-10.574	17.728	193.6
1.62	-10.575	10.793	201.3
1.63	-10.575	0.768	177.4
1.64	-10.574	-8.957	107.2
1.65	-10.571	-16.155	40.8
1.66	-10.567	-19.643	-6.7
1.67	-10.561	-20.420	-60.2
1.68	-10.556	-20.454	-96.1
1.69	-10.554	-20.456	-100.6
1.7	-10.552	-20.456	-102.4
1.71	-10.543	-20.455	-112.8
1.72	-10.527	-20.404	-117.5
1.73	-10.510	-20.041	-109.5
1.74	-10.493	-19.412	-107.1
1.75	-10.475	-19.338	-110.2
1.76	-10.454	-19.942	-97.7
1.77	-10.432	-20.371	-91.8
1.78	-10.410	-20.316	-97.8
1.79	-10.391	-19.795	-90.4
1.8	-10.373	-18.804	-90.5
1.81	-10.357	-17.478	-98.6
1.82	-10.341	-15.936	-92.9
1.83	-10.325	-14.368	-83.8
1.84	-10.309	-12.994	-77.5
1.85	-10.293	-11.944	-65.2
1.86	-10.278	-11.290	-58.8
1.87	-10.264	-10.988	-64.8
1.88	-10.249	-10.919	-62.6
1.89	-10.235	-11.092	-74.5
1.9	-10.221	-11.558	-92.2
1.91	-10.207	-12.186	-80.1
1.92	-10.193	-12.808	-64.8
1.93	-10.178	-13.382	-67.4
1.94	-10.161	-13.883	-66.4
1.95	-10.145	-14.247	-49.8
1.96	-10.129	-14.418	-54.8
1.97	-10.113	-14.509	-76.1
1.98	-10.098	-14.655	-72.5
1.99	-10.083	-14.742	-62.0
2.0	-10.069	-14.645	-56.8
2.01	-10.055	-14.460	-38.3
2.02	-10.041	-14.307	-10.3
2.03	-10.026	-14.184	9.4
2.04	-10.011	-14.076	2.4
2.05	-9.996	-14.015	-38.3
2.06	-9.981	-13.989	-68.0
2.07	-9.967	-13.917	-69.3
2.08	-9.954	-13.738	-68.0
2.09	-9.941	-13.462	-50.5
2.1	-9.929	-13.178	-40.7
2.11	-9.918	-12.986	-46.5
2.12	-9.906	-12.843	-51.0
2.13	-9.893	-12.651	-80.8
2.14	-9.877	-12.472	-34.5
2.15	-9.863	-12.405	241.3
2.16	-9.850	-12.401	557.4
2.17	-9.837	-12.388	510.8
2.18	-9.822	-12.408	226.9
2.19	-9.808	-12.495	88.1
2.2	-9.794	-12.580	37.0
2.21	-9.777	-12.615	-22.0
2.22	-9.758	-12.631	-27.3
2.23	-9.738	-12.632	-16.9
2.24	-9.718	-12.622	-27.6
2.25	-9.700	-12.632	-25.8
2.26	-9.684	-12.607	-16.2
2.27	-9.669	-12.373	10.2
2.28	-9.654	-11.589	38.0
2.29	-9.639	-9.730	37.2
2.3	-9.624	-6.233	46.4
2.31	-9.609	-0.812	78.4
2.32	-9.594	6.298	93.5
2.33	-9.579	13.728	89.9
2.34	-9.565	18.707	127.8
2.35	-9.551	20.306	177.4
2.36	-9.536	20.438	192.9
2.37	-9.521	19.880	207.0
2.38	-9.506	16.261	208.4
2.39	-9.491	7.854	169.5
2.4	-9.476	-2.804	127.9
2.41	-9.464	-12.224	89.1
2.42	-9.455	-18.151	15.5
2.43	-9.445	-20.212	-52.8
2.44	-9.433	-20.452	-87.2
2.45	-9.422	-20.456	-100.4
2.46	-9.412	-20.456	-102.8
2.47	-9.402	-20.456	-124.5
2.48	-9.392	-20.456	-136.8
2.49	-9.382	-20.444	-116.4
2.5	-9.371	-20.387	-111.8
2.51	-9.361	-20.352	-117.3
2.52	-9.350	-20.403	-110.1
2.53	-9.341	-20.450	-92.3
2.54	-9.332	-20.455	-84.6
2.55	-9.324	-20.416	-95.0
2.56	-9.315	-20.043	-102.6
2.57	-9.306	-18.954	-103.2
2.58	-9.299	-17.343	-91.4
2.59	-9.293	-15.699	-77.9
2.6	-9.286	-14.202	-73.8
2.61	-9.278	-12.887	-58.3
2.62	-9.272	-11.884	-46.6
2.63	-9.266	-11.351	-67.5
2.64	-9.261	-11.252	-85.8
2.65	-9.256	-11.373	-93.0
2.66	-9.249	-11.620	-95.1
2.67	-9.242	-12.092	-71.9
2.68	-9.237	-12.726	-47.9
2.69	-9.234	-13.294	-51.8
2.7	-9.229	-13.819	-57.1
2.71	-9.222	-14.418	-53.3
2.72	-9.216	-14.922	-71.2
2.73	-9.211	-15.096	-83.3
2.74	-9.206	-14.999	-71.0
2.75	-9.201	-14.852	-59.3
2.76	-9.195	-14.728	-46.0
2.77	-9.189	-14.613	-37.2
2.78	-9.182	-14.498	-33.2
2.79	-9.176	-14.346	-46.6
2.8	-9.169	-14.163	-74.3
2.81	-9.163	-13.991	-78.2
2.82	-9.156	-13.850	-57.6
2.83	-9.148	-13.738	-26.1
2.84	-9.141	-13.634	-2.3
2.85	-9.133	-13.518	5.9
2.86	-9.124	-13.358	5.3
2.87	-9.115	-13.151	1.6
2.88	-9.106	-13.001	-20.2
2.89	-9.099	-12.978	-63.7
2.9	-9.092	-13.006	-71.9
2.91	-9.085	-13.018	-48.8
2.92	-9.079	-13.036	-47.8
2.93	-9.071	-13.028	-50.3
2.94	-9.065	-12.948	-34.8
2.95	-9.059	-12.843	-34.9
2.96	-9.054	-12.768	-69.8
2.97	-9.047	-12.768	-41.7
2.98	-9.041	-12.836	222.7
2.99	-9.035	-12.908	591.6
3.0	-9.031	-12.917	631.4
3.01	-9.027	-12.858	342.5
3.02	-9.022	-12.802	113.6
3.03	-9.016	-12.825	29.8
3.04	-9.007	-12.839	-0.8
3.05	-8.999	-12.709	-19.6
3.06	-8.991	-12.555	-33.6
3.07	-8.982	-12.537	-46.1
3.08	-8.974	-12.518	-49.3
3.09	-8.967	-12.184	-20.9
3.1	-8.962	-11.379	-4.8
3.11	-8.957	-9.946	3.5
3.12	-8.951	-6.977	17.8
3.13	-8.944	-1.578	37.6
3.14	-8.938	5.963	65.7
3.15	-8.932	13.834	68.6
3.16	-8.926	18.887	77.0
3.17	-8.920	20.355	107.0
3.18	-8.914	20.449	139.4
3.19	-8.909	20.417	175.7
3.2	-8.905	19.403	188.6
3.21	-8.902	14.392	181.2
3.22	-8.899	4.464	168.3
3.23	-8.898	-6.724	137.9
3.24	-8.896	-15.308	83.6
3.25	-8.894	-19.491	21.1
3.26	-8.892	-20.414	-24.7
3.27	-8.889	-20.454	-60.9
3.28	-8.887	-20.456	-95.0
3.29	-8.887	-20.456	-110.3
3.3	-8.887	-20.456	-105.6
3.31	-8.886	-20.441	-107.9
3.32	-8.884	-20.274	-121.6
3.33	-8.885	-19.906	-107.3
3.34	-8.886	-19.804	-80.8
3.35	-8.886	-20.137	-80.6
3.36	-8.885	-20.406	-95.3
3.37	-8.884	-20.455	-104.6
3.38	-8.884	-20.456	-103.8
3.39	-8.884	-20.453	-97.5
3.4	-8.885	-20.348	-88.5
3.41	-8.887	-19.729	-81.6
3.42	-8.889	-18.396	-72.3
3.43	-8.890	-16.747	-75.7
3.44	-8.892	-15.126	-75.4
3.45	-8.894	-13.744	-70.5
3.46	-8.897	-12.829	-87.2
3.47	-8.902	-12.302	-99.8
3.48	-8.908	-12.006	-95.2
3.49	-8.916	-11.978	-79.8
3.5	-8.924	-12.248	-74.6
3.51	-8.934	-12.709	-81.3
3.52	-8.944	-13.278	-72.6
3.53	-8.953	-13.889	-53.9
3.54	-8.962	-14.422	-58.2
3.55	-8.973	-14.789	-74.2
3.56	-8.984	-15.020	-81.9
3.57	-8.994	-15.189	-84.2
3.58	-9.006	-15.293	-76.4
3.59	-9.018	-15.303	-57.8
3.6	-9.029	-15.243	-41.9
3.61	-9.043	-15.114	-46.8
3.62	-9.058	-14.934	-57.4
3.63	-9.074	-14.781	-65.0
3.64	-9.091	-14.661	-63.2
3.65	-9.107	-14.504	-55.5
3.66	-9.124	-14.263	-67.7
3.67	-9.141	-14.014	-60.3
3.68	-9.158	-13.819	-27.6
3.69	-9.174	-13.630	-28.2
3.7	-9.191	-13.459	-44.5
3.71	-9.208	-13.341	-22.3
3.72	-9.227	-13.231	0.4
3.73	-9.245	-13.130	-12.7
3.74	-9.263	-13.084	-21.5
3.75	-9.279	-13.109	-22.3
3.76	-9.295	-13.158	-32.0
3.77	-9.309	-13.122	-33.8
3.78	-9.324	-13.033	-32.1
3.79	-9.339	-13.054	-31.1
3.8	-9.354	-13.143	-37.2
3.81	-9.370	-13.123	-51.0
3.82	-9.387	-12.970	-62.9
3.83	-9.403	-12.812	-81.9
3.84	-9.419	-12.789	-88.1
3.85	-9.435	-12.949	61.1
3.86	-9.451	-13.117	461.7
3.87	-9.466	-13.094	732.5
3.88	-9.482	-12.974	559.7
3.89	-9.499	-12.930	233.7
3.9	-9.516	-13.036	38.6
3.91	-9.531	-13.221	-33.7
3.92	-9.544	-13.200	-29.8
3.93	-9.555	-13.010	-16.3
3.94	-9.566	-12.984	-36.9
3.95	-9.579	-13.019	-36.5
3.96	-9.592	-12.728	-13.5
3.97	-9.605	-11.989	-7.7
3.98	-9.617	-10.751	-3.0
3.99	-9.629	-8.473	2.3
4.0	-9.641	-4.269	14.8
4.01	-9.652	2.366	45.5
4.02	-9.663	10.616	62.5
4.03	-9.675	17.316	72.0
4.04	-9.689	20.078	97.5
4.05	-9.702	20.449	130.4
4.06	-9.713	20.447	145.9
4.07	-9.723	20.208	156.9
4.08	-9.734	17.645	181.2
4.09	-9.746	9.914	174.4
4.1	-9.758	-1.371	145.7
4.11	-9.771	-11.730	118.5
4.12	-9.781	-18.104	56.5
4.13	-9.793	-20.224	-10.1
4.14	-9.804	-20.452	-51.6
4.15	-9.816	-20.456	-88.2
4.16	-9.828	-20.456	-99.4
4.17	-9.842	-20.456	-95.7
4.18	-9.856	-20.452	-117.8
4.19	-9.869	-20.353	-119.8
4.2	-9.880	-19.975	-101.0
4.21	-9.891	-19.617	-99.1
4.22	-9.901	-19.814	-101.1
4.23	-9.911	-20.255	-106.9
4.24	-9.922	-20.439	-99.3
4.25	-9.931	-20.456	-89.7
4.26	-9.939	-20.456	-81.8
4.27	-9.950	-20.453	-78.4
4.28	-9.961	-20.343	-87.5
4.29	-9.973	-19.684	-89.6
4.3	-9.986	-18.245	-95.3
4.31	-9.999	-16.516	-88.8
4.32	-10.011	-14.977	-75.8
4.33	-10.020	-13.733	-85.5
4.34	-10.030	-12.813	-89.8
4.35	-10.041	-12.249	-72.1
4.36	-10.051	-12.059	-59.5
4.37	-10.062	-12.181	-70.2
4.38	-10.072	-12.473	-78.3
4.39	-10.082	-12.864	-74.0
4.4	-10.092	-13.389	-76.2
4.41	-10.102	-14.005	-75.9
4.42	-10.111	-14.542	-68.2
4.43	-10.121	-14.934	-73.3
4.44	-10.131	-15.243	-70.5
4.45	-10.141	-15.414	-53.6
4.46	-10.149	-15.418	-48.6
4.47	-10.159	-15.386	-51.5
4.48	-10.169	-15.379	-61.1
4.49	-10.178	-15.289	-68.1
4.5	-10.187	-15.044	-61.5
4.51	-10.195	-14.787	-64.2
4.52	-10.202	-14.663	-58.8
4.53	-10.209	-14.589	-41.7
4.54	-10.216	-14.436	-49.8
4.55	-10.221	-14.234	-37.6
4.56	-10.226	-14.025	-31.8
4.57	-10.231	-13.807	-56.4
4.58	-10.235	-13.593	-44.3
4.59	-10.238	-13.403	-24.9
4.6	-10.239	-13.254	-14.7
4.61	-10.239	-13.150	-12.1
4.62	-10.239	-13.071	-10.5
4.63	-10.238	-12.989	-2.3
4.64	-10.234	-12.893	-31.7
4.65	-10.229	-12.806	-53.2
4.66	-10.223	-12.756	-36.5
4.67	-10.216	-12.740	-23.8
4.68	-10.209	-12.739	-42.0
4.69	-10.200	-12.743	-64.7
4.7	-10.191	-12.746	-53.7
4.71	-10.179	-12.761	-53.9
4.72	-10.166	-12.753	-82.8
4.73	-10.148	-12.678	9.6
4.74	-10.132	-12.609	371.9
4.75	-10.121	-12.619	653.3
4.76	-10.110	-12.661	479.1
4.77	-10.098	-12.692	175.3
4.78	-10.084	-12.721	42.3
4.79	-10.067	-12.734	10.6
4.8	-10.043	-12.704	-0.8
4.81	-10.013	-12.667	-28.6
4.82	-9.983	-12.666	-39.2
4.83	-9.959	-12.682	-27.2
4.84	-9.941	-12.630	-0.3
4.85	-9.926	-12.392	24.7
4.86	-9.913	-11.762	3.1
4.87	-9.900	-10.303	-9.8
4.88	-9.886	-7.456	34.1
4.89	-9.870	-2.720	75.4
4.9	-9.854	4.089	72.2
4.91	-9.838	11.958	79.6
4.92	-9.822	17.911	123.4
4.93	-9.807	20.176	147.4
4.94	-9.792	20.447	158.6
4.95	-9.777	20.384	183.9
4.96	-9.764	18.969	213.0
4.97	-9.751	13.219	215.9
4.98	-9.738	3.014	179.5
4.99	-9.726	-7.946	134.0
5.0	-9.714	-16.098	93.5
5.01	-9.702	-19.757	30.9
5.02	-9.690	-20.433	-40.6
5.03	-9.678	-20.455	-81.9
5.04	-9.668	-20.456	-97.6
5.05	-9.659	-20.456	-95.6
5.06	-9.649	-20.456	-95.6
5.07	-9.637	-20.445	-113.8
5.08	-9.625	-20.304	-112.3
5.09	-9.614	-20.060	-94.2
5.1	-9.604	-20.098	-97.8
5.11	-9.593	-20.347	-104.3
5.12	-9.581	-20.451	-100.1
5.13	-9.569	-20.455	-89.0
5.14	-9.557	-20.411	-85.0
5.15	-9.544	-19.954	-74.3
5.16	-9.534	-18.609	-83.2
5.17	-9.524	-16.758	-98.8
5.18	-9.516	-15.139	-71.8
5.19	-9.508	-13.808	-57.8
5.2	-9.499	-12.630	-72.6
5.21	-9.491	-11.731	-79.6
5.22	-9.482	-11.224	-73.1
5.23	-9.474	-11.071	-70.0
5.24	-9.465	-11.241	-81.3
5.25	-9.456	-11.672	-84.1
5.26	-9.447	-12.229	-65.0
5.27	-9.436	-12.838	-62.3
5.28	-9.426	-13.444	-70.0
5.29	-9.416	-13.974	-72.1
5.3	-9.406	-14.421	-75.5
5.31	-9.394	-14.774	-63.0
5.32	-9.384	-14.935	-59.1
5.33	-9.373	-14.901	-80.0
5.34	-9.363	-14.793	-86.6
5.35	-9.351	-14.806	-53.4
5.36	-9.340	-14.797	-37.3
5.37	-9.330	-14.588	-59.1
5.38	-9.321	-14.342	-60.1
5.39	-9.311	-14.241	-59.1
5.4	-9.300	-14.271	-65.1
5.41	-9.290	-14.164	-66.0
5.42	-9.282	-13.809	-69.6
5.43	-9.276	-13.441	-54.9
5.44	-9.269	-13.311	-39.9
5.45	-9.261	-13.313	-39.0
5.46	-9.253	-13.200	-28.4
5.47	-9.246	-12.978	-31.6
5.48	-9.238	-12.814	-47.4
5.49	-9.231	-12.743	-42.6
5.5	-9.226	-12.703	-33.0
5.51	-9.219	-12.731	-18.6
5.52	-9.212	-12.836	2.0
5.53	-9.204	-12.869	19.2
5.54	-9.197	-12.783	10.4
5.55	-9.189	-12.724	-28.7
5.56	-9.183	-12.729	-59.8
5.57	-9.179	-12.674	-56.7
5.58	-9.176	-12.639	-42.6
5.59	-9.171	-12.746	-50.8
5.6	-9.167	-12.873	-62.3
5.61	-9.163	-12.911	-58.1
5.62	-9.161	-12.918	-65.4
5.63	-9.158	-12.906	-36.6
5.64	-9.157	-12.801	200.3
5.65	-9.156	-12.661	575.2
5.66	-9.156	-12.641	659.2
5.67	-9.154	-12.714	390.0
5.68	-9.152	-12.747	135.0
5.69	-9.149	-12.760	27.5
5.7	-9.144	-12.791	-1.6
5.71	-9.138	-12.756	-29.1
5.72	-9.132	-12.647	-39.9
5.73	-9.127	-12.539	-26.5
5.74	-9.121	-12.499	-40.3
5.75	-9.116	-12.454	-30.6
5.76	-9.110	-11.989	0.1
5.77	-9.104	-10.550	-2.2
5.78	-9.099	-7.801	7.6
5.79	-9.094	-3.598	29.8
5.8	-9.089	2.329	42.1
5.81	-9.085	9.780	49.9
5.82	-9.082	16.477	68.0
5.83	-9.080	19.791	105.9
5.84	-9.078	20.430	144.6
5.85	-9.074	20.428	167.6
5.86	-9.070	19.637	161.2
5.87	-9.066	15.229	171.1
5.88	-9.064	5.917	180.1
5.89	-9.062	-5.076	127.7
5.9	-9.060	-14.103	80.8
5.91	-9.058	-19.055	52.3
5.92	-9.056	-20.371	1.7
5.93	-9.054	-20.453	-50.5
5.94	-9.052	-20.456	-101.3
5.95	-9.052	-20.456	-123.3
5.96	-9.053	-20.456	-115.8
5.97	-9.051	-20.448	-116.4
5.98	-9.049	-20.288	-118.1
5.99	-9.049	-19.721	-105.8
6.0	-9.049	-19.058	-88.3
6.01	-9.049	-19.021	-86.1
6.02	-9.049	-19.628	-98.0
6.03	-9.047	-20.218	-101.1
6.04	-9.047	-20.432	-100.6
6.05	-9.046	-20.373	-104.6
6.06	-9.046	-19.871	-92.8
6.07	-9.047	-18.731	-81.7
6.08	-9.048	-17.289	-81.7
6.09	-9.049	-15.875	-87.1
6.1	-9.051	-14.518	-92.9
6.11	-9.051	-13.314	-76.5
6.12	-9.053	-12.451	-69.4
6.13	-9.054	-11.969	-86.5
6.14	-9.055	-11.785	-87.7
6.15	-9.058	-11.829	-79.9
6.16	-9.059	-12.041	-83.8
6.17	-9.061	-12.359	-87.1
6.18	-9.061	-12.804	-74.0
6.19	-9.061	-13.391	-67.4
6.2	-9.063	-13.984	-83.8
6.21	-9.063	-14.459	-78.7
6.22	-9.064	-14.741	-64.8
6.23	-9.066	-14.841	-69.1
6.24	-9.067	-14.878	-74.4
6.25	-9.068	-14.913	-67.3
6.26	-9.069	-14.915	-59.5
6.27	-9.070	-14.848	-76.0
6.28	-9.072	-14.713	-56.8
6.29	-9.074	-14.556	-30.9
6.3	-9.078	-14.418	-53.5
6.31	-9.082	-14.276	-63.3
6.32	-9.086	-14.111	-63.0
6.33	-9.087	-13.956	-53.3
6.34	-9.088	-13.818	-39.8
6.35	-9.089	-13.633	-46.4
6.36	-9.090	-13.422	-50.0
6.37	-9.091	-13.277	-46.3
6.38	-9.093	-13.145	-46.1
6.39	-9.095	-12.963	-50.3
6.4	-9.098	-12.836	-46.0
6.41	-9.099	-12.826	-31.3
6.42	-9.101	-12.831	-9.3
6.43	-9.103	-12.791	9.9
6.44	-9.104	-12.728	13.8
6.45	-9.106	-12.700	-2.1
6.46	-9.108	-12.767	-29.6
6.47	-9.109	-12.863	-45.2
6.48	-9.110	-12.851	-44.9
6.49	-9.112	-12.774	-43.8
6.5	-9.114	-12.801	-40.6
6.51	-9.116	-12.925	-42.0
6.52	-9.121	-13.013	-51.8
6.53	-9.127	-13.011	-53.2
6.54	-9.133	-12.948	-71.5
6.55	-9.134	-12.888	-57.5
6.56	-9.134	-12.859	200.8
6.57	-9.135	-12.834	610.1
6.58	-9.137	-12.796	691.6
6.59	-9.142	-12.748	394.3
6.6	-9.149	-12.730	127.1
6.61	-9.157	-12.799	28.2
6.62	-9.157	-12.881	-9.4
6.63	-9.150	-12.824	-28.5
6.64	-9.141	-12.665	-31.6
6.65	-9.135	-12.576	-33.5
6.66	-9.136	-12.590	-46.8
6.67	-9.140	-12.482	-35.1
6.68	-9.141	-11.940	-12.5
6.69	-9.139	-10.659	-3.4
6.7	-9.136	-8.182	11.9
6.71	-9.134	-3.993	38.6
6.72	-9.132	2.063	66.0
6.73	-9.133	9.443	75.7
6.74	-9.134	16.113	81.1
6.75	-9.137	19.636	93.2
6.76	-9.140	20.419	120.2
6.77	-9.143	20.413	151.3
6.78	-9.148	19.386	178.5
6.79	-9.154	14.561	190.9
6.8	-9.162	5.146	170.9
6.81	-9.174	-5.667	142.6
6.82	-9.187	-14.489	92.5
6.83	-9.202	-19.207	28.4
6.84	-9.217	-20.391	-26.3
6.85	-9.234	-20.453	-61.1
6.86	-9.249	-20.456	-83.9
6.87	-9.266	-20.456	-96.0
6.88	-9.286	-20.456	-84.3
6.89	-9.304	-20.446	-106.2
6.9	-9.321	-20.261	-135.9
6.91	-9.336	-19.596	-121.7
6.92	-9.353	-18.709	-106.6
6.93	-9.369	-18.347	-101.3
6.94	-9.385	-18.728	-93.3
6.95	-9.399	-19.431	-92.3
6.96	-9.414	-19.894	-96.8
6.97	-9.429	-19.761	-85.1
6.98	-9.446	-18.996	-76.1
6.99	-9.464	-17.816	-93.1
7.0	-9.483	-16.544	-94.7
7.01	-9.503	-15.389	-83.1
7.02	-9.523	-14.366	-80.7
7.03	-9.541	-13.471	-85.7
7.04	-9.560	-12.721	-88.9
7.05	-9.578	-12.148	-83.8
7.06	-9.596	-11.834	-88.0
7.07	-9.613	-11.841	-86.2
7.08	-9.630	-12.179	-78.2
7.09	-9.648	-12.750	-79.3
7.1	-9.665	-13.324	-77.9
7.11	-9.681	-13.748	-76.9
7.12	-9.697	-14.029	-72.7
7.13	-9.714	-14.268	-57.1
7.14	-9.733	-14.585	-68.3
7.15	-9.752	-14.940	-82.4
7.16	-9.771	-15.185	-66.6
7.17	-9.791	-15.239	-67.5
7.18	-9.813	-15.120	-69.6
7.19	-9.834	-14.904	-56.9
7.2	-9.853	-14.671	-48.3
7.21	-9.870	-14.507	-53.3
7.22	-9.887	-14.454	-73.2
7.23	-9.902	-14.397	-69.1
7.24	-9.918	-14.234	-43.4
7.25	-9.934	-14.023	-37.3
7.26	-9.949	-13.816	-44.9
7.27	-9.963	-13.611	-41.8
7.28	-9.978	-13.500	-45.3
7.29	-9.992	-13.489	-50.5
7.3	-10.005	-13.429	-51.4
7.31	-10.019	-13.390	-55.5
7.32	-10.032	-13.381	-46.6
7.33	-10.044	-13.185	-27.6
7.34	-10.056	-12.911	-28.7
7.35	-10.068	-12.859	-48.4
7.36	-10.077	-13.007	-40.8
7.37	-10.084	-13.113	-13.1
7.38	-10.093	-13.116	4.1
7.39	-10.103	-13.066	4.1
7.4	-10.114	-12.949	9.8
7.41	-10.124	-12.851	21.3
7.42	-10.134	-12.823	-6.7
7.43	-10.144	-12.812	-38.7
7.44	-10.156	-12.827	-37.4
7.45	-10.167	-12.843	-36.7
7.46	-10.179	-12.746	-34.9
7.47	-10.191	-12.584	-33.7
7.48	-10.206	-12.644	-38.2
7.49	-10.219	-12.831	-41.6
7.5	-10.231	-12.795	-67.2
7.51	-10.244	-12.776	-19.3
7.52	-10.256	-12.989	292.2
7.53	-10.266	-13.033	645.8
7.54	-10.278	-12.762	587.8
7.55	-10.290	-12.627	278.0
7.56	-10.302	-12.813	76.9
7.57	-10.310	-13.016	-0.3
7.58	-10.316	-13.003	-12.4
7.59	-10.321	-12.841	-16.2
7.6	-10.326	-12.689	-29.1
7.61	-10.332	-12.618	-23.4
7.62	-10.339	-12.608	-6.8
7.63	-10.348	-12.530	9.7
7.64	-10.357	-12.092	10.7
7.65	-10.368	-10.944	-0.2
7.66	-10.378	-8.697	8.7
7.67	-10.388	-4.964	34.5
7.68	-10.396	0.372	54.5
7.69	-10.404	6.900	78.8
7.7	-10.413	13.489	110.0
7.71	-10.421	18.240	133.5
7.72	-10.429	20.156	168.9
7.73	-10.438	20.045	175.5
7.74	-10.447	17.458	163.5
7.75	-10.457	10.996	175.3
7.76	-10.469	1.846	169.8
7.77	-10.481	-7.563	140.8
7.78	-10.493	-15.208	104.3
7.79	-10.504	-19.333	60.3
7.8	-10.516	-20.393	6.2
7.81	-10.526	-20.453	-44.0
7.82	-10.536	-20.456	-75.9
7.83	-10.546	-20.456	-105.8
7.84	-10.556	-20.451	-115.8
7.85	-10.565	-20.313	-103.7
7.86	-10.572	-19.639	-111.9
7.87	-10.578	-18.476	-103.6
7.88	-10.583	-17.615	-80.3
7.89	-10.589	-17.453	-79.0
7.9	-10.594	-17.682	-83.8
7.91	-10.601	-17.903	-102.2
7.92	-10.608	-17.903	-110.9
7.93	-10.614	-17.564	-95.6
7.94	-10.621	-16.803	-89.7
7.95	-10.627	-15.769	-84.8
7.96	-10.632	-14.739	-56.8
7.97	-10.636	-13.760	-43.9
7.98	-10.639	-12.808	-72.3
7.99	-10.643	-12.040	-89.5
8.0	-10.644	-11.556	-86.1
8.01	-10.644	-11.266	-82.3
8.02	-10.643	-11.179	-70.9
8.03	-10.641	-11.371	-65.5
8.04	-10.637	-11.729	-65.4
8.05	-10.633	-12.108	-61.0
8.06	-10.626	-12.473	-61.5
8.07	-10.616	-12.765	-66.8
8.08	-10.604	-12.913	-63.4
8.09	-10.588	-13.003	-65.1
8.1	-10.569	-13.182	-74.6
8.11	-10.549	-13.459	-71.9
8.12	-10.528	-13.695	-59.9
8.13	-10.505	-13.768	-56.2
8.14	-10.483	-13.729	-56.0
8.15	-10.459	-13.642	-55.0
8.16	-10.435	-13.504	-46.2
8.17	-10.411	-13.429	-36.3
8.18	-10.387	-13.466	-50.6
8.19	-10.366	-13.486	-60.1
8.2	-10.344	-13.416	-42.5
8.21	-10.324	-13.301	-43.5
8.22	-10.304	-13.172	-57.7
8.23	-10.284	-12.938	-43.0
8.24	-10.263	-12.686	-33.1
8.25	-10.242	-12.671	-30.1
8.26	-10.222	-12.729	-24.2
8.27	-10.203	-12.614	-24.8
8.28	-10.184	-12.436	-9.3
8.29	-10.166	-12.394	-0.2
8.3	-10.146	-12.448	-6.0
8.31	-10.127	-12.451	-4.5
8.32	-10.109	-12.446	-19.8
8.33	-10.091	-12.518	-36.2
8.34	-10.074	-12.578	-43.7
8.35	-10.058	-12.537	-45.8
8.36	-10.043	-12.467	-36.4
8.37	-10.028	-12.460	-45.1
8.38	-10.013	-12.509	-59.5
8.39	-9.996	-12.568	-63.8
8.4	-9.979	-12.588	-3.8
8.41	-9.962	-12.543	282.7
8.42	-9.946	-12.424	605.9
8.43	-9.931	-12.339	523.9
8.44	-9.915	-12.404	205.7
8.45	-9.899	-12.374	43.7
8.46	-9.881	-12.156	17.2
8.47	-9.862	-12.124	5.6
8.48	-9.840	-12.310	-4.5
8.49	-9.818	-12.386	-11.7
8.5	-9.796	-12.326	-20.8
8.51	-9.777	-12.349	-10.7
8.52	-9.759	-12.399	-1.2
8.53	-9.742	-12.136	2.5
8.54	-9.726	-11.301	23.8
8.55	-9.709	-9.711	40.3
8.56	-9.693	-6.973	50.8
8.57	-9.676	-2.710	76.3
8.58	-9.659	2.891	102.4
8.59	-9.643	8.983	119.5
8.6	-9.629	14.398	129.9
8.61	-9.617	17.996	151.2
8.62	-9.604	18.881	178.2
8.63	-9.590	16.534	201.3
8.64	-9.577	11.110	204.7
8.65	-9.563	3.473	190.2
8.66	-9.549	-5.079	172.4
8.67	-9.536	-12.954	118.1
8.68	-9.523	-18.223	39.7
8.69	-9.509	-20.194	-37.4
8.7	-9.497	-20.453	-90.3
8.71	-9.486	-20.456	-98.6
8.72	-9.477	-20.456	-105.0
8.73	-9.466	-20.452	-100.0
8.74	-9.455	-20.333	-89.4
8.75	-9.444	-19.733	-95.1
8.76	-9.433	-18.650	-92.5
8.77	-9.422	-17.723	-117.8
8.78	-9.412	-17.366	-133.1
8.79	-9.402	-17.470	-110.0
8.8	-9.393	-17.661	-88.5
8.81	-9.383	-17.547	-71.4
8.82	-9.376	-16.960	-66.9
8.83	-9.371	-15.983	-72.7
8.84	-9.364	-14.874	-91.6
8.85	-9.357	-13.847	-95.4
8.86	-9.352	-12.973	-82.3
8.87	-9.348	-12.239	-74.7
8.88	-9.344	-11.606	-70.3
8.89	-9.341	-11.088	-57.1
8.9	-9.338	-10.837	-46.1
8.91	-9.333	-10.936	-67.5
8.92	-9.328	-11.229	-89.3
8.93	-9.322	-11.578	-91.1
8.94	-9.317	-12.016	-85.0
8.95	-9.311	-12.552	-72.2
8.96	-9.306	-13.053	-67.1
8.97	-9.303	-13.471	-69.5
8.98	-9.299	-13.859	-49.1
8.99	-9.294	-14.144	-38.6
9.0	-9.289	-14.268	-64.9
9.01	-9.285	-14.305	-86.0
9.02	-9.281	-14.269	-75.2
9.03	-9.277	-14.134	-52.7
9.04	-9.271	-13.948	-55.3
9.05	-9.266	-13.797	-60.7
9.06	-9.261	-13.703	-65.5
9.07	-9.257	-13.562	-55.7
9.08	-9.253	-13.381	-27.0
9.09	-9.251	-13.362	-33.8
9.1	-9.250	-13.496	-50.9
9.11	-9.250	-13.513	-58.3
9.12	-9.249	-13.321	-54.5
9.13	-9.248	-13.049	-38.2
9.14	-9.247	-12.840	-33.9
9.15	-9.248	-12.816	-14.0
9.16	-9.250	-12.984	0.3
9.17	-9.254	-13.088	-6.8
9.18	-9.258	-12.908	-5.3
9.19	-9.262	-12.699	-13.6
9.2	-9.267	-12.688	-24.6
9.21	-9.274	-12.688	-28.2
9.22	-9.283	-12.603	-38.5
9.23	-9.296	-12.670	-41.4
9.24	-9.311	-12.873	-49.2
9.25	-9.328	-12.804	-62.2
9.26	-9.345	-12.562	-62.9
9.27	-9.361	-12.603	-67.2
9.28	-9.374	-12.836	-9.1
9.29	-9.386	-12.887	278.9
9.3	-9.400	-12.799	653.9
9.31	-9.416	-12.785	642.2
9.32	-9.434	-12.824	300.8
9.33	-9.453	-12.851	75.7
9.34	-9.469	-12.877	11.8
9.35	-9.479	-12.826	-16.3
9.36	-9.483	-12.666	-29.4
9.37	-9.485	-12.529	-26.4
9.38	-9.489	-12.483	-14.2
9.39	-9.496	-12.478	-20.3
9.4	-9.507	-12.431	-26.5
9.41	-9.519	-12.109	-13.5
9.42	-9.531	-11.101	-4.7
9.43	-9.543	-8.966	15.5
9.44	-9.554	-5.379	46.5
9.45	-9.565	-0.289	63.7
9.46	-9.576	5.849	73.6
9.47	-9.589	12.077	97.2
9.48	-9.602	17.067	115.9
9.49	-9.615	19.688	121.2
9.5	-9.627	19.743	149.3
9.51	-9.640	16.859	175.8
9.52	-9.652	10.673	179.5
9.53	-9.664	2.325	189.2
9.54	-9.676	-6.483	166.4
9.55	-9.688	-14.115	92.4
9.56	-9.699	-18.778	27.2
9.57	-9.710	-20.296	-7.5
9.58	-9.722	-20.453	-54.6
9.59	-9.735	-20.456	-103.6
9.6	-9.750	-20.456	-107.2
9.61	-9.766	-20.452	-91.2
9.62	-9.779	-20.328	-94.0
9.63	-9.792	-19.720	-102.1
9.64	-9.803	-18.572	-99.3
9.65	-9.814	-17.472	-91.5
9.66	-9.826	-16.981	-86.5
9.67	-9.836	-17.172	-98.2
9.68	-9.847	-17.656	-110.1
9.69	-9.858	-17.969	-92.5
9.7	-9.871	-17.873	-66.2
9.71	-9.883	-17.308	-71.1
9.72	-9.896	-16.378	-83.4
9.73	-9.909	-15.295	-73.6
9.74	-9.921	-14.261	-68.4
9.75	-9.934	-13.399	-76.9
9.76	-9.948	-12.745	-85.9
9.77	-9.963	-12.238	-88.1
9.78	-9.976	-11.813	-60.7
9.79	-9.989	-11.532	-57.5
9.8	-10.003	-11.466	-81.1
9.81	-10.016	-11.623	-72.3
9.82	-10.028	-11.996	-80.9
9.83	-10.041	-12.501	-88.2
9.84	-10.053	-12.991	-56.7
9.85	-10.065	-13.363	-50.6
9.86	-10.076	-13.555	-57.3
9.87	-10.086	-13.586	-50.9
9.88	-10.098	-13.574	-54.7
9.89	-10.109	-13.623	-69.6
9.9	-10.121	-13.721	-76.1
9.91	-10.132	-13.834	-67.4
9.92	-10.142	-13.945	-56.1
9.93	-10.153	-13.940	-58.1
9.94	-10.163	-13.754	-53.7
9.95	-10.175	-13.539	-35.9
9.96	-10.188	-13.434	-35.8
9.97	-10.201	-13.429	-44.9
9.98	-10.213	-13.446	-56.2
9.99	-10.226	-13.406	-53.3
10.0	-10.239	-13.303	-42.6
10.01	-10.251	-13.184	-47.8
10.02	-10.263	-13.110	-44.4
10.03	-10.273	-13.084	-37.1
10.04	-10.283	-13.066	-19.1
10.05	-10.293	-13.035	11.6
10.06	-10.303	-12.970	19.8
10.07	-10.313	-12.880	11.4
10.08	-10.321	-12.809	-19.3
10.09	-10.331	-12.784	-47.1
10.1	-10.342	-12.814	-44.1
10.11	-10.351	-12.824	-33.9
10.12	-10.361	-12.765	-38.1
10.13	-10.369	-12.736	-49.1
10.14	-10.379	-12.774	-37.5
10.15	-10.389	-12.762	-42.9
10.16	-10.397	-12.664	-75.1
10.17	-10.403	-12.588	-8.1
10.18	-10.409	-12.558	297.0
10.19	-10.414	-12.481	611.5
10.2	-10.420	-12.319	522.9
10.21	-10.426	-12.202	211.4
10.22	-10.431	-12.243	59.2
10.23	-10.434	-12.311	25.1
10.24	-10.434	-12.224	-4.3
10.25	-10.430	-12.081	-25.2
10.26	-10.426	-12.018	-38.6
10.27	-10.426	-11.997	-45.5
10.28	-10.430	-12.068	-18.2
10.29	-10.435	-12.181	-1.6
10.3	-10.439	-11.989	-3.7
10.31	-10.441	-11.174	11.0
10.32	-10.444	-9.472	26.0
10.33	-10.448	-6.487	51.3
10.34	-10.452	-1.935	66.3
10.35	-10.454	3.876	72.4
10.36	-10.456	9.974	90.3
10.37	-10.456	15.136	120.1
10.38	-10.456	18.277	156.7
10.39	-10.456	18.523	183.6
10.4	-10.456	15.500	187.6
10.41	-10.455	9.628	200.1
10.42	-10.454	1.911	204.4
10.43	-10.453	-6.351	147.5
10.44	-10.451	-13.730	83.1
10.45	-10.449	-18.527	32.8
10.46	-10.448	-20.244	-24.9
10.47	-10.445	-20.453	-55.7
10.48	-10.444	-20.456	-54.8
10.49	-10.445	-20.456	-79.0
10.5	-10.446	-20.440	-122.2
10.51	-10.442	-20.205	-130.4
10.52	-10.436	-19.425	-109.7
10.53	-10.433	-18.319	-101.1
10.54	-10.431	-17.425	-94.3
10.55	-10.431	-16.933	-73.8
10.56	-10.430	-16.835	-79.4
10.57	-10.430	-16.981	-86.6
10.58	-10.431	-17.057	-83.1
10.59	-10.433	-16.753	-95.7
10.6	-10.434	-15.968	-94.1
10.61	-10.435	-14.950	-82.2
10.62	-10.436	-13.966	-77.0
10.63	-10.438	-13.044	-70.6
10.64	-10.443	-12.193	-62.7
10.65	-10.447	-11.537	-72.4
10.66	-10.450	-11.109	-82.6
10.67	-10.453	-10.813	-72.0
10.68	-10.455	-10.699	-65.6
10.69	-10.456	-10.878	-62.6
10.7	-10.458	-11.271	-60.5
10.71	-10.459	-11.776	-62.4
10.72	-10.463	-12.394	-73.4
10.73	-10.466	-13.029	-87.9
10.74	-10.467	-13.507	-75.1
10.75	-10.467	-13.779	-54.0
10.76	-10.466	-13.970	-54.1
10.77	-10.464	-14.152	-54.3
10.78	-10.463	-14.177	-57.9
10.79	-10.461	-13.971	-59.8
10.8	-10.459	-13.788	-45.5
10.81	-10.458	-13.784	-49.6
10.82	-10.458	-13.811	-64.9
10.83	-10.458	-13.760	-61.2
10.84	-10.458	-13.645	-44.8
10.85	-10.457	-13.432	-41.6
10.86	-10.456	-13.128	-55.7
10.87	-10.455	-12.871	-49.3
10.88	-10.453	-12.738	-33.4
10.89	-10.450	-12.656	-30.4
10.9	-10.448	-12.488	-21.2
10.91	-10.446	-12.179	-21.2
10.92	-10.442	-11.888	-20.2
10.93	-10.434	-11.778	-6.7
10.94	-10.423	-11.774	-9.8
10.95	-10.408	-11.767	-16.8
10.96	-10.391	-11.739	-15.6
10.97	-10.372	-11.712	-22.7
10.98	-10.353	-11.756	-48.5
10.99	-10.333	-11.883	-56.7
11.0	-10.314	-12.004	-32.7
11.01	-10.296	-12.014	-47.7
11.02	-10.277	-11.973	-84.2
11.03	-10.253	-12.014	-85.9
11.04	-10.224	-12.079	20.2
11.05	-10.195	-12.003	346.3
11.06	-10.171	-11.843	616.1
11.07	-10.148	-11.836	463.3
11.08	-10.125	-11.952	159.0
11.09	-10.101	-11.974	32.5
11.1	-10.074	-11.899	8.0
11.11	-10.043	-11.838	1.9
11.12	-10.008	-11.787	-16.9
11.13	-9.976	-11.751	-32.9
11.14	-9.950	-11.795	-15.6
11.15	-9.930	-11.864	-3.2
11.16	-9.914	-11.813	-3.8
11.17	-9.899	-11.514	10.1
11.18	-9.886	-10.737	30.3
11.19	-9.873	-9.043	33.5
11.2	-9.861	-6.036	36.7
11.21	-9.849	-1.617	58.4
11.22	-9.839	3.921	87.6
11.23	-9.829	9.793	121.8
11.24	-9.821	14.811	147.2
11.25	-9.813	17.813	159.8
11.26	-9.805	17.981	174.6
11.27	-9.798	14.926	183.0
11.28	-9.791	9.013	181.2
11.29	-9.785	1.411	175.8
11.3	-9.780	-6.510	154.5
11.31	-9.777	-13.541	100.0
11.32	-9.776	-18.290	37.1
11.33	-9.775	-20.168	1.4
11.34	-9.776	-20.449	-41.0
11.35	-9.784	-20.456	-95.3
11.36	-9.801	-20.455	-126.1
11.37	-9.819	-20.422	-123.2
11.38	-9.833	-20.090	-94.5
11.39	-9.846	-19.170	-97.9
11.4	-9.861	-17.979	-103.7
11.41	-9.880	-17.085	-80.0
11.42	-9.901	-16.696	-87.3
11.43	-9.923	-16.715	-103.5
11.44	-9.946	-16.914	-106.1
11.45	-9.970	-17.026	-106.0
11.46	-9.996	-16.733	-84.4
11.47	-10.023	-15.913	-69.2
11.48	-10.049	-14.799	-64.3
11.49	-10.074	-13.731	-61.1
11.5	-10.098	-12.844	-70.8
11.51	-10.121	-12.097	-76.9
11.52	-10.142	-11.497	-89.2
11.53	-10.163	-11.096	-92.6
11.54	-10.183	-10.866	-71.2
11.55	-10.203	-10.769	-58.4
11.56	-10.223	-10.879	-64.5
11.57	-10.240	-11.283	-68.8
11.58	-10.254	-11.870	-61.4
11.59	-10.267	-12.396	-63.8
11.6	-10.279	-12.689	-77.4
11.61	-10.289	-12.884	-80.8
11.62	-10.299	-13.270	-78.3
11.63	-10.308	-13.731	-63.9
11.64	-10.316	-14.036	-51.9
11.65	-10.323	-14.208	-54.5
11.66	-10.326	-14.253	-65.7
11.67	-10.328	-14.131	-67.1
11.68	-10.329	-13.916	-44.3
11.69	-10.329	-13.777	-41.1
11.7	-10.328	-13.732	-64.5
11.71	-10.326	-13.669	-68.2
11.72	-10.319	-13.565	-47.9
11.73	-10.309	-13.412	-46.7
11.74	-10.295	-13.200	-64.6
11.75	-10.276	-12.983	-54.7
11.76	-10.253	-12.761	-26.5
11.77	-10.227	-12.559	-7.6
11.78	-10.199	-12.462	10.2
11.79	-10.170	-12.372	15.1
11.8	-10.140	-12.141	-18.9
11.81	-10.109	-11.908	-46.2
11.82	-10.079	-11.858	-51.8
11.83	-10.047	-11.949	-59.4
11.84	-10.017	-12.069	-37.9
11.85	-9.988	-12.118	-34.8
11.86	-9.963	-12.027	-56.6
11.87	-9.939	-11.876	-64.8
11.88	-9.914	-11.788	-84.8
11.89	-9.887	-11.803	-8.6
11.9	-9.861	-11.845	303.5
11.91	-9.840	-11.800	607.8
11.92	-9.821	-11.728	510.1
11.93	-9.802	-11.774	188.2
11.94	-9.781	-11.939	25.8
11.95	-9.759	-12.053	-12.2
11.96	-9.732	-11.987	-29.6
11.97	-9.705	-11.836	-15.3
11.98	-9.679	-11.774	1.5
11.99	-9.654	-11.948	-5.3
12.0	-9.633	-12.370	-19.2
12.01	-9.614	-12.872	-21.7
12.02	-9.595	-12.935	-19.7
12.03	-9.576	-12.047	-11.5
12.04	-9.557	-9.992	18.8
12.05	-9.538	-6.453	49.2
12.06	-9.519	-1.413	64.9
12.07	-9.501	4.606	83.6
12.08	-9.482	10.788	108.6
12.09	-9.463	16.042	125.9
12.1	-9.444	19.156	137.6
12.11	-9.422	19.315	156.3
12.12	-9.403	16.201	172.0
12.13	-9.386	10.066	193.1
12.14	-9.369	1.997	201.0
12.15	-9.353	-6.584	171.0
12.16	-9.336	-14.094	101.7
12.17	-9.319	-18.741	6.9
12.18	-9.302	-20.285	-48.0
12.19	-9.285	-20.453	-81.0
12.2	-9.269	-20.456	-95.5
12.21	-9.256	-20.455	-74.8
12.22	-9.243	-20.436	-90.2
12.23	-9.231	-20.139	-123.6
12.24	-9.217	-19.176	-127.9
12.25	-9.202	-17.878	-118.6
12.26	-9.186	-16.932	-112.0
12.27	-9.170	-16.471	-100.2
12.28	-9.154	-16.483	-87.6
12.29	-9.140	-16.866	-98.8
12.3	-9.126	-17.172	-101.7
12.31	-9.113	-17.003	-85.2
12.32	-9.101	-16.301	-88.6
12.33	-9.090	-15.274	-97.0
12.34	-9.079	-14.198	-82.6
12.35	-9.068	-13.252	-63.6
12.36	-9.057	-12.488	-66.9
12.37	-9.047	-11.883	-88.6
12.38	-9.036	-11.374	-94.0
12.39	-9.026	-10.978	-73.5
12.4	-9.016	-10.786	-67.2
12.41	-9.004	-10.832	-74.8
12.42	-8.994	-11.086	-63.8
12.43	-8.986	-11.438	-62.6
12.44	-8.977	-11.912	-82.3
12.45	-8.966	-12.485	-83.1
12.46	-8.956	-12.879	-80.9
12.47	-8.946	-13.171	-93.1
12.48	-8.938	-13.520	-75.8
12.49	-8.928	-13.666	-50.3
12.5	-8.918	-13.676	-45.0
12.51	-8.910	-13.774	-52.4
12.52	-8.904	-13.716	-65.8
12.53	-8.898	-13.833	-51.1
12.54	-8.891	-14.172	-47.8
12.55	-8.882	-14.092	-59.8
12.56	-8.873	-13.619	-34.3
12.57	-8.865	-13.116	-11.0
12.58	-8.859	-12.963	-3.6
12.59	-8.853	-13.149	-13.6
12.6	-8.848	-13.184	-40.2
12.61	-8.844	-12.702	-47.7
12.62	-8.838	-12.246	-55.0
12.63	-8.832	-12.788	-75.1
12.64	-8.827	-13.678	-84.0
12.65	-8.821	-13.614	-66.8
12.66	-8.818	-12.878	-48.2
12.67	-8.815	-12.412	-73.0
12.68	-8.811	-12.339	-35.4
12.69	-8.806	-12.367	232.2
12.7	-8.801	-12.463	584.1
12.71	-8.796	-12.611	626.1
12.72	-8.793	-12.649	338.2
12.73	-8.789	-12.486	101.6
12.74	-8.784	-12.348	4.7
12.75	-8.778	-12.401	-39.1
12.76	-8.771	-12.527	-28.9
12.77	-8.764	-12.713	-24.0
12.78	-8.757	-12.936	-24.6
12.79	-8.750	-12.936	-35.7
12.8	-8.742	-12.551	-39.1
12.81	-8.736	-11.786	-24.3
12.82	-8.732	-10.571	-22.1
12.83	-8.729	-8.461	6.0
12.84	-8.724	-4.756	27.9
12.85	-8.719	0.783	24.9
12.86	-8.714	7.572	51.6
12.87	-8.711	14.239	82.1
12.88	-8.706	18.714	101.6
12.89	-8.702	20.276	129.6
12.9	-8.698	20.233	148.6
12.91	-8.696	18.219	166.4
12.92	-8.693	12.243	173.4
12.93	-8.691	2.982	150.3
12.94	-8.689	-6.805	119.9
12.95	-8.686	-14.783	88.8
12.96	-8.683	-19.172	35.7
12.97	-8.682	-20.369	-39.5
12.98	-8.679	-20.453	-82.1
12.99	-8.677	-20.456	-91.7
13.0	-8.677	-20.456	-109.4
13.01	-8.678	-20.455	-107.3
13.02	-8.678	-20.404	-109.4
13.03	-8.677	-19.989	-134.0
13.04	-8.676	-18.964	-124.3
13.05	-8.676	-17.912	-103.1
13.06	-8.676	-17.548	-99.3
13.07	-8.676	-17.779	-88.8
13.08	-8.675	-18.219	-92.5
13.09	-8.676	-18.571	-107.7
13.1	-8.678	-18.578	-107.8
13.11	-8.680	-18.121	-98.4
13.12	-8.681	-17.323	-85.9
13.13	-8.682	-16.378	-83.3
13.14	-8.682	-15.334	-82.6
13.15	-8.683	-14.273	-68.2
13.16	-8.686	-13.384	-78.9
13.17	-8.689	-12.731	-97.3
13.18	-8.693	-12.288	-96.7
13.19	-8.696	-11.952	-89.7
13.2	-8.701	-11.664	-67.9
13.21	-8.704	-11.776	-69.0
13.22	-8.706	-12.191	-78.1
13.23	-8.707	-12.518	-67.5
13.24	-8.707	-12.996	-69.1
13.25	-8.708	-13.590	-83.1
13.26	-8.711	-13.931	-80.1
13.27	-8.714	-14.121	-69.8
13.28	-8.717	-14.429	-69.8
13.29	-8.720	-14.737	-54.0
13.3	-8.723	-14.840	-41.8
13.31	-8.724	-14.783	-54.2
13.32	-8.726	-14.661	-62.8
13.33	-8.728	-14.528	-59.3
13.34	-8.731	-14.384	-61.3
13.35	-8.733	-14.108	-72.6
13.36	-8.735	-13.802	-58.7
13.37	-8.737	-13.745	-27.6
13.38	-8.739	-13.773	-7.8
13.39	-8.741	-13.640	6.9
13.4	-8.744	-13.386	12.1
13.41	-8.746	-13.013	0.4
13.42	-8.749	-12.727	-31.2
13.43	-8.751	-12.769	-62.3
13.44	-8.754	-12.957	-66.7
13.45	-8.757	-13.119	-42.7
13.46	-8.759	-13.193	-32.4
13.47	-8.761	-13.099	-50.1
13.48	-8.763	-12.935	-73.3
13.49	-8.766	-12.779	-75.6
13.5	-8.768	-12.718	-68.5
13.51	-8.769	-12.871	-18.7
13.52	-8.772	-12.987	253.8
13.53	-8.775	-12.790	628.3
13.54	-8.778	-12.436	658.3
13.55	-8.783	-12.219	350.1
13.56	-8.788	-12.248	108.6
13.57	-8.791	-12.383	22.0
13.58	-8.789	-12.443	-19.1
13.59	-8.786	-12.496	-30.0
13.6	-8.784	-12.617	-40.6
13.61	-8.784	-12.603	-52.2
13.62	-8.786	-12.416	-38.2
13.63	-8.787	-12.153	-10.4
13.64	-8.786	-11.481	-11.9
13.65	-8.786	-9.881	-11.6
13.66	-8.784	-6.919	21.7
13.67	-8.783	-2.201	26.1
13.68	-8.784	4.296	28.2
13.69	-8.785	11.739	53.3
13.7	-8.787	17.640	80.0
13.71	-8.789	20.101	115.3
13.72	-8.793	20.444	130.8
13.73	-8.795	20.171	151.8
13.74	-8.797	17.678	184.9
13.75	-8.799	10.656	177.6
13.76	-8.802	0.558	149.3
13.77	-8.804	-9.293	117.5
13.78	-8.807	-16.522	78.6
13.79	-8.809	-19.806	24.8
13.8	-8.812	-20.434	-28.4
13.81	-8.815	-20.455	-69.8
13.82	-8.819	-20.456	-76.9
13.83	-8.826	-20.456	-83.1
13.84	-8.836	-20.454	-115.0
13.85	-8.846	-20.373	-114.9
13.86	-8.853	-19.910	-106.9
13.87	-8.860	-19.051	-103.7
13.88	-8.869	-18.304	-93.1
13.89	-8.880	-18.024	-83.8
13.9	-8.890	-18.317	-78.7
13.91	-8.900	-18.986	-95.8
13.92	-8.911	-19.484	-106.6
13.93	-8.923	-19.415	-94.6
13.94	-8.936	-18.730	-83.0
13.95	-8.949	-17.638	-73.7
13.96	-8.962	-16.406	-73.1
13.97	-8.976	-15.216	-74.7
13.98	-8.989	-14.209	-67.3
13.99	-9.002	-13.422	-70.5
14.0	-9.016	-12.799	-74.1
14.01	-9.032	-12.322	-72.1
14.02	-9.049	-12.014	-80.1
14.03	-9.066	-11.896	-82.0
14.04	-9.086	-12.026	-73.1
14.05	-9.104	-12.411	-59.3
14.06	-9.122	-12.898	-52.3
14.07	-9.139	-13.391	-66.1
14.08	-9.157	-13.883	-70.1
14.09	-9.174	-14.260	-61.0
14.1	-9.191	-14.443	-59.6
14.11	-9.207	-14.565	-59.0
14.12	-9.225	-14.713	-67.1
14.13	-9.243	-14.796	-49.5
14.14	-9.261	-14.797	-23.8
14.15	-9.279	-14.747	-35.6
14.16	-9.296	-14.622	-47.9
14.17	-9.314	-14.426	-44.5
14.18	-9.331	-14.228	-38.3
14.19	-9.348	-14.154	-49.4
14.2	-9.364	-14.224	-46.4
14.21	-9.380	-14.223	-26.9
14.22	-9.397	-13.931	-24.8
14.23	-9.414	-13.487	-31.4
14.24	-9.431	-13.229	-26.1
14.25	-9.447	-13.201	-6.9
14.26	-9.464	-13.163	17.0
14.27	-9.480	-12.991	29.3
14.28	-9.497	-12.804	5.3
14.29	-9.513	-12.732	-12.0
14.3	-9.529	-12.723	-23.5
14.31	-9.547	-12.725	-41.7
14.32	-9.564	-12.789	-40.3
14.33	-9.580	-12.899	-37.2
14.34	-9.596	-12.980	-36.3
14.35	-9.611	-12.970	-39.6
14.36	-9.626	-12.841	-52.2
14.37	-9.641	-12.710	-68.0
14.38	-9.657	-12.688	34.4
14.39	-9.673	-12.734	386.5
14.4	-9.689	-12.822	693.3
14.41	-9.706	-12.949	586.3
14.42	-9.724	-13.046	273.7
14.43	-9.740	-13.004	76.1
14.44	-9.753	-12.803	4.9
14.45	-9.764	-12.636	-4.5
14.46	-9.772	-12.691	-4.7
14.47	-9.781	-12.847	-16.3
14.48	-9.792	-12.869	-21.8
14.49	-9.805	-12.693	-13.6
14.5	-9.818	-12.277	5.0
14.51	-9.832	-11.303	20.3
14.52	-9.846	-9.363	27.9
14.53	-9.859	-6.141	37.1
14.54	-9.873	-1.266	48.7
14.55	-9.887	5.357	65.6
14.56	-9.901	12.713	70.1
14.57	-9.914	18.152	88.2
14.58	-9.928	20.203	138.2
14.59	-9.942	20.444	175.1
14.6	-9.955	20.119	190.5
14.61	-9.969	17.351	191.3
14.62	-9.982	9.881	187.3
14.63	-9.995	-0.571	173.1
14.64	-10.008	-10.501	136.8
14.65	-10.021	-17.328	87.2
14.66	-10.036	-20.046	23.9
14.67	-10.050	-20.448	-19.6
14.68	-10.063	-20.455	-47.5
14.69	-10.075	-20.456	-79.9
14.7	-10.088	-20.456	-97.5
14.71	-10.101	-20.450	-108.1
14.72	-10.114	-20.296	-107.7
14.73	-10.126	-19.620	-103.8
14.74	-10.136	-18.565	-100.4
14.75	-10.148	-17.966	-88.3
14.76	-10.161	-18.261	-81.1
14.77	-10.173	-19.151	-85.7
14.78	-10.184	-19.974	-89.5
14.79	-10.194	-20.169	-87.2
14.8	-10.204	-19.672	-69.6
14.81	-10.214	-18.684	-62.5
14.82	-10.226	-17.419	-79.9
14.83	-10.238	-16.132	-80.4
14.84	-10.249	-14.986	-63.4
14.85	-10.262	-13.963	-62.2
14.86	-10.275	-13.074	-77.6
14.87	-10.289	-12.471	-78.3
14.88	-10.302	-12.156	-67.4
14.89	-10.314	-11.888	-65.8
14.9	-10.326	-11.624	-73.9
14.91	-10.339	-11.600	-71.5
14.92	-10.351	-11.882	-65.7
14.93	-10.363	-12.363	-67.4
14.94	-10.377	-12.894	-58.3
14.95	-10.390	-13.333	-42.6
14.96	-10.401	-13.671	-55.1
14.97	-10.413	-13.953	-60.2
14.98	-10.426	-14.249	-34.7
14.99	-10.438	-14.561	-38.4
15.0	-10.450	-14.702	-61.5
15.01	-10.463	-14.605	-63.3
15.02	-10.474	-14.422	-58.3
15.03	-10.486	-14.264	-61.9
15.04	-10.497	-14.106	-46.0
15.05	-10.509	-13.963	-21.5
15.06	-10.520	-13.899	-2.1
15.07	-10.531	-13.864	17.8
15.08	-10.542	-13.741	17.3
15.09	-10.551	-13.539	10.8
15.1	-10.560	-13.396	-9.7
15.11	-10.569	-13.255	-41.0
15.12	-10.578	-12.989	-46.3
15.13	-10.584	-12.792	-36.3
15.14	-10.588	-12.741	-34.5
15.15	-10.591	-12.653	-18.5
15.16	-10.592	-12.651	-7.0
15.17	-10.592	-12.728	-34.4
15.18	-10.591	-12.523	-61.2
15.19	-10.585	-12.074	-85.1
15.2	-10.574	-11.961	-39.8
15.21	-10.562	-12.224	239.8
15.22	-10.551	-12.276	585.5
15.23	-10.539	-12.136	565.5
15.24	-10.523	-12.134	251.2
15.25	-10.503	-12.218	42.6
15.26	-10.481	-12.271	6.6
15.27	-10.449	-12.225	-0.4
15.28	-10.409	-12.088	-27.5
15.29	-10.366	-12.149	-14.2
15.3	-10.324	-12.464	7.6
15.31	-10.289	-12.587	-9.9
15.32	-10.258	-12.340	-10.8
15.33	-10.230	-11.907	6.4
15.34	-10.204	-11.123	14.5
15.35	-10.176	-9.324	26.4
15.36	-10.148	-5.884	42.1
15.37	-10.120	-0.696	62.0
15.38	-10.091	5.859	88.0
15.39	-10.063	12.857	118.8
15.4	-10.035	18.109	143.9
15.41	-10.008	20.180	164.3
15.42	-9.979	20.426	187.7
15.43	-9.947	19.694	190.8
15.44	-9.916	15.774	182.3
15.45	-9.885	7.414	196.6
15.46	-9.856	-2.874	178.2
15.47	-9.828	-12.099	92.8
15.48	-9.803	-18.064	26.8
15.49	-9.777	-20.194	-13.1
15.5	-9.752	-20.452	-60.3
15.51	-9.729	-20.456	-101.0
15.52	-9.707	-20.456	-115.0
15.53	-9.686	-20.456	-108.6
15.54	-9.665	-20.456	-104.3
15.55	-9.644	-20.456	-109.0
15.56	-9.623	-20.434	-114.0
15.57	-9.606	-20.367	-105.7
15.58	-9.589	-20.347	-107.9
15.59	-9.571	-20.411	-113.8
15.6	-9.554	-20.416	-89.5
15.61	-9.537	-20.161	-72.5
15.62	-9.521	-19.396	-90.4
15.63	-9.506	-18.046	-97.2
15.64	-9.491	-16.374	-79.2
15.65	-9.478	-14.823	-69.9
15.66	-9.467	-13.658	-76.3
15.67	-9.456	-12.777	-83.1
15.68	-9.446	-12.030	-81.6
15.69	-9.436	-11.498	-76.3
15.7	-9.426	-11.266	-69.6
15.71	-9.417	-11.272	-60.2
15.72	-9.409	-11.414	-54.4
15.73	-9.402	-11.604	-60.2
15.74	-9.397	-11.894	-85.5
15.75	-9.391	-12.515	-78.2
15.76	-9.384	-13.360	-59.9
15.77	-9.378	-13.979	-71.0
15.78	-9.372	-14.317	-64.1
15.79	-9.366	-14.554	-58.1
15.8	-9.361	-14.662	-60.8
15.81	-9.356	-14.681	-60.8
15.82	-9.350	-14.764	-60.3
15.83	-9.344	-14.844	-52.9
15.84	-9.341	-14.753	-40.0
15.85	-9.337	-14.534	-45.6
15.86	-9.332	-14.324	-67.1
15.87	-9.326	-14.161	-57.7
15.88	-9.321	-14.066	-53.1
15.89	-9.316	-14.008	-45.9
15.9	-9.310	-13.832	-19.7
15.91	-9.304	-13.539	-3.5
15.92	-9.297	-13.308	11.5
15.93	-9.293	-13.041	4.8
15.94	-9.289	-12.631	-17.0
15.95	-9.284	-12.391	-24.0
15.96	-9.277	-12.483	-31.8
15.97	-9.272	-12.633	-44.2
15.98	-9.267	-12.642	-59.9
15.99	-9.261	-12.599	-62.3
16.0	-9.255	-12.604	-59.9
16.01	-9.249	-12.573	-49.7
16.02	-9.243	-12.519	-51.2
16.03	-9.238	-12.648	-42.0
16.04	-9.231	-12.861	190.7
16.05	-9.226	-12.928	577.8
16.06	-9.220	-12.875	667.1
16.07	-9.214	-12.773	379.4
16.08	-9.209	-12.684	103.5
16.09	-9.203	-12.743	5.7
16.1	-9.194	-13.027	-21.8
16.11	-9.185	-13.314	-23.9
16.12	-9.174	-13.298	-20.1
16.13	-9.164	-12.963	-23.0
16.14	-9.158	-12.538	-11.3
16.15	-9.151	-12.269	-4.8
16.16	-9.145	-12.002	-16.2
16.17	-9.138	-11.135	-6.8
16.18	-9.131	-9.023	15.2
16.19	-9.124	-5.163	21.4
16.2	-9.117	0.781	35.3
16.21	-9.109	8.415	73.9
16.22	-9.103	15.564	110.6
16.23	-9.096	19.484	121.1
16.24	-9.088	20.409	142.1
16.25	-9.079	20.431	173.6
16.26	-9.071	19.728	188.5
16.27	-9.063	15.718	191.0
16.28	-9.056	7.071	167.7
16.29	-9.049	-3.481	135.0
16.3	-9.044	-12.751	105.8
16.31	-9.039	-18.449	48.5
16.32	-9.036	-20.274	-10.7
16.33	-9.033	-20.453	-57.6
16.34	-9.030	-20.456	-99.2
16.35	-9.027	-20.456	-98.2
16.36	-9.024	-20.456	-90.3
16.37	-9.022	-20.455	-109.9
16.38	-9.019	-20.412	-124.1
16.39	-9.017	-20.125	-117.3
16.4	-9.015	-19.604	-104.0
16.41	-9.013	-19.420	-106.2
16.42	-9.009	-19.834	-102.4
16.43	-9.005	-20.297	-83.8
16.44	-9.001	-20.436	-96.7
16.45	-8.998	-20.244	-100.6
16.46	-8.996	-19.507	-79.6
16.47	-8.996	-18.244	-78.3
16.48	-8.996	-16.858	-83.7
16.49	-8.996	-15.478	-86.2
16.5	-8.996	-14.136	-91.6
16.51	-8.996	-13.063	-85.9
16.52	-8.996	-12.326	-70.9
16.53	-8.998	-11.786	-72.9
16.54	-8.999	-11.484	-68.9
16.55	-9.001	-11.567	-61.7
16.56	-9.003	-11.958	-71.6
16.57	-9.004	-12.448	-84.3
16.58	-9.005	-12.940	-91.0
16.59	-9.006	-13.386	-82.5
16.6	-9.006	-13.785	-69.7
16.61	-9.007	-14.223	-56.2
16.62	-9.008	-14.624	-56.7
16.63	-9.009	-14.786	-72.4
16.64	-9.011	-14.749	-70.4
16.65	-9.013	-14.661	-51.0
16.66	-9.016	-14.645	-49.9
16.67	-9.019	-14.680	-55.2
16.68	-9.023	-14.615	-55.7
16.69	-9.026	-14.499	-68.3
16.7	-9.030	-14.404	-69.6
16.71	-9.034	-14.307	-57.3
16.72	-9.039	-14.182	-40.2
16.73	-9.045	-14.027	-37.4
16.74	-9.052	-13.842	-43.0
16.75	-9.059	-13.601	-44.6
16.76	-9.068	-13.351	-50.0
16.77	-9.076	-13.124	-47.6
16.78	-9.084	-12.869	-32.4
16.79	-9.092	-12.614	-12.9
16.8	-9.101	-12.441	-6.8
16.81	-9.110	-12.359	12.6
16.82	-9.119	-12.328	14.7
16.83	-9.126	-12.295	-29.9
16.84	-9.134	-12.216	-44.9
16.85	-9.141	-12.188	-33.6
16.86	-9.150	-12.345	-34.4
16.87	-9.160	-12.621	-39.6
16.88	-9.171	-12.817	-52.7
16.89	-9.184	-12.890	-41.7
16.9	-9.199	-12.914	-34.8
16.91	-9.214	-12.854	-65.2
16.92	-9.228	-12.791	-44.0
16.93	-9.241	-12.965	170.2
16.94	-9.257	-13.261	557.8
16.95	-9.274	-13.335	705.8
16.96	-9.293	-13.202	438.1
16.97	-9.312	-13.164	153.0
16.98	-9.331	-13.321	46.8
16.99	-9.346	-13.396	10.1
17.0	-9.356	-13.192	-11.9
17.01	-9.363	-13.016	-27.8
17.02	-9.370	-13.109	-35.0
17.03	-9.379	-13.164	-31.6
17.04	-9.389	-12.913	-25.4
17.05	-9.399	-12.345	-26.4
17.06	-9.410	-11.160	-17.8
17.07	-9.420	-8.670	6.3
17.08	-9.430	-4.284	32.4
17.09	-9.440	2.026	60.8
17.1	-9.451	9.598	86.0
17.11	-9.463	16.309	98.7
17.12	-9.475	19.726	98.1
17.13	-9.486	20.426	107.3
17.14	-9.497	20.426	138.5
17.15	-9.508	19.615	159.1
17.16	-9.519	15.316	153.7
17.17	-9.532	6.294	149.8
17.18	-9.543	-4.579	157.5
17.19	-9.554	-13.781	133.3
17.2	-9.566	-18.942	73.8
17.21	-9.578	-20.355	21.3
17.22	-9.589	-20.452	-44.2
17.23	-9.602	-20.456	-100.7
17.24	-9.614	-20.456	-111.0
17.25	-9.628	-20.456	-107.8
17.26	-9.642	-20.454	-119.2
17.27	-9.655	-20.368	-110.8
17.28	-9.668	-19.896	-73.7
17.29	-9.680	-19.157	-64.5
17.3	-9.691	-18.969	-82.6
17.31	-9.702	-19.545	-97.9
17.32	-9.713	-20.177	-100.3
17.33	-9.725	-20.418	-101.1
17.34	-9.738	-20.302	-86.3
17.35	-9.752	-19.763	-61.1
17.36	-9.766	-18.741	-66.5
17.37	-9.781	-17.383	-59.1
17.38	-9.796	-15.976	-61.5
17.39	-9.811	-14.756	-89.5
17.4	-9.828	-13.714	-85.3
17.41	-9.843	-12.831	-75.8
17.42	-9.859	-12.242	-68.3
17.43	-9.873	-12.006	-48.9
17.44	-9.887	-12.019	-56.7
17.45	-9.901	-12.234	-77.9
17.46	-9.915	-12.619	-70.9
17.47	-9.929	-13.065	-71.5
17.48	-9.944	-13.511	-72.2
17.49	-9.958	-13.979	-68.1
17.5	-9.973	-14.438	-68.8
17.51	-9.988	-14.759	-52.0
17.52	-10.002	-14.883	-52.8
17.53	-10.016	-14.911	-62.9
17.54	-10.029	-14.936	-54.9
17.55	-10.043	-14.923	-56.1
17.56	-10.054	-14.833	-55.3
17.57	-10.066	-14.726	-55.5
17.58	-10.078	-14.658	-51.6
17.59	-10.088	-14.584	-46.8
17.6	-10.099	-14.424	-47.6
17.61	-10.108	-14.151	-45.1
17.62	-10.118	-13.760	-55.2
17.63	-10.126	-13.269	-48.1
17.64	-10.136	-12.761	-44.6
17.65	-10.146	-12.378	-51.4
17.66	-10.156	-12.306	-39.1
17.67	-10.166	-12.511	-25.6
17.68	-10.174	-12.646	-5.3
17.69	-10.180	-12.523	21.0
17.7	-10.186	-12.386	19.8
17.71	-10.191	-12.440	-10.1
17.72	-10.195	-12.591	-29.9
17.73	-10.198	-12.788	-38.1
17.74	-10.201	-12.949	-38.6
17.75	-10.204	-12.943	-30.1
17.76	-10.206	-12.872	-28.2
17.77	-10.208	-12.881	-21.0
17.78	-10.210	-12.907	-27.9
17.79	-10.210	-12.859	-55.6
17.8	-10.208	-12.797	-70.2
17.81	-10.203	-12.863	-42.3
17.82	-10.195	-12.972	170.2
17.83	-10.189	-12.849	547.2
17.84	-10.186	-12.608	635.0
17.85	-10.179	-12.541	341.0
17.86	-10.168	-12.584	90.5
17.87	-10.153	-12.553	17.4
17.88	-10.130	-12.431	16.3
17.89	-10.099	-12.319	-0.2
17.9	-10.064	-12.291	-31.4
17.91	-10.032	-12.325	-24.8
17.92	-10.004	-12.308	-12.1
17.93	-9.981	-12.149	-9.8
17.94	-9.961	-11.790	-1.4
17.95	-9.942	-10.974	5.9
17.96	-9.922	-9.239	30.3
17.97	-9.902	-6.148	61.8
17.98	-9.883	-1.350	69.8
17.99	-9.863	5.144	76.6
18.0	-9.844	12.329	101.5
18.01	-9.826	17.834	135.4
18.02	-9.808	20.114	148.9
18.03	-9.789	20.424	155.1
18.04	-9.773	19.698	178.1
18.05	-9.756	15.819	199.2
18.06	-9.740	7.523	198.1
18.07	-9.725	-2.726	166.8
18.08	-9.711	-11.949	118.4
18.09	-9.697	-17.976	62.5
18.1	-9.681	-20.177	-13.1
18.11	-9.665	-20.453	-78.3
18.12	-9.649	-20.456	-100.5
18.13	-9.637	-20.456	-103.4
18.14	-9.624	-20.456	-109.0
18.15	-9.611	-20.439	-115.2
18.16	-9.596	-20.189	-104.9
18.17	-9.580	-19.431	-93.2
18.18	-9.564	-18.560	-100.3
18.19	-9.550	-18.222	-113.0
18.2	-9.537	-18.506	-114.6
18.21	-9.523	-19.003	-98.8
18.22	-9.508	-19.130	-96.7
18.23	-9.493	-18.636	-96.7
18.24	-9.480	-17.601	-91.1
18.25	-9.468	-16.184	-88.9
18.26	-9.457	-14.681	-67.5
18.27	-9.447	-13.430	-78.6
18.28	-9.438	-12.576	-97.9
18.29	-9.429	-11.986	-85.6
18.3	-9.421	-11.421	-72.0
18.31	-9.411	-10.901	-56.3
18.32	-9.404	-10.700	-56.6
18.33	-9.396	-11.004	-77.4
18.34	-9.386	-11.709	-86.7
18.35	-9.375	-12.519	-61.7
18.36	-9.365	-13.203	-59.6
18.37	-9.356	-13.658	-72.0
18.38	-9.348	-13.907	-54.2
18.39	-9.339	-14.131	-62.8
18.4	-9.331	-14.429	-79.7
18.41	-9.322	-14.667	-62.9
18.42	-9.314	-14.709	-51.8
18.43	-9.305	-14.614	-65.0
18.44	-9.296	-14.438	-57.0
18.45	-9.285	-14.160	-33.6
18.46	-9.275	-13.914	-40.9
18.47	-9.267	-13.859	-57.1
18.48	-9.259	-13.901	-58.1
18.49	-9.252	-13.829	-52.9
18.5	-9.244	-13.614	-50.5
18.51	-9.235	-13.386	-61.7
18.52	-9.228	-13.259	-46.9
18.53	-9.221	-13.155	-6.9
18.54	-9.213	-13.004	-5.1
18.55	-9.205	-12.858	-2.4
18.56	-9.197	-12.762	13.3
18.57	-9.191	-12.841	10.8
18.58	-9.184	-13.078	-5.4
18.59	-9.178	-13.231	-39.6
18.6	-9.172	-13.136	-48.5
18.61	-9.166	-12.874	-40.5
18.62	-9.160	-12.648	-49.1
18.63	-9.155	-12.554	-49.2
18.64	-9.150	-12.608	-37.1
18.65	-9.146	-12.761	-25.9
18.66	-9.143	-12.872	-56.3
18.67	-9.138	-12.838	-71.5
18.68	-9.135	-12.649	114.6
18.69	-9.134	-12.438	498.9
18.7	-9.131	-12.421	682.2
18.71	-9.129	-12.624	443.1
18.72	-9.126	-12.864	156.6
18.73	-9.123	-13.034	51.5
18.74	-9.118	-12.998	4.3
18.75	-9.112	-12.676	-19.1
18.76	-9.106	-12.378	-16.8
18.77	-9.099	-12.396	-16.0
18.78	-9.093	-12.564	-23.8
18.79	-9.088	-12.572	-22.4
18.8	-9.083	-12.271	-15.2
18.81	-9.078	-11.448	-6.9
18.82	-9.072	-9.698	13.1
18.83	-9.066	-6.613	33.0
18.84	-9.062	-1.974	59.0
18.85	-9.058	4.218	75.2
18.86	-9.054	11.332	84.6
18.87	-9.050	17.220	109.7
18.88	-9.046	19.946	132.0
18.89	-9.043	20.433	152.9
18.9	-9.040	20.033	171.4
18.91	-9.037	17.094	177.5
18.92	-9.033	9.767	187.8
18.93	-9.029	-0.240	183.2
18.94	-9.026	-9.926	134.3
18.95	-9.024	-16.893	56.2
18.96	-9.023	-19.904	-9.5
18.97	-9.024	-20.438	-41.9
18.98	-9.023	-20.455	-76.6
18.99	-9.023	-20.456	-106.7
19.0	-9.025	-20.456	-99.7
19.01	-9.026	-20.455	-88.3
19.02	-9.024	-20.404	-94.5
19.03	-9.023	-20.023	-107.0
19.04	-9.024	-19.227	-111.3
19.05	-9.024	-18.656	-100.4
19.06	-9.024	-18.764	-92.2
19.07	-9.023	-19.204	-87.7
19.08	-9.023	-19.430	-79.8
19.09	-9.023	-19.208	-75.3
19.1	-9.024	-18.574	-89.1
19.11	-9.025	-17.539	-88.6
19.12	-9.027	-16.247	-76.3
19.13	-9.030	-14.991	-74.7
19.14	-9.032	-13.872	-67.7
19.15	-9.034	-12.869	-71.0
19.16	-9.037	-12.101	-69.3
19.17	-9.041	-11.656	-56.3
19.18	-9.044	-11.442	-67.0
19.19	-9.048	-11.424	-87.1
19.2	-9.052	-11.679	-85.5
19.21	-9.055	-12.155	-74.8
19.22	-9.058	-12.684	-58.6
19.23	-9.059	-13.141	-52.4
19.24	-9.060	-13.540	-59.0
19.25	-9.062	-13.938	-49.4
19.26	-9.063	-14.284	-51.6
19.27	-9.064	-14.495	-65.0
19.28	-9.066	-14.566	-66.3
19.29	-9.068	-14.561	-62.2
19.3	-9.069	-14.577	-50.3
19.31	-9.071	-14.606	-57.6
19.32	-9.074	-14.539	-59.6
19.33	-9.079	-14.366	-27.1
19.34	-9.085	-14.154	-19.9
19.35	-9.091	-13.976	-60.8
19.36	-9.096	-13.868	-59.9
19.37	-9.100	-13.753	-33.3
19.38	-9.104	-13.610	-49.0
19.39	-9.107	-13.532	-55.3
19.4	-9.111	-13.495	-44.1
19.41	-9.116	-13.373	-37.4
19.42	-9.122	-13.161	-36.0
19.43	-9.128	-12.966	-36.3
19.44	-9.134	-12.827	-16.3
19.45	-9.139	-12.731	9.0
19.46	-9.144	-12.686	10.1
19.47	-9.148	-12.644	9.2
19.48	-9.151	-12.636	6.3
19.49	-9.154	-12.739	-11.3
19.5	-9.160	-12.849	-33.3
19.51	-9.168	-12.822	-45.8
19.52	-9.179	-12.719	-36.8
19.53	-9.194	-12.648	-32.6
19.54	-9.212	-12.610	-36.0
19.55	-9.234	-12.640	-34.5
19.56	-9.259	-12.726	-36.8
19.57	-9.286	-12.771	-64.7
19.58	-9.311	-12.809	-13.6
19.59	-9.336	-12.871	290.3
19.6	-9.365	-12.860	653.3
19.61	-9.395	-12.789	649.1
19.62	-9.426	-12.824	342.0
19.63	-9.457	-12.984	110.3
19.64	-9.486	-13.099	25.8
19.65	-9.510	-13.136	-8.1
19.66	-9.529	-13.186	-24.0
19.67	-9.546	-13.184	-19.6
19.68	-9.563	-13.061	-14.9
19.69	-9.581	-12.916	-22.8
19.7	-9.599	-12.743	-18.3
19.71	-9.616	-12.317	-7.3
19.72	-9.632	-11.181	2.3
19.73	-9.648	-8.699	30.8
19.74	-9.662	-4.428	55.0
19.75	-9.679	1.550	62.2
19.76	-9.694	8.620	73.5
19.77	-9.710	15.263	94.0
19.78	-9.724	19.257	124.2
19.79	-9.738	20.374	146.9
19.8	-9.753	20.334	154.5
19.81	-9.766	18.754	174.0
19.82	-9.777	13.196	185.1
19.83	-9.788	3.923	174.2
19.84	-9.801	-6.061	157.7
19.85	-9.814	-14.289	110.8
19.86	-9.826	-18.976	52.8
19.87	-9.838	-20.340	9.1
19.88	-9.851	-20.452	-44.2
19.89	-9.866	-20.456	-93.1
19.9	-9.881	-20.456	-100.9
19.91	-9.896	-20.455	-102.9
19.92	-9.911	-20.388	-105.0
19.93	-9.924	-19.941	-96.1
19.94	-9.936	-18.999	-96.2
19.95	-9.948	-18.166	-93.0
19.96	-9.960	-18.026	-89.4
19.97	-9.973	-18.459	-76.3
19.98	-9.984	-19.002	-70.7
19.99	-9.996	-19.216	-81.5
20.0	-10.009	-18.893	-80.3
20.01	-10.024	-18.150	-91.4
20.02	-10.038	-17.213	-107.1
20.03	-10.053	-16.188	-88.2
20.04	-10.069	-15.108	-77.7
20.05	-10.084	-13.975	-88.5
20.06	-10.100	-12.984	-66.3
20.07	-10.117	-12.374	-46.0
20.08	-10.134	-12.023	-74.4
20.09	-10.150	-11.849	-96.3
20.1	-10.166	-11.914	-93.4
20.11	-10.183	-12.093	-96.5
20.12	-10.200	-12.345	-88.0
20.13	-10.216	-12.724	-69.3
20.14	-10.229	-13.176	-63.5
20.15	-10.243	-13.679	-70.1
20.16	-10.256	-14.201	-75.5
20.17	-10.269	-14.576	-74.1
20.18	-10.282	-14.679	-68.6
20.19	-10.294	-14.565	-62.4
20.2	-10.308	-14.429	-50.9
20.21	-10.323	-14.467	-49.4
20.22	-10.336	-14.639	-54.1
20.23	-10.348	-14.722	-48.2
20.24	-10.360	-14.573	-46.5
20.25	-10.372	-14.216	-54.3
20.26	-10.384	-13.873	-65.3
20.27	-10.397	-13.729	-59.8
20.28	-10.409	-13.638	-39.2
20.29	-10.423	-13.343	-25.6
20.3	-10.436	-12.864	-13.5
20.31	-10.449	-12.389	-22.3
20.32	-10.462	-12.001	-39.8
20.33	-10.475	-11.748	-28.9
20.34	-10.488	-11.656	-6.7
20.35	-10.499	-11.787	8.6
20.36	-10.511	-12.127	9.0
20.37	-10.523	-12.425	11.1
20.38	-10.533	-12.558	3.0
20.39	-10.542	-12.621	-21.5
20.4	-10.551	-12.673	-42.6
20.41	-10.561	-12.775	-59.2
20.42	-10.567	-12.944	-58.7
20.43	-10.574	-13.080	-53.6
20.44	-10.583	-13.098	-53.9
20.45	-10.591	-12.963	-50.7
20.46	-10.596	-12.824	-46.3
20.47	-10.600	-12.826	98.5
20.48	-10.604	-12.803	437.4
20.49	-10.608	-12.651	602.5
20.5	-10.611	-12.558	382.1
20.51	-10.612	-12.588	117.2
20.52	-10.612	-12.621	22.7
20.53	-10.608	-12.564	9.3
20.54	-10.600	-12.491	3.8
20.55	-10.588	-12.510	-19.8
20.56	-10.573	-12.509	-13.5
20.57	-10.562	-12.396	-15.3
20.58	-10.554	-12.344	-37.2
20.59	-10.550	-12.383	-17.4
20.6	-10.544	-12.073	-0.5
20.61	-10.535	-10.944	11.5
20.62	-10.522	-8.714	35.8
20.63	-10.505	-5.051	65.8
20.64	-10.485	0.286	103.0
20.65	-10.463	6.909	99.5
20.66	-10.438	13.582	93.3
20.67	-10.410	18.335	132.5
20.68	-10.383	20.197	165.7
20.69	-10.354	20.174	181.2
20.7	-10.327	17.938	192.3
20.71	-10.299	11.844	192.1
20.72	-10.270	2.873	189.3
20.73	-10.242	-6.524	173.3
20.74	-10.214	-14.429	99.8
20.75	-10.186	-19.006	5.3
20.76	-10.158	-20.344	-47.8
20.77	-10.131	-20.453	-71.6
20.78	-10.111	-20.456	-91.9
20.79	-10.092	-20.456	-104.7
20.8	-10.073	-20.453	-95.4
20.81	-10.051	-20.344	-92.1
20.82	-10.029	-19.808	-110.4
20.83	-10.009	-18.900	-118.9
20.84	-9.988	-18.256	-115.7
20.85	-9.967	-18.251	-104.4
20.86	-9.947	-18.661	-86.6
20.87	-9.929	-18.871	-71.9
20.88	-9.910	-18.429	-74.7
20.89	-9.892	-17.357	-92.8
20.9	-9.874	-16.044	-92.3
20.91	-9.857	-14.853	-79.9
20.92	-9.842	-13.769	-87.5
20.93	-9.826	-12.733	-84.7
20.94	-9.811	-11.830	-58.7
20.95	-9.794	-11.123	-65.8
20.96	-9.779	-10.642	-66.1
20.97	-9.765	-10.460	-53.3
20.98	-9.749	-10.654	-73.7
20.99	-9.732	-11.168	-79.0
21.0	-9.717	-11.795	-76.3
21.01	-9.703	-12.369	-73.1
21.02	-9.690	-12.924	-60.7
21.03	-9.676	-13.499	-62.8
21.04	-9.664	-13.926	-55.6
21.05	-9.651	-14.091	-40.6
21.06	-9.638	-14.147	-50.2
21.07	-9.625	-14.166	-58.9
21.08	-9.613	-14.109	-42.7
21.09	-9.602	-14.055	-50.5
21.1	-9.592	-14.043	-62.2
21.11	-9.581	-13.982	-57.0
21.12	-9.569	-13.773	-68.7
21.13	-9.558	-13.474	-62.4
21.14	-9.546	-13.296	-42.5
21.15	-9.534	-13.328	-33.6
21.16	-9.524	-13.464	-32.7
21.17	-9.513	-13.526	-32.2
21.18	-9.501	-13.348	-19.4
21.19	-9.488	-13.036	-7.1
21.2	-9.475	-12.899	-5.7
21.21	-9.463	-12.950	-21.5
21.22	-9.451	-12.961	-39.5
21.23	-9.439	-12.884	-50.4
21.24	-9.426	-12.761	-49.6
21.25	-9.416	-12.580	-43.3
21.26	-9.408	-12.374	-43.4
21.27	-9.399	-12.292	-44.7
21.28	-9.388	-12.404	-42.1
21.29	-9.378	-12.524	-48.4
21.3	-9.369	-12.523	-84.5
21.31	-9.357	-12.537	-42.6
21.32	-9.346	-12.667	248.3
21.33	-9.335	-12.783	599.0
21.34	-9.324	-12.812	563.0
21.35	-9.313	-12.858	271.5
21.36	-9.303	-12.910	107.9
21.37	-9.294	-12.837	24.7
21.38	-9.284	-12.630	-41.5
21.39	-9.273	-12.437	-59.1
21.4	-9.261	-12.458	-52.7
21.41	-9.247	-12.730	-40.2
21.42	-9.236	-12.991	-30.0
21.43	-9.228	-12.960	-7.4
21.44	-9.222	-12.554	13.4
21.45	-9.214	-11.547	6.1
21.46	-9.207	-9.504	1.9
21.47	-9.201	-6.068	20.7
21.48	-9.193	-1.036	54.4
21.49	-9.187	5.523	78.3
21.5	-9.183	12.666	97.0
21.51	-9.178	18.028	130.3
21.52	-9.174	20.161	144.1
21.53	-9.170	20.416	152.7
21.54	-9.166	19.551	172.1
21.55	-9.161	15.418	182.1
21.56	-9.156	7.111	183.6
21.57	-9.151	-2.876	145.9
21.58	-9.146	-11.932	77.4
21.59	-9.141	-17.956	18.6
21.6	-9.136	-20.175	-37.8
21.61	-9.133	-20.452	-83.1
21.62	-9.130	-20.456	-100.8
21.63	-9.129	-20.456	-117.1
21.64	-9.129	-20.455	-137.3
21.65	-9.126	-20.424	-138.2
21.66	-9.123	-20.126	-112.7
21.67	-9.120	-19.436	-96.4
21.68	-9.119	-18.849	-117.0
21.69	-9.118	-18.653	-128.1
21.7	-9.117	-18.719	-120.8
21.71	-9.116	-19.109	-127.3
21.72	-9.114	-19.447	-125.8
21.73	-9.112	-19.081	-102.5
21.74	-9.111	-18.065	-87.0
21.75	-9.109	-16.893	-85.5
21.76	-9.109	-15.748	-82.4
21.77	-9.109	-14.525	-79.0
21.78	-9.109	-13.311	-85.8
21.79	-9.111	-12.376	-102.7
21.8	-9.112	-11.803	-98.7
21.81	-9.112	-11.503	-85.3
21.82	-9.113	-11.399	-84.4
21.83	-9.114	-11.426	-91.8
21.84	-9.115	-11.591	-86.6
21.85	-9.116	-11.968	-68.4
21.86	-9.117	-12.514	-69.9
21.87	-9.116	-13.145	-77.0
21.88	-9.116	-13.771	-85.3
21.89	-9.115	-14.262	-85.7
21.9	-9.115	-14.561	-88.3
21.91	-9.116	-14.663	-83.2
21.92	-9.119	-14.635	-59.6
21.93	-9.121	-14.660	-55.8
21.94	-9.124	-14.712	-59.5
21.95	-9.126	-14.624	-62.2
21.96	-9.129	-14.438	-62.0
21.97	-9.131	-14.238	-66.3
21.98	-9.134	-13.993	-64.9
21.99	-9.136	-13.770	-46.1
22.0	-9.139	-13.724	-33.5
22.01	-9.143	-13.730	-32.7
22.02	-9.149	-13.546	-38.4
22.03	-9.157	-13.254	-54.4
22.04	-9.166	-13.105	-60.3
22.05	-9.175	-13.101	-48.3
22.06	-9.184	-13.025	-39.8
22.07	-9.194	-12.841	-19.7
22.08	-9.206	-12.688	10.0
22.09	-9.218	-12.600	14.7
22.1	-9.230	-12.578	9.1
22.11	-9.241	-12.625	11.8
22.12	-9.251	-12.693	-8.3
22.13	-9.259	-12.748	-39.2
22.14	-9.268	-12.761	-49.6
22.15	-9.276	-12.748	-37.1
22.16	-9.284	-12.763	-21.3
22.17	-9.293	-12.841	-15.5
22.18	-9.305	-12.964	-22.3
22.19	-9.317	-13.018	-49.3
22.2	-9.327	-12.960	-68.4
22.21	-9.335	-12.856	10.9
22.22	-9.344	-12.711	315.0
22.23	-9.354	-12.609	662.1
22.24	-9.367	-12.705	622.4
22.25	-9.381	-12.914	299.5
22.26	-9.396	-13.026	85.2
22.27	-9.410	-12.971	21.5
22.28	-9.419	-12.797	-8.3
22.29	-9.422	-12.588	-23.6
22.3	-9.424	-12.402	-25.9
22.31	-9.427	-12.348	-35.8
22.32	-9.432	-12.507	-30.8
22.33	-9.439	-12.581	-22.6
22.34	-9.448	-12.018	-4.3
22.35	-9.457	-10.461	20.8
22.36	-9.467	-7.622	25.8
22.37	-9.477	-3.155	24.4
22.38	-9.487	3.021	49.7
22.39	-9.498	10.312	84.6
22.4	-9.510	16.648	95.5
22.41	-9.521	19.799	106.7
22.42	-9.533	20.428	142.9
22.43	-9.545	20.366	189.9
22.44	-9.557	18.864	197.7
22.45	-9.569	13.164	170.6
22.46	-9.580	3.308	149.0
22.47	-9.591	-7.286	133.5
22.48	-9.601	-15.458	108.5
22.49	-9.611	-19.495	42.4
22.5	-9.621	-20.413	-21.3
22.51	-9.631	-20.454	-48.6
22.52	-9.642	-20.456	-77.2
22.53	-9.654	-20.456	-88.9
22.54	-9.666	-20.455	-100.3
22.55	-9.676	-20.396	-114.6
22.56	-9.686	-19.941	-118.7
22.57	-9.696	-18.938	-110.3
22.58	-9.707	-18.124	-86.7
22.59	-9.717	-18.137	-79.8
22.6	-9.728	-18.731	-87.0
22.61	-9.736	-19.399	-94.3
22.62	-9.745	-19.808	-90.1
22.63	-9.753	-19.697	-83.5
22.64	-9.762	-18.939	-81.6
22.65	-9.771	-17.764	-80.3
22.66	-9.781	-16.423	-74.5
22.67	-9.791	-15.060	-69.1
22.68	-9.801	-13.897	-73.2
22.69	-9.811	-13.048	-79.0
22.7	-9.822	-12.406	-77.5
22.71	-9.832	-11.874	-64.0
22.72	-9.843	-11.543	-59.4
22.73	-9.853	-11.536	-76.0
22.74	-9.864	-11.846	-83.6
22.75	-9.874	-12.354	-84.0
22.76	-9.886	-12.912	-87.9
22.77	-9.898	-13.440	-59.9
22.78	-9.910	-13.922	-37.7
22.79	-9.922	-14.329	-54.5
22.8	-9.936	-14.632	-58.3
22.81	-9.949	-14.851	-50.9
22.82	-9.961	-14.938	-57.9
22.83	-9.973	-14.844	-68.9
22.84	-9.986	-14.717	-67.1
22.85	-9.999	-14.672	-61.9
22.86	-10.012	-14.617	-53.3
22.87	-10.025	-14.464	-38.5
22.88	-10.038	-14.287	-38.1
22.89	-10.051	-14.124	-45.0
22.9	-10.064	-13.939	-53.4
22.91	-10.076	-13.800	-55.9
22.92	-10.086	-13.739	-47.2
22.93	-10.098	-13.674	-37.9
22.94	-10.110	-13.509	-36.9
22.95	-10.123	-13.251	-29.3
22.96	-10.136	-13.079	-16.4
22.97	-10.149	-13.049	-11.1
22.98	-10.163	-12.998	9.1
22.99	-10.176	-12.915	9.8
23.0	-10.188	-12.954	-9.1
23.01	-10.199	-13.076	-21.2
23.02	-10.211	-13.087	-33.9
23.03	-10.222	-12.946	-16.9
23.04	-10.234	-12.793	-13.7
23.05	-10.246	-12.788	-50.8
23.06	-10.258	-12.988	-58.6
23.07	-10.271	-13.257	-46.5
23.08	-10.281	-13.259	-34.6
23.09	-10.290	-12.856	-47.9
23.1	-10.298	-12.343	-13.7
23.11	-10.306	-11.992	281.0
23.12	-10.314	-11.791	622.1
23.13	-10.323	-11.733	561.4
23.14	-10.329	-11.979	253.0
23.15	-10.335	-12.471	67.0
23.16	-10.337	-12.794	-0.9
23.17	-10.336	-12.759	-2.1
23.18	-10.331	-12.581	19.8
23.19	-10.323	-12.476	3.7
23.2	-10.316	-12.469	-13.7
23.21	-10.312	-12.551	-13.8
23.22	-10.312	-12.663	-11.0
23.23	-10.312	-12.470	-5.0
23.24	-10.309	-11.564	16.7
23.25	-10.304	-9.614	39.6
23.26	-10.294	-6.139	53.5
23.27	-10.281	-0.840	64.7
23.28	-10.265	5.816	86.5
23.29	-10.246	12.751	107.1
23.3	-10.226	17.985	125.7
23.31	-10.206	20.143	155.7
23.32	-10.184	20.422	188.2
23.33	-10.163	19.653	213.0
23.34	-10.141	15.700	220.1
23.35	-10.119	7.380	211.6
23.36	-10.098	-2.873	175.9
23.37	-10.076	-12.068	115.5
23.38	-10.053	-18.014	48.2
23.39	-10.030	-20.177	-12.1
23.4	-10.008	-20.453	-52.3
23.41	-9.986	-20.456	-79.7
23.42	-9.970	-20.456	-90.0
23.43	-9.957	-20.455	-79.4
23.44	-9.941	-20.429	-85.3
23.45	-9.920	-20.166	-108.4
23.46	-9.900	-19.465	-106.0
23.47	-9.881	-18.679	-89.3
23.48	-9.864	-18.301	-87.1
23.49	-9.847	-18.404	-94.4
23.5	-9.831	-18.829	-91.5
23.51	-9.817	-19.134	-75.6
23.52	-9.804	-18.812	-70.9
23.53	-9.791	-17.794	-78.4
23.54	-9.779	-16.407	-71.8
23.55	-9.768	-14.964	-65.5
23.56	-9.758	-13.663	-75.0
23.57	-9.748	-12.674	-73.4
23.58	-9.740	-12.009	-74.3
23.59	-9.734	-11.532	-75.6
23.6	-9.730	-11.231	-61.7
23.61	-9.724	-11.157	-51.5
23.62	-9.717	-11.284	-56.1
23.63	-9.711	-11.579	-73.2
23.64	-9.705	-12.034	-65.7
23.65	-9.699	-12.636	-56.4
23.66	-9.693	-13.282	-65.9
23.67	-9.686	-13.805	-61.4
23.68	-9.681	-14.154	-60.1
23.69	-9.677	-14.392	-57.8
23.7	-9.673	-14.471	-41.7
23.71	-9.670	-14.395	-31.6
23.72	-9.666	-14.391	-41.8
23.73	-9.663	-14.456	-64.8
23.74	-9.660	-14.404	-77.5
23.75	-9.658	-14.268	-63.2
23.76	-9.655	-14.133	-42.6
23.77	-9.654	-13.989	-39.2
23.78	-9.652	-13.896	-35.5
23.79	-9.651	-13.822	-26.8
23.8	-9.649	-13.621	-13.9
23.81	-9.650	-13.418	-10.3
23.82	-9.651	-13.332	-22.4
23.83	-9.653	-13.205	-12.5
23.84	-9.654	-12.969	0.6
23.85	-9.655	-12.790	-16.2
23.86	-9.655	-12.797	-31.5
23.87	-9.657	-12.848	-39.2
23.88	-9.661	-12.802	-37.0
23.89	-9.668	-12.756	-33.2
23.9	-9.676	-12.799	-51.4
23.91	-9.686	-12.848	-56.8
23.92	-9.696	-12.793	-45.3
23.93	-9.706	-12.672	-61.6
23.94	-9.712	-12.623	-45.5
23.95	-9.716	-12.678	177.7
23.96	-9.724	-12.724	535.6
23.97	-9.736	-12.696	614.9
23.98	-9.748	-12.651	352.0
23.99	-9.757	-12.655	117.9
24.0	-9.765	-12.710	33.4
24.01	-9.768	-12.756	-8.2
24.02	-9.763	-12.705	-25.7
24.03	-9.749	-12.613	-23.6
24.04	-9.734	-12.592	-29.8
24.05	-9.722	-12.616	-23.0
24.06	-9.715	-12.639	-5.0
24.07	-9.713	-12.531	-4.8
24.08	-9.712	-11.926	15.2
24.09	-9.711	-10.381	39.7
24.1	-9.710	-7.422	40.8
24.11	-9.708	-2.692	52.3
24.12	-9.706	3.675	68.0
24.13	-9.701	10.906	99.9
24.14	-9.696	16.981	144.5
24.15	-9.692	19.889	167.5
24.16	-9.690	20.431	183.2
24.17	-9.689	20.124	203.0
24.18	-9.691	17.491	206.0
24.19	-9.693	10.443	182.6
24.2	-9.695	0.499	153.1
24.21	-9.697	-9.252	131.8
24.22	-9.699	-16.476	80.2
24.23	-9.701	-19.785	-1.3
24.24	-9.702	-20.432	-53.8
24.25	-9.703	-20.455	-91.6
24.26	-9.708	-20.456	-110.4
24.27	-9.719	-20.456	-107.7
24.28	-9.728	-20.454	-104.0
24.29	-9.728	-20.382	-87.8
24.3	-9.724	-19.983	-77.8
24.31	-9.723	-19.303	-93.5
24.32	-9.724	-18.958	-119.3
24.33	-9.724	-19.227	-123.8
24.34	-9.722	-19.740	-107.7
24.35	-9.721	-19.996	-83.2
24.36	-9.723	-19.704	-74.8
24.37	-9.728	-18.893	-77.9
24.38	-9.734	-17.722	-62.7
24.39	-9.741	-16.297	-66.1
24.4	-9.746	-14.818	-91.3
24.41	-9.750	-13.558	-84.5
24.42	-9.754	-12.573	-78.1
24.43	-9.758	-11.799	-81.5
24.44	-9.764	-11.289	-55.5
24.45	-9.771	-11.102	-58.3
24.46	-9.778	-11.238	-71.0
24.47	-9.784	-11.626	-56.5
24.48	-9.789	-12.060	-52.0
24.49	-9.793	-12.449	-62.8
24.5	-9.796	-12.986	-73.4
24.51	-9.799	-13.697	-72.4
24.52	-9.803	-14.246	-56.1
24.53	-9.808	-14.478	-45.4
24.54	-9.814	-14.631	-52.9
24.55	-9.818	-14.773	-53.3
24.56	-9.822	-14.734	-49.8
24.57	-9.827	-14.581	-47.4
24.58	-9.831	-14.463	-59.6
24.59	-9.834	-14.341	-58.5
24.6	-9.837	-14.198	-48.4
24.61	-9.841	-14.143	-68.0
24.62	-9.844	-14.198	-60.4
24.63	-9.849	-14.215	-40.8
24.64	-9.853	-14.004	-31.8
24.65	-9.857	-13.532	-15.0
24.66	-9.861	-13.084	-25.6
24.67	-9.865	-12.922	-43.1
24.68	-9.869	-12.939	-48.2
24.69	-9.872	-12.931	-47.2
24.7	-9.876	-12.845	-49.0
24.71	-9.880	-12.741	-32.5
24.72	-9.885	-12.653	5.3
24.73	-9.889	-12.544	23.1
24.74	-9.893	-12.491	19.1
24.75	-9.896	-12.607	0.9
24.76	-9.900	-12.758	-22.2
24.77	-9.904	-12.715	-41.3
24.78	-9.910	-12.571	-41.9
24.79	-9.915	-12.560	-45.1
24.8	-9.919	-12.663	-57.0
24.81	-9.923	-12.811	-42.9
24.82	-9.925	-12.975	-16.8
24.83	-9.924	-13.012	-29.8
24.84	-9.921	-12.859	-1.1
24.85	-9.917	-12.688	265.6
24.86	-9.916	-12.665	607.6
24.87	-9.914	-12.733	572.6
24.88	-9.908	-12.771	263.9
24.89	-9.899	-12.749	79.4
24.9	-9.886	-12.653	32.7
24.91	-9.864	-12.523	30.3
24.92	-9.834	-12.437	12.3
24.93	-9.803	-12.413	-24.7
24.94	-9.774	-12.496	-40.2
24.95	-9.751	-12.600	-33.7
24.96	-9.732	-12.424	-6.3
24.97	-9.717	-11.808	10.4
24.98	-9.704	-10.647	15.7
24.99	-9.692	-8.408	26.3
25.0	-9.679	-4.436	41.8
25.01	-9.668	1.374	76.9
25.02	-9.658	8.577	93.4
25.03	-9.648	15.468	83.3
25.04	-9.639	19.426	122.2
25.05	-9.633	20.404	168.9
25.06	-9.629	20.413	165.4
25.07	-9.627	19.426	180.8
25.08	-9.628	14.748	217.0
25.09	-9.632	5.548	204.3
25.1	-9.638	-5.099	149.6
25.11	-9.646	-13.948	93.7
25.12	-9.656	-18.936	32.3
25.13	-9.668	-20.344	-15.5
25.14	-9.683	-20.452	-48.8
25.15	-9.701	-20.456	-71.2
25.16	-9.728	-20.456	-78.3
25.17	-9.759	-20.456	-107.3
25.18	-9.787	-20.441	-127.1
25.19	-9.808	-20.214	-109.3
25.2	-9.826	-19.518	-108.6
25.21	-9.847	-18.804	-114.2
25.22	-9.867	-18.727	-89.4
25.23	-9.886	-19.122	-83.4
25.24	-9.901	-19.718	-101.9
25.25	-9.913	-20.219	-95.7
25.26	-9.921	-20.060	-80.0
25.27	-9.928	-19.053	-71.6
25.28	-9.940	-17.610	-65.8
25.29	-9.956	-16.190	-78.4
25.3	-9.971	-14.884	-87.0
25.31	-9.986	-13.689	-78.5
25.32	-10.001	-12.695	-65.1
25.33	-10.018	-11.969	-52.6
25.34	-10.035	-11.482	-51.3
25.35	-10.052	-11.294	-54.9
25.36	-10.069	-11.424	-74.1
25.37	-10.086	-11.746	-80.5
25.38	-10.103	-12.236	-64.8
25.39	-10.118	-12.881	-59.3
25.4	-10.132	-13.521	-41.3
25.41	-10.147	-14.118	-54.6
25.42	-10.161	-14.677	-74.2
25.43	-10.174	-15.011	-57.7
25.44	-10.187	-15.035	-58.1
25.45	-10.201	-14.946	-67.2
25.46	-10.214	-15.004	-72.4
25.47	-10.228	-15.138	-61.7
25.48	-10.241	-15.073	-46.7
25.49	-10.253	-14.881	-58.7
25.5	-10.266	-14.709	-68.1
25.51	-10.277	-14.470	-47.4
25.52	-10.288	-14.169	-38.1
25.53	-10.299	-13.939	-56.9
25.54	-10.311	-13.802	-50.5
25.55	-10.323	-13.646	-31.0
25.56	-10.335	-13.398	-43.3
25.57	-10.348	-13.166	-43.2
25.58	-10.362	-13.086	-4.4
25.59	-10.374	-13.106	13.4
25.6	-10.386	-13.088	0.1
25.61	-10.398	-13.030	-14.4
25.62	-10.409	-13.016	-38.5
25.63	-10.419	-13.023	-46.5
25.64	-10.430	-13.011	-37.1
25.65	-10.439	-13.021	-30.7
25.66	-10.448	-13.036	-19.9
25.67	-10.454	-12.991	-31.5
25.68	-10.459	-12.881	-46.4
25.69	-10.462	-12.759	-64.6
25.7	-10.461	-12.759	-52.9
25.71	-10.459	-12.856	173.9
25.72	-10.458	-12.794	533.1
25.73	-10.456	-12.541	583.3
25.74	-10.449	-12.356	303.1
25.75	-10.441	-12.354	86.8
25.76	-10.428	-12.443	23.6
25.77	-10.405	-12.514	13.7
25.78	-10.369	-12.492	1.2
25.79	-10.325	-12.384	-15.7
25.8	-10.283	-12.278	-30.8
25.81	-10.248	-12.183	-37.2
25.82	-10.219	-12.059	-1.8
25.83	-10.193	-11.865	23.3
25.84	-10.166	-11.252	33.8
25.85	-10.139	-9.666	37.9
25.86	-10.111	-6.631	27.8
25.87	-10.082	-1.768	38.2
25.88	-10.052	4.859	62.5
25.89	-10.022	12.217	100.6
25.9	-9.992	17.853	142.8
25.91	-9.963	20.140	167.9
25.92	-9.936	20.444	179.3
25.93	-9.909	20.265	182.1
25.94	-9.881	18.221	185.0
25.95	-9.852	11.797	186.9
25.96	-9.823	1.921	163.2
25.97	-9.795	-8.049	117.5
25.98	-9.768	-15.681	73.1
25.99	-9.741	-19.519	14.4
26.0	-9.714	-20.413	-44.1
26.01	-9.688	-20.454	-73.3
26.02	-9.665	-20.456	-96.0
26.03	-9.643	-20.456	-111.2
26.04	-9.620	-20.452	-111.1
26.05	-9.598	-20.343	-102.4
26.06	-9.574	-19.836	-101.2
26.07	-9.551	-19.044	-103.6
26.08	-9.529	-18.692	-92.0
26.09	-9.506	-19.098	-99.5
26.1	-9.485	-19.803	-99.7
26.11	-9.465	-20.233	-69.5
26.12	-9.446	-20.177	-80.1
26.13	-9.428	-19.608	-100.4
26.14	-9.410	-18.560	-100.8
26.15	-9.392	-17.300	-97.7
26.16	-9.374	-15.964	-67.2
26.17	-9.357	-14.509	-51.3
26.18	-9.341	-13.077	-65.6
26.19	-9.326	-11.894	-73.3
26.2	-9.311	-11.105	-75.4
26.21	-9.295	-10.748	-93.7
26.22	-9.279	-10.840	-102.1
26.23	-9.264	-11.273	-74.4
26.24	-9.248	-11.761	-46.9
26.25	-9.234	-12.138	-50.9
26.26	-9.220	-12.544	-64.8
26.27	-9.207	-13.145	-69.8
26.28	-9.194	-13.815	-75.9
26.29	-9.181	-14.351	-69.3
26.3	-9.169	-14.731	-55.4
26.31	-9.158	-14.966	-59.9
26.32	-9.146	-14.957	-67.9
26.33	-9.135	-14.802	-58.8
26.34	-9.124	-14.763	-45.9
26.35	-9.114	-14.774	-56.7
26.36	-9.104	-14.638	-47.5
26.37	-9.097	-14.414	-29.5
26.38	-9.089	-14.171	-34.8
26.39	-9.082	-13.858	-18.3
26.4	-9.076	-13.547	-6.8
26.41	-9.071	-13.358	-4.1
26.42	-9.067	-13.241	-9.2
26.43	-9.064	-13.138	-42.0
26.44	-9.062	-13.082	-49.6
26.45	-9.060	-13.025	-33.4
26.46	-9.057	-12.862	-43.9
26.47	-9.052	-12.686	-58.4
26.48	-9.047	-12.679	-49.6
26.49	-9.043	-12.773	-47.7
26.5	-9.039	-12.831	-77.1
26.51	-9.033	-12.823	-81.9
26.52	-9.027	-12.724	100.8
26.53	-9.022	-12.558	480.7
26.54	-9.015	-12.345	667.2
26.55	-9.008	-12.124	447.3
26.56	-9.002	-12.173	161.7
26.57	-8.995	-12.433	38.8
26.58	-8.986	-12.509	-11.8
26.59	-8.976	-12.336	-24.3
26.6	-8.967	-12.093	-19.0
26.61	-8.958	-12.042	-37.9
26.62	-8.951	-12.169	-44.7
26.63	-8.944	-12.199	-28.8
26.64	-8.938	-11.989	-26.7
26.65	-8.933	-11.328	-12.0
26.66	-8.926	-9.621	25.6
26.67	-8.921	-5.761	26.7
26.68	-8.916	0.468	24.3
26.69	-8.911	7.572	47.8
26.7	-8.905	14.376	70.8
26.71	-8.901	18.967	97.4
26.72	-8.898	20.364	123.1
26.73	-8.894	20.444	137.6
26.74	-8.890	20.268	154.5
26.75	-8.886	18.134	191.0
26.76	-8.882	11.259	186.3
26.77	-8.878	0.682	137.8
26.78	-8.875	-9.636	95.2
26.79	-8.871	-16.848	50.6
26.8	-8.867	-19.916	-2.8
26.81	-8.864	-20.440	-58.1
26.82	-8.860	-20.455	-98.4
26.83	-8.856	-20.456	-113.8
26.84	-8.853	-20.456	-115.0
26.85	-8.851	-20.456	-118.2
26.86	-8.849	-20.452	-121.5
26.87	-8.846	-20.347	-124.5
26.88	-8.842	-19.940	-111.0
26.89	-8.840	-19.551	-110.9
26.9	-8.838	-19.774	-123.8
26.91	-8.836	-20.258	-120.1
26.92	-8.834	-20.444	-120.4
26.93	-8.831	-20.456	-97.9
26.94	-8.831	-20.456	-78.9
26.95	-8.831	-20.396	-89.2
26.96	-8.831	-19.922	-98.4
26.97	-8.831	-18.621	-91.4
26.98	-8.832	-16.797	-99.2
26.99	-8.834	-15.221	-126.4
27.0	-8.835	-14.225	-104.9
27.01	-8.837	-13.546	-84.0
27.02	-8.839	-12.946	-103.5
27.03	-8.842	-12.580	-98.5
27.04	-8.847	-12.644	-83.9
27.05	-8.854	-13.084	-93.9
27.06	-8.862	-13.678	-94.0
27.07	-8.871	-14.208	-90.5
27.08	-8.880	-14.741	-106.7
27.09	-8.891	-15.555	-91.6
27.1	-8.905	-16.395	-74.4
27.11	-8.922	-16.747	-90.3
27.12	-8.943	-16.708	-85.8
27.13	-8.965	-16.611	-84.7
27.14	-8.989	-16.552	-92.9
27.15	-9.013	-16.407	-86.6
27.16	-9.037	-16.102	-74.2
27.17	-9.061	-15.778	-63.6
27.18	-9.083	-15.541	-65.6
27.19	-9.104	-15.392	-71.3
27.2	-9.125	-15.299	-77.8
27.21	-9.144	-15.204	-65.0
27.22	-9.164	-14.953	-53.1
27.23	-9.183	-14.564	-51.8
27.24	-9.202	-14.262	-30.2
27.25	-9.221	-14.146	-20.0
27.26	-9.239	-14.051	-17.3
27.27	-9.256	-13.728	-12.7
27.28	-9.274	-13.333	-24.2
27.29	-9.291	-13.146	-47.2
27.3	-9.308	-13.062	-67.0
27.31	-9.324	-13.007	-76.4
27.32	-9.341	-12.976	-63.2
27.33	-9.359	-12.986	-32.3
27.34	-9.377	-13.114	-33.3
27.35	-9.396	-13.196	-69.1
27.36	-9.413	-13.214	-96.6
27.37	-9.430	-13.289	-18.4
27.38	-9.447	-13.376	300.1
27.39	-9.464	-13.413	649.3
27.4	-9.481	-13.378	605.4
27.41	-9.499	-13.299	301.5
27.42	-9.517	-13.212	93.2
27.43	-9.534	-13.027	-2.3
27.44	-9.549	-12.721	-34.1
27.45	-9.561	-12.518	-25.9
27.46	-9.572	-12.582	-39.5
27.47	-9.584	-12.657	-53.4
27.48	-9.599	-12.571	-21.9
27.49	-9.617	-12.354	-16.2
27.5	-9.634	-11.726	-38.1
27.51	-9.649	-10.172	-20.9
27.52	-9.666	-7.189	22.7
27.53	-9.682	-2.253	36.3
27.54	-9.697	4.750	32.0
27.55	-9.714	12.565	58.6
27.56	-9.733	18.210	89.1
27.57	-9.749	20.233	103.8
27.58	-9.766	20.448	132.0
27.59	-9.784	20.399	160.9
27.6	-9.804	19.178	166.8
27.61	-9.823	13.889	171.6
27.62	-9.842	4.084	175.9
27.63	-9.861	-6.707	137.6
27.64	-9.879	-15.100	71.7
27.65	-9.898	-19.372	13.8
27.66	-9.915	-20.401	-32.0
27.67	-9.933	-20.454	-71.4
27.68	-9.951	-20.456	-99.5
27.69	-9.973	-20.456	-100.2
27.7	-9.994	-20.455	-109.1
27.71	-10.015	-20.439	-104.9
27.72	-10.034	-20.198	-95.5
27.73	-10.054	-19.574	-115.7
27.74	-10.074	-19.224	-111.0
27.75	-10.095	-19.654	-97.3
27.76	-10.116	-20.229	-112.3
27.77	-10.137	-20.438	-115.8
27.78	-10.159	-20.454	-93.4
27.79	-10.183	-20.376	-87.2
27.8	-10.208	-19.828	-77.4
27.81	-10.233	-18.596	-68.1
27.82	-10.258	-17.083	-74.1
27.83	-10.284	-15.418	-77.2
27.84	-10.310	-13.553	-84.8
27.85	-10.338	-11.839	-74.5
27.86	-10.367	-10.678	-76.5
27.87	-10.395	-10.234	-89.3
27.88	-10.422	-10.311	-71.1
27.89	-10.446	-10.627	-65.9
27.9	-10.468	-10.998	-69.0
27.91	-10.492	-11.436	-57.0
27.92	-10.515	-12.142	-58.7
27.93	-10.536	-13.163	-63.3
27.94	-10.557	-14.239	-62.4
27.95	-10.576	-15.034	-51.1
27.96	-10.596	-15.567	-43.7
27.97	-10.614	-15.888	-57.0
27.98	-10.631	-15.846	-53.0
27.99	-10.647	-15.469	-48.1
28.0	-10.663	-15.017	-62.5
28.01	-10.679	-14.700	-55.9
28.02	-10.693	-14.453	-41.9
28.03	-10.708	-14.323	-37.2
28.04	-10.723	-14.598	-27.7
28.05	-10.739	-15.131	-37.3
28.06	-10.753	-15.373	-42.9
28.07	-10.763	-15.243	-21.2
28.08	-10.772	-15.334	-5.9
28.09	-10.778	-15.775	-19.8
28.1	-10.778	-15.689	-25.0
28.11	-10.776	-15.109	8.2
28.12	-10.772	-15.006	-8.3
28.13	-10.769	-15.336	-60.7
28.14	-10.770	-15.540	-62.1
28.15	-10.773	-15.447	-53.4
28.16	-10.777	-15.127	-57.6
28.17	-10.783	-14.524	-46.1
28.18	-10.789	-13.922	-44.5
28.19	-10.796	-14.282	-68.4
28.2	-10.801	-15.366	36.4
28.21	-10.806	-16.035	377.2
28.22	-10.812	-16.015	614.3
28.23	-10.817	-15.681	413.9
28.24	-10.819	-15.442	131.6
28.25	-10.821	-15.304	65.6
28.26	-10.818	-15.846	38.9
28.27	-10.810	-17.401	-6.2
28.28	-10.794	-18.394	-30.1
28.29	-10.773	-17.786	-26.3
28.3	-10.749	-16.540	-4.2
28.31	-10.726	-15.429	16.9
28.32	-10.701	-14.321	16.2
28.33	-10.672	-12.906	11.6
28.34	-10.638	-10.553	38.9
28.35	-10.598	-6.579	63.2
28.36	-10.554	-0.706	69.5
28.37	-10.512	6.881	83.2
28.38	-10.471	14.495	107.3
28.39	-10.432	19.128	132.6
28.4	-10.396	20.382	161.2
28.41	-10.364	20.452	179.3
28.42	-10.338	20.456	192.5
28.43	-10.317	20.448	227.2
28.44	-10.301	20.284	247.5
28.45	-10.290	18.258	216.0
28.46	-10.282	11.966	156.0
28.47	-10.275	3.071	88.5
28.48	-10.271	-4.964	36.8
28.49	-10.269	-11.350	3.9
28.5	-10.273	-16.048	-23.4
28.51	-10.283	-18.898	-46.6
28.52	-10.299	-20.126	-64.4
28.53	-10.317	-20.011	-64.7
28.54	-10.329	-18.572	-60.9
28.55	-10.334	-16.093	-70.7
28.56	-10.336	-13.155	-82.9
28.57	-10.336	-9.584	-79.5
28.58	-10.333	-5.269	-66.3
28.59	-10.328	-2.162	-46.9
28.6	-10.322	-2.852	-36.0
28.61	-10.316	-6.751	-45.8
28.62	-10.313	-10.053	-54.3
28.63	-10.309	-10.003	-52.6
28.64	-10.306	-7.288	-35.6
28.65	-10.303	-3.681	-30.6
28.66	-10.301	0.201	-42.4
28.67	-10.302	4.515	-42.8
28.68	-10.305	8.523	-20.3
28.69	-10.306	10.399	-8.5
28.7	-10.303	9.890	-15.7
28.71	-10.297	10.646	0.9
28.72	-10.295	15.161	-2.9
28.73	-10.297	19.309	-27.3
28.74	-10.302	20.406	-24.3
28.75	-10.306	20.449	-8.0
28.76	-10.309	20.401	14.3
28.77	-10.315	19.692	33.4
28.78	-10.324	17.419	32.1
28.79	-10.334	14.533	8.8
28.8	-10.341	14.563	-6.1
28.81	-10.342	17.621	12.3
28.82	-10.336	18.404	37.2
28.83	-10.324	15.058	46.3
28.84	-10.314	10.849	41.9
28.85	-10.307	7.826	49.6
28.86	-10.305	5.475	93.2
28.87	-10.304	2.623	103.2
28.88	-10.300	-1.141	52.8
28.89	-10.288	-4.921	21.2
28.9	-10.269	-7.442	24.6
28.91	-10.247	-8.451	25.5
28.92	-10.228	-8.544	15.3
28.93	-10.217	-8.387	42.1
28.94	-10.216	-8.043	64.9
28.95	-10.221	-7.269	22.2
28.96	-10.225	-6.609	-15.5
28.97	-10.223	-6.812	-18.3
28.98	-10.218	-8.129	123.3
28.99	-10.214	-10.433	509.8
29.0	-10.214	-13.275	760.9
29.01	-10.211	-16.110	532.5
29.02	-10.203	-18.297	200.9
29.03	-10.194	-19.581	92.1
29.04	-10.181	-20.212	67.5
29.05	-10.161	-20.427	48.2
29.06	-10.134	-20.456	42.8
29.07	-10.101	-20.456	41.0
29.08	-10.069	-20.456	69.0
29.09	-10.036	-20.456	90.4
29.1	-10.006	-20.456	63.1
29.11	-9.979	-20.456	50.8
29.12	-9.955	-20.456	69.0
29.13	-9.933	-20.456	90.5
29.14	-9.912	-20.451	124.5
29.15	-9.892	-20.226	138.9
29.16	-9.871	-18.273	112.7
29.17	-9.851	-13.041	102.0
29.18	-9.834	-6.237	152.9
29.19	-9.821	-1.150	238.7
29.2	-9.809	0.523	290.4
29.21	-9.799	-1.221	266.5
29.22	-9.787	-5.461	213.3
29.23	-9.776	-11.048	195.2
29.24	-9.763	-16.346	182.7
29.25	-9.748	-19.499	116.8
29.26	-9.729	-20.391	28.1
29.27	-9.707	-20.453	-10.7
29.28	-9.686	-20.456	-24.2
29.29	-9.667	-20.456	-48.9
29.3	-9.651	-20.456	-65.8
29.31	-9.633	-20.456	-91.8
29.32	-9.613	-20.442	-117.7
29.33	-9.592	-20.094	-124.7
29.34	-9.574	-18.435	-112.0
29.35	-9.559	-15.403	-85.1
29.36	-9.544	-12.578	-83.0
29.37	-9.530	-10.823	-83.6
29.38	-9.518	-9.780	-80.6
29.39	-9.509	-9.261	-89.4
29.4	-9.511	-9.174	-104.2
29.41	-9.534	-9.221	-118.4
29.42	-9.578	-9.342	-107.8
29.43	-9.626	-9.713	-103.8
29.44	-9.654	-10.402	-96.4
29.45	-9.643	-11.388	-129.3
29.46	-9.592	-12.519	-183.5
29.47	-9.530	-13.271	-128.8
29.48	-9.480	-13.391	-39.9
29.49	-9.451	-13.426	-6.3
29.5	-9.439	-13.354	-52.3
29.51	-9.433	-12.710	-106.0
29.52	-9.426	-11.893	-84.3
29.53	-9.418	-11.523	-39.6
29.54	-9.408	-11.688	-58.0
29.55	-9.397	-12.029	-109.2
29.56	-9.386	-12.247	-114.2
29.57	-9.379	-12.256	-88.8
29.58	-9.376	-12.076	-64.0
29.59	-9.376	-11.818	-47.7
29.6	-9.377	-11.714	-73.6
29.61	-9.376	-11.814	-109.1
29.62	-9.371	-11.960	-106.9
29.63	-9.364	-12.188	-103.5
29.64	-9.356	-12.512	-92.1
29.65	-9.347	-12.516	-81.8
29.66	-9.336	-11.675	-80.7
29.67	-9.322	-10.254	-77.6
29.68	-9.308	-9.027	-92.3
29.69	-9.297	-8.255	-119.9
29.7	-9.297	-7.779	-131.4
29.71	-9.309	-7.442	-120.2
29.72	-9.330	-6.991	-116.3
29.73	-9.351	-6.311	-102.1
29.74	-9.369	-5.619	-45.6
29.75	-9.378	-5.006	-30.8
29.76	-9.383	-4.791	-95.8
29.77	-9.386	-5.986	-52.3
29.78	-9.388	-8.553	275.1
29.79	-9.383	-10.908	616.3
29.8	-9.371	-12.203	554.3
29.81	-9.356	-13.226	261.9
29.82	-9.339	-15.506	45.9
29.83	-9.320	-18.546	-68.5
29.84	-9.297	-20.190	-100.6
29.85	-9.272	-20.452	-114.9
29.86	-9.247	-20.456	-123.4
29.87	-9.222	-20.456	-114.1
29.88	-9.194	-20.455	-89.0
29.89	-9.163	-20.424	-50.3
29.9	-9.129	-19.734	-28.1
29.91	-9.094	-16.563	-58.3
29.92	-9.059	-9.918	-110.1
29.93	-9.023	-1.694	-104.9
29.94	-8.991	5.486	-55.9
29.95	-8.962	10.974	-20.1
29.96	-8.937	15.346	10.8
29.97	-8.916	18.548	46.1
29.98	-8.900	20.091	73.1
29.99	-8.887	20.077	99.8
30.0	-8.878	18.364	123.8
30.01	-8.874	14.624	136.8
30.02	-8.874	9.405	134.8
30.03	-8.876	3.218	105.4
30.04	-8.877	-3.558	67.0
30.05	-8.877	-9.944	33.0
30.06	-8.879	-14.836	-6.1
30.07	-8.883	-17.941	-25.9
30.08	-8.890	-19.594	-51.5
30.09	-8.904	-19.957	-95.8
30.1	-8.924	-19.220	-68.1
30.11	-8.945	-18.103	-26.4
30.12	-8.968	-17.506	-53.1
30.13	-8.997	-18.111	-71.0
30.14	-9.029	-19.475	-57.1
30.15	-9.062	-20.307	-48.6
30.16	-9.089	-20.453	-33.7
30.17	-9.108	-20.456	-7.8
30.18	-9.120	-20.456	-17.7
30.19	-9.126	-20.456	-31.3
30.2	-9.129	-20.456	-3.2
30.21	-9.131	-20.454	17.3
30.22	-9.132	-20.418	9.8
30.23	-9.133	-19.896	-11.8
30.24	-9.132	-18.035	-29.5
30.25	-9.133	-14.485	-36.3
30.26	-9.136	-10.257	-30.3
30.27	-9.141	-6.926	-12.3
30.28	-9.147	-4.497	-18.7
30.29	-9.156	-2.147	-27.6
30.3	-9.166	0.225	-20.0
30.31	-9.174	2.552	-39.3
30.32	-9.177	4.584	-59.8
30.33	-9.175	5.803	-43.7
30.34	-9.169	5.884	-33.4
30.35	-9.160	5.611	-44.7
30.36	-9.151	6.049	-48.7
30.37	-9.144	6.282	-51.9
30.38	-9.136	4.856	-50.0
30.39	-9.128	2.295	-22.9
30.4	-9.123	0.180	-8.6
30.41	-9.121	-0.618	-12.4
30.42	-9.121	-0.381	-10.4
30.43	-9.123	0.556	-27.7
30.44	-9.129	4.166	-63.3
30.45	-9.139	11.775	-76.8
30.46	-9.152	18.336	-76.6
30.47	-9.168	20.339	-89.1
30.48	-9.185	20.439	-83.6
30.49	-9.201	20.192	-70.9
30.5	-9.215	19.485	-87.6
30.51	-9.225	19.323	-120.2
30.52	-9.233	19.915	-83.6
30.53	-9.240	19.134	203.1
30.54	-9.246	15.489	659.7
30.55	-9.253	10.516	758.4
30.56	-9.261	7.739	411.3
30.57	-9.270	10.733	112.2
30.58	-9.277	16.352	5.2
30.59	-9.279	17.369	-40.3
30.6	-9.274	14.138	-62.7
30.61	-9.263	10.408	-80.1
30.62	-9.248	8.452	-92.2
30.63	-9.232	11.506	-80.1
30.64	-9.217	17.235	-57.1
30.65	-9.203	19.064	-35.0
30.66	-9.189	17.013	-24.9
30.67	-9.179	15.033	-29.8
30.68	-9.171	14.949	-27.3
30.69	-9.166	16.846	-10.5
30.7	-9.167	19.220	23.8
30.71	-9.172	20.315	59.6
30.72	-9.182	20.317	82.8
30.73	-9.193	18.932	106.4
30.74	-9.201	14.427	122.6
30.75	-9.207	7.038	141.5
30.76	-9.209	-1.074	168.8
30.77	-9.209	-8.204	175.1
30.78	-9.206	-13.607	150.7
30.79	-9.201	-17.343	104.1
30.8	-9.196	-19.544	51.2
30.81	-9.191	-20.349	-12.8
30.82	-9.186	-20.454	-67.3
30.83	-9.186	-20.456	-85.4
30.84	-9.187	-20.456	-94.1
30.85	-9.184	-20.456	-91.3
30.86	-9.178	-20.456	-74.6
30.87	-9.171	-20.456	-65.0
30.88	-9.164	-20.456	-57.4
30.89	-9.161	-20.456	-45.1
30.9	-9.159	-20.456	-38.6
30.91	-9.158	-20.456	-25.5
30.92	-9.157	-20.456	7.8
30.93	-9.157	-20.456	15.2
30.94	-9.157	-20.456	-2.0
30.95	-9.156	-20.456	13.4
30.96	-9.154	-20.456	40.1
30.97	-9.152	-20.455	42.3
30.98	-9.148	-20.391	37.8
30.99	-9.146	-19.729	45.4
31.0	-9.146	-17.709	53.9
31.01	-9.149	-14.843	56.5
31.02	-9.155	-12.764	58.9
31.03	-9.166	-12.455	63.7
31.04	-9.183	-13.766	81.6
31.05	-9.209	-15.793	98.2
31.06	-9.242	-17.751	92.8
31.07	-9.283	-19.352	94.0
31.08	-9.328	-20.238	102.0
31.09	-9.374	-20.447	112.3
31.1	-9.418	-20.456	133.1
31.11	-9.457	-20.456	133.7
31.12	-9.494	-20.456	140.6
31.13	-9.524	-20.456	167.6
31.14	-9.552	-20.456	184.4
31.15	-9.576	-20.456	198.8
31.16	-9.596	-20.456	196.0
31.17	-9.614	-20.456	169.8
31.18	-9.630	-20.450	149.3
31.19	-9.645	-20.294	146.3
31.2	-9.662	-19.539	143.2
31.21	-9.681	-17.961	140.3
31.22	-9.703	-15.748	148.7
31.23	-9.727	-12.958	153.2
31.24	-9.750	-9.940	118.2
31.25	-9.773	-7.548	120.7
31.26	-9.797	-6.086	349.8
31.27	-9.822	-5.018	750.5
31.28	-9.850	-4.063	915.8
31.29	-9.879	-3.456	664.4
