Interval=	0.01 s
ExcelDateTime=	3.9778682465945480e+004	26/11/2008 16:22:45.05769
TimeFormat=	StartOfBlock
ChannelTitle=	Channel 1	Channel 2	Channel 3
Range=	20.000 mV	20.000 mV	1000.0 µV
0.0	-9.140	-17.638	0.4
0.01	-9.168	-17.387	-1.6
0.02	-9.193	-17.161	-13.8
0.03	-9.218	-16.943	-31.6
0.04	-9.241	-16.766	-48.6
0.05	-9.264	-16.664	-58.3
0.06	-9.286	-16.694	-55.9
0.07	-9.308	-16.804	-53.3
0.08	-9.330	-16.843	-59.4
0.09	-9.353	-16.793	-67.6
0.1	-9.375	-16.776	-84.0
0.11	-9.396	-16.837	-85.7
0.12	-9.416	-16.913	84.6
0.13	-9.439	-16.942	515.7
0.14	-9.463	-16.913	796.2
0.15	-9.487	-16.836	574.3
0.16	-9.511	-16.789	218.6
0.17	-9.536	-16.848	42.8
0.18	-9.562	-17.017	-31.1
0.19	-9.586	-17.258	-51.1
0.2	-9.607	-17.505	-51.8
0.21	-9.624	-17.650	-50.7
0.22	-9.639	-17.604	-45.1
0.23	-9.654	-17.351	-30.5
0.24	-9.668	-16.721	-19.1
0.25	-9.683	-15.156	-21.0
0.26	-9.698	-11.805	-11.6
0.27	-9.713	-5.167	6.2
0.28	-9.728	5.523	31.8
0.29	-9.744	15.571	61.8
0.3	-9.762	19.885	90.3
0.31	-9.780	20.443	117.5
0.32	-9.799	20.454	147.0
0.33	-9.820	20.456	185.7
0.34	-9.842	20.456	205.0
0.35	-9.866	20.456	213.1
0.36	-9.889	20.447	216.1
0.37	-9.912	20.061	184.5
0.38	-9.934	16.700	136.9
0.39	-9.957	7.815	72.9
0.4	-9.979	-3.765	-9.3
0.41	-9.999	-13.330	-70.3
0.42	-10.016	-18.689	-101.8
0.43	-10.034	-20.303	-117.8
0.44	-10.052	-20.453	-121.1
0.45	-10.073	-20.456	-119.3
0.46	-10.095	-20.456	-126.5
0.47	-10.116	-20.456	-134.9
0.48	-10.136	-20.456	-131.8
0.49	-10.156	-20.456	-134.5
0.5	-10.174	-20.456	-135.3
0.51	-10.193	-20.456	-120.6
0.52	-10.211	-20.456	-108.3
0.53	-10.228	-20.456	-100.8
0.54	-10.244	-20.456	-99.3
0.55	-10.259	-20.456	-101.7
0.56	-10.274	-20.456	-98.6
0.57	-10.290	-20.454	-96.1
0.58	-10.307	-20.336	-98.0
0.59	-10.324	-19.501	-97.9
0.6	-10.343	-17.598	-92.8
0.61	-10.362	-15.429	-84.7
0.62	-10.380	-13.847	-81.2
0.63	-10.398	-13.010	-86.2
0.64	-10.415	-12.877	-93.4
0.65	-10.430	-13.374	-95.0
0.66	-10.444	-14.366	-89.5
0.67	-10.457	-15.699	-82.2
0.68	-10.469	-17.246	-81.9
0.69	-10.481	-18.813	-81.2
0.7	-10.492	-19.953	-79.3
0.71	-10.502	-20.396	-82.1
0.72	-10.511	-20.456	-81.1
0.73	-10.521	-20.456	-78.8
0.74	-10.529	-20.456	-71.3
0.75	-10.538	-20.456	-60.6
0.76	-10.544	-20.456	-63.3
0.77	-10.547	-20.456	-72.9
0.78	-10.549	-20.456	-70.8
0.79	-10.550	-20.456	-62.2
0.8	-10.551	-20.452	-65.3
0.81	-10.549	-20.377	-67.0
0.82	-10.546	-20.099	-59.5
0.83	-10.541	-19.604	-44.0
0.84	-10.534	-19.031	-19.9
0.85	-10.524	-18.504	-7.2
0.86	-10.511	-18.064	-8.0
0.87	-10.492	-17.685	-16.8
0.88	-10.468	-17.315	-48.9
0.89	-10.439	-16.936	-70.8
0.9	-10.408	-16.598	-59.5
0.91	-10.376	-16.356	-53.7
0.92	-10.344	-16.211	-57.3
0.93	-10.313	-16.137	-58.1
0.94	-10.281	-16.118	-58.4
0.95	-10.249	-16.134	-67.3
0.96	-10.212	-16.124	-68.3
0.97	-10.172	-16.108	100.0
0.98	-10.135	-16.136	508.9
0.99	-10.101	-16.243	733.0
1.0	-10.068	-16.462	485.1
1.01	-10.032	-16.747	156.4
1.02	-9.994	-17.038	23.4
1.03	-9.958	-17.317	-2.7
1.04	-9.921	-17.588	-9.1
1.05	-9.882	-17.849	-23.4
1.06	-9.841	-18.036	-33.5
1.07	-9.798	-18.128	-26.7
1.08	-9.757	-18.109	-9.3
1.09	-9.717	-17.789	1.0
1.1	-9.680	-16.663	5.8
1.11	-9.644	-13.713	10.8
1.12	-9.611	-7.452	31.1
1.13	-9.578	2.960	57.0
1.14	-9.547	13.815	76.2
1.15	-9.518	19.416	109.2
1.16	-9.491	20.426	144.3
1.17	-9.466	20.453	174.5
1.18	-9.443	20.456	200.5
1.19	-9.424	20.456	218.9
1.2	-9.406	20.456	230.1
1.21	-9.389	20.448	230.2
1.22	-9.372	20.301	207.4
1.23	-9.354	18.122	147.3
1.24	-9.338	10.758	74.9
1.25	-9.321	-0.402	2.6
1.26	-9.304	-10.663	-64.7
1.27	-9.286	-17.336	-102.0
1.28	-9.267	-20.010	-124.6
1.29	-9.249	-20.444	-133.8
1.3	-9.232	-20.455	-129.8
1.31	-9.216	-20.456	-127.3
1.32	-9.197	-20.456	-120.8
1.33	-9.180	-20.456	-118.8
1.34	-9.165	-20.456	-118.4
1.35	-9.153	-20.456	-117.9
1.36	-9.141	-20.456	-122.0
1.37	-9.129	-20.456	-116.1
1.38	-9.117	-20.456	-106.1
1.39	-9.105	-20.456	-102.9
1.4	-9.095	-20.456	-101.2
1.41	-9.086	-20.456	-84.6
1.42	-9.078	-20.452	-68.3
1.43	-9.072	-20.286	-79.8
1.44	-9.068	-19.299	-97.3
1.45	-9.064	-17.214	-96.8
1.46	-9.061	-14.963	-82.5
1.47	-9.060	-13.439	-73.8
1.48	-9.060	-12.833	-73.9
1.49	-9.060	-13.084	-77.4
1.5	-9.061	-14.023	-77.4
1.51	-9.063	-15.437	-74.4
1.52	-9.066	-17.143	-79.1
1.53	-9.069	-18.859	-79.6
1.54	-9.073	-20.022	-78.5
1.55	-9.078	-20.414	-75.7
1.56	-9.083	-20.456	-64.2
1.57	-9.090	-20.456	-65.9
1.58	-9.097	-20.456	-67.0
1.59	-9.104	-20.456	-63.9
1.6	-9.112	-20.456	-75.1
1.61	-9.118	-20.456	-72.7
1.62	-9.124	-20.456	-60.9
1.63	-9.129	-20.456	-59.9
1.64	-9.134	-20.456	-56.4
1.65	-9.140	-20.436	-47.8
1.66	-9.148	-20.284	-47.9
1.67	-9.157	-19.976	-54.3
1.68	-9.169	-19.745	-56.5
1.69	-9.183	-19.540	-56.1
1.7	-9.199	-19.021	-55.3
1.71	-9.217	-18.322	-43.9
1.72	-9.238	-17.828	-17.0
1.73	-9.261	-17.670	-2.9
1.74	-9.282	-17.613	-0.9
1.75	-9.303	-17.393	-5.7
1.76	-9.321	-17.280	-29.0
1.77	-9.337	-17.328	-52.9
1.78	-9.351	-17.309	-61.8
1.79	-9.364	-17.334	-58.6
1.8	-9.377	-17.433	-55.0
1.81	-9.391	-17.511	-54.1
1.82	-9.406	-17.664	-53.2
1.83	-9.422	-17.948	-51.7
1.84	-9.441	-18.143	-65.1
1.85	-9.459	-18.144	-30.3
1.86	-9.481	-18.085	256.4
1.87	-9.507	-17.996	688.8
1.88	-9.538	-17.868	730.8
1.89	-9.569	-17.795	378.2
1.9	-9.598	-17.843	120.7
1.91	-9.626	-17.982	36.8
1.92	-9.654	-18.141	-6.7
1.93	-9.679	-18.334	-26.1
1.94	-9.700	-18.533	-28.3
1.95	-9.718	-18.418	-27.7
1.96	-9.736	-18.107	-29.1
1.97	-9.754	-17.954	-27.6
1.98	-9.772	-17.429	-4.1
1.99	-9.789	-15.435	18.3
2.0	-9.806	-10.674	21.1
2.01	-9.821	-1.827	39.0
2.02	-9.838	9.654	59.9
2.03	-9.856	17.847	78.0
2.04	-9.875	20.297	106.8
2.05	-9.896	20.448	137.4
2.06	-9.918	20.456	176.9
2.07	-9.939	20.456	205.5
2.08	-9.959	20.456	217.8
2.09	-9.981	20.453	229.7
2.1	-10.003	20.433	225.7
2.11	-10.025	19.608	192.5
2.12	-10.046	14.864	121.0
2.13	-10.067	5.004	40.3
2.14	-10.087	-5.988	-26.2
2.15	-10.106	-14.411	-82.4
2.16	-10.123	-18.990	-112.3
2.17	-10.139	-20.332	-121.9
2.18	-10.155	-20.453	-125.2
2.19	-10.173	-20.456	-124.7
2.2	-10.190	-20.442	-129.9
2.21	-10.206	-20.306	-129.5
2.22	-10.223	-20.101	-116.6
2.23	-10.243	-20.160	-108.4
2.24	-10.262	-20.375	-107.8
2.25	-10.281	-20.453	-110.2
2.26	-10.298	-20.456	-108.2
2.27	-10.314	-20.456	-99.6
2.28	-10.328	-20.456	-93.0
2.29	-10.342	-20.456	-92.3
2.3	-10.358	-20.456	-97.2
2.31	-10.373	-20.444	-97.3
2.32	-10.389	-20.155	-89.7
2.33	-10.406	-18.906	-83.8
2.34	-10.423	-16.737	-82.9
2.35	-10.442	-14.678	-80.1
2.36	-10.461	-13.366	-75.8
2.37	-10.481	-12.832	-75.0
2.38	-10.500	-12.957	-75.9
2.39	-10.518	-13.493	-67.0
2.4	-10.536	-14.367	-58.6
2.41	-10.553	-15.922	-71.6
2.42	-10.569	-18.001	-74.6
2.43	-10.586	-19.628	-65.6
2.44	-10.603	-20.311	-70.7
2.45	-10.620	-20.447	-67.9
2.46	-10.638	-20.456	-56.9
2.47	-10.656	-20.456	-54.3
2.48	-10.674	-20.456	-54.6
2.49	-10.692	-20.456	-57.6
2.5	-10.708	-20.456	-58.8
2.51	-10.724	-20.456	-50.4
2.52	-10.741	-20.456	-48.3
2.53	-10.757	-20.454	-45.9
2.54	-10.773	-20.397	-38.1
2.55	-10.789	-20.189	-40.1
2.56	-10.805	-20.043	-47.9
2.57	-10.821	-19.928	-50.4
2.58	-10.836	-19.393	-37.3
2.59	-10.851	-18.653	-13.7
2.6	-10.866	-18.110	-1.3
2.61	-10.881	-17.688	1.1
2.62	-10.895	-17.351	-2.3
2.63	-10.908	-17.104	-11.6
2.64	-10.919	-16.882	-19.3
2.65	-10.931	-16.727	-28.6
2.66	-10.941	-16.686	-36.8
2.67	-10.950	-16.643	-37.0
2.68	-10.959	-16.521	-35.5
2.69	-10.969	-16.419	-31.5
2.7	-10.979	-16.466	-34.6
2.71	-10.989	-16.595	-54.8
2.72	-10.994	-16.611	-45.4
2.73	-10.999	-16.547	146.5
2.74	-11.008	-16.584	552.2
2.75	-11.019	-16.678	728.9
2.76	-11.030	-16.720	449.8
2.77	-11.039	-16.768	153.7
2.78	-11.047	-16.947	53.8
2.79	-11.054	-17.295	16.6
2.8	-11.059	-17.709	-1.6
2.81	-11.062	-18.017	-11.0
2.82	-11.060	-18.105	-18.7
2.83	-11.058	-17.991	-10.3
2.84	-11.060	-17.745	0.5
2.85	-11.065	-17.279	9.1
2.86	-11.071	-16.117	28.5
2.87	-11.078	-13.147	39.3
2.88	-11.084	-6.741	46.7
2.89	-11.088	3.821	67.4
2.9	-11.092	14.441	92.4
2.91	-11.098	19.608	120.8
2.92	-11.104	20.438	148.8
2.93	-11.111	20.453	177.1
2.94	-11.118	20.456	209.4
2.95	-11.123	20.456	239.8
2.96	-11.125	20.456	260.2
2.97	-11.123	20.451	249.5
2.98	-11.119	20.370	210.1
2.99	-11.113	18.744	147.7
3.0	-11.106	12.516	70.9
3.01	-11.096	2.336	5.8
3.02	-11.082	-7.506	-43.8
3.03	-11.063	-14.763	-77.2
3.04	-11.037	-18.899	-94.7
3.05	-11.009	-20.286	-103.8
3.06	-10.985	-20.453	-107.7
3.07	-10.961	-20.391	-103.0
3.08	-10.931	-19.953	-102.1
3.09	-10.898	-19.109	-103.2
3.1	-10.865	-18.902	-100.5
3.11	-10.833	-19.683	-95.1
3.12	-10.799	-20.328	-84.5
3.13	-10.761	-20.453	-82.9
3.14	-10.723	-20.456	-91.3
3.15	-10.684	-20.456	-87.1
3.16	-10.644	-20.456	-75.2
3.17	-10.605	-20.456	-77.3
3.18	-10.568	-20.454	-82.6
3.19	-10.533	-20.414	-83.4
3.2	-10.498	-19.846	-76.9
3.21	-10.464	-18.026	-67.4
3.22	-10.430	-15.522	-71.2
3.23	-10.394	-13.565	-76.2
3.24	-10.357	-12.549	-72.6
3.25	-10.319	-12.453	-68.6
3.26	-10.281	-13.143	-69.0
3.27	-10.243	-14.366	-71.8
3.28	-10.204	-15.823	-71.3
3.29	-10.166	-17.454	-72.8
3.3	-10.128	-19.116	-67.8
3.31	-10.090	-20.161	-45.4
3.32	-10.053	-20.441	-33.3
3.33	-10.016	-20.456	-42.3
3.34	-9.978	-20.456	-54.9
3.35	-9.941	-20.456	-55.1
3.36	-9.906	-20.456	-54.2
3.37	-9.870	-20.456	-61.7
3.38	-9.834	-20.456	-59.0
3.39	-9.798	-20.456	-52.0
3.4	-9.763	-20.456	-42.5
3.41	-9.727	-20.456	-33.8
3.42	-9.692	-20.456	-34.6
3.43	-9.658	-20.434	-35.9
3.44	-9.625	-20.264	-36.1
3.45	-9.592	-19.834	-31.1
3.46	-9.562	-19.335	-33.7
3.47	-9.533	-18.971	-31.2
3.48	-9.505	-18.606	-15.6
3.49	-9.477	-18.211	4.6
3.5	-9.448	-17.951	15.7
3.51	-9.420	-17.794	-0.5
3.52	-9.391	-17.660	-19.5
3.53	-9.364	-17.524	-30.3
3.54	-9.337	-17.385	-36.2
3.55	-9.313	-17.414	-40.7
3.56	-9.289	-17.618	-41.3
3.57	-9.265	-17.719	-41.2
3.58	-9.242	-17.716	-41.4
3.59	-9.219	-17.749	-42.3
3.6	-9.196	-17.739	-61.4
3.61	-9.172	-17.638	56.3
3.62	-9.149	-17.548	461.1
3.63	-9.127	-17.516	791.5
3.64	-9.107	-17.594	628.3
3.65	-9.085	-17.836	254.3
3.66	-9.064	-18.138	61.8
3.67	-9.043	-18.346	11.1
3.68	-9.022	-18.491	3.5
3.69	-8.998	-18.678	0.9
3.7	-8.974	-18.789	-19.0
3.71	-8.949	-18.670	-24.8
3.72	-8.924	-18.446	-10.9
3.73	-8.899	-18.114	-1.1
3.74	-8.875	-16.975	4.6
3.75	-8.852	-13.797	13.1
3.76	-8.828	-7.224	42.5
3.77	-8.804	3.359	65.5
3.78	-8.782	14.123	77.8
3.79	-8.761	19.516	112.6
3.8	-8.742	20.433	139.0
3.81	-8.723	20.453	162.3
3.82	-8.706	20.456	196.0
3.83	-8.689	20.456	220.0
3.84	-8.672	20.456	235.7
3.85	-8.657	20.451	242.3
3.86	-8.642	20.359	221.1
3.87	-8.626	18.573	166.4
3.88	-8.611	11.899	93.3
3.89	-8.596	1.120	21.6
3.9	-8.582	-9.218	-39.8
3.91	-8.568	-16.376	-86.9
3.92	-8.553	-19.695	-108.6
3.93	-8.539	-20.422	-112.0
3.94	-8.527	-20.454	-117.3
3.95	-8.516	-20.451	-115.9
3.96	-8.503	-20.324	-111.5
3.97	-8.490	-19.906	-110.9
3.98	-8.478	-19.659	-107.0
3.99	-8.469	-20.004	-108.5
4.0	-8.460	-20.376	-107.6
4.01	-8.453	-20.454	-104.2
4.02	-8.444	-20.456	-103.6
4.03	-8.436	-20.456	-95.7
4.04	-8.426	-20.456	-86.6
4.05	-8.416	-20.456	-86.3
4.06	-8.406	-20.456	-85.3
4.07	-8.397	-20.454	-82.9
4.08	-8.387	-20.398	-85.2
4.09	-8.379	-19.821	-81.6
4.1	-8.373	-18.242	-75.9
4.11	-8.367	-16.351	-79.4
4.12	-8.362	-15.251	-74.6
4.13	-8.357	-15.143	-68.5
4.14	-8.353	-15.636	-78.9
4.15	-8.349	-16.433	-91.4
4.16	-8.345	-17.569	-89.6
4.17	-8.342	-18.944	-74.1
4.18	-8.339	-20.003	-65.6
4.19	-8.338	-20.406	-70.4
4.2	-8.335	-20.455	-69.1
4.21	-8.333	-20.456	-67.3
4.22	-8.332	-20.456	-69.5
4.23	-8.331	-20.456	-62.0
4.24	-8.331	-20.456	-65.0
4.25	-8.332	-20.456	-70.3
4.26	-8.333	-20.456	-58.7
4.27	-8.334	-20.456	-48.2
4.28	-8.335	-20.456	-53.8
4.29	-8.336	-20.456	-57.3
4.3	-8.338	-20.456	-56.9
4.31	-8.340	-20.456	-62.3
4.32	-8.342	-20.456	-53.5
4.33	-8.344	-20.453	-36.2
4.34	-8.347	-20.393	-39.8
4.35	-8.349	-20.197	-52.3
4.36	-8.353	-19.804	-47.9
4.37	-8.355	-19.142	-41.9
4.38	-8.359	-18.386	-42.0
4.39	-8.363	-17.851	-33.4
4.4	-8.369	-17.505	-3.4
4.41	-8.375	-17.183	15.6
4.42	-8.383	-17.033	10.7
4.43	-8.391	-17.199	-2.2
4.44	-8.400	-17.485	-27.8
4.45	-8.409	-17.646	-41.0
4.46	-8.420	-17.707	-44.6
4.47	-8.433	-17.826	-38.4
4.48	-8.448	-18.083	-31.0
4.49	-8.466	-18.416	-39.7
4.5	-8.488	-18.663	-44.0
4.51	-8.511	-18.794	-52.6
4.52	-8.535	-18.810	-76.3
4.53	-8.558	-18.670	-31.9
4.54	-8.582	-18.472	270.7
4.55	-8.608	-18.496	720.1
4.56	-8.636	-18.691	799.1
4.57	-8.663	-18.624	456.5
4.58	-8.694	-18.428	152.3
4.59	-8.729	-18.427	32.9
4.6	-8.763	-18.538	-9.3
4.61	-8.794	-18.671	-31.7
4.62	-8.821	-18.692	-42.2
4.63	-8.844	-18.493	-31.9
4.64	-8.866	-18.136	-17.4
4.65	-8.887	-17.580	-12.8
4.66	-8.908	-16.488	-4.3
4.67	-8.929	-14.023	10.2
4.68	-8.949	-8.636	21.9
4.69	-8.969	1.094	41.3
4.7	-8.991	12.333	53.3
4.71	-9.013	18.924	68.8
4.72	-9.036	20.396	98.1
4.73	-9.062	20.453	132.0
4.74	-9.089	20.456	164.4
4.75	-9.117	20.456	187.5
4.76	-9.146	20.456	214.6
4.77	-9.176	20.453	226.2
4.78	-9.206	20.408	211.5
4.79	-9.236	19.204	175.0
4.8	-9.264	13.495	114.2
4.81	-9.292	2.808	44.5
4.82	-9.319	-8.290	-24.1
4.83	-9.346	-16.093	-77.8
4.84	-9.370	-19.668	-110.2
4.85	-9.394	-20.423	-125.1
4.86	-9.418	-20.455	-131.3
4.87	-9.443	-20.456	-132.0
4.88	-9.467	-20.456	-131.4
4.89	-9.492	-20.439	-136.8
4.9	-9.516	-20.402	-130.4
4.91	-9.540	-20.402	-119.2
4.92	-9.565	-20.439	-118.4
4.93	-9.590	-20.456	-116.7
4.94	-9.614	-20.456	-110.5
4.95	-9.635	-20.456	-109.1
4.96	-9.654	-20.456	-106.5
4.97	-9.674	-20.456	-105.1
4.98	-9.693	-20.456	-103.7
4.99	-9.712	-20.454	-92.8
5.0	-9.732	-20.425	-93.5
5.01	-9.754	-19.994	-103.4
5.02	-9.776	-18.572	-103.5
5.03	-9.797	-16.539	-99.7
5.04	-9.819	-14.939	-99.5
5.05	-9.842	-14.136	-96.9
5.06	-9.864	-13.987	-90.3
5.07	-9.886	-14.458	-80.9
5.08	-9.906	-15.643	-78.5
5.09	-9.926	-17.321	-86.0
5.1	-9.944	-18.936	-93.7
5.11	-9.963	-19.999	-86.8
5.12	-9.982	-20.398	-78.7
5.13	-10.001	-20.455	-80.0
5.14	-10.020	-20.456	-72.2
5.15	-10.039	-20.456	-68.0
5.16	-10.058	-20.456	-69.7
5.17	-10.076	-20.456	-71.7
5.18	-10.094	-20.456	-72.6
5.19	-10.112	-20.456	-74.2
5.2	-10.131	-20.456	-79.5
5.21	-10.150	-20.456	-68.5
5.22	-10.169	-20.456	-60.8
5.23	-10.189	-20.433	-62.7
5.24	-10.210	-20.274	-57.9
5.25	-10.231	-19.881	-61.8
5.26	-10.250	-19.389	-61.5
5.27	-10.268	-18.959	-54.2
5.28	-10.285	-18.577	-60.4
5.29	-10.301	-18.163	-54.9
5.3	-10.318	-17.744	-42.4
5.31	-10.335	-17.422	-44.9
5.32	-10.351	-17.191	-36.7
5.33	-10.363	-17.021	-20.4
5.34	-10.374	-16.952	-10.5
5.35	-10.383	-16.993	-17.9
5.36	-10.391	-17.094	-35.7
5.37	-10.399	-17.219	-48.2
5.38	-10.404	-17.341	-54.3
5.39	-10.408	-17.407	-55.0
5.4	-10.411	-17.422	-57.2
5.41	-10.413	-17.431	-55.2
5.42	-10.415	-17.414	-50.6
5.43	-10.414	-17.376	-66.3
5.44	-10.408	-17.320	-70.2
5.45	-10.398	-17.184	121.8
5.46	-10.387	-17.020	543.6
5.47	-10.376	-16.923	736.0
5.48	-10.359	-16.883	452.6
5.49	-10.333	-16.874	136.0
5.5	-10.303	-16.909	32.0
5.51	-10.268	-17.009	3.1
5.52	-10.225	-17.176	-24.2
5.53	-10.176	-17.361	-39.2
5.54	-10.121	-17.480	-30.3
5.55	-10.068	-17.499	-29.5
5.56	-10.017	-17.392	-26.7
5.57	-9.971	-16.980	-11.3
5.58	-9.927	-15.742	-1.0
5.59	-9.886	-12.605	11.0
5.6	-9.845	-5.994	35.8
5.61	-9.804	4.648	61.2
5.62	-9.765	14.969	81.1
5.63	-9.726	19.741	107.7
5.64	-9.687	20.444	140.7
5.65	-9.649	20.454	168.6
5.66	-9.614	20.456	192.9
5.67	-9.580	20.456	218.2
5.68	-9.548	20.456	233.7
5.69	-9.518	20.446	230.3
5.7	-9.487	20.176	204.3
5.71	-9.456	17.293	156.1
5.72	-9.426	8.824	87.5
5.73	-9.398	-2.916	14.2
5.74	-9.370	-12.888	-47.4
5.75	-9.342	-18.546	-97.3
5.76	-9.314	-20.286	-121.8
5.77	-9.287	-20.453	-128.0
5.78	-9.264	-20.456	-126.2
5.79	-9.242	-20.456	-114.3
5.8	-9.219	-20.456	-111.3
5.81	-9.194	-20.456	-113.8
5.82	-9.171	-20.456	-116.3
5.83	-9.148	-20.456	-117.0
5.84	-9.126	-20.456	-113.5
5.85	-9.104	-20.456	-109.1
5.86	-9.082	-20.456	-98.9
5.87	-9.059	-20.456	-96.2
5.88	-9.036	-20.456	-99.1
5.89	-9.013	-20.456	-88.4
5.9	-8.991	-20.454	-84.6
5.91	-8.969	-20.418	-93.7
5.92	-8.949	-19.918	-90.7
5.93	-8.930	-18.342	-82.5
5.94	-8.912	-16.179	-77.6
5.95	-8.897	-14.463	-76.8
5.96	-8.881	-13.528	-80.8
5.97	-8.866	-13.357	-86.3
5.98	-8.850	-13.893	-90.6
5.99	-8.834	-15.032	-87.0
6.0	-8.819	-16.621	-78.7
6.01	-8.805	-18.386	-76.8
6.02	-8.791	-19.767	-74.5
6.03	-8.777	-20.361	-66.3
6.04	-8.764	-20.454	-70.7
6.05	-8.751	-20.456	-76.7
6.06	-8.739	-20.456	-74.7
6.07	-8.729	-20.456	-71.2
6.08	-8.717	-20.456	-63.4
6.09	-8.707	-20.456	-63.4
6.1	-8.699	-20.456	-67.8
6.11	-8.690	-20.456	-65.4
6.12	-8.682	-20.456	-62.9
6.13	-8.674	-20.456	-59.7
6.14	-8.667	-20.456	-58.1
6.15	-8.659	-20.434	-61.6
6.16	-8.651	-20.264	-58.2
6.17	-8.644	-19.858	-51.3
6.18	-8.637	-19.379	-51.0
6.19	-8.631	-18.962	-50.6
6.2	-8.626	-18.580	-47.3
6.21	-8.621	-18.225	-45.6
6.22	-8.617	-17.922	-32.1
6.23	-8.613	-17.659	-14.6
6.24	-8.610	-17.427	-9.8
6.25	-8.607	-17.262	-15.3
6.26	-8.605	-17.196	-18.0
6.27	-8.602	-17.235	-23.5
6.28	-8.599	-17.343	-41.9
6.29	-8.596	-17.431	-52.0
6.3	-8.594	-17.484	-51.5
6.31	-8.592	-17.551	-56.0
6.32	-8.591	-17.619	-64.3
6.33	-8.591	-17.670	-63.9
6.34	-8.591	-17.706	-75.8
6.35	-8.589	-17.718	-79.1
6.36	-8.588	-17.717	82.8
6.37	-8.588	-17.729	501.7
6.38	-8.589	-17.756	802.3
6.39	-8.591	-17.783	606.9
6.4	-8.592	-17.813	241.4
6.41	-8.595	-17.849	60.4
6.42	-8.599	-17.897	2.6
6.43	-8.601	-17.971	-26.6
6.44	-8.600	-18.071	-42.2
6.45	-8.598	-18.142	-38.6
6.46	-8.595	-18.096	-37.4
6.47	-8.592	-17.848	-34.5
6.48	-8.588	-17.250	-15.5
6.49	-8.584	-15.843	-7.4
6.5	-8.578	-12.566	4.4
6.51	-8.572	-5.810	29.0
6.52	-8.566	4.924	37.1
6.53	-8.561	15.152	54.3
6.54	-8.557	19.782	86.7
6.55	-8.554	20.444	110.3
6.56	-8.553	20.454	142.2
6.57	-8.554	20.456	181.3
6.58	-8.556	20.456	207.3
6.59	-8.559	20.456	222.9
6.6	-8.562	20.447	221.7
6.61	-8.564	20.131	197.5
6.62	-8.568	17.057	151.2
6.63	-8.571	8.393	83.7
6.64	-8.575	-3.367	8.9
6.65	-8.579	-13.222	-54.0
6.66	-8.584	-18.692	-93.8
6.67	-8.590	-20.308	-122.0
6.68	-8.598	-20.452	-141.9
6.69	-8.610	-20.456	-142.3
6.7	-8.624	-20.456	-136.2
6.71	-8.638	-20.456	-132.2
6.72	-8.652	-20.456	-124.0
6.73	-8.672	-20.456	-121.6
6.74	-8.696	-20.456	-123.5
6.75	-8.721	-20.456	-121.6
6.76	-8.746	-20.456	-114.7
6.77	-8.769	-20.456	-113.7
6.78	-8.792	-20.456	-125.3
6.79	-8.814	-20.456	-124.3
6.8	-8.835	-20.456	-102.6
6.81	-8.857	-20.456	-88.6
6.82	-8.880	-20.448	-89.7
6.83	-8.904	-20.239	-95.2
6.84	-8.930	-19.203	-101.8
6.85	-8.956	-17.250	-95.0
6.86	-8.982	-15.321	-92.2
6.87	-9.010	-14.109	-110.9
6.88	-9.037	-13.728	-116.1
6.89	-9.065	-14.111	-91.8
6.9	-9.093	-15.061	-78.6
6.91	-9.121	-16.352	-84.2
6.92	-9.149	-17.832	-86.0
6.93	-9.177	-19.253	-87.5
6.94	-9.203	-20.153	-83.2
6.95	-9.229	-20.431	-86.0
6.96	-9.254	-20.455	-87.3
6.97	-9.281	-20.456	-82.1
6.98	-9.306	-20.456	-89.8
6.99	-9.334	-20.456	-83.8
7.0	-9.361	-20.456	-72.2
7.01	-9.388	-20.456	-70.8
7.02	-9.414	-20.456	-71.9
7.03	-9.440	-20.456	-70.8
7.04	-9.464	-20.456	-69.0
7.05	-9.488	-20.456	-71.7
7.06	-9.511	-20.419	-72.8
7.07	-9.534	-20.209	-73.3
7.08	-9.558	-19.759	-72.7
7.09	-9.581	-19.221	-66.5
7.1	-9.604	-18.743	-62.3
7.11	-9.627	-18.338	-64.0
7.12	-9.652	-17.973	-63.2
7.13	-9.676	-17.621	-61.5
7.14	-9.701	-17.298	-58.3
7.15	-9.725	-17.042	-52.0
7.16	-9.749	-16.886	-53.2
7.17	-9.774	-16.829	-47.4
7.18	-9.797	-16.830	-29.5
7.19	-9.818	-16.840	-10.8
7.2	-9.839	-16.854	-2.5
7.21	-9.859	-16.899	-20.1
7.22	-9.880	-17.002	-47.4
7.23	-9.900	-17.164	-57.8
7.24	-9.920	-17.345	-53.4
7.25	-9.939	-17.489	-50.2
7.26	-9.959	-17.577	-53.5
7.27	-9.978	-17.637	-62.3
7.28	-9.996	-17.684	-67.8
7.29	-10.016	-17.703	-70.7
7.3	-10.034	-17.654	-58.6
7.31	-10.049	-17.510	136.9
7.32	-10.066	-17.331	564.5
7.33	-10.085	-17.155	753.1
7.34	-10.104	-16.953	459.6
7.35	-10.120	-16.754	142.9
7.36	-10.137	-16.633	29.3
7.37	-10.153	-16.626	-10.7
7.38	-10.166	-16.737	-22.9
7.39	-10.177	-16.922	-34.6
7.4	-10.186	-17.080	-38.0
7.41	-10.195	-17.096	-32.7
7.42	-10.205	-16.933	-28.8
7.43	-10.216	-16.497	-25.4
7.44	-10.229	-15.281	-10.5
7.45	-10.243	-12.139	17.0
7.46	-10.259	-5.451	33.5
7.47	-10.274	5.209	46.9
7.48	-10.292	15.303	59.9
7.49	-10.310	19.813	79.2
7.5	-10.328	20.444	115.6
7.51	-10.347	20.454	152.7
7.52	-10.365	20.456	179.0
7.53	-10.383	20.456	191.9
7.54	-10.399	20.456	212.7
7.55	-10.416	20.447	223.3
7.56	-10.433	20.051	194.9
7.57	-10.449	16.624	143.6
7.58	-10.464	7.569	70.1
7.59	-10.481	-4.244	-14.0
7.6	-10.499	-13.879	-80.5
7.61	-10.517	-18.999	-116.0
7.62	-10.534	-20.361	-132.6
7.63	-10.553	-20.452	-144.5
7.64	-10.573	-20.456	-144.4
7.65	-10.592	-20.456	-135.1
7.66	-10.607	-20.456	-134.3
7.67	-10.620	-20.456	-138.9
7.68	-10.633	-20.456	-147.3
7.69	-10.646	-20.456	-152.0
7.7	-10.658	-20.456	-143.1
7.71	-10.667	-20.456	-135.4
7.72	-10.673	-20.456	-130.0
7.73	-10.678	-20.456	-119.8
7.74	-10.680	-20.456	-111.9
7.75	-10.679	-20.456	-110.3
7.76	-10.678	-20.447	-107.7
7.77	-10.673	-20.198	-108.0
7.78	-10.667	-18.972	-110.9
7.79	-10.658	-16.659	-110.4
7.8	-10.644	-14.313	-104.6
7.81	-10.626	-12.681	-96.9
7.82	-10.603	-11.867	-93.1
7.83	-10.574	-11.848	-90.1
7.84	-10.541	-12.539	-97.3
7.85	-10.507	-13.800	-97.0
7.86	-10.472	-15.434	-86.4
7.87	-10.436	-17.204	-86.9
7.88	-10.401	-18.838	-97.6
7.89	-10.366	-19.963	-93.8
7.9	-10.331	-20.397	-76.3
7.91	-10.295	-20.455	-76.2
7.92	-10.259	-20.456	-78.6
7.93	-10.223	-20.456	-83.9
7.94	-10.187	-20.456	-90.2
7.95	-10.150	-20.456	-72.0
7.96	-10.114	-20.456	-64.0
7.97	-10.078	-20.456	-74.5
7.98	-10.042	-20.454	-74.0
7.99	-10.008	-20.391	-73.9
8.0	-9.974	-20.091	-73.5
8.01	-9.942	-19.518	-70.5
8.02	-9.910	-18.882	-66.5
8.03	-9.878	-18.294	-62.3
8.04	-9.848	-17.746	-61.9
8.05	-9.817	-17.249	-53.0
8.06	-9.787	-16.810	-41.7
8.07	-9.758	-16.406	-31.0
8.08	-9.727	-16.024	-21.7
8.09	-9.696	-15.708	-28.4
8.1	-9.665	-15.494	-42.7
8.11	-9.634	-15.373	-51.5
8.12	-9.603	-15.311	-51.0
8.13	-9.571	-15.251	-57.0
8.14	-9.541	-15.188	-70.3
8.15	-9.511	-15.206	-65.2
8.16	-9.482	-15.361	-56.2
8.17	-9.456	-15.543	-69.8
8.18	-9.429	-15.588	-86.2
8.19	-9.401	-15.489	-33.0
8.2	-9.372	-15.362	235.3
8.21	-9.346	-15.344	649.4
8.22	-9.322	-15.508	706.3
8.23	-9.298	-15.815	356.0
8.24	-9.274	-16.201	104.0
8.25	-9.251	-16.628	22.8
8.26	-9.228	-17.056	-12.3
8.27	-9.203	-17.364	-27.1
8.28	-9.179	-17.538	-47.4
8.29	-9.152	-17.624	-40.6
8.3	-9.126	-17.626	-34.6
8.31	-9.100	-17.567	-37.5
8.32	-9.075	-17.261	-16.7
8.33	-9.050	-15.991	5.8
8.34	-9.026	-12.461	15.7
8.35	-9.003	-5.165	27.6
8.36	-8.981	5.850	48.4
8.37	-8.960	15.723	79.4
8.38	-8.940	19.899	119.0
8.39	-8.921	20.444	149.0
8.4	-8.904	20.454	167.2
8.41	-8.889	20.456	195.4
8.42	-8.875	20.456	220.7
8.43	-8.862	20.455	224.8
8.44	-8.849	20.446	218.3
8.45	-8.837	19.991	189.5
8.46	-8.825	16.370	129.2
8.47	-8.813	7.236	53.7
8.48	-8.802	-4.365	-18.8
8.49	-8.790	-13.786	-77.4
8.5	-8.777	-18.901	-122.3
8.51	-8.765	-20.339	-143.3
8.52	-8.756	-20.452	-148.4
8.53	-8.748	-20.456	-148.9
8.54	-8.739	-20.456	-140.2
8.55	-8.729	-20.456	-128.2
8.56	-8.719	-20.456	-125.6
8.57	-8.713	-20.456	-129.8
8.58	-8.707	-20.456	-135.2
8.59	-8.701	-20.456	-140.4
8.6	-8.696	-20.456	-139.2
8.61	-8.691	-20.456	-132.9
8.62	-8.684	-20.456	-122.4
8.63	-8.679	-20.456	-115.5
8.64	-8.672	-20.456	-103.6
8.65	-8.666	-20.440	-92.1
8.66	-8.661	-20.093	-95.4
8.67	-8.656	-18.653	-101.2
8.68	-8.651	-16.247	-111.3
8.69	-8.648	-14.056	-108.0
8.7	-8.646	-12.729	-93.1
8.71	-8.644	-12.263	-92.1
8.72	-8.643	-12.543	-91.0
8.73	-8.642	-13.413	-82.2
8.74	-8.641	-14.735	-74.9
8.75	-8.641	-16.335	-76.9
8.76	-8.641	-17.984	-83.9
8.77	-8.641	-19.389	-95.2
8.78	-8.640	-20.202	-96.4
8.79	-8.639	-20.437	-83.1
8.8	-8.639	-20.456	-71.9
8.81	-8.640	-20.456	-67.0
8.82	-8.641	-20.456	-67.1
8.83	-8.642	-20.456	-59.9
8.84	-8.643	-20.456	-62.0
8.85	-8.643	-20.456	-72.6
8.86	-8.644	-20.456	-77.0
8.87	-8.646	-20.456	-75.3
8.88	-8.648	-20.454	-63.3
8.89	-8.649	-20.396	-55.3
8.9	-8.651	-20.151	-50.9
8.91	-8.653	-19.726	-47.2
8.92	-8.655	-19.298	-50.0
8.93	-8.657	-18.901	-53.5
8.94	-8.659	-18.442	-44.5
8.95	-8.662	-17.855	-26.4
8.96	-8.668	-17.191	-16.7
8.97	-8.675	-16.623	-2.9
8.98	-8.683	-16.314	9.7
8.99	-8.691	-16.279	-9.8
9.0	-8.700	-16.385	-40.5
9.01	-8.709	-16.491	-53.3
9.02	-8.719	-16.549	-58.3
9.03	-8.731	-16.585	-59.8
9.04	-8.746	-16.626	-57.0
9.05	-8.765	-16.668	-47.3
9.06	-8.786	-16.691	-48.7
9.07	-8.808	-16.693	-74.1
9.08	-8.829	-16.692	-58.2
9.09	-8.851	-16.704	165.2
9.1	-8.874	-16.773	603.8
9.11	-8.901	-16.915	806.7
9.12	-8.928	-17.038	533.6
9.13	-8.954	-17.098	184.4
9.14	-8.983	-17.163	38.9
9.15	-9.014	-17.309	3.5
9.16	-9.043	-17.522	-23.2
9.17	-9.068	-17.674	-40.2
9.18	-9.089	-17.651	-45.3
9.19	-9.107	-17.427	-40.4
9.2	-9.126	-16.957	-25.5
9.21	-9.145	-16.059	-18.5
9.22	-9.164	-14.186	-8.0
9.23	-9.183	-10.146	8.2
9.24	-9.203	-2.333	36.0
9.25	-9.224	8.646	63.1
9.26	-9.246	17.264	72.0
9.27	-9.269	20.197	85.6
9.28	-9.294	20.444	109.6
9.29	-9.319	20.456	144.3
9.3	-9.344	20.456	178.3
9.31	-9.371	20.456	204.6
9.32	-9.399	20.453	224.6
9.33	-9.426	20.439	227.9
9.34	-9.453	19.699	209.7
9.35	-9.478	15.119	146.2
9.36	-9.504	5.250	57.2
9.37	-9.529	-6.025	-11.6
9.38	-9.554	-14.721	-67.7
9.39	-9.579	-19.247	-102.2
9.4	-9.603	-20.390	-110.2
9.41	-9.627	-20.453	-116.6
9.42	-9.652	-20.456	-122.3
9.43	-9.677	-20.456	-117.0
9.44	-9.701	-20.441	-114.4
9.45	-9.725	-20.322	-126.4
9.46	-9.749	-20.162	-137.5
9.47	-9.774	-20.227	-127.3
9.48	-9.797	-20.399	-112.0
9.49	-9.819	-20.454	-108.9
9.5	-9.842	-20.456	-97.2
9.51	-9.865	-20.456	-93.9
9.52	-9.886	-20.456	-104.2
9.53	-9.907	-20.456	-102.7
9.54	-9.928	-20.455	-98.1
9.55	-9.949	-20.434	-96.9
9.56	-9.970	-20.028	-93.9
9.57	-9.991	-18.538	-93.8
9.58	-10.013	-16.253	-93.6
9.59	-10.035	-14.309	-91.2
9.6	-10.055	-13.154	-87.0
9.61	-10.075	-12.648	-79.1
9.62	-10.096	-12.745	-81.2
9.63	-10.116	-13.523	-85.9
9.64	-10.135	-14.938	-81.4
9.65	-10.153	-16.727	-77.0
9.66	-10.171	-18.531	-73.7
9.67	-10.190	-19.844	-70.2
9.68	-10.209	-20.374	-75.4
9.69	-10.227	-20.454	-80.5
9.7	-10.245	-20.456	-73.1
9.71	-10.263	-20.456	-71.5
9.72	-10.281	-20.456	-69.6
9.73	-10.299	-20.456	-61.0
9.74	-10.316	-20.456	-53.7
9.75	-10.335	-20.456	-46.4
9.76	-10.353	-20.456	-51.6
9.77	-10.371	-20.456	-60.7
9.78	-10.389	-20.427	-56.6
9.79	-10.406	-20.244	-52.3
9.8	-10.423	-19.852	-55.1
9.81	-10.441	-19.427	-53.2
9.82	-10.459	-19.062	-46.8
9.83	-10.476	-18.664	-45.0
9.84	-10.493	-18.239	-42.3
9.85	-10.509	-17.843	-44.3
9.86	-10.526	-17.486	-36.8
9.87	-10.542	-17.153	-11.9
9.88	-10.558	-16.845	0.4
9.89	-10.574	-16.581	-0.8
9.9	-10.590	-16.403	-8.3
9.91	-10.604	-16.349	-17.9
9.92	-10.619	-16.427	-29.2
9.93	-10.634	-16.585	-35.2
9.94	-10.649	-16.712	-35.6
9.95	-10.663	-16.692	-45.2
9.96	-10.678	-16.528	-52.0
9.97	-10.693	-16.326	-41.1
9.98	-10.708	-16.164	-29.7
9.99	-10.723	-16.064	-52.0
10.0	-10.735	-16.006	-69.8
10.01	-10.744	-15.971	92.8
10.02	-10.754	-15.969	506.6
10.03	-10.766	-15.995	741.8
10.04	-10.776	-16.060	481.4
10.05	-10.782	-16.215	147.8
10.06	-10.788	-16.485	43.2
10.07	-10.793	-16.823	19.8
10.08	-10.795	-17.134	-7.8
10.09	-10.791	-17.355	-25.0
10.1	-10.783	-17.416	-22.1
10.11	-10.774	-17.182	-14.9
10.12	-10.765	-16.583	-21.2
10.13	-10.757	-15.711	-14.7
10.14	-10.749	-14.371	11.7
10.15	-10.739	-11.538	27.5
10.16	-10.726	-5.513	39.7
10.17	-10.709	4.554	53.2
10.18	-10.688	14.730	70.1
10.19	-10.665	19.660	108.5
10.2	-10.639	20.441	147.9
10.21	-10.609	20.453	167.0
10.22	-10.578	20.456	190.8
10.23	-10.543	20.456	223.4
10.24	-10.508	20.456	236.2
10.25	-10.469	20.448	234.8
10.26	-10.429	20.294	210.5
10.27	-10.386	18.014	155.1
10.28	-10.343	10.383	89.2
10.29	-10.300	-1.053	19.3
10.3	-10.256	-11.381	-38.2
10.31	-10.213	-17.801	-75.1
10.32	-10.170	-20.141	-106.3
10.33	-10.129	-20.451	-125.2
10.34	-10.095	-20.455	-118.4
10.35	-10.063	-20.447	-114.3
10.36	-10.029	-20.276	-121.5
10.37	-9.992	-19.706	-121.9
10.38	-9.956	-19.221	-110.5
10.39	-9.922	-19.539	-95.6
10.4	-9.889	-20.177	-96.6
10.41	-9.854	-20.436	-104.3
10.42	-9.817	-20.455	-99.7
10.43	-9.781	-20.456	-88.5
10.44	-9.746	-20.456	-89.8
10.45	-9.713	-20.456	-96.7
10.46	-9.681	-20.454	-84.6
10.47	-9.652	-20.359	-74.0
10.48	-9.624	-19.544	-81.8
10.49	-9.598	-17.463	-76.3
10.5	-9.572	-14.918	-62.4
10.51	-9.546	-13.024	-68.1
10.52	-9.521	-12.573	-81.2
10.53	-9.495	-13.652	-85.7
10.54	-9.470	-14.275	-76.9
10.55	-9.444	-14.328	-62.1
10.56	-9.417	-15.573	-60.8
10.57	-9.391	-17.701	-66.8
10.58	-9.364	-19.508	-61.3
10.59	-9.340	-20.315	-57.7
10.6	-9.317	-20.452	-69.6
10.61	-9.296	-20.456	-72.8
10.62	-9.274	-20.456	-57.1
10.63	-9.254	-20.456	-44.0
10.64	-9.236	-20.456	-44.4
10.65	-9.218	-20.456	-53.8
10.66	-9.201	-20.456	-59.5
10.67	-9.183	-20.456	-49.8
10.68	-9.164	-20.456	-46.0
10.69	-9.144	-20.456	-56.8
10.7	-9.126	-20.452	-52.2
10.71	-9.108	-20.363	-38.7
10.72	-9.091	-20.019	-36.3
10.73	-9.074	-19.487	-37.6
10.74	-9.058	-18.963	-34.5
10.75	-9.043	-18.429	-40.6
10.76	-9.027	-17.891	-42.1
10.77	-9.014	-17.458	-35.2
10.78	-9.000	-17.157	-32.9
10.79	-8.987	-16.924	-27.3
10.8	-8.974	-16.733	-11.7
10.81	-8.963	-16.649	6.9
10.82	-8.951	-16.726	16.4
10.83	-8.941	-16.902	14.9
10.84	-8.931	-17.034	-0.2
10.85	-8.919	-17.040	-16.8
10.86	-8.908	-17.021	-31.3
10.87	-8.896	-17.124	-40.1
10.88	-8.885	-17.348	-33.2
10.89	-8.875	-17.596	-24.8
10.9	-8.865	-17.781	-26.3
10.91	-8.856	-17.854	-29.0
10.92	-8.847	-17.837	-40.9
10.93	-8.838	-17.784	-56.3
10.94	-8.826	-17.700	63.2
10.95	-8.816	-17.557	453.1
10.96	-8.808	-17.387	789.7
10.97	-8.800	-17.274	646.2
10.98	-8.792	-17.233	285.1
10.99	-8.784	-17.202	97.9
11.0	-8.779	-17.197	37.4
11.01	-8.774	-17.292	7.4
11.02	-8.768	-17.445	-11.1
11.03	-8.759	-17.523	-22.7
11.04	-8.749	-17.459	-28.0
11.05	-8.740	-17.296	-21.0
11.06	-8.731	-16.968	5.5
11.07	-8.721	-16.011	25.4
11.08	-8.712	-13.346	35.8
11.09	-8.704	-7.381	46.4
11.1	-8.697	2.838	59.5
11.11	-8.694	13.684	77.2
11.12	-8.695	19.372	102.8
11.13	-8.699	20.422	127.8
11.14	-8.708	20.452	158.1
11.15	-8.723	20.456	201.6
11.16	-8.745	20.456	238.6
11.17	-8.773	20.456	260.0
11.18	-8.804	20.448	252.3
11.19	-8.836	20.287	217.3
11.2	-8.867	17.931	174.4
11.21	-8.899	10.021	108.0
11.22	-8.928	-1.867	32.2
11.23	-8.956	-12.372	-16.6
11.24	-8.981	-18.388	-54.0
11.25	-9.002	-20.266	-90.3
11.26	-9.021	-20.453	-112.1
11.27	-9.042	-20.456	-121.3
11.28	-9.063	-20.456	-117.2
11.29	-9.082	-20.456	-112.2
11.3	-9.099	-20.456	-119.3
11.31	-9.120	-20.456	-125.3
11.32	-9.143	-20.456	-127.0
11.33	-9.166	-20.456	-115.1
11.34	-9.188	-20.456	-100.0
11.35	-9.209	-20.456	-96.4
11.36	-9.228	-20.456	-91.6
11.37	-9.246	-20.456	-94.4
11.38	-9.263	-20.456	-98.5
11.39	-9.278	-20.456	-92.6
11.4	-9.294	-20.443	-88.6
11.41	-9.309	-20.162	-88.7
11.42	-9.326	-18.976	-85.7
11.43	-9.346	-16.955	-78.7
11.44	-9.369	-15.101	-78.9
11.45	-9.395	-14.046	-86.3
11.46	-9.423	-13.771	-87.8
11.47	-9.453	-14.082	-77.5
11.48	-9.485	-14.883	-70.0
11.49	-9.517	-16.136	-79.8
11.5	-9.548	-17.712	-78.7
11.51	-9.580	-19.233	-72.7
11.52	-9.611	-20.163	-77.0
11.53	-9.641	-20.435	-76.4
11.54	-9.670	-20.455	-73.1
11.55	-9.699	-20.456	-67.3
11.56	-9.726	-20.456	-61.6
11.57	-9.752	-20.456	-58.1
11.58	-9.778	-20.456	-59.9
11.59	-9.805	-20.456	-67.9
11.6	-9.832	-20.456	-67.7
11.61	-9.859	-20.456	-61.3
11.62	-9.887	-20.456	-56.2
11.63	-9.912	-20.456	-62.1
11.64	-9.937	-20.431	-63.0
11.65	-9.959	-20.271	-50.3
11.66	-9.982	-19.834	-48.5
11.67	-10.006	-19.139	-49.1
11.68	-10.031	-18.362	-43.5
11.69	-10.055	-17.703	-46.5
11.7	-10.078	-17.218	-49.8
11.71	-10.102	-16.809	-48.4
11.72	-10.125	-16.470	-48.0
11.73	-10.148	-16.297	-41.1
11.74	-10.170	-16.303	-29.0
11.75	-10.192	-16.426	-8.4
11.76	-10.213	-16.625	6.3
11.77	-10.233	-16.848	0.9
11.78	-10.252	-16.941	-4.6
11.79	-10.271	-16.821	-11.4
11.8	-10.289	-16.694	-23.1
11.81	-10.309	-16.801	-42.3
11.82	-10.328	-17.113	-51.8
11.83	-10.348	-17.420	-39.4
11.84	-10.368	-17.599	-33.9
11.85	-10.389	-17.719	-43.4
11.86	-10.410	-17.820	-57.3
11.87	-10.431	-17.788	-66.8
11.88	-10.451	-17.514	45.4
11.89	-10.471	-17.081	426.6
11.9	-10.492	-16.703	744.5
11.91	-10.511	-16.523	565.4
11.92	-10.529	-16.513	202.2
11.93	-10.546	-16.567	50.2
11.94	-10.562	-16.647	22.1
11.95	-10.577	-16.796	-1.3
11.96	-10.589	-17.024	-26.0
11.97	-10.598	-17.234	-31.8
11.98	-10.609	-17.272	-25.1
11.99	-10.622	-17.061	-16.0
12.0	-10.636	-16.625	-12.8
12.01	-10.651	-15.753	-9.4
12.02	-10.667	-13.546	14.7
12.03	-10.682	-8.449	42.7
12.04	-10.695	0.890	50.4
12.05	-10.708	11.958	58.6
12.06	-10.721	18.751	87.8
12.07	-10.735	20.381	117.7
12.08	-10.749	20.452	149.8
12.09	-10.761	20.456	185.2
12.1	-10.773	20.456	208.5
12.11	-10.783	20.456	220.1
12.12	-10.792	20.451	220.5
12.13	-10.799	20.372	207.9
12.14	-10.804	18.732	172.2
12.15	-10.806	12.193	107.9
12.16	-10.808	1.111	35.2
12.17	-10.808	-9.829	-33.1
12.18	-10.807	-17.114	-80.5
12.19	-10.801	-20.004	-101.6
12.2	-10.793	-20.445	-117.0
12.21	-10.786	-20.455	-125.9
12.22	-10.779	-20.456	-126.8
12.23	-10.765	-20.456	-122.8
12.24	-10.742	-20.456	-118.5
12.25	-10.714	-20.456	-112.6
12.26	-10.687	-20.456	-104.2
12.27	-10.658	-20.456	-106.7
12.28	-10.624	-20.456	-107.1
12.29	-10.588	-20.456	-98.8
12.3	-10.551	-20.456	-98.3
12.31	-10.515	-20.456	-102.5
12.32	-10.480	-20.456	-100.5
12.33	-10.446	-20.456	-90.5
12.34	-10.414	-20.442	-82.7
12.35	-10.384	-20.131	-74.8
12.36	-10.355	-18.779	-64.4
12.37	-10.326	-16.399	-71.2
12.38	-10.296	-14.047	-81.5
12.39	-10.266	-12.430	-77.3
12.4	-10.233	-11.782	-70.7
12.41	-10.198	-12.141	-73.2
12.42	-10.161	-13.280	-71.7
12.43	-10.124	-14.889	-67.3
12.44	-10.087	-16.739	-64.8
12.45	-10.049	-18.584	-61.9
12.46	-10.011	-19.902	-61.0
12.47	-9.973	-20.396	-61.8
12.48	-9.936	-20.455	-64.0
12.49	-9.899	-20.456	-60.7
12.5	-9.863	-20.456	-59.0
12.51	-9.826	-20.456	-56.1
12.52	-9.791	-20.456	-53.0
12.53	-9.756	-20.456	-52.1
12.54	-9.720	-20.456	-47.0
12.55	-9.685	-20.456	-37.3
12.56	-9.649	-20.454	-34.8
12.57	-9.615	-20.403	-46.4
12.58	-9.582	-20.156	-43.7
12.59	-9.551	-19.733	-38.3
12.6	-9.520	-19.319	-43.6
12.61	-9.491	-18.968	-43.8
12.62	-9.461	-18.651	-34.1
12.63	-9.433	-18.362	-19.1
12.64	-9.406	-18.091	-4.3
12.65	-9.379	-17.826	10.1
12.66	-9.352	-17.569	11.6
12.67	-9.325	-17.318	-4.2
12.68	-9.299	-17.054	-20.3
12.69	-9.273	-16.812	-29.8
12.7	-9.249	-16.708	-32.6
12.71	-9.226	-16.788	-35.8
12.72	-9.204	-16.972	-40.0
12.73	-9.183	-17.159	-37.0
12.74	-9.161	-17.275	-36.9
12.75	-9.141	-17.281	-41.8
12.76	-9.121	-17.222	-54.3
12.77	-9.099	-17.199	20.9
12.78	-9.079	-17.268	375.3
12.79	-9.061	-17.386	772.0
12.8	-9.043	-17.475	690.6
12.81	-9.025	-17.538	303.9
12.82	-9.008	-17.660	89.2
12.83	-8.991	-17.884	36.5
12.84	-8.973	-18.137	8.3
12.85	-8.954	-18.317	-13.2
12.86	-8.933	-18.348	-22.7
12.87	-8.912	-18.207	-22.8
12.88	-8.890	-17.979	-18.2
12.89	-8.869	-17.715	-5.8
12.9	-8.848	-17.069	2.7
12.91	-8.828	-15.074	16.3
12.92	-8.809	-10.262	42.9
12.93	-8.790	-1.222	62.1
12.94	-8.771	10.264	80.5
12.95	-8.753	18.122	103.8
12.96	-8.734	20.332	132.8
12.97	-8.718	20.449	160.8
12.98	-8.704	20.456	191.0
12.99	-8.692	20.456	224.1
13.0	-8.681	20.456	242.4
13.01	-8.672	20.451	253.9
13.02	-8.662	20.376	244.0
13.03	-8.652	18.764	192.0
13.04	-8.643	12.186	126.8
13.05	-8.633	0.879	60.6
13.06	-8.624	-10.230	-12.0
13.07	-8.616	-17.385	-66.8
13.08	-8.606	-20.074	-97.8
13.09	-8.596	-20.449	-108.5
13.1	-8.588	-20.455	-104.4
13.11	-8.582	-20.456	-109.6
13.12	-8.575	-20.456	-113.4
13.13	-8.567	-20.456	-110.0
13.14	-8.560	-20.456	-107.0
13.15	-8.555	-20.456	-106.1
13.16	-8.551	-20.456	-105.8
13.17	-8.546	-20.456	-97.1
13.18	-8.543	-20.456	-88.6
13.19	-8.539	-20.456	-90.1
13.2	-8.536	-20.456	-91.6
13.21	-8.532	-20.456	-86.3
13.22	-8.527	-20.456	-77.5
13.23	-8.524	-20.454	-70.0
13.24	-8.521	-20.380	-73.3
13.25	-8.518	-19.741	-80.2
13.26	-8.515	-18.079	-73.9
13.27	-8.513	-16.047	-64.4
13.28	-8.512	-14.589	-75.4
13.29	-8.512	-13.944	-82.2
13.3	-8.512	-14.006	-72.6
13.31	-8.512	-14.600	-70.5
13.32	-8.514	-15.633	-69.1
13.33	-8.514	-17.063	-66.3
13.34	-8.514	-18.668	-60.1
13.35	-8.515	-19.887	-52.7
13.36	-8.515	-20.383	-59.8
13.37	-8.515	-20.455	-67.5
13.38	-8.516	-20.456	-70.7
13.39	-8.517	-20.456	-69.6
13.4	-8.518	-20.456	-54.6
13.41	-8.520	-20.456	-54.7
13.42	-8.522	-20.456	-59.1
13.43	-8.523	-20.456	-44.9
13.44	-8.524	-20.456	-42.3
13.45	-8.526	-20.456	-49.1
13.46	-8.527	-20.456	-51.1
13.47	-8.529	-20.441	-52.3
13.48	-8.531	-20.301	-49.4
13.49	-8.533	-19.914	-50.2
13.5	-8.535	-19.386	-45.7
13.51	-8.537	-18.911	-35.6
13.52	-8.540	-18.531	-20.8
13.53	-8.543	-18.179	-1.1
13.54	-8.547	-17.776	3.8
13.55	-8.551	-17.349	5.7
13.56	-8.555	-17.020	-6.3
13.57	-8.560	-16.879	-25.7
13.58	-8.565	-16.892	-36.8
13.59	-8.571	-16.971	-45.2
13.6	-8.578	-17.040	-41.8
13.61	-8.588	-17.058	-41.3
13.62	-8.600	-17.048	-43.5
13.63	-8.615	-17.067	-37.3
13.64	-8.631	-17.141	-46.1
13.65	-8.647	-17.232	-69.8
13.66	-8.662	-17.292	37.7
13.67	-8.681	-17.339	430.0
13.68	-8.703	-17.420	799.0
13.69	-8.728	-17.539	680.0
13.7	-8.755	-17.654	308.0
13.71	-8.786	-17.734	99.8
13.72	-8.819	-17.811	24.6
13.73	-8.851	-17.938	-8.0
13.74	-8.878	-18.119	-20.5
13.75	-8.902	-18.273	-35.9
13.76	-8.922	-18.263	-41.0
13.77	-8.941	-18.002	-28.9
13.78	-8.962	-17.441	-16.0
13.79	-8.984	-16.241	1.1
13.8	-9.008	-13.385	23.4
13.81	-9.033	-7.260	37.2
13.82	-9.059	3.075	46.5
13.83	-9.086	13.888	61.8
13.84	-9.116	19.442	88.3
13.85	-9.148	20.428	124.3
13.86	-9.180	20.453	156.2
13.87	-9.213	20.456	180.4
13.88	-9.246	20.456	211.3
13.89	-9.281	20.456	235.4
13.9	-9.314	20.447	232.5
13.91	-9.346	20.266	215.5
13.92	-9.379	17.843	177.4
13.93	-9.410	9.982	104.4
13.94	-9.442	-1.661	27.4
13.95	-9.473	-12.053	-38.4
13.96	-9.504	-18.219	-83.9
13.97	-9.534	-20.237	-103.0
13.98	-9.563	-20.452	-110.6
13.99	-9.592	-20.456	-110.1
14.0	-9.624	-20.456	-108.4
14.01	-9.655	-20.456	-110.0
14.02	-9.684	-20.456	-110.8
14.03	-9.714	-20.456	-106.6
14.04	-9.742	-20.456	-98.3
14.05	-9.773	-20.456	-101.7
14.06	-9.803	-20.456	-105.2
14.07	-9.832	-20.456	-99.7
14.08	-9.859	-20.456	-98.3
14.09	-9.885	-20.456	-96.8
14.1	-9.909	-20.456	-91.8
14.11	-9.933	-20.456	-83.7
14.12	-9.957	-20.454	-78.3
14.13	-9.982	-20.345	-80.3
14.14	-10.008	-19.563	-79.2
14.15	-10.033	-17.758	-78.4
14.16	-10.059	-15.696	-79.6
14.17	-10.084	-14.212	-73.4
14.18	-10.109	-13.471	-73.5
14.19	-10.135	-13.436	-70.2
14.2	-10.160	-14.019	-68.1
14.21	-10.184	-15.087	-73.0
14.22	-10.208	-16.469	-74.8
14.23	-10.231	-17.966	-80.4
14.24	-10.255	-19.323	-70.5
14.25	-10.279	-20.166	-59.8
14.26	-10.304	-20.430	-60.5
14.27	-10.328	-20.456	-61.4
14.28	-10.352	-20.456	-64.5
14.29	-10.376	-20.456	-63.4
14.3	-10.398	-20.456	-52.1
14.31	-10.421	-20.456	-46.5
14.32	-10.443	-20.456	-54.5
14.33	-10.466	-20.456	-59.3
14.34	-10.492	-20.456	-56.6
14.35	-10.520	-20.454	-46.8
14.36	-10.549	-20.418	-37.9
14.37	-10.578	-20.247	-41.5
14.38	-10.605	-19.875	-46.5
14.39	-10.630	-19.346	-43.3
14.4	-10.653	-18.686	-36.4
14.41	-10.675	-17.939	-33.1
14.42	-10.697	-17.264	-22.6
14.43	-10.719	-16.797	-0.1
14.44	-10.741	-16.540	10.6
14.45	-10.759	-16.441	-1.1
14.46	-10.776	-16.439	-20.8
14.47	-10.792	-16.468	-34.2
14.48	-10.807	-16.471	-37.5
14.49	-10.822	-16.431	-44.6
14.5	-10.838	-16.386	-52.5
14.51	-10.854	-16.400	-47.3
14.52	-10.869	-16.504	-40.1
14.53	-10.884	-16.659	-43.3
14.54	-10.897	-16.799	-63.7
14.55	-10.906	-16.871	-43.7
14.56	-10.912	-16.844	186.3
14.57	-10.919	-16.765	596.7
14.58	-10.927	-16.688	714.1
14.59	-10.931	-16.640	401.8
14.6	-10.932	-16.684	117.6
14.61	-10.930	-16.887	29.3
14.62	-10.926	-17.211	5.2
14.63	-10.914	-17.518	-12.0
14.64	-10.895	-17.660	-27.1
14.65	-10.869	-17.589	-30.8
14.66	-10.842	-17.384	-21.6
14.67	-10.816	-17.162	-4.4
14.68	-10.792	-16.823	9.9
14.69	-10.767	-15.712	18.1
14.7	-10.741	-12.519	31.6
14.71	-10.713	-5.573	46.5
14.72	-10.682	5.370	57.8
14.73	-10.649	15.483	74.9
14.74	-10.614	19.859	106.9
14.75	-10.578	20.443	145.6
14.76	-10.541	20.454	170.5
14.77	-10.504	20.456	188.7
14.78	-10.465	20.456	212.3
14.79	-10.425	20.454	242.2
14.8	-10.384	20.446	246.1
14.81	-10.341	19.971	204.7
14.82	-10.297	16.234	143.4
14.83	-10.252	6.888	73.1
14.84	-10.208	-4.857	8.0
14.85	-10.163	-14.211	-53.2
14.86	-10.119	-19.096	-98.8
14.87	-10.073	-20.371	-111.5
14.88	-10.030	-20.453	-113.0
14.89	-9.992	-20.456	-111.3
14.9	-9.956	-20.456	-107.2
14.91	-9.918	-20.427	-108.8
14.92	-9.881	-20.243	-113.9
14.93	-9.844	-20.033	-112.4
14.94	-9.811	-20.149	-99.6
14.95	-9.779	-20.384	-94.4
14.96	-9.748	-20.453	-94.6
14.97	-9.714	-20.456	-88.9
14.98	-9.681	-20.456	-93.4
14.99	-9.649	-20.456	-95.9
15.0	-9.617	-20.456	-87.6
15.01	-9.586	-20.454	-79.6
15.02	-9.556	-20.376	-71.3
15.03	-9.527	-19.654	-70.0
15.04	-9.499	-17.738	-71.4
15.05	-9.473	-15.401	-71.4
15.06	-9.446	-13.734	-71.4
15.07	-9.421	-12.925	-66.8
15.08	-9.396	-12.837	-66.7
15.09	-9.371	-13.406	-74.2
15.1	-9.346	-14.569	-80.8
15.11	-9.321	-16.164	-71.6
15.12	-9.298	-17.970	-56.5
15.13	-9.277	-19.512	-51.4
15.14	-9.255	-20.289	-56.2
15.15	-9.233	-20.450	-57.7
15.16	-9.213	-20.456	-54.4
15.17	-9.192	-20.456	-63.7
15.18	-9.172	-20.456	-70.9
15.19	-9.154	-20.456	-62.4
15.2	-9.134	-20.456	-44.4
15.21	-9.114	-20.456	-37.3
15.22	-9.095	-20.456	-48.2
15.23	-9.076	-20.456	-50.5
15.24	-9.058	-20.456	-42.6
15.25	-9.039	-20.456	-39.0
15.26	-9.020	-20.442	-32.9
15.27	-9.002	-20.317	-31.8
15.28	-8.985	-19.975	-34.5
15.29	-8.968	-19.507	-21.9
15.3	-8.951	-19.023	4.4
15.31	-8.935	-18.503	19.6
15.32	-8.919	-17.941	1.8
15.33	-8.905	-17.448	-26.3
15.34	-8.891	-17.139	-37.5
15.35	-8.876	-17.001	-32.1
15.36	-8.863	-16.941	-32.3
15.37	-8.849	-16.922	-43.3
15.38	-8.836	-16.944	-46.7
15.39	-8.824	-16.980	-44.2
15.4	-8.811	-16.981	-47.9
15.41	-8.798	-16.928	-67.7
15.42	-8.786	-16.878	38.3
15.43	-8.774	-16.933	422.9
15.44	-8.764	-17.101	787.0
15.45	-8.754	-17.297	673.0
15.46	-8.744	-17.486	293.8
15.47	-8.733	-17.715	88.1
15.48	-8.725	-18.026	27.0
15.49	-8.717	-18.341	-1.3
15.5	-8.707	-18.484	-11.5
15.51	-8.697	-18.409	-17.3
15.52	-8.686	-18.237	-21.1
15.53	-8.674	-18.039	-13.1
15.54	-8.662	-17.678	-4.6
15.55	-8.650	-16.746	9.4
15.56	-8.638	-14.404	31.9
15.57	-8.626	-9.280	42.2
15.58	-8.614	0.031	56.0
15.59	-8.603	11.336	79.5
15.6	-8.592	18.539	106.4
15.61	-8.584	20.365	131.0
15.62	-8.576	20.451	159.7
15.63	-8.569	20.456	194.9
15.64	-8.564	20.456	225.8
15.65	-8.561	20.456	245.7
15.66	-8.559	20.451	246.0
15.67	-8.557	20.363	224.0
15.68	-8.554	18.579	179.6
15.69	-8.553	11.741	116.9
15.7	-8.551	0.602	38.6
15.71	-8.549	-9.974	-33.2
15.72	-8.547	-16.969	-79.6
15.73	-8.544	-19.907	-105.6
15.74	-8.541	-20.438	-115.5
15.75	-8.541	-20.455	-121.6
15.76	-8.541	-20.456	-124.7
15.77	-8.539	-20.456	-121.6
15.78	-8.536	-20.456	-119.2
15.79	-8.536	-20.456	-112.1
15.8	-8.538	-20.456	-102.0
15.81	-8.541	-20.456	-102.5
15.82	-8.543	-20.456	-115.8
15.83	-8.545	-20.456	-109.6
15.84	-8.547	-20.456	-90.8
15.85	-8.549	-20.456	-92.2
15.86	-8.551	-20.456	-91.2
15.87	-8.553	-20.456	-81.3
15.88	-8.556	-20.451	-72.2
15.89	-8.561	-20.289	-68.8
15.9	-8.566	-19.378	-67.7
15.91	-8.573	-17.543	-76.6
15.92	-8.581	-15.639	-88.8
15.93	-8.592	-14.433	-82.4
15.94	-8.605	-14.086	-73.4
15.95	-8.619	-14.483	-64.5
15.96	-8.634	-15.349	-60.9
15.97	-8.651	-16.439	-74.1
15.98	-8.669	-17.714	-80.0
15.99	-8.687	-19.093	-67.8
16.0	-8.706	-20.088	-60.0
16.01	-8.725	-20.425	-60.8
16.02	-8.745	-20.455	-68.1
16.03	-8.766	-20.456	-72.3
16.04	-8.790	-20.456	-67.6
16.05	-8.814	-20.456	-63.2
16.06	-8.841	-20.456	-49.3
16.07	-8.867	-20.456	-44.7
16.08	-8.894	-20.456	-50.2
16.09	-8.921	-20.456	-47.8
16.1	-8.950	-20.456	-50.4
16.11	-8.979	-20.454	-51.6
16.12	-9.010	-20.411	-47.0
16.13	-9.042	-20.241	-42.2
16.14	-9.074	-19.939	-39.2
16.15	-9.107	-19.589	-41.5
16.16	-9.140	-19.179	-40.3
16.17	-9.172	-18.665	-43.2
16.18	-9.203	-18.101	-45.9
16.19	-9.233	-17.601	-26.6
16.2	-9.263	-17.232	-6.7
16.21	-9.293	-16.957	6.0
16.22	-9.322	-16.727	19.8
16.23	-9.351	-16.575	19.7
16.24	-9.378	-16.563	4.3
16.25	-9.405	-16.704	-17.4
16.26	-9.431	-16.953	-33.6
16.27	-9.456	-17.206	-37.8
16.28	-9.481	-17.361	-35.6
16.29	-9.506	-17.413	-32.8
16.3	-9.533	-17.448	-34.7
16.31	-9.561	-17.534	-41.0
16.32	-9.588	-17.645	-38.9
16.33	-9.614	-17.730	-52.2
16.34	-9.639	-17.776	-19.6
16.35	-9.664	-17.764	263.7
16.36	-9.690	-17.681	697.9
16.37	-9.715	-17.558	769.3
16.38	-9.739	-17.456	423.8
16.39	-9.764	-17.433	136.0
16.4	-9.790	-17.474	38.3
16.41	-9.816	-17.487	10.1
16.42	-9.840	-17.454	-6.9
16.43	-9.860	-17.445	-31.2
16.44	-9.877	-17.448	-32.3
16.45	-9.894	-17.367	-17.0
16.46	-9.911	-17.107	-3.1
16.47	-9.928	-16.395	8.9
16.48	-9.945	-14.389	16.9
16.49	-9.963	-9.567	29.4
16.5	-9.982	-0.421	45.7
16.51	-10.001	10.959	67.3
16.52	-10.021	18.399	86.2
16.53	-10.041	20.354	109.0
16.54	-10.063	20.450	148.9
16.55	-10.085	20.456	183.1
16.56	-10.108	20.456	206.3
16.57	-10.130	20.456	221.4
16.58	-10.153	20.453	230.6
16.59	-10.177	20.409	228.8
16.6	-10.201	19.216	196.8
16.61	-10.226	13.533	140.8
16.62	-10.250	2.822	70.2
16.63	-10.274	-8.412	-0.9
16.64	-10.297	-16.279	-61.2
16.65	-10.321	-19.753	-100.3
16.66	-10.344	-20.430	-116.0
16.67	-10.366	-20.455	-120.7
16.68	-10.391	-20.456	-123.6
16.69	-10.414	-20.440	-122.8
16.7	-10.436	-20.221	-106.0
16.71	-10.457	-19.660	-98.6
16.72	-10.479	-19.418	-105.1
16.73	-10.503	-19.896	-108.5
16.74	-10.526	-20.356	-111.6
16.75	-10.549	-20.454	-108.8
16.76	-10.571	-20.456	-100.0
16.77	-10.593	-20.456	-93.8
16.78	-10.614	-20.456	-93.9
16.79	-10.634	-20.456	-85.5
16.8	-10.654	-20.444	-77.9
16.81	-10.674	-20.159	-79.0
16.82	-10.697	-18.872	-79.3
16.83	-10.721	-16.602	-84.3
16.84	-10.744	-14.464	-79.5
16.85	-10.764	-13.133	-69.4
16.86	-10.784	-12.637	-82.0
16.87	-10.803	-12.888	-90.7
16.88	-10.823	-13.715	-82.4
16.89	-10.841	-14.909	-76.3
16.9	-10.859	-16.317	-65.6
16.91	-10.876	-17.859	-66.6
16.92	-10.894	-19.302	-77.0
16.93	-10.911	-20.183	-76.0
16.94	-10.927	-20.437	-67.0
16.95	-10.943	-20.456	-62.9
16.96	-10.958	-20.456	-64.5
16.97	-10.971	-20.456	-65.7
16.98	-10.983	-20.456	-70.8
16.99	-10.994	-20.456	-70.6
17.0	-11.002	-20.456	-58.1
17.01	-11.008	-20.456	-45.5
17.02	-11.012	-20.456	-46.5
17.03	-11.015	-20.439	-58.1
17.04	-11.017	-20.326	-62.6
17.05	-11.017	-20.049	-62.0
17.06	-11.014	-19.598	-56.6
17.07	-11.009	-18.931	-45.5
17.08	-11.001	-18.118	-43.9
17.09	-10.989	-17.432	-40.9
17.1	-10.970	-17.003	-36.6
17.11	-10.944	-16.709	-33.2
17.12	-10.909	-16.426	-17.4
17.13	-10.868	-16.177	-5.0
17.14	-10.820	-16.008	-5.3
17.15	-10.769	-15.904	-11.1
17.16	-10.716	-15.888	-24.3
17.17	-10.661	-15.952	-43.0
17.18	-10.608	-16.008	-51.9
17.19	-10.555	-16.038	-49.0
17.2	-10.503	-16.096	-41.9
17.21	-10.453	-16.212	-38.6
17.22	-10.403	-16.368	-43.6
17.23	-10.355	-16.512	-59.7
17.24	-10.308	-16.607	-82.3
17.25	-10.261	-16.621	6.6
17.26	-10.217	-16.519	359.7
17.27	-10.177	-16.358	713.4
17.28	-10.139	-16.304	606.5
17.29	-10.099	-16.463	248.7
17.3	-10.058	-16.768	64.4
17.31	-10.016	-17.089	15.8
17.32	-9.974	-17.349	-2.6
17.33	-9.931	-17.479	-18.9
17.34	-9.885	-17.450	-35.0
17.35	-9.840	-17.328	-32.9
17.36	-9.796	-17.186	-19.0
17.37	-9.756	-16.981	-6.6
17.38	-9.719	-16.398	-1.2
17.39	-9.684	-14.578	14.3
17.4	-9.651	-9.991	32.9
17.41	-9.617	-1.026	55.4
17.42	-9.584	10.459	87.5
17.43	-9.552	18.218	98.6
17.44	-9.519	20.341	104.9
17.45	-9.488	20.450	136.9
17.46	-9.457	20.456	179.5
17.47	-9.429	20.456	213.3
17.48	-9.403	20.456	231.4
17.49	-9.379	20.453	236.2
17.5	-9.354	20.408	225.9
17.51	-9.330	19.212	189.2
17.52	-9.307	13.533	123.8
17.53	-9.284	2.821	31.2
17.54	-9.261	-8.404	-52.8
17.55	-9.238	-16.256	-87.8
17.56	-9.215	-19.741	-108.2
17.57	-9.193	-20.429	-125.0
17.58	-9.174	-20.455	-122.3
17.59	-9.156	-20.456	-119.6
17.6	-9.137	-20.453	-125.4
17.61	-9.117	-20.402	-125.0
17.62	-9.098	-20.299	-116.0
17.63	-9.079	-20.306	-119.2
17.64	-9.062	-20.410	-128.4
17.65	-9.045	-20.454	-128.0
17.66	-9.028	-20.456	-108.7
17.67	-9.011	-20.456	-90.8
17.68	-8.994	-20.456	-97.8
17.69	-8.976	-20.456	-97.7
17.7	-8.958	-20.456	-94.2
17.71	-8.941	-20.450	-101.1
17.72	-8.923	-20.258	-99.3
17.73	-8.905	-19.244	-90.2
17.74	-8.888	-17.276	-84.3
17.75	-8.873	-15.296	-88.0
17.76	-8.857	-13.989	-82.9
17.77	-8.843	-13.463	-72.2
17.78	-8.829	-13.729	-69.2
17.79	-8.816	-14.669	-71.1
17.8	-8.803	-16.053	-81.9
17.81	-8.790	-17.670	-87.8
17.82	-8.777	-19.205	-81.8
17.83	-8.765	-20.152	-75.0
17.84	-8.754	-20.434	-78.8
17.85	-8.744	-20.455	-81.9
17.86	-8.734	-20.456	-72.1
17.87	-8.725	-20.456	-62.3
17.88	-8.716	-20.456	-68.1
17.89	-8.708	-20.456	-75.3
17.9	-8.700	-20.456	-68.6
17.91	-8.692	-20.456	-61.9
17.92	-8.684	-20.456	-60.4
17.93	-8.677	-20.456	-69.1
17.94	-8.670	-20.456	-78.0
17.95	-8.664	-20.444	-63.7
17.96	-8.659	-20.319	-51.7
17.97	-8.653	-19.927	-53.8
17.98	-8.648	-19.353	-58.0
17.99	-8.643	-18.839	-63.8
18.0	-8.638	-18.458	-58.4
18.01	-8.634	-18.161	-41.9
18.02	-8.630	-17.868	-42.2
18.03	-8.626	-17.546	-44.8
18.04	-8.623	-17.236	-23.3
18.05	-8.621	-17.021	-6.3
18.06	-8.617	-16.974	-3.6
18.07	-8.615	-17.094	-16.5
18.08	-8.612	-17.313	-34.2
18.09	-8.609	-17.514	-45.3
18.1	-8.607	-17.585	-46.1
18.11	-8.605	-17.531	-45.6
18.12	-8.604	-17.500	-57.0
18.13	-8.603	-17.602	-55.9
18.14	-8.603	-17.774	-45.7
18.15	-8.603	-17.903	-53.7
18.16	-8.602	-17.936	-80.2
18.17	-8.600	-17.868	-12.6
18.18	-8.600	-17.736	330.4
18.19	-8.603	-17.606	744.4
18.2	-8.607	-17.515	721.8
18.21	-8.611	-17.469	357.7
18.22	-8.615	-17.494	111.1
18.23	-8.620	-17.637	26.3
18.24	-8.624	-17.888	-17.6
18.25	-8.624	-18.125	-39.0
18.26	-8.620	-18.166	-40.1
18.27	-8.616	-17.951	-41.1
18.28	-8.613	-17.583	-32.7
18.29	-8.611	-17.105	-19.6
18.3	-8.610	-16.186	-13.7
18.31	-8.608	-13.836	-2.0
18.32	-8.606	-8.438	17.8
18.33	-8.602	1.307	40.5
18.34	-8.599	12.469	54.5
18.35	-8.596	18.967	72.5
18.36	-8.595	20.398	106.6
18.37	-8.596	20.452	136.5
18.38	-8.598	20.456	162.1
18.39	-8.603	20.456	192.4
18.4	-8.609	20.456	210.2
18.41	-8.618	20.451	214.6
18.42	-8.630	20.368	211.1
18.43	-8.645	18.656	167.3
18.44	-8.662	11.879	101.9
18.45	-8.683	0.521	38.6
18.46	-8.705	-10.449	-25.7
18.47	-8.729	-17.467	-73.7
18.48	-8.754	-20.092	-109.8
18.49	-8.779	-20.451	-134.1
18.5	-8.809	-20.456	-144.0
18.51	-8.841	-20.456	-136.7
18.52	-8.873	-20.456	-134.6
18.53	-8.904	-20.456	-138.0
18.54	-8.938	-20.456	-129.8
18.55	-8.974	-20.456	-125.5
18.56	-9.013	-20.456	-119.4
18.57	-9.052	-20.456	-116.1
18.58	-9.089	-20.456	-116.6
18.59	-9.125	-20.456	-111.5
18.6	-9.159	-20.456	-108.1
18.61	-9.191	-20.456	-97.6
18.62	-9.221	-20.456	-100.1
18.63	-9.249	-20.454	-114.1
18.64	-9.278	-20.423	-111.0
18.65	-9.308	-19.978	-106.5
18.66	-9.338	-18.547	-95.2
18.67	-9.369	-16.542	-90.8
18.68	-9.401	-14.949	-101.0
18.69	-9.432	-14.115	-99.4
18.7	-9.463	-13.951	-92.9
18.71	-9.493	-14.430	-92.1
18.72	-9.523	-15.580	-94.9
18.73	-9.551	-17.213	-99.2
18.74	-9.581	-18.857	-97.8
18.75	-9.609	-19.971	-90.5
18.76	-9.638	-20.396	-87.8
18.77	-9.666	-20.455	-82.4
18.78	-9.694	-20.456	-84.4
18.79	-9.722	-20.456	-84.4
18.8	-9.749	-20.456	-71.1
18.81	-9.777	-20.456	-78.7
18.82	-9.803	-20.456	-87.6
18.83	-9.829	-20.456	-79.5
18.84	-9.853	-20.456	-71.3
18.85	-9.876	-20.456	-66.7
18.86	-9.899	-20.454	-69.1
18.87	-9.921	-20.401	-66.0
18.88	-9.944	-20.167	-59.5
18.89	-9.967	-19.733	-61.5
18.9	-9.992	-19.253	-65.9
18.91	-10.015	-18.846	-62.1
18.92	-10.038	-18.510	-60.0
18.93	-10.061	-18.178	-64.2
18.94	-10.082	-17.806	-60.7
18.95	-10.104	-17.444	-54.7
18.96	-10.126	-17.145	-55.6
18.97	-10.148	-16.917	-52.7
18.98	-10.171	-16.770	-40.7
18.99	-10.193	-16.700	-24.7
19.0	-10.214	-16.694	-12.9
19.01	-10.233	-16.767	1.0
19.02	-10.249	-16.924	-1.4
19.03	-10.267	-17.054	-36.7
19.04	-10.285	-17.037	-60.9
19.05	-10.304	-16.951	-62.5
19.06	-10.323	-16.964	-53.8
19.07	-10.342	-17.130	-46.3
19.08	-10.364	-17.401	-48.4
19.09	-10.387	-17.677	-50.0
19.1	-10.408	-17.826	-59.4
19.11	-10.426	-17.706	-82.5
19.12	-10.443	-17.334	-6.9
19.13	-10.460	-16.934	331.2
19.14	-10.478	-16.688	693.9
19.15	-10.496	-16.575	616.5
19.16	-10.512	-16.512	269.9
19.17	-10.526	-16.513	76.1
19.18	-10.541	-16.638	12.4
19.19	-10.553	-16.843	-20.0
19.2	-10.561	-17.026	-33.4
19.21	-10.568	-17.119	-42.8
19.22	-10.573	-17.089	-40.9
19.23	-10.578	-16.958	-37.3
19.24	-10.584	-16.722	-26.6
19.25	-10.592	-16.103	-2.5
19.26	-10.600	-14.260	3.6
19.27	-10.609	-9.728	5.8
19.28	-10.619	-0.974	21.4
19.29	-10.630	10.327	50.6
19.3	-10.641	18.122	81.8
19.31	-10.651	20.330	102.0
19.32	-10.661	20.449	133.8
19.33	-10.669	20.456	163.9
19.34	-10.676	20.456	198.3
19.35	-10.681	20.456	225.6
19.36	-10.681	20.453	216.8
19.37	-10.677	20.393	202.8
19.38	-10.668	18.987	168.0
19.39	-10.654	12.848	105.1
19.4	-10.632	1.822	34.0
19.41	-10.602	-9.382	-36.7
19.42	-10.564	-16.899	-76.5
19.43	-10.521	-19.941	-97.9
19.44	-10.474	-20.441	-113.6
19.45	-10.429	-20.455	-121.1
19.46	-10.388	-20.456	-135.1
19.47	-10.344	-20.456	-141.0
19.48	-10.298	-20.440	-133.7
19.49	-10.251	-20.369	-138.8
19.5	-10.208	-20.327	-140.0
19.51	-10.166	-20.392	-130.8
19.52	-10.123	-20.449	-123.7
19.53	-10.080	-20.456	-105.6
19.54	-10.037	-20.456	-98.3
19.55	-9.995	-20.456	-105.2
19.56	-9.954	-20.456	-109.5
19.57	-9.914	-20.456	-113.8
19.58	-9.875	-20.439	-106.7
19.59	-9.839	-20.091	-94.9
19.6	-9.805	-18.678	-94.8
19.61	-9.773	-16.308	-93.6
19.62	-9.742	-14.106	-90.9
19.63	-9.714	-12.730	-88.4
19.64	-9.686	-12.248	-86.0
19.65	-9.658	-12.603	-88.3
19.66	-9.629	-13.613	-93.1
19.67	-9.600	-15.039	-98.9
19.68	-9.571	-16.674	-90.5
19.69	-9.543	-18.347	-78.6
19.7	-9.517	-19.694	-78.3
19.71	-9.491	-20.331	-80.0
19.72	-9.467	-20.452	-81.5
19.73	-9.444	-20.456	-71.3
19.74	-9.421	-20.456	-74.2
19.75	-9.399	-20.456	-89.6
19.76	-9.379	-20.456	-81.2
19.77	-9.357	-20.456	-65.4
19.78	-9.337	-20.456	-59.4
19.79	-9.316	-20.456	-59.4
19.8	-9.295	-20.456	-56.8
19.81	-9.274	-20.454	-54.1
19.82	-9.254	-20.417	-62.1
19.83	-9.234	-20.237	-65.4
19.84	-9.214	-19.877	-61.0
19.85	-9.195	-19.383	-53.7
19.86	-9.176	-18.813	-49.0
19.87	-9.157	-18.319	-51.9
19.88	-9.138	-17.998	-46.1
19.89	-9.121	-17.761	-30.9
19.9	-9.104	-17.496	-31.9
19.91	-9.087	-17.203	-49.8
19.92	-9.069	-16.944	-47.4
19.93	-9.052	-16.759	-18.9
19.94	-9.035	-16.655	-1.8
19.95	-9.018	-16.663	2.4
19.96	-9.001	-16.804	-7.6
19.97	-8.985	-17.012	-25.8
19.98	-8.969	-17.205	-24.2
19.99	-8.953	-17.382	-37.5
20.0	-8.938	-17.534	-59.6
20.01	-8.922	-17.626	-51.8
20.02	-8.909	-17.701	-42.8
20.03	-8.896	-17.812	-48.3
20.04	-8.886	-17.904	-63.0
20.05	-8.875	-17.906	-79.8
20.06	-8.864	-17.845	23.8
20.07	-8.853	-17.762	404.5
20.08	-8.843	-17.636	777.5
20.09	-8.834	-17.471	664.1
20.1	-8.825	-17.319	285.0
20.11	-8.816	-17.221	80.0
20.12	-8.808	-17.226	19.2
20.13	-8.801	-17.371	-6.2
20.14	-8.793	-17.608	-24.0
20.15	-8.783	-17.795	-36.8
20.16	-8.772	-17.817	-31.3
20.17	-8.759	-17.656	-21.9
20.18	-8.748	-17.267	-16.9
20.19	-8.736	-16.347	-13.4
20.2	-8.724	-14.021	-6.2
20.21	-8.714	-8.798	20.3
20.22	-8.703	0.662	48.8
20.23	-8.691	11.847	58.4
20.24	-8.681	18.719	76.9
20.25	-8.672	20.379	114.8
20.26	-8.664	20.452	148.8
20.27	-8.658	20.456	168.3
20.28	-8.653	20.456	186.2
20.29	-8.649	20.456	210.4
20.3	-8.647	20.449	230.4
20.31	-8.646	20.330	224.8
20.32	-8.644	18.246	179.5
20.33	-8.643	10.814	106.3
20.34	-8.641	-0.874	41.8
20.35	-8.639	-11.674	-16.3
20.36	-8.638	-18.126	-75.8
20.37	-8.636	-20.228	-107.0
20.38	-8.636	-20.452	-123.1
20.39	-8.639	-20.456	-138.9
20.4	-8.644	-20.456	-140.3
20.41	-8.647	-20.456	-133.3
20.42	-8.649	-20.456	-131.7
20.43	-8.654	-20.456	-121.6
20.44	-8.663	-20.456	-113.2
20.45	-8.675	-20.456	-114.2
20.46	-8.689	-20.456	-111.9
20.47	-8.703	-20.456	-113.0
20.48	-8.719	-20.456	-108.8
20.49	-8.736	-20.456	-100.9
20.5	-8.756	-20.456	-105.8
20.51	-8.776	-20.456	-107.6
20.52	-8.799	-20.451	-99.6
20.53	-8.823	-20.284	-86.5
20.54	-8.849	-19.372	-81.5
20.55	-8.876	-17.531	-88.3
20.56	-8.905	-15.538	-90.9
20.57	-8.936	-14.131	-89.6
20.58	-8.966	-13.487	-86.8
20.59	-8.998	-13.549	-90.8
20.6	-9.029	-14.240	-91.7
20.61	-9.061	-15.433	-86.7
20.62	-9.094	-16.928	-88.2
20.63	-9.126	-18.481	-83.8
20.64	-9.158	-19.723	-77.6
20.65	-9.188	-20.328	-78.2
20.66	-9.217	-20.451	-73.2
20.67	-9.246	-20.456	-70.8
20.68	-9.273	-20.456	-76.3
20.69	-9.299	-20.456	-72.4
20.7	-9.324	-20.456	-63.8
20.71	-9.349	-20.456	-68.6
20.72	-9.375	-20.456	-72.0
20.73	-9.399	-20.456	-64.7
20.74	-9.423	-20.456	-59.2
20.75	-9.446	-20.454	-55.7
20.76	-9.468	-20.398	-56.4
20.77	-9.491	-20.257	-64.6
20.78	-9.514	-19.994	-64.1
20.79	-9.537	-19.424	-53.8
20.8	-9.561	-18.814	-48.3
20.81	-9.584	-18.405	-48.7
20.82	-9.607	-18.046	-45.8
20.83	-9.631	-17.708	-47.0
20.84	-9.657	-17.376	-58.1
20.85	-9.683	-17.115	-51.1
20.86	-9.709	-16.924	-37.6
20.87	-9.737	-16.707	-38.0
20.88	-9.764	-16.489	-45.8
20.89	-9.791	-16.486	-49.2
20.9	-9.818	-16.633	-42.3
20.91	-9.844	-16.828	-32.8
20.92	-9.870	-17.066	-18.6
20.93	-9.896	-17.179	1.4
20.94	-9.921	-17.311	11.0
20.95	-9.946	-17.685	3.8
20.96	-9.971	-18.080	-14.3
20.97	-9.994	-18.192	-29.5
20.98	-10.016	-18.132	-31.7
20.99	-10.038	-18.044	-38.5
21.0	-10.059	-17.854	-44.4
21.01	-10.079	-17.616	-42.7
21.02	-10.101	-17.499	-40.3
21.03	-10.124	-17.505	-37.2
21.04	-10.146	-17.501	-60.3
21.05	-10.166	-17.383	-64.3
21.06	-10.186	-17.074	141.1
21.07	-10.206	-16.637	569.6
21.08	-10.226	-16.466	754.1
21.09	-10.245	-16.420	468.6
21.1	-10.264	-15.949	150.3
21.11	-10.282	-15.749	33.6
21.12	-10.299	-16.094	-5.5
21.13	-10.313	-16.244	-24.7
21.14	-10.323	-16.267	-36.6
21.15	-10.333	-16.317	-39.5
21.16	-10.344	-16.376	-24.3
21.17	-10.356	-16.441	-12.6
21.18	-10.369	-16.019	-0.9
21.19	-10.382	-14.823	11.3
21.2	-10.396	-12.004	16.8
21.21	-10.411	-5.509	33.2
21.22	-10.425	5.161	50.0
21.23	-10.440	15.276	72.1
21.24	-10.456	19.804	94.2
21.25	-10.472	20.444	115.9
21.26	-10.487	20.454	149.7
21.27	-10.502	20.456	183.7
21.28	-10.516	20.456	209.8
21.29	-10.531	20.454	219.9
21.3	-10.545	20.444	224.3
21.31	-10.560	19.806	209.2
21.32	-10.575	15.499	153.0
21.33	-10.589	5.665	81.2
21.34	-10.603	-6.076	9.4
21.35	-10.617	-15.086	-52.7
21.36	-10.630	-19.445	-84.0
21.37	-10.643	-20.412	-97.6
21.38	-10.654	-20.454	-118.3
21.39	-10.669	-20.456	-128.7
21.4	-10.684	-20.456	-127.6
21.41	-10.698	-20.456	-129.7
21.42	-10.709	-20.434	-127.5
21.43	-10.724	-20.354	-122.9
21.44	-10.739	-20.317	-120.2
21.45	-10.756	-20.393	-118.1
21.46	-10.773	-20.451	-115.8
21.47	-10.788	-20.456	-106.7
21.48	-10.803	-20.456	-95.1
21.49	-10.818	-20.456	-93.3
21.5	-10.833	-20.456	-101.1
21.51	-10.848	-20.453	-102.1
21.52	-10.861	-20.308	-93.0
21.53	-10.876	-19.360	-89.7
21.54	-10.893	-17.271	-91.7
21.55	-10.908	-14.945	-86.7
21.56	-10.924	-13.245	-81.3
21.57	-10.941	-12.227	-78.6
21.58	-10.956	-11.811	-79.6
21.59	-10.970	-12.091	-76.2
21.6	-10.982	-13.114	-72.2
21.61	-10.991	-14.643	-77.3
21.62	-11.001	-16.305	-78.1
21.63	-11.010	-17.881	-80.3
21.64	-11.021	-19.256	-84.5
21.65	-11.032	-20.136	-81.7
21.66	-11.044	-20.428	-75.3
21.67	-11.058	-20.455	-64.4
21.68	-11.071	-20.456	-56.4
21.69	-11.084	-20.456	-58.2
21.7	-11.096	-20.456	-59.3
21.71	-11.103	-20.456	-55.5
21.72	-11.110	-20.456	-51.6
21.73	-11.117	-20.456	-62.3
21.74	-11.124	-20.432	-69.6
21.75	-11.129	-20.287	-60.6
21.76	-11.134	-19.996	-58.4
21.77	-11.135	-19.636	-55.2
21.78	-11.133	-19.196	-44.6
21.79	-11.127	-18.688	-39.4
21.8	-11.117	-18.245	-39.0
21.81	-11.101	-17.923	-39.1
21.82	-11.079	-17.572	-43.1
21.83	-11.049	-17.042	-42.8
21.84	-11.013	-16.485	-38.4
21.85	-10.972	-16.171	-43.2
21.86	-10.928	-16.110	-50.9
21.87	-10.884	-16.085	-34.4
21.88	-10.841	-15.972	-4.3
21.89	-10.799	-15.898	16.1
21.9	-10.758	-15.962	20.7
21.91	-10.715	-16.074	1.4
21.92	-10.674	-16.168	-27.3
21.93	-10.634	-16.257	-39.9
21.94	-10.599	-16.342	-38.7
21.95	-10.568	-16.417	-37.7
21.96	-10.543	-16.490	-40.2
21.97	-10.521	-16.590	-41.8
21.98	-10.504	-16.756	-44.8
21.99	-10.486	-16.926	-59.5
22.0	-10.468	-16.962	-64.1
22.01	-10.448	-16.876	83.1
22.02	-10.431	-16.806	469.5
22.03	-10.414	-16.823	720.9
22.04	-10.396	-16.884	505.5
22.05	-10.371	-16.920	176.3
22.06	-10.344	-16.913	56.0
22.07	-10.316	-16.926	19.6
22.08	-10.285	-17.073	-17.3
22.09	-10.250	-17.297	-28.2
22.1	-10.212	-17.458	-25.5
22.11	-10.174	-17.502	-17.3
22.12	-10.138	-17.429	-9.5
22.13	-10.106	-17.256	-0.4
22.14	-10.076	-16.549	9.8
22.15	-10.048	-14.207	22.5
22.16	-10.021	-8.836	38.0
22.17	-9.996	0.738	45.7
22.18	-9.970	11.960	62.0
22.19	-9.944	18.778	91.8
22.2	-9.918	20.385	122.7
22.21	-9.893	20.453	157.9
22.22	-9.867	20.456	192.9
22.23	-9.842	20.456	215.6
22.24	-9.818	20.456	227.3
22.25	-9.792	20.448	232.9
22.26	-9.766	20.302	216.2
22.27	-9.741	18.070	164.6
22.28	-9.715	10.474	106.7
22.29	-9.691	-1.050	39.3
22.3	-9.667	-11.501	-31.1
22.31	-9.643	-17.917	-79.8
22.32	-9.620	-20.176	-107.2
22.33	-9.597	-20.452	-117.1
22.34	-9.577	-20.456	-122.7
22.35	-9.558	-20.456	-121.7
22.36	-9.537	-20.456	-119.6
22.37	-9.513	-20.456	-119.3
22.38	-9.488	-20.456	-115.8
22.39	-9.462	-20.456	-114.2
22.4	-9.437	-20.456	-112.5
22.41	-9.412	-20.456	-106.8
22.42	-9.387	-20.456	-100.8
22.43	-9.363	-20.456	-105.2
22.44	-9.338	-20.456	-101.8
22.45	-9.314	-20.456	-95.0
22.46	-9.291	-20.456	-100.7
22.47	-9.269	-20.440	-96.1
22.48	-9.249	-20.102	-83.8
22.49	-9.230	-18.742	-75.8
22.5	-9.211	-16.498	-78.9
22.51	-9.193	-14.425	-81.7
22.52	-9.174	-13.054	-81.3
22.53	-9.155	-12.400	-82.4
22.54	-9.137	-12.439	-78.3
22.55	-9.117	-13.096	-83.7
22.56	-9.097	-14.289	-75.8
22.57	-9.076	-15.871	-60.6
22.58	-9.056	-17.657	-69.0
22.59	-9.036	-19.297	-72.6
22.6	-9.015	-20.223	-74.3
22.61	-8.995	-20.446	-74.0
22.62	-8.976	-20.456	-66.9
22.63	-8.956	-20.456	-71.6
22.64	-8.937	-20.456	-65.4
22.65	-8.918	-20.456	-45.5
22.66	-8.899	-20.456	-45.7
22.67	-8.880	-20.456	-53.8
22.68	-8.862	-20.456	-57.0
22.69	-8.843	-20.456	-56.2
22.7	-8.826	-20.452	-45.6
22.71	-8.810	-20.365	-51.0
22.72	-8.794	-20.018	-64.1
22.73	-8.777	-19.459	-45.1
22.74	-8.761	-18.994	-24.8
22.75	-8.746	-18.705	-24.3
22.76	-8.732	-18.448	-33.2
22.77	-8.719	-18.141	-36.8
22.78	-8.705	-17.795	-16.8
22.79	-8.692	-17.448	1.4
22.8	-8.679	-17.105	6.9
22.81	-8.667	-16.824	2.7
22.82	-8.655	-16.720	-18.5
22.83	-8.644	-16.814	-36.3
22.84	-8.633	-17.015	-34.8
22.85	-8.622	-17.195	-31.8
22.86	-8.613	-17.274	-42.8
22.87	-8.604	-17.256	-40.8
22.88	-8.597	-17.211	-34.0
22.89	-8.590	-17.218	-44.6
22.9	-8.583	-17.308	-57.0
22.91	-8.576	-17.453	48.7
22.92	-8.571	-17.561	429.6
22.93	-8.568	-17.547	791.9
22.94	-8.566	-17.464	674.4
22.95	-8.564	-17.447	301.3
22.96	-8.565	-17.525	88.3
22.97	-8.568	-17.603	20.1
22.98	-8.571	-17.661	0.8
22.99	-8.572	-17.799	-19.3
23.0	-8.571	-17.999	-44.3
23.01	-8.570	-18.043	-37.0
23.02	-8.569	-17.808	-20.3
23.03	-8.571	-17.342	-12.4
23.04	-8.575	-16.427	-2.1
23.05	-8.581	-14.160	12.8
23.06	-8.591	-8.993	36.0
23.07	-8.606	0.457	51.9
23.08	-8.627	11.716	58.5
23.09	-8.656	18.682	82.8
23.1	-8.689	20.377	118.0
23.11	-8.726	20.452	144.4
23.12	-8.768	20.456	171.0
23.13	-8.811	20.456	201.0
23.14	-8.855	20.456	219.8
23.15	-8.900	20.446	232.2
23.16	-8.945	20.223	225.5
23.17	-8.989	17.603	184.7
23.18	-9.032	9.515	119.7
23.19	-9.071	-2.144	43.2
23.2	-9.108	-12.385	-26.5
23.21	-9.143	-18.362	-73.8
23.22	-9.174	-20.261	-99.0
23.23	-9.203	-20.453	-117.9
23.24	-9.232	-20.456	-118.8
23.25	-9.263	-20.456	-109.9
23.26	-9.293	-20.456	-115.3
23.27	-9.322	-20.456	-120.2
23.28	-9.351	-20.456	-119.4
23.29	-9.381	-20.456	-118.5
23.3	-9.408	-20.456	-113.1
23.31	-9.434	-20.456	-104.3
23.32	-9.459	-20.456	-99.9
23.33	-9.484	-20.456	-93.4
23.34	-9.509	-20.456	-91.2
23.35	-9.533	-20.456	-91.6
23.36	-9.557	-20.456	-87.4
23.37	-9.581	-20.453	-87.0
23.38	-9.604	-20.305	-89.9
23.39	-9.628	-19.403	-87.4
23.4	-9.652	-17.505	-77.9
23.41	-9.678	-15.427	-76.4
23.42	-9.704	-13.890	-73.9
23.43	-9.731	-13.011	-75.0
23.44	-9.758	-12.801	-74.5
23.45	-9.783	-13.243	-67.8
23.46	-9.809	-14.219	-79.7
23.47	-9.834	-15.553	-85.2
23.48	-9.859	-17.091	-72.5
23.49	-9.884	-18.640	-67.0
23.5	-9.909	-19.823	-64.9
23.51	-9.934	-20.354	-64.3
23.52	-9.959	-20.453	-63.8
23.53	-9.984	-20.456	-57.2
23.54	-10.009	-20.456	-54.3
23.55	-10.034	-20.456	-49.4
23.56	-10.058	-20.456	-54.3
23.57	-10.081	-20.456	-60.2
23.58	-10.105	-20.456	-54.5
23.59	-10.129	-20.456	-55.6
23.6	-10.153	-20.452	-53.8
23.61	-10.175	-20.386	-43.9
23.62	-10.196	-20.161	-41.8
23.63	-10.217	-19.753	-46.1
23.64	-10.239	-19.214	-51.0
23.65	-10.261	-18.591	-51.6
23.66	-10.281	-17.976	-42.0
23.67	-10.301	-17.464	-23.5
23.68	-10.320	-17.084	-2.7
23.69	-10.338	-16.795	10.0
23.7	-10.354	-16.546	4.4
23.71	-10.371	-16.316	-16.8
23.72	-10.388	-16.111	-22.3
23.73	-10.407	-15.981	-34.0
23.74	-10.426	-15.957	-56.3
23.75	-10.446	-16.015	-42.9
23.76	-10.466	-16.122	-36.8
23.77	-10.487	-16.212	-43.3
23.78	-10.508	-16.198	-42.4
23.79	-10.528	-16.091	-65.1
23.8	-10.545	-15.978	-37.2
23.81	-10.563	-15.921	217.8
23.82	-10.581	-15.933	630.0
23.83	-10.599	-15.996	717.8
23.84	-10.614	-16.146	384.9
23.85	-10.626	-16.429	104.3
23.86	-10.639	-16.756	26.5
23.87	-10.651	-16.994	8.1
23.88	-10.661	-17.171	-14.8
23.89	-10.665	-17.396	-37.4
23.9	-10.667	-17.641	-33.9
23.91	-10.669	-17.757	-20.3
23.92	-10.672	-17.657	-13.6
23.93	-10.675	-17.186	-9.0
23.94	-10.678	-15.768	3.4
23.95	-10.678	-12.271	26.6
23.96	-10.678	-5.212	46.0
23.97	-10.674	5.600	52.8
23.98	-10.670	15.536	70.6
23.99	-10.663	19.859	102.6
24.0	-10.654	20.444	137.8
24.01	-10.643	20.454	174.1
24.02	-10.626	20.456	206.2
24.03	-10.603	20.456	217.5
24.04	-10.575	20.454	216.5
24.05	-10.543	20.445	223.4
24.06	-10.508	19.849	204.4
24.07	-10.471	15.778	152.5
24.08	-10.434	6.393	76.6
24.09	-10.398	-4.907	-4.8
24.1	-10.361	-13.964	-59.3
24.11	-10.323	-18.932	-82.2
24.12	-10.281	-20.341	-100.8
24.13	-10.239	-20.452	-123.6
24.14	-10.201	-20.456	-123.9
24.15	-10.164	-20.456	-117.2
24.16	-10.123	-20.456	-112.5
24.17	-10.081	-20.456	-107.7
24.18	-10.039	-20.456	-112.8
24.19	-10.001	-20.456	-119.8
24.2	-9.963	-20.456	-116.3
24.21	-9.924	-20.456	-101.3
24.22	-9.885	-20.456	-93.5
24.23	-9.845	-20.456	-95.4
24.24	-9.806	-20.456	-99.5
24.25	-9.767	-20.456	-100.1
24.26	-9.729	-20.454	-81.0
24.27	-9.693	-20.332	-71.6
24.28	-9.658	-19.432	-83.8
24.29	-9.623	-17.300	-82.2
24.3	-9.590	-14.818	-73.2
24.31	-9.558	-13.006	-75.5
24.32	-9.527	-12.056	-81.2
24.33	-9.496	-11.913	-79.7
24.34	-9.466	-12.488	-73.3
24.35	-9.437	-13.613	-65.8
24.36	-9.408	-15.148	-67.9
24.37	-9.379	-16.879	-69.0
24.38	-9.351	-18.439	-62.0
24.39	-9.324	-19.616	-65.5
24.4	-9.298	-20.269	-68.7
24.41	-9.274	-20.446	-65.5
24.42	-9.251	-20.456	-62.3
24.43	-9.229	-20.456	-60.6
24.44	-9.207	-20.456	-59.3
24.45	-9.186	-20.456	-55.5
24.46	-9.164	-20.456	-58.4
24.47	-9.143	-20.456	-54.4
24.48	-9.122	-20.456	-47.2
24.49	-9.101	-20.456	-58.9
24.5	-9.081	-20.433	-61.5
24.51	-9.063	-20.266	-47.3
24.52	-9.044	-19.914	-48.4
24.53	-9.025	-19.586	-46.8
24.54	-9.006	-19.368	-34.3
24.55	-8.986	-19.107	-26.0
24.56	-8.968	-18.699	-11.9
24.57	-8.949	-18.223	-3.4
24.58	-8.931	-18.096	-11.9
24.59	-8.912	-18.145	-20.6
24.6	-8.894	-17.821	-30.7
24.61	-8.877	-17.354	-36.9
24.62	-8.859	-17.053	-35.0
24.63	-8.841	-16.899	-40.5
24.64	-8.825	-16.828	-43.8
24.65	-8.811	-16.792	-40.2
24.66	-8.797	-16.782	-47.3
24.67	-8.783	-16.846	-66.5
24.68	-8.768	-16.911	-64.7
24.69	-8.754	-16.883	115.1
24.7	-8.741	-16.868	550.7
24.71	-8.729	-17.061	807.9
24.72	-8.717	-17.479	563.8
24.73	-8.705	-17.809	211.8
24.74	-8.695	-17.827	67.2
24.75	-8.686	-17.631	20.7
24.76	-8.675	-17.443	-15.5
24.77	-8.663	-17.439	-28.7
24.78	-8.649	-17.672	-28.7
24.79	-8.635	-17.936	-23.6
24.8	-8.621	-17.810	-15.1
24.81	-8.607	-17.061	-9.7
24.82	-8.594	-15.601	6.4
24.83	-8.580	-12.664	26.2
24.84	-8.567	-6.499	38.8
24.85	-8.553	3.891	49.8
24.86	-8.539	14.458	67.5
24.87	-8.526	19.612	92.5
24.88	-8.514	20.439	125.8
24.89	-8.503	20.453	167.1
24.9	-8.494	20.456	193.2
24.91	-8.487	20.456	208.8
24.92	-8.481	20.456	230.8
24.93	-8.475	20.448	242.0
24.94	-8.470	20.105	217.1
24.95	-8.466	16.983	161.8
24.96	-8.463	8.431	91.9
24.97	-8.459	-3.123	28.0
24.98	-8.456	-12.994	-28.7
24.99	-8.452	-18.620	-91.7
25.0	-8.447	-20.303	-125.8
25.01	-8.443	-20.452	-122.4
25.02	-8.441	-20.456	-123.3
25.03	-8.441	-20.456	-128.6
25.04	-8.439	-20.456	-123.6
25.05	-8.437	-20.456	-124.6
25.06	-8.436	-20.456	-121.9
25.07	-8.437	-20.456	-113.9
25.08	-8.438	-20.456	-112.9
25.09	-8.440	-20.456	-115.3
25.1	-8.441	-20.456	-112.9
25.11	-8.441	-20.456	-100.5
25.12	-8.441	-20.456	-99.1
25.13	-8.441	-20.456	-95.5
25.14	-8.442	-20.456	-85.4
25.15	-8.443	-20.438	-86.4
25.16	-8.444	-20.101	-86.2
25.17	-8.446	-18.856	-85.7
25.18	-8.448	-16.857	-82.8
25.19	-8.451	-14.919	-73.3
25.2	-8.456	-13.569	-71.6
25.21	-8.462	-13.075	-80.1
25.22	-8.469	-13.460	-84.3
25.23	-8.476	-14.428	-78.8
25.24	-8.486	-15.671	-73.1
25.25	-8.496	-17.106	-73.3
25.26	-8.507	-18.639	-81.9
25.27	-8.519	-19.846	-81.4
25.28	-8.534	-20.371	-72.5
25.29	-8.551	-20.454	-70.6
25.3	-8.572	-20.456	-67.3
25.31	-8.596	-20.456	-69.5
25.32	-8.623	-20.456	-75.4
25.33	-8.652	-20.456	-71.8
25.34	-8.683	-20.456	-62.3
25.35	-8.714	-20.456	-57.6
25.36	-8.746	-20.456	-54.6
25.37	-8.779	-20.451	-58.5
25.38	-8.812	-20.391	-61.4
25.39	-8.846	-20.221	-56.1
25.4	-8.879	-19.969	-57.5
25.41	-8.912	-19.606	-54.4
25.42	-8.945	-19.148	-47.8
25.43	-8.977	-18.769	-47.5
25.44	-9.009	-18.472	-49.8
25.45	-9.041	-18.043	-47.7
25.46	-9.072	-17.477	-37.8
25.47	-9.105	-17.064	-37.0
25.48	-9.138	-16.971	-37.3
25.49	-9.171	-17.068	-19.0
25.5	-9.206	-17.137	-0.7
25.51	-9.242	-17.128	-3.7
25.52	-9.279	-17.129	-9.8
25.53	-9.317	-17.199	-17.3
25.54	-9.354	-17.286	-37.3
25.55	-9.390	-17.305	-44.5
25.56	-9.423	-17.272	-41.4
25.57	-9.454	-17.304	-43.8
25.58	-9.484	-17.439	-46.6
25.59	-9.513	-17.556	-48.5
25.6	-9.542	-17.569	-57.1
25.61	-9.569	-17.550	-74.8
25.62	-9.594	-17.563	-2.5
25.63	-9.619	-17.558	335.7
25.64	-9.647	-17.478	739.8
25.65	-9.675	-17.350	706.3
25.66	-9.703	-17.231	336.5
25.67	-9.729	-17.110	98.8
25.68	-9.757	-16.959	28.5
25.69	-9.782	-16.793	-0.2
25.7	-9.804	-16.679	-20.9
25.71	-9.824	-16.646	-35.6
25.72	-9.842	-16.618	-35.3
25.73	-9.861	-16.529	-34.8
25.74	-9.881	-16.254	-33.6
25.75	-9.902	-15.411	-17.4
25.76	-9.923	-13.136	6.2
25.77	-9.945	-7.890	24.4
25.78	-9.967	1.677	36.7
25.79	-9.991	12.641	54.3
25.8	-10.016	18.999	71.6
25.81	-10.041	20.399	94.1
25.82	-10.068	20.453	130.9
25.83	-10.094	20.456	159.0
25.84	-10.123	20.456	181.5
25.85	-10.150	20.456	199.6
25.86	-10.179	20.450	211.8
25.87	-10.209	20.344	218.9
25.88	-10.238	18.433	185.0
25.89	-10.267	11.478	119.6
25.9	-10.295	0.398	48.2
25.91	-10.323	-10.126	-24.1
25.92	-10.351	-17.094	-82.2
25.93	-10.378	-19.953	-114.5
25.94	-10.404	-20.441	-122.9
25.95	-10.431	-20.455	-129.6
25.96	-10.459	-20.456	-138.4
25.97	-10.486	-20.456	-140.0
25.98	-10.509	-20.416	-130.0
25.99	-10.531	-20.203	-119.9
26.0	-10.554	-19.989	-122.3
26.01	-10.574	-20.131	-125.7
26.02	-10.594	-20.382	-119.4
26.03	-10.614	-20.453	-109.9
26.04	-10.634	-20.456	-108.0
26.05	-10.653	-20.456	-105.0
26.06	-10.671	-20.456	-102.6
26.07	-10.689	-20.456	-98.7
26.08	-10.708	-20.441	-89.8
26.09	-10.727	-20.130	-92.2
26.1	-10.744	-18.833	-91.9
26.11	-10.759	-16.558	-85.5
26.12	-10.773	-14.310	-86.5
26.13	-10.786	-12.807	-85.0
26.14	-10.796	-12.159	-87.0
26.15	-10.802	-12.223	-91.8
26.16	-10.806	-12.894	-85.3
26.17	-10.809	-14.084	-85.2
26.18	-10.809	-15.571	-94.8
26.19	-10.806	-17.158	-88.8
26.2	-10.801	-18.706	-71.5
26.21	-10.792	-19.876	-67.9
26.22	-10.781	-20.376	-72.8
26.23	-10.766	-20.454	-78.7
26.24	-10.747	-20.456	-84.3
26.25	-10.724	-20.456	-80.5
26.26	-10.701	-20.456	-74.4
26.27	-10.677	-20.456	-74.9
26.28	-10.653	-20.456	-70.6
26.29	-10.628	-20.455	-62.9
26.3	-10.605	-20.418	-56.0
26.31	-10.582	-20.259	-47.4
26.32	-10.559	-19.953	-49.1
26.33	-10.536	-19.524	-61.0
26.34	-10.512	-19.023	-71.5
26.35	-10.486	-18.551	-65.1
26.36	-10.459	-18.146	-50.5
26.37	-10.429	-17.749	-43.3
26.38	-10.398	-17.356	-19.5
26.39	-10.364	-17.041	6.8
26.4	-10.326	-16.843	-2.8
26.41	-10.286	-16.719	-23.1
26.42	-10.243	-16.614	-36.3
26.43	-10.198	-16.516	-50.2
26.44	-10.152	-16.473	-55.0
26.45	-10.105	-16.509	-51.0
26.46	-10.059	-16.541	-47.3
26.47	-10.013	-16.497	-53.5
26.48	-9.966	-16.452	-61.9
26.49	-9.919	-16.483	-57.3
26.5	-9.870	-16.557	-70.7
26.51	-9.819	-16.618	-29.4
26.52	-9.768	-16.590	266.1
26.53	-9.720	-16.460	672.4
26.54	-9.677	-16.364	679.6
26.55	-9.635	-16.424	323.4
26.56	-9.594	-16.621	76.0
26.57	-9.555	-16.851	1.3
26.58	-9.518	-17.043	-27.3
26.59	-9.479	-17.183	-45.1
26.6	-9.441	-17.286	-58.0
26.61	-9.401	-17.364	-59.9
26.62	-9.361	-17.413	-60.4
26.63	-9.322	-17.343	-55.5
26.64	-9.284	-16.866	-49.6
26.65	-9.246	-15.289	-38.2
26.66	-9.208	-11.367	-12.6
26.67	-9.170	-3.578	4.5
26.68	-9.134	7.574	22.9
26.69	-9.099	16.712	52.0
26.7	-9.066	20.095	75.5
26.71	-9.035	20.445	115.5
26.72	-9.006	20.456	166.1
26.73	-8.979	20.456	198.4
26.74	-8.954	20.456	220.0
26.75	-8.930	20.453	237.2
26.76	-8.908	20.426	234.7
