Interval=	0.01 s
ExcelDateTime=	3.9778675270065323e+004	26/11/2008 16:12:23.333644
TimeFormat=	StartOfBlock
ChannelTitle=	Channel 1	Channel 2	Channel 3
Range=	20.000 mV	20.000 mV	1000.0 µV
0.0	-9.062	-13.414	8.9
0.01	-9.056	-13.395	43.7
0.02	-9.050	-13.566	53.8
0.03	-9.043	-13.848	8.9
0.04	-9.035	-14.097	-49.8
0.05	-9.026	-14.224	-74.8
0.06	-9.016	-14.159	-56.8
0.07	-9.007	-13.924	-38.9
0.08	-8.998	-13.448	-28.2
0.09	-8.989	-12.205	-8.3
0.1	-8.982	-9.450	-6.8
0.11	-8.976	-4.526	-18.6
0.12	-8.970	2.953	-11.6
0.13	-8.964	11.757	14.9
0.14	-8.957	18.111	38.3
0.15	-8.951	20.251	57.5
0.16	-8.945	20.448	62.6
0.17	-8.940	20.456	82.9
0.18	-8.935	20.454	133.6
0.19	-8.931	20.421	153.6
0.2	-8.927	19.564	147.2
0.21	-8.924	15.580	125.6
0.22	-8.921	8.027	96.1
0.23	-8.919	-0.192	67.2
0.24	-8.918	-7.066	20.8
0.25	-8.916	-12.316	-37.2
0.26	-8.915	-15.880	-78.2
0.27	-8.914	-17.981	-102.2
0.28	-8.915	-18.971	-117.7
0.29	-8.916	-19.116	-127.2
0.3	-8.918	-18.839	-134.6
0.31	-8.917	-18.727	-106.7
0.32	-8.917	-19.213	-81.5
0.33	-8.918	-19.986	-100.4
0.34	-8.918	-20.395	-118.9
0.35	-8.916	-20.455	-108.2
0.36	-8.914	-20.456	-97.8
0.37	-8.912	-20.456	-107.7
0.38	-8.912	-20.456	-120.6
0.39	-8.912	-20.456	-115.2
0.4	-8.912	-20.456	-89.0
0.41	-8.912	-20.440	-78.2
0.42	-8.911	-20.102	-90.8
0.43	-8.912	-18.764	-97.5
0.44	-8.914	-16.611	-87.2
0.45	-8.917	-14.649	-83.9
0.46	-8.919	-13.316	-92.4
0.47	-8.922	-12.683	-84.5
0.48	-8.924	-12.783	-88.8
0.49	-8.925	-13.374	-96.6
0.5	-8.926	-14.121	-97.2
0.51	-8.928	-14.941	-100.2
0.52	-8.930	-15.824	-82.9
0.53	-8.931	-16.685	-79.4
0.54	-8.931	-17.529	-80.1
0.55	-8.932	-18.305	-67.9
0.56	-8.933	-18.832	-72.4
0.57	-8.934	-19.066	-94.1
0.58	-8.936	-19.046	-104.1
0.59	-8.936	-18.813	-79.9
0.6	-8.936	-18.517	-51.1
0.61	-8.938	-18.274	-41.5
0.62	-8.939	-18.109	-33.0
0.63	-8.940	-17.949	-32.7
0.64	-8.941	-17.729	-48.1
0.65	-8.943	-17.448	-54.7
0.66	-8.944	-17.046	-62.0
0.67	-8.946	-16.510	-84.8
0.68	-8.947	-15.931	-93.0
0.69	-8.949	-15.431	-74.1
0.7	-8.951	-15.078	-64.4
0.71	-8.953	-14.844	-71.8
0.72	-8.956	-14.642	-83.0
0.73	-8.957	-14.366	-111.1
0.74	-8.957	-14.049	-100.2
0.75	-8.959	-13.818	98.8
0.76	-8.963	-13.673	466.2
0.77	-8.969	-13.621	610.2
0.78	-8.976	-13.710	383.5
0.79	-8.984	-13.909	120.9
0.8	-8.991	-14.170	-2.8
0.81	-8.992	-14.416	-37.7
0.82	-8.986	-14.515	-45.3
0.83	-8.976	-14.391	-58.5
0.84	-8.967	-14.146	-70.3
0.85	-8.963	-13.928	-54.9
0.86	-8.959	-13.408	-43.8
0.87	-8.956	-11.703	-55.1
0.88	-8.953	-7.963	-47.7
0.89	-8.951	-1.650	-29.2
0.9	-8.951	7.042	-9.3
0.91	-8.949	15.321	0.5
0.92	-8.949	19.581	3.9
0.93	-8.948	20.424	41.9
0.94	-8.949	20.453	75.5
0.95	-8.949	20.456	98.3
0.96	-8.951	20.453	107.4
0.97	-8.951	20.387	105.1
0.98	-8.953	19.135	138.9
0.99	-8.954	14.409	131.4
1.0	-8.956	6.633	71.3
1.01	-8.958	-1.119	23.3
1.02	-8.959	-7.344	-15.6
1.03	-8.962	-12.008	-47.5
1.04	-8.964	-15.161	-82.7
1.05	-8.967	-16.997	-125.3
1.06	-8.971	-17.859	-142.2
1.07	-8.976	-18.041	-129.9
1.08	-8.981	-17.894	-125.9
1.09	-8.985	-17.944	-126.6
1.1	-8.989	-18.678	-131.6
1.11	-8.996	-19.760	-125.2
1.12	-9.002	-20.358	-109.8
1.13	-9.006	-20.454	-123.1
1.14	-9.009	-20.456	-141.0
1.15	-9.012	-20.456	-134.3
1.16	-9.015	-20.456	-114.3
1.17	-9.019	-20.456	-94.9
1.18	-9.023	-20.456	-92.3
1.19	-9.027	-20.454	-98.8
1.2	-9.033	-20.330	-100.9
1.21	-9.038	-19.504	-113.0
1.22	-9.046	-17.707	-112.3
1.23	-9.056	-15.704	-101.0
1.24	-9.066	-14.203	-107.7
1.25	-9.076	-13.356	-109.8
1.26	-9.086	-13.236	-93.0
1.27	-9.097	-13.696	-75.5
1.28	-9.107	-14.422	-84.0
1.29	-9.117	-15.313	-90.3
1.3	-9.126	-16.314	-87.7
1.31	-9.134	-17.277	-90.3
1.32	-9.141	-18.100	-77.8
1.33	-9.148	-18.689	-65.6
1.34	-9.154	-19.055	-69.7
1.35	-9.161	-19.287	-71.7
1.36	-9.167	-19.395	-79.7
1.37	-9.172	-19.333	-80.9
1.38	-9.176	-19.133	-65.6
1.39	-9.180	-18.925	-70.0
1.4	-9.185	-18.723	-64.4
1.41	-9.190	-18.418	-36.9
1.42	-9.195	-18.035	-26.0
1.43	-9.199	-17.658	-15.2
1.44	-9.201	-17.256	-14.6
1.45	-9.202	-16.752	-40.8
1.46	-9.202	-16.221	-65.3
1.47	-9.204	-15.770	-77.2
1.48	-9.207	-15.371	-76.0
1.49	-9.211	-15.025	-74.3
1.5	-9.214	-14.747	-71.5
1.51	-9.219	-14.466	-69.0
1.52	-9.224	-14.222	-69.1
1.53	-9.228	-14.123	-86.1
1.54	-9.230	-14.071	-57.1
1.55	-9.233	-13.956	190.7
1.56	-9.239	-13.899	540.5
1.57	-9.246	-13.988	588.7
1.58	-9.254	-14.147	312.7
1.59	-9.263	-14.328	85.7
1.6	-9.271	-14.531	-1.0
1.61	-9.273	-14.709	-34.5
1.62	-9.269	-14.758	-40.3
1.63	-9.262	-14.646	-55.0
1.64	-9.256	-14.454	-57.3
1.65	-9.252	-14.103	-30.1
1.66	-9.252	-13.147	-26.6
1.67	-9.255	-10.906	-48.8
1.68	-9.261	-6.603	-42.3
1.69	-9.269	0.349	-13.1
1.7	-9.279	9.306	9.9
1.71	-9.289	16.819	18.8
1.72	-9.301	20.004	32.9
1.73	-9.313	20.449	55.3
1.74	-9.327	20.454	83.6
1.75	-9.341	20.456	96.8
1.76	-9.356	20.451	104.1
1.77	-9.371	20.348	124.8
1.78	-9.386	18.843	133.4
1.79	-9.401	13.746	133.4
1.8	-9.415	5.871	102.4
1.81	-9.430	-1.776	44.8
1.82	-9.445	-7.883	-21.6
1.83	-9.460	-12.323	-78.0
1.84	-9.476	-15.188	-93.9
1.85	-9.493	-16.789	-98.8
1.86	-9.510	-17.496	-106.7
1.87	-9.527	-17.708	-106.2
1.88	-9.545	-17.862	-116.6
1.89	-9.561	-18.374	-122.2
1.9	-9.575	-19.340	-98.3
1.91	-9.590	-20.165	-100.9
1.92	-9.604	-20.438	-119.7
1.93	-9.617	-20.455	-100.3
1.94	-9.629	-20.456	-85.0
1.95	-9.642	-20.456	-88.7
1.96	-9.654	-20.456	-81.5
1.97	-9.667	-20.456	-83.1
1.98	-9.680	-20.455	-100.9
1.99	-9.693	-20.432	-105.8
2.0	-9.705	-20.002	-101.9
2.01	-9.717	-18.459	-79.8
2.02	-9.729	-16.171	-65.6
2.03	-9.741	-14.320	-70.8
2.04	-9.753	-13.326	-70.2
2.05	-9.766	-13.000	-74.5
2.06	-9.778	-13.146	-80.5
2.07	-9.789	-13.684	-88.8
2.08	-9.801	-14.522	-85.6
2.09	-9.812	-15.519	-80.1
2.1	-9.822	-16.589	-78.3
2.11	-9.832	-17.602	-68.8
2.12	-9.841	-18.431	-66.2
2.13	-9.849	-19.061	-69.8
2.14	-9.857	-19.443	-60.5
2.15	-9.865	-19.553	-43.9
2.16	-9.873	-19.512	-45.2
2.17	-9.881	-19.441	-53.6
2.18	-9.887	-19.336	-73.2
2.19	-9.893	-19.081	-80.0
2.2	-9.898	-18.631	-71.6
2.21	-9.902	-18.131	-65.9
2.22	-9.906	-17.716	-27.3
2.23	-9.909	-17.353	15.9
2.24	-9.912	-17.000	16.0
2.25	-9.912	-16.674	-10.8
2.26	-9.912	-16.326	-40.0
2.27	-9.909	-15.864	-64.4
2.28	-9.908	-15.334	-65.3
2.29	-9.905	-14.883	-44.4
2.3	-9.903	-14.523	-41.8
2.31	-9.900	-14.243	-57.0
2.32	-9.896	-14.106	-50.0
2.33	-9.893	-14.058	-42.5
2.34	-9.886	-13.979	-67.1
2.35	-9.874	-13.856	-91.6
2.36	-9.859	-13.751	10.5
2.37	-9.848	-13.712	338.4
2.38	-9.844	-13.756	601.2
2.39	-9.839	-13.893	469.8
2.4	-9.830	-14.134	192.5
2.41	-9.821	-14.458	59.8
2.42	-9.808	-14.788	5.9
2.43	-9.785	-14.972	-19.5
2.44	-9.756	-14.848	-20.6
2.45	-9.723	-14.504	-20.5
2.46	-9.693	-14.236	-16.8
2.47	-9.666	-13.998	-14.3
2.48	-9.643	-13.123	-7.9
2.49	-9.622	-10.686	1.6
2.5	-9.602	-5.914	9.9
2.51	-9.582	1.564	33.5
2.52	-9.563	10.669	45.4
2.53	-9.545	17.625	55.9
2.54	-9.527	20.174	80.8
2.55	-9.511	20.449	97.7
2.56	-9.497	20.456	126.1
2.57	-9.484	20.456	163.8
2.58	-9.472	20.449	167.2
2.59	-9.460	20.249	154.0
2.6	-9.449	18.229	169.8
2.61	-9.438	12.413	159.8
2.62	-9.428	4.273	110.8
2.63	-9.417	-3.252	67.1
2.64	-9.406	-9.216	21.9
2.65	-9.396	-13.541	-35.0
2.66	-9.385	-16.290	-79.1
2.67	-9.376	-17.681	-85.1
2.68	-9.368	-17.983	-81.0
2.69	-9.359	-17.770	-69.8
2.7	-9.348	-17.813	-65.9
2.71	-9.338	-18.529	-76.2
2.72	-9.330	-19.606	-98.6
2.73	-9.322	-20.293	-107.8
2.74	-9.312	-20.449	-86.9
2.75	-9.301	-20.456	-72.5
2.76	-9.291	-20.456	-75.5
2.77	-9.281	-20.456	-72.8
2.78	-9.270	-20.456	-52.9
2.79	-9.261	-20.456	-54.4
2.8	-9.251	-20.451	-75.1
2.81	-9.243	-20.285	-82.8
2.82	-9.235	-19.309	-70.6
2.83	-9.228	-17.253	-51.5
2.84	-9.222	-15.068	-55.1
2.85	-9.216	-13.641	-66.6
2.86	-9.210	-13.045	-66.5
2.87	-9.204	-13.091	-61.5
2.88	-9.198	-13.604	-52.8
2.89	-9.192	-14.475	-54.9
2.9	-9.185	-15.596	-70.3
2.91	-9.178	-16.724	-81.4
2.92	-9.172	-17.681	-70.5
2.93	-9.166	-18.469	-41.4
2.94	-9.161	-19.093	-31.9
2.95	-9.156	-19.551	-41.6
2.96	-9.151	-19.821	-67.2
2.97	-9.146	-19.875	-86.3
2.98	-9.141	-19.790	-57.7
2.99	-9.136	-19.595	-43.1
3.0	-9.131	-19.243	-65.4
3.01	-9.126	-18.797	-71.0
3.02	-9.121	-18.433	-54.8
3.03	-9.117	-18.194	-36.3
3.04	-9.113	-17.936	-45.4
3.05	-9.108	-17.611	-62.8
3.06	-9.104	-17.231	-55.5
3.07	-9.099	-16.751	-25.9
3.08	-9.095	-16.279	-0.1
3.09	-9.091	-15.923	3.6
3.1	-9.086	-15.574	-17.9
3.11	-9.081	-15.180	-42.9
3.12	-9.078	-14.821	-49.4
3.13	-9.074	-14.576	-55.4
3.14	-9.071	-14.463	-64.5
3.15	-9.068	-14.453	-70.5
3.16	-9.064	-14.505	-62.5
3.17	-9.061	-14.516	-57.1
3.18	-9.058	-14.406	-75.2
3.19	-9.054	-14.223	-96.8
3.2	-9.049	-14.044	-75.7
3.21	-9.046	-13.954	124.7
3.22	-9.045	-14.031	482.8
3.23	-9.044	-14.178	601.6
3.24	-9.043	-14.323	355.8
3.25	-9.042	-14.514	116.8
3.26	-9.041	-14.709	12.4
3.27	-9.036	-14.821	-37.3
3.28	-9.027	-14.789	-63.4
3.29	-9.018	-14.607	-72.8
3.3	-9.011	-14.361	-56.1
3.31	-9.004	-14.094	-44.7
3.32	-8.996	-13.471	-40.9
3.33	-8.988	-11.757	-46.3
3.34	-8.981	-8.151	-34.7
3.35	-8.973	-1.975	-10.7
3.36	-8.966	6.728	-13.6
3.37	-8.960	15.149	-18.6
3.38	-8.954	19.537	-0.8
3.39	-8.949	20.422	43.9
3.4	-8.945	20.453	78.8
3.41	-8.941	20.456	98.1
3.42	-8.938	20.454	116.3
3.43	-8.934	20.446	99.8
3.44	-8.931	19.976	103.2
3.45	-8.929	16.913	122.1
3.46	-8.926	9.939	85.5
3.47	-8.924	1.588	40.7
3.48	-8.923	-5.361	3.9
3.49	-8.922	-10.483	-57.8
3.5	-8.922	-13.975	-106.8
3.51	-8.922	-15.973	-107.5
3.52	-8.922	-16.887	-109.5
3.53	-8.924	-17.254	-130.9
3.54	-8.926	-17.479	-137.8
3.55	-8.926	-17.924	-139.3
3.56	-8.926	-18.871	-139.9
3.57	-8.929	-19.914	-131.3
3.58	-8.934	-20.394	-132.6
3.59	-8.936	-20.454	-139.0
3.6	-8.938	-20.456	-118.1
3.61	-8.938	-20.456	-105.1
3.62	-8.940	-20.456	-132.9
3.63	-8.942	-20.456	-141.1
3.64	-8.944	-20.456	-116.7
3.65	-8.947	-20.454	-112.3
3.66	-8.949	-20.333	-116.3
3.67	-8.953	-19.465	-100.3
3.68	-8.957	-17.504	-98.8
3.69	-8.964	-15.353	-107.1
3.7	-8.971	-13.904	-109.3
3.71	-8.980	-13.226	-115.8
3.72	-8.989	-13.225	-110.8
3.73	-8.998	-13.866	-94.1
3.74	-9.007	-14.854	-91.6
3.75	-9.015	-15.858	-107.5
3.76	-9.022	-16.852	-114.5
3.77	-9.027	-17.783	-127.0
3.78	-9.032	-18.562	-145.6
3.79	-9.036	-19.215	-133.7
3.8	-9.039	-19.712	-90.5
3.81	-9.044	-19.976	-62.3
3.82	-9.047	-20.064	-83.9
3.83	-9.049	-20.077	-110.8
3.84	-9.053	-19.993	-127.1
3.85	-9.056	-19.779	-138.0
3.86	-9.058	-19.476	-128.2
3.87	-9.061	-19.107	-121.5
3.88	-9.064	-18.669	-117.9
3.89	-9.068	-18.167	-102.0
3.9	-9.071	-17.703	-95.8
3.91	-9.074	-17.294	-96.8
3.92	-9.078	-16.821	-111.8
3.93	-9.082	-16.317	-131.1
3.94	-9.086	-15.879	-127.8
3.95	-9.091	-15.529	-124.2
3.96	-9.095	-15.248	-114.4
3.97	-9.099	-14.984	-102.1
3.98	-9.103	-14.740	-85.5
3.99	-9.107	-14.574	-65.1
4.0	-9.111	-14.536	-51.9
4.01	-9.114	-14.643	-60.0
4.02	-9.116	-14.745	-88.4
4.03	-9.117	-14.699	-96.6
4.04	-9.119	-14.634	-106.0
4.05	-9.121	-14.653	-117.4
4.06	-9.123	-14.689	-111.3
4.07	-9.124	-14.701	-106.0
4.08	-9.127	-14.647	-95.6
4.09	-9.132	-14.561	-89.1
4.1	-9.138	-14.486	-117.0
4.11	-9.141	-14.406	-136.6
4.12	-9.145	-14.344	-32.2
4.13	-9.151	-14.232	277.8
4.14	-9.160	-14.039	558.7
4.15	-9.171	-13.928	474.8
4.16	-9.181	-13.989	195.2
4.17	-9.193	-14.116	9.0
4.18	-9.199	-14.229	-60.8
4.19	-9.199	-14.323	-83.4
4.2	-9.193	-14.299	-91.8
4.21	-9.181	-14.111	-85.5
4.22	-9.169	-13.840	-96.8
4.23	-9.158	-13.389	-107.6
4.24	-9.148	-12.333	-94.8
4.25	-9.140	-9.953	-66.8
4.26	-9.134	-5.326	-57.7
4.27	-9.128	2.138	-51.6
4.28	-9.124	11.186	-37.2
4.29	-9.122	17.872	-27.8
4.3	-9.123	20.212	-16.0
4.31	-9.127	20.449	-3.7
4.32	-9.134	20.456	14.3
4.33	-9.146	20.456	30.5
4.34	-9.159	20.449	55.9
4.35	-9.176	20.268	89.2
4.36	-9.191	18.279	86.7
4.37	-9.207	12.290	54.9
4.38	-9.222	3.666	19.7
4.39	-9.236	-4.354	-32.5
4.4	-9.250	-10.494	-75.2
4.41	-9.263	-14.727	-109.7
4.42	-9.276	-17.359	-158.5
4.43	-9.288	-18.743	-178.3
4.44	-9.301	-19.168	-176.0
4.45	-9.315	-18.979	-182.6
4.46	-9.326	-18.684	-190.1
4.47	-9.337	-18.801	-176.7
4.48	-9.348	-19.476	-161.3
4.49	-9.360	-20.175	-178.8
4.5	-9.371	-20.435	-193.3
4.51	-9.379	-20.455	-178.9
4.52	-9.388	-20.456	-158.0
4.53	-9.398	-20.456	-172.5
4.54	-9.408	-20.456	-195.7
4.55	-9.418	-20.456	-177.3
4.56	-9.428	-20.455	-162.5
4.57	-9.438	-20.438	-162.4
4.58	-9.447	-20.076	-163.7
4.59	-9.457	-18.661	-163.4
4.6	-9.468	-16.385	-159.2
4.61	-9.481	-14.396	-169.2
4.62	-9.493	-13.303	-169.2
4.63	-9.506	-12.990	-158.2
4.64	-9.519	-13.201	-170.7
4.65	-9.532	-13.797	-186.5
4.66	-9.545	-14.684	-171.4
4.67	-9.558	-15.691	-150.6
4.68	-9.570	-16.700	-159.5
4.69	-9.582	-17.646	-165.7
4.7	-9.596	-18.436	-158.9
4.71	-9.607	-19.128	-158.1
4.72	-9.619	-19.707	-144.8
4.73	-9.629	-19.942	-147.1
4.74	-9.639	-19.893	-160.5
4.75	-9.650	-19.764	-148.0
4.76	-9.659	-19.524	-159.5
4.77	-9.669	-19.181	-165.8
4.78	-9.679	-18.893	-151.3
4.79	-9.687	-18.613	-142.0
4.8	-9.695	-18.211	-132.8
4.81	-9.703	-17.746	-145.5
4.82	-9.710	-17.256	-135.0
4.83	-9.716	-16.734	-116.9
4.84	-9.722	-16.254	-147.4
4.85	-9.726	-15.878	-166.8
4.86	-9.729	-15.548	-143.4
4.87	-9.732	-15.217	-129.8
4.88	-9.732	-14.973	-137.9
4.89	-9.731	-14.828	-143.0
4.9	-9.728	-14.709	-139.9
4.91	-9.723	-14.599	-116.3
4.92	-9.716	-14.493	-91.7
4.93	-9.707	-14.401	-86.5
4.94	-9.696	-14.362	-106.6
4.95	-9.682	-14.350	-128.3
4.96	-9.666	-14.302	-121.7
4.97	-9.649	-14.241	-130.2
4.98	-9.633	-14.318	-144.2
4.99	-9.617	-14.497	-148.5
5.0	-9.601	-14.563	-151.7
5.01	-9.586	-14.499	-139.3
5.02	-9.570	-14.376	-136.8
5.03	-9.553	-14.179	-158.3
5.04	-9.532	-13.973	-162.2
5.05	-9.512	-13.868	6.1
5.06	-9.498	-13.871	357.6
5.07	-9.487	-13.863	501.2
5.08	-9.475	-13.786	276.3
5.09	-9.461	-13.743	46.3
5.1	-9.447	-13.781	-36.3
5.11	-9.430	-13.872	-77.3
5.12	-9.410	-14.001	-103.6
5.13	-9.388	-14.125	-110.7
5.14	-9.366	-14.165	-101.7
5.15	-9.344	-14.032	-112.6
5.16	-9.326	-13.600	-119.4
5.17	-9.308	-12.552	-101.4
5.18	-9.290	-10.274	-77.9
5.19	-9.273	-5.908	-68.8
5.2	-9.257	1.143	-75.3
5.21	-9.241	9.988	-58.2
5.22	-9.225	17.139	-31.8
5.23	-9.210	20.061	-17.3
5.24	-9.197	20.449	-3.6
5.25	-9.184	20.455	24.3
5.26	-9.173	20.454	52.1
5.27	-9.163	20.447	74.9
5.28	-9.154	19.958	75.9
5.29	-9.146	16.694	61.3
5.3	-9.138	9.212	54.0
5.31	-9.130	0.064	24.1
5.32	-9.123	-8.000	-30.3
5.33	-9.114	-14.271	-91.2
5.34	-9.107	-18.332	-139.7
5.35	-9.100	-20.086	-169.8
5.36	-9.095	-20.441	-177.2
5.37	-9.091	-20.456	-181.0
5.38	-9.087	-20.456	-185.8
5.39	-9.080	-20.456	-170.3
5.4	-9.075	-20.456	-160.3
5.41	-9.073	-20.456	-175.8
5.42	-9.071	-20.456	-182.0
5.43	-9.069	-20.456	-170.0
5.44	-9.066	-20.456	-173.2
5.45	-9.062	-20.456	-165.1
5.46	-9.058	-20.456	-140.3
5.47	-9.055	-20.456	-140.3
5.48	-9.053	-20.455	-158.9
5.49	-9.050	-20.433	-163.7
5.5	-9.048	-20.021	-153.1
5.51	-9.047	-18.543	-146.5
5.52	-9.047	-16.264	-140.1
5.53	-9.049	-14.182	-132.5
5.54	-9.051	-12.779	-150.6
5.55	-9.054	-12.109	-163.2
5.56	-9.058	-12.105	-138.3
5.57	-9.062	-12.634	-131.4
5.58	-9.066	-13.541	-139.0
5.59	-9.069	-14.614	-137.7
5.6	-9.071	-15.664	-138.4
5.61	-9.071	-16.683	-135.3
5.62	-9.072	-17.640	-136.3
5.63	-9.072	-18.389	-138.1
5.64	-9.073	-18.878	-138.2
5.65	-9.074	-19.107	-123.5
5.66	-9.074	-19.101	-107.6
5.67	-9.074	-18.975	-108.2
5.68	-9.073	-18.804	-98.8
5.69	-9.072	-18.584	-109.2
5.7	-9.072	-18.306	-147.9
5.71	-9.074	-18.026	-147.8
5.72	-9.074	-17.801	-103.1
5.73	-9.076	-17.530	-75.7
5.74	-9.076	-17.157	-84.2
5.75	-9.076	-16.752	-93.7
5.76	-9.075	-16.282	-102.7
5.77	-9.075	-15.765	-113.4
5.78	-9.075	-15.321	-95.8
5.79	-9.076	-14.943	-81.8
5.8	-9.078	-14.616	-93.0
5.81	-9.079	-14.409	-94.2
5.82	-9.079	-14.297	-90.4
5.83	-9.079	-14.120	-94.7
5.84	-9.079	-13.901	-90.1
5.85	-9.079	-13.797	-76.1
5.86	-9.079	-13.790	-63.3
5.87	-9.081	-13.844	-43.8
5.88	-9.083	-13.956	-43.3
5.89	-9.085	-14.027	-51.0
5.9	-9.085	-14.038	-43.9
5.91	-9.084	-14.046	-62.0
5.92	-9.082	-14.057	-95.6
5.93	-9.082	-14.096	-98.3
5.94	-9.084	-14.154	-87.5
5.95	-9.086	-14.178	-80.1
5.96	-9.089	-14.156	-65.7
5.97	-9.094	-14.103	-61.9
5.98	-9.096	-13.989	-106.0
5.99	-9.095	-13.836	-119.9
6.0	-9.093	-13.748	58.8
6.01	-9.096	-13.680	415.8
6.02	-9.106	-13.543	602.8
6.03	-9.117	-13.404	411.4
6.04	-9.129	-13.381	131.2
6.05	-9.140	-13.462	6.9
6.06	-9.143	-13.551	-17.5
6.07	-9.138	-13.607	-45.9
6.08	-9.126	-13.594	-62.6
6.09	-9.111	-13.526	-56.2
6.1	-9.097	-13.411	-63.0
6.11	-9.086	-13.064	-51.6
6.12	-9.078	-12.116	-20.0
6.13	-9.074	-10.022	-14.5
6.14	-9.073	-6.014	-30.4
6.15	-9.069	0.657	-33.5
6.16	-9.065	9.424	-10.1
6.17	-9.061	16.823	29.8
6.18	-9.059	19.991	66.1
6.19	-9.058	20.448	68.2
6.2	-9.058	20.454	58.4
6.21	-9.059	20.454	91.6
6.22	-9.061	20.435	125.0
6.23	-9.063	19.764	140.7
6.24	-9.066	15.987	135.8
6.25	-9.068	8.063	111.4
6.26	-9.069	-1.113	92.4
6.27	-9.072	-9.063	41.5
6.28	-9.074	-15.218	-24.7
6.29	-9.076	-18.948	-65.0
6.3	-9.078	-20.277	-91.8
6.31	-9.081	-20.453	-111.9
6.32	-9.088	-20.456	-116.6
6.33	-9.095	-20.456	-109.7
6.34	-9.099	-20.444	-117.5
6.35	-9.100	-20.399	-113.0
6.36	-9.104	-20.379	-97.3
6.37	-9.112	-20.421	-104.4
6.38	-9.118	-20.453	-105.5
6.39	-9.123	-20.456	-94.2
6.4	-9.126	-20.456	-110.6
6.41	-9.129	-20.456	-123.4
6.42	-9.133	-20.456	-101.0
6.43	-9.138	-20.456	-76.4
6.44	-9.142	-20.442	-71.1
6.45	-9.146	-20.167	-81.5
6.46	-9.152	-19.042	-91.2
6.47	-9.159	-17.047	-85.0
6.48	-9.168	-14.948	-71.4
6.49	-9.178	-13.308	-71.8
6.5	-9.189	-12.339	-79.9
6.51	-9.200	-12.024	-86.0
6.52	-9.212	-12.228	-79.1
6.53	-9.223	-12.841	-73.1
6.54	-9.232	-13.733	-78.4
6.55	-9.241	-14.743	-75.0
6.56	-9.249	-15.694	-77.0
6.57	-9.256	-16.540	-72.6
6.58	-9.261	-17.299	-56.4
6.59	-9.266	-17.881	-62.1
6.6	-9.272	-18.235	-72.5
6.61	-9.277	-18.402	-67.7
6.62	-9.283	-18.441	-59.9
6.63	-9.289	-18.406	-52.9
6.64	-9.294	-18.286	-53.3
6.65	-9.300	-18.067	-62.7
6.66	-9.306	-17.736	-61.5
6.67	-9.311	-17.324	-54.1
6.68	-9.318	-16.898	-46.4
6.69	-9.324	-16.465	-40.8
6.7	-9.330	-16.073	-40.6
6.71	-9.337	-15.707	-43.4
6.72	-9.343	-15.330	-42.6
6.73	-9.350	-15.012	-34.8
6.74	-9.357	-14.756	-42.3
6.75	-9.364	-14.511	-47.8
6.76	-9.371	-14.283	-38.7
6.77	-9.379	-14.099	-36.7
6.78	-9.386	-13.984	-27.2
6.79	-9.393	-13.924	-32.1
6.8	-9.399	-13.861	-49.1
6.81	-9.408	-13.777	-42.5
6.82	-9.416	-13.745	-23.9
6.83	-9.423	-13.779	-1.0
6.84	-9.431	-13.818	3.3
6.85	-9.439	-13.851	8.0
6.86	-9.447	-13.898	25.0
6.87	-9.454	-13.933	-3.9
6.88	-9.462	-13.904	-45.5
6.89	-9.471	-13.814	-46.3
6.9	-9.480	-13.746	-49.4
6.91	-9.490	-13.773	-62.2
6.92	-9.500	-13.844	-43.1
6.93	-9.509	-13.828	-19.1
6.94	-9.519	-13.718	-36.7
6.95	-9.527	-13.607	-48.9
6.96	-9.535	-13.490	102.7
6.97	-9.546	-13.331	449.1
6.98	-9.558	-13.150	617.1
6.99	-9.571	-13.018	407.4
7.0	-9.583	-12.995	155.9
7.01	-9.596	-13.084	58.1
7.02	-9.606	-13.211	25.1
7.03	-9.612	-13.258	8.7
7.04	-9.616	-13.199	-16.8
7.05	-9.617	-13.101	-37.8
7.06	-9.621	-12.999	-24.3
7.07	-9.626	-12.763	-2.6
7.08	-9.632	-12.051	-3.3
7.09	-9.639	-10.311	-3.1
7.1	-9.646	-6.906	10.5
7.11	-9.652	-1.220	32.3
7.12	-9.658	6.853	49.2
7.13	-9.664	14.934	46.8
7.14	-9.671	19.405	62.7
7.15	-9.679	20.412	94.8
7.16	-9.687	20.454	114.2
7.17	-9.696	20.454	146.7
7.18	-9.705	20.422	170.0
7.19	-9.714	19.553	158.6
7.2	-9.724	15.349	140.3
7.21	-9.734	7.142	122.7
7.22	-9.744	-2.090	113.2
7.23	-9.754	-10.021	84.8
7.24	-9.763	-16.021	36.5
7.25	-9.772	-19.383	-12.0
7.26	-9.780	-20.371	-66.1
7.27	-9.788	-20.454	-87.2
7.28	-9.797	-20.456	-81.9
7.29	-9.806	-20.456	-88.5
7.3	-9.813	-20.438	-99.2
7.31	-9.821	-20.308	-80.3
7.32	-9.829	-20.118	-58.7
7.33	-9.838	-20.156	-66.8
7.34	-9.846	-20.358	-90.8
7.35	-9.851	-20.449	-110.6
7.36	-9.857	-20.456	-91.0
7.37	-9.862	-20.456	-48.8
7.38	-9.867	-20.456	-36.8
7.39	-9.874	-20.454	-45.2
7.4	-9.881	-20.333	-45.5
7.41	-9.888	-19.546	-62.3
7.42	-9.896	-17.784	-76.0
7.43	-9.904	-15.682	-57.3
7.44	-9.912	-13.886	-53.9
7.45	-9.922	-12.569	-59.5
7.46	-9.931	-11.810	-44.2
7.47	-9.940	-11.579	-35.1
7.48	-9.947	-11.770	-34.5
7.49	-9.955	-12.331	-27.5
7.5	-9.963	-13.151	-32.5
7.51	-9.969	-13.959	-44.6
7.52	-9.976	-14.704	-40.8
7.53	-9.982	-15.534	-26.8
7.54	-9.989	-16.344	-23.3
7.55	-9.996	-16.949	-32.2
7.56	-10.003	-17.351	-34.2
7.57	-10.009	-17.574	-24.7
7.58	-10.017	-17.616	-21.4
7.59	-10.025	-17.541	-9.5
7.6	-10.034	-17.437	-6.6
7.61	-10.043	-17.275	-34.0
7.62	-10.051	-17.018	-37.1
7.63	-10.059	-16.704	-22.8
7.64	-10.068	-16.358	-0.2
7.65	-10.076	-16.007	19.5
7.66	-10.083	-15.709	0.0
7.67	-10.091	-15.450	-19.4
7.68	-10.100	-15.146	-24.4
7.69	-10.109	-14.804	-12.4
7.7	-10.118	-14.499	6.3
7.71	-10.128	-14.224	9.3
7.72	-10.137	-13.958	15.8
7.73	-10.146	-13.767	18.2
7.74	-10.154	-13.656	21.9
7.75	-10.163	-13.546	25.1
7.76	-10.172	-13.480	31.6
7.77	-10.180	-13.499	35.8
7.78	-10.189	-13.516	16.6
7.79	-10.199	-13.492	3.6
7.8	-10.208	-13.511	3.2
7.81	-10.216	-13.569	16.0
7.82	-10.224	-13.601	8.1
7.83	-10.233	-13.611	-11.8
7.84	-10.242	-13.605	-12.2
7.85	-10.249	-13.561	-21.3
7.86	-10.257	-13.498	-8.9
7.87	-10.264	-13.416	153.1
7.88	-10.271	-13.324	471.6
7.89	-10.278	-13.265	566.2
7.9	-10.282	-13.153	335.3
7.91	-10.286	-12.977	146.1
7.92	-10.289	-12.957	78.9
7.93	-10.291	-13.103	46.3
7.94	-10.289	-13.206	29.4
7.95	-10.284	-13.239	12.0
7.96	-10.280	-13.265	12.9
7.97	-10.279	-13.218	31.5
7.98	-10.282	-13.011	33.2
7.99	-10.286	-12.501	30.3
8.0	-10.288	-11.274	53.7
8.01	-10.289	-8.725	87.5
8.02	-10.288	-4.325	93.5
8.03	-10.287	2.322	92.6
8.04	-10.286	10.554	104.1
8.05	-10.284	17.261	112.6
8.06	-10.282	20.056	140.4
8.07	-10.278	20.449	177.7
8.08	-10.271	20.453	195.3
8.09	-10.263	20.419	205.7
8.1	-10.251	19.531	223.2
8.11	-10.236	15.414	225.9
8.12	-10.217	7.454	202.7
8.13	-10.196	-1.556	165.5
8.14	-10.174	-9.376	93.4
8.15	-10.148	-15.386	20.1
8.16	-10.122	-19.006	4.5
8.17	-10.096	-20.289	-21.0
8.18	-10.074	-20.454	-56.5
8.19	-10.054	-20.456	-56.7
8.2	-10.031	-20.456	-44.4
8.21	-10.004	-20.456	-36.1
8.22	-9.974	-20.456	-40.2
8.23	-9.946	-20.456	-43.1
8.24	-9.919	-20.456	-52.4
8.25	-9.892	-20.456	-49.9
8.26	-9.866	-20.456	-30.9
8.27	-9.839	-20.456	-22.9
8.28	-9.814	-20.456	-29.0
8.29	-9.788	-20.452	-19.4
8.3	-9.763	-20.295	-5.5
8.31	-9.738	-19.393	-19.6
8.32	-9.713	-17.508	-32.2
8.33	-9.691	-15.312	-34.6
8.34	-9.671	-13.358	-32.1
8.35	-9.651	-11.811	-13.5
8.36	-9.633	-10.837	-5.0
8.37	-9.615	-10.466	-4.3
8.38	-9.597	-10.571	-3.8
8.39	-9.578	-11.000	-14.5
8.4	-9.558	-11.741	-13.4
8.41	-9.539	-12.764	-4.1
8.42	-9.520	-13.836	-13.3
8.43	-9.501	-14.765	-24.1
8.44	-9.483	-15.556	-21.1
8.45	-9.465	-16.247	-8.4
8.46	-9.447	-16.823	11.0
8.47	-9.431	-17.219	4.3
8.48	-9.414	-17.393	-15.4
8.49	-9.398	-17.407	3.3
8.5	-9.383	-17.275	2.6
8.51	-9.368	-16.993	-15.8
8.52	-9.354	-16.706	5.8
8.53	-9.339	-16.495	16.3
8.54	-9.325	-16.317	-1.0
8.55	-9.311	-16.119	-15.5
8.56	-9.297	-15.831	4.9
8.57	-9.283	-15.445	35.0
8.58	-9.269	-15.071	49.1
8.59	-9.256	-14.750	51.8
8.6	-9.242	-14.431	37.1
8.61	-9.229	-14.158	26.2
8.62	-9.216	-13.962	10.5
8.63	-9.203	-13.777	-1.4
8.64	-9.191	-13.600	-6.2
8.65	-9.179	-13.482	-4.9
8.66	-9.168	-13.375	0.7
8.67	-9.157	-13.247	-11.4
8.68	-9.146	-13.154	-12.0
8.69	-9.134	-13.121	8.8
8.7	-9.121	-13.152	156.3
8.71	-9.109	-13.159	472.0
8.72	-9.098	-13.074	603.2
8.73	-9.087	-13.006	401.5
8.74	-9.076	-12.972	185.4
8.75	-9.066	-12.960	93.1
8.76	-9.054	-13.078	40.9
8.77	-9.041	-13.303	28.3
8.78	-9.027	-13.440	40.6
8.79	-9.012	-13.416	28.0
8.8	-8.998	-13.369	13.2
8.81	-8.983	-13.259	16.7
8.82	-8.970	-12.711	30.7
8.83	-8.958	-11.272	44.2
8.84	-8.946	-8.422	60.8
8.85	-8.934	-3.588	71.0
8.86	-8.922	3.531	78.7
8.87	-8.912	11.810	110.5
8.88	-8.902	17.950	128.7
8.89	-8.894	20.196	140.6
8.9	-8.885	20.451	160.9
8.91	-8.877	20.454	181.3
8.92	-8.871	20.419	189.8
8.93	-8.864	19.529	194.2
8.94	-8.857	15.409	197.1
8.95	-8.853	7.496	179.9
8.96	-8.848	-1.471	157.6
8.97	-8.843	-9.349	103.5
8.98	-8.839	-15.453	49.4
8.99	-8.834	-19.081	3.3
9.0	-8.830	-20.311	-46.5
9.01	-8.828	-20.454	-57.4
9.02	-8.829	-20.456	-56.3
9.03	-8.828	-20.456	-57.5
9.04	-8.826	-20.448	-68.2
9.05	-8.823	-20.376	-56.7
9.06	-8.823	-20.278	-28.7
9.07	-8.824	-20.313	-31.6
9.08	-8.824	-20.419	-47.1
9.09	-8.822	-20.454	-67.2
9.1	-8.822	-20.456	-70.9
9.11	-8.821	-20.456	-47.4
9.12	-8.821	-20.455	-15.3
9.13	-8.820	-20.432	-13.3
9.14	-8.819	-20.081	-36.9
9.15	-8.817	-18.882	-24.3
9.16	-8.816	-17.003	-14.1
9.17	-8.816	-15.127	-24.1
9.18	-8.818	-13.564	-26.2
9.19	-8.820	-12.319	-37.0
9.2	-8.823	-11.470	-37.3
9.21	-8.826	-11.180	-22.3
9.22	-8.829	-11.457	-8.4
9.23	-8.832	-12.151	-11.3
9.24	-8.832	-13.014	-14.8
9.25	-8.832	-13.886	-17.8
9.26	-8.831	-14.776	-35.3
9.27	-8.829	-15.640	-36.2
9.28	-8.829	-16.315	-25.3
9.29	-8.828	-16.716	-12.2
9.3	-8.828	-16.956	-0.2
9.31	-8.829	-17.135	-4.6
9.32	-8.829	-17.214	-9.9
9.33	-8.831	-17.165	0.2
9.34	-8.831	-17.056	-20.1
9.35	-8.832	-16.903	-41.7
9.36	-8.832	-16.649	-16.1
9.37	-8.833	-16.356	-6.9
9.38	-8.834	-16.091	-7.8
9.39	-8.835	-15.803	25.8
9.4	-8.837	-15.441	58.5
9.41	-8.839	-15.094	44.8
9.42	-8.840	-14.796	22.2
9.43	-8.840	-14.460	20.1
9.44	-8.841	-14.119	-0.3
9.45	-8.841	-13.889	-21.3
9.46	-8.842	-13.723	-16.8
9.47	-8.845	-13.536	-0.8
9.48	-8.848	-13.390	16.1
9.49	-8.851	-13.287	15.3
9.5	-8.854	-13.210	-9.3
9.51	-8.855	-13.189	-50.7
9.52	-8.854	-13.164	-36.1
9.53	-8.853	-13.115	164.7
9.54	-8.856	-13.041	503.3
9.55	-8.861	-12.964	643.8
9.56	-8.867	-12.961	437.1
9.57	-8.873	-13.011	191.8
9.58	-8.876	-13.123	89.3
9.59	-8.873	-13.332	39.2
9.6	-8.866	-13.496	3.8
9.61	-8.859	-13.519	-0.3
9.62	-8.856	-13.464	11.5
9.63	-8.853	-13.308	9.2
9.64	-8.849	-12.865	7.8
9.65	-8.846	-11.849	23.2
9.66	-8.842	-9.754	46.9
9.67	-8.840	-5.791	61.3
9.68	-8.838	0.642	53.1
9.69	-8.835	9.039	55.1
9.7	-8.832	16.426	75.7
9.71	-8.831	19.858	101.0
9.72	-8.830	20.439	138.0
9.73	-8.830	20.454	161.5
9.74	-8.830	20.451	171.6
9.75	-8.830	20.344	179.8
9.76	-8.830	18.798	179.3
9.77	-8.830	13.483	185.1
9.78	-8.831	5.062	182.0
9.79	-8.832	-3.369	146.3
9.8	-8.834	-10.304	75.9
9.81	-8.836	-15.515	14.5
9.82	-8.838	-18.799	-12.3
9.83	-8.839	-20.179	-28.4
9.84	-8.841	-20.446	-48.8
9.85	-8.846	-20.455	-68.8
9.86	-8.850	-20.427	-65.3
9.87	-8.851	-20.235	-57.0
9.88	-8.852	-19.853	-61.5
9.89	-8.856	-19.653	-48.5
9.9	-8.863	-19.922	-40.3
9.91	-8.868	-20.307	-54.4
9.92	-8.872	-20.448	-47.8
9.93	-8.876	-20.456	-41.0
9.94	-8.879	-20.456	-39.1
9.95	-8.883	-20.456	-39.8
9.96	-8.887	-20.455	-46.6
9.97	-8.891	-20.383	-19.5
9.98	-8.894	-19.773	-9.4
9.99	-8.897	-18.154	-36.1
10.0	-8.901	-16.045	-46.7
10.01	-8.908	-14.261	-25.5
10.02	-8.916	-13.017	-4.8
10.03	-8.924	-12.273	-22.7
10.04	-8.934	-12.024	-28.7
10.05	-8.943	-12.251	-16.3
10.06	-8.953	-12.797	-24.8
10.07	-8.961	-13.465	-31.4
10.08	-8.969	-14.139	-20.2
10.09	-8.975	-14.883	-11.4
10.1	-8.981	-15.733	1.6
10.11	-8.986	-16.527	3.5
10.12	-8.991	-17.131	-23.8
10.13	-8.998	-17.503	-24.0
10.14	-9.004	-17.691	-11.8
10.15	-9.011	-17.732	-1.0
10.16	-9.017	-17.608	12.3
10.17	-9.023	-17.378	-5.8
10.18	-9.027	-17.169	-15.8
10.19	-9.033	-16.990	7.7
10.2	-9.038	-16.743	15.0
10.21	-9.045	-16.462	5.1
10.22	-9.052	-16.205	14.6
10.23	-9.059	-15.876	36.2
10.24	-9.064	-15.446	49.0
10.25	-9.068	-15.024	34.3
10.26	-9.071	-14.657	9.5
10.27	-9.075	-14.278	9.6
10.28	-9.081	-13.944	9.7
10.29	-9.088	-13.783	-1.7
10.3	-9.098	-13.756	-11.2
10.31	-9.108	-13.766	-25.8
10.32	-9.119	-13.738	-24.8
10.33	-9.129	-13.613	-13.7
10.34	-9.138	-13.434	-9.3
10.35	-9.146	-13.277	125.4
10.36	-9.156	-13.191	454.6
10.37	-9.170	-13.169	653.1
10.38	-9.186	-13.186	495.9
10.39	-9.201	-13.249	239.2
10.4	-9.216	-13.416	101.9
10.41	-9.229	-13.728	44.2
10.42	-9.237	-13.966	8.0
10.43	-9.240	-13.921	-12.6
10.44	-9.239	-13.700	-1.2
10.45	-9.238	-13.423	23.6
10.46	-9.239	-13.018	35.0
10.47	-9.242	-12.161	38.4
10.48	-9.246	-10.165	35.6
10.49	-9.252	-6.180	45.1
10.5	-9.259	0.355	50.7
10.51	-9.265	8.940	55.0
10.52	-9.272	16.464	85.4
10.53	-9.280	19.889	115.1
10.54	-9.289	20.442	129.1
10.55	-9.300	20.454	154.9
10.56	-9.311	20.454	187.9
10.57	-9.322	20.414	191.0
10.58	-9.334	19.483	178.2
10.59	-9.346	15.342	182.3
10.6	-9.359	7.676	186.7
10.61	-9.372	-0.661	143.3
10.62	-9.386	-7.697	71.1
10.63	-9.400	-13.094	24.6
10.64	-9.414	-16.869	2.2
10.65	-9.428	-19.153	-18.1
10.66	-9.443	-20.160	-46.7
10.67	-9.458	-20.300	-69.9
10.68	-9.474	-19.911	-72.2
10.69	-9.489	-19.219	-71.5
10.7	-9.504	-18.627	-68.7
10.71	-9.518	-18.668	-57.9
10.72	-9.533	-19.428	-53.9
10.73	-9.545	-20.184	-45.8
10.74	-9.558	-20.439	-42.9
10.75	-9.571	-20.456	-50.5
10.76	-9.584	-20.456	-46.7
10.77	-9.598	-20.456	-46.2
10.78	-9.611	-20.455	-49.6
10.79	-9.625	-20.426	-45.7
10.8	-9.640	-19.976	-43.8
10.81	-9.655	-18.484	-39.8
10.82	-9.670	-16.312	-32.0
10.83	-9.685	-14.367	-22.4
10.84	-9.701	-12.968	-21.2
10.85	-9.717	-12.195	-46.3
10.86	-9.734	-12.031	-58.4
10.87	-9.749	-12.309	-36.9
10.88	-9.764	-12.885	-27.2
10.89	-9.779	-13.623	-41.7
10.9	-9.794	-14.419	-45.5
10.91	-9.808	-15.276	-24.1
10.92	-9.821	-16.160	-12.8
10.93	-9.835	-16.874	-29.2
10.94	-9.848	-17.346	-40.4
10.95	-9.862	-17.650	-28.6
10.96	-9.875	-17.796	-11.9
10.97	-9.888	-17.790	-1.9
10.98	-9.901	-17.692	-12.1
10.99	-9.914	-17.570	-24.8
11.0	-9.926	-17.436	-32.3
11.01	-9.939	-17.254	-37.9
11.02	-9.952	-17.004	-10.8
11.03	-9.963	-16.671	17.2
11.04	-9.974	-16.256	26.8
11.05	-9.986	-15.861	36.9
11.06	-9.998	-15.578	31.9
11.07	-10.010	-15.329	13.9
11.08	-10.022	-14.993	-4.0
11.09	-10.034	-14.602	-16.1
11.1	-10.046	-14.315	-17.8
11.11	-10.058	-14.114	-8.8
11.12	-10.069	-13.884	-8.1
11.13	-10.083	-13.686	-21.4
11.14	-10.096	-13.573	-30.5
11.15	-10.109	-13.487	-31.9
11.16	-10.122	-13.423	-14.5
11.17	-10.134	-13.415	142.0
11.18	-10.147	-13.447	453.0
11.19	-10.159	-13.501	588.5
11.2	-10.172	-13.534	387.8
11.21	-10.185	-13.570	155.2
11.22	-10.198	-13.725	74.9
11.23	-10.207	-13.964	39.1
11.24	-10.214	-14.117	28.0
11.25	-10.217	-14.096	28.4
11.26	-10.220	-13.966	0.7
11.27	-10.224	-13.817	6.0
11.28	-10.231	-13.527	22.3
11.29	-10.239	-12.696	20.3
11.3	-10.248	-10.693	17.9
11.31	-10.256	-6.718	35.8
11.32	-10.264	-0.242	74.2
11.33	-10.271	8.217	86.4
11.34	-10.278	15.885	91.7
11.35	-10.285	19.693	106.7
11.36	-10.291	20.429	121.7
11.37	-10.298	20.454	144.2
11.38	-10.307	20.454	172.5
11.39	-10.316	20.448	196.0
11.4	-10.326	20.020	194.0
11.41	-10.335	17.132	190.3
11.42	-10.344	10.432	177.5
11.43	-10.353	2.161	127.1
11.44	-10.360	-5.202	72.3
11.45	-10.367	-10.972	23.2
11.46	-10.374	-14.921	-22.1
11.47	-10.379	-17.229	-66.3
11.48	-10.385	-18.329	-81.3
11.49	-10.391	-18.541	-67.2
11.5	-10.394	-18.231	-58.3
11.51	-10.394	-17.843	-56.1
11.52	-10.391	-17.851	-73.8
11.53	-10.388	-18.654	-87.8
11.54	-10.383	-19.779	-72.0
11.55	-10.374	-20.364	-63.7
11.56	-10.361	-20.454	-73.1
11.57	-10.346	-20.456	-65.3
11.58	-10.329	-20.456	-50.3
11.59	-10.312	-20.456	-42.4
11.6	-10.293	-20.454	-45.1
11.61	-10.273	-20.361	-58.3
11.62	-10.250	-19.589	-52.9
11.63	-10.228	-17.632	-36.7
11.64	-10.205	-15.164	-44.1
11.65	-10.184	-13.111	-46.9
11.66	-10.162	-11.759	-41.8
11.67	-10.138	-11.123	-39.3
11.68	-10.111	-11.203	-33.9
11.69	-10.084	-11.899	-31.3
11.7	-10.056	-12.902	-32.4
11.71	-10.029	-14.026	-54.3
11.72	-10.001	-15.227	-54.9
11.73	-9.974	-16.330	-42.6
11.74	-9.947	-17.188	-36.0
11.75	-9.921	-17.767	-29.7
11.76	-9.894	-18.093	-30.4
11.77	-9.869	-18.306	-22.5
11.78	-9.844	-18.473	-23.8
11.79	-9.820	-18.469	-32.3
11.8	-9.797	-18.261	-44.8
11.81	-9.774	-17.964	-33.1
11.82	-9.753	-17.669	-5.4
11.83	-9.732	-17.393	-7.6
11.84	-9.713	-17.146	3.2
11.85	-9.691	-16.901	17.8
11.86	-9.671	-16.614	-9.4
11.87	-9.651	-16.319	-38.4
11.88	-9.631	-16.048	-38.9
11.89	-9.612	-15.754	-36.3
11.9	-9.594	-15.416	-53.3
11.91	-9.575	-15.081	-45.8
11.92	-9.557	-14.737	-29.9
11.93	-9.539	-14.365	-39.8
11.94	-9.521	-14.043	-50.3
11.95	-9.501	-13.837	-6.0
11.96	-9.481	-13.751	224.4
11.97	-9.464	-13.736	524.6
11.98	-9.448	-13.798	510.6
11.99	-9.432	-13.991	235.7
12.0	-9.414	-14.228	59.4
12.01	-9.396	-14.429	23.3
12.02	-9.377	-14.573	11.0
12.03	-9.356	-14.559	-0.9
12.04	-9.334	-14.405	-10.3
12.05	-9.311	-14.311	-15.6
12.06	-9.290	-14.249	-6.8
12.07	-9.270	-13.860	-7.3
12.08	-9.250	-12.759	-16.3
12.09	-9.231	-10.380	3.7
12.1	-9.212	-5.870	25.6
12.11	-9.194	1.201	29.5
12.12	-9.176	9.945	55.0
12.13	-9.159	17.082	103.9
12.14	-9.143	20.047	122.8
12.15	-9.127	20.448	118.7
12.16	-9.112	20.455	143.1
12.17	-9.098	20.454	162.2
12.18	-9.085	20.436	169.9
12.19	-9.072	19.824	184.6
12.2	-9.059	16.438	173.3
12.21	-9.047	9.391	132.4
12.22	-9.035	1.256	67.3
12.23	-9.024	-5.678	4.7
12.24	-9.015	-10.914	-33.5
12.25	-9.005	-14.528	-59.4
12.26	-8.996	-16.837	-75.2
12.27	-8.987	-18.078	-88.2
12.28	-8.980	-18.491	-104.7
12.29	-8.973	-18.478	-112.2
12.3	-8.966	-18.561	-102.6
12.31	-8.958	-19.153	-100.7
12.32	-8.950	-19.963	-98.4
12.33	-8.943	-20.388	-85.8
12.34	-8.935	-20.455	-90.2
12.35	-8.928	-20.456	-95.9
12.36	-8.920	-20.456	-95.2
12.37	-8.913	-20.456	-80.1
12.38	-8.907	-20.456	-73.9
12.39	-8.901	-20.454	-95.2
12.4	-8.896	-20.339	-93.0
12.41	-8.891	-19.501	-78.4
12.42	-8.886	-17.505	-68.3
12.43	-8.883	-15.159	-68.2
12.44	-8.880	-13.452	-76.7
12.45	-8.877	-12.566	-56.2
12.46	-8.876	-12.358	-45.8
12.47	-8.874	-12.636	-63.9
12.48	-8.872	-13.290	-70.3
12.49	-8.870	-14.241	-75.3
12.5	-8.868	-15.337	-75.9
12.51	-8.867	-16.448	-64.5
12.52	-8.866	-17.441	-58.7
12.53	-8.864	-18.245	-63.5
12.54	-8.863	-18.846	-69.2
12.55	-8.861	-19.182	-55.6
12.56	-8.859	-19.298	-38.2
12.57	-8.857	-19.276	-39.3
12.58	-8.856	-19.065	-59.2
12.59	-8.855	-18.715	-70.2
12.6	-8.853	-18.415	-52.4
12.61	-8.851	-18.184	-51.0
12.62	-8.851	-17.914	-72.8
12.63	-8.849	-17.606	-67.2
12.64	-8.849	-17.320	-55.8
12.65	-8.848	-16.962	-51.1
12.66	-8.847	-16.423	-33.7
12.67	-8.846	-15.814	-35.7
12.68	-8.844	-15.319	-50.2
12.69	-8.844	-14.984	-52.4
12.7	-8.843	-14.758	-51.3
12.71	-8.842	-14.631	-60.7
12.72	-8.841	-14.548	-58.5
12.73	-8.841	-14.396	-23.7
12.74	-8.841	-14.186	-4.7
12.75	-8.841	-14.103	-9.3
12.76	-8.840	-14.192	0.1
12.77	-8.839	-14.275	-9.6
12.78	-8.839	-14.331	-49.3
12.79	-8.838	-14.404	-62.9
12.8	-8.838	-14.405	-58.2
12.81	-8.837	-14.320	-53.8
12.82	-8.836	-14.299	-39.2
12.83	-8.836	-14.341	-38.0
12.84	-8.836	-14.309	-52.3
12.85	-8.836	-14.268	-63.0
12.86	-8.833	-14.261	-76.1
12.87	-8.830	-14.155	-2.5
12.88	-8.829	-13.981	293.8
12.89	-8.830	-13.854	604.7
12.9	-8.831	-13.762	550.0
12.91	-8.833	-13.754	263.9
12.92	-8.834	-13.870	83.7
12.93	-8.832	-14.015	-3.0
12.94	-8.828	-14.114	-33.1
12.95	-8.821	-14.116	-25.6
12.96	-8.817	-13.944	-37.3
12.97	-8.813	-13.611	-46.5
12.98	-8.808	-13.089	-50.4
12.99	-8.804	-11.952	-45.2
13.0	-8.800	-9.424	-27.8
13.01	-8.796	-4.591	-16.8
13.02	-8.793	3.104	-6.1
13.03	-8.791	12.108	7.0
13.04	-8.789	18.339	24.8
13.05	-8.786	20.294	50.6
13.06	-8.785	20.448	61.3
13.07	-8.784	20.456	71.7
13.08	-8.784	20.456	104.4
13.09	-8.784	20.449	129.2
13.1	-8.784	20.265	123.8
13.11	-8.785	18.297	111.4
13.12	-8.785	12.536	117.6
13.13	-8.785	4.503	104.1
13.14	-8.786	-2.857	51.6
13.15	-8.786	-8.594	14.6
13.16	-8.786	-12.638	-19.1
13.17	-8.787	-15.153	-75.5
13.18	-8.787	-16.467	-119.0
13.19	-8.789	-16.888	-140.4
13.2	-8.793	-16.686	-131.0
13.21	-8.796	-16.206	-92.3
13.22	-8.798	-15.951	-88.3
13.23	-8.801	-16.464	-102.0
13.24	-8.804	-17.979	-95.8
13.25	-8.809	-19.627	-103.1
13.26	-8.811	-20.361	-108.4
13.27	-8.813	-20.454	-107.0
13.28	-8.813	-20.456	-99.8
13.29	-8.813	-20.456	-93.8
13.3	-8.814	-20.456	-100.8
13.31	-8.816	-20.456	-83.6
13.32	-8.818	-20.454	-72.4
13.33	-8.820	-20.368	-90.7
13.34	-8.823	-19.642	-98.4
13.35	-8.828	-17.888	-96.7
13.36	-8.835	-15.916	-88.2
13.37	-8.844	-14.511	-81.3
13.38	-8.854	-13.740	-85.1
13.39	-8.864	-13.589	-87.8
13.4	-8.873	-13.963	-99.2
13.41	-8.883	-14.702	-106.4
13.42	-8.891	-15.639	-89.3
13.43	-8.898	-16.602	-66.4
13.44	-8.903	-17.521	-78.8
13.45	-8.909	-18.333	-97.7
13.46	-8.916	-18.879	-83.7
13.47	-8.922	-19.196	-66.0
13.48	-8.928	-19.422	-69.4
13.49	-8.934	-19.468	-75.3
13.5	-8.938	-19.343	-91.8
13.51	-8.941	-19.196	-94.8
13.52	-8.944	-18.999	-79.0
13.53	-8.947	-18.768	-71.0
13.54	-8.951	-18.535	-54.3
13.55	-8.954	-18.233	-61.5
13.56	-8.957	-17.826	-77.7
13.57	-8.961	-17.387	-76.6
13.58	-8.964	-16.947	-55.3
13.59	-8.967	-16.494	-48.6
13.6	-8.971	-16.108	-68.4
13.61	-8.974	-15.790	-73.4
13.62	-8.978	-15.451	-77.8
13.63	-8.983	-15.083	-82.4
13.64	-8.988	-14.746	-69.8
13.65	-8.994	-14.483	-47.2
13.66	-8.999	-14.330	-39.1
13.67	-9.003	-14.336	-46.8
13.68	-9.008	-14.374	-52.5
13.69	-9.014	-14.373	-54.3
13.7	-9.020	-14.419	-49.2
13.71	-9.027	-14.468	-31.8
13.72	-9.034	-14.497	-17.3
13.73	-9.041	-14.561	-14.5
13.74	-9.047	-14.636	-45.7
13.75	-9.054	-14.663	-85.4
13.76	-9.061	-14.664	-73.7
13.77	-9.068	-14.663	-52.6
13.78	-9.076	-14.646	-62.4
13.79	-9.085	-14.610	-60.9
13.8	-9.096	-14.456	-44.1
13.81	-9.108	-14.221	-56.9
13.82	-9.118	-14.086	-92.4
13.83	-9.129	-14.008	-4.1
13.84	-9.141	-13.904	313.7
13.85	-9.156	-13.819	592.9
13.86	-9.174	-13.797	523.5
13.87	-9.191	-13.833	255.3
13.88	-9.209	-13.874	72.1
13.89	-9.224	-13.908	-11.4
13.9	-9.235	-13.947	-40.0
13.91	-9.242	-13.931	-37.9
13.92	-9.249	-13.803	-52.7
13.93	-9.256	-13.600	-56.3
13.94	-9.264	-13.268	-39.8
13.95	-9.274	-12.351	-26.8
13.96	-9.284	-10.066	-29.2
13.97	-9.294	-5.620	-35.9
13.98	-9.304	1.533	-18.4
13.99	-9.313	10.463	9.8
14.0	-9.323	17.455	25.9
14.01	-9.333	20.130	34.8
14.02	-9.344	20.449	46.3
14.03	-9.356	20.455	71.2
14.04	-9.367	20.456	113.7
14.05	-9.381	20.449	133.4
14.06	-9.394	20.304	126.2
14.07	-9.408	18.514	128.5
14.08	-9.421	12.851	120.6
14.09	-9.436	4.510	95.1
14.1	-9.449	-3.301	58.4
14.11	-9.464	-9.324	-1.1
14.12	-9.478	-13.581	-48.5
14.13	-9.494	-16.277	-76.9
14.14	-9.509	-17.586	-105.3
14.15	-9.524	-17.789	-107.8
14.16	-9.540	-17.425	-107.4
14.17	-9.556	-16.901	-117.8
14.18	-9.571	-16.521	-112.8
14.19	-9.587	-16.851	-107.4
14.2	-9.602	-18.170	-114.0
14.21	-9.616	-19.663	-121.2
14.22	-9.629	-20.358	-115.5
14.23	-9.642	-20.454	-103.2
14.24	-9.654	-20.456	-84.9
14.25	-9.666	-20.456	-74.4
14.26	-9.678	-20.456	-91.5
14.27	-9.691	-20.456	-99.5
14.28	-9.704	-20.454	-97.7
14.29	-9.717	-20.346	-107.1
14.3	-9.729	-19.589	-95.5
14.31	-9.742	-17.841	-85.5
14.32	-9.755	-15.783	-85.9
14.33	-9.768	-14.211	-70.8
14.34	-9.781	-13.377	-71.1
14.35	-9.794	-13.256	-78.4
14.36	-9.808	-13.632	-87.0
14.37	-9.819	-14.249	-95.3
14.38	-9.831	-15.006	-90.3
14.39	-9.844	-15.864	-73.3
14.4	-9.856	-16.716	-66.5
14.41	-9.868	-17.474	-72.4
14.42	-9.881	-18.161	-68.5
14.43	-9.893	-18.769	-72.0
14.44	-9.906	-19.156	-67.5
14.45	-9.918	-19.257	-55.6
14.46	-9.930	-19.153	-62.7
14.47	-9.941	-18.890	-65.6
14.48	-9.953	-18.586	-64.3
14.49	-9.963	-18.431	-66.6
14.5	-9.974	-18.338	-63.3
14.51	-9.986	-18.086	-75.3
14.52	-9.998	-17.736	-73.2
14.53	-10.009	-17.396	-37.8
14.54	-10.019	-16.970	-26.0
14.55	-10.030	-16.476	-42.6
14.56	-10.041	-16.024	-55.8
14.57	-10.050	-15.648	-66.1
14.58	-10.059	-15.340	-64.6
14.59	-10.069	-15.058	-30.6
14.6	-10.079	-14.802	-27.7
14.61	-10.090	-14.577	-56.3
14.62	-10.100	-14.329	-46.7
14.63	-10.110	-14.134	-39.4
14.64	-10.121	-14.118	-29.5
14.65	-10.131	-14.206	12.9
14.66	-10.139	-14.271	13.8
14.67	-10.148	-14.314	-22.6
14.68	-10.156	-14.356	-30.6
14.69	-10.163	-14.394	-26.7
14.7	-10.172	-14.416	-28.8
14.71	-10.181	-14.411	-41.9
14.72	-10.189	-14.387	-52.1
14.73	-10.198	-14.363	-49.0
14.74	-10.206	-14.329	-59.8
14.75	-10.212	-14.266	-62.4
14.76	-10.216	-14.196	-50.4
14.77	-10.221	-14.139	25.7
14.78	-10.225	-14.031	301.9
14.79	-10.231	-13.846	570.0
14.8	-10.236	-13.661	467.2
14.81	-10.239	-13.576	182.0
14.82	-10.243	-13.656	37.7
14.83	-10.243	-13.847	-0.0
14.84	-10.240	-13.968	-10.7
14.85	-10.233	-13.906	-18.8
14.86	-10.221	-13.833	-22.1
14.87	-10.211	-13.837	3.4
14.88	-10.204	-13.703	6.1
14.89	-10.201	-13.188	-19.8
14.9	-10.199	-11.858	-19.6
14.91	-10.196	-8.989	-0.1
14.92	-10.189	-3.847	21.4
14.93	-10.179	3.833	37.3
14.94	-10.167	12.469	44.9
14.95	-10.153	18.384	62.3
14.96	-10.138	20.283	100.4
14.97	-10.121	20.449	132.3
14.98	-10.104	20.456	137.5
14.99	-10.087	20.453	136.3
15.0	-10.068	20.394	143.6
15.01	-10.047	19.188	153.9
15.02	-10.026	14.391	159.5
15.03	-10.002	6.111	129.0
15.04	-9.978	-2.529	77.6
15.05	-9.953	-9.649	35.3
15.06	-9.928	-14.961	-27.0
15.07	-9.902	-18.363	-79.9
15.08	-9.876	-19.966	-89.4
15.09	-9.853	-20.376	-88.7
15.1	-9.832	-20.150	-99.5
15.11	-9.811	-19.536	-111.8
15.12	-9.787	-18.993	-112.5
15.13	-9.763	-18.993	-106.1
15.14	-9.740	-19.573	-94.3
15.15	-9.717	-20.201	-95.0
15.16	-9.696	-20.437	-102.6
15.17	-9.674	-20.455	-102.6
15.18	-9.652	-20.456	-107.9
15.19	-9.631	-20.456	-102.9
15.2	-9.610	-20.456	-92.0
15.21	-9.589	-20.454	-89.0
15.22	-9.569	-20.326	-83.6
15.23	-9.549	-19.460	-69.3
15.24	-9.531	-17.486	-70.6
15.25	-9.515	-15.176	-84.4
15.26	-9.500	-13.393	-87.5
15.27	-9.486	-12.353	-92.1
15.28	-9.473	-12.011	-79.7
15.29	-9.459	-12.245	-74.4
15.3	-9.444	-12.919	-82.0
15.31	-9.429	-13.837	-70.3
15.32	-9.414	-14.819	-68.5
15.33	-9.401	-15.814	-75.5
15.34	-9.388	-16.813	-80.1
15.35	-9.374	-17.691	-76.2
15.36	-9.361	-18.272	-68.8
15.37	-9.348	-18.554	-62.7
15.38	-9.336	-18.724	-48.3
15.39	-9.324	-18.854	-32.5
15.4	-9.311	-18.833	-39.6
15.41	-9.300	-18.686	-68.8
15.42	-9.288	-18.509	-60.1
15.43	-9.277	-18.259	-34.8
15.44	-9.266	-17.925	-31.6
15.45	-9.254	-17.622	-26.5
15.46	-9.242	-17.347	-29.9
15.47	-9.230	-17.030	-39.2
15.48	-9.219	-16.671	-30.3
15.49	-9.207	-16.211	-16.4
15.5	-9.196	-15.678	-15.8
15.51	-9.184	-15.218	-4.3
15.52	-9.173	-14.863	-0.1
15.53	-9.162	-14.546	-17.0
15.54	-9.151	-14.276	-21.3
15.55	-9.141	-14.160	-8.5
15.56	-9.131	-14.155	29.7
15.57	-9.121	-14.094	45.3
15.58	-9.110	-14.014	21.4
15.59	-9.100	-13.968	16.8
15.6	-9.090	-13.908	10.7
15.61	-9.081	-13.932	-12.8
15.62	-9.071	-14.052	-31.6
15.63	-9.062	-14.153	-34.8
15.64	-9.053	-14.225	-22.4
15.65	-9.045	-14.264	-20.6
15.66	-9.037	-14.226	-23.2
15.67	-9.029	-14.121	-29.7
15.68	-9.021	-14.030	-52.6
15.69	-9.013	-13.965	75.4
15.7	-9.005	-13.879	427.8
15.71	-8.998	-13.811	613.0
15.72	-8.992	-13.803	430.1
15.73	-8.985	-13.819	174.1
15.74	-8.978	-13.871	33.3
15.75	-8.971	-13.980	-9.6
15.76	-8.962	-14.043	-17.8
15.77	-8.951	-13.963	-37.8
15.78	-8.940	-13.796	-56.1
15.79	-8.929	-13.633	-45.3
15.8	-8.919	-13.389	-17.0
15.81	-8.910	-12.638	-10.5
15.82	-8.901	-10.721	-17.6
15.83	-8.892	-6.973	-11.0
15.84	-8.884	-0.833	-4.8
15.85	-8.876	7.498	-7.9
15.86	-8.868	15.401	8.9
15.87	-8.861	19.544	41.4
15.88	-8.855	20.421	72.3
15.89	-8.849	20.454	92.8
15.9	-8.845	20.455	110.1
15.91	-8.841	20.449	143.7
15.92	-8.838	20.085	153.3
15.93	-8.834	17.316	126.4
15.94	-8.831	10.474	101.5
15.95	-8.829	1.742	62.3
15.96	-8.827	-6.009	21.7
15.97	-8.825	-12.116	-9.5
15.98	-8.822	-16.606	-56.1
15.99	-8.821	-19.288	-85.2
16.0	-8.819	-20.289	-99.5
16.01	-8.821	-20.446	-116.7
16.02	-8.822	-20.334	-130.3
16.03	-8.824	-19.848	-138.4
16.04	-8.822	-19.090	-135.8
16.05	-8.823	-18.774	-127.3
16.06	-8.825	-19.310	-118.8
16.07	-8.828	-20.077	-113.5
16.08	-8.829	-20.415	-117.2
16.09	-8.829	-20.455	-104.6
16.1	-8.829	-20.456	-89.5
16.11	-8.831	-20.456	-97.0
16.12	-8.833	-20.456	-97.1
16.13	-8.837	-20.454	-108.5
16.14	-8.840	-20.398	-110.5
16.15	-8.843	-19.838	-81.4
16.16	-8.847	-18.216	-91.4
16.17	-8.853	-15.994	-109.8
16.18	-8.860	-14.143	-87.7
16.19	-8.869	-12.998	-80.1
16.2	-8.878	-12.500	-85.3
16.21	-8.888	-12.556	-82.5
16.22	-8.898	-13.028	-93.2
16.23	-8.908	-13.711	-95.7
16.24	-8.918	-14.525	-95.1
16.25	-8.926	-15.438	-100.2
16.26	-8.934	-16.286	-78.8
16.27	-8.939	-17.044	-65.2
16.28	-8.944	-17.816	-66.2
16.29	-8.948	-18.456	-64.6
16.3	-8.952	-18.752	-84.3
16.31	-8.956	-18.788	-84.4
16.32	-8.959	-18.717	-58.6
16.33	-8.963	-18.558	-67.5
16.34	-8.966	-18.319	-85.6
16.35	-8.968	-18.062	-78.7
16.36	-8.970	-17.796	-65.7
16.37	-8.972	-17.466	-48.2
16.38	-8.973	-17.039	-45.4
16.39	-8.974	-16.540	-60.7
16.4	-8.974	-16.059	-83.6
16.41	-8.974	-15.668	-84.4
16.42	-8.975	-15.274	-51.8
16.43	-8.976	-14.842	-43.4
16.44	-8.976	-14.498	-52.8
16.45	-8.978	-14.270	-54.4
16.46	-8.979	-14.116	-49.1
16.47	-8.981	-14.040	-52.2
16.48	-8.982	-14.027	-61.9
16.49	-8.982	-14.008	-29.9
16.5	-8.983	-13.953	-8.6
16.51	-8.983	-13.920	-26.0
16.52	-8.981	-13.922	-23.2
16.53	-8.978	-13.944	-20.7
16.54	-8.974	-14.014	-35.3
16.55	-8.971	-14.106	-37.1
16.56	-8.969	-14.163	-38.7
16.57	-8.967	-14.187	-45.3
16.58	-8.965	-14.167	-53.5
16.59	-8.966	-14.104	-82.0
16.6	-8.968	-14.018	-77.6
16.61	-8.969	-13.915	-69.2
16.62	-8.969	-13.790	-56.4
16.63	-8.970	-13.637	166.0
16.64	-8.977	-13.520	529.7
16.65	-8.989	-13.493	626.2
16.66	-9.002	-13.513	371.7
16.67	-9.015	-13.549	98.5
16.68	-9.027	-13.601	-9.5
16.69	-9.033	-13.662	-27.0
16.7	-9.034	-13.669	-33.7
16.71	-9.029	-13.534	-32.5
16.72	-9.021	-13.304	-33.3
16.73	-9.013	-13.114	-25.4
16.74	-9.006	-12.782	-9.3
16.75	-9.001	-11.771	-13.8
16.76	-8.996	-9.405	-20.2
16.77	-8.991	-4.867	-12.7
16.78	-8.988	2.379	0.8
16.79	-8.986	11.163	20.4
16.8	-8.988	17.773	42.1
16.81	-8.992	20.183	63.3
16.82	-9.001	20.450	83.7
16.83	-9.014	20.456	104.9
16.84	-9.029	20.453	123.6
16.85	-9.046	20.401	121.8
16.86	-9.063	19.276	139.5
16.87	-9.081	14.582	158.0
16.88	-9.099	6.226	132.6
16.89	-9.117	-2.631	101.4
16.9	-9.136	-9.975	51.1
16.91	-9.154	-15.510	-11.4
16.92	-9.172	-18.939	-50.3
16.93	-9.190	-20.255	-89.5
16.94	-9.208	-20.451	-122.9
16.95	-9.228	-20.451	-124.6
16.96	-9.249	-20.330	-104.4
16.97	-9.269	-19.813	-91.0
16.98	-9.286	-19.031	-90.8
16.99	-9.303	-18.679	-92.9
17.0	-9.321	-19.156	-95.3
17.01	-9.338	-19.963	-96.4
17.02	-9.354	-20.390	-106.6
17.03	-9.371	-20.455	-102.0
17.04	-9.386	-20.456	-76.6
17.05	-9.401	-20.456	-73.9
17.06	-9.416	-20.456	-75.8
17.07	-9.429	-20.453	-86.5
17.08	-9.443	-20.306	-96.1
17.09	-9.457	-19.461	-75.2
17.1	-9.472	-17.711	-73.8
17.11	-9.488	-15.750	-83.3
17.12	-9.504	-14.141	-70.7
17.13	-9.521	-13.015	-55.7
17.14	-9.537	-12.473	-61.1
17.15	-9.554	-12.458	-69.5
17.16	-9.570	-12.819	-73.3
17.17	-9.585	-13.464	-80.0
17.18	-9.600	-14.303	-74.2
17.19	-9.615	-15.248	-73.3
17.2	-9.629	-16.198	-79.4
17.21	-9.643	-16.977	-64.5
17.22	-9.657	-17.493	-51.1
17.23	-9.671	-17.782	-52.2
17.24	-9.686	-17.920	-51.8
17.25	-9.699	-18.013	-51.8
17.26	-9.713	-18.066	-47.4
17.27	-9.726	-17.956	-52.9
17.28	-9.739	-17.729	-62.1
17.29	-9.752	-17.532	-57.7
17.3	-9.765	-17.306	-56.2
17.31	-9.778	-16.916	-48.2
17.32	-9.791	-16.418	-36.7
17.33	-9.803	-15.970	-42.2
17.34	-9.816	-15.639	-46.3
17.35	-9.829	-15.394	-51.8
17.36	-9.841	-15.171	-56.3
17.37	-9.854	-14.925	-45.9
17.38	-9.866	-14.641	-44.7
17.39	-9.879	-14.322	-47.4
17.4	-9.891	-14.051	-35.3
17.41	-9.903	-13.869	-23.9
17.42	-9.915	-13.743	-18.9
17.43	-9.928	-13.759	-13.3
17.44	-9.941	-13.898	-16.9
17.45	-9.954	-13.994	-13.0
17.46	-9.966	-14.001	-9.5
17.47	-9.978	-13.903	-13.9
17.48	-9.989	-13.773	-20.4
17.49	-10.001	-13.722	-42.8
17.5	-10.013	-13.760	-52.5
17.51	-10.025	-13.848	-46.5
17.52	-10.038	-13.942	-40.6
17.53	-10.051	-13.980	-34.0
17.54	-10.063	-13.874	-42.7
17.55	-10.074	-13.680	-65.6
17.56	-10.084	-13.516	-19.9
17.57	-10.094	-13.409	220.1
17.58	-10.103	-13.366	511.7
17.59	-10.113	-13.308	499.3
17.6	-10.121	-13.210	254.8
17.61	-10.129	-13.221	86.3
17.62	-10.137	-13.343	27.6
17.63	-10.142	-13.441	6.3
17.64	-10.143	-13.429	-22.0
17.65	-10.144	-13.344	-34.7
17.66	-10.145	-13.265	-21.2
17.67	-10.149	-13.153	-16.4
17.68	-10.154	-12.840	-27.2
17.69	-10.159	-11.873	-26.2
17.7	-10.163	-9.704	1.7
17.71	-10.164	-5.754	35.8
17.72	-10.166	0.662	39.3
17.73	-10.168	9.131	30.6
17.74	-10.169	16.512	44.0
17.75	-10.171	19.881	71.2
17.76	-10.172	20.440	108.8
17.77	-10.173	20.454	129.3
17.78	-10.174	20.451	130.9
17.79	-10.176	20.356	143.6
17.8	-10.177	18.834	158.8
17.81	-10.176	13.432	156.4
17.82	-10.175	4.781	133.3
17.83	-10.173	-3.893	95.4
17.84	-10.171	-11.066	51.2
17.85	-10.168	-16.412	-0.3
17.86	-10.164	-19.422	-48.7
17.87	-10.159	-20.361	-85.5
17.88	-10.156	-20.454	-93.9
17.89	-10.154	-20.455	-95.6
17.9	-10.149	-20.404	-104.4
17.91	-10.137	-20.100	-104.0
17.92	-10.120	-19.524	-95.3
17.93	-10.103	-19.222	-78.9
17.94	-10.086	-19.615	-83.6
17.95	-10.068	-20.203	-102.8
17.96	-10.047	-20.436	-104.9
17.97	-10.026	-20.455	-84.3
17.98	-10.006	-20.456	-56.8
17.99	-9.988	-20.456	-53.0
18.0	-9.970	-20.448	-70.4
18.01	-9.954	-20.236	-72.8
18.02	-9.939	-19.192	-80.7
18.03	-9.925	-17.174	-88.7
18.04	-9.914	-14.953	-77.8
18.05	-9.905	-13.158	-68.4
18.06	-9.896	-11.989	-48.3
18.07	-9.885	-11.443	-43.2
18.08	-9.874	-11.406	-57.6
18.09	-9.861	-11.773	-62.7
18.1	-9.848	-12.462	-56.0
18.11	-9.834	-13.323	-68.8
18.12	-9.820	-14.206	-85.3
18.13	-9.806	-15.081	-67.9
18.14	-9.793	-15.904	-55.3
18.15	-9.780	-16.617	-50.1
18.16	-9.767	-17.189	-47.1
18.17	-9.754	-17.549	-57.5
18.18	-9.741	-17.720	-62.4
18.19	-9.728	-17.788	-52.2
18.2	-9.715	-17.741	-45.4
18.21	-9.702	-17.559	-54.7
18.22	-9.690	-17.319	-57.1
18.23	-9.678	-17.112	-56.4
18.24	-9.666	-16.915	-57.2
18.25	-9.654	-16.675	-51.5
18.26	-9.641	-16.383	-53.3
18.27	-9.629	-16.053	-42.3
18.28	-9.617	-15.648	-15.6
18.29	-9.606	-15.159	-9.1
18.3	-9.593	-14.744	1.8
18.31	-9.579	-14.458	15.2
18.32	-9.566	-14.233	-21.0
18.33	-9.553	-14.071	-53.8
18.34	-9.539	-13.957	-51.2
18.35	-9.526	-13.855	-53.8
18.36	-9.514	-13.764	-58.0
18.37	-9.501	-13.679	-53.2
18.38	-9.488	-13.650	-45.6
18.39	-9.475	-13.654	-51.3
18.4	-9.462	-13.571	-60.0
18.41	-9.447	-13.444	-15.3
18.42	-9.432	-13.376	212.8
18.43	-9.418	-13.324	522.3
18.44	-9.404	-13.276	500.9
18.45	-9.389	-13.307	221.5
18.46	-9.374	-13.426	66.0
18.47	-9.360	-13.584	15.6
18.48	-9.344	-13.708	-22.1
18.49	-9.328	-13.754	-27.8
18.5	-9.309	-13.726	-23.1
18.51	-9.290	-13.662	-34.1
18.52	-9.271	-13.578	-37.4
18.53	-9.252	-13.323	-21.4
18.54	-9.236	-12.538	0.3
18.55	-9.219	-10.656	23.7
18.56	-9.201	-6.933	27.1
18.57	-9.184	-0.783	14.8
18.58	-9.167	7.456	22.0
18.59	-9.151	15.266	50.5
18.6	-9.134	19.472	89.5
18.61	-9.118	20.414	115.5
18.62	-9.103	20.454	124.7
18.63	-9.089	20.452	141.8
18.64	-9.077	20.381	164.8
18.65	-9.066	19.058	169.1
18.66	-9.054	14.088	162.5
18.67	-9.041	5.773	151.8
18.68	-9.030	-2.933	93.9
18.69	-9.019	-10.356	23.9
18.7	-9.009	-15.946	-13.5
18.71	-8.998	-19.194	-54.2
18.72	-8.987	-20.312	-84.6
18.73	-8.977	-20.454	-95.7
18.74	-8.969	-20.455	-103.7
18.75	-8.960	-20.435	-97.8
18.76	-8.951	-20.255	-90.4
18.77	-8.942	-19.887	-99.7
18.78	-8.933	-19.747	-111.5
18.79	-8.925	-20.042	-90.3
18.8	-8.917	-20.358	-75.1
18.81	-8.908	-20.451	-96.2
18.82	-8.900	-20.456	-97.0
18.83	-8.893	-20.456	-84.5
18.84	-8.887	-20.456	-83.1
18.85	-8.881	-20.442	-89.4
18.86	-8.874	-20.164	-85.2
18.87	-8.869	-19.028	-57.3
18.88	-8.865	-17.051	-47.8
18.89	-8.862	-14.992	-62.3
18.9	-8.859	-13.353	-76.2
18.91	-8.857	-12.233	-88.5
18.92	-8.855	-11.598	-90.5
18.93	-8.853	-11.479	-69.3
18.94	-8.851	-11.909	-52.1
18.95	-8.849	-12.673	-55.3
18.96	-8.847	-13.564	-67.0
18.97	-8.844	-14.547	-68.1
18.98	-8.841	-15.499	-58.1
18.99	-8.839	-16.225	-71.3
19.0	-8.838	-16.747	-73.8
19.01	-8.836	-17.203	-61.0
19.02	-8.834	-17.553	-56.3
19.03	-8.832	-17.758	-51.5
19.04	-8.831	-17.855	-51.2
19.05	-8.829	-17.806	-56.7
19.06	-8.828	-17.573	-55.9
19.07	-8.826	-17.241	-43.6
19.08	-8.826	-16.928	-51.2
19.09	-8.825	-16.657	-56.9
19.1	-8.824	-16.386	-44.9
19.11	-8.823	-16.098	-50.6
19.12	-8.822	-15.733	-47.3
19.13	-8.821	-15.275	-44.3
19.14	-8.820	-14.906	-32.8
19.15	-8.819	-14.641	0.3
19.16	-8.818	-14.346	14.3
19.17	-8.817	-14.075	-3.8
19.18	-8.816	-13.853	-18.0
19.19	-8.814	-13.631	-34.4
19.2	-8.814	-13.508	-48.6
19.21	-8.813	-13.512	-43.4
19.22	-8.813	-13.511	-61.6
19.23	-8.813	-13.493	-69.5
19.24	-8.813	-13.510	-43.6
19.25	-8.812	-13.525	-12.8
19.26	-8.811	-13.486	-27.6
19.27	-8.808	-13.417	-62.2
19.28	-8.808	-13.383	100.3
19.29	-8.809	-13.366	488.5
19.3	-8.811	-13.321	627.5
19.31	-8.813	-13.303	366.0
19.32	-8.814	-13.327	124.7
19.33	-8.814	-13.394	27.8
19.34	-8.811	-13.536	-8.1
19.35	-8.806	-13.653	-11.7
19.36	-8.801	-13.641	-24.4
19.37	-8.796	-13.551	-45.1
19.38	-8.790	-13.418	-50.3
19.39	-8.786	-12.993	-28.3
19.4	-8.782	-11.820	-7.6
19.41	-8.777	-9.404	-8.9
19.42	-8.774	-4.899	-5.3
19.43	-8.769	2.353	15.3
19.44	-8.766	11.096	18.8
19.45	-8.763	17.683	35.6
19.46	-8.762	20.155	67.3
19.47	-8.761	20.449	85.1
19.48	-8.760	20.455	122.5
19.49	-8.760	20.453	133.4
19.5	-8.760	20.389	130.4
19.51	-8.760	19.132	146.9
19.52	-8.760	14.276	144.8
19.53	-8.761	6.099	128.7
19.54	-8.762	-2.274	95.7
19.55	-8.763	-9.116	37.9
19.56	-8.764	-14.214	-13.4
19.57	-8.766	-17.664	-47.0
19.58	-8.769	-19.613	-75.4
19.59	-8.771	-20.318	-77.7
19.6	-8.776	-20.236	-96.2
19.61	-8.783	-19.665	-114.4
19.62	-8.786	-18.832	-91.7
19.63	-8.787	-18.114	-96.1
19.64	-8.790	-17.927	-108.3
19.65	-8.796	-18.598	-112.3
19.66	-8.803	-19.701	-105.2
19.67	-8.807	-20.342	-72.9
19.68	-8.811	-20.454	-70.0
19.69	-8.814	-20.456	-89.0
19.7	-8.819	-20.456	-90.7
19.71	-8.824	-20.456	-77.9
19.72	-8.831	-20.448	-77.5
19.73	-8.836	-20.224	-88.5
19.74	-8.842	-19.175	-77.7
19.75	-8.849	-17.254	-73.2
19.76	-8.857	-15.252	-71.4
19.77	-8.867	-13.720	-68.0
19.78	-8.879	-12.812	-84.2
19.79	-8.891	-12.443	-78.4
19.8	-8.905	-12.479	-67.9
19.81	-8.919	-12.889	-60.1
19.82	-8.934	-13.605	-55.4
19.83	-8.947	-14.483	-68.8
19.84	-8.959	-15.311	-68.2
19.85	-8.971	-16.047	-61.8
19.86	-8.981	-16.791	-62.5
19.87	-8.992	-17.433	-58.4
19.88	-9.004	-17.849	-58.3
19.89	-9.015	-18.066	-64.5
19.9	-9.026	-18.095	-59.9
19.91	-9.036	-17.971	-55.4
19.92	-9.047	-17.779	-46.3
19.93	-9.058	-17.563	-33.9
19.94	-9.069	-17.310	-46.6
19.95	-9.081	-17.011	-58.7
19.96	-9.093	-16.689	-50.0
19.97	-9.105	-16.415	-45.9
19.98	-9.117	-16.177	-48.4
19.99	-9.129	-15.801	-53.9
20.0	-9.141	-15.294	-51.9
20.01	-9.154	-14.885	-39.3
20.02	-9.166	-14.586	-26.8
20.03	-9.179	-14.331	-19.1
20.04	-9.193	-14.148	-15.7
20.05	-9.205	-14.023	-2.7
20.06	-9.218	-13.938	2.1
20.07	-9.231	-13.896	-11.3
20.08	-9.244	-13.890	-27.2
20.09	-9.257	-13.878	-55.0
20.1	-9.269	-13.819	-78.7
20.11	-9.281	-13.789	-63.5
20.12	-9.294	-13.790	-29.5
20.13	-9.308	-13.744	-32.1
20.14	-9.321	-13.743	-44.1
20.15	-9.333	-13.806	-56.8
20.16	-9.345	-13.795	-31.2
20.17	-9.357	-13.686	195.7
20.18	-9.370	-13.553	533.2
20.19	-9.384	-13.443	595.8
20.2	-9.398	-13.415	344.2
20.21	-9.412	-13.507	116.0
20.22	-9.427	-13.642	28.7
20.23	-9.439	-13.756	-3.7
20.24	-9.447	-13.830	-25.3
20.25	-9.454	-13.783	-18.6
20.26	-9.461	-13.593	-15.2
20.27	-9.467	-13.311	-48.4
20.28	-9.475	-12.766	-45.5
20.29	-9.483	-11.393	-16.8
20.3	-9.491	-8.386	-5.9
20.31	-9.497	-2.989	13.1
20.32	-9.504	5.044	25.9
20.33	-9.511	13.673	41.1
20.34	-9.519	18.981	59.7
20.35	-9.527	20.379	73.4
20.36	-9.537	20.452	106.1
20.37	-9.547	20.456	106.0
20.38	-9.557	20.453	103.9
20.39	-9.566	20.391	139.1
20.4	-9.576	19.154	152.4
20.41	-9.585	14.367	159.5
20.42	-9.596	6.328	149.8
20.43	-9.606	-1.859	107.3
20.44	-9.617	-8.473	57.0
20.45	-9.629	-13.270	-4.3
20.46	-9.641	-16.378	-61.1
20.47	-9.652	-18.079	-99.7
20.48	-9.664	-18.584	-89.6
20.49	-9.676	-18.239	-83.1
20.5	-9.689	-17.494	-115.8
20.51	-9.701	-16.707	-107.7
20.52	-9.714	-16.299	-95.2
20.53	-9.726	-16.719	-95.4
20.54	-9.739	-18.101	-83.6
20.55	-9.752	-19.631	-84.5
20.56	-9.764	-20.351	-83.6
20.57	-9.774	-20.454	-83.6
20.58	-9.785	-20.456	-90.3
20.59	-9.797	-20.456	-87.1
20.6	-9.809	-20.456	-93.5
20.61	-9.821	-20.452	-92.3
20.62	-9.832	-20.301	-77.4
20.63	-9.844	-19.423	-70.9
20.64	-9.856	-17.593	-69.4
20.65	-9.867	-15.609	-75.0
20.66	-9.881	-14.155	-67.4
20.67	-9.894	-13.284	-66.9
20.68	-9.906	-12.938	-84.6
20.69	-9.918	-13.056	-77.3
20.7	-9.929	-13.493	-65.7
20.71	-9.939	-14.133	-75.1
20.72	-9.949	-14.924	-61.5
20.73	-9.958	-15.736	-58.3
20.74	-9.967	-16.466	-78.3
20.75	-9.976	-17.144	-59.2
20.76	-9.986	-17.727	-42.5
20.77	-9.995	-18.158	-55.8
20.78	-10.004	-18.407	-73.4
20.79	-10.014	-18.418	-91.3
20.8	-10.023	-18.261	-62.8
20.81	-10.032	-18.082	-30.8
20.82	-10.040	-17.926	-43.6
20.83	-10.049	-17.736	-45.0
20.84	-10.057	-17.481	-41.1
20.85	-10.065	-17.227	-44.5
20.86	-10.073	-16.922	-50.4
20.87	-10.081	-16.501	-52.0
20.88	-10.089	-16.026	-36.5
20.89	-10.098	-15.556	-7.8
20.9	-10.105	-15.166	8.6
20.91	-10.113	-14.909	6.7
20.92	-10.120	-14.727	-9.0
20.93	-10.128	-14.580	-35.7
20.94	-10.136	-14.445	-34.5
20.95	-10.144	-14.273	-31.5
20.96	-10.153	-14.103	-37.9
20.97	-10.160	-13.974	-39.3
20.98	-10.168	-13.918	-47.7
20.99	-10.176	-13.964	-48.3
21.0	-10.184	-14.031	-41.7
21.01	-10.192	-14.047	-48.6
21.02	-10.199	-14.039	-53.0
21.03	-10.204	-14.027	85.4
21.04	-10.210	-13.984	413.2
21.05	-10.215	-13.904	575.0
21.06	-10.218	-13.871	361.6
21.07	-10.221	-13.936	116.7
21.08	-10.221	-14.028	48.1
21.09	-10.219	-14.094	28.7
21.1	-10.213	-14.156	12.3
21.11	-10.201	-14.172	0.9
21.12	-10.186	-14.105	-15.2
21.13	-10.176	-13.973	-16.3
21.14	-10.169	-13.713	-3.2
21.15	-10.166	-13.006	13.2
21.16	-10.162	-11.264	23.7
21.17	-10.154	-7.803	35.2
21.18	-10.145	-2.087	46.7
21.19	-10.133	5.805	46.6
21.2	-10.119	13.971	52.2
21.21	-10.104	19.009	79.8
21.22	-10.089	20.378	120.4
21.23	-10.074	20.452	144.0
21.24	-10.058	20.456	160.7
21.25	-10.039	20.450	178.0
21.26	-10.019	20.248	189.7
21.27	-9.996	18.257	185.3
21.28	-9.973	12.479	151.0
21.29	-9.947	4.196	109.1
21.3	-9.924	-3.634	55.9
21.31	-9.899	-9.766	0.9
21.32	-9.876	-14.134	-22.1
21.33	-9.851	-16.972	-37.6
21.34	-9.828	-18.507	-72.9
21.35	-9.807	-19.008	-98.5
21.36	-9.788	-18.857	-101.3
21.37	-9.768	-18.405	-99.4
21.38	-9.746	-18.124	-88.3
21.39	-9.724	-18.557	-91.1
21.4	-9.703	-19.556	-108.0
21.41	-9.682	-20.274	-104.7
21.42	-9.661	-20.449	-91.1
21.43	-9.639	-20.456	-77.8
21.44	-9.617	-20.456	-75.5
21.45	-9.596	-20.456	-71.8
21.46	-9.576	-20.456	-71.8
21.47	-9.556	-20.441	-80.3
21.48	-9.537	-20.108	-80.1
21.49	-9.518	-18.709	-91.9
21.5	-9.500	-16.326	-82.0
21.51	-9.483	-14.132	-47.0
21.52	-9.467	-12.706	-44.1
21.53	-9.451	-11.947	-67.5
21.54	-9.436	-11.844	-86.1
21.55	-9.422	-12.320	-79.3
21.56	-9.407	-13.132	-59.4
21.57	-9.392	-14.081	-52.4
21.58	-9.377	-15.082	-62.2
21.59	-9.362	-16.059	-64.8
21.6	-9.348	-16.936	-57.7
21.61	-9.333	-17.691	-60.0
21.62	-9.319	-18.278	-46.9
21.63	-9.306	-18.646	-45.1
21.64	-9.293	-18.885	-61.9
21.65	-9.281	-19.027	-60.4
21.66	-9.269	-18.936	-48.7
21.67	-9.257	-18.682	-47.1
21.68	-9.245	-18.453	-53.4
21.69	-9.234	-18.281	-51.4
21.7	-9.222	-18.084	-39.0
21.71	-9.211	-17.744	-29.2
21.72	-9.198	-17.325	-32.5
21.73	-9.186	-16.903	-34.7
21.74	-9.174	-16.365	-27.4
21.75	-9.162	-15.773	-7.1
21.76	-9.151	-15.323	11.1
21.77	-9.140	-15.076	12.1
21.78	-9.128	-14.926	-4.9
21.79	-9.117	-14.711	-42.2
21.8	-9.105	-14.407	-44.3
21.81	-9.094	-14.114	-25.3
21.82	-9.083	-13.950	-39.9
21.83	-9.072	-13.947	-36.0
21.84	-9.063	-13.989	-29.0
21.85	-9.053	-13.978	-46.5
21.86	-9.043	-13.939	-50.7
21.87	-9.033	-13.922	-54.8
21.88	-9.023	-13.949	15.0
21.89	-9.014	-14.004	312.7
21.9	-9.005	-14.033	603.7
21.91	-8.997	-14.049	506.4
21.92	-8.989	-14.154	229.8
21.93	-8.981	-14.343	80.6
21.94	-8.971	-14.467	23.7
21.95	-8.961	-14.481	7.4
21.96	-8.948	-14.428	-14.1
21.97	-8.935	-14.294	-37.8
21.98	-8.922	-14.137	-34.5
21.99	-8.910	-13.944	-31.2
22.0	-8.899	-13.316	-18.8
22.01	-8.888	-11.632	-2.7
22.02	-8.878	-8.185	14.6
22.03	-8.869	-2.307	28.3
22.04	-8.859	5.954	33.2
22.05	-8.849	14.311	50.7
22.06	-8.841	19.183	70.7
22.07	-8.833	20.394	91.3
22.08	-8.826	20.453	106.2
22.09	-8.819	20.456	118.9
22.1	-8.813	20.452	138.5
22.11	-8.808	20.379	156.3
22.12	-8.803	19.034	172.2
22.13	-8.799	14.041	158.7
22.14	-8.795	5.904	113.0
22.15	-8.791	-2.194	66.5
22.16	-8.788	-8.656	24.2
22.17	-8.786	-13.318	-24.2
22.18	-8.783	-16.250	-62.4
22.19	-8.781	-17.761	-87.0
22.2	-8.780	-18.283	-102.8
22.21	-8.781	-18.142	-102.9
22.22	-8.781	-17.617	-109.1
22.23	-8.779	-17.160	-115.4
22.24	-8.778	-17.333	-110.0
22.25	-8.779	-18.381	-101.9
22.26	-8.781	-19.678	-76.8
22.27	-8.781	-20.346	-63.4
22.28	-8.781	-20.454	-81.0
22.29	-8.781	-20.456	-82.3
22.3	-8.781	-20.456	-77.4
22.31	-8.781	-20.456	-90.1
22.32	-8.781	-20.456	-88.9
22.33	-8.781	-20.448	-76.7
22.34	-8.781	-20.226	-69.3
22.35	-8.782	-19.146	-74.4
22.36	-8.784	-17.108	-69.8
22.37	-8.787	-15.052	-57.4
22.38	-8.792	-13.664	-61.5
22.39	-8.796	-13.013	-52.5
22.4	-8.801	-12.970	-63.1
22.41	-8.807	-13.329	-91.2
22.42	-8.813	-14.018	-84.3
22.43	-8.817	-14.949	-65.2
22.44	-8.819	-15.897	-53.6
22.45	-8.821	-16.757	-50.2
22.46	-8.822	-17.595	-49.6
22.47	-8.823	-18.354	-49.1
22.48	-8.824	-18.804	-51.1
22.49	-8.827	-18.943	-61.5
22.5	-8.829	-18.992	-76.2
22.51	-8.831	-18.989	-72.4
22.52	-8.832	-18.898	-55.5
22.53	-8.836	-18.793	-53.7
22.54	-8.838	-18.659	-51.6
22.55	-8.840	-18.419	-41.2
22.56	-8.841	-18.087	-31.6
22.57	-8.842	-17.676	-31.1
22.58	-8.841	-17.258	-45.3
22.59	-8.842	-16.829	-60.4
22.6	-8.842	-16.318	-54.0
22.61	-8.843	-15.824	-36.8
22.62	-8.845	-15.442	-41.0
22.63	-8.848	-15.095	-45.8
22.64	-8.849	-14.723	-31.7
22.65	-8.851	-14.436	-15.9
22.66	-8.853	-14.256	-21.8
22.67	-8.856	-14.135	-31.4
22.68	-8.858	-14.141	-25.6
22.69	-8.861	-14.221	-18.3
22.7	-8.863	-14.224	2.2
22.71	-8.863	-14.181	16.1
22.72	-8.863	-14.199	-10.5
22.73	-8.863	-14.266	-33.0
22.74	-8.864	-14.308	-32.5
22.75	-8.864	-14.324	-32.8
22.76	-8.865	-14.308	-31.6
22.77	-8.867	-14.236	-49.3
22.78	-8.872	-14.204	-52.5
22.79	-8.877	-14.248	-38.6
22.8	-8.880	-14.232	-73.5
22.81	-8.880	-14.094	-35.1
22.82	-8.881	-13.916	252.8
22.83	-8.888	-13.784	620.5
22.84	-8.898	-13.724	633.1
22.85	-8.909	-13.718	319.8
22.86	-8.922	-13.803	85.9
22.87	-8.932	-14.012	7.4
22.88	-8.935	-14.214	-22.9
22.89	-8.929	-14.203	-29.8
22.9	-8.918	-13.970	-41.3
22.91	-8.906	-13.693	-50.4
22.92	-8.896	-13.358	-14.3
22.93	-8.889	-12.579	4.9
22.94	-8.884	-10.713	-14.3
22.95	-8.883	-6.999	-10.3
22.96	-8.884	-0.720	17.5
22.97	-8.885	7.926	32.2
22.98	-8.886	15.883	36.9
22.99	-8.887	19.736	48.8
23.0	-8.889	20.433	60.6
23.01	-8.894	20.454	83.2
23.02	-8.902	20.456	111.0
23.03	-8.912	20.452	131.8
23.04	-8.926	20.375	154.1
23.05	-8.939	18.988	164.0
23.06	-8.954	13.885	156.9
23.07	-8.967	5.545	143.0
23.08	-8.981	-2.778	96.6
23.09	-8.994	-9.301	32.6
23.1	-9.006	-13.893	-10.0
23.11	-9.019	-16.790	-51.1
23.12	-9.031	-18.212	-77.1
23.13	-9.045	-18.560	-92.9
23.14	-9.061	-18.332	-103.5
23.15	-9.079	-17.764	-88.5
23.16	-9.095	-17.111	-85.5
23.17	-9.111	-16.850	-87.5
23.18	-9.127	-17.454	-75.8
23.19	-9.144	-18.849	-86.1
23.2	-9.161	-20.040	-93.4
23.21	-9.175	-20.430	-83.8
23.22	-9.189	-20.455	-78.6
23.23	-9.203	-20.456	-78.3
23.24	-9.218	-20.456	-82.6
23.25	-9.232	-20.456	-87.1
23.26	-9.247	-20.454	-80.4
23.27	-9.261	-20.396	-64.5
23.28	-9.276	-19.830	-63.4
23.29	-9.291	-18.295	-60.4
23.3	-9.306	-16.307	-60.1
23.31	-9.322	-14.654	-70.3
23.32	-9.338	-13.587	-71.5
23.33	-9.355	-13.205	-80.9
23.34	-9.371	-13.422	-80.8
23.35	-9.386	-13.959	-58.9
23.36	-9.402	-14.701	-65.9
23.37	-9.418	-15.618	-80.7
23.38	-9.434	-16.531	-63.8
23.39	-9.450	-17.336	-59.8
23.4	-9.465	-18.034	-63.0
23.41	-9.480	-18.566	-47.8
23.42	-9.495	-18.863	-51.8
23.43	-9.509	-18.917	-59.3
23.44	-9.524	-18.875	-53.1
23.45	-9.538	-18.882	-52.2
23.46	-9.552	-18.801	-59.4
23.47	-9.565	-18.551	-67.1
23.48	-9.578	-18.238	-43.8
23.49	-9.591	-17.920	-24.1
23.5	-9.603	-17.595	-41.2
23.51	-9.616	-17.271	-59.6
23.52	-9.627	-16.947	-51.5
23.53	-9.639	-16.547	-36.8
23.54	-9.650	-16.100	-32.8
23.55	-9.661	-15.744	-32.9
23.56	-9.673	-15.397	-39.1
23.57	-9.685	-14.961	-44.3
23.58	-9.696	-14.596	-42.6
23.59	-9.707	-14.415	-32.6
23.6	-9.719	-14.318	-20.8
23.61	-9.732	-14.242	-28.0
23.62	-9.744	-14.226	-35.7
23.63	-9.757	-14.233	-30.1
23.64	-9.769	-14.204	-21.8
23.65	-9.781	-14.151	-4.5
23.66	-9.793	-14.154	-1.2
23.67	-9.806	-14.261	-8.8
23.68	-9.818	-14.334	10.7
23.69	-9.829	-14.340	2.0
23.7	-9.841	-14.365	-39.9
23.71	-9.854	-14.380	-46.0
23.72	-9.867	-14.388	-38.2
23.73	-9.881	-14.386	-33.5
23.74	-9.893	-14.315	-36.9
23.75	-9.904	-14.191	-42.6
23.76	-9.916	-14.091	-46.3
23.77	-9.928	-14.098	-51.6
23.78	-9.939	-14.116	53.3
23.79	-9.951	-13.937	367.3
23.8	-9.962	-13.629	604.8
23.81	-9.973	-13.403	448.1
23.82	-9.982	-13.348	185.0
23.83	-9.991	-13.453	69.6
23.84	-9.999	-13.583	19.5
23.85	-10.004	-13.623	-8.9
23.86	-10.008	-13.573	-25.4
23.87	-10.012	-13.516	-26.8
23.88	-10.017	-13.484	-36.4
23.89	-10.024	-13.297	-21.7
23.9	-10.030	-12.538	10.6
23.91	-10.036	-10.636	-0.5
23.92	-10.041	-6.892	-16.4
23.93	-10.046	-0.647	2.7
23.94	-10.050	7.855	32.7
23.95	-10.056	15.743	52.6
23.96	-10.061	19.678	74.2
23.97	-10.067	20.429	103.2
23.98	-10.073	20.454	117.0
23.99	-10.080	20.456	114.4
24.0	-10.087	20.449	124.7
24.01	-10.092	20.172	146.9
24.02	-10.098	17.746	168.8
24.03	-10.103	11.197	168.1
24.04	-10.109	2.326	115.9
24.05	-10.117	-5.802	71.1
24.06	-10.124	-12.111	48.8
24.07	-10.131	-16.441	-7.2
24.08	-10.137	-19.022	-70.7
24.09	-10.142	-20.169	-100.3
24.1	-10.148	-20.286	-92.2
24.11	-10.153	-19.749	-94.4
24.12	-10.156	-18.807	-108.7
24.13	-10.158	-17.885	-84.9
24.14	-10.159	-17.512	-67.9
24.15	-10.160	-18.099	-94.7
24.16	-10.159	-19.342	-107.7
24.17	-10.156	-20.226	-87.4
24.18	-10.151	-20.446	-78.8
24.19	-10.144	-20.456	-79.1
24.2	-10.138	-20.456	-79.0
24.21	-10.131	-20.456	-80.9
24.22	-10.122	-20.454	-77.9
24.23	-10.111	-20.403	-86.5
24.24	-10.099	-19.814	-79.2
24.25	-10.086	-18.099	-49.8
24.26	-10.074	-15.834	-50.1
24.27	-10.063	-14.027	-60.7
24.28	-10.049	-12.927	-57.8
24.29	-10.034	-12.466	-57.8
24.3	-10.018	-12.506	-68.6
24.31	-10.000	-12.872	-80.9
24.32	-9.981	-13.451	-67.0
24.33	-9.960	-14.203	-50.7
24.34	-9.938	-15.141	-46.5
24.35	-9.917	-16.176	-40.6
24.36	-9.896	-17.099	-54.1
24.37	-9.876	-17.801	-66.8
24.38	-9.857	-18.259	-58.5
24.39	-9.839	-18.473	-45.4
24.4	-9.821	-18.519	-46.4
24.41	-9.804	-18.494	-54.3
24.42	-9.786	-18.465	-41.8
24.43	-9.769	-18.428	-41.7
24.44	-9.751	-18.289	-53.5
24.45	-9.734	-18.016	-51.2
24.46	-9.716	-17.733	-54.0
24.47	-9.699	-17.531	-48.2
24.48	-9.682	-17.326	-23.5
24.49	-9.664	-16.841	-21.0
24.5	-9.646	-16.218	-34.7
24.51	-9.629	-15.866	-38.9
24.52	-9.611	-15.565	-27.9
24.53	-9.594	-15.135	-15.8
24.54	-9.576	-14.741	-20.1
24.55	-9.559	-14.401	-5.6
24.56	-9.541	-14.154	19.9
24.57	-9.524	-14.105	6.4
24.58	-9.507	-14.129	-29.6
24.59	-9.489	-14.063	-42.9
24.6	-9.471	-13.993	-26.1
24.61	-9.452	-14.022	-19.7
24.62	-9.434	-14.114	-26.8
24.63	-9.416	-14.214	-29.9
24.64	-9.399	-14.263	-51.4
24.65	-9.382	-14.203	-66.6
24.66	-9.364	-14.116	-60.5
24.67	-9.346	-14.088	11.1
24.68	-9.327	-14.028	278.9
24.69	-9.309	-13.886	570.5
24.7	-9.292	-13.716	513.7
24.71	-9.274	-13.641	238.5
24.72	-9.258	-13.784	82.1
24.73	-9.241	-14.065	14.3
24.74	-9.223	-14.256	-21.8
24.75	-9.203	-14.232	-24.3
24.76	-9.181	-14.077	-25.3
24.77	-9.159	-13.923	-6.8
24.78	-9.136	-13.754	6.2
24.79	-9.115	-13.433	14.1
24.8	-9.095	-12.569	17.9
24.81	-9.075	-10.428	-0.3
24.82	-9.056	-6.204	-13.7
24.83	-9.037	0.531	12.3
24.84	-9.018	9.082	61.4
24.85	-9.000	16.466	90.7
24.86	-8.982	19.870	100.3
24.87	-8.966	20.440	117.0
24.88	-8.951	20.454	155.5
24.89	-8.936	20.453	161.7
24.9	-8.922	20.401	153.5
24.91	-8.909	19.296	172.7
24.92	-8.898	14.743	171.3
24.93	-8.886	6.688	142.1
24.94	-8.875	-1.956	93.3
24.95	-8.865	-9.345	48.1
24.96	-8.856	-15.014	12.2
24.97	-8.848	-18.609	-26.4
24.98	-8.841	-20.137	-68.6
24.99	-8.834	-20.443	-109.4
25.0	-8.829	-20.446	-94.0
25.01	-8.824	-20.290	-74.4
25.02	-8.819	-19.799	-91.6
25.03	-8.813	-19.359	-89.2
25.04	-8.810	-19.561	-74.7
25.05	-8.808	-20.112	-73.3
25.06	-8.804	-20.410	-83.7
25.07	-8.800	-20.456	-95.1
25.08	-8.795	-20.456	-88.8
25.09	-8.790	-20.456	-66.2
25.1	-8.786	-20.456	-52.9
25.11	-8.783	-20.454	-53.8
25.12	-8.780	-20.410	-63.4
25.13	-8.777	-19.918	-64.8
25.14	-8.776	-18.418	-60.4
25.15	-8.774	-16.262	-65.8
25.16	-8.773	-14.297	-62.7
25.17	-8.773	-12.933	-67.3
25.18	-8.772	-12.274	-63.0
25.19	-8.772	-12.223	-39.5
25.2	-8.771	-12.578	-31.2
25.21	-8.771	-13.234	-41.7
25.22	-8.769	-14.138	-66.3
25.23	-8.767	-15.137	-76.7
25.24	-8.764	-16.099	-66.8
25.25	-8.763	-16.954	-60.5
25.26	-8.761	-17.632	-40.4
25.27	-8.760	-18.115	-30.2
25.28	-8.759	-18.396	-47.5
25.29	-8.759	-18.481	-51.8
25.3	-8.758	-18.433	-45.1
25.31	-8.758	-18.307	-48.8
25.32	-8.758	-18.149	-47.0
25.33	-8.758	-17.966	-45.7
25.34	-8.759	-17.689	-35.3
25.35	-8.760	-17.327	-22.2
25.36	-8.761	-16.921	-35.5
25.37	-8.762	-16.461	-42.7
25.38	-8.763	-16.014	-50.2
25.39	-8.763	-15.666	-43.7
25.4	-8.764	-15.369	-40.0
25.41	-8.764	-14.993	-45.6
25.42	-8.764	-14.566	-20.0
25.43	-8.764	-14.252	-16.2
25.44	-8.764	-14.054	-27.2
25.45	-8.766	-13.942	-27.2
25.46	-8.768	-13.928	-22.5
25.47	-8.769	-13.943	-4.8
25.48	-8.770	-13.919	1.9
25.49	-8.770	-13.893	13.0
25.5	-8.770	-13.888	13.9
25.51	-8.769	-13.848	-17.9
25.52	-8.771	-13.768	-34.2
25.53	-8.772	-13.768	-25.4
25.54	-8.774	-13.871	-19.1
25.55	-8.776	-13.992	-37.6
25.56	-8.778	-14.068	-56.0
25.57	-8.781	-14.051	-46.9
25.58	-8.781	-13.952	-48.3
25.59	-8.781	-13.795	-26.3
25.6	-8.781	-13.611	169.0
25.61	-8.785	-13.467	522.2
25.62	-8.791	-13.363	644.7
25.63	-8.799	-13.331	396.0
25.64	-8.806	-13.434	143.1
25.65	-8.812	-13.572	34.4
25.66	-8.813	-13.650	-6.0
25.67	-8.808	-13.671	-20.7
25.68	-8.801	-13.619	-30.8
25.69	-8.796	-13.478	-28.1
25.7	-8.794	-13.246	-16.3
25.71	-8.792	-12.815	-5.3
25.72	-8.790	-11.711	-1.8
25.73	-8.789	-9.283	3.0
25.74	-8.788	-4.831	2.4
25.75	-8.788	2.318	11.4
25.76	-8.789	11.126	35.6
25.77	-8.789	17.773	57.0
25.78	-8.791	20.186	83.2
25.79	-8.793	20.450	96.7
25.8	-8.797	20.456	115.0
25.81	-8.802	20.452	146.0
25.82	-8.808	20.384	149.0
25.83	-8.814	19.046	138.0
25.84	-8.822	13.967	135.9
25.85	-8.832	5.530	137.6
25.86	-8.844	-3.051	122.5
25.87	-8.856	-10.093	75.0
25.88	-8.871	-15.331	20.9
25.89	-8.888	-18.628	-28.1
25.9	-8.906	-20.101	-65.7
25.91	-8.925	-20.434	-83.5
25.92	-8.946	-20.359	-89.5
25.93	-8.970	-19.929	-93.0
25.94	-8.992	-19.069	-96.4
25.95	-9.014	-18.161	-82.8
25.96	-9.035	-17.808	-85.2
25.97	-9.058	-18.400	-96.8
25.98	-9.081	-19.542	-64.5
25.99	-9.101	-20.286	-49.8
26.0	-9.120	-20.450	-64.4
26.01	-9.138	-20.456	-62.0
26.02	-9.156	-20.456	-67.0
26.03	-9.174	-20.456	-73.7
26.04	-9.191	-20.454	-71.3
26.05	-9.208	-20.352	-71.3
26.06	-9.224	-19.642	-65.9
26.07	-9.241	-17.977	-49.4
26.08	-9.258	-15.936	-52.7
26.09	-9.276	-14.225	-76.2
26.1	-9.294	-13.073	-73.2
26.11	-9.313	-12.471	-62.8
26.12	-9.331	-12.387	-60.4
26.13	-9.349	-12.813	-54.1
26.14	-9.366	-13.561	-64.0
26.15	-9.384	-14.424	-55.4
26.16	-9.402	-15.335	-41.7
26.17	-9.419	-16.201	-53.0
26.18	-9.436	-16.898	-57.6
26.19	-9.453	-17.411	-67.3
26.2	-9.468	-17.834	-66.8
26.21	-9.484	-18.153	-49.5
26.22	-9.500	-18.249	-36.8
26.23	-9.516	-18.192	-26.8
26.24	-9.532	-18.073	-38.8
26.25	-9.547	-17.780	-52.8
26.26	-9.562	-17.351	-41.3
26.27	-9.577	-16.997	-36.3
26.28	-9.592	-16.690	-40.3
26.29	-9.607	-16.316	-48.8
26.3	-9.622	-15.961	-46.8
26.31	-9.636	-15.669	-32.3
26.32	-9.651	-15.344	-34.7
26.33	-9.664	-14.966	-32.3
26.34	-9.677	-14.612	-33.9
26.35	-9.689	-14.346	-34.1
26.36	-9.702	-14.168	-26.0
26.37	-9.714	-14.022	-43.2
26.38	-9.726	-13.895	-41.0
26.39	-9.739	-13.883	-3.3
26.4	-9.751	-13.953	14.6
26.41	-9.763	-13.977	13.1
26.42	-9.774	-13.954	8.8
26.43	-9.786	-13.881	-12.8
26.44	-9.797	-13.736	-34.2
26.45	-9.808	-13.632	-33.0
26.46	-9.818	-13.680	-35.5
26.47	-9.828	-13.818	-41.7
26.48	-9.840	-13.929	-40.1
26.49	-9.851	-13.971	-33.8
26.5	-9.863	-13.921	-33.4
26.51	-9.874	-13.801	-57.5
26.52	-9.886	-13.666	11.5
26.53	-9.898	-13.575	299.2
26.54	-9.910	-13.519	576.8
26.55	-9.922	-13.396	501.9
26.56	-9.934	-13.282	239.3
26.57	-9.945	-13.342	68.7
26.58	-9.955	-13.453	-13.8
26.59	-9.961	-13.483	-18.9
26.6	-9.965	-13.485	-1.5
26.61	-9.967	-13.449	-11.5
26.62	-9.971	-13.333	-12.1
26.63	-9.978	-13.116	-13.7
26.64	-9.986	-12.656	-27.4
26.65	-9.994	-11.470	-19.0
26.66	-10.001	-8.785	9.0
26.67	-10.009	-3.862	30.3
26.68	-10.016	3.678	43.8
26.69	-10.024	12.368	53.9
26.7	-10.033	18.374	58.7
26.71	-10.044	20.286	73.6
26.72	-10.056	20.450	99.3
26.73	-10.068	20.456	122.9
26.74	-10.083	20.449	141.6
26.75	-10.098	20.164	150.2
26.76	-10.111	17.727	156.0
26.77	-10.124	11.233	159.8
26.78	-10.137	2.500	139.9
26.79	-10.150	-5.541	87.5
26.8	-10.163	-12.033	40.1
26.81	-10.176	-16.774	-2.3
26.82	-10.188	-19.461	-52.6
26.83	-10.200	-20.351	-88.4
26.84	-10.213	-20.443	-115.8
26.85	-10.226	-20.226	-106.5
26.86	-10.239	-19.459	-90.6
26.87	-10.251	-18.414	-105.1
26.88	-10.261	-17.770	-95.7
26.89	-10.271	-17.906	-81.4
26.9	-10.280	-18.868	-81.6
26.91	-10.288	-19.939	-86.6
26.92	-10.296	-20.399	-102.3
26.93	-10.305	-20.455	-91.5
26.94	-10.314	-20.456	-74.9
26.95	-10.324	-20.456	-81.8
26.96	-10.334	-20.454	-73.9
26.97	-10.346	-20.343	-64.9
26.98	-10.356	-19.545	-68.4
26.99	-10.366	-17.656	-73.7
27.0	-10.377	-15.412	-74.9
27.01	-10.388	-13.727	-76.3
27.02	-10.400	-12.642	-83.1
27.03	-10.411	-11.974	-73.8
27.04	-10.419	-11.831	-61.6
27.05	-10.426	-12.190	-62.4
27.06	-10.433	-12.808	-61.1
27.07	-10.439	-13.583	-70.1
27.08	-10.443	-14.503	-64.8
27.09	-10.446	-15.464	-52.2
27.1	-10.448	-16.364	-57.0
27.11	-10.449	-17.069	-59.4
27.12	-10.449	-17.482	-67.8
27.13	-10.448	-17.676	-64.9
27.14	-10.445	-17.672	-57.1
27.15	-10.440	-17.523	-44.2
27.16	-10.433	-17.441	-29.8
27.17	-10.422	-17.401	-46.1
27.18	-10.411	-17.218	-56.4
27.19	-10.398	-16.933	-59.5
27.2	-10.383	-16.613	-69.8
27.21	-10.368	-16.259	-70.6
27.22	-10.353	-15.907	-48.4
27.23	-10.338	-15.556	-14.1
27.24	-10.323	-15.246	3.6
27.25	-10.304	-15.044	9.9
27.26	-10.281	-14.873	4.5
27.27	-10.258	-14.639	-26.7
27.28	-10.234	-14.387	-46.9
27.29	-10.210	-14.178	-41.5
27.3	-10.186	-14.019	-55.7
27.31	-10.163	-13.919	-72.5
27.32	-10.139	-13.849	-54.2
27.33	-10.117	-13.763	-38.3
27.34	-10.094	-13.716	-52.8
27.35	-10.067	-13.771	-65.9
27.36	-10.037	-13.867	-6.6
27.37	-10.008	-13.888	228.2
27.38	-9.982	-13.809	499.3
27.39	-9.955	-13.711	455.1
27.4	-9.926	-13.666	191.9
27.41	-9.896	-13.709	38.4
27.42	-9.866	-13.806	9.7
27.43	-9.836	-13.921	-6.5
27.44	-9.804	-13.997	-35.8
27.45	-9.771	-13.928	-31.7
27.46	-9.741	-13.784	-19.4
27.47	-9.712	-13.689	-6.2
27.48	-9.686	-13.506	11.4
27.49	-9.661	-12.853	10.2
27.5	-9.636	-11.208	4.3
27.51	-9.610	-7.921	6.2
27.52	-9.584	-2.404	27.3
27.53	-9.558	5.285	49.9
27.54	-9.534	13.366	67.6
27.55	-9.511	18.646	87.2
27.56	-9.489	20.304	106.1
27.57	-9.467	20.450	133.1
27.58	-9.447	20.453	169.7
27.59	-9.428	20.406	185.9
27.6	-9.409	19.346	186.0
27.61	-9.391	14.867	170.1
27.62	-9.374	6.804	142.6
27.63	-9.357	-1.904	103.7
27.64	-9.342	-9.305	56.6
27.65	-9.328	-15.004	10.3
27.66	-9.313	-18.672	-56.4
27.67	-9.298	-20.187	-97.2
27.68	-9.285	-20.448	-98.6
27.69	-9.273	-20.455	-100.0
27.7	-9.261	-20.443	-93.9
27.71	-9.249	-20.344	-83.8
27.72	-9.235	-20.189	-94.3
27.73	-9.222	-20.213	-99.0
27.74	-9.209	-20.376	-84.3
27.75	-9.196	-20.451	-91.1
27.76	-9.183	-20.456	-99.1
27.77	-9.168	-20.456	-80.2
27.78	-9.153	-20.456	-88.2
27.79	-9.139	-20.455	-97.6
27.8	-9.126	-20.381	-72.7
27.81	-9.113	-19.726	-63.0
27.82	-9.100	-17.945	-65.0
27.83	-9.088	-15.525	-73.2
27.84	-9.078	-13.358	-69.0
27.85	-9.068	-12.073	-66.3
27.86	-9.058	-11.874	-78.2
27.87	-9.047	-11.758	-62.0
27.88	-9.037	-11.404	-60.8
27.89	-9.027	-11.808	-68.0
27.9	-9.017	-13.174	-48.7
27.91	-9.006	-14.883	-55.4
27.92	-8.994	-16.258	-65.5
27.93	-8.983	-17.111	-70.5
27.94	-8.971	-17.734	-73.3
27.95	-8.960	-18.383	-56.0
27.96	-8.950	-18.680	-54.4
27.97	-8.941	-18.543	-56.6
27.98	-8.931	-18.618	-42.0
27.99	-8.922	-18.889	-39.4
28.0	-8.913	-19.245	-57.9
28.01	-8.905	-18.968	-60.7
28.02	-8.897	-18.029	-47.9
28.03	-8.888	-17.529	-34.2
28.04	-8.880	-17.206	-27.3
28.05	-8.871	-16.782	-30.2
28.06	-8.864	-16.291	-18.2
28.07	-8.856	-15.670	-3.4
28.08	-8.848	-15.186	1.2
28.09	-8.841	-14.862	-17.8
28.1	-8.834	-14.452	-45.6
28.11	-8.827	-13.936	-36.1
28.12	-8.820	-13.476	-38.7
28.13	-8.814	-13.224	-64.8
28.14	-8.808	-13.153	-58.2
28.15	-8.801	-13.068	-38.8
28.16	-8.794	-12.818	-46.4
28.17	-8.787	-12.414	-71.3
28.18	-8.779	-12.086	4.9
28.19	-8.770	-12.024	302.8
28.2	-8.763	-12.047	601.8
28.21	-8.755	-12.271	526.9
28.22	-8.748	-12.619	242.9
28.23	-8.741	-13.073	68.5
28.24	-8.734	-12.569	-3.1
28.25	-8.727	-9.523	-23.1
28.26	-8.718	-6.085	-25.8
28.27	-8.709	-3.066	-29.4
28.28	-8.699	-0.758	-39.5
28.29	-8.690	-0.974	-35.0
28.3	-8.682	-1.393	-22.8
28.31	-8.675	0.649	-16.5
28.32	-8.668	4.773	-1.2
28.33	-8.661	10.506	1.1
28.34	-8.654	16.523	9.3
28.35	-8.648	19.817	40.2
28.36	-8.641	20.437	60.9
28.37	-8.636	20.454	74.9
28.38	-8.630	20.456	98.5
28.39	-8.625	20.456	116.7
28.4	-8.621	20.456	143.6
28.41	-8.617	20.456	160.5
28.42	-8.614	20.456	147.8
28.43	-8.612	20.456	148.5
28.44	-8.610	20.456	138.0
28.45	-8.609	20.456	82.3
28.46	-8.608	20.456	17.4
28.47	-8.607	20.456	-27.8
28.48	-8.606	20.455	-64.9
28.49	-8.605	20.453	-98.4
28.5	-8.605	20.341	-109.5
28.51	-8.606	19.913	-109.1
28.52	-8.607	19.716	-109.1
28.53	-8.606	20.116	-109.9
28.54	-8.606	20.424	-124.8
28.55	-8.608	20.454	-139.3
28.56	-8.611	20.456	-116.4
28.57	-8.613	20.456	-97.0
28.58	-8.613	20.456	-115.0
28.59	-8.613	20.456	-113.6
28.6	-8.615	20.456	-91.8
28.61	-8.617	20.456	-79.3
28.62	-8.619	20.456	-76.7
28.63	-8.620	20.456	-92.2
28.64	-8.621	20.456	-92.3
28.65	-8.621	20.456	-69.5
28.66	-8.622	20.456	-67.8
28.67	-8.624	20.456	-68.3
28.68	-8.628	20.456	-52.4
28.69	-8.633	20.456	-47.6
28.7	-8.639	20.456	-49.8
28.71	-8.645	20.456	-35.2
28.72	-8.651	20.456	-26.5
28.73	-8.657	20.456	-56.2
28.74	-8.661	20.456	-84.0
28.75	-8.664	20.456	-70.1
28.76	-8.668	20.456	-51.5
28.77	-8.671	20.456	-58.8
28.78	-8.673	20.456	-62.8
28.79	-8.676	20.456	-55.9
28.8	-8.679	20.456	-47.1
28.81	-8.681	20.456	-41.1
28.82	-8.684	20.456	-50.3
28.83	-8.688	20.456	-55.2
28.84	-8.692	20.456	-60.6
28.85	-8.696	20.456	-69.4
28.86	-8.699	20.456	-63.7
28.87	-8.703	20.456	-58.8
28.88	-8.707	20.456	-40.3
28.89	-8.711	20.456	-9.2
28.9	-8.716	20.456	-8.5
28.91	-8.721	20.456	-31.1
28.92	-8.726	20.456	-39.8
28.93	-8.729	20.456	-40.4
28.94	-8.732	20.456	-52.6
28.95	-8.738	20.456	-50.3
28.96	-8.745	20.456	-49.7
28.97	-8.752	20.456	-73.4
28.98	-8.761	20.456	-71.8
28.99	-8.772	20.456	-48.4
29.0	-8.784	20.456	-48.2
29.01	-8.796	20.456	-88.5
29.02	-8.808	20.456	-83.8
29.03	-8.822	20.456	119.7
29.04	-8.839	20.456	482.5
