Interval=	0.01 s
ExcelDateTime=	3.9778677043097770e+004	26/11/2008 16:14:56.523647
TimeFormat=	StartOfBlock
ChannelTitle=	Channel 1	Channel 2	Channel 3
Range=	20.000 mV	20.000 mV	1000.0 µV
0.0	-10.119	-20.081	-5.0
0.01	-10.117	-18.522	-33.8
0.02	-10.113	-15.842	-64.8
0.03	-10.108	-13.500	-79.9
0.04	-10.101	-12.167	-79.8
0.05	-10.092	-11.471	-71.0
0.06	-10.083	-11.316	-63.7
0.07	-10.071	-11.850	-61.9
0.08	-10.061	-13.063	-65.2
0.09	-10.050	-14.673	-72.9
0.1	-10.040	-16.331	-72.3
0.11	-10.031	-17.948	-62.8
0.12	-10.021	-19.367	-66.9
0.13	-10.013	-20.204	-72.5
0.14	-10.003	-20.439	-65.8
0.15	-9.994	-20.456	-52.4
0.16	-9.985	-20.456	-37.1
0.17	-9.975	-20.456	-51.7
0.18	-9.965	-20.456	-79.0
0.19	-9.954	-20.456	-72.6
0.2	-9.943	-20.456	-46.5
0.21	-9.930	-20.453	-34.9
0.22	-9.917	-20.388	-44.0
0.23	-9.904	-20.122	-37.0
0.24	-9.891	-19.607	-28.7
0.25	-9.878	-18.948	-39.9
0.26	-9.866	-18.266	-26.6
0.27	-9.855	-17.634	-8.4
0.28	-9.844	-17.083	-0.9
0.29	-9.832	-16.626	9.3
0.3	-9.819	-16.258	-8.0
0.31	-9.806	-15.950	-42.0
0.32	-9.794	-15.694	-56.1
0.33	-9.781	-15.479	-56.4
0.34	-9.769	-15.303	-52.4
0.35	-9.758	-15.178	-39.9
0.36	-9.745	-15.136	-32.0
0.37	-9.732	-15.194	-42.2
0.38	-9.717	-15.274	-73.2
0.39	-9.699	-15.274	-62.8
0.4	-9.679	-15.214	179.1
0.41	-9.662	-15.206	579.3
0.42	-9.646	-15.269	671.1
0.43	-9.630	-15.387	380.9
0.44	-9.611	-15.579	115.2
0.45	-9.592	-15.806	28.4
0.46	-9.572	-15.959	2.8
0.47	-9.549	-15.946	-19.2
0.48	-9.523	-15.796	-21.3
0.49	-9.496	-15.630	-21.8
0.5	-9.469	-15.531	-27.1
0.51	-9.444	-15.407	-18.5
0.52	-9.420	-14.897	-6.8
0.53	-9.397	-13.359	3.3
0.54	-9.374	-9.869	22.7
0.55	-9.353	-3.297	40.0
0.56	-9.334	6.483	49.5
0.57	-9.316	15.623	82.6
0.58	-9.299	19.816	105.5
0.59	-9.283	20.444	106.5
0.6	-9.269	20.454	134.1
0.61	-9.256	20.456	170.6
0.62	-9.244	20.456	193.5
0.63	-9.233	20.447	203.8
0.64	-9.223	20.214	204.2
0.65	-9.213	17.634	190.3
0.66	-9.203	9.859	140.1
0.67	-9.194	-1.257	64.1
0.68	-9.184	-11.289	-2.2
0.69	-9.173	-17.706	-52.1
0.7	-9.161	-20.117	-80.4
0.71	-9.151	-20.450	-91.9
0.72	-9.143	-20.456	-107.8
0.73	-9.134	-20.456	-124.2
0.74	-9.124	-20.456	-122.5
0.75	-9.114	-20.456	-113.0
0.76	-9.105	-20.456	-111.5
0.77	-9.098	-20.456	-113.1
0.78	-9.090	-20.456	-119.3
0.79	-9.081	-20.456	-119.9
0.8	-9.072	-20.456	-114.9
0.81	-9.062	-20.456	-100.7
0.82	-9.051	-20.456	-88.1
0.83	-9.043	-20.456	-91.5
0.84	-9.033	-20.454	-86.5
0.85	-9.025	-20.316	-83.6
0.86	-9.018	-19.334	-85.1
0.87	-9.012	-17.056	-82.1
0.88	-9.006	-14.361	-81.9
0.89	-9.001	-12.275	-79.7
0.9	-8.996	-11.071	-83.4
0.91	-8.991	-10.726	-81.8
0.92	-8.987	-11.182	-69.6
0.93	-8.983	-12.282	-70.9
0.94	-8.979	-13.758	-76.7
0.95	-8.975	-15.405	-72.2
0.96	-8.971	-17.105	-66.6
0.97	-8.966	-18.716	-68.7
0.98	-8.962	-19.892	-67.7
0.99	-8.957	-20.382	-68.4
1.0	-8.954	-20.455	-66.2
1.01	-8.950	-20.456	-58.5
1.02	-8.946	-20.456	-57.4
1.03	-8.943	-20.456	-52.3
1.04	-8.939	-20.456	-49.8
1.05	-8.935	-20.456	-56.6
1.06	-8.931	-20.436	-52.6
1.07	-8.928	-20.274	-47.9
1.08	-8.924	-19.817	-49.3
1.09	-8.921	-19.183	-47.3
1.1	-8.918	-18.627	-52.6
1.11	-8.916	-18.188	-44.9
1.12	-8.913	-17.762	-30.9
1.13	-8.911	-17.301	-16.0
1.14	-8.910	-16.833	7.0
1.15	-8.908	-16.379	1.1
1.16	-8.906	-15.919	-16.2
1.17	-8.904	-15.490	-18.4
1.18	-8.902	-15.196	-27.6
1.19	-8.900	-15.065	-42.8
1.2	-8.898	-14.993	-39.8
1.21	-8.896	-14.889	-38.1
1.22	-8.895	-14.823	-43.5
1.23	-8.894	-14.886	-41.1
1.24	-8.894	-14.991	-54.1
1.25	-8.895	-15.029	-75.0
1.26	-8.894	-15.039	-65.8
1.27	-8.894	-15.082	100.5
1.28	-8.894	-15.091	492.8
1.29	-8.895	-15.011	738.1
1.3	-8.895	-14.951	534.9
1.31	-8.897	-15.029	204.3
1.32	-8.902	-15.219	45.6
1.33	-8.907	-15.428	3.0
1.34	-8.906	-15.536	-19.6
1.35	-8.899	-15.488	-39.0
1.36	-8.892	-15.326	-34.7
1.37	-8.886	-15.122	-18.0
1.38	-8.881	-14.901	-11.2
1.39	-8.875	-14.429	-11.4
1.4	-8.868	-13.024	-7.8
1.41	-8.860	-9.674	14.9
1.42	-8.853	-3.258	39.3
1.43	-8.845	6.431	46.7
1.44	-8.839	15.594	52.1
1.45	-8.834	19.813	78.9
1.46	-8.831	20.444	121.9
1.47	-8.828	20.454	143.8
1.48	-8.826	20.456	151.5
1.49	-8.825	20.456	175.1
1.5	-8.824	20.447	196.3
1.51	-8.824	20.244	193.7
1.52	-8.824	17.808	176.4
1.53	-8.825	10.186	153.0
1.54	-8.826	-0.950	99.6
1.55	-8.828	-11.114	31.6
1.56	-8.829	-17.651	-26.1
1.57	-8.831	-20.115	-78.0
1.58	-8.832	-20.451	-91.4
1.59	-8.836	-20.456	-91.9
1.6	-8.842	-20.456	-100.0
1.61	-8.846	-20.456	-85.6
1.62	-8.848	-20.456	-75.4
1.63	-8.853	-20.456	-89.5
1.64	-8.860	-20.456	-99.1
1.65	-8.868	-20.456	-97.2
1.66	-8.876	-20.456	-87.5
1.67	-8.883	-20.456	-81.5
1.68	-8.891	-20.456	-78.0
1.69	-8.901	-20.456	-72.0
1.7	-8.911	-20.456	-69.2
1.71	-8.924	-20.456	-62.8
1.72	-8.939	-20.451	-65.0
1.73	-8.956	-20.261	-65.3
1.74	-8.974	-19.188	-52.1
1.75	-8.992	-16.981	-58.9
1.76	-9.011	-14.563	-66.0
1.77	-9.029	-12.744	-59.4
1.78	-9.047	-11.738	-56.2
1.79	-9.067	-11.569	-43.2
1.8	-9.086	-12.137	-55.0
1.81	-9.105	-13.263	-65.0
1.82	-9.123	-14.725	-45.2
1.83	-9.141	-16.301	-49.2
1.84	-9.158	-17.822	-53.5
1.85	-9.175	-19.147	-43.6
1.86	-9.192	-20.046	-36.2
1.87	-9.209	-20.404	-40.2
1.88	-9.226	-20.456	-46.2
1.89	-9.244	-20.456	-41.9
1.9	-9.263	-20.456	-40.9
1.91	-9.283	-20.456	-38.9
1.92	-9.302	-20.453	-35.5
1.93	-9.322	-20.381	-20.7
1.94	-9.341	-20.108	-9.3
1.95	-9.361	-19.674	-19.0
1.96	-9.381	-19.201	-31.3
1.97	-9.401	-18.681	-32.2
1.98	-9.421	-18.169	-15.6
1.99	-9.440	-17.727	-5.9
2.0	-9.459	-17.321	-15.5
2.01	-9.478	-16.906	-17.8
2.02	-9.497	-16.553	-10.7
2.03	-9.516	-16.293	-5.3
2.04	-9.536	-15.979	-0.8
2.05	-9.556	-15.569	10.2
2.06	-9.576	-15.205	30.2
2.07	-9.595	-15.019	43.6
2.08	-9.615	-15.006	35.9
2.09	-9.634	-15.047	7.7
2.1	-9.654	-15.058	-21.2
2.11	-9.673	-15.040	-24.3
2.12	-9.692	-15.021	-8.0
2.13	-9.711	-15.003	-3.0
2.14	-9.730	-14.971	-10.2
2.15	-9.749	-14.918	-7.5
2.16	-9.766	-14.848	-20.0
2.17	-9.782	-14.771	-57.1
2.18	-9.797	-14.731	51.8
2.19	-9.813	-14.764	430.9
2.2	-9.829	-14.814	748.1
2.21	-9.845	-14.801	628.6
2.22	-9.862	-14.739	289.2
2.23	-9.879	-14.711	95.3
2.24	-9.897	-14.723	43.1
2.25	-9.912	-14.763	14.3
2.26	-9.922	-14.828	-2.4
2.27	-9.929	-14.874	-11.6
2.28	-9.936	-14.874	-14.5
2.29	-9.944	-14.771	4.3
2.3	-9.953	-14.348	17.1
2.31	-9.962	-13.083	22.3
2.32	-9.970	-10.103	34.3
2.33	-9.979	-4.322	46.8
2.34	-9.989	4.847	64.0
2.35	-9.999	14.390	82.4
2.36	-10.010	19.449	97.7
2.37	-10.022	20.422	113.8
2.38	-10.034	20.453	138.4
2.39	-10.048	20.456	177.2
2.4	-10.062	20.456	207.4
2.41	-10.075	20.449	215.1
2.42	-10.089	20.320	213.4
2.43	-10.103	18.234	202.3
2.44	-10.118	10.963	173.0
2.45	-10.133	-0.391	129.4
2.46	-10.148	-11.058	67.8
2.47	-10.161	-17.771	1.3
2.48	-10.172	-20.158	-45.2
2.49	-10.183	-20.453	-69.6
2.5	-10.196	-20.456	-80.2
2.51	-10.211	-20.456	-85.9
2.52	-10.224	-20.456	-85.0
2.53	-10.236	-20.456	-77.9
2.54	-10.248	-20.456	-81.1
2.55	-10.261	-20.456	-83.8
2.56	-10.273	-20.456	-82.8
2.57	-10.283	-20.456	-90.2
2.58	-10.293	-20.456	-79.7
2.59	-10.303	-20.456	-67.3
2.6	-10.313	-20.456	-70.3
2.61	-10.324	-20.456	-61.8
2.62	-10.334	-20.455	-57.2
2.63	-10.347	-20.436	-64.7
2.64	-10.359	-20.044	-68.5
2.65	-10.371	-18.554	-69.2
2.66	-10.383	-16.099	-59.0
2.67	-10.395	-13.753	-58.8
2.68	-10.407	-12.176	-62.8
2.69	-10.419	-11.401	-49.3
2.7	-10.431	-11.254	-52.4
2.71	-10.442	-11.629	-56.8
2.72	-10.453	-12.549	-51.3
2.73	-10.463	-13.965	-62.3
2.74	-10.473	-15.644	-65.0
2.75	-10.483	-17.291	-51.1
2.76	-10.493	-18.669	-51.4
2.77	-10.503	-19.670	-53.1
2.78	-10.513	-20.240	-43.6
2.79	-10.523	-20.433	-50.6
2.8	-10.533	-20.456	-47.1
2.81	-10.544	-20.456	-39.5
2.82	-10.556	-20.456	-59.4
2.83	-10.566	-20.454	-58.7
2.84	-10.577	-20.408	-46.7
2.85	-10.587	-20.180	-48.5
2.86	-10.596	-19.713	-44.2
2.87	-10.606	-19.166	-32.0
2.88	-10.615	-18.673	-22.8
2.89	-10.626	-18.198	-10.9
2.9	-10.638	-17.680	9.1
2.91	-10.649	-17.125	10.6
2.92	-10.659	-16.582	2.5
2.93	-10.669	-16.073	-16.2
2.94	-10.676	-15.637	-42.9
2.95	-10.683	-15.344	-40.3
2.96	-10.691	-15.155	-33.3
2.97	-10.698	-14.978	-35.6
2.98	-10.705	-14.811	-26.7
2.99	-10.713	-14.693	-18.9
3.0	-10.721	-14.613	-25.2
3.01	-10.727	-14.498	-53.4
3.02	-10.731	-14.346	-33.8
3.03	-10.735	-14.275	209.6
3.04	-10.740	-14.314	576.0
3.05	-10.746	-14.353	608.1
3.06	-10.749	-14.354	303.9
3.07	-10.751	-14.412	98.4
3.08	-10.750	-14.626	50.2
3.09	-10.746	-14.933	20.0
3.1	-10.738	-15.141	-8.4
3.11	-10.721	-15.161	-19.9
3.12	-10.701	-15.088	-7.7
3.13	-10.681	-15.028	-3.2
3.14	-10.663	-14.953	-1.0
3.15	-10.646	-14.641	7.4
3.16	-10.629	-13.561	20.3
3.17	-10.611	-10.800	41.7
3.18	-10.589	-5.265	50.6
3.19	-10.566	3.676	62.8
3.2	-10.539	13.435	86.0
3.21	-10.509	19.101	109.0
3.22	-10.477	20.399	133.8
3.23	-10.444	20.453	153.9
3.24	-10.409	20.456	169.9
3.25	-10.376	20.456	191.4
3.26	-10.342	20.448	208.0
3.27	-10.309	20.214	209.8
3.28	-10.277	17.672	183.3
3.29	-10.244	9.989	125.4
3.3	-10.213	-1.143	60.4
3.31	-10.179	-11.336	9.3
3.32	-10.144	-17.816	-40.8
3.33	-10.108	-20.159	-84.9
3.34	-10.074	-20.452	-110.7
3.35	-10.046	-20.456	-119.7
3.36	-10.017	-20.456	-113.9
3.37	-9.986	-20.456	-123.9
3.38	-9.953	-20.456	-129.3
3.39	-9.920	-20.456	-112.6
3.4	-9.890	-20.456	-106.2
3.41	-9.859	-20.456	-121.0
3.42	-9.828	-20.456	-122.6
3.43	-9.796	-20.456	-105.2
3.44	-9.763	-20.456	-107.6
3.45	-9.731	-20.456	-115.9
3.46	-9.701	-20.455	-111.8
3.47	-9.671	-20.432	-99.6
3.48	-9.643	-19.979	-90.3
3.49	-9.616	-18.259	-98.6
3.5	-9.589	-15.449	-101.2
3.51	-9.564	-12.747	-84.8
3.52	-9.541	-10.783	-84.6
3.53	-9.518	-9.606	-105.6
3.54	-9.496	-9.280	-108.4
3.55	-9.474	-9.866	-94.1
3.56	-9.454	-11.193	-93.8
3.57	-9.434	-12.865	-94.7
3.58	-9.415	-14.561	-91.4
3.59	-9.396	-16.216	-89.9
3.6	-9.377	-17.830	-86.0
3.61	-9.358	-19.223	-85.3
3.62	-9.340	-20.101	-82.4
3.63	-9.322	-20.416	-87.6
3.64	-9.304	-20.456	-87.6
3.65	-9.286	-20.456	-85.7
3.66	-9.269	-20.456	-90.3
3.67	-9.252	-20.451	-65.3
3.68	-9.237	-20.368	-49.6
3.69	-9.221	-20.119	-69.9
3.7	-9.206	-19.754	-78.4
3.71	-9.191	-19.279	-76.2
3.72	-9.176	-18.672	-70.3
3.73	-9.161	-18.066	-46.0
3.74	-9.146	-17.571	-27.5
3.75	-9.131	-17.130	-18.3
3.76	-9.117	-16.648	-17.4
3.77	-9.103	-16.129	-32.1
3.78	-9.089	-15.687	-51.8
3.79	-9.075	-15.371	-72.9
3.8	-9.061	-15.108	-85.2
3.81	-9.047	-14.838	-77.4
3.82	-9.035	-14.590	-65.0
3.83	-9.024	-14.436	-60.6
3.84	-9.013	-14.417	-63.4
3.85	-9.001	-14.424	-87.0
3.86	-8.989	-14.301	-82.8
3.87	-8.976	-14.116	115.2
3.88	-8.964	-14.059	507.0
3.89	-8.954	-14.181	675.6
3.9	-8.944	-14.391	425.0
3.91	-8.936	-14.558	120.1
3.92	-8.929	-14.656	-6.1
3.93	-8.922	-14.792	-23.1
3.94	-8.912	-15.011	-34.4
3.95	-8.899	-15.219	-63.3
3.96	-8.886	-15.289	-70.7
3.97	-8.871	-15.209	-60.2
3.98	-8.856	-15.019	-49.6
3.99	-8.842	-14.519	-49.9
4.0	-8.829	-13.148	-42.7
4.01	-8.816	-10.014	-21.5
4.02	-8.803	-4.037	-6.7
4.03	-8.791	5.276	11.8
4.04	-8.780	14.721	28.2
4.05	-8.769	19.553	43.7
4.06	-8.760	20.429	66.1
4.07	-8.752	20.453	90.4
4.08	-8.744	20.456	117.3
4.09	-8.738	20.456	133.8
4.1	-8.732	20.448	140.8
4.11	-8.726	20.081	147.4
4.12	-8.721	16.829	128.8
4.13	-8.717	8.012	89.9
4.14	-8.714	-3.837	42.6
4.15	-8.711	-13.732	-28.6
4.16	-8.709	-18.996	-86.1
4.17	-8.705	-20.368	-124.2
4.18	-8.701	-20.452	-152.2
4.19	-8.701	-20.456	-159.6
4.2	-8.700	-20.456	-163.8
4.21	-8.697	-20.456	-157.9
4.22	-8.694	-20.456	-156.0
4.23	-8.694	-20.456	-160.9
4.24	-8.696	-20.456	-160.0
4.25	-8.698	-20.456	-165.2
4.26	-8.698	-20.456	-162.7
4.27	-8.697	-20.456	-144.3
4.28	-8.697	-20.456	-132.5
4.29	-8.697	-20.456	-140.8
4.3	-8.697	-20.456	-145.2
4.31	-8.699	-20.453	-142.1
4.32	-8.700	-20.289	-142.3
4.33	-8.701	-19.256	-135.6
4.34	-8.703	-16.986	-127.1
4.35	-8.705	-14.403	-127.7
4.36	-8.708	-12.431	-122.0
4.37	-8.712	-11.211	-117.4
4.38	-8.717	-10.679	-133.4
4.39	-8.723	-10.841	-135.4
4.4	-8.730	-11.713	-124.6
4.41	-8.737	-13.103	-127.2
4.42	-8.742	-14.679	-127.9
4.43	-8.748	-16.254	-124.9
4.44	-8.752	-17.798	-128.1
4.45	-8.757	-19.177	-132.0
4.46	-8.763	-20.082	-125.8
4.47	-8.770	-20.414	-119.3
4.48	-8.777	-20.456	-125.5
4.49	-8.786	-20.456	-120.5
4.5	-8.796	-20.456	-112.0
4.51	-8.806	-20.453	-118.6
4.52	-8.816	-20.387	-121.5
4.53	-8.826	-20.128	-119.4
4.54	-8.837	-19.686	-115.2
4.55	-8.849	-19.197	-108.8
4.56	-8.861	-18.704	-110.3
4.57	-8.874	-18.230	-108.9
4.58	-8.886	-17.759	-103.2
4.59	-8.899	-17.190	-107.3
4.6	-8.912	-16.656	-93.6
4.61	-8.926	-16.319	-75.5
4.62	-8.941	-15.961	-70.5
4.63	-8.956	-15.462	-57.6
4.64	-8.972	-15.032	-66.2
4.65	-8.988	-14.811	-89.5
4.66	-9.002	-14.691	-102.4
4.67	-9.016	-14.522	-111.4
4.68	-9.031	-14.391	-107.6
4.69	-9.046	-14.438	-109.4
4.7	-9.062	-14.583	-114.3
4.71	-9.080	-14.668	-102.4
4.72	-9.099	-14.614	-98.5
4.73	-9.118	-14.473	-126.0
4.74	-9.137	-14.381	-94.0
4.75	-9.156	-14.433	189.1
4.76	-9.178	-14.578	587.2
4.77	-9.199	-14.650	630.0
4.78	-9.221	-14.634	318.3
4.79	-9.246	-14.660	63.8
4.8	-9.272	-14.728	-27.4
4.81	-9.296	-14.771	-65.1
4.82	-9.314	-14.791	-105.5
4.83	-9.328	-14.810	-123.6
4.84	-9.339	-14.792	-102.7
4.85	-9.349	-14.669	-85.0
4.86	-9.361	-14.282	-79.6
4.87	-9.374	-13.235	-76.8
4.88	-9.387	-10.796	-74.2
4.89	-9.400	-5.860	-47.2
4.9	-9.413	2.652	-29.3
4.91	-9.426	12.657	-30.0
4.92	-9.440	18.864	-12.2
4.93	-9.455	20.384	16.1
4.94	-9.471	20.452	39.0
4.95	-9.488	20.456	56.2
4.96	-9.505	20.456	78.7
4.97	-9.524	20.451	104.0
4.98	-9.543	20.380	115.2
4.99	-9.564	18.826	108.7
5.0	-9.584	12.451	81.3
5.01	-9.604	1.411	31.8
5.02	-9.623	-9.678	-17.7
5.03	-9.641	-17.104	-65.7
5.04	-9.658	-20.019	-118.7
5.05	-9.674	-20.447	-157.0
5.06	-9.692	-20.455	-176.9
5.07	-9.711	-20.456	-187.3
5.08	-9.731	-20.456	-190.6
5.09	-9.750	-20.456	-181.6
5.1	-9.768	-20.456	-173.6
5.11	-9.787	-20.456	-176.0
5.12	-9.805	-20.456	-176.0
5.13	-9.822	-20.456	-182.6
5.14	-9.839	-20.456	-175.6
5.15	-9.855	-20.456	-158.8
5.16	-9.871	-20.456	-165.7
5.17	-9.888	-20.456	-169.0
5.18	-9.904	-20.456	-155.1
5.19	-9.921	-20.454	-151.0
5.2	-9.939	-20.316	-158.7
5.21	-9.957	-19.389	-159.6
5.22	-9.976	-17.303	-151.6
5.23	-9.994	-14.890	-143.9
5.24	-10.013	-12.991	-140.5
5.25	-10.030	-11.771	-145.6
5.26	-10.046	-11.303	-151.0
5.27	-10.063	-11.606	-150.7
5.28	-10.080	-12.522	-156.7
5.29	-10.098	-13.821	-155.9
5.3	-10.116	-15.321	-148.2
5.31	-10.135	-16.877	-151.2
5.32	-10.154	-18.344	-145.1
5.33	-10.172	-19.531	-129.8
5.34	-10.190	-20.219	-130.8
5.35	-10.208	-20.435	-134.9
5.36	-10.225	-20.456	-125.8
5.37	-10.242	-20.456	-121.7
5.38	-10.258	-20.456	-127.3
5.39	-10.273	-20.456	-122.7
5.4	-10.288	-20.455	-122.6
5.41	-10.303	-20.418	-131.5
5.42	-10.318	-20.229	-129.4
5.43	-10.331	-19.829	-120.4
5.44	-10.346	-19.297	-118.7
5.45	-10.359	-18.698	-126.3
5.46	-10.373	-18.058	-113.8
5.47	-10.387	-17.443	-86.3
5.48	-10.401	-16.883	-66.4
5.49	-10.416	-16.308	-64.9
5.5	-10.430	-15.711	-86.3
5.51	-10.444	-15.211	-110.9
5.52	-10.458	-14.872	-123.9
5.53	-10.472	-14.651	-125.7
5.54	-10.486	-14.498	-126.5
5.55	-10.501	-14.404	-129.2
5.56	-10.516	-14.361	-125.8
5.57	-10.531	-14.341	-120.8
5.58	-10.545	-14.336	-126.6
5.59	-10.557	-14.396	-118.8
5.6	-10.568	-14.531	39.5
5.61	-10.580	-14.613	403.3
5.62	-10.591	-14.528	588.0
5.63	-10.600	-14.364	341.9
5.64	-10.606	-14.360	54.4
5.65	-10.612	-14.649	-38.9
5.66	-10.613	-15.059	-63.5
5.67	-10.608	-15.276	-88.5
5.68	-10.598	-15.270	-106.9
5.69	-10.584	-15.319	-105.8
5.7	-10.572	-15.560	-110.2
5.71	-10.563	-15.753	-102.6
5.72	-10.556	-15.473	-78.3
5.73	-10.551	-14.187	-69.9
5.74	-10.546	-11.046	-60.3
5.75	-10.539	-4.886	-44.9
5.76	-10.532	4.803	-28.8
5.77	-10.522	14.588	-10.9
5.78	-10.509	19.547	6.1
5.79	-10.493	20.430	27.9
5.8	-10.474	20.453	51.9
5.81	-10.454	20.456	83.3
5.82	-10.434	20.456	109.7
5.83	-10.414	20.447	125.8
5.84	-10.392	20.239	123.9
5.85	-10.368	17.764	94.3
5.86	-10.342	10.048	51.4
5.87	-10.316	-1.314	7.7
5.88	-10.287	-11.716	-44.0
5.89	-10.258	-18.098	-107.5
5.9	-10.228	-20.223	-150.0
5.91	-10.199	-20.452	-169.6
5.92	-10.178	-20.456	-185.8
5.93	-10.158	-20.456	-194.2
5.94	-10.134	-20.456	-192.5
5.95	-10.107	-20.456	-179.7
5.96	-10.080	-20.456	-170.8
5.97	-10.056	-20.456	-173.2
5.98	-10.033	-20.456	-186.7
5.99	-10.009	-20.456	-183.0
6.0	-9.983	-20.456	-171.3
6.01	-9.958	-20.456	-176.6
6.02	-9.933	-20.456	-167.8
6.03	-9.908	-20.456	-155.0
6.04	-9.884	-20.448	-150.0
6.05	-9.859	-20.200	-148.7
6.06	-9.834	-18.887	-142.3
6.07	-9.808	-16.287	-144.1
6.08	-9.783	-13.533	-166.5
6.09	-9.758	-11.514	-161.8
6.1	-9.734	-10.323	-143.6
6.11	-9.712	-9.839	-143.0
6.12	-9.689	-9.969	-140.9
6.13	-9.667	-10.711	-133.4
6.14	-9.644	-12.053	-131.6
6.15	-9.622	-13.817	-147.3
6.16	-9.599	-15.670	-165.5
6.17	-9.577	-17.378	-153.2
6.18	-9.555	-18.883	-128.4
6.19	-9.534	-19.956	-133.5
6.2	-9.512	-20.391	-138.7
6.21	-9.490	-20.454	-122.4
6.22	-9.469	-20.456	-118.8
6.23	-9.448	-20.456	-134.7
6.24	-9.428	-20.456	-147.3
6.25	-9.408	-20.449	-146.5
6.26	-9.389	-20.343	-129.4
6.27	-9.371	-19.984	-107.7
6.28	-9.354	-19.447	-96.3
6.29	-9.336	-18.911	-106.4
6.3	-9.318	-18.343	-121.2
6.31	-9.301	-17.698	-107.7
6.32	-9.283	-17.099	-69.4
6.33	-9.267	-16.615	-55.6
6.34	-9.252	-16.181	-77.6
6.35	-9.236	-15.740	-93.0
6.36	-9.221	-15.338	-104.0
6.37	-9.206	-15.064	-103.6
6.38	-9.192	-14.926	-104.4
6.39	-9.178	-14.859	-124.4
6.4	-9.165	-14.813	-119.8
6.41	-9.153	-14.770	-101.9
6.42	-9.141	-14.649	-117.2
6.43	-9.127	-14.386	-142.3
6.44	-9.113	-14.155	-70.8
6.45	-9.099	-14.165	241.5
6.46	-9.088	-14.363	590.3
6.47	-9.077	-14.574	531.8
6.48	-9.066	-14.718	210.6
6.49	-9.056	-14.854	20.1
6.5	-9.047	-15.022	-31.8
6.51	-9.036	-15.169	-61.0
6.52	-9.023	-15.248	-87.2
6.53	-9.008	-15.254	-84.8
6.54	-8.992	-15.211	-84.2
6.55	-8.978	-15.094	-87.8
6.56	-8.963	-14.769	-83.3
6.57	-8.949	-13.893	-68.8
6.58	-8.936	-11.725	-48.1
6.59	-8.922	-7.114	-38.7
6.6	-8.909	1.057	-15.4
6.61	-8.898	11.269	11.4
6.62	-8.886	18.310	21.9
6.63	-8.876	20.336	33.6
6.64	-8.865	20.449	54.2
6.65	-8.856	20.456	96.2
6.66	-8.846	20.456	128.9
6.67	-8.837	20.453	128.9
6.68	-8.828	20.389	132.5
6.69	-8.821	18.957	138.9
6.7	-8.815	12.836	110.1
6.71	-8.810	1.880	53.4
6.72	-8.806	-9.396	-1.1
6.73	-8.801	-17.015	-63.1
6.74	-8.795	-20.006	-110.4
6.75	-8.789	-20.446	-136.5
6.76	-8.785	-20.455	-153.3
6.77	-8.783	-20.456	-161.2
6.78	-8.780	-20.456	-167.9
6.79	-8.776	-20.456	-166.1
6.8	-8.772	-20.456	-166.8
6.81	-8.771	-20.456	-159.0
6.82	-8.772	-20.456	-152.4
6.83	-8.771	-20.456	-151.6
6.84	-8.770	-20.456	-135.5
6.85	-8.768	-20.456	-139.5
6.86	-8.766	-20.456	-153.3
6.87	-8.765	-20.456	-148.3
6.88	-8.764	-20.454	-131.8
6.89	-8.764	-20.413	-124.2
6.9	-8.764	-19.848	-129.4
6.91	-8.764	-18.032	-123.7
6.92	-8.766	-15.366	-121.3
6.93	-8.768	-12.946	-129.3
6.94	-8.771	-11.251	-121.6
6.95	-8.774	-10.339	-112.5
6.96	-8.777	-10.199	-112.4
6.97	-8.782	-10.773	-114.8
6.98	-8.786	-11.968	-114.5
6.99	-8.789	-13.636	-107.8
7.0	-8.791	-15.529	-116.8
7.01	-8.794	-17.349	-131.1
7.02	-8.797	-18.863	-128.1
7.03	-8.800	-19.896	-116.0
7.04	-8.803	-20.358	-106.1
7.05	-8.806	-20.453	-100.6
7.06	-8.808	-20.456	-101.5
7.07	-8.811	-20.456	-103.3
7.08	-8.814	-20.456	-104.2
7.09	-8.817	-20.454	-104.9
7.1	-8.822	-20.410	-110.7
7.11	-8.829	-20.198	-104.2
7.12	-8.836	-19.748	-87.8
7.13	-8.844	-19.160	-91.9
7.14	-8.851	-18.548	-94.7
7.15	-8.859	-17.949	-94.7
7.16	-8.868	-17.404	-94.8
7.17	-8.879	-16.910	-92.9
7.18	-8.892	-16.422	-99.0
7.19	-8.906	-15.935	-84.7
7.2	-8.920	-15.504	-72.0
7.21	-8.935	-15.171	-75.3
7.22	-8.950	-14.905	-56.2
7.23	-8.964	-14.678	-26.8
7.24	-8.979	-14.513	-26.4
7.25	-8.992	-14.471	-56.2
7.26	-9.005	-14.539	-82.8
7.27	-9.018	-14.618	-87.1
7.28	-9.031	-14.664	-76.6
7.29	-9.044	-14.706	-78.6
7.3	-9.059	-14.737	-91.3
7.31	-9.074	-14.739	-87.4
7.32	-9.091	-14.721	-74.5
7.33	-9.110	-14.737	-89.7
7.34	-9.127	-14.823	-114.1
7.35	-9.144	-14.876	27.6
7.36	-9.163	-14.796	413.1
7.37	-9.183	-14.655	688.5
7.38	-9.204	-14.593	524.5
7.39	-9.226	-14.616	200.9
7.4	-9.250	-14.626	39.3
7.41	-9.273	-14.634	-22.2
7.42	-9.291	-14.697	-49.0
7.43	-9.306	-14.788	-66.7
7.44	-9.316	-14.809	-81.0
7.45	-9.325	-14.683	-73.7
7.46	-9.334	-14.380	-66.2
7.47	-9.344	-13.712	-50.8
7.48	-9.355	-12.029	-33.0
7.49	-9.364	-8.225	-24.9
7.5	-9.374	-1.055	-16.0
7.51	-9.385	8.989	-2.1
7.52	-9.396	17.152	20.8
7.53	-9.409	20.144	40.3
7.54	-9.422	20.446	61.1
7.55	-9.436	20.456	90.9
7.56	-9.450	20.456	115.4
7.57	-9.466	20.454	135.2
7.58	-9.482	20.446	148.8
7.59	-9.500	19.971	154.3
7.6	-9.517	16.262	142.9
7.61	-9.533	6.983	110.5
7.62	-9.548	-4.792	68.9
7.63	-9.563	-14.263	10.4
7.64	-9.578	-19.162	-51.3
7.65	-9.592	-20.386	-86.3
7.66	-9.605	-20.453	-113.5
7.67	-9.619	-20.456	-136.2
7.68	-9.636	-20.456	-134.3
7.69	-9.651	-20.456	-132.4
7.7	-9.666	-20.456	-130.2
7.71	-9.680	-20.456	-122.7
7.72	-9.695	-20.456	-131.2
7.73	-9.709	-20.456	-134.6
7.74	-9.722	-20.456	-120.1
7.75	-9.735	-20.456	-111.1
7.76	-9.749	-20.456	-118.2
7.77	-9.763	-20.456	-122.9
7.78	-9.777	-20.456	-108.5
7.79	-9.791	-20.455	-99.5
7.8	-9.806	-20.430	-103.5
7.81	-9.821	-19.988	-112.4
7.82	-9.836	-18.404	-113.8
7.83	-9.851	-15.939	-95.7
7.84	-9.867	-13.680	-81.2
7.85	-9.883	-12.148	-84.8
7.86	-9.899	-11.408	-95.1
7.87	-9.916	-11.401	-105.8
7.88	-9.933	-11.958	-101.4
7.89	-9.949	-12.899	-91.0
7.9	-9.964	-14.148	-85.4
7.91	-9.978	-15.667	-77.0
7.92	-9.992	-17.322	-89.3
7.93	-10.008	-18.862	-95.9
7.94	-10.023	-19.939	-80.3
7.95	-10.039	-20.384	-81.7
7.96	-10.053	-20.454	-77.4
7.97	-10.068	-20.456	-64.4
7.98	-10.082	-20.456	-61.4
7.99	-10.096	-20.456	-70.9
8.0	-10.111	-20.456	-82.4
8.01	-10.124	-20.449	-78.0
8.02	-10.138	-20.369	-66.4
8.03	-10.151	-20.090	-52.8
8.04	-10.164	-19.559	-55.2
8.05	-10.178	-18.846	-69.1
8.06	-10.191	-18.111	-68.8
8.07	-10.206	-17.489	-57.1
8.08	-10.220	-16.987	-55.8
8.09	-10.234	-16.510	-63.6
8.1	-10.249	-16.021	-59.9
8.11	-10.264	-15.622	-50.2
8.12	-10.280	-15.378	-51.7
8.13	-10.296	-15.205	-63.1
8.14	-10.314	-15.029	-58.5
8.15	-10.331	-14.878	-36.5
8.16	-10.348	-14.785	-28.3
8.17	-10.364	-14.753	-14.1
8.18	-10.380	-14.768	9.0
8.19	-10.396	-14.793	-0.4
8.2	-10.411	-14.840	-13.5
8.21	-10.424	-14.964	-25.3
8.22	-10.437	-15.151	-59.1
8.23	-10.449	-15.340	-66.2
8.24	-10.461	-15.451	-42.6
8.25	-10.473	-15.451	-29.5
8.26	-10.484	-15.378	-36.8
8.27	-10.496	-15.319	-48.8
8.28	-10.508	-15.293	-61.0
8.29	-10.517	-15.173	-76.5
8.3	-10.526	-14.902	32.0
8.31	-10.536	-14.566	378.9
8.32	-10.547	-14.309	653.9
8.33	-10.557	-14.164	502.8
8.34	-10.564	-14.054	193.0
8.35	-10.571	-14.009	53.9
8.36	-10.575	-14.084	11.9
8.37	-10.576	-14.268	-20.0
8.38	-10.574	-14.456	-35.1
8.39	-10.570	-14.439	-41.6
8.4	-10.568	-14.269	-29.6
8.41	-10.569	-14.209	-12.2
8.42	-10.572	-14.109	-12.7
8.43	-10.575	-13.244	-11.2
8.44	-10.577	-10.630	2.4
8.45	-10.579	-5.269	17.4
8.46	-10.581	3.548	33.5
8.47	-10.583	13.366	57.3
8.48	-10.585	19.108	77.5
8.49	-10.586	20.403	104.7
8.5	-10.587	20.453	130.3
8.51	-10.588	20.456	142.5
8.52	-10.589	20.456	158.3
8.53	-10.590	20.448	173.6
8.54	-10.592	20.301	181.2
8.55	-10.593	18.073	177.8
8.56	-10.594	10.496	159.0
8.57	-10.595	-1.107	113.1
8.58	-10.596	-11.721	49.5
8.59	-10.595	-18.107	-4.1
8.6	-10.593	-20.221	-55.9
8.61	-10.591	-20.452	-101.4
8.62	-10.593	-20.456	-112.1
8.63	-10.598	-20.456	-102.7
8.64	-10.601	-20.456	-100.1
8.65	-10.601	-20.456	-109.2
8.66	-10.600	-20.456	-113.5
8.67	-10.602	-20.456	-104.7
8.68	-10.606	-20.456	-94.0
8.69	-10.608	-20.456	-90.9
8.7	-10.609	-20.456	-104.9
8.71	-10.612	-20.456	-101.6
8.72	-10.614	-20.456	-84.8
8.73	-10.617	-20.456	-86.0
8.74	-10.621	-20.454	-84.0
8.75	-10.628	-20.341	-76.0
8.76	-10.634	-19.438	-69.3
8.77	-10.642	-17.229	-63.3
8.78	-10.648	-14.503	-60.5
8.79	-10.653	-12.141	-64.1
8.8	-10.658	-10.489	-73.5
8.81	-10.663	-9.814	-77.2
8.82	-10.668	-9.953	-78.4
8.83	-10.673	-10.625	-70.6
8.84	-10.679	-11.838	-56.8
8.85	-10.686	-13.561	-58.6
8.86	-10.691	-15.542	-59.8
8.87	-10.697	-17.399	-56.4
8.88	-10.703	-18.893	-54.5
8.89	-10.708	-19.920	-56.2
8.9	-10.712	-20.372	-65.0
8.91	-10.716	-20.453	-66.8
8.92	-10.718	-20.456	-60.8
8.93	-10.719	-20.456	-47.7
8.94	-10.719	-20.456	-38.1
8.95	-10.717	-20.454	-39.4
8.96	-10.714	-20.386	-38.7
8.97	-10.709	-20.064	-36.9
8.98	-10.701	-19.532	-51.0
8.99	-10.688	-19.096	-59.8
9.0	-10.671	-18.601	-46.8
9.01	-10.649	-17.753	-40.8
9.02	-10.622	-17.048	-33.7
9.03	-10.591	-16.765	-26.0
9.04	-10.559	-16.371	-23.5
9.05	-10.525	-15.659	-24.1
9.06	-10.490	-14.968	-29.2
9.07	-10.455	-14.653	-28.3
9.08	-10.420	-14.626	-25.2
9.09	-10.384	-14.540	-7.1
9.1	-10.347	-14.346	23.4
9.11	-10.308	-14.201	25.3
9.12	-10.268	-14.199	-5.9
9.13	-10.226	-14.248	-24.2
9.14	-10.185	-14.274	-26.2
9.15	-10.146	-14.383	-31.7
9.16	-10.107	-14.598	-33.6
9.17	-10.071	-14.780	-34.4
9.18	-10.036	-14.858	-23.0
9.19	-10.003	-14.937	-28.1
9.2	-9.967	-14.989	-58.7
9.21	-9.931	-14.856	-49.7
9.22	-9.894	-14.598	142.0
9.23	-9.857	-14.413	503.9
9.24	-9.824	-14.391	622.1
9.25	-9.789	-14.479	373.9
9.26	-9.751	-14.544	133.8
9.27	-9.713	-14.508	43.6
9.28	-9.674	-14.410	11.1
9.29	-9.634	-14.350	-4.9
9.3	-9.590	-14.361	-15.4
9.31	-9.545	-14.373	-16.6
9.32	-9.501	-14.307	-10.3
9.33	-9.459	-14.183	-4.9
9.34	-9.418	-13.906	-1.6
9.35	-9.379	-12.926	-3.0
9.36	-9.342	-10.184	11.1
9.37	-9.308	-4.398	43.9
9.38	-9.276	5.001	63.0
9.39	-9.246	14.632	76.8
9.4	-9.216	19.551	97.3
9.41	-9.188	20.430	117.3
9.42	-9.159	20.453	145.7
9.43	-9.133	20.456	166.7
9.44	-9.107	20.455	177.7
9.45	-9.082	20.447	193.6
9.46	-9.058	20.035	205.9
9.47	-9.034	16.589	201.3
9.48	-9.011	7.577	165.7
9.49	-8.989	-4.282	101.9
9.5	-8.968	-14.061	35.3
9.51	-8.947	-19.143	-27.2
9.52	-8.926	-20.390	-76.3
9.53	-8.904	-20.453	-97.6
9.54	-8.886	-20.456	-99.9
9.55	-8.872	-20.456	-93.6
9.56	-8.857	-20.456	-94.0
9.57	-8.840	-20.456	-101.8
9.58	-8.824	-20.456	-116.3
9.59	-8.808	-20.456	-122.8
9.6	-8.793	-20.456	-116.6
9.61	-8.777	-20.456	-103.1
9.62	-8.762	-20.456	-82.6
9.63	-8.747	-20.456	-68.0
9.64	-8.732	-20.456	-72.3
9.65	-8.716	-20.456	-91.2
9.66	-8.701	-20.452	-99.2
9.67	-8.687	-20.269	-91.2
9.68	-8.674	-19.146	-77.7
9.69	-8.661	-16.747	-68.5
9.7	-8.650	-14.039	-54.5
9.71	-8.640	-11.906	-46.4
9.72	-8.629	-10.578	-62.8
9.73	-8.617	-10.080	-83.4
9.74	-8.606	-10.302	-90.9
9.75	-8.596	-11.151	-81.0
9.76	-8.585	-12.514	-70.9
9.77	-8.575	-14.186	-71.9
9.78	-8.566	-15.916	-69.1
9.79	-8.557	-17.510	-55.4
9.8	-8.549	-18.906	-56.4
9.81	-8.541	-19.924	-82.0
9.82	-8.533	-20.373	-88.3
9.83	-8.524	-20.454	-70.2
9.84	-8.515	-20.456	-54.8
9.85	-8.508	-20.456	-53.7
9.86	-8.501	-20.456	-52.2
9.87	-8.494	-20.424	-48.0
9.88	-8.487	-20.182	-57.5
9.89	-8.480	-19.612	-67.3
9.9	-8.474	-18.893	-61.1
9.91	-8.467	-18.125	-51.2
9.92	-8.461	-17.219	-49.1
9.93	-8.456	-16.203	-41.2
9.94	-8.451	-15.183	-20.5
9.95	-8.446	-14.081	-10.3
9.96	-8.441	-12.424	-23.3
9.97	-8.438	-11.190	-28.1
9.98	-8.434	-12.241	-8.4
9.99	-8.432	-13.708	-1.9
10.0	-8.429	-14.449	-16.3
10.01	-8.426	-15.567	-33.3
10.02	-8.423	-16.061	-44.0
10.03	-8.421	-15.507	-45.4
10.04	-8.419	-14.567	-54.3
10.05	-8.418	-13.984	-67.9
10.06	-8.419	-14.174	-63.1
10.07	-8.419	-14.665	-49.5
10.08	-8.418	-15.159	-62.7
10.09	-8.416	-15.381	-8.0
10.1	-8.416	-15.149	306.5
10.11	-8.416	-15.104	680.6
10.12	-8.418	-15.215	654.8
10.13	-8.419	-15.143	322.9
10.14	-8.422	-15.184	85.5
10.15	-8.426	-15.469	-1.3
10.16	-8.426	-15.926	-24.2
10.17	-8.422	-16.202	-35.5
10.18	-8.417	-16.011	-56.4
10.19	-8.412	-15.591	-51.4
10.2	-8.407	-15.339	-27.6
10.21	-8.402	-14.966	-23.4
10.22	-8.398	-13.728	-22.9
10.23	-8.393	-11.063	-17.9
10.24	-8.389	-6.112	-5.5
10.25	-8.385	1.829	17.3
10.26	-8.381	11.486	28.3
10.27	-8.377	18.311	49.8
10.28	-8.375	20.336	84.3
10.29	-8.375	20.449	93.0
10.3	-8.375	20.456	112.8
10.31	-8.376	20.456	154.3
10.32	-8.377	20.451	169.8
10.33	-8.379	20.363	161.6
10.34	-8.381	18.585	150.2
10.35	-8.384	11.748	145.7
10.36	-8.387	0.318	115.5
10.37	-8.390	-10.776	39.0
10.38	-8.393	-17.709	-31.7
10.39	-8.396	-20.142	-77.3
10.4	-8.397	-20.451	-103.8
10.41	-8.399	-20.456	-115.1
10.42	-8.404	-20.456	-124.7
10.43	-8.408	-20.456	-120.0
10.44	-8.410	-20.456	-109.2
10.45	-8.413	-20.456	-116.2
10.46	-8.419	-20.456	-125.1
10.47	-8.426	-20.456	-129.1
10.48	-8.431	-20.456	-127.2
10.49	-8.436	-20.456	-118.0
10.5	-8.438	-20.456	-115.4
10.51	-8.441	-20.456	-106.8
10.52	-8.444	-20.456	-90.1
10.53	-8.448	-20.456	-92.0
10.54	-8.453	-20.456	-105.8
10.55	-8.459	-20.443	-110.0
10.56	-8.465	-20.123	-110.0
10.57	-8.472	-18.663	-103.8
10.58	-8.479	-16.213	-105.6
10.59	-8.487	-14.332	-110.3
10.6	-8.496	-13.432	-91.3
10.61	-8.505	-12.906	-86.7
10.62	-8.516	-12.772	-99.2
10.63	-8.527	-13.051	-99.4
10.64	-8.539	-13.609	-93.4
10.65	-8.549	-14.578	-86.3
10.66	-8.558	-16.084	-97.1
10.67	-8.566	-17.904	-100.7
10.68	-8.574	-19.442	-84.4
10.69	-8.581	-20.242	-75.7
10.7	-8.590	-20.442	-78.5
10.71	-8.599	-20.456	-90.2
10.72	-8.608	-20.456	-86.8
10.73	-8.617	-20.456	-75.7
10.74	-8.627	-20.454	-74.7
10.75	-8.639	-20.383	-73.8
10.76	-8.650	-19.998	-69.8
10.77	-8.662	-19.253	-58.3
10.78	-8.674	-18.496	-53.5
10.79	-8.686	-17.930	-67.9
10.8	-8.699	-17.515	-60.6
10.81	-8.714	-17.177	-48.2
10.82	-8.730	-16.864	-55.3
10.83	-8.748	-16.564	-46.4
10.84	-8.766	-16.255	-32.2
10.85	-8.786	-15.968	-18.5
10.86	-8.805	-15.736	2.2
10.87	-8.824	-15.503	-8.8
10.88	-8.842	-15.246	-37.3
10.89	-8.860	-15.029	-49.7
10.9	-8.877	-14.934	-56.9
10.91	-8.894	-14.971	-49.3
10.92	-8.912	-15.050	-43.5
10.93	-8.929	-15.030	-56.9
10.94	-8.947	-14.841	-58.8
10.95	-8.965	-14.687	-63.3
10.96	-8.982	-14.751	-91.3
10.97	-8.998	-14.939	-30.8
10.98	-9.014	-14.964	275.6
10.99	-9.031	-14.688	657.8
11.0	-9.048	-14.393	683.1
11.01	-9.066	-14.276	370.8
11.02	-9.087	-14.337	115.0
11.03	-9.109	-14.553	21.4
11.04	-9.129	-14.732	-12.5
11.05	-9.144	-14.676	-35.0
11.06	-9.156	-14.419	-39.1
11.07	-9.165	-14.120	-30.4
11.08	-9.174	-13.878	-30.3
11.09	-9.185	-13.678	-23.2
11.1	-9.197	-13.054	-9.2
11.11	-9.209	-11.049	1.7
11.12	-9.220	-6.511	8.5
11.13	-9.231	1.681	13.5
11.14	-9.242	11.804	40.1
11.15	-9.254	18.529	75.1
11.16	-9.269	20.357	97.5
11.17	-9.284	20.451	118.4
11.18	-9.301	20.456	131.4
11.19	-9.319	20.456	151.6
11.2	-9.338	20.453	171.3
11.21	-9.359	20.389	172.3
11.22	-9.379	18.953	177.9
11.23	-9.399	12.848	164.0
11.24	-9.419	2.024	122.8
11.25	-9.439	-9.041	70.9
11.26	-9.457	-16.681	8.1
11.27	-9.476	-19.891	-48.8
11.28	-9.492	-20.439	-81.3
11.29	-9.511	-20.455	-99.3
11.3	-9.531	-20.456	-109.0
11.31	-9.550	-20.456	-104.3
11.32	-9.568	-20.456	-103.9
11.33	-9.586	-20.456	-113.3
11.34	-9.604	-20.456	-111.5
11.35	-9.623	-20.456	-108.4
11.36	-9.640	-20.456	-110.3
11.37	-9.656	-20.456	-97.0
11.38	-9.671	-20.456	-82.7
11.39	-9.686	-20.456	-88.9
11.4	-9.701	-20.456	-87.2
11.41	-9.716	-20.456	-83.2
11.42	-9.731	-20.454	-89.2
11.43	-9.746	-20.332	-80.5
11.44	-9.762	-19.466	-74.6
11.45	-9.780	-17.464	-74.8
11.46	-9.798	-15.057	-77.3
11.47	-9.816	-13.036	-88.2
11.48	-9.833	-11.618	-82.0
11.49	-9.851	-11.030	-66.5
11.5	-9.867	-11.373	-68.2
11.51	-9.883	-12.303	-78.0
11.52	-9.896	-13.464	-66.3
11.53	-9.910	-14.777	-51.1
11.54	-9.925	-16.169	-58.9
11.55	-9.941	-17.524	-63.2
11.56	-9.958	-18.762	-66.9
11.57	-9.976	-19.747	-72.0
11.58	-9.994	-20.291	-74.8
11.59	-10.013	-20.444	-73.4
11.6	-10.029	-20.456	-51.9
11.61	-10.046	-20.456	-40.5
11.62	-10.063	-20.456	-49.6
11.63	-10.079	-20.443	-55.3
11.64	-10.096	-20.334	-56.3
11.65	-10.113	-20.049	-60.1
11.66	-10.129	-19.609	-57.1
11.67	-10.144	-19.035	-50.3
11.68	-10.160	-18.371	-49.0
11.69	-10.176	-17.634	-35.1
11.7	-10.193	-16.886	-8.7
11.71	-10.208	-16.320	6.7
11.72	-10.222	-15.979	0.5
11.73	-10.235	-15.714	-22.4
11.74	-10.247	-15.414	-26.6
11.75	-10.259	-15.078	-31.1
11.76	-10.272	-14.726	-53.1
11.77	-10.288	-14.375	-45.7
11.78	-10.304	-14.140	-41.6
11.79	-10.321	-14.119	-54.0
11.8	-10.339	-14.212	-48.8
11.81	-10.355	-14.266	-54.3
11.82	-10.371	-14.268	-64.6
11.83	-10.384	-14.273	5.4
11.84	-10.399	-14.281	278.6
11.85	-10.414	-14.241	628.4
11.86	-10.428	-14.175	608.7
11.87	-10.442	-14.223	264.7
11.88	-10.456	-14.456	56.5
11.89	-10.469	-14.763	13.5
11.9	-10.479	-15.014	-9.1
11.91	-10.485	-15.156	-22.2
11.92	-10.489	-15.158	-25.8
11.93	-10.491	-15.079	-12.1
11.94	-10.494	-14.988	4.2
11.95	-10.498	-14.768	2.6
11.96	-10.503	-14.080	1.2
11.97	-10.507	-12.328	11.9
11.98	-10.510	-8.559	22.6
11.99	-10.513	-1.589	34.5
12.0	-10.514	8.311	61.3
12.01	-10.516	16.719	81.8
12.02	-10.516	20.054	89.0
12.03	-10.514	20.446	121.0
12.04	-10.510	20.456	169.8
12.05	-10.504	20.456	184.1
12.06	-10.495	20.453	174.3
12.07	-10.484	20.421	182.9
12.08	-10.469	19.440	185.8
12.09	-10.450	14.363	169.1
12.1	-10.427	4.204	132.4
12.11	-10.401	-7.070	62.8
12.12	-10.372	-15.498	4.1
12.13	-10.339	-19.535	-36.0
12.14	-10.304	-20.416	-81.5
12.15	-10.270	-20.454	-99.4
12.16	-10.242	-20.456	-98.7
12.17	-10.213	-20.456	-106.6
12.18	-10.178	-20.456	-110.8
12.19	-10.143	-20.456	-107.4
12.2	-10.109	-20.456	-92.4
12.21	-10.079	-20.456	-96.3
12.22	-10.049	-20.456	-119.3
12.23	-10.019	-20.456	-109.5
12.24	-9.988	-20.456	-92.9
12.25	-9.956	-20.456	-95.1
12.26	-9.924	-20.456	-88.9
12.27	-9.894	-20.454	-78.6
12.28	-9.865	-20.380	-64.5
12.29	-9.836	-19.668	-65.1
12.3	-9.809	-17.651	-81.2
12.31	-9.782	-14.836	-82.5
12.32	-9.756	-12.269	-88.7
12.33	-9.729	-10.489	-87.3
12.34	-9.704	-9.632	-75.5
12.35	-9.680	-9.557	-64.3
12.36	-9.656	-10.201	-57.3
12.37	-9.633	-11.508	-69.3
12.38	-9.609	-13.206	-79.1
12.39	-9.586	-15.044	-77.3
12.4	-9.563	-16.836	-81.3
12.41	-9.539	-18.423	-83.2
12.42	-9.516	-19.646	-61.3
12.43	-9.492	-20.291	-59.7
12.44	-9.470	-20.448	-73.0
12.45	-9.449	-20.456	-65.3
12.46	-9.429	-20.456	-63.3
12.47	-9.411	-20.456	-59.8
12.48	-9.393	-20.440	-51.2
12.49	-9.373	-20.337	-56.9
12.5	-9.353	-20.036	-52.4
12.51	-9.333	-19.559	-36.8
12.52	-9.314	-19.064	-36.3
12.53	-9.296	-18.592	-30.6
12.54	-9.278	-18.047	-17.0
12.55	-9.260	-17.433	0.7
12.56	-9.241	-16.872	-5.2
12.57	-9.224	-16.428	-37.6
12.58	-9.207	-16.073	-54.3
12.59	-9.192	-15.709	-61.0
12.6	-9.176	-15.239	-53.4
12.61	-9.162	-14.795	-51.5
12.62	-9.147	-14.567	-55.9
12.63	-9.133	-14.501	-50.2
12.64	-9.119	-14.469	-56.7
12.65	-9.106	-14.406	-63.9
12.66	-9.091	-14.275	25.4
12.67	-9.076	-14.159	352.0
12.68	-9.064	-14.153	664.7
12.69	-9.053	-14.231	539.2
12.7	-9.039	-14.346	211.5
12.71	-9.027	-14.473	53.8
12.72	-9.015	-14.638	15.8
12.73	-9.002	-14.898	-5.9
12.74	-8.987	-15.184	-32.5
12.75	-8.971	-15.343	-41.3
12.76	-8.954	-15.345	-25.5
12.77	-8.938	-15.251	-23.1
12.78	-8.922	-14.961	-24.0
12.79	-8.906	-14.034	-7.7
12.8	-8.890	-11.704	2.0
12.81	-8.875	-7.004	19.3
12.82	-8.861	1.024	38.7
12.83	-8.847	11.078	49.5
12.84	-8.833	18.181	74.8
12.85	-8.821	20.314	101.9
12.86	-8.809	20.448	127.2
12.87	-8.799	20.456	152.6
12.88	-8.789	20.456	172.7
12.89	-8.780	20.451	187.7
12.9	-8.771	20.352	190.4
12.91	-8.763	18.509	190.6
12.92	-8.756	11.666	167.2
12.93	-8.751	0.542	103.2
12.94	-8.746	-10.258	37.9
12.95	-8.741	-17.366	-22.7
12.96	-8.736	-20.077	-71.3
12.97	-8.729	-20.450	-99.9
12.98	-8.726	-20.455	-107.2
12.99	-8.723	-20.456	-98.3
13.0	-8.719	-20.456	-110.3
13.01	-8.714	-20.456	-122.3
13.02	-8.711	-20.456	-111.8
13.03	-8.710	-20.456	-106.1
13.04	-8.710	-20.456	-116.3
13.05	-8.709	-20.456	-122.4
13.06	-8.706	-20.456	-108.8
13.07	-8.703	-20.456	-84.8
13.08	-8.701	-20.456	-86.3
13.09	-8.697	-20.456	-96.6
13.1	-8.696	-20.454	-82.8
13.11	-8.693	-20.366	-77.8
13.12	-8.692	-19.618	-87.1
13.13	-8.691	-17.676	-89.6
13.14	-8.691	-15.179	-76.5
13.15	-8.691	-13.048	-73.5
13.16	-8.692	-11.530	-88.1
13.17	-8.694	-10.728	-91.6
13.18	-8.697	-10.751	-78.3
13.19	-8.700	-11.503	-60.8
13.2	-8.703	-12.726	-64.9
13.21	-8.704	-14.222	-77.3
13.22	-8.705	-15.900	-71.6
13.23	-8.704	-17.578	-79.8
13.24	-8.704	-18.971	-91.8
13.25	-8.704	-19.910	-77.1
13.26	-8.704	-20.350	-61.0
13.27	-8.706	-20.451	-50.9
13.28	-8.708	-20.456	-47.4
13.29	-8.709	-20.456	-63.6
13.3	-8.711	-20.456	-76.6
13.31	-8.713	-20.452	-78.5
13.32	-8.714	-20.381	-74.0
13.33	-8.715	-20.102	-55.8
13.34	-8.717	-19.546	-33.2
13.35	-8.720	-18.829	-34.4
13.36	-8.723	-18.196	-57.4
13.37	-8.726	-17.710	-63.9
13.38	-8.729	-17.246	-64.5
13.39	-8.732	-16.808	-63.6
13.4	-8.735	-16.428	-49.5
13.41	-8.738	-15.999	-22.6
13.42	-8.742	-15.482	8.6
13.43	-8.746	-15.006	15.0
13.44	-8.750	-14.721	-8.8
13.45	-8.754	-14.629	-42.3
13.46	-8.756	-14.619	-54.1
13.47	-8.756	-14.634	-54.8
13.48	-8.758	-14.649	-60.2
13.49	-8.759	-14.565	-50.2
13.5	-8.762	-14.398	-37.5
13.51	-8.765	-14.359	-41.7
13.52	-8.769	-14.544	-53.4
13.53	-8.773	-14.823	-76.7
13.54	-8.774	-15.028	-84.1
13.55	-8.776	-15.041	74.2
13.56	-8.778	-14.828	472.0
13.57	-8.783	-14.510	735.3
13.58	-8.788	-14.299	546.9
13.59	-8.797	-14.328	212.4
13.6	-8.809	-14.561	45.5
13.61	-8.819	-14.862	-3.6
13.62	-8.819	-15.065	-32.3
13.63	-8.813	-15.023	-45.1
13.64	-8.803	-14.803	-43.4
13.65	-8.793	-14.572	-37.8
13.66	-8.787	-14.278	-28.5
13.67	-8.784	-13.615	-26.3
13.68	-8.782	-11.991	-17.1
13.69	-8.778	-8.273	-5.4
13.7	-8.773	-1.056	9.8
13.71	-8.768	9.092	30.3
13.72	-8.764	17.239	41.7
13.73	-8.761	20.163	63.7
13.74	-8.760	20.445	92.8
13.75	-8.760	20.456	108.4
13.76	-8.762	20.456	126.2
13.77	-8.764	20.454	140.9
13.78	-8.769	20.445	165.8
13.79	-8.773	19.836	188.1
13.8	-8.777	15.634	170.1
13.81	-8.782	5.900	133.3
13.82	-8.786	-5.839	76.4
13.83	-8.791	-14.920	11.3
13.84	-8.794	-19.383	-33.4
13.85	-8.797	-20.407	-69.3
13.86	-8.800	-20.454	-95.1
13.87	-8.807	-20.456	-103.0
13.88	-8.816	-20.456	-110.9
13.89	-8.822	-20.456	-121.4
13.9	-8.826	-20.456	-118.9
13.91	-8.832	-20.456	-111.5
13.92	-8.843	-20.456	-115.1
13.93	-8.856	-20.456	-118.9
13.94	-8.866	-20.456	-112.3
13.95	-8.875	-20.456	-100.3
13.96	-8.883	-20.456	-96.1
13.97	-8.889	-20.456	-101.8
13.98	-8.896	-20.456	-92.2
13.99	-8.903	-20.454	-76.6
14.0	-8.911	-20.391	-84.8
14.01	-8.921	-19.756	-97.6
14.02	-8.929	-17.972	-95.1
14.03	-8.938	-15.656	-79.6
14.04	-8.947	-13.774	-81.3
14.05	-8.958	-12.486	-99.3
14.06	-8.969	-11.802	-88.0
14.07	-8.982	-11.824	-86.0
14.08	-8.995	-12.453	-96.0
14.09	-9.008	-13.466	-80.3
14.1	-9.020	-14.797	-67.8
14.11	-9.031	-16.437	-67.6
14.12	-9.041	-18.092	-74.4
14.13	-9.051	-19.381	-85.1
14.14	-9.061	-20.140	-89.6
14.15	-9.071	-20.418	-79.6
14.16	-9.081	-20.456	-68.5
14.17	-9.091	-20.456	-70.6
14.18	-9.103	-20.456	-66.3
14.19	-9.113	-20.456	-49.4
14.2	-9.124	-20.441	-57.6
14.21	-9.135	-20.284	-82.7
14.22	-9.146	-19.823	-79.2
14.23	-9.157	-19.176	-70.1
14.24	-9.168	-18.556	-62.5
14.25	-9.179	-18.032	-51.5
14.26	-9.190	-17.649	-41.2
14.27	-9.202	-17.362	-43.8
14.28	-9.214	-17.019	-65.2
14.29	-9.228	-16.561	-71.2
14.3	-9.242	-16.095	-58.5
14.31	-9.257	-15.691	-49.1
14.32	-9.272	-15.339	-37.1
14.33	-9.287	-15.105	-2.3
14.34	-9.303	-15.009	20.7
14.35	-9.318	-14.933	-6.3
14.36	-9.332	-14.858	-46.5
14.37	-9.348	-14.863	-60.2
14.38	-9.362	-14.894	-57.8
14.39	-9.377	-14.849	-58.8
14.4	-9.393	-14.767	-54.5
14.41	-9.408	-14.794	-40.9
14.42	-9.424	-14.941	-39.3
14.43	-9.439	-15.082	-48.2
14.44	-9.453	-15.149	-69.9
14.45	-9.466	-15.083	-49.2
14.46	-9.478	-14.878	205.4
14.47	-9.493	-14.688	607.1
14.48	-9.508	-14.604	689.8
14.49	-9.523	-14.636	393.3
14.5	-9.537	-14.778	116.6
14.51	-9.553	-14.916	11.2
14.52	-9.567	-14.927	-14.9
14.53	-9.577	-14.888	-28.6
14.54	-9.582	-14.939	-39.6
14.55	-9.586	-14.969	-39.4
14.56	-9.589	-14.780	-31.7
14.57	-9.593	-14.298	-18.3
14.58	-9.598	-13.343	-14.8
14.59	-9.604	-11.245	-15.2
14.6	-9.609	-6.711	-5.7
14.61	-9.616	1.548	15.0
14.62	-9.622	11.758	45.0
14.63	-9.629	18.524	60.7
14.64	-9.638	20.357	69.0
14.65	-9.647	20.451	100.1
14.66	-9.658	20.456	131.7
14.67	-9.669	20.456	139.2
14.68	-9.680	20.452	147.6
14.69	-9.691	20.387	162.9
14.7	-9.702	18.927	176.5
14.71	-9.713	12.766	164.3
14.72	-9.725	1.919	123.9
14.73	-9.738	-9.066	64.9
14.74	-9.750	-16.626	-4.6
14.75	-9.761	-19.854	-51.5
14.76	-9.771	-20.436	-81.1
14.77	-9.783	-20.455	-120.0
14.78	-9.796	-20.456	-135.7
14.79	-9.809	-20.456	-126.5
14.8	-9.819	-20.456	-118.6
14.81	-9.829	-20.456	-107.3
14.82	-9.840	-20.456	-103.2
14.83	-9.850	-20.456	-114.0
14.84	-9.859	-20.456	-121.1
14.85	-9.866	-20.456	-120.7
14.86	-9.873	-20.456	-118.2
14.87	-9.880	-20.456	-108.0
14.88	-9.886	-20.456	-102.0
14.89	-9.893	-20.456	-91.0
14.9	-9.899	-20.452	-80.6
14.91	-9.904	-20.279	-83.3
14.92	-9.909	-19.204	-86.4
14.93	-9.914	-16.830	-94.1
14.94	-9.919	-14.090	-102.5
14.95	-9.926	-12.026	-88.3
14.96	-9.932	-10.891	-77.2
14.97	-9.938	-10.589	-91.4
14.98	-9.943	-11.000	-94.9
14.99	-9.946	-11.990	-79.9
15.0	-9.947	-13.417	-73.2
15.01	-9.947	-15.115	-82.8
15.02	-9.947	-16.824	-94.8
15.03	-9.946	-18.323	-91.2
15.04	-9.944	-19.511	-72.6
15.05	-9.942	-20.221	-56.7
15.06	-9.939	-20.438	-69.4
15.07	-9.935	-20.456	-82.5
15.08	-9.931	-20.456	-79.8
15.09	-9.924	-20.456	-84.3
15.1	-9.916	-20.449	-75.4
15.11	-9.906	-20.369	-66.4
15.12	-9.894	-20.104	-61.7
15.13	-9.882	-19.653	-49.9
15.14	-9.869	-19.126	-49.1
15.15	-9.856	-18.624	-55.9
15.16	-9.842	-18.142	-71.3
15.17	-9.829	-17.604	-76.3
15.18	-9.814	-17.067	-58.8
15.19	-9.799	-16.616	-50.3
15.2	-9.786	-16.185	-34.7
15.21	-9.772	-15.670	-11.5
15.22	-9.758	-15.151	-4.4
15.23	-9.743	-14.814	-9.3
15.24	-9.726	-14.674	-20.5
15.25	-9.706	-14.609	-39.8
15.26	-9.686	-14.584	-62.8
15.27	-9.665	-14.668	-73.8
15.28	-9.645	-14.849	-64.6
15.29	-9.626	-15.003	-50.9
15.3	-9.608	-15.057	-49.8
15.31	-9.592	-15.047	-52.3
15.32	-9.576	-15.003	-60.1
15.33	-9.558	-14.961	-78.7
15.34	-9.537	-14.914	-28.7
15.35	-9.516	-14.825	258.5
15.36	-9.499	-14.713	617.4
15.37	-9.486	-14.665	603.5
15.38	-9.472	-14.723	283.7
15.39	-9.456	-14.809	59.8
15.4	-9.441	-14.903	-0.9
15.41	-9.424	-15.047	-14.2
15.42	-9.404	-15.133	-31.3
15.43	-9.383	-15.063	-47.8
15.44	-9.359	-14.905	-56.5
15.45	-9.336	-14.705	-51.2
15.46	-9.314	-14.404	-27.3
15.47	-9.292	-13.786	-12.0
15.48	-9.270	-12.064	-18.2
15.49	-9.248	-7.920	-4.2
15.5	-9.227	-0.206	24.1
15.51	-9.206	10.023	36.9
15.52	-9.187	17.724	56.7
15.53	-9.169	20.247	74.3
15.54	-9.151	20.446	100.6
15.55	-9.134	20.456	133.2
15.56	-9.119	20.456	160.2
15.57	-9.106	20.453	180.3
15.58	-9.093	20.404	177.6
15.59	-9.082	19.164	171.6
15.6	-9.071	13.500	153.2
15.61	-9.059	2.931	112.6
15.62	-9.049	-8.266	52.8
15.63	-9.038	-16.221	-19.2
15.64	-9.026	-19.746	-65.9
15.65	-9.014	-20.431	-94.8
15.66	-9.006	-20.455	-123.9
15.67	-8.998	-20.456	-136.3
15.68	-8.990	-20.456	-129.0
15.69	-8.981	-20.456	-123.2
15.7	-8.973	-20.456	-134.5
15.71	-8.968	-20.456	-144.8
15.72	-8.964	-20.456	-130.7
15.73	-8.960	-20.456	-114.6
15.74	-8.954	-20.456	-119.5
15.75	-8.949	-20.456	-117.8
15.76	-8.944	-20.456	-107.4
15.77	-8.940	-20.456	-102.1
15.78	-8.936	-20.454	-106.4
15.79	-8.934	-20.403	-113.1
15.8	-8.932	-19.801	-104.3
15.81	-8.931	-17.971	-92.3
15.82	-8.929	-15.363	-83.0
15.83	-8.929	-13.016	-91.6
15.84	-8.929	-11.384	-98.6
15.85	-8.929	-10.559	-80.6
15.86	-8.931	-10.510	-75.3
15.87	-8.934	-11.144	-85.0
15.88	-8.936	-12.351	-101.3
15.89	-8.938	-13.956	-97.8
15.9	-8.940	-15.736	-81.8
15.91	-8.942	-17.457	-89.0
15.92	-8.944	-18.922	-86.0
15.93	-8.946	-19.934	-65.8
15.94	-8.949	-20.373	-64.5
15.95	-8.953	-20.453	-78.3
15.96	-8.957	-20.456	-80.5
15.97	-8.962	-20.456	-78.3
15.98	-8.966	-20.455	-74.6
15.99	-8.971	-20.419	-77.2
16.0	-8.976	-20.237	-74.5
16.01	-8.982	-19.901	-68.5
16.02	-8.988	-19.526	-76.6
16.03	-8.994	-19.070	-70.4
16.04	-9.001	-18.445	-55.9
16.05	-9.006	-17.769	-51.2
16.06	-9.012	-17.261	-63.8
16.07	-9.018	-16.977	-83.9
16.08	-9.023	-16.707	-73.2
16.09	-9.028	-16.280	-52.6
16.1	-9.034	-15.784	-48.8
16.11	-9.040	-15.341	-43.3
16.12	-9.047	-15.018	-21.0
16.13	-9.055	-14.873	-3.8
16.14	-9.064	-14.868	-13.4
16.15	-9.071	-14.920	-33.8
16.16	-9.077	-14.929	-56.1
16.17	-9.082	-14.778	-70.6
16.18	-9.086	-14.538	-61.8
16.19	-9.089	-14.419	-42.4
16.2	-9.092	-14.514	-54.3
16.21	-9.098	-14.743	-65.7
16.22	-9.104	-14.916	-58.6
16.23	-9.110	-14.911	-74.1
16.24	-9.115	-14.777	-69.3
16.25	-9.121	-14.674	138.2
16.26	-9.127	-14.618	553.1
16.27	-9.137	-14.526	717.0
16.28	-9.148	-14.528	453.4
16.29	-9.159	-14.705	158.5
16.3	-9.173	-14.882	32.4
16.31	-9.184	-14.928	-11.8
16.32	-9.189	-14.866	-33.7
16.33	-9.188	-14.732	-44.4
16.34	-9.183	-14.581	-45.0
16.35	-9.177	-14.472	-34.4
16.36	-9.173	-14.255	-17.8
16.37	-9.172	-13.638	-21.8
16.38	-9.173	-12.132	-19.7
16.39	-9.174	-8.634	-8.8
16.4	-9.175	-1.711	1.5
16.41	-9.178	8.342	43.5
16.42	-9.184	16.818	72.8
16.43	-9.194	20.085	76.9
16.44	-9.207	20.447	85.1
16.45	-9.224	20.456	104.8
16.46	-9.242	20.456	137.2
16.47	-9.263	20.455	164.0
16.48	-9.284	20.446	183.6
16.49	-9.306	19.988	178.1
16.5	-9.327	16.337	156.3
16.51	-9.346	7.108	123.7
16.52	-9.364	-4.660	68.5
16.53	-9.379	-14.161	4.7
16.54	-9.394	-19.121	-47.5
16.55	-9.406	-20.381	-84.8
16.56	-9.419	-20.453	-106.6
16.57	-9.433	-20.456	-111.0
16.58	-9.448	-20.456	-129.9
16.59	-9.461	-20.456	-147.4
16.6	-9.473	-20.456	-132.6
16.61	-9.487	-20.456	-109.9
16.62	-9.502	-20.456	-113.9
16.63	-9.518	-20.456	-119.2
16.64	-9.533	-20.456	-101.2
16.65	-9.546	-20.456	-104.7
16.66	-9.559	-20.456	-114.3
16.67	-9.572	-20.456	-109.4
16.68	-9.585	-20.456	-101.7
16.69	-9.597	-20.454	-97.5
16.7	-9.610	-20.354	-102.7
16.71	-9.624	-19.551	-95.0
16.72	-9.640	-17.513	-81.7
16.73	-9.656	-15.013	-79.8
16.74	-9.671	-13.091	-82.9
16.75	-9.687	-11.859	-90.6
16.76	-9.703	-11.195	-95.0
16.77	-9.718	-11.218	-94.1
16.78	-9.734	-12.011	-82.0
16.79	-9.748	-13.388	-75.8
16.8	-9.761	-14.996	-81.0
16.81	-9.774	-16.546	-69.8
16.82	-9.788	-17.965	-66.3
16.83	-9.801	-19.194	-78.5
16.84	-9.814	-20.036	-85.8
16.85	-9.828	-20.392	-82.5
16.86	-9.841	-20.454	-68.7
16.87	-9.854	-20.456	-63.6
16.88	-9.867	-20.456	-70.8
16.89	-9.879	-20.454	-66.3
16.9	-9.891	-20.405	-57.1
16.91	-9.904	-20.184	-62.5
16.92	-9.916	-19.761	-56.2
16.93	-9.929	-19.266	-56.6
16.94	-9.940	-18.734	-65.6
16.95	-9.952	-18.114	-54.4
16.96	-9.964	-17.454	-49.4
16.97	-9.978	-16.830	-55.4
16.98	-9.991	-16.288	-61.6
16.99	-10.005	-15.888	-46.5
17.0	-10.019	-15.668	-22.7
17.01	-10.032	-15.566	-22.5
17.02	-10.045	-15.456	-18.4
17.03	-10.058	-15.245	-1.0
17.04	-10.070	-14.976	-9.9
17.05	-10.081	-14.723	-27.1
17.06	-10.089	-14.499	-36.1
17.07	-10.098	-14.403	-50.5
17.08	-10.107	-14.489	-46.9
17.09	-10.116	-14.614	-49.1
17.1	-10.126	-14.620	-62.4
17.11	-10.137	-14.549	-63.1
17.12	-10.149	-14.565	-54.3
17.13	-10.160	-14.706	-62.5
17.14	-10.169	-14.863	-68.0
17.15	-10.178	-14.946	105.0
17.16	-10.186	-14.891	498.6
17.17	-10.196	-14.721	675.1
17.18	-10.205	-14.545	409.8
17.19	-10.213	-14.501	126.7
17.2	-10.223	-14.661	31.1
17.21	-10.231	-14.803	-8.8
17.22	-10.236	-14.718	-29.8
17.23	-10.238	-14.538	-39.1
17.24	-10.238	-14.459	-40.0
17.25	-10.239	-14.429	-25.9
17.26	-10.242	-14.272	-18.5
17.27	-10.245	-13.844	-10.1
17.28	-10.248	-12.748	-0.9
17.29	-10.251	-10.055	3.5
17.3	-10.254	-4.504	20.3
17.31	-10.257	4.607	40.0
17.32	-10.259	14.239	63.4
17.33	-10.260	19.404	77.0
17.34	-10.261	20.419	90.8
17.35	-10.263	20.453	121.0
17.36	-10.264	20.456	154.8
17.37	-10.263	20.456	176.8
17.38	-10.260	20.448	192.6
17.39	-10.255	20.119	197.5
17.4	-10.249	17.111	175.6
17.41	-10.240	8.797	141.6
17.42	-10.228	-2.576	90.3
17.43	-10.212	-12.501	27.0
17.44	-10.191	-18.378	-37.3
17.45	-10.164	-20.261	-87.2
17.46	-10.135	-20.453	-105.8
17.47	-10.111	-20.456	-104.0
17.48	-10.088	-20.456	-101.9
17.49	-10.061	-20.456	-111.2
17.5	-10.030	-20.456	-124.5
17.51	-9.999	-20.456	-125.8
17.52	-9.971	-20.456	-115.1
17.53	-9.944	-20.456	-109.7
17.54	-9.916	-20.456	-121.4
17.55	-9.887	-20.456	-124.7
17.56	-9.859	-20.456	-106.0
17.57	-9.831	-20.456	-103.0
17.58	-9.804	-20.456	-104.5
17.59	-9.779	-20.445	-89.2
17.6	-9.755	-20.169	-75.1
17.61	-9.732	-18.878	-77.9
17.62	-9.710	-16.414	-99.2
17.63	-9.688	-13.749	-94.4
17.64	-9.666	-11.635	-64.6
17.65	-9.645	-10.198	-64.2
17.66	-9.625	-9.558	-78.1
17.67	-9.604	-9.855	-73.8
17.68	-9.583	-10.970	-56.3
17.69	-9.562	-12.549	-59.5
17.7	-9.541	-14.321	-74.6
17.71	-9.521	-16.133	-71.4
17.72	-9.501	-17.792	-69.2
17.73	-9.480	-19.134	-73.1
17.74	-9.459	-20.023	-79.9
17.75	-9.439	-20.394	-70.1
17.76	-9.421	-20.454	-54.2
17.77	-9.402	-20.456	-63.6
17.78	-9.383	-20.456	-69.0
17.79	-9.364	-20.448	-62.4
17.8	-9.344	-20.341	-60.8
17.81	-9.325	-20.036	-63.1
17.82	-9.307	-19.646	-63.9
17.83	-9.289	-19.286	-58.1
17.84	-9.272	-18.895	-57.6
17.85	-9.254	-18.441	-57.1
17.86	-9.236	-17.909	-35.0
17.87	-9.218	-17.287	-9.2
17.88	-9.201	-16.708	-1.4
17.89	-9.186	-16.176	-24.3
17.9	-9.171	-15.620	-49.4
17.91	-9.155	-15.234	-50.1
17.92	-9.139	-15.076	-62.5
17.93	-9.124	-14.931	-76.9
17.94	-9.111	-14.746	-70.5
17.95	-9.098	-14.617	-63.4
17.96	-9.086	-14.536	-64.8
17.97	-9.074	-14.459	-64.8
17.98	-9.063	-14.421	-84.8
17.99	-9.050	-14.464	-56.0
18.0	-9.037	-14.538	208.3
18.01	-9.027	-14.591	588.2
18.02	-9.016	-14.619	630.6
18.03	-9.006	-14.642	326.1
18.04	-8.995	-14.726	85.9
18.05	-8.986	-14.964	4.8
18.06	-8.977	-15.263	-24.3
18.07	-8.966	-15.439	-35.9
18.08	-8.952	-15.451	-37.2
18.09	-8.936	-15.346	-46.1
18.1	-8.920	-15.204	-45.8
18.11	-8.904	-14.948	-27.9
18.12	-8.889	-14.303	-21.9
18.13	-8.875	-12.816	-11.2
18.14	-8.860	-9.527	-6.4
18.15	-8.846	-3.079	-0.5
18.16	-8.832	6.724	41.4
18.17	-8.819	15.814	64.1
18.18	-8.805	19.870	67.3
18.19	-8.792	20.446	91.9
18.2	-8.780	20.454	128.8
18.21	-8.769	20.456	166.0
18.22	-8.759	20.454	170.6
18.23	-8.752	20.448	171.0
18.24	-8.746	19.929	184.5
18.25	-8.739	16.172	157.8
18.26	-8.732	7.187	107.4
18.27	-8.726	-4.002	58.0
18.28	-8.721	-13.301	-5.2
18.29	-8.715	-18.651	-67.3
18.3	-8.708	-20.296	-98.4
18.31	-8.703	-20.453	-112.2
18.32	-8.701	-20.456	-129.2
18.33	-8.698	-20.456	-138.4
18.34	-8.694	-20.456	-132.4
18.35	-8.691	-20.456	-116.9
18.36	-8.689	-20.456	-105.5
18.37	-8.689	-20.456	-121.2
18.38	-8.689	-20.456	-134.2
18.39	-8.689	-20.456	-120.9
18.4	-8.688	-20.456	-114.2
18.41	-8.687	-20.456	-114.8
18.42	-8.687	-20.456	-109.8
18.43	-8.688	-20.456	-94.8
18.44	-8.688	-20.442	-92.2
18.45	-8.689	-20.133	-104.5
18.46	-8.691	-18.779	-101.6
18.47	-8.693	-16.353	-88.0
18.48	-8.696	-13.881	-85.5
18.49	-8.698	-12.026	-91.5
18.5	-8.703	-10.891	-91.0
18.51	-8.707	-10.475	-90.0
18.52	-8.713	-10.764	-84.9
18.53	-8.719	-11.731	-81.0
18.54	-8.724	-13.210	-87.8
18.55	-8.728	-14.888	-91.1
18.56	-8.730	-16.536	-86.0
18.57	-8.731	-18.130	-85.3
18.58	-8.732	-19.503	-88.8
18.59	-8.732	-20.262	-84.2
18.6	-8.734	-20.448	-77.8
18.61	-8.737	-20.456	-76.1
18.62	-8.740	-20.456	-75.7
18.63	-8.743	-20.456	-73.2
18.64	-8.746	-20.448	-72.8
18.65	-8.748	-20.362	-63.7
18.66	-8.749	-20.092	-55.5
18.67	-8.751	-19.684	-66.3
18.68	-8.751	-19.243	-68.6
18.69	-8.752	-18.741	-62.8
18.7	-8.753	-18.161	-67.2
18.71	-8.755	-17.560	-66.2
18.72	-8.758	-17.012	-55.0
18.73	-8.760	-16.569	-48.1
18.74	-8.763	-16.242	-45.6
18.75	-8.766	-15.948	-46.9
18.76	-8.770	-15.602	-53.3
18.77	-8.774	-15.262	-48.4
18.78	-8.779	-14.963	-24.3
18.79	-8.784	-14.734	0.9
18.8	-8.789	-14.687	2.2
18.81	-8.793	-14.731	-22.3
18.82	-8.796	-14.723	-43.8
18.83	-8.799	-14.720	-47.9
18.84	-8.801	-14.793	-53.4
18.85	-8.805	-14.949	-62.3
18.86	-8.810	-15.106	-63.5
18.87	-8.816	-15.112	-56.7
18.88	-8.825	-15.008	-52.8
18.89	-8.834	-14.937	-63.4
18.9	-8.843	-14.872	-84.9
18.91	-8.852	-14.768	17.2
18.92	-8.864	-14.698	394.2
18.93	-8.879	-14.686	728.7
18.94	-8.896	-14.675	605.8
18.95	-8.916	-14.734	261.9
18.96	-8.943	-14.938	64.1
18.97	-8.971	-15.118	-5.7
18.98	-8.994	-15.103	-27.5
18.99	-9.011	-14.995	-41.8
19.0	-9.025	-14.907	-61.7
19.01	-9.037	-14.745	-52.7
19.02	-9.051	-14.426	-27.7
19.03	-9.065	-13.792	-23.9
19.04	-9.079	-12.352	-26.1
19.05	-9.092	-9.096	-19.1
19.06	-9.106	-2.548	6.5
19.07	-9.119	7.393	41.0
19.08	-9.132	16.275	38.9
19.09	-9.146	19.976	44.8
19.1	-9.162	20.445	85.3
19.11	-9.179	20.455	109.2
19.12	-9.198	20.456	127.2
19.13	-9.219	20.456	157.5
19.14	-9.241	20.448	168.3
19.15	-9.264	20.149	166.3
19.16	-9.289	17.296	170.4
19.17	-9.315	9.325	150.1
19.18	-9.340	-1.492	96.2
19.19	-9.365	-11.036	28.5
19.2	-9.389	-17.361	-29.1
19.21	-9.412	-19.991	-66.5
19.22	-9.434	-20.442	-88.6
19.23	-9.457	-20.455	-107.0
19.24	-9.481	-20.456	-121.3
19.25	-9.506	-20.456	-116.9
19.26	-9.530	-20.456	-107.9
19.27	-9.553	-20.456	-115.1
19.28	-9.576	-20.456	-120.9
19.29	-9.598	-20.456	-115.3
19.3	-9.619	-20.456	-109.7
19.31	-9.639	-20.456	-91.6
19.32	-9.658	-20.456	-81.7
19.33	-9.677	-20.456	-93.3
19.34	-9.695	-20.456	-93.9
19.35	-9.714	-20.456	-91.6
19.36	-9.734	-20.449	-91.0
19.37	-9.754	-20.219	-85.1
19.38	-9.774	-18.964	-87.4
19.39	-9.795	-16.462	-87.0
19.4	-9.816	-13.910	-84.0
19.41	-9.837	-12.237	-84.5
19.42	-9.858	-11.448	-85.5
19.43	-9.880	-11.423	-95.3
19.44	-9.901	-12.049	-88.1
19.45	-9.922	-13.151	-68.6
19.46	-9.943	-14.554	-70.8
19.47	-9.965	-16.142	-77.7
19.48	-9.986	-17.821	-77.0
19.49	-10.007	-19.299	-68.8
19.5	-10.028	-20.166	-66.0
19.51	-10.047	-20.431	-73.9
19.52	-10.066	-20.456	-76.9
19.53	-10.084	-20.456	-76.9
19.54	-10.101	-20.456	-73.9
19.55	-10.118	-20.456	-61.6
19.56	-10.133	-20.454	-51.2
19.57	-10.147	-20.403	-56.5
19.58	-10.159	-20.166	-49.3
19.59	-10.170	-19.688	-39.8
19.6	-10.181	-19.102	-57.9
19.61	-10.189	-18.559	-72.2
19.62	-10.198	-18.078	-66.4
19.63	-10.204	-17.610	-52.9
19.64	-10.211	-17.124	-45.4
19.65	-10.216	-16.578	-33.9
19.66	-10.223	-16.001	-17.8
19.67	-10.229	-15.498	-33.5
19.68	-10.238	-15.183	-60.5
19.69	-10.246	-15.058	-60.2
19.7	-10.255	-14.995	-50.4
19.71	-10.264	-14.944	-39.4
19.72	-10.274	-14.878	-11.3
19.73	-10.284	-14.763	9.4
19.74	-10.297	-14.735	10.3
19.75	-10.310	-14.887	15.5
19.76	-10.324	-15.111	-2.8
19.77	-10.338	-15.329	-56.8
19.78	-10.353	-15.478	-75.2
19.79	-10.369	-15.464	-52.3
19.8	-10.385	-15.398	-38.7
19.81	-10.403	-15.409	-28.0
19.82	-10.421	-15.384	-28.9
19.83	-10.441	-15.412	-46.4
19.84	-10.461	-15.540	-63.1
19.85	-10.479	-15.566	-65.5
19.86	-10.496	-15.543	95.0
19.87	-10.514	-15.429	475.9
19.88	-10.532	-15.104	681.4
19.89	-10.548	-14.743	451.3
19.9	-10.561	-14.574	157.0
19.91	-10.571	-14.621	46.3
19.92	-10.579	-14.721	-3.2
19.93	-10.581	-14.764	-32.0
19.94	-10.579	-14.749	-29.5
19.95	-10.573	-14.654	-26.3
19.96	-10.565	-14.454	-32.0
19.97	-10.557	-14.233	-21.2
19.98	-10.548	-13.880	-3.3
19.99	-10.537	-12.761	6.2
20.0	-10.522	-9.679	25.4
20.01	-10.503	-3.244	33.7
20.02	-10.481	6.579	31.2
20.03	-10.456	15.710	60.4
20.04	-10.428	19.842	92.1
20.05	-10.398	20.446	105.9
20.06	-10.368	20.454	135.5
20.07	-10.336	20.456	173.4
20.08	-10.306	20.456	186.8
20.09	-10.274	20.446	183.8
20.1	-10.243	20.239	184.4
20.11	-10.211	17.734	183.4
20.12	-10.179	9.983	158.9
20.13	-10.147	-1.106	93.0
20.14	-10.115	-10.998	31.1
20.15	-10.082	-17.419	-8.6
20.16	-10.048	-20.012	-60.8
20.17	-10.015	-20.442	-106.4
20.18	-9.986	-20.455	-115.7
20.19	-9.962	-20.456	-114.8
20.2	-9.936	-20.456	-127.1
20.21	-9.908	-20.456	-124.0
20.22	-9.879	-20.456	-105.8
20.23	-9.852	-20.456	-91.7
20.24	-9.826	-20.456	-100.2
20.25	-9.798	-20.456	-119.6
20.26	-9.770	-20.456	-113.7
20.27	-9.742	-20.456	-107.1
20.28	-9.716	-20.456	-101.5
20.29	-9.690	-20.456	-96.2
20.3	-9.665	-20.440	-96.4
20.31	-9.642	-20.083	-73.2
20.32	-9.621	-18.549	-61.9
20.33	-9.601	-15.839	-74.3
20.34	-9.582	-13.147	-83.1
20.35	-9.566	-11.219	-100.7
20.36	-9.549	-10.056	-98.5
20.37	-9.533	-9.601	-78.2
20.38	-9.516	-9.981	-74.9
20.39	-9.499	-11.219	-61.5
20.4	-9.482	-13.000	-61.6
20.41	-9.466	-14.964	-82.6
20.42	-9.450	-16.873	-80.3
20.43	-9.434	-18.553	-92.8
20.44	-9.416	-19.775	-97.3
20.45	-9.399	-20.342	-71.0
20.46	-9.382	-20.453	-59.6
20.47	-9.364	-20.456	-48.4
20.48	-9.348	-20.456	-51.9
20.49	-9.331	-20.456	-72.2
20.5	-9.315	-20.448	-74.9
20.51	-9.299	-20.355	-69.5
20.52	-9.282	-20.019	-67.7
20.53	-9.264	-19.451	-67.8
20.54	-9.247	-18.841	-56.1
20.55	-9.232	-18.248	-38.9
20.56	-9.216	-17.664	-31.9
20.57	-9.201	-17.083	-32.6
20.58	-9.186	-16.446	-52.2
20.59	-9.171	-15.639	-69.7
20.6	-9.158	-14.473	-56.3
20.61	-9.145	-12.983	-37.1
20.62	-9.131	-11.791	-27.1
20.63	-9.117	-11.413	-12.2
20.64	-9.103	-11.615	11.1
20.65	-9.088	-11.989	9.7
20.66	-9.073	-12.379	-15.3
20.67	-9.059	-12.838	-40.6
20.68	-9.047	-13.348	-59.9
20.69	-9.035	-13.788	-50.7
20.7	-9.023	-14.125	-41.7
20.71	-9.011	-14.366	-46.3
20.72	-9.001	-14.603	-44.1
20.73	-8.991	-14.894	-44.4
20.74	-8.983	-15.107	-72.4
20.75	-8.973	-15.081	-68.5
20.76	-8.963	-15.004	152.0
20.77	-8.954	-15.043	554.1
20.78	-8.946	-14.958	706.6
20.79	-8.939	-14.720	439.8
20.8	-8.931	-14.574	138.8
20.81	-8.922	-14.650	23.2
20.82	-8.916	-14.896	-8.4
20.83	-8.908	-15.066	-41.1
20.84	-8.898	-14.929	-50.0
20.85	-8.886	-14.562	-21.9
20.86	-8.874	-14.277	-18.6
20.87	-8.862	-14.126	-29.0
20.88	-8.851	-13.793	-25.3
20.89	-8.838	-12.676	-15.2
20.9	-8.826	-9.819	-1.0
20.91	-8.814	-4.051	9.6
20.92	-8.803	5.247	27.6
20.93	-8.792	14.769	62.2
20.94	-8.783	19.593	89.2
20.95	-8.774	20.433	98.3
20.96	-8.765	20.453	113.0
20.97	-8.757	20.456	143.5
20.98	-8.750	20.456	172.9
20.99	-8.744	20.446	191.3
21.0	-8.739	20.208	181.7
21.01	-8.734	17.546	157.3
21.02	-8.731	9.559	128.7
21.03	-8.728	-1.689	79.3
21.04	-8.724	-11.605	8.6
21.05	-8.721	-17.830	-65.9
21.06	-8.718	-20.140	-99.8
21.07	-8.715	-20.451	-101.6
21.08	-8.716	-20.456	-107.8
21.09	-8.718	-20.456	-121.0
21.1	-8.719	-20.456	-128.3
21.11	-8.719	-20.456	-114.6
21.12	-8.721	-20.456	-107.3
21.13	-8.726	-20.456	-116.9
21.14	-8.732	-20.456	-123.4
21.15	-8.737	-20.456	-126.6
21.16	-8.741	-20.456	-114.1
21.17	-8.743	-20.456	-101.3
21.18	-8.746	-20.456	-96.8
21.19	-8.749	-20.456	-90.3
21.2	-8.753	-20.454	-92.9
21.21	-8.758	-20.421	-86.7
21.22	-8.763	-19.938	-81.4
21.23	-8.768	-18.348	-97.7
21.24	-8.773	-15.951	-105.0
21.25	-8.779	-13.676	-98.8
21.26	-8.786	-12.085	-92.0
21.27	-8.793	-11.246	-80.4
21.28	-8.803	-10.991	-72.3
21.29	-8.813	-11.506	-68.1
21.3	-8.825	-12.886	-70.8
21.31	-8.836	-14.746	-86.2
21.32	-8.848	-16.669	-95.3
21.33	-8.859	-18.381	-84.0
21.34	-8.870	-19.653	-72.3
21.35	-8.883	-20.299	-85.4
21.36	-8.897	-20.449	-90.4
21.37	-8.912	-20.456	-68.0
21.38	-8.927	-20.456	-53.9
21.39	-8.942	-20.456	-68.8
21.4	-8.957	-20.456	-80.6
21.41	-8.973	-20.456	-74.0
21.42	-8.988	-20.450	-68.6
21.43	-9.002	-20.374	-65.8
21.44	-9.018	-20.118	-70.9
21.45	-9.031	-19.703	-72.8
21.46	-9.044	-19.189	-57.8
21.47	-9.057	-18.564	-49.9
21.48	-9.069	-17.855	-63.3
21.49	-9.081	-17.172	-67.5
21.5	-9.094	-16.698	-52.0
21.51	-9.107	-16.474	-51.5
21.52	-9.121	-16.299	-47.1
21.53	-9.134	-15.963	-45.2
21.54	-9.148	-15.548	-54.3
21.55	-9.163	-15.297	-43.4
21.56	-9.181	-15.270	-38.9
21.57	-9.202	-15.307	-26.4
21.58	-9.226	-15.225	-3.5
21.59	-9.251	-15.084	7.4
21.6	-9.278	-15.094	-6.1
21.61	-9.306	-15.223	-37.6
21.62	-9.334	-15.310	-56.9
21.63	-9.362	-15.434	-61.3
21.64	-9.389	-15.625	-48.8
21.65	-9.414	-15.671	-48.3
21.66	-9.439	-15.470	-56.3
21.67	-9.463	-15.209	-46.2
21.68	-9.485	-15.071	-58.6
21.69	-9.506	-15.150	-67.9
21.7	-9.525	-15.336	112.9
21.71	-9.544	-15.319	522.6
21.72	-9.562	-15.110	735.3
21.73	-9.579	-14.843	498.5
21.74	-9.596	-14.587	183.3
21.75	-9.614	-14.474	39.3
21.76	-9.631	-14.528	-16.5
21.77	-9.644	-14.729	-32.4
21.78	-9.653	-14.908	-38.4
21.79	-9.659	-14.829	-51.4
21.8	-9.666	-14.517	-52.2
21.81	-9.672	-14.100	-33.8
21.82	-9.679	-13.446	-14.1
21.83	-9.686	-11.928	0.8
21.84	-9.694	-8.520	12.7
21.85	-9.701	-1.916	13.3
21.86	-9.709	7.935	17.9
21.87	-9.717	16.564	24.8
21.88	-9.726	20.036	46.7
21.89	-9.735	20.446	91.7
21.9	-9.745	20.456	134.6
21.91	-9.756	20.456	161.8
21.92	-9.768	20.456	166.3
21.93	-9.779	20.448	175.7
21.94	-9.791	20.094	186.9
21.95	-9.804	16.922	160.1
21.96	-9.818	8.324	119.3
21.97	-9.835	-3.156	73.6
21.98	-9.854	-12.911	13.1
21.99	-9.874	-18.542	-36.2
22.0	-9.894	-20.286	-69.2
22.01	-9.915	-20.453	-79.6
22.02	-9.937	-20.456	-92.4
22.03	-9.959	-20.456	-118.9
22.04	-9.981	-20.456	-132.7
22.05	-10.002	-20.456	-137.1
22.06	-10.023	-20.456	-120.7
22.07	-10.044	-20.456	-113.3
22.08	-10.064	-20.456	-114.7
22.09	-10.083	-20.456	-89.9
22.1	-10.101	-20.456	-87.2
22.11	-10.118	-20.456	-103.0
22.12	-10.134	-20.456	-95.4
22.13	-10.151	-20.456	-88.4
22.14	-10.168	-20.456	-92.7
22.15	-10.184	-20.441	-96.9
22.16	-10.200	-20.106	-91.5
22.17	-10.216	-18.681	-74.3
22.18	-10.234	-16.182	-70.3
22.19	-10.253	-13.688	-82.8
22.2	-10.272	-11.930	-87.5
22.21	-10.291	-11.088	-83.3
22.22	-10.311	-11.032	-82.8
22.23	-10.329	-11.531	-77.8
22.24	-10.346	-12.572	-79.6
22.25	-10.363	-14.088	-89.3
22.26	-10.378	-15.811	-81.6
22.27	-10.393	-17.372	-63.9
22.28	-10.409	-18.606	-70.5
22.29	-10.424	-19.613	-70.0
22.3	-10.440	-20.248	-59.1
22.31	-10.456	-20.441	-72.6
22.32	-10.473	-20.456	-66.8
22.33	-10.488	-20.456	-64.1
22.34	-10.504	-20.456	-72.2
22.35	-10.518	-20.456	-57.9
22.36	-10.532	-20.419	-42.3
22.37	-10.546	-20.156	-47.4
22.38	-10.559	-19.608	-58.0
22.39	-10.574	-19.106	-47.6
22.4	-10.589	-18.724	-45.9
22.41	-10.603	-18.208	-67.2
22.42	-10.618	-17.536	-70.4
22.43	-10.633	-16.860	-55.7
22.44	-10.649	-16.356	-57.3
22.45	-10.663	-15.968	-51.9
22.46	-10.678	-15.460	-33.8
22.47	-10.691	-14.838	-21.9
22.48	-10.705	-14.519	-9.9
22.49	-10.718	-14.599	-7.5
22.5	-10.729	-14.493	-15.0
22.51	-10.739	-14.077	-13.7
22.52	-10.749	-13.822	-25.5
22.53	-10.760	-14.003	-55.9
22.54	-10.771	-14.386	-59.3
22.55	-10.781	-14.526	-37.7
22.56	-10.793	-14.523	-34.5
22.57	-10.804	-14.693	-49.9
22.58	-10.817	-14.836	-59.4
22.59	-10.831	-14.759	-59.5
22.6	-10.846	-14.709	-66.8
22.61	-10.859	-14.829	-61.6
22.62	-10.871	-15.029	104.4
22.63	-10.883	-15.127	487.1
22.64	-10.894	-15.030	655.3
22.65	-10.903	-14.883	377.2
22.66	-10.909	-14.679	96.5
22.67	-10.916	-14.530	16.1
22.68	-10.920	-14.767	-9.6
22.69	-10.922	-15.215	-20.3
22.7	-10.922	-15.466	-20.4
22.71	-10.921	-15.354	-18.9
22.72	-10.921	-14.950	-21.2
22.73	-10.924	-14.603	-28.5
22.74	-10.929	-14.429	-20.6
22.75	-10.934	-13.819	-5.9
22.76	-10.938	-11.608	2.8
22.77	-10.940	-6.792	20.6
22.78	-10.942	1.241	39.3
22.79	-10.943	11.158	64.3
22.8	-10.941	18.188	88.3
22.81	-10.938	20.314	108.7
22.82	-10.933	20.448	138.4
22.83	-10.925	20.456	149.4
22.84	-10.915	20.456	155.0
22.85	-10.901	20.452	178.3
22.86	-10.884	20.381	199.4
22.87	-10.862	18.909	187.4
22.88	-10.835	13.083	140.8
22.89	-10.804	3.218	84.4
22.9	-10.770	-6.721	32.0
22.91	-10.734	-14.382	-29.0
22.92	-10.694	-18.848	-82.9
22.93	-10.653	-20.300	-104.0
22.94	-10.616	-20.453	-109.4
22.95	-10.584	-20.456	-111.9
22.96	-10.551	-20.456	-116.8
22.97	-10.513	-20.456	-113.1
22.98	-10.473	-20.456	-103.3
22.99	-10.435	-20.456	-104.9
23.0	-10.399	-20.456	-111.7
23.01	-10.362	-20.456	-116.5
23.02	-10.325	-20.456	-118.8
23.03	-10.289	-20.456	-107.9
23.04	-10.255	-20.456	-100.2
23.05	-10.221	-20.456	-101.5
23.06	-10.188	-20.454	-82.3
23.07	-10.155	-20.338	-75.4
23.08	-10.122	-19.407	-91.3
23.09	-10.090	-17.016	-84.7
23.1	-10.061	-13.983	-75.6
23.11	-10.033	-11.683	-79.6
23.12	-10.006	-10.536	-86.5
23.13	-9.981	-10.141	-88.2
23.14	-9.955	-10.209	-79.3
23.15	-9.931	-10.902	-66.1
23.16	-9.906	-12.254	-67.3
23.17	-9.881	-14.055	-79.8
23.18	-9.855	-16.049	-73.7
23.19	-9.830	-17.846	-73.6
23.2	-9.804	-19.191	-88.5
23.21	-9.778	-20.041	-83.2
23.22	-9.751	-20.386	-71.8
23.23	-9.725	-20.438	-61.2
23.24	-9.699	-20.442	-55.6
23.25	-9.674	-20.426	-58.3
23.26	-9.650	-20.271	-57.6
23.27	-9.626	-19.885	-67.4
23.28	-9.601	-19.379	-61.9
23.29	-9.576	-18.918	-62.9
23.3	-9.551	-18.461	-80.2
23.31	-9.526	-17.968	-68.8
23.32	-9.501	-17.586	-53.1
23.33	-9.476	-17.399	-48.6
23.34	-9.453	-17.248	-51.1
23.35	-9.432	-16.969	-41.1
23.36	-9.411	-16.568	-14.8
23.37	-9.389	-16.195	-4.9
23.38	-9.367	-15.984	-16.8
23.39	-9.346	-15.769	-40.7
23.4	-9.325	-15.344	-54.2
23.41	-9.304	-14.841	-61.6
23.42	-9.283	-14.481	-59.5
23.43	-9.261	-14.351	-42.0
23.44	-9.240	-14.383	-44.6
23.45	-9.220	-14.489	-53.4
23.46	-9.202	-14.710	-57.5
23.47	-9.184	-14.948	-84.2
23.48	-9.164	-14.909	-102.0
23.49	-9.144	-14.560	26.0
23.5	-9.124	-14.264	387.0
23.51	-9.106	-14.266	686.9
23.52	-9.090	-14.473	540.8
23.53	-9.072	-14.730	195.5
23.54	-9.055	-14.854	35.3
23.55	-9.038	-14.784	-8.6
23.56	-9.021	-14.646	-40.1
23.57	-9.001	-14.544	-49.0
23.58	-8.981	-14.506	-39.4
23.59	-8.960	-14.509	-29.9
23.6	-8.939	-14.500	-18.4
23.61	-8.921	-14.396	-24.7
23.62	-8.904	-13.826	-31.0
23.63	-8.887	-12.042	-12.2
23.64	-8.870	-8.034	-2.9
23.65	-8.853	-0.684	17.8
23.66	-8.836	9.353	49.5
23.67	-8.819	17.317	79.5
23.68	-8.803	20.169	100.5
23.69	-8.787	20.446	108.1
23.7	-8.773	20.456	133.4
23.71	-8.760	20.456	159.1
23.72	-8.748	20.453	174.1
23.73	-8.737	20.413	190.0
23.74	-8.726	19.315	184.1
23.75	-8.714	14.090	146.3
23.76	-8.703	4.025	92.8
23.77	-8.694	-7.119	36.5
23.78	-8.684	-15.571	-27.7
23.79	-8.674	-19.587	-92.8
23.8	-8.662	-20.422	-109.2
23.81	-8.651	-20.455	-102.9
23.82	-8.644	-20.456	-116.1
23.83	-8.636	-20.456	-125.3
23.84	-8.628	-20.456	-133.8
23.85	-8.621	-20.456	-134.0
23.86	-8.614	-20.456	-128.7
23.87	-8.607	-20.456	-121.3
23.88	-8.601	-20.456	-111.2
23.89	-8.594	-20.456	-110.6
23.9	-8.588	-20.456	-103.4
23.91	-8.582	-20.456	-109.3
23.92	-8.577	-20.456	-109.3
23.93	-8.571	-20.456	-92.5
23.94	-8.566	-20.438	-100.4
23.95	-8.561	-20.078	-94.3
23.96	-8.557	-18.632	-80.9
23.97	-8.553	-16.196	-82.8
23.98	-8.549	-13.850	-83.5
23.99	-8.547	-12.125	-88.4
24.0	-8.546	-10.966	-99.0
24.01	-8.546	-10.480	-103.4
24.02	-8.545	-10.832	-88.1
24.03	-8.544	-11.866	-74.0
24.04	-8.543	-13.276	-80.9
24.05	-8.543	-14.893	-93.5
24.06	-8.542	-16.569	-97.3
24.07	-8.541	-18.042	-89.7
24.08	-8.541	-19.203	-79.8
24.09	-8.541	-20.019	-75.8
24.1	-8.541	-20.386	-73.7
24.11	-8.541	-20.454	-69.8
24.12	-8.541	-20.456	-76.4
24.13	-8.542	-20.447	-84.1
24.14	-8.543	-20.346	-71.9
24.15	-8.543	-20.165	-64.9
24.16	-8.544	-20.169	-69.3
24.17	-8.544	-20.144	-69.1
24.18	-8.546	-19.503	-66.0
24.19	-8.546	-18.596	-67.4
24.2	-8.547	-17.913	-72.9
24.21	-8.547	-17.387	-66.0
24.22	-8.548	-16.794	-59.2
24.23	-8.549	-16.030	-69.6
24.24	-8.551	-15.569	-64.3
24.25	-8.553	-15.319	-48.8
24.26	-8.554	-14.779	-43.4
24.27	-8.557	-14.293	-43.9
24.28	-8.560	-14.325	-41.8
24.29	-8.564	-14.708	-35.3
24.3	-8.567	-15.033	-24.5
24.31	-8.570	-15.121	-6.9
24.32	-8.572	-15.081	-19.8
24.33	-8.574	-15.141	-44.1
24.34	-8.574	-15.371	-53.3
24.35	-8.576	-15.622	-56.5
24.36	-8.577	-15.760	-52.9
24.37	-8.579	-15.845	-60.1
24.38	-8.582	-16.023	-63.6
24.39	-8.586	-16.231	-63.8
24.4	-8.590	-16.290	-86.2
24.41	-8.592	-16.170	-56.8
24.42	-8.596	-15.871	189.6
24.43	-8.599	-15.387	588.6
24.44	-8.604	-14.923	702.4
24.45	-8.609	-14.769	419.2
24.46	-8.619	-14.896	132.5
24.47	-8.634	-15.026	22.0
24.48	-8.646	-15.001	-6.4
24.49	-8.652	-14.819	-32.1
24.5	-8.652	-14.606	-67.3
24.51	-8.649	-14.469	-73.5
24.52	-8.646	-14.393	-48.0
24.53	-8.644	-14.268	-37.3
24.54	-8.642	-13.595	-41.3
24.55	-8.640	-11.569	-23.4
24.56	-8.638	-7.346	5.2
24.57	-8.636	0.149	25.0
24.58	-8.636	10.141	31.8
24.59	-8.637	17.723	39.7
24.6	-8.641	20.240	56.4
24.61	-8.648	20.446	74.4
24.62	-8.656	20.456	106.5
24.63	-8.668	20.456	134.4
24.64	-8.683	20.453	149.6
24.65	-8.702	20.400	170.9
24.66	-8.724	19.105	180.9
24.67	-8.747	13.304	158.5
24.68	-8.771	2.650	103.4
24.69	-8.796	-8.498	45.7
24.7	-8.820	-16.356	10.3
24.71	-8.843	-19.792	-27.4
24.72	-8.864	-20.433	-74.4
24.73	-8.885	-20.455	-112.3
24.74	-8.908	-20.456	-119.8
24.75	-8.934	-20.456	-112.5
24.76	-8.957	-20.456	-126.3
24.77	-8.980	-20.456	-137.7
24.78	-9.003	-20.456	-128.7
24.79	-9.027	-20.456	-104.8
24.8	-9.051	-20.456	-95.5
24.81	-9.072	-20.456	-101.3
24.82	-9.093	-20.456	-90.2
24.83	-9.113	-20.456	-93.6
24.84	-9.134	-20.456	-106.8
24.85	-9.154	-20.456	-108.9
24.86	-9.174	-20.455	-110.6
24.87	-9.196	-20.439	-99.8
24.88	-9.219	-20.091	-88.6
24.89	-9.242	-18.722	-85.8
24.9	-9.266	-16.439	-76.8
24.91	-9.291	-14.306	-76.1
24.92	-9.315	-12.974	-89.6
24.93	-9.340	-12.388	-93.5
24.94	-9.365	-12.358	-91.4
24.95	-9.390	-12.868	-93.8
24.96	-9.414	-13.905	-92.3
24.97	-9.437	-15.221	-84.3
24.98	-9.460	-16.473	-69.0
24.99	-9.483	-17.647	-66.5
25.0	-9.506	-18.881	-79.2
25.01	-9.528	-19.899	-80.3
25.02	-9.550	-20.366	-81.2
25.03	-9.571	-20.453	-83.7
25.04	-9.591	-20.456	-78.5
25.05	-9.610	-20.456	-72.6
25.06	-9.630	-20.456	-70.3
25.07	-9.649	-20.456	-70.1
25.08	-9.669	-20.439	-54.6
25.09	-9.688	-20.326	-37.0
25.1	-9.707	-20.041	-39.0
25.11	-9.726	-19.602	-49.7
25.12	-9.744	-19.041	-57.9
25.13	-9.763	-18.409	-67.3
25.14	-9.780	-17.869	-62.7
25.15	-9.798	-17.407	-57.2
25.16	-9.817	-16.866	-58.7
25.17	-9.836	-16.371	-42.4
25.18	-9.854	-16.057	-28.4
25.19	-9.873	-15.754	-42.7
25.2	-9.892	-15.396	-57.3
25.21	-9.909	-15.162	-39.9
25.22	-9.927	-15.158	-36.1
25.23	-9.944	-15.264	-43.6
25.24	-9.961	-15.256	-20.8
25.25	-9.978	-15.103	-1.7
25.26	-9.995	-14.925	5.3
25.27	-10.011	-14.756	2.0
25.28	-10.028	-14.668	-18.0
25.29	-10.044	-14.764	-35.3
25.3	-10.062	-14.956	-47.3
25.31	-10.080	-15.107	-38.1
25.32	-10.098	-15.216	-39.4
25.33	-10.117	-15.273	-68.6
25.34	-10.136	-15.264	-64.3
25.35	-10.154	-15.184	-44.7
25.36	-10.169	-15.007	-54.7
25.37	-10.184	-14.836	53.6
25.38	-10.197	-14.703	419.8
25.39	-10.212	-14.533	699.6
25.4	-10.228	-14.381	527.3
25.41	-10.243	-14.318	190.8
25.42	-10.256	-14.364	23.7
25.43	-10.269	-14.463	-13.8
25.44	-10.280	-14.511	-24.0
25.45	-10.288	-14.443	-25.4
25.46	-10.293	-14.261	-17.5
25.47	-10.300	-14.046	-19.1
25.48	-10.309	-13.873	-13.1
25.49	-10.319	-13.631	-11.9
25.5	-10.329	-12.854	-18.5
25.51	-10.341	-10.706	-9.5
25.52	-10.354	-6.067	12.8
25.53	-10.366	2.057	41.8
25.54	-10.379	11.940	60.0
25.55	-10.391	18.529	65.5
25.56	-10.404	20.354	88.3
25.57	-10.418	20.451	122.0
25.58	-10.433	20.456	148.5
25.59	-10.448	20.456	157.7
25.6	-10.463	20.448	167.3
25.61	-10.478	20.188	188.8
25.62	-10.494	17.518	184.0
25.63	-10.509	9.648	151.8
25.64	-10.526	-1.652	114.0
25.65	-10.541	-11.913	62.2
25.66	-10.556	-18.174	-7.3
25.67	-10.569	-20.236	-44.8
25.68	-10.581	-20.452	-68.3
25.69	-10.595	-20.456	-106.9
25.7	-10.611	-20.456	-122.3
25.71	-10.626	-20.456	-123.2
25.72	-10.636	-20.456	-116.4
25.73	-10.646	-20.456	-101.2
25.74	-10.654	-20.456	-104.7
25.75	-10.664	-20.456	-108.6
25.76	-10.674	-20.456	-101.3
25.77	-10.682	-20.456	-109.7
25.78	-10.689	-20.456	-109.0
25.79	-10.696	-20.456	-97.8
25.8	-10.705	-20.456	-90.2
25.81	-10.714	-20.454	-77.6
25.82	-10.724	-20.325	-83.7
25.83	-10.734	-19.426	-85.4
25.84	-10.745	-17.348	-78.0
25.85	-10.754	-14.834	-77.5
25.86	-10.763	-12.700	-69.0
25.87	-10.773	-11.168	-82.3
25.88	-10.783	-10.361	-99.5
25.89	-10.793	-10.323	-87.6
25.9	-10.800	-10.846	-77.0
25.91	-10.807	-11.749	-79.9
25.92	-10.813	-13.161	-77.2
25.93	-10.818	-14.982	-69.8
25.94	-10.823	-16.738	-69.8
25.95	-10.826	-18.172	-73.3
25.96	-10.826	-19.292	-81.1
25.97	-10.824	-20.039	-80.3
25.98	-10.821	-20.371	-73.3
25.99	-10.815	-20.449	-73.7
26.0	-10.806	-20.456	-71.7
26.01	-10.794	-20.445	-63.0
26.02	-10.778	-20.279	-56.9
26.03	-10.757	-19.781	-52.6
26.04	-10.732	-19.175	-61.1
26.05	-10.704	-18.741	-77.6
26.06	-10.674	-18.426	-72.9
26.07	-10.644	-18.081	-61.7
26.08	-10.612	-17.519	-60.1
26.09	-10.579	-16.744	-51.5
26.1	-10.547	-15.994	-37.6
26.11	-10.517	-15.382	-29.8
26.12	-10.487	-14.912	-15.2
26.13	-10.456	-14.655	-7.8
26.14	-10.424	-14.593	-20.1
26.15	-10.391	-14.423	-28.6
26.16	-10.356	-14.016	-34.9
26.17	-10.320	-13.847	-42.2
26.18	-10.286	-14.149	-44.3
26.19	-10.251	-14.441	-54.4
26.2	-10.217	-14.346	-53.7
26.21	-10.184	-14.041	-55.3
26.22	-10.151	-13.922	-68.4
26.23	-10.116	-14.014	-58.4
26.24	-10.079	-14.039	-56.2
26.25	-10.041	-13.948	59.4
26.26	-10.003	-13.894	403.8
26.27	-9.968	-13.970	619.3
26.28	-9.935	-14.113	421.7
26.29	-9.900	-14.223	143.7
26.3	-9.865	-14.290	39.5
26.31	-9.831	-14.374	6.8
26.32	-9.794	-14.404	-18.2
26.33	-9.754	-14.287	-37.9
26.34	-9.712	-14.152	-32.6
26.35	-9.671	-14.094	-20.8
26.36	-9.631	-14.064	-27.5
26.37	-9.596	-13.930	-21.5
26.38	-9.563	-13.226	-10.6
26.39	-9.531	-11.216	-4.0
26.4	-9.499	-7.105	14.9
26.41	-9.468	0.086	40.3
26.42	-9.439	9.784	57.9
26.43	-9.411	17.451	76.7
26.44	-9.384	20.183	102.5
26.45	-9.357	20.446	123.9
26.46	-9.331	20.456	144.3
26.47	-9.306	20.456	168.2
26.48	-9.282	20.451	182.5
26.49	-9.259	20.354	187.4
26.5	-9.236	18.594	183.9
26.51	-9.214	12.052	154.3
26.52	-9.194	1.312	96.3
26.53	-9.172	-9.369	38.3
26.54	-9.152	-16.793	-9.7
26.55	-9.131	-19.916	-55.1
26.56	-9.109	-20.441	-91.4
26.57	-9.088	-20.455	-122.0
26.58	-9.069	-20.456	-133.9
26.59	-9.051	-20.456	-129.3
26.6	-9.033	-20.456	-124.3
26.61	-9.014	-20.456	-109.6
26.62	-8.997	-20.456	-101.4
26.63	-8.981	-20.456	-109.7
26.64	-8.964	-20.456	-123.9
26.65	-8.947	-20.456	-132.4
26.66	-8.930	-20.456	-123.8
26.67	-8.912	-20.456	-105.9
26.68	-8.896	-20.456	-92.7
26.69	-8.879	-20.454	-89.0
26.7	-8.863	-20.334	-78.0
26.71	-8.849	-19.432	-63.5
26.72	-8.834	-17.180	-76.0
26.73	-8.822	-14.269	-112.0
26.74	-8.809	-11.751	-117.4
26.75	-8.797	-10.086	-92.6
26.76	-8.786	-9.409	-87.3
26.77	-8.774	-9.640	-90.8
26.78	-8.764	-10.559	-75.6
26.79	-8.754	-11.878	-71.5
26.8	-8.744	-13.414	-78.6
26.81	-8.734	-15.153	-77.4
26.82	-8.724	-16.991	-99.8
26.83	-8.716	-18.679	-110.9
26.84	-8.708	-19.870	-87.2
26.85	-8.700	-20.372	-78.3
26.86	-8.691	-20.454	-79.6
26.87	-8.683	-20.456	-68.4
26.88	-8.674	-20.456	-67.6
26.89	-8.667	-20.454	-77.5
26.9	-8.661	-20.404	-85.5
26.91	-8.656	-20.157	-81.9
26.92	-8.651	-19.626	-67.9
26.93	-8.646	-18.997	-73.9
26.94	-8.640	-18.536	-76.7
26.95	-8.635	-18.138	-53.8
26.96	-8.630	-17.593	-44.7
26.97	-8.626	-17.035	-47.8
26.98	-8.624	-16.506	-42.7
26.99	-8.622	-15.883	-39.5
27.0	-8.621	-15.326	-35.6
27.01	-8.619	-15.014	-38.7
27.02	-8.618	-14.853	-41.2
27.03	-8.617	-14.646	-44.9
27.04	-8.616	-14.361	-64.6
27.05	-8.617	-14.128	-73.8
27.06	-8.618	-14.000	-77.8
27.07	-8.620	-13.983	-82.4
27.08	-8.623	-14.109	-77.3
27.09	-8.626	-14.275	-80.1
27.1	-8.629	-14.306	-68.4
27.11	-8.633	-14.174	101.2
27.12	-8.641	-14.004	481.0
27.13	-8.654	-13.986	696.7
27.14	-8.670	-14.138	489.2
27.15	-8.690	-14.263	170.6
27.16	-8.718	-14.253	8.9
27.17	-8.749	-14.139	-34.6
27.18	-8.779	-14.033	-36.5
27.19	-8.803	-14.003	-40.5
27.2	-8.822	-13.884	-57.0
27.21	-8.839	-13.476	-60.3
27.22	-8.856	-12.824	-43.9
27.23	-8.872	-12.027	-34.8
27.24	-8.889	-10.920	-35.0
27.25	-8.907	-8.777	-18.9
27.26	-8.924	-3.980	7.9
27.27	-8.937	4.752	33.2
27.28	-8.945	14.332	47.3
27.29	-8.947	19.452	46.7
27.3	-8.945	20.423	74.0
27.31	-8.940	20.453	118.1
27.32	-8.934	20.456	134.3
27.33	-8.929	20.455	152.5
27.34	-8.925	20.448	165.3
27.35	-8.924	20.095	172.7
27.36	-8.926	17.079	172.6
27.37	-8.928	9.053	147.7
27.38	-8.928	-1.757	98.3
27.39	-8.925	-11.451	9.0
27.4	-8.921	-17.745	-53.7
27.41	-8.916	-20.123	-84.0
27.42	-8.911	-20.451	-116.5
27.43	-8.910	-20.456	-124.0
27.44	-8.910	-20.456	-114.8
27.45	-8.902	-20.456	-112.3
27.46	-8.885	-20.456	-117.3
27.47	-8.865	-20.456	-120.4
27.48	-8.848	-20.456	-119.1
27.49	-8.835	-20.456	-111.0
27.5	-8.827	-20.456	-120.2
27.51	-8.823	-20.456	-143.3
27.52	-8.822	-20.456	-140.2
27.53	-8.826	-20.456	-118.9
27.54	-8.835	-20.456	-100.3
27.55	-8.848	-20.456	-85.8
27.56	-8.863	-20.432	-83.8
27.57	-8.880	-20.003	-85.3
27.58	-8.898	-18.321	-87.1
27.59	-8.919	-16.132	-89.4
27.6	-8.941	-14.713	-111.5
27.61	-8.966	-12.573	-130.4
27.62	-8.992	-9.359	-111.1
27.63	-9.018	-8.281	-98.4
27.64	-9.043	-9.952	-90.1
27.65	-9.067	-11.922	-80.1
27.66	-9.089	-13.641	-77.6
27.67	-9.111	-15.074	-68.2
27.68	-9.130	-16.032	-69.8
27.69	-9.149	-16.802	-66.8
27.7	-9.168	-16.912	-47.8
27.71	-9.186	-17.260	-44.2
27.72	-9.203	-18.842	-51.3
27.73	-9.218	-20.148	-53.4
27.74	-9.231	-20.444	-61.9
27.75	-9.244	-20.456	-64.3
27.76	-9.254	-20.456	-59.3
27.77	-9.263	-20.456	-56.9
27.78	-9.269	-20.456	-38.6
27.79	-9.274	-20.446	-27.4
27.8	-9.276	-20.288	-31.1
27.81	-9.276	-19.747	-22.4
27.82	-9.274	-18.898	-18.3
27.83	-9.270	-18.211	-12.9
27.84	-9.268	-18.038	5.8
27.85	-9.268	-18.241	7.0
27.86	-9.272	-18.620	-18.3
27.87	-9.279	-19.081	-37.6
27.88	-9.288	-19.317	-40.1
27.89	-9.297	-19.011	-43.9
27.9	-9.304	-18.213	-37.1
27.91	-9.310	-17.161	-15.4
27.92	-9.313	-15.861	-31.7
27.93	-9.311	-14.669	-73.3
27.94	-9.301	-14.458	-85.5
27.95	-9.282	-15.956	-51.8
27.96	-9.256	-18.504	184.1
27.97	-9.231	-20.125	591.7
27.98	-9.213	-20.447	691.3
27.99	-9.203	-20.455	382.1
28.0	-9.197	-20.456	98.9
28.01	-9.193	-20.456	8.9
28.02	-9.182	-20.455	3.7
28.03	-9.165	-20.367	5.8
28.04	-9.144	-19.676	-12.1
28.05	-9.121	-17.978	-36.2
28.06	-9.097	-15.971	-41.2
28.07	-9.071	-14.687	-31.6
28.08	-9.044	-14.396	-29.5
28.09	-9.016	-14.337	-10.2
28.1	-8.986	-12.922	27.8
28.11	-8.954	-8.481	53.9
28.12	-8.921	-0.001	60.3
28.13	-8.889	10.619	81.6
28.14	-8.861	18.029	104.7
28.15	-8.835	20.286	104.0
28.16	-8.814	20.448	130.9
28.17	-8.797	20.456	174.7
28.18	-8.783	20.456	197.1
28.19	-8.771	20.451	198.5
28.2	-8.760	20.229	189.3
28.21	-8.751	18.084	184.8
28.22	-8.743	11.817	161.8
28.23	-8.737	2.581	112.7
28.24	-8.732	-6.864	47.3
28.25	-8.728	-14.728	-28.9
28.26	-8.723	-19.168	-87.8
28.27	-8.719	-20.371	-112.5
28.28	-8.717	-20.453	-110.5
28.29	-8.715	-20.456	-104.1
28.3	-8.709	-20.456	-95.4
28.31	-8.703	-20.456	-95.8
28.32	-8.695	-20.456	-108.7
28.33	-8.688	-20.456	-108.5
28.34	-8.680	-20.456	-109.9
28.35	-8.672	-20.456	-108.2
28.36	-8.662	-20.456	-92.8
28.37	-8.651	-20.456	-95.2
28.38	-8.638	-20.456	-106.5
28.39	-8.623	-20.453	-96.3
28.4	-8.611	-20.327	-82.1
28.41	-8.599	-19.479	-73.9
28.42	-8.591	-17.420	-67.9
28.43	-8.585	-14.671	-64.8
28.44	-8.583	-12.604	-68.1
28.45	-8.584	-11.463	-94.4
28.46	-8.586	-10.538	-108.8
28.47	-8.586	-10.454	-87.6
28.48	-8.585	-11.664	-67.3
28.49	-8.582	-12.901	-70.6
28.5	-8.577	-12.493	-96.7
28.51	-8.569	-8.839	-106.4
28.52	-8.556	-1.962	-91.4
28.53	-8.541	1.693	-75.8
28.54	-8.527	-4.414	-56.5
28.55	-8.518	-14.493	-46.4
28.56	-8.515	-19.628	-49.8
28.57	-8.516	-20.171	-68.9
28.58	-8.519	-18.247	-89.5
28.59	-8.523	-13.443	-52.3
28.6	-8.531	-6.782	-8.8
28.61	-8.543	-0.181	-13.8
28.62	-8.560	4.576	19.8
28.63	-8.579	6.354	43.6
28.64	-8.601	5.613	-17.9
28.65	-8.627	4.419	-30.0
28.66	-8.665	4.714	-5.5
28.67	-8.716	6.524	-33.3
28.68	-8.776	9.415	-42.9
28.69	-8.842	12.537	-39.5
28.7	-8.909	14.056	-63.7
28.71	-8.975	13.352	-69.7
28.72	-9.037	11.497	-83.3
28.73	-9.096	9.979	-61.4
28.74	-9.155	9.457	231.3
28.75	-9.215	10.152	665.6
28.76	-9.275	12.613	731.0
28.77	-9.334	16.377	403.9
28.78	-9.391	19.329	95.7
28.79	-9.446	20.356	-23.3
28.8	-9.497	20.453	-34.7
28.81	-9.544	20.453	-24.1
28.82	-9.588	20.324	-33.2
28.83	-9.631	19.129	-63.4
28.84	-9.678	15.801	-43.5
28.85	-9.728	12.019	-2.1
28.86	-9.781	9.631	17.6
28.87	-9.833	7.084	51.2
28.88	-9.883	4.797	44.3
28.89	-9.929	6.181	27.7
28.9	-9.972	12.006	58.0
28.91	-10.014	17.927	94.9
28.92	-10.058	20.224	135.6
28.93	-10.101	20.447	179.8
28.94	-10.141	20.456	235.9
28.95	-10.177	20.454	264.5
28.96	-10.207	20.446	238.0
28.97	-10.233	19.894	216.4
28.98	-10.255	16.051	226.8
28.99	-10.277	6.973	250.8
29.0	-10.301	-4.593	217.8
29.01	-10.330	-14.283	142.4
29.02	-10.362	-19.279	71.9
29.03	-10.397	-20.406	-10.0
29.04	-10.434	-20.454	-68.4
